17 1.81955
18 1.70920
19 1.61245
20 1.52696
21 1.45088
22 1.38274
23 1.32138
24 1.26582
25 1.21529
26 1.16913
27 1.12679
28 1.08782
29 1.05183
30 1.01849
31 0.98751
32 0.95865
33 0.93170
34 0.90646
35 0.88279
36 0.86054
37 0.83958
38 0.81980
39 0.80110
40 0.78339
41 0.76660
42 0.75066
43 0.73549
44 0.72105
45 0.70729
46 0.69414
47 0.68158
48 0.66957
49 0.65806
50 0.64703
51 0.63644
52 0.62627
53 0.61650
54 0.60709
55 0.59804
56 0.58931
57 0.58090
58 0.57278
59 0.56494
60 0.55736
61 0.55004
62 0.54295
63 0.53608
64 0.52944
65 0.52299
66 0.51675
67 0.51068
68 0.50480
69 0.49908
70 0.49353
71 0.48813
72 0.48288
73 0.47777
74 0.47280
75 0.46796
76 0.46324
77 0.45865
78 0.45417
79 0.44980
80 0.44553
81 0.44137
82 0.43731
83 0.43335
84 0.42947
85 0.42569
86 0.42199
87 0.41837
88 0.41483
89 0.41137
90 0.40798
91 0.40467
92 0.40142
93 0.39824
94 0.39513
95 0.39208
96 0.38909
97 0.38616
98 0.38329
99 0.38047
100 0.37771
101 0.37500
102 0.37234
103 0.36973
104 0.36716
105 0.36465
106 0.36218
107 0.35975
108 0.35737
109 0.35502
110 0.35272
111 0.35046
112 0.34823
113 0.34605
114 0.34390
115 0.34178
116 0.33970
117 0.33766
118 0.33564
119 0.33366
120 0.33171
121 0.32979
122 0.32790
123 0.32604
124 0.32421
125 0.32240
126 0.32063
127 0.31887
128 0.31715
129 0.31545
130 0.31377
131 0.31212
132 0.31050
133 0.30889
134 0.30731
135 0.30575
136 0.30421
137 0.30270
138 0.30120
139 0.29973
140 0.29827
141 0.29684
142 0.29542
143 0.29402
144 0.29264
145 0.29128
146 0.28994
147 0.28861
148 0.28730
149 0.28601
150 0.28473
151 0.28347
152 0.28223
153 0.28100
154 0.27978
155 0.27858
156 0.27740
157 0.27623
158 0.27507
159 0.27393
160 0.27280
161 0.27169
162 0.27059
163 0.26950
164 0.26842
165 0.26736
166 0.26630
167 0.26526
168 0.26424
169 0.26322
170 0.26222
171 0.26122
172 0.26024
173 0.25927
174 0.25831
175 0.25736
176 0.25642
177 0.25549
178 0.25457
179 0.25366
180 0.25276
181 0.25187
182 0.25099
183 0.25012
184 0.24926
185 0.24841
186 0.24756
187 0.24673
188 0.24590
189 0.24509
190 0.24428
191 0.24348
192 0.24268
193 0.24190
194 0.24112
195 0.24035
196 0.23959
197 0.23884
198 0.23809
199 0.23735
200 0.23662
201 0.23590
202 0.23518
203 0.23447
204 0.23377
205 0.23308
206 0.23239
207 0.23170
208 0.23103
209 0.23036
210 0.22970
211 0.22904
212 0.22839
213 0.22775
214 0.22711
215 0.22648
216 0.22585
217 0.22523
218 0.22462
219 0.22401
220 0.22341
221 0.22281
222 0.22222
223 0.22163
224 0.22105
225 0.22048
226 0.21991
227 0.21934
228 0.21878
229 0.21823
230 0.21768
231 0.21714
232 0.21660
233 0.21606
234 0.21553
235 0.21501
236 0.21449
237 0.21397
238 0.21346
239 0.21296
240 0.21245
241 0.21196
242 0.21147
243 0.21098
244 0.21049
245 0.21001
246 0.20954
247 0.20907
248 0.20860
249 0.20814
250 0.20768
251 0.20723
252 0.20677
253 0.20633
254 0.20589
255 0.20545
256 0.20501
257 0.20458
258 0.20415
259 0.20373
260 0.20331
261 0.20289
262 0.20248
263 0.20207
264 0.20167
265 0.20127
266 0.20087
267 0.20047
268 0.20008
269 0.19969
270 0.19931
271 0.19893
272 0.19855
273 0.19818
274 0.19780
275 0.19744
276 0.19707
277 0.19671
278 0.19635
279 0.19600
280 0.19564
281 0.19529
282 0.19495
283 0.19461
284 0.19427
285 0.19393
286 0.19359
287 0.19326
288 0.19293
289 0.19261
290 0.19229
291 0.19197
292 0.19165
293 0.19133
294 0.19102
295 0.19071
296 0.19041
297 0.19011
298 0.18980
299 0.18951
300 0.18921
301 0.18892
302 0.18863
303 0.18834
304 0.18806
305 0.18777
306 0.18749
307 0.18722
308 0.18694
309 0.18667
310 0.18640
311 0.18613
312 0.18587
313 0.18560
314 0.18534
315 0.18509
316 0.18483
317 0.18458
318 0.18433
319 0.18408
320 0.18383
321 0.18359
322 0.18335
323 0.18311
324 0.18287
325 0.18263
326 0.18240
327 0.18217
328 0.18194
329 0.18171
330 0.18149
331 0.18127
332 0.18105
333 0.18083
334 0.18061
335 0.18040
336 0.18019
337 0.17998
338 0.17977
339 0.17957
340 0.17936
341 0.17916
342 0.17896
343 0.17876
344 0.17857
345 0.17838
346 0.17818
347 0.17799
348 0.17781
349 0.17762
350 0.17744
351 0.17725
352 0.17707
353 0.17690
354 0.17672
355 0.17654
356 0.17637
357 0.17620
358 0.17603
359 0.17586
360 0.17570
361 0.17554
362 0.17537
363 0.17521
364 0.17505
365 0.17490
366 0.17474
367 0.17459
368 0.17444
369 0.17429
370 0.17414
371 0.17400
372 0.17385
373 0.17371
374 0.17357
375 0.17343
376 0.17329
377 0.17315
378 0.17302
379 0.17289
380 0.17275
381 0.17263
382 0.17250
383 0.17237
384 0.17225
385 0.17212
386 0.17200
387 0.17188
388 0.17176
389 0.17165
390 0.17153
391 0.17142
392 0.17131
393 0.17120
394 0.17109
395 0.17098
396 0.17087
397 0.17077
398 0.17067
399 0.17057
400 0.17047
401 0.17037
402 0.17027
403 0.17018
404 0.17008
405 0.16999
406 0.16990
407 0.16981
408 0.16972
409 0.16964
410 0.16955
411 0.16947
412 0.16939
413 0.16931
414 0.16923
415 0.16915
416 0.16907
417 0.16900
418 0.16892
419 0.16885
420 0.16878
421 0.16871
422 0.16864
423 0.16858
424 0.16851
425 0.16845
426 0.16839
427 0.16833
428 0.16827
429 0.16821
430 0.16815
431 0.16810
432 0.16804
433 0.16799
434 0.16794
435 0.16789
436 0.16784
437 0.16780
438 0.16775
439 0.16771
440 0.16766
441 0.16762
442 0.16758
443 0.16754
444 0.16750
445 0.16747
446 0.16743
447 0.16740
448 0.16737
449 0.16734
450 0.16731
451 0.16728
452 0.16725
453 0.16722
454 0.16720
455 0.16718
456 0.16715
457 0.16713
458 0.16711
459 0.16710
460 0.16708
461 0.16706
462 0.16705
463 0.16704
464 0.16703
465 0.16702
466 0.16701
467 0.16700
468 0.16699
469 0.16699
470 0.16698
471 0.16698
472 0.16698
473 0.16698
474 0.16698
475 0.16698
476 0.16699
477 0.16699
478 0.16700
479 0.16700
480 0.16701
481 0.16702
482 0.16703
483 0.16705
484 0.16706
485 0.16707
486 0.16709
487 0.16711
488 0.16713
489 0.16715
490 0.16717
491 0.16719
492 0.16721
493 0.16724
494 0.16726
495 0.16729
496 0.16732
497 0.16735
498 0.16738
499 0.16741
500 0.16745
501 0.16748
502 0.16752
503 0.16755
504 0.16759
505 0.16763
506 0.16767
507 0.16771
508 0.16776
509 0.16780
510 0.16785
511 0.16790
512 0.16794
513 0.16799
514 0.16804
515 0.16810
516 0.16815
517 0.16820
518 0.16826
519 0.16832
520 0.16837
521 0.16843
522 0.16849
523 0.16856
524 0.16862
525 0.16868
526 0.16875
527 0.16881
528 0.16888
529 0.16895
530 0.16902
531 0.16909
532 0.16917
533 0.16924
534 0.16932
535 0.16939
536 0.16947
537 0.16955
538 0.16963
539 0.16971
540 0.16979
541 0.16988
542 0.16996
543 0.16995
544 0.17003
545 0.17012
546 0.17021
547 0.17031
548 0.17040
549 0.17050
550 0.17059
551 0.17069
552 0.17080
553 0.17090
554 0.17101
555 0.17112
556 0.17123
557 0.17134
558 0.17145
559 0.17157
560 0.17169
561 0.17181
562 0.17193
563 0.17206
564 0.17218
565 0.17231
566 0.17245
567 0.17258
568 0.17271
569 0.17285
570 0.17299
571 0.17314
572 0.17328
573 0.17343
574 0.17358
575 0.17374
576 0.17389
577 0.17405
578 0.17421
579 0.17437
580 0.17454
581 0.17470
582 0.17487
583 0.17504
584 0.17521
585 0.17539
586 0.17557
587 0.17575
588 0.17594
589 0.17612
590 0.17631
591 0.17651
592 0.17670
593 0.17690
594 0.17710
595 0.17731
596 0.17751
597 0.17772
598 0.17794
599 0.17815
600 0.17837
601 0.17860
602 0.17882
603 0.17905
604 0.17928
605 0.17951
606 0.17975
607 0.17999
608 0.18024
609 0.18048
610 0.18073
611 0.18098
612 0.18122
613 0.18147
614 0.18173
615 0.18199
616 0.18225
617 0.18251
618 0.18278
619 0.18305
620 0.18332
621 0.18360
622 0.18388
623 0.18416
624 0.18445
625 0.18474
626 0.18503
627 0.18533
628 0.18563
629 0.18593
630 0.18624
631 0.18655
632 0.18686
633 0.18718
634 0.18750
635 0.18783
636 0.18816
637 0.18849
638 0.18883
639 0.18917
640 0.18951
641 0.18986
642 0.19021
643 0.19057
644 0.19093
645 0.19129
646 0.19166
647 0.19203
648 0.19241
649 0.19279
650 0.19317
651 0.19356
652 0.19395
653 0.19435
654 0.19475
655 0.19516
656 0.19556
657 0.19598
658 0.19640
659 0.19682
660 0.19724
661 0.19768
662 0.19811
663 0.19855
664 0.19900
665 0.19944
666 0.19990
667 0.20036
668 0.20082
669 0.20129
670 0.20176
671 0.20224
672 0.20272
673 0.20321
674 0.20370
675 0.20420
676 0.20470
677 0.20521
678 0.20572
679 0.20624
680 0.20676
681 0.20729
682 0.20782
683 0.20836
684 0.20890
685 0.20945
686 0.21001
687 0.21057
688 0.21113
689 0.21170
690 0.21228
691 0.21286
692 0.21345
693 0.21404
694 0.21464
695 0.21525
696 0.21586
697 0.21648
698 0.21710
699 0.21773
700 0.21837
701 0.21901
702 0.21966
703 0.22032
704 0.22098
705 0.22164
706 0.22232
707 0.22300
708 0.22369
709 0.22438
710 0.22508
711 0.22579
712 0.22650
713 0.22722
714 0.22795
715 0.22869
716 0.22943
717 0.23018
718 0.23094
719 0.23170
720 0.23247
721 0.23325
722 0.23404
723 0.23483
724 0.23559
725 0.23637
726 0.23715
727 0.23793
728 0.23873
729 0.23953
730 0.24034
731 0.24116
732 0.24199
733 0.24282
734 0.24367
735 0.24452
736 0.24538
737 0.24624
738 0.24712
739 0.24800
740 0.24842
741 0.24931
742 0.25022
743 0.25112
744 0.25204
745 0.25297
746 0.25391
747 0.25485
748 0.25581
749 0.25678
750 0.25775
751 0.25874
752 0.25974
753 0.26074
754 0.26176
755 0.26279
756 0.26383
757 0.26488
758 0.26594
759 0.26702
760 0.26810
761 0.26919
762 0.27030
763 0.27142
764 0.27255
765 0.27369
766 0.27485
767 0.27601
768 0.27719
769 0.27838
770 0.27959
771 0.28080
772 0.28203
773 0.28327
774 0.28453
775 0.28580
776 0.28708
777 0.28838
778 0.28969
779 0.29101
780 0.29235
781 0.29370
782 0.29507
783 0.29645
784 0.29784
785 0.29925
786 0.30068
787 0.30212
788 0.30358
789 0.30505
790 0.30653
791 0.30804
792 0.30956
793 0.31109
794 0.31265
795 0.31421
796 0.31580
797 0.31740
798 0.31902
799 0.32066
800 0.32232
801 0.32399
802 0.32568
803 0.32739
804 0.32912
805 0.33087
806 0.33263
807 0.33442
808 0.33622
809 0.33805
810 0.33989
811 0.34176
812 0.34364
813 0.34555
814 0.34748
815 0.34942
816 0.35139
817 0.35339
818 0.35540
819 0.35743
820 0.35949
821 0.36157
822 0.36368
823 0.36581
824 0.36796
825 0.37013
826 0.37233
827 0.37455
828 0.37680
829 0.37908
830 0.38138
831 0.38370
832 0.38605
833 0.38843
834 0.39084
835 0.39327
836 0.39573
837 0.39821
838 0.40073
839 0.40327
840 0.40585
841 0.40845
842 0.41108
843 0.41374
844 0.41644
845 0.41916
846 0.42192
847 0.42470
848 0.42752
849 0.43037
850 0.43326
851 0.43618
852 0.43913
853 0.44212
854 0.44514
855 0.44819
856 0.45129
857 0.45441
858 0.45758
859 0.46078
860 0.46402
861 0.46730
862 0.47062
863 0.47398
864 0.47737
865 0.48081
866 0.48429
867 0.48781
868 0.49137
869 0.49498
870 0.49863
871 0.50232
872 0.50605
873 0.50984
874 0.51366
875 0.51754
876 0.52146
877 0.52543
878 0.52944
879 0.53351
880 0.53763
881 0.54179
882 0.54601
883 0.55028
884 0.55460
885 0.55898
886 0.56341
887 0.56790
888 0.57244
889 0.57703
890 0.58169
891 0.58640
892 0.59118
893 0.59601
894 0.60090
895 0.60586
896 0.61088
897 0.61596
898 0.62110
899 0.62631
900 0.63159
901 0.63694
902 0.64235
903 0.64784
904 0.65339
905 0.65902
906 0.66471
907 0.67049
908 0.67633
909 0.68226
910 0.68826
911 0.69434
912 0.69906
913 0.71801
914 0.73092
915 0.74003
916 0.74520
917 0.74775
918 0.75066
919 0.75402
920 0.75795
921 0.76264
922 0.76182
923 0.76100
924 0.76675
925 0.76594
926 0.76513
927 0.77238
928 0.77159
929 0.77080
930 0.77001
931 0.77949
932 0.77872
933 0.77796
934 0.77719
935 0.77642
936 0.77565
937 0.77488
938 0.78799
939 0.78725
940 0.78651
941 0.78578
942 0.78504
943 0.78429
944 0.78355
945 0.78281
946 0.78206
947 0.78132
948 0.78057
949 0.77982
950 0.79938
951 0.79869
952 0.79800
953 0.79730
954 0.79660
955 0.79590
956 0.79520
957 0.79450
958 0.79380
959 0.79310
960 0.79239
961 0.79168
962 0.79098
963 0.79027
964 0.78956
965 0.78884
966 0.78813
967 0.78742
968 0.78670
969 0.78598
970 0.78526
971 0.78454
972 0.78382
973 0.81675
974 0.81613
975 0.81550
976 0.81487
977 0.81424
978 0.81361
979 0.81298
980 0.81234
981 0.81171
982 0.81107
983 0.81044
984 0.80980
985 0.80916
986 0.80852
987 0.80787
988 0.80723
989 0.80658
990 0.80594
991 0.80529
992 0.80464
993 0.80399
994 0.80334
995 0.80268
996 0.80203
997 0.80137
998 0.80072
999 0.80006
1000 0.79940
1001 0.79874
1002 0.79808
1003 0.79741
1004 0.79675
1005 0.79608
1006 0.79542
1007 0.79475
1008 0.79408
1009 0.79341
1010 0.79274
1011 0.79206
1012 0.79139
1013 0.79071
1014 0.79004
1015 0.78936
1016 0.78868
1017 0.78800
1018 0.78732
1019 0.78664
1020 0.78595
1021 0.78527
1022 0.78458
1023 0.78389
1024 0.78321
1025 0.78252
1026 0.85154
1027 0.85105
1028 0.85055
1029 0.85006
1030 0.84956
1031 0.84907
1032 0.84857
1033 0.84807
1034 0.84757
1035 0.84707
1036 0.84656
1037 0.84606
1038 0.84556
1039 0.84505
1040 0.84455
1041 0.84404
1042 0.84353
1043 0.84302
1044 0.84251
1045 0.84200
1046 0.84149
1047 0.84097
1048 0.84046
1049 0.83994
1050 0.83943
1051 0.83891
1052 0.83839
1053 0.83787
1054 0.83735
1055 0.83683
1056 0.83631
1057 0.83579
1058 0.83526
1059 0.83474
1060 0.83421
1061 0.83368
1062 0.83315
1063 0.83263
1064 0.83210
1065 0.83156
1066 0.83103
1067 0.83050
1068 0.82996
1069 0.82943
1070 0.82889
1071 0.82835
1072 0.82782
1073 0.82728
1074 0.82674
1075 0.82619
1076 0.82565
1077 0.82511
1078 0.82456
1079 0.82402
1080 0.82347
1081 0.82293
1082 0.82238
1083 0.82183
1084 0.82128
1085 0.82073
1086 0.82017
1087 0.81962
1088 0.81907
1089 0.81851
1090 0.81795
1091 0.81740
1092 0.81684
1093 0.81628
1094 0.81572
1095 0.81516
1096 0.81459
1097 0.81403
1098 0.81347
1099 0.81290
1100 0.81233
1101 0.81177
1102 0.81120
1103 0.81063
1104 0.81006
1105 0.80949
1106 0.80892
1107 0.80834
1108 0.80777
1109 0.80719
1110 0.80662
1111 0.80604
1112 0.80546
1113 0.80488
1114 0.80430
1115 0.80372
1116 0.80314
1117 0.80256
1118 0.80197
1119 0.80139
1120 0.80080
1121 0.80021
1122 0.79962
1123 0.79904
1124 0.79845
1125 0.79785
1126 0.79726
1127 0.79667
1128 0.79608
1129 0.79548
1130 0.79488
1131 0.79429
1132 0.79369
1133 0.79309
1134 0.79249
1135 0.79189
1136 0.79129
1137 0.79069
1138 0.79008
1139 0.78948
1140 0.78887
1141 0.78827
1142 0.78766
1143 0.78705
1144 0.78644
1145 0.78583
1146 0.78522
1147 0.78461
1148 0.78399
1149 0.78338
1150 0.78276
1151 0.78215
1152 0.78153
1153 0.78091
1154 0.78029
1155 0.77967
1156 0.77905
1157 0.77843
1158 0.77781
1159 0.77718
1160 0.77656
1161 0.77593
1162 0.77531
1163 0.77468
1164 0.77405
1165 0.77342
1166 0.77279
1167 0.77216
1168 0.77153
1169 0.77089
1170 0.77026
1171 0.76962
1172 0.76899
1173 0.76835
1174 0.76771
1175 0.76707
1176 0.76643
1177 0.76579
1178 0.76515
1179 0.76451
1180 0.76386
1181 0.76322
1182 0.76257
1183 0.76193
1184 0.76128
1185 0.76063
1186 0.75998
1187 0.75933
1188 0.75868
1189 0.75803
1190 0.75738
1191 0.75672
1192 0.75607
1193 0.75541
1194 0.75476
1195 0.75410
1196 0.75344
1197 0.75278
1198 0.75212
1199 0.75146
1200 0.75080
1201 0.75014
1202 0.74947
1203 0.74881
1204 0.74814
1205 0.74748
1206 0.74681
1207 0.74614
1208 0.74547
1209 0.74480
1210 0.74413
1211 0.74346
1212 0.74279
1213 0.74211
1214 0.74144
1215 0.74076
1216 1.00000
