17 4.89454
18 4.20459
19 3.64994
20 3.19790
21 2.82498
22 2.51393
23 2.25195
24 2.02931
25 1.83859
26 1.67400
27 1.53099
28 1.40598
29 1.29607
30 1.19893
31 1.11266
32 1.03569
33 0.96672
34 0.90470
35 0.84870
36 0.79797
37 0.75186
38 0.70983
39 0.67141
40 0.63618
41 0.60381
42 0.57398
43 0.54644
44 0.52095
45 0.49732
46 0.47535
47 0.45491
48 0.43584
49 0.41803
50 0.40137
51 0.38575
52 0.37109
53 0.35731
54 0.34435
55 0.33213
56 0.32060
57 0.30970
58 0.29940
59 0.28964
60 0.28039
61 0.27161
62 0.26328
63 0.25535
64 0.24780
65 0.24062
66 0.23377
67 0.22723
68 0.22099
69 0.21502
70 0.20931
71 0.20385
72 0.19862
73 0.19360
74 0.18879
75 0.18418
76 0.17974
77 0.17548
78 0.17139
79 0.16744
80 0.16365
81 0.15999
82 0.15647
83 0.15307
84 0.14980
85 0.14663
86 0.14358
87 0.14063
88 0.13777
89 0.13502
90 0.13235
91 0.12976
92 0.12726
93 0.12484
94 0.12249
95 0.12022
96 0.11801
97 0.11587
98 0.11379
99 0.11178
100 0.10982
101 0.10792
102 0.10607
103 0.10427
104 0.10252
105 0.10082
106 0.09917
107 0.09756
108 0.09599
109 0.09446
110 0.09297
111 0.09152
112 0.09011
113 0.08873
114 0.08739
115 0.08608
116 0.08480
117 0.08356
118 0.08234
119 0.08115
120 0.07999
121 0.07885
122 0.07774
123 0.07666
124 0.07560
125 0.07457
126 0.07356
127 0.07257
128 0.07160
129 0.07065
130 0.06972
131 0.06881
132 0.06793
133 0.06706
134 0.06620
135 0.06537
136 0.06455
137 0.06375
138 0.06296
139 0.06219
140 0.06144
141 0.06070
142 0.05997
143 0.05926
144 0.05856
145 0.05788
146 0.05720
147 0.05654
148 0.05590
149 0.05526
150 0.05464
151 0.05402
152 0.05342
153 0.05283
154 0.05225
155 0.05168
156 0.05111
157 0.05056
158 0.05002
159 0.04949
160 0.04896
161 0.04845
162 0.04794
163 0.04744
164 0.04695
165 0.04647
166 0.04600
167 0.04553
168 0.04507
169 0.04462
170 0.04417
171 0.04374
172 0.04331
173 0.04288
174 0.04246
175 0.04205
176 0.04165
177 0.04125
178 0.04085
179 0.04047
180 0.04008
181 0.03971
182 0.03934
183 0.03897
184 0.03861
185 0.03826
186 0.03791
187 0.03756
188 0.03722
189 0.03689
190 0.03656
191 0.03623
192 0.03591
193 0.03559
194 0.03528
195 0.03497
196 0.03467
197 0.03437
198 0.03407
199 0.03378
200 0.03349
201 0.03320
202 0.03292
203 0.03264
204 0.03237
205 0.03210
206 0.03183
207 0.03157
208 0.03131
209 0.03105
210 0.03080
211 0.03055
212 0.03030
213 0.03005
214 0.02981
215 0.02957
216 0.02934
217 0.02910
218 0.02887
219 0.02865
220 0.02842
221 0.02820
222 0.02798
223 0.02776
224 0.02755
225 0.02733
226 0.02712
227 0.02692
228 0.02671
229 0.02651
230 0.02631
231 0.02611
232 0.02592
233 0.02572
234 0.02553
235 0.02534
236 0.02515
237 0.02497
238 0.02478
239 0.02460
240 0.02442
241 0.02425
242 0.02407
243 0.02390
244 0.02372
245 0.02355
246 0.02339
247 0.02322
248 0.02305
249 0.02289
250 0.02273
251 0.02257
252 0.02241
253 0.02226
254 0.02210
255 0.02195
256 0.02180
257 0.02164
258 0.02150
259 0.02135
260 0.02120
261 0.02106
262 0.02091
263 0.02077
264 0.02063
265 0.02049
266 0.02036
267 0.02022
268 0.02008
269 0.01995
270 0.01982
271 0.01969
272 0.01956
273 0.01943
274 0.01930
275 0.01917
276 0.01905
277 0.01893
278 0.01880
279 0.01868
280 0.01856
281 0.01844
282 0.01832
283 0.01820
284 0.01809
285 0.01797
286 0.01786
287 0.01774
288 0.01763
289 0.01752
290 0.01741
291 0.01730
292 0.01719
293 0.01709
294 0.01698
295 0.01687
296 0.01677
297 0.01667
298 0.01656
299 0.01646
300 0.01636
301 0.01626
302 0.01616
303 0.01606
304 0.01596
305 0.01587
306 0.01577
307 0.01567
308 0.01558
309 0.01549
310 0.01539
311 0.01530
312 0.01521
313 0.01512
314 0.01503
315 0.01494
316 0.01485
317 0.01476
318 0.01468
319 0.01459
320 0.01450
321 0.01442
322 0.01433
323 0.01425
324 0.01417
325 0.01408
326 0.01400
327 0.01392
328 0.01384
329 0.01376
330 0.01368
331 0.01360
332 0.01353
333 0.01345
334 0.01337
335 0.01329
336 0.01322
337 0.01314
338 0.01307
339 0.01300
340 0.01292
341 0.01285
342 0.01278
343 0.01270
344 0.01263
345 0.01256
346 0.01249
347 0.01242
348 0.01235
349 0.01228
350 0.01222
351 0.01215
352 0.01208
353 0.01202
354 0.01195
355 0.01188
356 0.01182
357 0.01175
358 0.01169
359 0.01162
360 0.01156
361 0.01150
362 0.01144
363 0.01137
364 0.01131
365 0.01125
366 0.01119
367 0.01113
368 0.01107
369 0.01101
370 0.01095
371 0.01089
372 0.01083
373 0.01078
374 0.01072
375 0.01066
376 0.01060
377 0.01055
378 0.01049
379 0.01044
380 0.01038
381 0.01033
382 0.01027
383 0.01022
384 0.01016
385 0.01011
386 0.01005
387 0.01000
388 0.00995
389 0.00989
390 0.00984
391 0.00979
392 0.00974
393 0.00969
394 0.00964
395 0.00959
396 0.00954
397 0.00949
398 0.00945
399 0.00940
400 0.00935
401 0.00930
402 0.00926
403 0.00921
404 0.00917
405 0.00912
406 0.00907
407 0.00903
408 0.00899
409 0.00894
410 0.00890
411 0.00886
412 0.00881
413 0.00877
414 0.00873
415 0.00869
416 0.00865
417 0.00860
418 0.00856
419 0.00852
420 0.00848
421 0.00844
422 0.00840
423 0.00837
424 0.00833
425 0.00829
426 0.00825
427 0.00821
428 0.00818
429 0.00814
430 0.00810
431 0.00807
432 0.00803
433 0.00800
434 0.00796
435 0.00793
436 0.00789
437 0.00786
438 0.00782
439 0.00779
440 0.00776
441 0.00772
442 0.00769
443 0.00766
444 0.00763
445 0.00759
446 0.00756
447 0.00753
448 0.00750
449 0.00747
450 0.00744
451 0.00741
452 0.00738
453 0.00735
454 0.00732
455 0.00729
456 0.00726
457 0.00724
458 0.00721
459 0.00718
460 0.00715
461 0.00713
462 0.00710
463 0.00707
464 0.00705
465 0.00702
466 0.00699
467 0.00697
468 0.00694
469 0.00692
470 0.00689
471 0.00687
472 0.00685
473 0.00682
474 0.00680
475 0.00678
476 0.00675
477 0.00673
478 0.00671
479 0.00669
480 0.00666
481 0.00664
482 0.00662
483 0.00660
484 0.00658
485 0.00656
486 0.00654
487 0.00652
488 0.00650
489 0.00648
490 0.00646
491 0.00644
492 0.00642
493 0.00640
494 0.00638
495 0.00636
496 0.00635
497 0.00633
498 0.00631
499 0.00629
500 0.00628
501 0.00626
502 0.00624
503 0.00623
504 0.00621
505 0.00619
506 0.00618
507 0.00616
508 0.00615
509 0.00613
510 0.00612
511 0.00610
512 0.00609
513 0.00607
514 0.00606
515 0.00605
516 0.00603
517 0.00602
518 0.00600
519 0.00599
520 0.00598
521 0.00596
522 0.00595
523 0.00594
524 0.00592
525 0.00591
526 0.00590
527 0.00587
528 0.00586
529 0.00585
530 0.00584
531 0.00583
532 0.00581
533 0.00580
534 0.00579
535 0.00578
536 0.00577
537 0.00576
538 0.00575
539 0.00574
540 0.00573
541 0.00572
542 0.00571
543 0.00571
544 0.00570
545 0.00569
546 0.00568
547 0.00567
548 0.00567
549 0.00566
550 0.00565
551 0.00565
552 0.00564
553 0.00563
554 0.00563
555 0.00562
556 0.00562
557 0.00561
558 0.00561
559 0.00560
560 0.00560
561 0.00560
562 0.00559
563 0.00559
564 0.00558
565 0.00558
566 0.00558
567 0.00558
568 0.00557
569 0.00557
570 0.00557
571 0.00557
572 0.00557
573 0.00557
574 0.00557
575 0.00557
576 0.00557
577 0.00557
578 0.00557
579 0.00557
580 0.00557
581 0.00557
582 0.00557
583 0.00557
584 0.00557
585 0.00558
586 0.00558
587 0.00558
588 0.00559
589 0.00559
590 0.00559
591 0.00560
592 0.00560
593 0.00561
594 0.00561
595 0.00562
596 0.00562
597 0.00563
598 0.00563
599 0.00564
600 0.00565
601 0.00565
602 0.00566
603 0.00567
604 0.00568
605 0.00568
606 0.00569
607 0.00570
608 0.00571
609 0.00572
610 0.00573
611 0.00574
612 0.00575
613 0.00576
614 0.00577
615 0.00578
616 0.00580
617 0.00581
618 0.00582
619 0.00583
620 0.00585
621 0.00586
622 0.00588
623 0.00589
624 0.00590
625 0.00592
626 0.00593
627 0.00595
628 0.00597
629 0.00598
630 0.00600
631 0.00602
632 0.00604
633 0.00605
634 0.00607
635 0.00609
636 0.00611
637 0.00613
638 0.00615
639 0.00617
640 0.00619
641 0.00622
642 0.00624
643 0.00626
644 0.00628
645 0.00631
646 0.00633
647 0.00635
648 0.00638
649 0.00641
650 0.00643
651 0.00646
652 0.00648
653 0.00651
654 0.00654
655 0.00657
656 0.00660
657 0.00663
658 0.00666
659 0.00669
660 0.00672
661 0.00675
662 0.00678
663 0.00682
664 0.00685
665 0.00689
666 0.00692
667 0.00696
668 0.00699
669 0.00703
670 0.00707
671 0.00710
672 0.00714
673 0.00718
674 0.00722
675 0.00726
676 0.00731
677 0.00735
678 0.00739
679 0.00744
680 0.00748
681 0.00753
682 0.00757
683 0.00762
684 0.00767
685 0.00772
686 0.00777
687 0.00782
688 0.00787
689 0.00792
690 0.00797
691 0.00803
692 0.00808
693 0.00814
694 0.00820
695 0.00825
696 0.00831
697 0.00837
698 0.00843
699 0.00850
700 0.00856
701 0.00862
702 0.00869
703 0.00875
704 0.00882
705 0.00889
706 0.00896
707 0.00903
708 0.00910
709 0.00918
710 0.00925
711 0.00933
712 0.00941
713 0.00949
714 0.00957
715 0.00965
716 0.00973
717 0.00982
718 0.00990
719 0.00999
720 0.01008
721 0.01017
722 0.01026
723 0.01036
724 0.01045
725 0.01055
726 0.01065
727 0.01075
728 0.01085
729 0.01096
730 0.01106
731 0.01117
732 0.01128
733 0.01139
734 0.01151
735 0.01163
736 0.01174
737 0.01186
738 0.01199
739 0.01211
740 0.01224
741 0.01237
742 0.01250
743 0.01264
744 0.01277
745 0.01291
746 0.01306
747 0.01320
748 0.01335
749 0.01350
750 0.01365
751 0.01381
752 0.01397
753 0.01413
754 0.01430
755 0.01446
756 0.01464
757 0.01481
758 0.01499
759 0.01517
760 0.01536
761 0.01555
762 0.01574
763 0.01593
764 0.01613
765 0.01634
766 0.01655
767 0.01676
768 0.01698
769 0.01720
770 0.01742
771 0.01765
772 0.01788
773 0.01812
774 0.01837
775 0.01862
776 0.01887
777 0.01913
778 0.01939
779 0.01966
780 0.01994
781 0.02022
782 0.02050
783 0.02080
784 0.02110
785 0.02140
786 0.02171
787 0.02203
788 0.02235
789 0.02269
790 0.02302
791 0.02337
792 0.02372
793 0.02408
794 0.02445
795 0.02483
796 0.02521
797 0.02561
798 0.02601
799 0.02642
800 0.02684
801 0.02726
802 0.02770
803 0.02815
804 0.02861
805 0.02908
806 0.02955
807 0.03004
808 0.03054
809 0.03105
810 0.03158
811 0.03211
812 0.03266
813 0.03322
814 0.03379
815 0.03438
816 0.03498
817 0.03559
818 0.03622
819 0.03686
820 0.03752
821 0.03819
822 0.03888
823 0.03959
824 0.04031
825 0.04105
826 0.04181
827 0.04258
828 0.04338
829 0.04419
830 0.04503
831 0.04588
832 0.04676
833 0.04765
834 0.04857
835 0.04951
836 0.05048
837 0.05147
838 0.05248
839 0.05352
840 0.05459
841 0.05568
842 0.05680
843 0.05795
844 0.05913
845 0.06034
846 0.06158
847 0.06286
848 0.06416
849 0.06550
850 0.06688
851 0.06829
852 0.06974
853 0.07123
854 0.07275
855 0.07432
856 0.07593
857 0.07758
858 0.07928
859 0.08102
860 0.08281
861 0.08465
862 0.08654
863 0.08849
864 0.09048
865 0.09253
866 0.09464
867 0.09680
868 0.09903
869 0.10132
870 0.10367
871 0.10609
872 0.10858
873 0.11114
874 0.11378
875 0.11648
876 0.11927
877 0.12214
878 0.12509
879 0.12812
880 0.13125
881 0.13446
882 0.13777
883 0.14118
884 0.14469
885 0.14831
886 0.15203
887 0.15586
888 0.15981
889 0.16388
890 0.16807
891 0.17238
892 0.17683
893 0.18142
894 0.18614
895 0.19102
896 0.19604
897 0.20122
898 0.20656
899 0.21206
900 0.21774
901 0.22360
902 0.22964
903 0.23588
904 0.24231
905 0.24895
906 0.25580
907 0.26287
908 0.27017
909 0.27770
910 0.28548
911 0.29352
912 0.29985
913 0.32391
914 0.34147
915 0.35457
916 0.36227
917 0.36609
918 0.37056
919 0.37583
920 0.38216
921 0.38992
922 0.38846
923 0.38700
924 0.39673
925 0.39527
926 0.39382
927 0.40641
928 0.40496
929 0.40351
930 0.40207
931 0.41905
932 0.41761
933 0.41617
934 0.41474
935 0.41330
936 0.41186
937 0.41043
938 0.43464
939 0.43322
940 0.43180
941 0.43038
942 0.42896
943 0.42754
944 0.42612
945 0.42471
946 0.42329
947 0.42187
948 0.42046
949 0.41905
950 0.45644
951 0.45505
952 0.45366
953 0.45227
954 0.45088
955 0.44950
956 0.44811
957 0.44672
958 0.44534
959 0.44395
960 0.44256
961 0.44118
962 0.43979
963 0.43841
964 0.43703
965 0.43564
966 0.43426
967 0.43288
968 0.43150
969 0.43012
970 0.42874
971 0.42736
972 0.42598
973 0.49151
974 0.49019
975 0.48886
976 0.48754
977 0.48621
978 0.48489
979 0.48356
980 0.48224
981 0.48092
982 0.47959
983 0.47827
984 0.47694
985 0.47562
986 0.47430
987 0.47297
988 0.47165
989 0.47032
990 0.46900
991 0.46768
992 0.46635
993 0.46503
994 0.46371
995 0.46238
996 0.46106
997 0.45974
998 0.45842
999 0.45709
1000 0.45577
1001 0.45445
1002 0.45313
1003 0.45181
1004 0.45049
1005 0.44917
1006 0.44785
1007 0.44653
1008 0.44521
1009 0.44389
1010 0.44257
1011 0.44125
1012 0.43994
1013 0.43862
1014 0.43730
1015 0.43599
1016 0.43467
1017 0.43336
1018 0.43204
1019 0.43073
1020 0.42941
1021 0.42810
1022 0.42679
1023 0.42548
1024 0.42416
1025 0.42285
1026 0.56842
1027 0.56727
1028 0.56611
1029 0.56495
1030 0.56379
1031 0.56263
1032 0.56147
1033 0.56031
1034 0.55915
1035 0.55799
1036 0.55683
1037 0.55567
1038 0.55450
1039 0.55334
1040 0.55217
1041 0.55101
1042 0.54984
1043 0.54868
1044 0.54751
1045 0.54634
1046 0.54517
1047 0.54401
1048 0.54284
1049 0.54167
1050 0.54050
1051 0.53933
1052 0.53816
1053 0.53699
1054 0.53581
1055 0.53464
1056 0.53347
1057 0.53230
1058 0.53112
1059 0.52995
1060 0.52878
1061 0.52760
1062 0.52643
1063 0.52525
1064 0.52407
1065 0.52290
1066 0.52172
1067 0.52055
1068 0.51937
1069 0.51819
1070 0.51701
1071 0.51584
1072 0.51466
1073 0.51348
1074 0.51230
1075 0.51112
1076 0.50994
1077 0.50876
1078 0.50759
1079 0.50641
1080 0.50523
1081 0.50405
1082 0.50287
1083 0.50168
1084 0.50050
1085 0.49932
1086 0.49814
1087 0.49696
1088 0.49578
1089 0.49460
1090 0.49342
1091 0.49224
1092 0.49105
1093 0.48987
1094 0.48869
1095 0.48751
1096 0.48633
1097 0.48515
1098 0.48396
1099 0.48278
1100 0.48160
1101 0.48042
1102 0.47924
1103 0.47805
1104 0.47687
1105 0.47569
1106 0.47451
1107 0.47333
1108 0.47215
1109 0.47096
1110 0.46978
1111 0.46860
1112 0.46742
1113 0.46624
1114 0.46506
1115 0.46388
1116 0.46270
1117 0.46152
1118 0.46034
1119 0.45916
1120 0.45798
1121 0.45680
1122 0.45562
1123 0.45444
1124 0.45326
1125 0.45208
1126 0.45090
1127 0.44972
1128 0.44855
1129 0.44737
1130 0.44619
1131 0.44501
1132 0.44384
1133 0.44266
1134 0.44148
1135 0.44031
1136 0.43913
1137 0.43796
1138 0.43678
1139 0.43561
1140 0.43443
1141 0.43326
1142 0.43209
1143 0.43091
1144 0.42974
1145 0.42857
1146 0.42740
1147 0.42623
1148 0.42506
1149 0.42389
1150 0.42272
1151 0.42155
1152 0.42038
1153 0.41921
1154 0.41804
1155 0.41688
1156 0.41571
1157 0.41454
1158 0.41338
1159 0.41221
1160 0.41105
1161 0.40988
1162 0.40872
1163 0.40756
1164 0.40640
1165 0.40524
1166 0.40408
1167 0.40292
1168 0.40176
1169 0.40060
1170 0.39944
1171 0.39828
1172 0.39713
1173 0.39597
1174 0.39481
1175 0.39366
1176 0.39251
1177 0.39135
1178 0.39020
1179 0.38905
1180 0.38790
1181 0.38675
1182 0.38560
1183 0.38445
1184 0.38330
1185 0.38216
1186 0.38101
1187 0.37987
1188 0.37872
1189 0.37758
1190 0.37644
1191 0.37530
1192 0.37416
1193 0.37302
1194 0.37188
1195 0.37074
1196 0.36960
1197 0.36847
1198 0.36733
1199 0.36620
1200 0.36506
1201 0.36393
1202 0.36280
1203 0.36167
1204 0.36054
1205 0.35941
1206 0.35828
1207 0.35716
1208 0.35603
1209 0.35491
1210 0.35379
1211 0.35266
1212 0.35154
1213 0.35042
1214 0.34930
1215 0.34819
1216 1.00000
