17 1.05860
18 1.05181
19 1.04551
20 1.03965
21 1.03417
22 1.02903
23 1.02419
24 1.01963
25 1.01531
26 1.01121
27 1.00731
28 1.00360
29 1.00006
30 0.99667
31 0.99342
32 0.99031
33 0.98732
34 0.98445
35 0.98168
36 0.97900
37 0.97643
38 0.97393
39 0.97152
40 0.96919
41 0.96693
42 0.96473
43 0.96260
44 0.96053
45 0.95851
46 0.95655
47 0.95465
48 0.95279
49 0.95098
50 0.94921
51 0.94748
52 0.94580
53 0.94415
54 0.94254
55 0.94096
56 0.93942
57 0.93791
58 0.93644
59 0.93499
60 0.93357
61 0.93218
62 0.93081
63 0.92947
64 0.92816
65 0.92687
66 0.92560
67 0.92435
68 0.92313
69 0.92192
70 0.92074
71 0.91957
72 0.91842
73 0.91730
74 0.91618
75 0.91509
76 0.91401
77 0.91295
78 0.91191
79 0.91087
80 0.90986
81 0.90886
82 0.90787
83 0.90689
84 0.90593
85 0.90498
86 0.90404
87 0.90312
88 0.90221
89 0.90131
90 0.90042
91 0.89954
92 0.89867
93 0.89781
94 0.89696
95 0.89613
96 0.89530
97 0.89448
98 0.89367
99 0.89287
100 0.89208
101 0.89129
102 0.89052
103 0.88975
104 0.88900
105 0.88825
106 0.88750
107 0.88677
108 0.88604
109 0.88532
110 0.88461
111 0.88391
112 0.88321
113 0.88252
114 0.88183
115 0.88116
116 0.88048
117 0.87982
118 0.87916
119 0.87851
120 0.87786
121 0.87722
122 0.87659
123 0.87596
124 0.87533
125 0.87472
126 0.87410
127 0.87350
128 0.87289
129 0.87230
130 0.87171
131 0.87112
132 0.87054
133 0.86996
134 0.86939
135 0.86882
136 0.86826
137 0.86771
138 0.86715
139 0.86660
140 0.86606
141 0.86552
142 0.86499
143 0.86445
144 0.86393
145 0.86340
146 0.86289
147 0.86237
148 0.86186
149 0.86136
150 0.86085
151 0.86035
152 0.85986
153 0.85937
154 0.85888
155 0.85840
156 0.85792
157 0.85744
158 0.85697
159 0.85650
160 0.85603
161 0.85557
162 0.85511
163 0.85465
164 0.85420
165 0.85375
166 0.85331
167 0.85286
168 0.85243
169 0.85199
170 0.85156
171 0.85113
172 0.85070
173 0.85028
174 0.84985
175 0.84944
176 0.84902
177 0.84861
178 0.84820
179 0.84779
180 0.84739
181 0.84699
182 0.84659
183 0.84620
184 0.84581
185 0.84542
186 0.84503
187 0.84465
188 0.84426
189 0.84388
190 0.84351
191 0.84314
192 0.84276
193 0.84240
194 0.84203
195 0.84167
196 0.84131
197 0.84095
198 0.84059
199 0.84024
200 0.83989
201 0.83954
202 0.83919
203 0.83885
204 0.83851
205 0.83817
206 0.83783
207 0.83750
208 0.83716
209 0.83683
210 0.83650
211 0.83618
212 0.83586
213 0.83554
214 0.83522
215 0.83490
216 0.83458
217 0.83427
218 0.83396
219 0.83365
220 0.83335
221 0.83304
222 0.83274
223 0.83244
224 0.83215
225 0.83185
226 0.83156
227 0.83127
228 0.83098
229 0.83069
230 0.83040
231 0.83012
232 0.82984
233 0.82956
234 0.82928
235 0.82901
236 0.82873
237 0.82846
238 0.82819
239 0.82792
240 0.82766
241 0.82739
242 0.82713
243 0.82687
244 0.82661
245 0.82636
246 0.82610
247 0.82585
248 0.82560
249 0.82535
250 0.82510
251 0.82485
252 0.82461
253 0.82437
254 0.82413
255 0.82389
256 0.82365
257 0.82342
258 0.82319
259 0.82295
260 0.82272
261 0.82250
262 0.82227
263 0.82205
264 0.82182
265 0.82160
266 0.82138
267 0.82117
268 0.82095
269 0.82073
270 0.82052
271 0.82031
272 0.82010
273 0.81989
274 0.81969
275 0.81948
276 0.81928
277 0.81908
278 0.81888
279 0.81868
280 0.81849
281 0.81829
282 0.81810
283 0.81791
284 0.81772
285 0.81753
286 0.81734
287 0.81716
288 0.81697
289 0.81679
290 0.81661
291 0.81643
292 0.81626
293 0.81608
294 0.81591
295 0.81573
296 0.81556
297 0.81539
298 0.81523
299 0.81506
300 0.81489
301 0.81473
302 0.81457
303 0.81441
304 0.81425
305 0.81409
306 0.81394
307 0.81378
308 0.81363
309 0.81348
310 0.81333
311 0.81318
312 0.81303
313 0.81289
314 0.81274
315 0.81260
316 0.81246
317 0.81232
318 0.81218
319 0.81204
320 0.81191
321 0.81177
322 0.81164
323 0.81151
324 0.81138
325 0.81125
326 0.81113
327 0.81100
328 0.81088
329 0.81075
330 0.81063
331 0.81051
332 0.81040
333 0.81028
334 0.81016
335 0.81005
336 0.80994
337 0.80983
338 0.80972
339 0.80961
340 0.80950
341 0.80939
342 0.80929
343 0.80919
344 0.80909
345 0.80899
346 0.80889
347 0.80879
348 0.80869
349 0.80860
350 0.80850
351 0.80841
352 0.80832
353 0.80823
354 0.80815
355 0.80806
356 0.80797
357 0.80789
358 0.80781
359 0.80773
360 0.80765
361 0.80757
362 0.80749
363 0.80742
364 0.80734
365 0.80727
366 0.80720
367 0.80713
368 0.80706
369 0.80699
370 0.80692
371 0.80686
372 0.80679
373 0.80673
374 0.80667
375 0.80661
376 0.80655
377 0.80649
378 0.80644
379 0.80638
380 0.80633
381 0.80628
382 0.80623
383 0.80618
384 0.80613
385 0.80608
386 0.80604
387 0.80599
388 0.80595
389 0.80591
390 0.80587
391 0.80583
392 0.80579
393 0.80576
394 0.80572
395 0.80569
396 0.80565
397 0.80562
398 0.80559
399 0.80556
400 0.80554
401 0.80551
402 0.80549
403 0.80546
404 0.80544
405 0.80542
406 0.80540
407 0.80538
408 0.80536
409 0.80535
410 0.80533
411 0.80532
412 0.80531
413 0.80530
414 0.80529
415 0.80528
416 0.80527
417 0.80527
418 0.80526
419 0.80526
420 0.80526
421 0.80525
422 0.80526
423 0.80526
424 0.80526
425 0.80526
426 0.80527
427 0.80528
428 0.80528
429 0.80529
430 0.80530
431 0.80532
432 0.80533
433 0.80534
434 0.80536
435 0.80538
436 0.80539
437 0.80541
438 0.80543
439 0.80546
440 0.80548
441 0.80550
442 0.80553
443 0.80556
444 0.80558
445 0.80561
446 0.80564
447 0.80568
448 0.80571
449 0.80574
450 0.80578
451 0.80582
452 0.80585
453 0.80589
454 0.80593
455 0.80598
456 0.80602
457 0.80606
458 0.80611
459 0.80616
460 0.80620
461 0.80625
462 0.80630
463 0.80635
464 0.80641
465 0.80646
466 0.80652
467 0.80657
468 0.80663
469 0.80669
470 0.80675
471 0.80681
472 0.80688
473 0.80694
474 0.80700
475 0.80707
476 0.80714
477 0.80721
478 0.80728
479 0.80735
480 0.80742
481 0.80750
482 0.80757
483 0.80765
484 0.80773
485 0.80780
486 0.80789
487 0.80797
488 0.80805
489 0.80813
490 0.80822
491 0.80830
492 0.80839
493 0.80848
494 0.80857
495 0.80866
496 0.80875
497 0.80885
498 0.80894
499 0.80904
500 0.80914
501 0.80924
502 0.80934
503 0.80944
504 0.80954
505 0.80964
506 0.80975
507 0.80985
508 0.80996
509 0.81007
510 0.81018
511 0.81029
512 0.81040
513 0.81052
514 0.81063
515 0.81075
516 0.81086
517 0.81098
518 0.81110
519 0.81122
520 0.81135
521 0.81147
522 0.81159
523 0.81172
524 0.81185
525 0.81198
526 0.81211
527 0.81224
528 0.81237
529 0.81250
530 0.81264
531 0.81277
532 0.81291
533 0.81305
534 0.81319
535 0.81333
536 0.81347
537 0.81361
538 0.81376
539 0.81390
540 0.81405
541 0.81420
542 0.81435
543 0.81450
544 0.81465
545 0.81481
546 0.81496
547 0.81512
548 0.81527
549 0.81543
550 0.81559
551 0.81575
552 0.81591
553 0.81608
554 0.81624
555 0.81641
556 0.81658
557 0.81674
558 0.81691
559 0.81708
560 0.81726
561 0.81743
562 0.81760
563 0.81778
564 0.81796
565 0.81814
566 0.81832
567 0.81850
568 0.81868
569 0.81886
570 0.81905
571 0.81923
572 0.81942
573 0.81961
574 0.81980
575 0.81999
576 0.82018
577 0.82038
578 0.82057
579 0.82077
580 0.82097
581 0.82116
582 0.82136
583 0.82157
584 0.82177
585 0.82197
586 0.82218
587 0.82238
588 0.82259
589 0.82280
590 0.82301
591 0.82322
592 0.82343
593 0.82365
594 0.82386
595 0.82408
596 0.82430
597 0.82452
598 0.82474
599 0.82496
600 0.82518
601 0.82541
602 0.82563
603 0.82586
604 0.82609
605 0.82632
606 0.82655
607 0.82678
608 0.82701
609 0.82725
610 0.82749
611 0.82772
612 0.82796
613 0.82820
614 0.82844
615 0.82869
616 0.82893
617 0.82917
618 0.82942
619 0.82967
620 0.82992
621 0.83017
622 0.83042
623 0.83067
624 0.83093
625 0.83118
626 0.83144
627 0.83170
628 0.83196
629 0.83222
630 0.83248
631 0.83274
632 0.83301
633 0.83328
634 0.83354
635 0.83381
636 0.83408
637 0.83435
638 0.83463
639 0.83490
640 0.83518
641 0.83545
642 0.83573
643 0.83601
644 0.83629
645 0.83657
646 0.83686
647 0.83714
648 0.83743
649 0.83772
650 0.83801
651 0.83830
652 0.83859
653 0.83888
654 0.83917
655 0.83947
656 0.83977
657 0.84007
658 0.84036
659 0.84067
660 0.84097
661 0.84127
662 0.84158
663 0.84188
664 0.84219
665 0.84250
666 0.84281
667 0.84312
668 0.84344
669 0.84375
670 0.84407
671 0.84439
672 0.84470
673 0.84502
674 0.84535
675 0.84567
676 0.84599
677 0.84632
678 0.84665
679 0.84697
680 0.84730
681 0.84764
682 0.84797
683 0.84830
684 0.84864
685 0.84897
686 0.84931
687 0.84965
688 0.84999
689 0.85034
690 0.85068
691 0.85103
692 0.85137
693 0.85172
694 0.85207
695 0.85242
696 0.85277
697 0.85313
698 0.85348
699 0.85384
700 0.85420
701 0.85456
702 0.85492
703 0.85528
704 0.85564
705 0.85601
706 0.85637
707 0.85674
708 0.85711
709 0.85748
710 0.85785
711 0.85823
712 0.85860
713 0.85898
714 0.85936
715 0.85974
716 0.86012
717 0.86050
718 0.86088
719 0.86127
720 0.86166
721 0.86204
722 0.86243
723 0.86282
724 0.86322
725 0.86361
726 0.86401
727 0.86440
728 0.86480
729 0.86520
730 0.86560
731 0.86601
732 0.86641
733 0.86682
734 0.86722
735 0.86763
736 0.86804
737 0.86845
738 0.86887
739 0.86928
740 0.86970
741 0.87012
742 0.87053
743 0.87096
744 0.87138
745 0.87180
746 0.87223
747 0.87265
748 0.87308
749 0.87351
750 0.87394
751 0.87437
752 0.87481
753 0.87524
754 0.87568
755 0.87612
756 0.87656
757 0.87700
758 0.87745
759 0.87789
760 0.87834
761 0.87879
762 0.87924
763 0.87969
764 0.88014
765 0.88059
766 0.88105
767 0.88151
768 0.88196
769 0.88242
770 0.88289
771 0.88335
772 0.88382
773 0.88428
774 0.88475
775 0.88522
776 0.88569
777 0.88616
778 0.88664
779 0.88711
780 0.88759
781 0.88807
782 0.88855
783 0.88903
784 0.88952
785 0.89000
786 0.89049
787 0.89098
788 0.89147
789 0.89196
790 0.89245
791 0.89295
792 0.89345
793 0.89395
794 0.89445
795 0.89495
796 0.89545
797 0.89595
798 0.89646
799 0.89697
800 0.89748
801 0.89799
802 0.89850
803 0.89902
804 0.89953
805 0.90005
806 0.90057
807 0.90109
808 0.90161
809 0.90214
810 0.90267
811 0.90319
812 0.90372
813 0.90425
814 0.90479
815 0.90532
816 0.90586
817 0.90639
818 0.90693
819 0.90747
820 0.90802
821 0.90856
822 0.90911
823 0.90966
824 0.91020
825 0.91076
826 0.91131
827 0.91186
828 0.91242
829 0.91298
830 0.91354
831 0.91410
832 0.91466
833 0.91523
834 0.91579
835 0.91636
836 0.91693
837 0.91750
838 0.91808
839 0.91865
840 0.91923
841 0.91981
842 0.92039
843 0.92097
844 0.92155
845 0.92214
846 0.92273
847 0.92332
848 0.92391
849 0.92450
850 0.92509
851 0.92569
852 0.92629
853 0.92689
854 0.92749
855 0.92809
856 0.92870
857 0.92930
858 0.92991
859 0.93052
860 0.93114
861 0.93175
862 0.93236
863 0.93298
864 0.93360
865 0.93422
866 0.93485
867 0.93547
868 0.93610
869 0.93673
870 0.93736
871 0.93799
872 0.93862
873 0.93926
874 0.93990
875 0.94054
876 0.94118
877 0.94182
878 0.94247
879 0.94311
880 0.94376
881 0.94441
882 0.94506
883 0.94572
884 0.94637
885 0.94703
886 0.94769
887 0.94835
888 0.94902
889 0.94968
890 0.95035
891 0.95102
892 0.95169
893 0.95237
894 0.95304
895 0.95372
896 0.95440
897 0.95508
898 0.95576
899 0.95644
900 0.95713
901 0.95782
902 0.95851
903 0.95920
904 0.95990
905 0.96059
906 0.96129
907 0.96199
908 0.96269
909 0.96340
910 0.96410
911 0.96481
912 0.96454
913 0.96673
914 0.96818
915 0.96918
916 0.96976
917 0.97006
918 0.97040
919 0.97077
920 0.97120
921 0.97169
922 0.97165
923 0.97161
924 0.97220
925 0.97216
926 0.97212
927 0.97284
928 0.97280
929 0.97277
930 0.97273
931 0.97364
932 0.97361
933 0.97357
934 0.97354
935 0.97350
936 0.97347
937 0.97343
938 0.97466
939 0.97462
940 0.97459
941 0.97456
942 0.97453
943 0.97449
944 0.97446
945 0.97443
946 0.97440
947 0.97436
948 0.97433
949 0.97430
950 0.97607
951 0.97604
952 0.97601
953 0.97598
954 0.97595
955 0.97592
956 0.97589
957 0.97586
958 0.97583
959 0.97580
960 0.97577
961 0.97574
962 0.97571
963 0.97568
964 0.97565
965 0.97562
966 0.97559
967 0.97555
968 0.97552
969 0.97549
970 0.97546
971 0.97543
972 0.97540
973 0.97831
974 0.97828
975 0.97825
976 0.97823
977 0.97820
978 0.97817
979 0.97815
980 0.97812
981 0.97809
982 0.97807
983 0.97804
984 0.97801
985 0.97799
986 0.97796
987 0.97793
988 0.97791
989 0.97788
990 0.97785
991 0.97782
992 0.97780
993 0.97777
994 0.97774
995 0.97772
996 0.97769
997 0.97766
998 0.97764
999 0.97761
1000 0.97758
1001 0.97756
1002 0.97753
1003 0.97750
1004 0.97748
1005 0.97745
1006 0.97742
1007 0.97739
1008 0.97737
1009 0.97734
1010 0.97731
1011 0.97729
1012 0.97726
1013 0.97723
1014 0.97721
1015 0.97718
1016 0.97715
1017 0.97713
1018 0.97710
1019 0.97707
1020 0.97704
1021 0.97702
1022 0.97699
1023 0.97696
1024 0.97694
1025 0.97691
1026 0.98282
1027 0.98280
1028 0.98278
1029 0.98276
1030 0.98274
1031 0.98272
1032 0.98270
1033 0.98268
1034 0.98266
1035 0.98264
1036 0.98262
1037 0.98260
1038 0.98258
1039 0.98256
1040 0.98254
1041 0.98252
1042 0.98250
1043 0.98248
1044 0.98246
1045 0.98244
1046 0.98242
1047 0.98240
1048 0.98238
1049 0.98236
1050 0.98234
1051 0.98232
1052 0.98230
1053 0.98228
1054 0.98226
1055 0.98224
1056 0.98222
1057 0.98220
1058 0.98218
1059 0.98216
1060 0.98214
1061 0.98212
1062 0.98210
1063 0.98208
1064 0.98206
1065 0.98204
1066 0.98202
1067 0.98200
1068 0.98198
1069 0.98196
1070 0.98194
1071 0.98192
1072 0.98190
1073 0.98188
1074 0.98186
1075 0.98184
1076 0.98182
1077 0.98180
1078 0.98178
1079 0.98176
1080 0.98174
1081 0.98172
1082 0.98170
1083 0.98168
1084 0.98166
1085 0.98164
1086 0.98161
1087 0.98159
1088 0.98157
1089 0.98155
1090 0.98153
1091 0.98151
1092 0.98149
1093 0.98147
1094 0.98145
1095 0.98143
1096 0.98141
1097 0.98139
1098 0.98137
1099 0.98135
1100 0.98133
1101 0.98131
1102 0.98129
1103 0.98127
1104 0.98125
1105 0.98123
1106 0.98121
1107 0.98119
1108 0.98117
1109 0.98115
1110 0.98113
1111 0.98111
1112 0.98109
1113 0.98107
1114 0.98105
1115 0.98103
1116 0.98101
1117 0.98098
1118 0.98096
1119 0.98094
1120 0.98092
1121 0.98090
1122 0.98088
1123 0.98086
1124 0.98084
1125 0.98082
1126 0.98080
1127 0.98078
1128 0.98076
1129 0.98074
1130 0.98072
1131 0.98070
1132 0.98068
1133 0.98066
1134 0.98064
1135 0.98062
1136 0.98060
1137 0.98058
1138 0.98056
1139 0.98054
1140 0.98052
1141 0.98050
1142 0.98047
1143 0.98045
1144 0.98043
1145 0.98041
1146 0.98039
1147 0.98037
1148 0.98035
1149 0.98033
1150 0.98031
1151 0.98029
1152 0.98027
1153 0.98025
1154 0.98023
1155 0.98021
1156 0.98019
1157 0.98017
1158 0.98015
1159 0.98013
1160 0.98011
1161 0.98009
1162 0.98006
1163 0.98004
1164 0.98002
1165 0.98000
1166 0.97998
1167 0.97996
1168 0.97994
1169 0.97992
1170 0.97990
1171 0.97988
1172 0.97986
1173 0.97984
1174 0.97982
1175 0.97980
1176 0.97978
1177 0.97976
1178 0.97974
1179 0.97972
1180 0.97969
1181 0.97967
1182 0.97965
1183 0.97963
1184 0.97961
1185 0.97959
1186 0.97957
1187 0.97955
1188 0.97953
1189 0.97951
1190 0.97949
1191 0.97947
1192 0.97945
1193 0.97943
1194 0.97941
1195 0.97939
1196 0.97937
1197 0.97934
1198 0.97932
1199 0.97930
1200 0.97928
1201 0.97926
1202 0.97924
1203 0.97922
1204 0.97920
1205 0.97918
1206 0.97916
1207 0.97914
1208 0.97912
1209 0.97910
1210 0.97908
1211 0.97906
1212 0.97903
1213 0.97901
1214 0.97899
1215 0.97897
1216 1.00000
