17 1.40923
18 1.35826
19 1.31243
20 1.27098
21 1.23326
22 1.19878
23 1.16712
24 1.13791
25 1.11088
26 1.08578
27 1.06239
28 1.04053
29 1.02005
30 1.00082
31 0.98271
32 0.96562
33 0.94947
34 0.93417
35 0.91965
36 0.90585
37 0.89272
38 0.88020
39 0.86825
40 0.85682
41 0.84588
42 0.83540
43 0.82535
44 0.81569
45 0.80641
46 0.79748
47 0.78888
48 0.78059
49 0.77259
50 0.76486
51 0.75739
52 0.75017
53 0.74319
54 0.73642
55 0.72986
56 0.72351
57 0.71734
58 0.71135
59 0.70553
60 0.69988
61 0.69438
62 0.68903
63 0.68382
64 0.67875
65 0.67381
66 0.66900
67 0.66431
68 0.65973
69 0.65526
70 0.65089
71 0.64663
72 0.64247
73 0.63840
74 0.63442
75 0.63053
76 0.62673
77 0.62301
78 0.61936
79 0.61579
80 0.61229
81 0.60887
82 0.60551
83 0.60222
84 0.59900
85 0.59583
86 0.59273
87 0.58968
88 0.58669
89 0.58376
90 0.58088
91 0.57805
92 0.57527
93 0.57254
94 0.56986
95 0.56722
96 0.56463
97 0.56208
98 0.55957
99 0.55711
100 0.55468
101 0.55229
102 0.54995
103 0.54763
104 0.54536
105 0.54312
106 0.54091
107 0.53874
108 0.53660
109 0.53450
110 0.53242
111 0.53037
112 0.52836
113 0.52637
114 0.52441
115 0.52248
116 0.52058
117 0.51870
118 0.51685
119 0.51502
120 0.51322
121 0.51144
122 0.50969
123 0.50796
124 0.50625
125 0.50457
126 0.50291
127 0.50126
128 0.49964
129 0.49804
130 0.49646
131 0.49490
132 0.49336
133 0.49184
134 0.49034
135 0.48886
136 0.48739
137 0.48594
138 0.48451
139 0.48310
140 0.48170
141 0.48032
142 0.47896
143 0.47761
144 0.47627
145 0.47496
146 0.47365
147 0.47237
148 0.47109
149 0.46984
150 0.46859
151 0.46736
152 0.46614
153 0.46494
154 0.46375
155 0.46257
156 0.46141
157 0.46026
158 0.45912
159 0.45799
160 0.45688
161 0.45577
162 0.45468
163 0.45360
164 0.45253
165 0.45148
166 0.45043
167 0.44939
168 0.44837
169 0.44736
170 0.44635
171 0.44536
172 0.44438
173 0.44340
174 0.44244
175 0.44149
176 0.44054
177 0.43961
178 0.43868
179 0.43777
180 0.43686
181 0.43596
182 0.43508
183 0.43420
184 0.43332
185 0.43246
186 0.43161
187 0.43076
188 0.42992
189 0.42909
190 0.42827
191 0.42746
192 0.42665
193 0.42586
194 0.42507
195 0.42428
196 0.42351
197 0.42274
198 0.42198
199 0.42123
200 0.42048
201 0.41974
202 0.41901
203 0.41829
204 0.41757
205 0.41686
206 0.41616
207 0.41546
208 0.41477
209 0.41408
210 0.41340
211 0.41273
212 0.41207
213 0.41141
214 0.41076
215 0.41011
216 0.40947
217 0.40883
218 0.40821
219 0.40758
220 0.40697
221 0.40635
222 0.40575
223 0.40515
224 0.40456
225 0.40397
226 0.40338
227 0.40281
228 0.40223
229 0.40167
230 0.40111
231 0.40055
232 0.40000
233 0.39945
234 0.39891
235 0.39838
236 0.39785
237 0.39732
238 0.39680
239 0.39629
240 0.39578
241 0.39527
242 0.39477
243 0.39427
244 0.39378
245 0.39329
246 0.39281
247 0.39233
248 0.39186
249 0.39139
250 0.39093
251 0.39047
252 0.39002
253 0.38956
254 0.38912
255 0.38868
256 0.38824
257 0.38781
258 0.38738
259 0.38695
260 0.38653
261 0.38612
262 0.38570
263 0.38530
264 0.38489
265 0.38449
266 0.38410
267 0.38370
268 0.38332
269 0.38293
270 0.38255
271 0.38217
272 0.38180
273 0.38143
274 0.38107
275 0.38071
276 0.38035
277 0.38000
278 0.37965
279 0.37930
280 0.37896
281 0.37862
282 0.37828
283 0.37795
284 0.37763
285 0.37730
286 0.37698
287 0.37666
288 0.37635
289 0.37604
290 0.37573
291 0.37543
292 0.37513
293 0.37483
294 0.37454
295 0.37425
296 0.37396
297 0.37368
298 0.37340
299 0.37312
300 0.37285
301 0.37258
302 0.37231
303 0.37205
304 0.37179
305 0.37153
306 0.37128
307 0.37103
308 0.37078
309 0.37053
310 0.37029
311 0.37005
312 0.36982
313 0.36959
314 0.36936
315 0.36913
316 0.36891
317 0.36869
318 0.36847
319 0.36826
320 0.36805
321 0.36784
322 0.36763
323 0.36743
324 0.36723
325 0.36703
326 0.36684
327 0.36665
328 0.36646
329 0.36628
330 0.36610
331 0.36592
332 0.36574
333 0.36557
334 0.36540
335 0.36523
336 0.36506
337 0.36490
338 0.36474
339 0.36458
340 0.36443
341 0.36428
342 0.36413
343 0.36399
344 0.36384
345 0.36370
346 0.36356
347 0.36343
348 0.36330
349 0.36317
350 0.36304
351 0.36292
352 0.36279
353 0.36268
354 0.36256
355 0.36245
356 0.36233
357 0.36223
358 0.36212
359 0.36202
360 0.36192
361 0.36182
362 0.36172
363 0.36163
364 0.36154
365 0.36145
366 0.36137
367 0.36128
368 0.36120
369 0.36112
370 0.36105
371 0.36098
372 0.36091
373 0.36084
374 0.36077
375 0.36071
376 0.36065
377 0.36059
378 0.36054
379 0.36048
380 0.36043
381 0.36039
382 0.36034
383 0.36030
384 0.36026
385 0.36022
386 0.36018
387 0.36015
388 0.36012
389 0.36009
390 0.36006
391 0.36004
392 0.36002
393 0.36000
394 0.35998
395 0.35997
396 0.35996
397 0.35995
398 0.35994
399 0.35994
400 0.35993
401 0.35993
402 0.35994
403 0.35994
404 0.35995
405 0.35996
406 0.35997
407 0.35999
408 0.36000
409 0.36002
410 0.36004
411 0.36007
412 0.36009
413 0.36012
414 0.36015
415 0.36018
416 0.36022
417 0.36026
418 0.36030
419 0.36034
420 0.36038
421 0.36043
422 0.36048
423 0.36053
424 0.36059
425 0.36064
426 0.36070
427 0.36076
428 0.36082
429 0.36089
430 0.36096
431 0.36103
432 0.36110
433 0.36117
434 0.36125
435 0.36133
436 0.36141
437 0.36150
438 0.36158
439 0.36167
440 0.36176
441 0.36185
442 0.36195
443 0.36205
444 0.36215
445 0.36225
446 0.36235
447 0.36246
448 0.36257
449 0.36268
450 0.36279
451 0.36291
452 0.36303
453 0.36315
454 0.36327
455 0.36339
456 0.36352
457 0.36365
458 0.36378
459 0.36392
460 0.36405
461 0.36419
462 0.36433
463 0.36448
464 0.36462
465 0.36477
466 0.36492
467 0.36507
468 0.36523
469 0.36538
470 0.36554
471 0.36571
472 0.36587
473 0.36604
474 0.36620
475 0.36637
476 0.36655
477 0.36672
478 0.36690
479 0.36708
480 0.36726
481 0.36745
482 0.36763
483 0.36782
484 0.36802
485 0.36821
486 0.36841
487 0.36860
488 0.36880
489 0.36901
490 0.36921
491 0.36942
492 0.36963
493 0.36984
494 0.37006
495 0.37028
496 0.37049
497 0.37072
498 0.37094
499 0.37117
500 0.37140
501 0.37163
502 0.37186
503 0.37210
504 0.37234
505 0.37258
506 0.37282
507 0.37306
508 0.37331
509 0.37356
510 0.37381
511 0.37407
512 0.37433
513 0.37459
514 0.37485
515 0.37511
516 0.37538
517 0.37565
518 0.37592
519 0.37619
520 0.37647
521 0.37675
522 0.37703
523 0.37731
524 0.37760
525 0.37789
526 0.37818
527 0.37847
528 0.37877
529 0.37907
530 0.37937
531 0.37967
532 0.37998
533 0.38029
534 0.38060
535 0.38091
536 0.38123
537 0.38154
538 0.38186
539 0.38219
540 0.38251
541 0.38284
542 0.38317
543 0.38350
544 0.38384
545 0.38418
546 0.38452
547 0.38486
548 0.38521
549 0.38556
550 0.38591
551 0.38626
552 0.38662
553 0.38697
554 0.38734
555 0.38770
556 0.38807
557 0.38843
558 0.38881
559 0.38918
560 0.38956
561 0.38994
562 0.39032
563 0.39070
564 0.39109
565 0.39148
566 0.39187
567 0.39227
568 0.39266
569 0.39306
570 0.39347
571 0.39387
572 0.39428
573 0.39469
574 0.39510
575 0.39552
576 0.39594
577 0.39636
578 0.39679
579 0.39721
580 0.39764
581 0.39808
582 0.39851
583 0.39895
584 0.39939
585 0.39983
586 0.40028
587 0.40073
588 0.40118
589 0.40164
590 0.40209
591 0.40255
592 0.40302
593 0.40348
594 0.40395
595 0.40442
596 0.40490
597 0.40538
598 0.40586
599 0.40634
600 0.40683
601 0.40731
602 0.40781
603 0.40830
604 0.40880
605 0.40930
606 0.40980
607 0.41031
608 0.41082
609 0.41133
610 0.41185
611 0.41237
612 0.41289
613 0.41341
614 0.41394
615 0.41447
616 0.41500
617 0.41554
618 0.41608
619 0.41662
620 0.41717
621 0.41771
622 0.41827
623 0.41882
624 0.41938
625 0.41994
626 0.42050
627 0.42107
628 0.42164
629 0.42221
630 0.42279
631 0.42337
632 0.42395
633 0.42454
634 0.42513
635 0.42572
636 0.42632
637 0.42692
638 0.42752
639 0.42812
640 0.42873
641 0.42934
642 0.42996
643 0.43058
644 0.43120
645 0.43182
646 0.43245
647 0.43308
648 0.43372
649 0.43436
650 0.43500
651 0.43565
652 0.43629
653 0.43695
654 0.43760
655 0.43826
656 0.43892
657 0.43959
658 0.44026
659 0.44093
660 0.44161
661 0.44229
662 0.44297
663 0.44366
664 0.44435
665 0.44504
666 0.44574
667 0.44644
668 0.44714
669 0.44785
670 0.44856
671 0.44928
672 0.45000
673 0.45072
674 0.45145
675 0.45218
676 0.45291
677 0.45365
678 0.45439
679 0.45514
680 0.45588
681 0.45664
682 0.45739
683 0.45815
684 0.45892
685 0.45969
686 0.46046
687 0.46123
688 0.46201
689 0.46279
690 0.46358
691 0.46437
692 0.46488
693 0.46568
694 0.46648
695 0.46729
696 0.46810
697 0.46892
698 0.46974
699 0.47056
700 0.47140
701 0.47223
702 0.47307
703 0.47392
704 0.47477
705 0.47563
706 0.47650
707 0.47736
708 0.47824
709 0.47912
710 0.48000
711 0.48090
712 0.48179
713 0.48269
714 0.48360
715 0.48452
716 0.48544
717 0.48636
718 0.48730
719 0.48824
720 0.48919
721 0.49014
722 0.49109
723 0.49205
724 0.49302
725 0.49400
726 0.49498
727 0.49597
728 0.49696
729 0.49796
730 0.49897
731 0.49999
732 0.50101
733 0.50204
734 0.50308
735 0.50413
736 0.50518
737 0.50624
738 0.50731
739 0.50837
740 0.50944
741 0.51052
742 0.51161
743 0.51270
744 0.51381
745 0.51492
746 0.51603
747 0.51716
748 0.51829
749 0.51943
750 0.52058
751 0.52174
752 0.52290
753 0.52408
754 0.52526
755 0.52645
756 0.52764
757 0.52885
758 0.53006
759 0.53129
760 0.53252
761 0.53376
762 0.53501
763 0.53626
764 0.53753
765 0.53880
766 0.54008
767 0.54138
768 0.54268
769 0.54399
770 0.54531
771 0.54663
772 0.54797
773 0.54932
774 0.55067
775 0.55204
776 0.55341
777 0.55480
778 0.55619
779 0.55757
780 0.55897
781 0.56037
782 0.56178
783 0.56320
784 0.56463
785 0.56607
786 0.56751
787 0.56897
788 0.57044
789 0.57192
790 0.57341
791 0.57491
792 0.57642
793 0.57794
794 0.57948
795 0.58102
796 0.58257
797 0.58413
798 0.58571
799 0.58729
800 0.58889
801 0.59049
802 0.59211
803 0.59374
804 0.59538
805 0.59703
806 0.59870
807 0.60037
808 0.60206
809 0.60376
810 0.60547
811 0.60719
812 0.60892
813 0.61067
814 0.61243
815 0.61420
816 0.61598
817 0.61777
818 0.61958
819 0.62140
820 0.62323
821 0.62508
822 0.62694
823 0.62881
824 0.63070
825 0.63259
826 0.63450
827 0.63643
828 0.63837
829 0.64032
830 0.64228
831 0.64426
832 0.64626
833 0.64826
834 0.65028
835 0.65232
836 0.65437
837 0.65643
838 0.65851
839 0.66060
840 0.66271
841 0.66484
842 0.66697
843 0.66913
844 0.67130
845 0.67348
846 0.67568
847 0.67789
848 0.68013
849 0.68237
850 0.68464
851 0.68691
852 0.68921
853 0.69152
854 0.69385
855 0.69619
856 0.69855
857 0.70093
858 0.70333
859 0.70574
860 0.70817
861 0.71062
862 0.71308
863 0.71557
864 0.71807
865 0.72059
866 0.72312
867 0.72568
868 0.72825
869 0.73085
870 0.73346
871 0.73609
872 0.73874
873 0.74141
874 0.74409
875 0.74680
876 0.74953
877 0.75228
878 0.75504
879 0.75783
880 0.76064
881 0.76347
882 0.76632
883 0.76919
884 0.77208
885 0.77499
886 0.77792
887 0.78088
888 0.78386
889 0.78686
890 0.78988
891 0.79292
892 0.79599
893 0.79908
894 0.80219
895 0.80533
896 0.80849
897 0.81167
898 0.81487
899 0.81810
900 0.82136
901 0.82464
902 0.82794
903 0.83127
904 0.83462
905 0.83800
906 0.84140
907 0.84483
908 0.84829
909 0.85177
910 0.85528
911 0.85881
912 0.85725
913 0.86856
914 0.87606
915 0.88124
916 0.88418
917 0.88569
918 0.88737
919 0.88927
920 0.89144
921 0.89396
922 0.89368
923 0.89332
924 0.89624
925 0.89586
926 0.89548
927 0.89911
928 0.89874
929 0.89836
930 0.89799
931 0.90266
932 0.90230
933 0.90194
934 0.90158
935 0.90122
936 0.90086
937 0.90050
938 0.90685
939 0.90651
940 0.90617
941 0.90582
942 0.90548
943 0.90513
944 0.90478
945 0.90443
946 0.90408
947 0.90373
948 0.90338
949 0.90303
950 0.91237
951 0.91205
952 0.91173
953 0.91141
954 0.91108
955 0.91076
956 0.91043
957 0.91011
958 0.90978
959 0.90945
960 0.90912
961 0.90880
962 0.90847
963 0.90813
964 0.90780
965 0.90747
966 0.90714
967 0.90680
968 0.90647
969 0.90613
970 0.90580
971 0.90546
972 0.90512
973 0.92059
974 0.92030
975 0.92001
976 0.91973
977 0.91944
978 0.91915
979 0.91886
980 0.91857
981 0.91827
982 0.91798
983 0.91769
984 0.91740
985 0.91710
986 0.91681
987 0.91651
988 0.91621
989 0.91592
990 0.91562
991 0.91532
992 0.91502
993 0.91472
994 0.91442
995 0.91412
996 0.91382
997 0.91351
998 0.91321
999 0.91290
1000 0.91260
1001 0.91229
1002 0.91199
1003 0.91168
1004 0.91137
1005 0.91106
1006 0.91075
1007 0.91044
1008 0.91013
1009 0.90982
1010 0.90951
1011 0.90920
1012 0.90888
1013 0.90857
1014 0.90825
1015 0.90794
1016 0.90762
1017 0.90730
1018 0.90698
1019 0.90667
1020 0.90635
1021 0.90603
1022 0.90570
1023 0.90538
1024 0.90506
1025 0.90474
1026 0.93655
1027 0.93633
1028 0.93611
1029 0.93589
1030 0.93567
1031 0.93545
1032 0.93522
1033 0.93500
1034 0.93478
1035 0.93455
1036 0.93433
1037 0.93410
1038 0.93388
1039 0.93365
1040 0.93342
1041 0.93319
1042 0.93297
1043 0.93274
1044 0.93251
1045 0.93228
1046 0.93205
1047 0.93182
1048 0.93159
1049 0.93136
1050 0.93112
1051 0.93089
1052 0.93066
1053 0.93042
1054 0.93019
1055 0.92995
1056 0.92972
1057 0.92948
1058 0.92924
1059 0.92901
1060 0.92877
1061 0.92853
1062 0.92829
1063 0.92805
1064 0.92781
1065 0.92757
1066 0.92733
1067 0.92709
1068 0.92685
1069 0.92661
1070 0.92636
1071 0.92612
1072 0.92587
1073 0.92563
1074 0.92538
1075 0.92514
1076 0.92489
1077 0.92464
1078 0.92440
1079 0.92415
1080 0.92390
1081 0.92365
1082 0.92340
1083 0.92315
1084 0.92290
1085 0.92265
1086 0.92240
1087 0.92214
1088 0.92189
1089 0.92164
1090 0.92138
1091 0.92113
1092 0.92087
1093 0.92062
1094 0.92036
1095 0.92010
1096 0.91985
1097 0.91959
1098 0.91933
1099 0.91907
1100 0.91881
1101 0.91855
1102 0.91829
1103 0.91803
1104 0.91776
1105 0.91750
1106 0.91724
1107 0.91697
1108 0.91671
1109 0.91645
1110 0.91618
1111 0.91591
1112 0.91565
1113 0.91538
1114 0.91511
1115 0.91484
1116 0.91458
1117 0.91431
1118 0.91404
1119 0.91377
1120 0.91349
1121 0.91322
1122 0.91295
1123 0.91268
1124 0.91240
1125 0.91213
1126 0.91186
1127 0.91158
1128 0.91130
1129 0.91103
1130 0.91075
1131 0.91047
1132 0.91020
1133 0.90992
1134 0.90964
1135 0.90936
1136 0.90908
1137 0.90880
1138 0.90852
1139 0.90823
1140 0.90795
1141 0.90767
1142 0.90738
1143 0.90710
1144 0.90681
1145 0.90653
1146 0.90624
1147 0.90596
1148 0.90567
1149 0.90538
1150 0.90509
1151 0.90480
1152 0.90451
1153 0.90422
1154 0.90393
1155 0.90364
1156 0.90335
1157 0.90306
1158 0.90276
1159 0.90247
1160 0.90218
1161 0.90188
1162 0.90159
1163 0.90129
1164 0.90099
1165 0.90070
1166 0.90040
1167 0.90010
1168 0.89980
1169 0.89950
1170 0.89920
1171 0.89890
1172 0.89860
1173 0.89830
1174 0.89799
1175 0.89769
1176 0.89739
1177 0.89708
1178 0.89678
1179 0.89647
1180 0.89617
1181 0.89586
1182 0.89555
1183 0.89524
1184 0.89494
1185 0.89463
1186 0.89432
1187 0.89401
1188 0.89370
1189 0.89338
1190 0.89307
1191 0.89276
1192 0.89245
1193 0.89213
1194 0.89182
1195 0.89150
1196 0.89119
1197 0.89087
1198 0.89055
1199 0.89024
1200 0.88992
1201 0.88960
1202 0.88928
1203 0.88896
1204 0.88864
1205 0.88832
1206 0.88800
1207 0.88768
1208 0.88735
1209 0.88703
1210 0.88670
1211 0.88638
1212 0.88605
1213 0.88573
1214 0.88540
1215 0.88508
1216 1.00000
