17 151.84007
18 96.75174
19 63.59971
20 42.97227
21 29.75259
22 21.05401
23 15.19333
24 11.15961
25 8.32920
26 6.30797
27 4.84127
28 3.76121
29 2.95507
30 2.34584
31 1.88011
32 1.52025
33 1.23943
34 1.01826
35 0.84256
36 0.70185
37 0.58832
38 0.49606
39 0.42058
40 0.35844
41 0.30699
42 0.26414
43 0.22827
44 0.19809
45 0.17257
46 0.15090
47 0.13242
48 0.11660
49 0.10299
50 0.09125
51 0.08109
52 0.07225
53 0.06455
54 0.05782
55 0.05191
56 0.04672
57 0.04214
58 0.03809
59 0.03450
60 0.03131
61 0.02847
62 0.02593
63 0.02366
64 0.02163
65 0.01980
66 0.01816
67 0.01667
68 0.01533
69 0.01412
70 0.01302
71 0.01202
72 0.01112
73 0.01029
74 0.00954
75 0.00885
76 0.00822
77 0.00764
78 0.00711
79 0.00663
80 0.00618
81 0.00577
82 0.00539
83 0.00504
84 0.00472
85 0.00442
86 0.00415
87 0.00389
88 0.00365
89 0.00343
90 0.00323
91 0.00304
92 0.00286
93 0.00270
94 0.00254
95 0.00240
96 0.00227
97 0.00214
98 0.00202
99 0.00191
100 0.00181
101 0.00171
102 0.00162
103 0.00154
104 0.00146
105 0.00138
106 0.00131
107 0.00125
108 0.00119
109 0.00113
110 0.00107
111 0.00102
112 0.00097
113 0.00092
114 0.00088
115 0.00084
116 0.00080
117 0.00076
118 0.00073
119 0.00069
120 0.00066
121 0.00063
122 0.00060
123 0.00058
124 0.00055
125 0.00053
126 0.00050
127 0.00048
128 0.00046
129 0.00044
130 0.00042
131 0.00040
132 0.00039
133 0.00037
134 0.00036
135 0.00034
136 0.00033
137 0.00031
138 0.00030
139 0.00029
140 0.00028
141 0.00027
142 0.00026
143 0.00025
144 0.00024
145 0.00023
146 0.00022
147 0.00021
148 0.00020
149 0.00019
150 0.00019
151 0.00018
152 0.00017
153 0.00017
154 0.00016
155 0.00015
156 0.00015
157 0.00014
158 0.00014
159 0.00013
160 0.00013
161 0.00012
162 0.00012
163 0.00011
164 0.00011
165 0.00010
166 0.00010
167 0.00010
168 0.00009
169 0.00009
170 0.00009
171 0.00008
172 0.00008
173 0.00008
174 0.00008
175 0.00007
176 0.00007
177 0.00007
178 0.00007
179 0.00006
180 0.00006
181 0.00006
182 0.00006
183 0.00005
184 0.00005
185 0.00005
186 0.00005
187 0.00005
188 0.00005
189 0.00004
190 0.00004
191 0.00004
192 0.00004
193 0.00004
194 0.00004
195 0.00004
196 0.00003
197 0.00003
198 0.00003
199 0.00003
200 0.00003
201 0.00003
202 0.00003
203 0.00003
204 0.00003
205 0.00003
206 0.00002
207 0.00002
208 0.00002
209 0.00002
210 0.00002
211 0.00002
212 0.00002
213 0.00002
214 0.00002
215 0.00002
216 0.00002
217 0.00002
218 0.00002
219 0.00002
220 0.00002
221 0.00002
222 0.00001
223 0.00001
224 0.00001
225 0.00001
226 0.00001
227 0.00001
228 0.00001
229 0.00001
230 0.00001
231 0.00001
232 0.00001
233 0.00001
234 0.00001
235 0.00001
236 0.00001
237 0.00001
238 0.00001
239 0.00001
240 0.00001
241 0.00001
242 0.00001
243 0.00001
244 0.00001
245 0.00001
246 0.00001
247 0.00001
248 0.00001
249 0.00001
250 0.00001
251 0.00001
252 0.00001
253 0.00001
254 0.00001
255 0.00000
256 0.00000
257 0.00000
258 0.00000
259 0.00000
260 0.00000
261 0.00000
262 0.00000
263 0.00000
264 0.00000
265 0.00000
266 0.00000
267 0.00000
268 0.00000
269 0.00000
270 0.00000
271 0.00000
272 0.00000
273 0.00000
274 0.00000
275 0.00000
276 0.00000
277 0.00000
278 0.00000
279 0.00000
280 0.00000
281 0.00000
282 0.00000
283 0.00000
284 0.00000
285 0.00000
286 0.00000
287 0.00000
288 0.00000
289 0.00000
290 0.00000
291 0.00000
292 0.00000
293 0.00000
294 0.00000
295 0.00000
296 0.00000
297 0.00000
298 0.00000
299 0.00000
300 0.00000
301 0.00000
302 0.00000
303 0.00000
304 0.00000
305 0.00000
306 0.00000
307 0.00000
308 0.00000
309 0.00000
310 0.00000
311 0.00000
312 0.00000
313 0.00000
314 0.00000
315 0.00000
316 0.00000
317 0.00000
318 0.00000
319 0.00000
320 0.00000
321 0.00000
322 0.00000
323 0.00000
324 0.00000
325 0.00000
326 0.00000
327 0.00000
328 0.00000
329 0.00000
330 0.00000
331 0.00000
332 0.00000
333 0.00000
334 0.00000
335 0.00000
336 0.00000
337 0.00000
338 0.00000
339 0.00000
340 0.00000
341 0.00000
342 0.00000
343 0.00000
344 0.00000
345 0.00000
346 0.00000
347 0.00000
348 0.00000
349 0.00000
350 0.00000
351 0.00000
352 0.00000
353 0.00000
354 0.00000
355 0.00000
356 0.00000
357 0.00000
358 0.00000
359 0.00000
360 0.00000
361 0.00000
362 0.00000
363 0.00000
364 0.00000
365 0.00000
366 0.00000
367 0.00000
368 0.00000
369 0.00000
370 0.00000
371 0.00000
372 0.00000
373 0.00000
374 0.00000
375 0.00000
376 0.00000
377 0.00000
378 0.00000
379 0.00000
380 0.00000
381 0.00000
382 0.00000
383 0.00000
384 0.00000
385 0.00000
386 0.00000
387 0.00000
388 0.00000
389 0.00000
390 0.00000
391 0.00000
392 0.00000
393 0.00000
394 0.00000
395 0.00000
396 0.00000
397 0.00000
398 0.00000
399 0.00000
400 0.00000
401 0.00000
402 0.00000
403 0.00000
404 0.00000
405 0.00000
406 0.00000
407 0.00000
408 0.00000
409 0.00000
410 0.00000
411 0.00000
412 0.00000
413 0.00000
414 0.00000
415 0.00000
416 0.00000
417 0.00000
418 0.00000
419 0.00000
420 0.00000
421 0.00000
422 0.00000
423 0.00000
424 0.00000
425 0.00000
426 0.00000
427 0.00000
428 0.00000
429 0.00000
430 0.00000
431 0.00000
432 0.00000
433 0.00000
434 0.00000
435 0.00000
436 0.00000
437 0.00000
438 0.00000
439 0.00000
440 0.00000
441 0.00000
442 0.00000
443 0.00000
444 0.00000
445 0.00000
446 0.00000
447 0.00000
448 0.00000
449 0.00000
450 0.00000
451 0.00000
452 0.00000
453 0.00000
454 0.00000
455 0.00000
456 0.00000
457 0.00000
458 0.00000
459 0.00000
460 0.00000
461 0.00000
462 0.00000
463 0.00000
464 0.00000
465 0.00000
466 0.00000
467 0.00000
468 0.00000
469 0.00000
470 0.00000
471 0.00000
472 0.00000
473 0.00000
474 0.00000
475 0.00000
476 0.00000
477 0.00000
478 0.00000
479 0.00000
480 0.00000
481 0.00000
482 0.00000
483 0.00000
484 0.00000
485 0.00000
486 0.00000
487 0.00000
488 0.00000
489 0.00000
490 0.00000
491 0.00000
492 0.00000
493 0.00000
494 0.00000
495 0.00000
496 0.00000
497 0.00000
498 0.00000
499 0.00000
500 0.00000
501 0.00000
502 0.00000
503 0.00000
504 0.00000
505 0.00000
506 0.00000
507 0.00000
508 0.00000
509 0.00000
510 0.00000
511 0.00000
512 0.00000
513 0.00000
514 0.00000
515 0.00000
516 0.00000
517 0.00000
518 0.00000
519 0.00000
520 0.00000
521 0.00000
522 0.00000
523 0.00000
524 0.00000
525 0.00000
526 0.00000
527 0.00000
528 0.00000
529 0.00000
530 0.00000
531 0.00000
532 0.00000
533 0.00000
534 0.00000
535 0.00000
536 0.00000
537 0.00000
538 0.00000
539 0.00000
540 0.00000
541 0.00000
542 0.00000
543 0.00000
544 0.00000
545 0.00000
546 0.00000
547 0.00000
548 0.00000
549 0.00000
550 0.00000
551 0.00000
552 0.00000
553 0.00000
554 0.00000
555 0.00000
556 0.00000
557 0.00000
558 0.00000
559 0.00000
560 0.00000
561 0.00000
562 0.00000
563 0.00000
564 0.00000
565 0.00000
566 0.00000
567 0.00000
568 0.00000
569 0.00000
570 0.00000
571 0.00000
572 0.00000
573 0.00000
574 0.00000
575 0.00000
576 0.00000
577 0.00000
578 0.00000
579 0.00000
580 0.00000
581 0.00000
582 0.00000
583 0.00000
584 0.00000
585 0.00000
586 0.00000
587 0.00000
588 0.00000
589 0.00000
590 0.00000
591 0.00000
592 0.00000
593 0.00000
594 0.00000
595 0.00000
596 0.00000
597 0.00000
598 0.00000
599 0.00000
600 0.00000
601 0.00000
602 0.00000
603 0.00000
604 0.00000
605 0.00000
606 0.00000
607 0.00000
608 0.00000
609 0.00000
610 0.00000
611 0.00000
612 0.00000
613 0.00000
614 0.00000
615 0.00000
616 0.00000
617 0.00000
618 0.00000
619 0.00000
620 0.00000
621 0.00000
622 0.00000
623 0.00000
624 0.00000
625 0.00000
626 0.00000
627 0.00000
628 0.00000
629 0.00000
630 0.00000
631 0.00000
632 0.00000
633 0.00000
634 0.00000
635 0.00000
636 0.00000
637 0.00000
638 0.00000
639 0.00000
640 0.00000
641 0.00000
642 0.00000
643 0.00000
644 0.00000
645 0.00000
646 0.00000
647 0.00000
648 0.00000
649 0.00000
650 0.00000
651 0.00000
652 0.00000
653 0.00000
654 0.00000
655 0.00000
656 0.00000
657 0.00000
658 0.00000
659 0.00000
660 0.00000
661 0.00000
662 0.00000
663 0.00000
664 0.00000
665 0.00000
666 0.00000
667 0.00000
668 0.00000
669 0.00000
670 0.00000
671 0.00000
672 0.00000
673 0.00000
674 0.00000
675 0.00000
676 0.00000
677 0.00000
678 0.00000
679 0.00000
680 0.00000
681 0.00000
682 0.00000
683 0.00000
684 0.00000
685 0.00000
686 0.00000
687 0.00000
688 0.00000
689 0.00000
690 0.00000
691 0.00000
692 0.00000
693 0.00000
694 0.00000
695 0.00000
696 0.00000
697 0.00000
698 0.00000
699 0.00000
700 0.00000
701 0.00000
702 0.00000
703 0.00000
704 0.00000
705 0.00000
706 0.00000
707 0.00000
708 0.00000
709 0.00000
710 0.00000
711 0.00000
712 0.00000
713 0.00000
714 0.00000
715 0.00000
716 0.00000
717 0.00000
718 0.00000
719 0.00000
720 0.00000
721 0.00000
722 0.00000
723 0.00000
724 0.00000
725 0.00000
726 0.00000
727 0.00000
728 0.00000
729 0.00000
730 0.00000
731 0.00000
732 0.00000
733 0.00000
734 0.00000
735 0.00000
736 0.00000
737 0.00000
738 0.00000
739 0.00000
740 0.00000
741 0.00000
742 0.00000
743 0.00000
744 0.00000
745 0.00000
746 0.00000
747 0.00000
748 0.00000
749 0.00000
750 0.00000
751 0.00000
752 0.00000
753 0.00000
754 0.00000
755 0.00000
756 0.00000
757 0.00000
758 0.00000
759 0.00000
760 0.00000
761 0.00000
762 0.00000
763 0.00000
764 0.00000
765 0.00000
766 0.00000
767 0.00000
768 0.00000
769 0.00000
770 0.00000
771 0.00000
772 0.00000
773 0.00000
774 0.00000
775 0.00000
776 0.00000
777 0.00000
778 0.00000
779 0.00000
780 0.00000
781 0.00000
782 0.00000
783 0.00000
784 0.00000
785 0.00000
786 0.00000
787 0.00000
788 0.00000
789 0.00000
790 0.00000
791 0.00000
792 0.00000
793 0.00000
794 0.00000
795 0.00000
796 0.00000
797 0.00000
798 0.00000
799 0.00000
800 0.00000
801 0.00000
802 0.00000
803 0.00000
804 0.00000
805 0.00000
806 0.00000
807 0.00000
808 0.00000
809 0.00000
810 0.00000
811 0.00000
812 0.00000
813 0.00000
814 0.00000
815 0.00000
816 0.00000
817 0.00000
818 0.00000
819 0.00000
820 0.00000
821 0.00000
822 0.00000
823 0.00000
824 0.00000
825 0.00000
826 0.00000
827 0.00000
828 0.00000
829 0.00000
830 0.00000
831 0.00000
832 0.00000
833 0.00000
834 0.00000
835 0.00000
836 0.00000
837 0.00000
838 0.00000
839 0.00000
840 0.00000
841 0.00000
842 0.00000
843 0.00000
844 0.00000
845 0.00000
846 0.00000
847 0.00000
848 0.00000
849 0.00000
850 0.00000
851 0.00000
852 0.00000
853 0.00000
854 0.00000
855 0.00000
856 0.00000
857 0.00000
858 0.00000
859 0.00000
860 0.00000
861 0.00000
862 0.00001
863 0.00001
864 0.00001
865 0.00001
866 0.00001
867 0.00001
868 0.00001
869 0.00001
870 0.00001
871 0.00001
872 0.00002
873 0.00002
874 0.00002
875 0.00002
876 0.00002
877 0.00003
878 0.00003
879 0.00003
880 0.00004
881 0.00004
882 0.00005
883 0.00005
884 0.00006
885 0.00007
886 0.00008
887 0.00009
888 0.00010
889 0.00011
890 0.00013
891 0.00015
892 0.00016
893 0.00019
894 0.00021
895 0.00024
896 0.00027
897 0.00031
898 0.00036
899 0.00041
900 0.00046
901 0.00053
902 0.00061
903 0.00069
904 0.00079
905 0.00091
906 0.00105
907 0.00120
908 0.00138
909 0.00159
910 0.00183
911 0.00212
912 0.00236
913 0.00314
914 0.00391
915 0.00464
916 0.00512
917 0.00537
918 0.00568
919 0.00610
920 0.00666
921 0.00744
922 0.00723
923 0.00702
924 0.00810
925 0.00787
926 0.00765
927 0.00923
928 0.00898
929 0.00873
930 0.00849
931 0.01096
932 0.01068
933 0.01040
934 0.01012
935 0.00985
936 0.00959
937 0.00933
938 0.01343
939 0.01309
940 0.01277
941 0.01245
942 0.01213
943 0.01183
944 0.01153
945 0.01123
946 0.01094
947 0.01066
948 0.01038
949 0.01011
950 0.01763
951 0.01722
952 0.01682
953 0.01643
954 0.01605
955 0.01567
956 0.01530
957 0.01494
958 0.01458
959 0.01423
960 0.01389
961 0.01356
962 0.01323
963 0.01291
964 0.01259
965 0.01228
966 0.01198
967 0.01168
968 0.01139
969 0.01110
970 0.01082
971 0.01055
972 0.01028
973 0.02656
974 0.02602
975 0.02549
976 0.02497
977 0.02446
978 0.02395
979 0.02345
980 0.02297
981 0.02249
982 0.02201
983 0.02155
984 0.02109
985 0.02064
986 0.02020
987 0.01977
988 0.01934
989 0.01892
990 0.01851
991 0.01810
992 0.01770
993 0.01731
994 0.01693
995 0.01655
996 0.01618
997 0.01582
998 0.01546
999 0.01511
1000 0.01476
1001 0.01443
1002 0.01410
1003 0.01377
1004 0.01345
1005 0.01314
1006 0.01283
1007 0.01253
1008 0.01223
1009 0.01194
1010 0.01166
1011 0.01138
1012 0.01111
1013 0.01084
1014 0.01058
1015 0.01032
1016 0.01007
1017 0.00982
1018 0.00958
1019 0.00934
1020 0.00911
1021 0.00888
1022 0.00866
1023 0.00844
1024 0.00822
1025 0.00802
1026 0.05869
1027 0.05780
1028 0.05693
1029 0.05606
1030 0.05521
1031 0.05436
1032 0.05352
1033 0.05269
1034 0.05187
1035 0.05106
1036 0.05026
1037 0.04947
1038 0.04869
1039 0.04791
1040 0.04715
1041 0.04639
1042 0.04565
1043 0.04491
1044 0.04418
1045 0.04346
1046 0.04275
1047 0.04205
1048 0.04135
1049 0.04067
1050 0.03999
1051 0.03932
1052 0.03866
1053 0.03801
1054 0.03737
1055 0.03673
1056 0.03610
1057 0.03548
1058 0.03487
1059 0.03427
1060 0.03367
1061 0.03309
1062 0.03251
1063 0.03194
1064 0.03137
1065 0.03081
1066 0.03027
1067 0.02972
1068 0.02919
1069 0.02866
1070 0.02815
1071 0.02763
1072 0.02713
1073 0.02663
1074 0.02614
1075 0.02566
1076 0.02518
1077 0.02471
1078 0.02425
1079 0.02379
1080 0.02334
1081 0.02290
1082 0.02247
1083 0.02204
1084 0.02161
1085 0.02120
1086 0.02079
1087 0.02038
1088 0.01999
1089 0.01959
1090 0.01921
1091 0.01883
1092 0.01846
1093 0.01809
1094 0.01773
1095 0.01737
1096 0.01702
1097 0.01668
1098 0.01634
1099 0.01600
1100 0.01568
1101 0.01535
1102 0.01504
1103 0.01473
1104 0.01442
1105 0.01412
1106 0.01382
1107 0.01353
1108 0.01324
1109 0.01296
1110 0.01269
1111 0.01241
1112 0.01215
1113 0.01189
1114 0.01163
1115 0.01138
1116 0.01113
1117 0.01088
1118 0.01064
1119 0.01041
1120 0.01018
1121 0.00995
1122 0.00973
1123 0.00951
1124 0.00929
1125 0.00908
1126 0.00888
1127 0.00868
1128 0.00848
1129 0.00828
1130 0.00809
1131 0.00790
1132 0.00772
1133 0.00754
1134 0.00736
1135 0.00719
1136 0.00702
1137 0.00685
1138 0.00669
1139 0.00653
1140 0.00637
1141 0.00622
1142 0.00607
1143 0.00592
1144 0.00578
1145 0.00563
1146 0.00550
1147 0.00536
1148 0.00523
1149 0.00510
1150 0.00497
1151 0.00485
1152 0.00472
1153 0.00461
1154 0.00449
1155 0.00437
1156 0.00426
1157 0.00415
1158 0.00405
1159 0.00394
1160 0.00384
1161 0.00374
1162 0.00364
1163 0.00355
1164 0.00345
1165 0.00336
1166 0.00327
1167 0.00319
1168 0.00310
1169 0.00302
1170 0.00294
1171 0.00286
1172 0.00278
1173 0.00270
1174 0.00263
1175 0.00256
1176 0.00249
1177 0.00242
1178 0.00235
1179 0.00228
1180 0.00222
1181 0.00216
1182 0.00210
1183 0.00204
1184 0.00198
1185 0.00192
1186 0.00187
1187 0.00182
1188 0.00176
1189 0.00171
1190 0.00166
1191 0.00161
1192 0.00157
1193 0.00152
1194 0.00148
1195 0.00143
1196 0.00139
1197 0.00135
1198 0.00131
1199 0.00127
1200 0.00123
1201 0.00119
1202 0.00116
1203 0.00112
1204 0.00109
1205 0.00105
1206 0.00102
1207 0.00099
1208 0.00096
1209 0.00093
1210 0.00090
1211 0.00087
1212 0.00084
1213 0.00082
1214 0.00079
1215 0.00077
1216 1.00000
