17 1.44055
18 1.38485
19 1.33490
20 1.28982
21 1.24890
22 1.21157
23 1.17735
24 1.14585
25 1.11675
26 1.08977
27 1.06467
28 1.04125
29 1.01934
30 0.99879
31 0.97947
32 0.96126
33 0.94407
34 0.92781
35 0.91239
36 0.89776
37 0.88384
38 0.87059
39 0.85795
40 0.84589
41 0.83435
42 0.82330
43 0.81271
44 0.80255
45 0.79279
46 0.78340
47 0.77437
48 0.76567
49 0.75729
50 0.74919
51 0.74138
52 0.73383
53 0.72653
54 0.71946
55 0.71261
56 0.70598
57 0.69955
58 0.69331
59 0.68725
60 0.68137
61 0.67565
62 0.67009
63 0.66469
64 0.65942
65 0.65430
66 0.64931
67 0.64444
68 0.63969
69 0.63507
70 0.63055
71 0.62614
72 0.62184
73 0.61763
74 0.61353
75 0.60951
76 0.60558
77 0.60174
78 0.59798
79 0.59430
80 0.59070
81 0.58717
82 0.58372
83 0.58033
84 0.57701
85 0.57376
86 0.57057
87 0.56744
88 0.56437
89 0.56135
90 0.55840
91 0.55549
92 0.55264
93 0.54984
94 0.54709
95 0.54439
96 0.54174
97 0.53913
98 0.53656
99 0.53404
100 0.53156
101 0.52912
102 0.52672
103 0.52435
104 0.52203
105 0.51974
106 0.51749
107 0.51527
108 0.51309
109 0.51094
110 0.50882
111 0.50673
112 0.50468
113 0.50265
114 0.50066
115 0.49869
116 0.49675
117 0.49484
118 0.49295
119 0.49110
120 0.48926
121 0.48746
122 0.48567
123 0.48391
124 0.48218
125 0.48047
126 0.47878
127 0.47711
128 0.47547
129 0.47384
130 0.47224
131 0.47066
132 0.46909
133 0.46755
134 0.46603
135 0.46452
136 0.46303
137 0.46157
138 0.46012
139 0.45868
140 0.45727
141 0.45587
142 0.45449
143 0.45312
144 0.45177
145 0.45044
146 0.44912
147 0.44782
148 0.44653
149 0.44526
150 0.44400
151 0.44275
152 0.44152
153 0.44031
154 0.43910
155 0.43792
156 0.43674
157 0.43558
158 0.43442
159 0.43329
160 0.43216
161 0.43105
162 0.42994
163 0.42885
164 0.42778
165 0.42671
166 0.42565
167 0.42461
168 0.42358
169 0.42255
170 0.42154
171 0.42054
172 0.41955
173 0.41857
174 0.41760
175 0.41663
176 0.41568
177 0.41474
178 0.41381
179 0.41289
180 0.41197
181 0.41107
182 0.41017
183 0.40929
184 0.40841
185 0.40754
186 0.40668
187 0.40583
188 0.40499
189 0.40415
190 0.40333
191 0.40251
192 0.40170
193 0.40089
194 0.40010
195 0.39931
196 0.39853
197 0.39776
198 0.39699
199 0.39624
200 0.39549
201 0.39474
202 0.39401
203 0.39328
204 0.39256
205 0.39184
206 0.39113
207 0.39043
208 0.38974
209 0.38905
210 0.38837
211 0.38769
212 0.38702
213 0.38636
214 0.38571
215 0.38506
216 0.38441
217 0.38377
218 0.38314
219 0.38252
220 0.38190
221 0.38128
222 0.38067
223 0.38007
224 0.37947
225 0.37888
226 0.37830
227 0.37772
228 0.37714
229 0.37657
230 0.37601
231 0.37545
232 0.37489
233 0.37434
234 0.37380
235 0.37326
236 0.37273
237 0.37220
238 0.37168
239 0.37116
240 0.37065
241 0.37014
242 0.36963
243 0.36914
244 0.36864
245 0.36815
246 0.36767
247 0.36719
248 0.36671
249 0.36624
250 0.36577
251 0.36531
252 0.36485
253 0.36440
254 0.36395
255 0.36351
256 0.36307
257 0.36263
258 0.36220
259 0.36177
260 0.36135
261 0.36093
262 0.36051
263 0.36010
264 0.35970
265 0.35929
266 0.35889
267 0.35850
268 0.35811
269 0.35772
270 0.35734
271 0.35696
272 0.35658
273 0.35621
274 0.35584
275 0.35548
276 0.35512
277 0.35476
278 0.35441
279 0.35406
280 0.35371
281 0.35337
282 0.35303
283 0.35270
284 0.35237
285 0.35204
286 0.35171
287 0.35139
288 0.35108
289 0.35076
290 0.35045
291 0.35014
292 0.34984
293 0.34954
294 0.34924
295 0.34895
296 0.34866
297 0.34837
298 0.34809
299 0.34781
300 0.34753
301 0.34726
302 0.34699
303 0.34672
304 0.34645
305 0.34619
306 0.34593
307 0.34568
308 0.34543
309 0.34518
310 0.34493
311 0.34469
312 0.34445
313 0.34421
314 0.34398
315 0.34375
316 0.34352
317 0.34329
318 0.34307
319 0.34285
320 0.34264
321 0.34242
322 0.34221
323 0.34201
324 0.34180
325 0.34160
326 0.34140
327 0.34121
328 0.34101
329 0.34082
330 0.34064
331 0.34045
332 0.34027
333 0.34009
334 0.33991
335 0.33974
336 0.33957
337 0.33940
338 0.33924
339 0.33907
340 0.33891
341 0.33876
342 0.33860
343 0.33845
344 0.33830
345 0.33815
346 0.33801
347 0.33787
348 0.33773
349 0.33759
350 0.33746
351 0.33733
352 0.33720
353 0.33707
354 0.33695
355 0.33683
356 0.33671
357 0.33660
358 0.33648
359 0.33637
360 0.33627
361 0.33616
362 0.33606
363 0.33596
364 0.33586
365 0.33576
366 0.33567
367 0.33558
368 0.33549
369 0.33541
370 0.33532
371 0.33524
372 0.33516
373 0.33509
374 0.33501
375 0.33494
376 0.33488
377 0.33481
378 0.33475
379 0.33468
380 0.33462
381 0.33457
382 0.33451
383 0.33446
384 0.33441
385 0.33437
386 0.33432
387 0.33428
388 0.33424
389 0.33420
390 0.33417
391 0.33413
392 0.33410
393 0.33407
394 0.33405
395 0.33402
396 0.33400
397 0.33398
398 0.33397
399 0.33395
400 0.33394
401 0.33393
402 0.33392
403 0.33392
404 0.33391
405 0.33391
406 0.33391
407 0.33392
408 0.33392
409 0.33393
410 0.33394
411 0.33396
412 0.33397
413 0.33399
414 0.33401
415 0.33403
416 0.33406
417 0.33408
418 0.33411
419 0.33414
420 0.33417
421 0.33421
422 0.33425
423 0.33429
424 0.33433
425 0.33437
426 0.33442
427 0.33447
428 0.33452
429 0.33457
430 0.33463
431 0.33469
432 0.33475
433 0.33481
434 0.33487
435 0.33494
436 0.33501
437 0.33508
438 0.33515
439 0.33523
440 0.33531
441 0.33538
442 0.33547
443 0.33555
444 0.33564
445 0.33573
446 0.33582
447 0.33591
448 0.33601
449 0.33610
450 0.33620
451 0.33630
452 0.33641
453 0.33651
454 0.33662
455 0.33673
456 0.33685
457 0.33696
458 0.33708
459 0.33720
460 0.33732
461 0.33744
462 0.33757
463 0.33770
464 0.33783
465 0.33796
466 0.33810
467 0.33823
468 0.33837
469 0.33851
470 0.33866
471 0.33880
472 0.33895
473 0.33910
474 0.33925
475 0.33941
476 0.33957
477 0.33973
478 0.33989
479 0.34005
480 0.34022
481 0.34038
482 0.34055
483 0.34073
484 0.34090
485 0.34108
486 0.34126
487 0.34144
488 0.34162
489 0.34181
490 0.34200
491 0.34219
492 0.34238
493 0.34257
494 0.34277
495 0.34297
496 0.34317
497 0.34338
498 0.34358
499 0.34379
500 0.34400
501 0.34421
502 0.34443
503 0.34465
504 0.34487
505 0.34509
506 0.34531
507 0.34554
508 0.34577
509 0.34600
510 0.34623
511 0.34647
512 0.34671
513 0.34695
514 0.34719
515 0.34743
516 0.34768
517 0.34793
518 0.34818
519 0.34843
520 0.34869
521 0.34895
522 0.34921
523 0.34947
524 0.34974
525 0.35001
526 0.35028
527 0.35055
528 0.35083
529 0.35110
530 0.35138
531 0.35166
532 0.35195
533 0.35224
534 0.35252
535 0.35282
536 0.35311
537 0.35341
538 0.35370
539 0.35401
540 0.35431
541 0.35462
542 0.35492
543 0.35523
544 0.35555
545 0.35586
546 0.35618
547 0.35650
548 0.35682
549 0.35715
550 0.35748
551 0.35781
552 0.35814
553 0.35847
554 0.35881
555 0.35915
556 0.35949
557 0.35984
558 0.36019
559 0.36054
560 0.36089
561 0.36124
562 0.36160
563 0.36196
564 0.36232
565 0.36269
566 0.36306
567 0.36343
568 0.36380
569 0.36417
570 0.36455
571 0.36493
572 0.36531
573 0.36570
574 0.36609
575 0.36648
576 0.36687
577 0.36727
578 0.36766
579 0.36807
580 0.36847
581 0.36888
582 0.36928
583 0.36970
584 0.37011
585 0.37053
586 0.37095
587 0.37137
588 0.37179
589 0.37222
590 0.37265
591 0.37308
592 0.37352
593 0.37396
594 0.37440
595 0.37484
596 0.37529
597 0.37574
598 0.37619
599 0.37665
600 0.37710
601 0.37756
602 0.37803
603 0.37849
604 0.37896
605 0.37943
606 0.37991
607 0.38038
608 0.38086
609 0.38135
610 0.38183
611 0.38232
612 0.38281
613 0.38331
614 0.38380
615 0.38430
616 0.38481
617 0.38531
618 0.38582
619 0.38633
620 0.38685
621 0.38736
622 0.38788
623 0.38841
624 0.38893
625 0.38946
626 0.39000
627 0.39053
628 0.39107
629 0.39161
630 0.39216
631 0.39270
632 0.39325
633 0.39381
634 0.39437
635 0.39493
636 0.39549
637 0.39605
638 0.39662
639 0.39720
640 0.39777
641 0.39835
642 0.39893
643 0.39952
644 0.40010
645 0.40070
646 0.40129
647 0.40189
648 0.40249
649 0.40309
650 0.40370
651 0.40431
652 0.40492
653 0.40554
654 0.40616
655 0.40679
656 0.40741
657 0.40804
658 0.40868
659 0.40931
660 0.40995
661 0.41060
662 0.41125
663 0.41190
664 0.41255
665 0.41321
666 0.41387
667 0.41453
668 0.41520
669 0.41562
670 0.41629
671 0.41697
672 0.41765
673 0.41834
674 0.41903
675 0.41972
676 0.42042
677 0.42113
678 0.42183
679 0.42255
680 0.42327
681 0.42399
682 0.42472
683 0.42545
684 0.42619
685 0.42693
686 0.42768
687 0.42843
688 0.42919
689 0.42995
690 0.43072
691 0.43149
692 0.43227
693 0.43306
694 0.43385
695 0.43465
696 0.43545
697 0.43626
698 0.43707
699 0.43788
700 0.43870
701 0.43953
702 0.44037
703 0.44121
704 0.44205
705 0.44291
706 0.44377
707 0.44463
708 0.44550
709 0.44638
710 0.44727
711 0.44816
712 0.44906
713 0.44996
714 0.45087
715 0.45178
716 0.45269
717 0.45361
718 0.45454
719 0.45548
720 0.45642
721 0.45737
722 0.45833
723 0.45929
724 0.46026
725 0.46124
726 0.46222
727 0.46322
728 0.46422
729 0.46522
730 0.46624
731 0.46726
732 0.46829
733 0.46932
734 0.47037
735 0.47142
736 0.47248
737 0.47354
738 0.47462
739 0.47570
740 0.47679
741 0.47789
742 0.47899
743 0.48011
744 0.48123
745 0.48236
746 0.48350
747 0.48464
748 0.48580
749 0.48696
750 0.48813
751 0.48931
752 0.49050
753 0.49168
754 0.49287
755 0.49406
756 0.49527
757 0.49648
758 0.49770
759 0.49893
760 0.50016
761 0.50141
762 0.50267
763 0.50393
764 0.50521
765 0.50649
766 0.50778
767 0.50908
768 0.51039
769 0.51171
770 0.51304
771 0.51438
772 0.51573
773 0.51709
774 0.51846
775 0.51984
776 0.52123
777 0.52262
778 0.52403
779 0.52545
780 0.52688
781 0.52832
782 0.52977
783 0.53123
784 0.53270
785 0.53418
786 0.53567
787 0.53717
788 0.53869
789 0.54021
790 0.54175
791 0.54329
792 0.54485
793 0.54642
794 0.54800
795 0.54959
796 0.55119
797 0.55281
798 0.55444
799 0.55607
800 0.55772
801 0.55939
802 0.56106
803 0.56275
804 0.56445
805 0.56616
806 0.56788
807 0.56962
808 0.57137
809 0.57313
810 0.57490
811 0.57669
812 0.57849
813 0.58030
814 0.58213
815 0.58397
816 0.58582
817 0.58769
818 0.58957
819 0.59147
820 0.59337
821 0.59530
822 0.59723
823 0.59918
824 0.60115
825 0.60313
826 0.60512
827 0.60713
828 0.60916
829 0.61120
830 0.61325
831 0.61532
832 0.61741
833 0.61951
834 0.62162
835 0.62375
836 0.62590
837 0.62806
838 0.63024
839 0.63244
840 0.63465
841 0.63688
842 0.63912
843 0.64138
844 0.64366
845 0.64596
846 0.64827
847 0.65060
848 0.65295
849 0.65532
850 0.65770
851 0.66010
852 0.66252
853 0.66496
854 0.66741
855 0.66989
856 0.67238
857 0.67489
858 0.67743
859 0.67998
860 0.68255
861 0.68513
862 0.68774
863 0.69037
864 0.69302
865 0.69569
866 0.69838
867 0.70109
868 0.70382
869 0.70657
870 0.70935
871 0.71214
872 0.71496
873 0.71779
874 0.72065
875 0.72353
876 0.72644
877 0.72936
878 0.73231
879 0.73528
880 0.73828
881 0.74130
882 0.74434
883 0.74740
884 0.75049
885 0.75361
886 0.75674
887 0.75990
888 0.76309
889 0.76630
890 0.76954
891 0.77280
892 0.77604
893 0.77926
894 0.78250
895 0.78577
896 0.78907
897 0.79238
898 0.79573
899 0.79910
900 0.80250
901 0.80592
902 0.80937
903 0.81285
904 0.81635
905 0.81988
906 0.82344
907 0.82703
908 0.83065
909 0.83429
910 0.83797
911 0.84167
912 0.84295
913 0.85484
914 0.86273
915 0.86819
916 0.87125
917 0.87277
918 0.87447
919 0.87641
920 0.87866
921 0.88131
922 0.88087
923 0.88044
924 0.88365
925 0.88322
926 0.88279
927 0.88678
928 0.88637
929 0.88595
930 0.88554
931 0.89070
932 0.89030
933 0.88989
934 0.88949
935 0.88909
936 0.88868
937 0.88828
938 0.89532
939 0.89494
940 0.89455
941 0.89417
942 0.89378
943 0.89340
944 0.89301
945 0.89262
946 0.89223
947 0.89184
948 0.89145
949 0.89105
950 0.90144
951 0.90108
952 0.90072
953 0.90036
954 0.89999
955 0.89963
956 0.89927
957 0.89890
958 0.89854
959 0.89817
960 0.89781
961 0.89744
962 0.89707
963 0.89670
964 0.89633
965 0.89596
966 0.89558
967 0.89521
968 0.89484
969 0.89446
970 0.89409
971 0.89371
972 0.89333
973 0.91058
974 0.91026
975 0.90994
976 0.90962
977 0.90929
978 0.90897
979 0.90864
980 0.90832
981 0.90799
982 0.90766
983 0.90733
984 0.90701
985 0.90668
986 0.90635
987 0.90601
988 0.90568
989 0.90535
990 0.90502
991 0.90468
992 0.90435
993 0.90401
994 0.90367
995 0.90334
996 0.90300
997 0.90266
998 0.90232
999 0.90198
1000 0.90164
1001 0.90129
1002 0.90095
1003 0.90061
1004 0.90026
1005 0.89992
1006 0.89957
1007 0.89922
1008 0.89888
1009 0.89853
1010 0.89818
1011 0.89783
1012 0.89748
1013 0.89712
1014 0.89677
1015 0.89642
1016 0.89606
1017 0.89571
1018 0.89535
1019 0.89500
1020 0.89464
1021 0.89428
1022 0.89392
1023 0.89356
1024 0.89320
1025 0.89284
1026 0.92844
1027 0.92819
1028 0.92795
1029 0.92770
1030 0.92745
1031 0.92720
1032 0.92695
1033 0.92670
1034 0.92645
1035 0.92619
1036 0.92594
1037 0.92569
1038 0.92543
1039 0.92518
1040 0.92493
1041 0.92467
1042 0.92441
1043 0.92416
1044 0.92390
1045 0.92364
1046 0.92338
1047 0.92312
1048 0.92287
1049 0.92260
1050 0.92234
1051 0.92208
1052 0.92182
1053 0.92156
1054 0.92129
1055 0.92103
1056 0.92077
1057 0.92050
1058 0.92024
1059 0.91997
1060 0.91970
1061 0.91944
1062 0.91917
1063 0.91890
1064 0.91863
1065 0.91836
1066 0.91809
1067 0.91782
1068 0.91755
1069 0.91728
1070 0.91700
1071 0.91673
1072 0.91645
1073 0.91618
1074 0.91591
1075 0.91563
1076 0.91535
1077 0.91508
1078 0.91480
1079 0.91452
1080 0.91424
1081 0.91396
1082 0.91368
1083 0.91340
1084 0.91312
1085 0.91284
1086 0.91255
1087 0.91227
1088 0.91199
1089 0.91170
1090 0.91142
1091 0.91113
1092 0.91085
1093 0.91056
1094 0.91027
1095 0.90998
1096 0.90970
1097 0.90941
1098 0.90912
1099 0.90883
1100 0.90853
1101 0.90824
1102 0.90795
1103 0.90766
1104 0.90736
1105 0.90707
1106 0.90677
1107 0.90648
1108 0.90618
1109 0.90589
1110 0.90559
1111 0.90529
1112 0.90499
1113 0.90469
1114 0.90439
1115 0.90409
1116 0.90379
1117 0.90349
1118 0.90319
1119 0.90288
1120 0.90258
1121 0.90228
1122 0.90197
1123 0.90167
1124 0.90136
1125 0.90105
1126 0.90075
1127 0.90044
1128 0.90013
1129 0.89982
1130 0.89951
1131 0.89920
1132 0.89889
1133 0.89858
1134 0.89826
1135 0.89795
1136 0.89764
1137 0.89732
1138 0.89701
1139 0.89669
1140 0.89638
1141 0.89606
1142 0.89574
1143 0.89542
1144 0.89511
1145 0.89479
1146 0.89447
1147 0.89415
1148 0.89382
1149 0.89350
1150 0.89318
1151 0.89286
1152 0.89253
1153 0.89221
1154 0.89188
1155 0.89156
1156 0.89123
1157 0.89090
1158 0.89058
1159 0.89025
1160 0.88992
1161 0.88959
1162 0.88926
1163 0.88893
1164 0.88860
1165 0.88826
1166 0.88793
1167 0.88760
1168 0.88726
1169 0.88693
1170 0.88659
1171 0.88626
1172 0.88592
1173 0.88558
1174 0.88524
1175 0.88491
1176 0.88457
1177 0.88423
1178 0.88389
1179 0.88355
1180 0.88320
1181 0.88286
1182 0.88252
1183 0.88217
1184 0.88183
1185 0.88148
1186 0.88114
1187 0.88079
1188 0.88044
1189 0.88010
1190 0.87975
1191 0.87940
1192 0.87905
1193 0.87870
1194 0.87835
1195 0.87800
1196 0.87764
1197 0.87729
1198 0.87694
1199 0.87658
1200 0.87623
1201 0.87587
1202 0.87552
1203 0.87516
1204 0.87480
1205 0.87444
1206 0.87409
1207 0.87373
1208 0.87337
1209 0.87301
1210 0.87264
1211 0.87228
1212 0.87192
1213 0.87156
1214 0.87119
1215 0.87083
1216 1.00000
