17 3.49322
18 3.09195
19 2.75987
20 2.48182
21 2.24655
22 2.04559
23 1.87251
24 1.72227
25 1.59097
26 1.47549
27 1.37332
28 1.28246
29 1.20125
30 1.12834
31 1.06261
32 1.00311
33 0.94906
34 0.89979
35 0.85474
36 0.81342
37 0.77541
38 0.74036
39 0.70797
40 0.67794
41 0.65006
42 0.62411
43 0.59991
44 0.57731
45 0.55615
46 0.53631
47 0.51768
48 0.50016
49 0.48365
50 0.46808
51 0.45338
52 0.43947
53 0.42630
54 0.41381
55 0.40196
56 0.39069
57 0.37998
58 0.36978
59 0.36005
60 0.35078
61 0.34192
62 0.33345
63 0.32536
64 0.31760
65 0.31018
66 0.30306
67 0.29622
68 0.28966
69 0.28336
70 0.27730
71 0.27146
72 0.26585
73 0.26044
74 0.25523
75 0.25020
76 0.24535
77 0.24066
78 0.23614
79 0.23176
80 0.22753
81 0.22344
82 0.21948
83 0.21565
84 0.21193
85 0.20833
86 0.20484
87 0.20145
88 0.19817
89 0.19498
90 0.19188
91 0.18887
92 0.18594
93 0.18310
94 0.18033
95 0.17764
96 0.17502
97 0.17247
98 0.16999
99 0.16757
100 0.16522
101 0.16292
102 0.16068
103 0.15850
104 0.15636
105 0.15428
106 0.15225
107 0.15027
108 0.14834
109 0.14645
110 0.14460
111 0.14280
112 0.14103
113 0.13931
114 0.13762
115 0.13597
116 0.13435
117 0.13277
118 0.13123
119 0.12971
120 0.12823
121 0.12678
122 0.12535
123 0.12396
124 0.12259
125 0.12125
126 0.11994
127 0.11865
128 0.11739
129 0.11615
130 0.11494
131 0.11375
132 0.11258
133 0.11143
134 0.11030
135 0.10920
136 0.10811
137 0.10704
138 0.10599
139 0.10496
140 0.10395
141 0.10296
142 0.10198
143 0.10102
144 0.10008
145 0.09915
146 0.09824
147 0.09734
148 0.09645
149 0.09559
150 0.09473
151 0.09389
152 0.09306
153 0.09225
154 0.09145
155 0.09066
156 0.08988
157 0.08911
158 0.08836
159 0.08762
160 0.08689
161 0.08617
162 0.08546
163 0.08476
164 0.08407
165 0.08339
166 0.08272
167 0.08206
168 0.08141
169 0.08077
170 0.08014
171 0.07952
172 0.07890
173 0.07830
174 0.07770
175 0.07711
176 0.07653
177 0.07595
178 0.07539
179 0.07483
180 0.07428
181 0.07373
182 0.07320
183 0.07267
184 0.07214
185 0.07163
186 0.07112
187 0.07061
188 0.07012
189 0.06962
190 0.06914
191 0.06866
192 0.06819
193 0.06772
194 0.06726
195 0.06680
196 0.06635
197 0.06591
198 0.06547
199 0.06503
200 0.06460
201 0.06418
202 0.06376
203 0.06334
204 0.06294
205 0.06253
206 0.06213
207 0.06173
208 0.06134
209 0.06095
210 0.06057
211 0.06019
212 0.05982
213 0.05945
214 0.05908
215 0.05872
216 0.05836
217 0.05801
218 0.05765
219 0.05731
220 0.05696
221 0.05662
222 0.05629
223 0.05595
224 0.05563
225 0.05530
226 0.05498
227 0.05466
228 0.05434
229 0.05403
230 0.05372
231 0.05341
232 0.05311
233 0.05281
234 0.05251
235 0.05222
236 0.05193
237 0.05164
238 0.05135
239 0.05107
240 0.05079
241 0.05051
242 0.05023
243 0.04996
244 0.04969
245 0.04942
246 0.04916
247 0.04890
248 0.04864
249 0.04838
250 0.04812
251 0.04787
252 0.04762
253 0.04737
254 0.04713
255 0.04688
256 0.04664
257 0.04640
258 0.04617
259 0.04593
260 0.04570
261 0.04547
262 0.04524
263 0.04501
264 0.04479
265 0.04456
266 0.04434
267 0.04412
268 0.04391
269 0.04369
270 0.04348
271 0.04326
272 0.04305
273 0.04285
274 0.04264
275 0.04244
276 0.04223
277 0.04203
278 0.04183
279 0.04163
280 0.04144
281 0.04124
282 0.04105
283 0.04086
284 0.04067
285 0.04048
286 0.04029
287 0.04011
288 0.03992
289 0.03974
290 0.03956
291 0.03938
292 0.03920
293 0.03902
294 0.03885
295 0.03868
296 0.03850
297 0.03833
298 0.03816
299 0.03799
300 0.03783
301 0.03766
302 0.03749
303 0.03733
304 0.03717
305 0.03701
306 0.03685
307 0.03669
308 0.03653
309 0.03637
310 0.03622
311 0.03606
312 0.03591
313 0.03576
314 0.03561
315 0.03546
316 0.03531
317 0.03516
318 0.03502
319 0.03487
320 0.03473
321 0.03458
322 0.03444
323 0.03430
324 0.03416
325 0.03402
326 0.03388
327 0.03374
328 0.03361
329 0.03347
330 0.03334
331 0.03321
332 0.03307
333 0.03294
334 0.03281
335 0.03268
336 0.03255
337 0.03242
338 0.03230
339 0.03217
340 0.03204
341 0.03192
342 0.03180
343 0.03167
344 0.03155
345 0.03143
346 0.03131
347 0.03119
348 0.03107
349 0.03095
350 0.03083
351 0.03072
352 0.03060
353 0.03049
354 0.03037
355 0.03026
356 0.03015
357 0.03003
358 0.02992
359 0.02981
360 0.02970
361 0.02959
362 0.02948
363 0.02938
364 0.02927
365 0.02916
366 0.02906
367 0.02895
368 0.02885
369 0.02874
370 0.02864
371 0.02854
372 0.02843
373 0.02833
374 0.02823
375 0.02813
376 0.02803
377 0.02793
378 0.02784
379 0.02774
380 0.02764
381 0.02754
382 0.02745
383 0.02735
384 0.02726
385 0.02716
386 0.02707
387 0.02698
388 0.02689
389 0.02679
390 0.02670
391 0.02661
392 0.02652
393 0.02643
394 0.02634
395 0.02625
396 0.02617
397 0.02608
398 0.02599
399 0.02590
400 0.02582
401 0.02573
402 0.02565
403 0.02556
404 0.02548
405 0.02539
406 0.02531
407 0.02523
408 0.02515
409 0.02506
410 0.02498
411 0.02490
412 0.02482
413 0.02474
414 0.02466
415 0.02458
416 0.02450
417 0.02443
418 0.02433
419 0.02426
420 0.02418
421 0.02410
422 0.02403
423 0.02395
424 0.02388
425 0.02380
426 0.02373
427 0.02366
428 0.02359
429 0.02351
430 0.02344
431 0.02337
432 0.02330
433 0.02323
434 0.02316
435 0.02310
436 0.02303
437 0.02296
438 0.02289
439 0.02283
440 0.02276
441 0.02270
442 0.02263
443 0.02257
444 0.02251
445 0.02244
446 0.02238
447 0.02232
448 0.02226
449 0.02220
450 0.02214
451 0.02208
452 0.02202
453 0.02196
454 0.02191
455 0.02185
456 0.02179
457 0.02174
458 0.02168
459 0.02163
460 0.02157
461 0.02152
462 0.02147
463 0.02141
464 0.02136
465 0.02131
466 0.02126
467 0.02121
468 0.02116
469 0.02111
470 0.02106
471 0.02101
472 0.02097
473 0.02092
474 0.02087
475 0.02082
476 0.02078
477 0.02073
478 0.02069
479 0.02064
480 0.02060
481 0.02055
482 0.02051
483 0.02047
484 0.02043
485 0.02038
486 0.02034
487 0.02030
488 0.02026
489 0.02022
490 0.02018
491 0.02015
492 0.02011
493 0.02007
494 0.02003
495 0.02000
496 0.01996
497 0.01993
498 0.01989
499 0.01986
500 0.01983
501 0.01979
502 0.01976
503 0.01973
504 0.01970
505 0.01967
506 0.01964
507 0.01961
508 0.01958
509 0.01955
510 0.01952
511 0.01949
512 0.01946
513 0.01944
514 0.01941
515 0.01938
516 0.01936
517 0.01934
518 0.01931
519 0.01929
520 0.01926
521 0.01924
522 0.01922
523 0.01920
524 0.01918
525 0.01916
526 0.01914
527 0.01912
528 0.01910
529 0.01908
530 0.01906
531 0.01904
532 0.01903
533 0.01901
534 0.01900
535 0.01898
536 0.01897
537 0.01895
538 0.01894
539 0.01892
540 0.01891
541 0.01890
542 0.01889
543 0.01888
544 0.01887
545 0.01886
546 0.01885
547 0.01884
548 0.01883
549 0.01882
550 0.01881
551 0.01881
552 0.01880
553 0.01880
554 0.01879
555 0.01879
556 0.01878
557 0.01878
558 0.01877
559 0.01877
560 0.01876
561 0.01876
562 0.01875
563 0.01875
564 0.01874
565 0.01874
566 0.01874
567 0.01874
568 0.01874
569 0.01874
570 0.01870
571 0.01870
572 0.01870
573 0.01870
574 0.01870
575 0.01871
576 0.01871
577 0.01871
578 0.01872
579 0.01872
580 0.01873
581 0.01873
582 0.01874
583 0.01875
584 0.01876
585 0.01877
586 0.01877
587 0.01879
588 0.01880
589 0.01881
590 0.01882
591 0.01883
592 0.01885
593 0.01886
594 0.01888
595 0.01890
596 0.01891
597 0.01893
598 0.01895
599 0.01897
600 0.01899
601 0.01901
602 0.01903
603 0.01905
604 0.01908
605 0.01910
606 0.01913
607 0.01915
608 0.01918
609 0.01920
610 0.01923
611 0.01926
612 0.01929
613 0.01932
614 0.01935
615 0.01939
616 0.01942
617 0.01945
618 0.01949
619 0.01952
620 0.01956
621 0.01960
622 0.01964
623 0.01968
624 0.01972
625 0.01976
626 0.01980
627 0.01985
628 0.01989
629 0.01994
630 0.01998
631 0.02003
632 0.02008
633 0.02013
634 0.02018
635 0.02023
636 0.02028
637 0.02033
638 0.02039
639 0.02044
640 0.02050
641 0.02056
642 0.02062
643 0.02068
644 0.02074
645 0.02080
646 0.02086
647 0.02093
648 0.02099
649 0.02106
650 0.02113
651 0.02120
652 0.02127
653 0.02134
654 0.02141
655 0.02149
656 0.02156
657 0.02164
658 0.02172
659 0.02180
660 0.02188
661 0.02196
662 0.02205
663 0.02213
664 0.02222
665 0.02231
666 0.02240
667 0.02249
668 0.02258
669 0.02267
670 0.02277
671 0.02287
672 0.02296
673 0.02307
674 0.02317
675 0.02327
676 0.02338
677 0.02348
678 0.02359
679 0.02370
680 0.02381
681 0.02393
682 0.02404
683 0.02416
684 0.02428
685 0.02440
686 0.02452
687 0.02465
688 0.02477
689 0.02490
690 0.02503
691 0.02517
692 0.02530
693 0.02544
694 0.02558
695 0.02572
696 0.02586
697 0.02601
698 0.02616
699 0.02631
700 0.02646
701 0.02661
702 0.02677
703 0.02693
704 0.02709
705 0.02726
706 0.02742
707 0.02759
708 0.02777
709 0.02794
710 0.02812
711 0.02830
712 0.02848
713 0.02867
714 0.02886
715 0.02905
716 0.02924
717 0.02944
718 0.02964
719 0.02985
720 0.03005
721 0.03026
722 0.03048
723 0.03069
724 0.03091
725 0.03114
726 0.03136
727 0.03159
728 0.03183
729 0.03207
730 0.03231
731 0.03255
732 0.03280
733 0.03305
734 0.03331
735 0.03357
736 0.03384
737 0.03411
738 0.03438
739 0.03466
740 0.03494
741 0.03522
742 0.03552
743 0.03581
744 0.03611
745 0.03642
746 0.03673
747 0.03704
748 0.03736
749 0.03769
750 0.03802
751 0.03835
752 0.03869
753 0.03904
754 0.03939
755 0.03975
756 0.04011
757 0.04048
758 0.04086
759 0.04124
760 0.04163
761 0.04202
762 0.04242
763 0.04283
764 0.04325
765 0.04367
766 0.04409
767 0.04453
768 0.04497
769 0.04542
770 0.04588
771 0.04634
772 0.04682
773 0.04730
774 0.04779
775 0.04828
776 0.04879
777 0.04930
778 0.04983
779 0.05036
780 0.05090
781 0.05145
782 0.05201
783 0.05258
784 0.05316
785 0.05375
786 0.05435
787 0.05496
788 0.05558
789 0.05622
790 0.05686
791 0.05751
792 0.05818
793 0.05886
794 0.05955
795 0.06025
796 0.06097
797 0.06170
798 0.06244
799 0.06319
800 0.06396
801 0.06474
802 0.06554
803 0.06635
804 0.06718
805 0.06802
806 0.06888
807 0.06975
808 0.07064
809 0.07154
810 0.07247
811 0.07341
812 0.07437
813 0.07534
814 0.07633
815 0.07735
816 0.07838
817 0.07943
818 0.08050
819 0.08160
820 0.08271
821 0.08385
822 0.08500
823 0.08618
824 0.08739
825 0.08861
826 0.08986
827 0.09114
828 0.09244
829 0.09376
830 0.09511
831 0.09649
832 0.09790
833 0.09933
834 0.10080
835 0.10229
836 0.10381
837 0.10537
838 0.10695
839 0.10857
840 0.11022
841 0.11191
842 0.11363
843 0.11538
844 0.11718
845 0.11901
846 0.12087
847 0.12278
848 0.12473
849 0.12671
850 0.12874
851 0.13082
852 0.13293
853 0.13510
854 0.13730
855 0.13956
856 0.14187
857 0.14422
858 0.14663
859 0.14908
860 0.15159
861 0.15416
862 0.15678
863 0.15947
864 0.16221
865 0.16501
866 0.16787
867 0.17080
868 0.17379
869 0.17685
870 0.17998
871 0.18318
872 0.18645
873 0.18980
874 0.19322
875 0.19673
876 0.20031
877 0.20398
878 0.20773
879 0.21156
880 0.21549
881 0.21951
882 0.22362
883 0.22783
884 0.23214
885 0.23655
886 0.24107
887 0.24569
888 0.25043
889 0.25528
890 0.26024
891 0.26533
892 0.27053
893 0.27587
894 0.28133
895 0.28693
896 0.29267
897 0.29855
898 0.30457
899 0.31074
900 0.31707
901 0.32355
902 0.33020
903 0.33701
904 0.34399
905 0.35116
906 0.35850
907 0.36603
908 0.37375
909 0.38167
910 0.38979
911 0.39813
912 0.40466
913 0.42973
914 0.44765
915 0.46080
916 0.46844
917 0.47223
918 0.47663
919 0.48178
920 0.48793
921 0.49540
922 0.49402
923 0.49264
924 0.50195
925 0.50058
926 0.49920
927 0.51117
928 0.50981
929 0.50845
930 0.50709
931 0.52308
932 0.52175
933 0.52041
934 0.51907
935 0.51773
936 0.51639
937 0.51505
938 0.53763
939 0.53632
940 0.53501
941 0.53370
942 0.53239
943 0.53108
944 0.52976
945 0.52845
946 0.52714
947 0.52582
948 0.52451
949 0.52320
950 0.55769
951 0.55643
952 0.55516
953 0.55390
954 0.55263
955 0.55137
956 0.55010
957 0.54883
958 0.54756
959 0.54630
960 0.54503
961 0.54376
962 0.54249
963 0.54121
964 0.53994
965 0.53867
966 0.53740
967 0.53612
968 0.53485
969 0.53358
970 0.53230
971 0.53103
972 0.52975
973 0.58941
974 0.58822
975 0.58704
976 0.58586
977 0.58467
978 0.58349
979 0.58230
980 0.58111
981 0.57993
982 0.57874
983 0.57755
984 0.57636
985 0.57517
986 0.57397
987 0.57278
988 0.57159
989 0.57039
990 0.56920
991 0.56800
992 0.56681
993 0.56561
994 0.56441
995 0.56321
996 0.56201
997 0.56081
998 0.55961
999 0.55841
1000 0.55721
1001 0.55601
1002 0.55480
1003 0.55360
1004 0.55239
1005 0.55119
1006 0.54998
1007 0.54878
1008 0.54757
1009 0.54636
1010 0.54515
1011 0.54395
1012 0.54274
1013 0.54153
1014 0.54032
1015 0.53911
1016 0.53790
1017 0.53668
1018 0.53547
1019 0.53426
1020 0.53305
1021 0.53183
1022 0.53062
1023 0.52940
1024 0.52819
1025 0.52698
1026 0.65686
1027 0.65586
1028 0.65487
1029 0.65387
1030 0.65287
1031 0.65188
1032 0.65088
1033 0.64987
1034 0.64887
1035 0.64787
1036 0.64686
1037 0.64586
1038 0.64485
1039 0.64385
1040 0.64284
1041 0.64183
1042 0.64082
1043 0.63981
1044 0.63879
1045 0.63778
1046 0.63677
1047 0.63575
1048 0.63473
1049 0.63372
1050 0.63270
1051 0.63168
1052 0.63066
1053 0.62964
1054 0.62861
1055 0.62759
1056 0.62657
1057 0.62554
1058 0.62451
1059 0.62349
1060 0.62246
1061 0.62143
1062 0.62040
1063 0.61937
1064 0.61834
1065 0.61731
1066 0.61627
1067 0.61524
1068 0.61420
1069 0.61317
1070 0.61213
1071 0.61109
1072 0.61005
1073 0.60902
1074 0.60798
1075 0.60693
1076 0.60589
1077 0.60485
1078 0.60381
1079 0.60276
1080 0.60172
1081 0.60067
1082 0.59962
1083 0.59858
1084 0.59753
1085 0.59648
1086 0.59543
1087 0.59438
1088 0.59333
1089 0.59228
1090 0.59122
1091 0.59017
1092 0.58912
1093 0.58806
1094 0.58700
1095 0.58595
1096 0.58489
1097 0.58383
1098 0.58278
1099 0.58172
1100 0.58066
1101 0.57960
1102 0.57853
1103 0.57747
1104 0.57641
1105 0.57535
1106 0.57428
1107 0.57322
1108 0.57216
1109 0.57109
1110 0.57002
1111 0.56896
1112 0.56789
1113 0.56682
1114 0.56575
1115 0.56468
1116 0.56361
1117 0.56254
1118 0.56147
1119 0.56040
1120 0.55933
1121 0.55826
1122 0.55719
1123 0.55611
1124 0.55504
1125 0.55397
1126 0.55289
1127 0.55182
1128 0.55074
1129 0.54966
1130 0.54859
1131 0.54751
1132 0.54643
1133 0.54535
1134 0.54428
1135 0.54320
1136 0.54212
1137 0.54104
1138 0.53996
1139 0.53888
1140 0.53780
1141 0.53672
1142 0.53563
1143 0.53455
1144 0.53347
1145 0.53239
1146 0.53130
1147 0.53022
1148 0.52914
1149 0.52805
1150 0.52697
1151 0.52588
1152 0.52480
1153 0.52371
1154 0.52263
1155 0.52154
1156 0.52046
1157 0.51937
1158 0.51828
1159 0.51720
1160 0.51611
1161 0.51502
1162 0.51393
1163 0.51285
1164 0.51176
1165 0.51067
1166 0.50958
1167 0.50849
1168 0.50740
1169 0.50631
1170 0.50523
1171 0.50414
1172 0.50305
1173 0.50196
1174 0.50087
1175 0.49978
1176 0.49869
1177 0.49760
1178 0.49651
1179 0.49542
1180 0.49433
1181 0.49324
1182 0.49215
1183 0.49105
1184 0.48996
1185 0.48887
1186 0.48778
1187 0.48669
1188 0.48560
1189 0.48451
1190 0.48342
1191 0.48233
1192 0.48124
1193 0.48015
1194 0.47905
1195 0.47796
1196 0.47687
1197 0.47578
1198 0.47469
1199 0.47360
1200 0.47251
1201 0.47142
1202 0.47033
1203 0.46924
1204 0.46815
1205 0.46706
1206 0.46597
1207 0.46488
1208 0.46379
1209 0.46270
1210 0.46161
1211 0.46052
1212 0.45943
1213 0.45834
1214 0.45725
1215 0.45616
1216 1.00000
