17 1.26342
18 1.23185
19 1.20313
20 1.17688
21 1.15276
22 1.13050
23 1.10987
24 1.09069
25 1.07279
26 1.05604
27 1.04032
28 1.02553
29 1.01158
30 0.99840
31 0.98591
32 0.97406
33 0.96279
34 0.95206
35 0.94182
36 0.93205
37 0.92269
38 0.91373
39 0.90514
40 0.89689
41 0.88896
42 0.88133
43 0.87398
44 0.86689
45 0.86005
46 0.85345
47 0.84706
48 0.84088
49 0.83490
50 0.82911
51 0.82349
52 0.81804
53 0.81274
54 0.80760
55 0.80260
56 0.79774
57 0.79301
58 0.78841
59 0.78392
60 0.77955
61 0.77528
62 0.77113
63 0.76707
64 0.76311
65 0.75924
66 0.75546
67 0.75176
68 0.74815
69 0.74461
70 0.74115
71 0.73777
72 0.73445
73 0.73120
74 0.72802
75 0.72490
76 0.72185
77 0.71885
78 0.71591
79 0.71302
80 0.71019
81 0.70741
82 0.70469
83 0.70201
84 0.69937
85 0.69679
86 0.69424
87 0.69175
88 0.68929
89 0.68687
90 0.68450
91 0.68216
92 0.67986
93 0.67759
94 0.67537
95 0.67317
96 0.67101
97 0.66889
98 0.66679
99 0.66473
100 0.66270
101 0.66069
102 0.65872
103 0.65677
104 0.65485
105 0.65296
106 0.65110
107 0.64926
108 0.64745
109 0.64566
110 0.64389
111 0.64215
112 0.64043
113 0.63873
114 0.63706
115 0.63541
116 0.63378
117 0.63217
118 0.63057
119 0.62900
120 0.62745
121 0.62592
122 0.62441
123 0.62291
124 0.62144
125 0.61998
126 0.61854
127 0.61711
128 0.61570
129 0.61431
130 0.61293
131 0.61157
132 0.61023
133 0.60890
134 0.60759
135 0.60629
136 0.60500
137 0.60373
138 0.60248
139 0.60123
140 0.60000
141 0.59879
142 0.59758
143 0.59639
144 0.59522
145 0.59405
146 0.59290
147 0.59176
148 0.59063
149 0.58951
150 0.58841
151 0.58731
152 0.58623
153 0.58516
154 0.58410
155 0.58305
156 0.58201
157 0.58098
158 0.57996
159 0.57895
160 0.57796
161 0.57697
162 0.57599
163 0.57502
164 0.57406
165 0.57311
166 0.57217
167 0.57124
168 0.57031
169 0.56940
170 0.56849
171 0.56760
172 0.56671
173 0.56583
174 0.56496
175 0.56409
176 0.56324
177 0.56239
178 0.56155
179 0.56072
180 0.55990
181 0.55908
182 0.55828
183 0.55748
184 0.55668
185 0.55590
186 0.55512
187 0.55435
188 0.55358
189 0.55282
190 0.55207
191 0.55133
192 0.55059
193 0.54986
194 0.54914
195 0.54842
196 0.54771
197 0.54701
198 0.54631
199 0.54562
200 0.54494
201 0.54426
202 0.54359
203 0.54292
204 0.54226
205 0.54161
206 0.54096
207 0.54031
208 0.53968
209 0.53905
210 0.53842
211 0.53780
212 0.53719
213 0.53658
214 0.53598
215 0.53538
216 0.53479
217 0.53420
218 0.53362
219 0.53304
220 0.53247
221 0.53191
222 0.53134
223 0.53079
224 0.53024
225 0.52969
226 0.52915
227 0.52862
228 0.52809
229 0.52756
230 0.52704
231 0.52652
232 0.52601
233 0.52550
234 0.52500
235 0.52450
236 0.52401
237 0.52352
238 0.52304
239 0.52256
240 0.52208
241 0.52161
242 0.52115
243 0.52069
244 0.52023
245 0.51978
246 0.51933
247 0.51888
248 0.51844
249 0.51801
250 0.51757
251 0.51715
252 0.51672
253 0.51630
254 0.51589
255 0.51547
256 0.51507
257 0.51466
258 0.51426
259 0.51387
260 0.51348
261 0.51309
262 0.51270
263 0.51232
264 0.51195
265 0.51158
266 0.51121
267 0.51084
268 0.51048
269 0.51012
270 0.50977
271 0.50942
272 0.50907
273 0.50873
274 0.50839
275 0.50805
276 0.50772
277 0.50739
278 0.50707
279 0.50675
280 0.50643
281 0.50611
282 0.50580
283 0.50549
284 0.50519
285 0.50489
286 0.50459
287 0.50430
288 0.50400
289 0.50372
290 0.50343
291 0.50315
292 0.50287
293 0.50260
294 0.50233
295 0.50206
296 0.50180
297 0.50154
298 0.50128
299 0.50102
300 0.50077
301 0.50052
302 0.50028
303 0.50003
304 0.49979
305 0.49956
306 0.49933
307 0.49910
308 0.49887
309 0.49864
310 0.49842
311 0.49821
312 0.49799
313 0.49778
314 0.49757
315 0.49737
316 0.49716
317 0.49696
318 0.49677
319 0.49657
320 0.49638
321 0.49619
322 0.49601
323 0.49583
324 0.49565
325 0.49547
326 0.49530
327 0.49513
328 0.49496
329 0.49479
330 0.49463
331 0.49447
332 0.49432
333 0.49416
334 0.49401
335 0.49386
336 0.49372
337 0.49358
338 0.49344
339 0.49330
340 0.49316
341 0.49303
342 0.49290
343 0.49278
344 0.49265
345 0.49253
346 0.49242
347 0.49230
348 0.49219
349 0.49208
350 0.49197
351 0.49187
352 0.49177
353 0.49167
354 0.49157
355 0.49148
356 0.49139
357 0.49130
358 0.49121
359 0.49113
360 0.49105
361 0.49097
362 0.49089
363 0.49082
364 0.49075
365 0.49068
366 0.49062
367 0.49055
368 0.49050
369 0.49044
370 0.49038
371 0.49033
372 0.49028
373 0.49023
374 0.49019
375 0.49015
376 0.49011
377 0.49007
378 0.49004
379 0.49000
380 0.48997
381 0.48995
382 0.48992
383 0.48990
384 0.48988
385 0.48987
386 0.48985
387 0.48984
388 0.48983
389 0.48982
390 0.48982
391 0.48982
392 0.48982
393 0.48982
394 0.48982
395 0.48983
396 0.48984
397 0.48986
398 0.48987
399 0.48989
400 0.48991
401 0.48993
402 0.48996
403 0.48998
404 0.49001
405 0.49005
406 0.49008
407 0.49012
408 0.49016
409 0.49020
410 0.49024
411 0.49029
412 0.49034
413 0.49039
414 0.49044
415 0.49050
416 0.49056
417 0.49062
418 0.49069
419 0.49075
420 0.49082
421 0.49089
422 0.49096
423 0.49104
424 0.49112
425 0.49120
426 0.49128
427 0.49137
428 0.49145
429 0.49154
430 0.49164
431 0.49173
432 0.49183
433 0.49193
434 0.49203
435 0.49213
436 0.49224
437 0.49235
438 0.49246
439 0.49258
440 0.49269
441 0.49281
442 0.49293
443 0.49306
444 0.49318
445 0.49331
446 0.49344
447 0.49357
448 0.49371
449 0.49385
450 0.49399
451 0.49413
452 0.49427
453 0.49442
454 0.49457
455 0.49472
456 0.49488
457 0.49503
458 0.49519
459 0.49536
460 0.49552
461 0.49569
462 0.49585
463 0.49603
464 0.49620
465 0.49637
466 0.49655
467 0.49673
468 0.49692
469 0.49710
470 0.49729
471 0.49748
472 0.49767
473 0.49787
474 0.49806
475 0.49826
476 0.49847
477 0.49867
478 0.49888
479 0.49909
480 0.49930
481 0.49951
482 0.49973
483 0.49995
484 0.50017
485 0.50039
486 0.50062
487 0.50085
488 0.50108
489 0.50131
490 0.50155
491 0.50179
492 0.50203
493 0.50227
494 0.50252
495 0.50277
496 0.50302
497 0.50327
498 0.50352
499 0.50378
500 0.50404
501 0.50430
502 0.50457
503 0.50484
504 0.50511
505 0.50538
506 0.50565
507 0.50593
508 0.50621
509 0.50649
510 0.50678
511 0.50707
512 0.50736
513 0.50765
514 0.50794
515 0.50824
516 0.50854
517 0.50884
518 0.50915
519 0.50945
520 0.50976
521 0.51007
522 0.51039
523 0.51071
524 0.51102
525 0.51135
526 0.51167
527 0.51200
528 0.51233
529 0.51266
530 0.51300
531 0.51333
532 0.51367
533 0.51401
534 0.51436
535 0.51471
536 0.51506
537 0.51541
538 0.51576
539 0.51612
540 0.51648
541 0.51684
542 0.51721
543 0.51758
544 0.51795
545 0.51832
546 0.51870
547 0.51908
548 0.51946
549 0.51984
550 0.52023
551 0.52061
552 0.52101
553 0.52140
554 0.52180
555 0.52220
556 0.52260
557 0.52300
558 0.52341
559 0.52382
560 0.52423
561 0.52465
562 0.52506
563 0.52548
564 0.52591
565 0.52633
566 0.52676
567 0.52719
568 0.52763
569 0.52806
570 0.52850
571 0.52894
572 0.52939
573 0.52984
574 0.53029
575 0.53074
576 0.53120
577 0.53165
578 0.53211
579 0.53258
580 0.53305
581 0.53351
582 0.53399
583 0.53446
584 0.53494
585 0.53542
586 0.53590
587 0.53639
588 0.53688
589 0.53737
590 0.53787
591 0.53836
592 0.53886
593 0.53937
594 0.53987
595 0.54038
596 0.54089
597 0.54141
598 0.54193
599 0.54245
600 0.54297
601 0.54350
602 0.54402
603 0.54456
604 0.54509
605 0.54563
606 0.54617
607 0.54671
608 0.54726
609 0.54781
610 0.54836
611 0.54892
612 0.54948
613 0.55004
614 0.55060
615 0.55117
616 0.55174
617 0.55231
618 0.55289
619 0.55347
620 0.55405
621 0.55464
622 0.55523
623 0.55582
624 0.55641
625 0.55701
626 0.55761
627 0.55822
628 0.55882
629 0.55943
630 0.56005
631 0.56066
632 0.56128
633 0.56190
634 0.56253
635 0.56316
636 0.56379
637 0.56443
638 0.56507
639 0.56571
640 0.56635
641 0.56700
642 0.56765
643 0.56831
644 0.56896
645 0.56963
646 0.57029
647 0.57096
648 0.57163
649 0.57230
650 0.57298
651 0.57366
652 0.57434
653 0.57503
654 0.57572
655 0.57642
656 0.57711
657 0.57782
658 0.57852
659 0.57923
660 0.57994
661 0.58065
662 0.58137
663 0.58209
664 0.58282
665 0.58354
666 0.58427
667 0.58501
668 0.58575
669 0.58649
670 0.58724
671 0.58798
672 0.58874
673 0.58949
674 0.59025
675 0.59101
676 0.59178
677 0.59255
678 0.59332
679 0.59410
680 0.59488
681 0.59567
682 0.59646
683 0.59725
684 0.59804
685 0.59884
686 0.59964
687 0.60045
688 0.60126
689 0.60207
690 0.60289
691 0.60371
692 0.60454
693 0.60537
694 0.60620
695 0.60703
696 0.60787
697 0.60872
698 0.60957
699 0.61042
700 0.61127
701 0.61213
702 0.61299
703 0.61386
704 0.61473
705 0.61561
706 0.61648
707 0.61737
708 0.61825
709 0.61914
710 0.62004
711 0.62094
712 0.62184
713 0.62274
714 0.62365
715 0.62457
716 0.62549
717 0.62641
718 0.62734
719 0.62827
720 0.62920
721 0.63014
722 0.63108
723 0.63203
724 0.63298
725 0.63393
726 0.63489
727 0.63586
728 0.63683
729 0.63780
730 0.63877
731 0.63975
732 0.64074
733 0.64173
734 0.64272
735 0.64372
736 0.64472
737 0.64573
738 0.64674
739 0.64775
740 0.64877
741 0.64980
742 0.65083
743 0.65186
744 0.65290
745 0.65394
746 0.65498
747 0.65603
748 0.65709
749 0.65815
750 0.65921
751 0.66028
752 0.66136
753 0.66243
754 0.66352
755 0.66460
756 0.66570
757 0.66679
758 0.66789
759 0.66900
760 0.67011
761 0.67123
762 0.67235
763 0.67347
764 0.67460
765 0.67573
766 0.67687
767 0.67802
768 0.67917
769 0.68032
770 0.68148
771 0.68264
772 0.68381
773 0.68498
774 0.68616
775 0.68735
776 0.68854
777 0.68973
778 0.69093
779 0.69213
780 0.69334
781 0.69455
782 0.69577
783 0.69700
784 0.69823
785 0.69946
786 0.70070
787 0.70194
788 0.70319
789 0.70445
790 0.70571
791 0.70698
792 0.70825
793 0.70952
794 0.71081
795 0.71209
796 0.71338
797 0.71468
798 0.71599
799 0.71730
800 0.71861
801 0.71993
802 0.72125
803 0.72259
804 0.72392
805 0.72526
806 0.72661
807 0.72797
808 0.72932
809 0.73069
810 0.73206
811 0.73343
812 0.73482
813 0.73620
814 0.73760
815 0.73900
816 0.74040
817 0.74181
818 0.74323
819 0.74465
820 0.74608
821 0.74751
822 0.74896
823 0.75040
824 0.75185
825 0.75331
826 0.75478
827 0.75625
828 0.75772
829 0.75921
830 0.76070
831 0.76219
832 0.76369
833 0.76520
834 0.76672
835 0.76824
836 0.76929
837 0.77082
838 0.77236
839 0.77390
840 0.77546
841 0.77702
842 0.77858
843 0.78016
844 0.78174
845 0.78333
846 0.78493
847 0.78653
848 0.78815
849 0.78977
850 0.79140
851 0.79303
852 0.79468
853 0.79633
854 0.79800
855 0.79967
856 0.80134
857 0.80303
858 0.80473
859 0.80644
860 0.80815
861 0.80987
862 0.81160
863 0.81334
864 0.81509
865 0.81685
866 0.81862
867 0.82040
868 0.82218
869 0.82398
870 0.82579
871 0.82761
872 0.82942
873 0.83125
874 0.83309
875 0.83494
876 0.83680
877 0.83868
878 0.84056
879 0.84245
880 0.84435
881 0.84626
882 0.84818
883 0.85012
884 0.85206
885 0.85402
886 0.85598
887 0.85796
888 0.85995
889 0.86194
890 0.86395
891 0.86598
892 0.86800
893 0.87003
894 0.87207
895 0.87412
896 0.87619
897 0.87826
898 0.88035
899 0.88244
900 0.88455
901 0.88668
902 0.88881
903 0.89095
904 0.89311
905 0.89528
906 0.89746
907 0.89965
908 0.90186
909 0.90408
910 0.90631
911 0.90855
912 0.90717
913 0.91507
914 0.92015
915 0.92356
916 0.92545
917 0.92643
918 0.92750
919 0.92868
920 0.93000
921 0.93152
922 0.93138
923 0.93124
924 0.93302
925 0.93289
926 0.93275
927 0.93490
928 0.93477
929 0.93465
930 0.93452
931 0.93721
932 0.93709
933 0.93697
934 0.93685
935 0.93674
936 0.93662
937 0.93650
938 0.94006
939 0.93996
940 0.93985
941 0.93972
942 0.93959
943 0.93945
944 0.93931
945 0.93918
946 0.93904
947 0.93890
948 0.93876
949 0.93863
950 0.94370
951 0.94358
952 0.94346
953 0.94333
954 0.94321
955 0.94309
956 0.94297
957 0.94285
958 0.94273
959 0.94261
960 0.94248
961 0.94236
962 0.94224
963 0.94212
964 0.94199
965 0.94187
966 0.94175
967 0.94162
968 0.94150
969 0.94138
970 0.94125
971 0.94113
972 0.94100
973 0.94923
974 0.94913
975 0.94904
976 0.94894
977 0.94885
978 0.94875
979 0.94865
980 0.94856
981 0.94846
982 0.94836
983 0.94827
984 0.94817
985 0.94807
986 0.94797
987 0.94788
988 0.94778
989 0.94768
990 0.94758
991 0.94749
992 0.94739
993 0.94729
994 0.94719
995 0.94709
996 0.94699
997 0.94689
998 0.94680
999 0.94670
1000 0.94660
1001 0.94650
1002 0.94640
1003 0.94630
1004 0.94620
1005 0.94610
1006 0.94600
1007 0.94590
1008 0.94580
1009 0.94570
1010 0.94560
1011 0.94550
1012 0.94539
1013 0.94529
1014 0.94519
1015 0.94509
1016 0.94499
1017 0.94489
1018 0.94478
1019 0.94468
1020 0.94458
1021 0.94448
1022 0.94438
1023 0.94427
1024 0.94417
1025 0.94407
1026 0.96071
1027 0.96066
1028 0.96062
1029 0.96057
1030 0.96053
1031 0.96048
1032 0.96043
1033 0.96039
1034 0.96034
1035 0.96030
1036 0.96025
1037 0.96021
1038 0.96016
1039 0.96011
1040 0.96007
1041 0.96002
1042 0.95998
1043 0.95993
1044 0.95989
1045 0.95984
1046 0.95980
1047 0.95975
1048 0.95970
1049 0.95966
1050 0.95961
1051 0.95957
1052 0.95952
1053 0.95948
1054 0.95943
1055 0.95938
1056 0.95934
1057 0.95929
1058 0.95925
1059 0.95920
1060 0.95915
1061 0.95911
1062 0.95906
1063 0.95902
1064 0.95897
1065 0.95893
1066 0.95888
1067 0.95883
1068 0.95879
1069 0.95874
1070 0.95870
1071 0.95865
1072 0.95860
1073 0.95856
1074 0.95851
1075 0.95847
1076 0.95842
1077 0.95838
1078 0.95833
1079 0.95828
1080 0.95824
1081 0.95819
1082 0.95815
1083 0.95810
1084 0.95805
1085 0.95801
1086 0.95796
1087 0.95792
1088 0.95787
1089 0.95782
1090 0.95778
1091 0.95773
1092 0.95769
1093 0.95764
1094 0.95759
1095 0.95755
1096 0.95750
1097 0.95746
1098 0.95741
1099 0.95736
1100 0.95732
1101 0.95727
1102 0.95722
1103 0.95718
1104 0.95713
1105 0.95709
1106 0.95704
1107 0.95699
1108 0.95695
1109 0.95690
1110 0.95686
1111 0.95681
1112 0.95676
1113 0.95672
1114 0.95667
1115 0.95657
1116 0.95643
1117 0.95629
1118 0.95615
1119 0.95601
1120 0.95586
1121 0.95572
1122 0.95558
1123 0.95544
1124 0.95530
1125 0.95515
1126 0.95501
1127 0.95487
1128 0.95472
1129 0.95458
1130 0.95443
1131 0.95429
1132 0.95415
1133 0.95400
1134 0.95385
1135 0.95371
1136 0.95356
1137 0.95341
1138 0.95327
1139 0.95312
1140 0.95297
1141 0.95282
1142 0.95268
1143 0.95253
1144 0.95238
1145 0.95223
1146 0.95208
1147 0.95193
1148 0.95178
1149 0.95163
1150 0.95148
1151 0.95133
1152 0.95118
1153 0.95102
1154 0.95087
1155 0.95072
1156 0.95057
1157 0.95041
1158 0.95026
1159 0.95011
1160 0.94995
1161 0.94980
1162 0.94964
1163 0.94949
1164 0.94933
1165 0.94917
1166 0.94902
1167 0.94886
1168 0.94871
1169 0.94855
1170 0.94839
1171 0.94823
1172 0.94807
1173 0.94792
1174 0.94776
1175 0.94760
1176 0.94744
1177 0.94728
1178 0.94712
1179 0.94696
1180 0.94680
1181 0.94663
1182 0.94647
1183 0.94631
1184 0.94615
1185 0.94599
1186 0.94582
1187 0.94566
1188 0.94550
1189 0.94533
1190 0.94517
1191 0.94500
1192 0.94484
1193 0.94467
1194 0.94451
1195 0.94434
1196 0.94417
1197 0.94401
1198 0.94384
1199 0.94367
1200 0.94351
1201 0.94334
1202 0.94317
1203 0.94300
1204 0.94283
1205 0.94266
1206 0.94249
1207 0.94232
1208 0.94215
1209 0.94198
1210 0.94181
1211 0.94164
1212 0.94147
1213 0.94129
1214 0.94112
1215 0.94095
1216 1.00000
