17 1.90157
18 1.77883
19 1.67166
20 1.57731
21 1.49364
22 1.41896
23 1.35191
24 1.29139
25 1.23649
26 1.18648
27 1.14073
28 1.09871
29 1.06000
30 1.02422
31 0.99104
32 0.96020
33 0.93145
34 0.90458
35 0.87943
36 0.85582
37 0.83362
38 0.81270
39 0.79296
40 0.77429
41 0.75662
42 0.73986
43 0.72395
44 0.70881
45 0.69440
46 0.68066
47 0.66754
48 0.65501
49 0.64302
50 0.63154
51 0.62054
52 0.60998
53 0.59984
54 0.59010
55 0.58073
56 0.57171
57 0.56302
58 0.55464
59 0.54655
60 0.53875
61 0.53121
62 0.52392
63 0.51686
64 0.51004
65 0.50343
66 0.49703
67 0.49082
68 0.48480
69 0.47895
70 0.47328
71 0.46777
72 0.46241
73 0.45720
74 0.45214
75 0.44721
76 0.44241
77 0.43773
78 0.43318
79 0.42874
80 0.42442
81 0.42020
82 0.41608
83 0.41206
84 0.40814
85 0.40431
86 0.40057
87 0.39691
88 0.39334
89 0.38984
90 0.38643
91 0.38308
92 0.37981
93 0.37661
94 0.37347
95 0.37040
96 0.36740
97 0.36445
98 0.36156
99 0.35873
100 0.35596
101 0.35324
102 0.35057
103 0.34795
104 0.34538
105 0.34286
106 0.34038
107 0.33796
108 0.33557
109 0.33323
110 0.33092
111 0.32866
112 0.32644
113 0.32426
114 0.32211
115 0.32000
116 0.31792
117 0.31588
118 0.31388
119 0.31190
120 0.30996
121 0.30805
122 0.30617
123 0.30431
124 0.30249
125 0.30070
126 0.29893
127 0.29719
128 0.29547
129 0.29379
130 0.29212
131 0.29048
132 0.28887
133 0.28728
134 0.28571
135 0.28416
136 0.28264
137 0.28113
138 0.27965
139 0.27819
140 0.27675
141 0.27533
142 0.27393
143 0.27254
144 0.27118
145 0.26983
146 0.26850
147 0.26719
148 0.26590
149 0.26462
150 0.26336
151 0.26212
152 0.26089
153 0.25967
154 0.25848
155 0.25729
156 0.25612
157 0.25497
158 0.25383
159 0.25270
160 0.25159
161 0.25049
162 0.24941
163 0.24833
164 0.24727
165 0.24623
166 0.24519
167 0.24417
168 0.24315
169 0.24215
170 0.24117
171 0.24019
172 0.23922
173 0.23827
174 0.23732
175 0.23639
176 0.23547
177 0.23455
178 0.23365
179 0.23276
180 0.23187
181 0.23100
182 0.23013
183 0.22928
184 0.22843
185 0.22759
186 0.22677
187 0.22595
188 0.22513
189 0.22433
190 0.22354
191 0.22275
192 0.22197
193 0.22120
194 0.22044
195 0.21969
196 0.21894
197 0.21820
198 0.21747
199 0.21675
200 0.21603
201 0.21532
202 0.21462
203 0.21392
204 0.21323
205 0.21255
206 0.21188
207 0.21121
208 0.21055
209 0.20989
210 0.20924
211 0.20860
212 0.20796
213 0.20733
214 0.20670
215 0.20609
216 0.20547
217 0.20487
218 0.20426
219 0.20367
220 0.20308
221 0.20249
222 0.20191
223 0.20134
224 0.20077
225 0.20021
226 0.19965
227 0.19910
228 0.19855
229 0.19801
230 0.19747
231 0.19693
232 0.19641
233 0.19588
234 0.19536
235 0.19485
236 0.19434
237 0.19383
238 0.19333
239 0.19284
240 0.19235
241 0.19186
242 0.19138
243 0.19090
244 0.19042
245 0.18995
246 0.18949
247 0.18903
248 0.18857
249 0.18812
250 0.18767
251 0.18722
252 0.18678
253 0.18634
254 0.18591
255 0.18548
256 0.18505
257 0.18463
258 0.18421
259 0.18379
260 0.18338
261 0.18297
262 0.18256
263 0.18216
264 0.18177
265 0.18137
266 0.18098
267 0.18059
268 0.18021
269 0.17983
270 0.17945
271 0.17907
272 0.17870
273 0.17833
274 0.17797
275 0.17761
276 0.17725
277 0.17689
278 0.17654
279 0.17619
280 0.17584
281 0.17550
282 0.17515
283 0.17482
284 0.17448
285 0.17415
286 0.17382
287 0.17349
288 0.17317
289 0.17285
290 0.17253
291 0.17221
292 0.17190
293 0.17159
294 0.17128
295 0.17098
296 0.17067
297 0.17037
298 0.17008
299 0.16978
300 0.16949
301 0.16920
302 0.16891
303 0.16863
304 0.16834
305 0.16806
306 0.16779
307 0.16751
308 0.16724
309 0.16697
310 0.16670
311 0.16643
312 0.16617
313 0.16591
314 0.16565
315 0.16539
316 0.16514
317 0.16488
318 0.16463
319 0.16439
320 0.16414
321 0.16390
322 0.16366
323 0.16342
324 0.16318
325 0.16294
326 0.16271
327 0.16248
328 0.16225
329 0.16202
330 0.16180
331 0.16158
332 0.16135
333 0.16114
334 0.16092
335 0.16070
336 0.16049
337 0.16028
338 0.16007
339 0.15986
340 0.15966
341 0.15945
342 0.15925
343 0.15905
344 0.15885
345 0.15866
346 0.15846
347 0.15827
348 0.15808
349 0.15789
350 0.15770
351 0.15752
352 0.15734
353 0.15715
354 0.15697
355 0.15680
356 0.15662
357 0.15644
358 0.15627
359 0.15610
360 0.15593
361 0.15576
362 0.15559
363 0.15543
364 0.15527
365 0.15511
366 0.15495
367 0.15479
368 0.15463
369 0.15448
370 0.15432
371 0.15417
372 0.15402
373 0.15387
374 0.15372
375 0.15358
376 0.15343
377 0.15329
378 0.15315
379 0.15301
380 0.15287
381 0.15274
382 0.15260
383 0.15247
384 0.15234
385 0.15221
386 0.15208
387 0.15195
388 0.15182
389 0.15170
390 0.15158
391 0.15145
392 0.15133
393 0.15121
394 0.15110
395 0.15098
396 0.15087
397 0.15075
398 0.15064
399 0.15053
400 0.15042
401 0.15031
402 0.15021
403 0.15010
404 0.15000
405 0.14990
406 0.14980
407 0.14970
408 0.14960
409 0.14950
410 0.14941
411 0.14931
412 0.14922
413 0.14913
414 0.14904
415 0.14895
416 0.14886
417 0.14878
418 0.14869
419 0.14861
420 0.14852
421 0.14844
422 0.14836
423 0.14828
424 0.14821
425 0.14813
426 0.14806
427 0.14798
428 0.14791
429 0.14784
430 0.14777
431 0.14770
432 0.14763
433 0.14757
434 0.14750
435 0.14744
436 0.14738
437 0.14732
438 0.14726
439 0.14720
440 0.14714
441 0.14708
442 0.14703
443 0.14697
444 0.14692
445 0.14687
446 0.14682
447 0.14677
448 0.14672
449 0.14668
450 0.14663
451 0.14659
452 0.14654
453 0.14650
454 0.14646
455 0.14642
456 0.14638
457 0.14634
458 0.14631
459 0.14627
460 0.14624
461 0.14620
462 0.14617
463 0.14614
464 0.14611
465 0.14608
466 0.14606
467 0.14603
468 0.14601
469 0.14598
470 0.14596
471 0.14594
472 0.14592
473 0.14590
474 0.14588
475 0.14586
476 0.14585
477 0.14583
478 0.14582
479 0.14581
480 0.14579
481 0.14578
482 0.14577
483 0.14577
484 0.14576
485 0.14575
486 0.14575
487 0.14574
488 0.14574
489 0.14574
490 0.14574
491 0.14574
492 0.14574
493 0.14574
494 0.14575
495 0.14575
496 0.14576
497 0.14576
498 0.14577
499 0.14578
500 0.14579
501 0.14580
502 0.14582
503 0.14583
504 0.14584
505 0.14586
506 0.14588
507 0.14589
508 0.14591
509 0.14593
510 0.14595
511 0.14598
512 0.14600
513 0.14602
514 0.14605
515 0.14607
516 0.14610
517 0.14613
518 0.14616
519 0.14619
520 0.14622
521 0.14625
522 0.14629
523 0.14632
524 0.14636
525 0.14640
526 0.14643
527 0.14647
528 0.14642
529 0.14646
530 0.14651
531 0.14655
532 0.14660
533 0.14664
534 0.14669
535 0.14674
536 0.14679
537 0.14685
538 0.14690
539 0.14696
540 0.14702
541 0.14708
542 0.14714
543 0.14720
544 0.14727
545 0.14734
546 0.14741
547 0.14748
548 0.14755
549 0.14763
550 0.14770
551 0.14778
552 0.14786
553 0.14794
554 0.14803
555 0.14812
556 0.14821
557 0.14830
558 0.14839
559 0.14849
560 0.14858
561 0.14868
562 0.14879
563 0.14889
564 0.14899
565 0.14910
566 0.14921
567 0.14932
568 0.14943
569 0.14955
570 0.14966
571 0.14978
572 0.14991
573 0.15003
574 0.15016
575 0.15029
576 0.15042
577 0.15055
578 0.15069
579 0.15083
580 0.15097
581 0.15111
582 0.15126
583 0.15141
584 0.15156
585 0.15171
586 0.15187
587 0.15203
588 0.15219
589 0.15236
590 0.15252
591 0.15269
592 0.15287
593 0.15304
594 0.15322
595 0.15339
596 0.15357
597 0.15374
598 0.15393
599 0.15411
600 0.15430
601 0.15448
602 0.15468
603 0.15487
604 0.15507
605 0.15527
606 0.15547
607 0.15568
608 0.15589
609 0.15610
610 0.15631
611 0.15653
612 0.15675
613 0.15697
614 0.15720
615 0.15743
616 0.15766
617 0.15790
618 0.15813
619 0.15838
620 0.15862
621 0.15887
622 0.15912
623 0.15937
624 0.15963
625 0.15989
626 0.16015
627 0.16042
628 0.16069
629 0.16096
630 0.16124
631 0.16152
632 0.16181
633 0.16209
634 0.16238
635 0.16268
636 0.16297
637 0.16327
638 0.16358
639 0.16389
640 0.16420
641 0.16451
642 0.16483
643 0.16515
644 0.16548
645 0.16581
646 0.16614
647 0.16648
648 0.16682
649 0.16717
650 0.16752
651 0.16787
652 0.16823
653 0.16859
654 0.16895
655 0.16932
656 0.16969
657 0.17007
658 0.17045
659 0.17084
660 0.17123
661 0.17162
662 0.17202
663 0.17242
664 0.17283
665 0.17324
666 0.17365
667 0.17407
668 0.17449
669 0.17492
670 0.17536
671 0.17579
672 0.17624
673 0.17668
674 0.17713
675 0.17759
676 0.17805
677 0.17852
678 0.17899
679 0.17946
680 0.17995
681 0.18043
682 0.18092
683 0.18142
684 0.18192
685 0.18242
686 0.18294
687 0.18345
688 0.18397
689 0.18450
690 0.18503
691 0.18557
692 0.18612
693 0.18667
694 0.18722
695 0.18778
696 0.18835
697 0.18892
698 0.18950
699 0.19008
700 0.19067
701 0.19127
702 0.19187
703 0.19247
704 0.19308
705 0.19367
706 0.19427
707 0.19487
708 0.19548
709 0.19609
710 0.19671
711 0.19734
712 0.19797
713 0.19861
714 0.19925
715 0.19990
716 0.20056
717 0.20123
718 0.20190
719 0.20258
720 0.20288
721 0.20356
722 0.20426
723 0.20495
724 0.20566
725 0.20637
726 0.20709
727 0.20782
728 0.20856
729 0.20930
730 0.21005
731 0.21081
732 0.21158
733 0.21236
734 0.21314
735 0.21394
736 0.21474
737 0.21555
738 0.21637
739 0.21720
740 0.21804
741 0.21889
742 0.21974
743 0.22061
744 0.22149
745 0.22237
746 0.22327
747 0.22417
748 0.22508
749 0.22601
750 0.22694
751 0.22789
752 0.22884
753 0.22981
754 0.23079
755 0.23177
756 0.23277
757 0.23378
758 0.23480
759 0.23583
760 0.23687
761 0.23793
762 0.23899
763 0.24007
764 0.24116
765 0.24226
766 0.24337
767 0.24450
768 0.24564
769 0.24679
770 0.24795
771 0.24912
772 0.25031
773 0.25151
774 0.25273
775 0.25396
776 0.25520
777 0.25646
778 0.25772
779 0.25901
780 0.26031
781 0.26162
782 0.26295
783 0.26429
784 0.26564
785 0.26702
786 0.26840
787 0.26981
788 0.27122
789 0.27266
790 0.27411
791 0.27557
792 0.27706
793 0.27856
794 0.28007
795 0.28161
796 0.28316
797 0.28473
798 0.28631
799 0.28792
800 0.28954
801 0.29118
802 0.29284
803 0.29452
804 0.29621
805 0.29793
806 0.29967
807 0.30142
808 0.30320
809 0.30499
810 0.30681
811 0.30865
812 0.31051
813 0.31239
814 0.31429
815 0.31621
816 0.31816
817 0.32012
818 0.32211
819 0.32413
820 0.32617
821 0.32823
822 0.33031
823 0.33242
824 0.33456
825 0.33672
826 0.33890
827 0.34111
828 0.34335
829 0.34561
830 0.34790
831 0.35022
832 0.35256
833 0.35493
834 0.35733
835 0.35976
836 0.36222
837 0.36470
838 0.36722
839 0.36977
840 0.37235
841 0.37495
842 0.37759
843 0.38027
844 0.38297
845 0.38571
846 0.38848
847 0.39128
848 0.39412
849 0.39699
850 0.39990
851 0.40284
852 0.40582
853 0.40884
854 0.41189
855 0.41498
856 0.41811
857 0.42128
858 0.42449
859 0.42774
860 0.43103
861 0.43436
862 0.43773
863 0.44114
864 0.44460
865 0.44810
866 0.45164
867 0.45523
868 0.45886
869 0.46254
870 0.46627
871 0.47004
872 0.47387
873 0.47774
874 0.48166
875 0.48563
876 0.48966
877 0.49373
878 0.49786
879 0.50204
880 0.50628
881 0.51057
882 0.51491
883 0.51932
884 0.52378
885 0.52830
886 0.53288
887 0.53752
888 0.54222
889 0.54698
890 0.55181
891 0.55670
892 0.56165
893 0.56667
894 0.57176
895 0.57692
896 0.58215
897 0.58744
898 0.59281
899 0.59826
900 0.60377
901 0.60936
902 0.61503
903 0.62077
904 0.62659
905 0.63250
906 0.63848
907 0.64455
908 0.65070
909 0.65693
910 0.66325
911 0.66966
912 0.67465
913 0.69454
914 0.70813
915 0.71777
916 0.72324
917 0.72595
918 0.72903
919 0.73260
920 0.73679
921 0.74179
922 0.74091
923 0.74003
924 0.74617
925 0.74530
926 0.74443
927 0.75218
928 0.75133
929 0.75048
930 0.74963
931 0.75980
932 0.75897
933 0.75815
934 0.75732
935 0.75650
936 0.75567
937 0.75484
938 0.76891
939 0.76812
940 0.76732
941 0.76653
942 0.76573
943 0.76493
944 0.76414
945 0.76334
946 0.76253
947 0.76173
948 0.76093
949 0.76012
950 0.78116
951 0.78041
952 0.77966
953 0.77891
954 0.77816
955 0.77741
956 0.77665
957 0.77590
958 0.77514
959 0.77438
960 0.77362
961 0.77286
962 0.77210
963 0.77133
964 0.77056
965 0.76980
966 0.76903
967 0.76826
968 0.76748
969 0.76671
970 0.76594
971 0.76516
972 0.76438
973 0.79986
974 0.79918
975 0.79850
976 0.79782
977 0.79714
978 0.79646
979 0.79578
980 0.79509
981 0.79440
982 0.79372
983 0.79303
984 0.79234
985 0.79164
986 0.79095
987 0.79026
988 0.78956
989 0.78886
990 0.78817
991 0.78747
992 0.78677
993 0.78606
994 0.78536
995 0.78466
996 0.78395
997 0.78324
998 0.78253
999 0.78182
1000 0.78111
1001 0.78040
1002 0.77969
1003 0.77897
1004 0.77826
1005 0.77754
1006 0.77682
1007 0.77610
1008 0.77538
1009 0.77466
1010 0.77393
1011 0.77321
1012 0.77248
1013 0.77176
1014 0.77103
1015 0.77030
1016 0.76957
1017 0.76883
1018 0.76810
1019 0.76737
1020 0.76663
1021 0.76589
1022 0.76515
1023 0.76441
1024 0.76367
1025 0.76293
1026 0.83749
1027 0.83696
1028 0.83642
1029 0.83589
1030 0.83535
1031 0.83481
1032 0.83427
1033 0.83373
1034 0.83318
1035 0.83264
1036 0.83210
1037 0.83155
1038 0.83100
1039 0.83045
1040 0.82991
1041 0.82936
1042 0.82880
1043 0.82825
1044 0.82770
1045 0.82715
1046 0.82659
1047 0.82603
1048 0.82548
1049 0.82492
1050 0.82436
1051 0.82380
1052 0.82324
1053 0.82267
1054 0.82211
1055 0.82155
1056 0.82098
1057 0.82041
1058 0.81984
1059 0.81928
1060 0.81871
1061 0.81813
1062 0.81756
1063 0.81699
1064 0.81641
1065 0.81584
1066 0.81526
1067 0.81469
1068 0.81411
1069 0.81353
1070 0.81295
1071 0.81237
1072 0.81178
1073 0.81120
1074 0.81061
1075 0.81003
1076 0.80944
1077 0.80885
1078 0.80826
1079 0.80767
1080 0.80708
1081 0.80649
1082 0.80590
1083 0.80530
1084 0.80471
1085 0.80411
1086 0.80352
1087 0.80292
1088 0.80232
1089 0.80172
1090 0.80112
1091 0.80051
1092 0.79991
1093 0.79931
1094 0.79870
1095 0.79809
1096 0.79749
1097 0.79688
1098 0.79627
1099 0.79566
1100 0.79505
1101 0.79443
1102 0.79382
1103 0.79320
1104 0.79259
1105 0.79197
1106 0.79135
1107 0.79073
1108 0.79011
1109 0.78949
1110 0.78887
1111 0.78825
1112 0.78762
1113 0.78700
1114 0.78637
1115 0.78575
1116 0.78512
1117 0.78449
1118 0.78386
1119 0.78323
1120 0.78260
1121 0.78196
1122 0.78133
1123 0.78069
1124 0.78006
1125 0.77942
1126 0.77878
1127 0.77814
1128 0.77750
1129 0.77686
1130 0.77622
1131 0.77558
1132 0.77493
1133 0.77429
1134 0.77364
1135 0.77299
1136 0.77235
1137 0.77170
1138 0.77105
1139 0.77039
1140 0.76974
1141 0.76909
1142 0.76844
1143 0.76778
1144 0.76712
1145 0.76647
1146 0.76581
1147 0.76515
1148 0.76449
1149 0.76383
1150 0.76317
1151 0.76250
1152 0.76184
1153 0.76118
1154 0.76051
1155 0.75984
1156 0.75917
1157 0.75851
1158 0.75784
1159 0.75717
1160 0.75649
1161 0.75582
1162 0.75515
1163 0.75447
1164 0.75380
1165 0.75312
1166 0.75244
1167 0.75176
1168 0.75109
1169 0.75040
1170 0.74972
1171 0.74904
1172 0.74836
1173 0.74767
1174 0.74699
1175 0.74630
1176 0.74562
1177 0.74493
1178 0.74424
1179 0.74355
1180 0.74286
1181 0.74217
1182 0.74147
1183 0.74078
1184 0.74009
1185 0.73939
1186 0.73869
1187 0.73800
1188 0.73730
1189 0.73660
1190 0.73590
1191 0.73520
1192 0.73450
1193 0.73379
1194 0.73309
1195 0.73239
1196 0.73168
1197 0.73097
1198 0.73027
1199 0.72956
1200 0.72885
1201 0.72814
1202 0.72743
1203 0.72672
1204 0.72600
1205 0.72529
1206 0.72458
1207 0.72386
1208 0.72314
1209 0.72243
1210 0.72171
1211 0.72099
1212 0.72027
1213 0.71955
1214 0.71883
1215 0.71811
1216 1.00000
