17 49.93498
18 35.03327
19 25.18794
20 18.50517
21 13.85906
22 10.55909
23 8.16982
24 6.40972
25 5.09260
26 4.09282
27 3.32397
28 2.72560
29 2.25476
30 1.88051
31 1.58022
32 1.33718
33 1.13888
34 0.97587
35 0.84090
36 0.72844
37 0.63413
38 0.55460
39 0.48715
40 0.42967
41 0.38044
42 0.33807
43 0.30147
44 0.26971
45 0.24204
46 0.21785
47 0.19662
48 0.17794
49 0.16143
50 0.14681
51 0.13383
52 0.12226
53 0.11192
54 0.10266
55 0.09435
56 0.08687
57 0.08013
58 0.07403
59 0.06851
60 0.06350
61 0.05895
62 0.05480
63 0.05101
64 0.04755
65 0.04438
66 0.04147
67 0.03880
68 0.03634
69 0.03408
70 0.03199
71 0.03006
72 0.02828
73 0.02663
74 0.02509
75 0.02367
76 0.02235
77 0.02112
78 0.01997
79 0.01890
80 0.01791
81 0.01697
82 0.01610
83 0.01529
84 0.01452
85 0.01380
86 0.01313
87 0.01250
88 0.01190
89 0.01134
90 0.01082
91 0.01032
92 0.00985
93 0.00941
94 0.00899
95 0.00860
96 0.00822
97 0.00787
98 0.00753
99 0.00722
100 0.00692
101 0.00663
102 0.00636
103 0.00610
104 0.00586
105 0.00563
106 0.00541
107 0.00520
108 0.00500
109 0.00480
110 0.00462
111 0.00445
112 0.00428
113 0.00412
114 0.00397
115 0.00383
116 0.00369
117 0.00356
118 0.00343
119 0.00331
120 0.00320
121 0.00309
122 0.00298
123 0.00288
124 0.00278
125 0.00269
126 0.00260
127 0.00251
128 0.00243
129 0.00235
130 0.00227
131 0.00220
132 0.00213
133 0.00206
134 0.00200
135 0.00193
136 0.00187
137 0.00181
138 0.00176
139 0.00170
140 0.00165
141 0.00160
142 0.00155
143 0.00151
144 0.00146
145 0.00142
146 0.00138
147 0.00134
148 0.00130
149 0.00126
150 0.00122
151 0.00119
152 0.00115
153 0.00112
154 0.00109
155 0.00106
156 0.00103
157 0.00100
158 0.00097
159 0.00094
160 0.00092
161 0.00089
162 0.00087
163 0.00085
164 0.00082
165 0.00080
166 0.00078
167 0.00076
168 0.00074
169 0.00072
170 0.00070
171 0.00068
172 0.00066
173 0.00065
174 0.00063
175 0.00061
176 0.00060
177 0.00058
178 0.00057
179 0.00055
180 0.00054
181 0.00052
182 0.00051
183 0.00050
184 0.00048
185 0.00047
186 0.00046
187 0.00045
188 0.00044
189 0.00043
190 0.00042
191 0.00041
192 0.00040
193 0.00039
194 0.00038
195 0.00037
196 0.00036
197 0.00035
198 0.00034
199 0.00033
200 0.00032
201 0.00032
202 0.00031
203 0.00030
204 0.00029
205 0.00029
206 0.00028
207 0.00027
208 0.00027
209 0.00026
210 0.00025
211 0.00025
212 0.00024
213 0.00024
214 0.00023
215 0.00023
216 0.00022
217 0.00022
218 0.00021
219 0.00021
220 0.00020
221 0.00020
222 0.00019
223 0.00019
224 0.00018
225 0.00018
226 0.00017
227 0.00017
228 0.00017
229 0.00016
230 0.00016
231 0.00016
232 0.00015
233 0.00015
234 0.00014
235 0.00014
236 0.00014
237 0.00014
238 0.00013
239 0.00013
240 0.00013
241 0.00012
242 0.00012
243 0.00012
244 0.00012
245 0.00011
246 0.00011
247 0.00011
248 0.00011
249 0.00010
250 0.00010
251 0.00010
252 0.00010
253 0.00009
254 0.00009
255 0.00009
256 0.00009
257 0.00009
258 0.00008
259 0.00008
260 0.00008
261 0.00008
262 0.00008
263 0.00007
264 0.00007
265 0.00007
266 0.00007
267 0.00007
268 0.00007
269 0.00007
270 0.00006
271 0.00006
272 0.00006
273 0.00006
274 0.00006
275 0.00006
276 0.00006
277 0.00005
278 0.00005
279 0.00005
280 0.00005
281 0.00005
282 0.00005
283 0.00005
284 0.00005
285 0.00005
286 0.00004
287 0.00004
288 0.00004
289 0.00004
290 0.00004
291 0.00004
292 0.00004
293 0.00004
294 0.00004
295 0.00004
296 0.00004
297 0.00004
298 0.00003
299 0.00003
300 0.00003
301 0.00003
302 0.00003
303 0.00003
304 0.00003
305 0.00003
306 0.00003
307 0.00003
308 0.00003
309 0.00003
310 0.00003
311 0.00003
312 0.00003
313 0.00002
314 0.00002
315 0.00002
316 0.00002
317 0.00002
318 0.00002
319 0.00002
320 0.00002
321 0.00002
322 0.00002
323 0.00002
324 0.00002
325 0.00002
326 0.00002
327 0.00002
328 0.00002
329 0.00002
330 0.00002
331 0.00002
332 0.00002
333 0.00002
334 0.00002
335 0.00002
336 0.00001
337 0.00001
338 0.00001
339 0.00001
340 0.00001
341 0.00001
342 0.00001
343 0.00001
344 0.00001
345 0.00001
346 0.00001
347 0.00001
348 0.00001
349 0.00001
350 0.00001
351 0.00001
352 0.00001
353 0.00001
354 0.00001
355 0.00001
356 0.00001
357 0.00001
358 0.00001
359 0.00001
360 0.00001
361 0.00001
362 0.00001
363 0.00001
364 0.00001
365 0.00001
366 0.00001
367 0.00001
368 0.00001
369 0.00001
370 0.00001
371 0.00001
372 0.00001
373 0.00001
374 0.00001
375 0.00001
376 0.00001
377 0.00001
378 0.00001
379 0.00001
380 0.00001
381 0.00001
382 0.00001
383 0.00001
384 0.00001
385 0.00001
386 0.00001
387 0.00001
388 0.00001
389 0.00000
390 0.00000
391 0.00000
392 0.00000
393 0.00000
394 0.00000
395 0.00000
396 0.00000
397 0.00000
398 0.00000
399 0.00000
400 0.00000
401 0.00000
402 0.00000
403 0.00000
404 0.00000
405 0.00000
406 0.00000
407 0.00000
408 0.00000
409 0.00000
410 0.00000
411 0.00000
412 0.00000
413 0.00000
414 0.00000
415 0.00000
416 0.00000
417 0.00000
418 0.00000
419 0.00000
420 0.00000
421 0.00000
422 0.00000
423 0.00000
424 0.00000
425 0.00000
426 0.00000
427 0.00000
428 0.00000
429 0.00000
430 0.00000
431 0.00000
432 0.00000
433 0.00000
434 0.00000
435 0.00000
436 0.00000
437 0.00000
438 0.00000
439 0.00000
440 0.00000
441 0.00000
442 0.00000
443 0.00000
444 0.00000
445 0.00000
446 0.00000
447 0.00000
448 0.00000
449 0.00000
450 0.00000
451 0.00000
452 0.00000
453 0.00000
454 0.00000
455 0.00000
456 0.00000
457 0.00000
458 0.00000
459 0.00000
460 0.00000
461 0.00000
462 0.00000
463 0.00000
464 0.00000
465 0.00000
466 0.00000
467 0.00000
468 0.00000
469 0.00000
470 0.00000
471 0.00000
472 0.00000
473 0.00000
474 0.00000
475 0.00000
476 0.00000
477 0.00000
478 0.00000
479 0.00000
480 0.00000
481 0.00000
482 0.00000
483 0.00000
484 0.00000
485 0.00000
486 0.00000
487 0.00000
488 0.00000
489 0.00000
490 0.00000
491 0.00000
492 0.00000
493 0.00000
494 0.00000
495 0.00000
496 0.00000
497 0.00000
498 0.00000
499 0.00000
500 0.00000
501 0.00000
502 0.00000
503 0.00000
504 0.00000
505 0.00000
506 0.00000
507 0.00000
508 0.00000
509 0.00000
510 0.00000
511 0.00000
512 0.00000
513 0.00000
514 0.00000
515 0.00000
516 0.00000
517 0.00000
518 0.00000
519 0.00000
520 0.00000
521 0.00000
522 0.00000
523 0.00000
524 0.00000
525 0.00000
526 0.00000
527 0.00000
528 0.00000
529 0.00000
530 0.00000
531 0.00000
532 0.00000
533 0.00000
534 0.00000
535 0.00000
536 0.00000
537 0.00000
538 0.00000
539 0.00000
540 0.00000
541 0.00000
542 0.00000
543 0.00000
544 0.00000
545 0.00000
546 0.00000
547 0.00000
548 0.00000
549 0.00000
550 0.00000
551 0.00000
552 0.00000
553 0.00000
554 0.00000
555 0.00000
556 0.00000
557 0.00000
558 0.00000
559 0.00000
560 0.00000
561 0.00000
562 0.00000
563 0.00000
564 0.00000
565 0.00000
566 0.00000
567 0.00000
568 0.00000
569 0.00000
570 0.00000
571 0.00000
572 0.00000
573 0.00000
574 0.00000
575 0.00000
576 0.00000
577 0.00000
578 0.00000
579 0.00000
580 0.00000
581 0.00000
582 0.00000
583 0.00000
584 0.00000
585 0.00000
586 0.00000
587 0.00000
588 0.00000
589 0.00000
590 0.00000
591 0.00000
592 0.00000
593 0.00000
594 0.00000
595 0.00000
596 0.00000
597 0.00000
598 0.00000
599 0.00000
600 0.00000
601 0.00000
602 0.00000
603 0.00000
604 0.00000
605 0.00000
606 0.00000
607 0.00000
608 0.00000
609 0.00000
610 0.00000
611 0.00000
612 0.00000
613 0.00000
614 0.00000
615 0.00000
616 0.00000
617 0.00000
618 0.00000
619 0.00000
620 0.00000
621 0.00000
622 0.00000
623 0.00000
624 0.00000
625 0.00000
626 0.00000
627 0.00000
628 0.00000
629 0.00000
630 0.00000
631 0.00000
632 0.00000
633 0.00000
634 0.00000
635 0.00000
636 0.00000
637 0.00000
638 0.00000
639 0.00000
640 0.00000
641 0.00000
642 0.00000
643 0.00000
644 0.00000
645 0.00000
646 0.00000
647 0.00000
648 0.00000
649 0.00000
650 0.00000
651 0.00000
652 0.00000
653 0.00000
654 0.00000
655 0.00000
656 0.00000
657 0.00000
658 0.00000
659 0.00000
660 0.00000
661 0.00000
662 0.00000
663 0.00000
664 0.00000
665 0.00000
666 0.00000
667 0.00000
668 0.00000
669 0.00000
670 0.00000
671 0.00000
672 0.00000
673 0.00000
674 0.00000
675 0.00000
676 0.00000
677 0.00000
678 0.00000
679 0.00000
680 0.00000
681 0.00000
682 0.00000
683 0.00000
684 0.00000
685 0.00000
686 0.00000
687 0.00000
688 0.00000
689 0.00000
690 0.00000
691 0.00000
692 0.00000
693 0.00000
694 0.00000
695 0.00000
696 0.00000
697 0.00000
698 0.00000
699 0.00000
700 0.00000
701 0.00000
702 0.00000
703 0.00000
704 0.00000
705 0.00000
706 0.00000
707 0.00000
708 0.00000
709 0.00000
710 0.00000
711 0.00000
712 0.00000
713 0.00000
714 0.00000
715 0.00000
716 0.00000
717 0.00000
718 0.00000
719 0.00000
720 0.00000
721 0.00000
722 0.00000
723 0.00000
724 0.00000
725 0.00000
726 0.00000
727 0.00000
728 0.00000
729 0.00000
730 0.00000
731 0.00000
732 0.00000
733 0.00000
734 0.00000
735 0.00000
736 0.00000
737 0.00000
738 0.00000
739 0.00000
740 0.00000
741 0.00000
742 0.00000
743 0.00000
744 0.00000
745 0.00000
746 0.00000
747 0.00000
748 0.00000
749 0.00000
750 0.00000
751 0.00000
752 0.00000
753 0.00000
754 0.00000
755 0.00000
756 0.00000
757 0.00000
758 0.00000
759 0.00000
760 0.00000
761 0.00000
762 0.00000
763 0.00000
764 0.00000
765 0.00000
766 0.00000
767 0.00000
768 0.00000
769 0.00000
770 0.00000
771 0.00000
772 0.00000
773 0.00000
774 0.00000
775 0.00000
776 0.00000
777 0.00000
778 0.00000
779 0.00000
780 0.00000
781 0.00000
782 0.00000
783 0.00000
784 0.00000
785 0.00001
786 0.00001
787 0.00001
788 0.00001
789 0.00001
790 0.00001
791 0.00001
792 0.00001
793 0.00001
794 0.00001
795 0.00001
796 0.00001
797 0.00001
798 0.00001
799 0.00001
800 0.00001
801 0.00001
802 0.00001
803 0.00001
804 0.00001
805 0.00001
806 0.00001
807 0.00001
808 0.00001
809 0.00001
810 0.00001
811 0.00002
812 0.00002
813 0.00002
814 0.00002
815 0.00002
816 0.00002
817 0.00002
818 0.00002
819 0.00002
820 0.00002
821 0.00002
822 0.00003
823 0.00003
824 0.00003
825 0.00003
826 0.00003
827 0.00003
828 0.00004
829 0.00004
830 0.00004
831 0.00004
832 0.00004
833 0.00005
834 0.00005
835 0.00005
836 0.00006
837 0.00006
838 0.00006
839 0.00007
840 0.00007
841 0.00007
842 0.00008
843 0.00008
844 0.00009
845 0.00009
846 0.00010
847 0.00011
848 0.00011
849 0.00012
850 0.00013
851 0.00014
852 0.00014
853 0.00015
854 0.00016
855 0.00018
856 0.00019
857 0.00020
858 0.00021
859 0.00023
860 0.00024
861 0.00026
862 0.00028
863 0.00030
864 0.00032
865 0.00035
866 0.00037
867 0.00040
868 0.00043
869 0.00046
870 0.00049
871 0.00053
872 0.00057
873 0.00062
874 0.00066
875 0.00072
876 0.00077
877 0.00083
878 0.00090
879 0.00097
880 0.00105
881 0.00114
882 0.00123
883 0.00133
884 0.00144
885 0.00156
886 0.00170
887 0.00184
888 0.00200
889 0.00217
890 0.00236
891 0.00257
892 0.00279
893 0.00304
894 0.00331
895 0.00361
896 0.00394
897 0.00430
898 0.00469
899 0.00513
900 0.00560
901 0.00613
902 0.00671
903 0.00734
904 0.00805
905 0.00882
906 0.00968
907 0.01062
908 0.01167
909 0.01282
910 0.01410
911 0.01551
912 0.01668
913 0.02064
914 0.02415
915 0.02722
916 0.02920
917 0.03019
918 0.03143
919 0.03301
920 0.03505
921 0.03776
922 0.03712
923 0.03649
924 0.04013
925 0.03947
926 0.03881
927 0.04393
928 0.04323
929 0.04254
930 0.04185
931 0.04945
932 0.04870
933 0.04795
934 0.04722
935 0.04649
936 0.04577
937 0.04506
938 0.05705
939 0.05623
940 0.05543
941 0.05463
942 0.05384
943 0.05306
944 0.05229
945 0.05153
946 0.05077
947 0.05002
948 0.04928
949 0.04855
950 0.06947
951 0.06857
952 0.06769
953 0.06681
954 0.06594
955 0.06507
956 0.06422
957 0.06337
958 0.06253
959 0.06170
960 0.06088
961 0.06006
962 0.05925
963 0.05845
964 0.05766
965 0.05688
966 0.05610
967 0.05533
968 0.05457
969 0.05381
970 0.05307
971 0.05233
972 0.05160
973 0.09487
974 0.09385
975 0.09285
976 0.09185
977 0.09087
978 0.08988
979 0.08891
980 0.08794
981 0.08698
982 0.08602
983 0.08508
984 0.08414
985 0.08320
986 0.08228
987 0.08136
988 0.08044
989 0.07954
990 0.07864
991 0.07754
992 0.07645
993 0.07537
994 0.07430
995 0.07325
996 0.07220
997 0.07116
998 0.07013
999 0.06911
1000 0.06811
1001 0.06711
1002 0.06612
1003 0.06515
1004 0.06418
1005 0.06323
1006 0.06228
1007 0.06134
1008 0.06042
1009 0.05950
1010 0.05859
1011 0.05770
1012 0.05681
1013 0.05593
1014 0.05507
1015 0.05421
1016 0.05336
1017 0.05252
1018 0.05170
1019 0.05088
1020 0.05007
1021 0.04927
1022 0.04848
1023 0.04769
1024 0.04692
1025 0.04616
1026 0.16433
1027 0.16275
1028 0.16117
1029 0.15961
1030 0.15805
1031 0.15650
1032 0.15496
1033 0.15343
1034 0.15191
1035 0.15039
1036 0.14889
1037 0.14739
1038 0.14590
1039 0.14442
1040 0.14295
1041 0.14149
1042 0.14004
1043 0.13859
1044 0.13715
1045 0.13573
1046 0.13431
1047 0.13290
1048 0.13150
1049 0.13011
1050 0.12872
1051 0.12735
1052 0.12598
1053 0.12463
1054 0.12328
1055 0.12194
1056 0.12061
1057 0.11929
1058 0.11798
1059 0.11668
1060 0.11538
1061 0.11410
1062 0.11282
1063 0.11155
1064 0.11030
1065 0.10905
1066 0.10781
1067 0.10657
1068 0.10535
1069 0.10414
1070 0.10293
1071 0.10174
1072 0.10055
1073 0.09938
1074 0.09821
1075 0.09705
1076 0.09590
1077 0.09475
1078 0.09362
1079 0.09250
1080 0.09138
1081 0.09028
1082 0.08918
1083 0.08809
1084 0.08701
1085 0.08594
1086 0.08488
1087 0.08382
1088 0.08278
1089 0.08174
1090 0.08072
1091 0.07970
1092 0.07869
1093 0.07769
1094 0.07670
1095 0.07571
1096 0.07474
1097 0.07377
1098 0.07281
1099 0.07186
1100 0.07092
1101 0.06999
1102 0.06907
1103 0.06815
1104 0.06725
1105 0.06635
1106 0.06546
1107 0.06458
1108 0.06371
1109 0.06284
1110 0.06198
1111 0.06114
1112 0.06030
1113 0.05947
1114 0.05864
1115 0.05783
1116 0.05702
1117 0.05622
1118 0.05543
1119 0.05465
1120 0.05387
1121 0.05310
1122 0.05235
1123 0.05159
1124 0.05085
1125 0.05011
1126 0.04939
1127 0.04867
1128 0.04795
1129 0.04725
1130 0.04655
1131 0.04586
1132 0.04518
1133 0.04451
1134 0.04384
1135 0.04318
1136 0.04253
1137 0.04188
1138 0.04124
1139 0.04061
1140 0.03999
1141 0.03937
1142 0.03876
1143 0.03816
1144 0.03757
1145 0.03698
1146 0.03640
1147 0.03582
1148 0.03526
1149 0.03470
1150 0.03414
1151 0.03360
1152 0.03306
1153 0.03252
1154 0.03200
1155 0.03147
1156 0.03096
1157 0.03045
1158 0.02995
1159 0.02946
1160 0.02897
1161 0.02849
1162 0.02801
1163 0.02754
1164 0.02708
1165 0.02662
1166 0.02617
1167 0.02572
1168 0.02528
1169 0.02485
1170 0.02442
1171 0.02400
1172 0.02358
1173 0.02317
1174 0.02276
1175 0.02236
1176 0.02197
1177 0.02158
1178 0.02120
1179 0.02082
1180 0.02045
1181 0.02008
1182 0.01972
1183 0.01936
1184 0.01901
1185 0.01866
1186 0.01832
1187 0.01798
1188 0.01765
1189 0.01732
1190 0.01700
1191 0.01669
1192 0.01637
1193 0.01607
1194 0.01576
1195 0.01546
1196 0.01517
1197 0.01488
1198 0.01460
1199 0.01432
1200 0.01404
1201 0.01377
1202 0.01350
1203 0.01324
1204 0.01298
1205 0.01272
1206 0.01247
1207 0.01222
1208 0.01198
1209 0.01174
1210 0.01151
1211 0.01128
1212 0.01105
1213 0.01083
1214 0.01061
1215 0.01039
1216 1.00000
