17 1.08120
18 1.07181
19 1.06313
20 1.05507
21 1.04755
22 1.04051
23 1.03390
24 1.02767
25 1.02179
26 1.01622
27 1.01094
28 1.00591
29 1.00112
30 0.99655
31 0.99218
32 0.98800
33 0.98398
34 0.98012
35 0.97641
36 0.97284
37 0.96940
38 0.96607
39 0.96286
40 0.95975
41 0.95675
42 0.95383
43 0.95101
44 0.94827
45 0.94560
46 0.94301
47 0.94050
48 0.93805
49 0.93566
50 0.93333
51 0.93107
52 0.92885
53 0.92669
54 0.92458
55 0.92252
56 0.92051
57 0.91854
58 0.91661
59 0.91472
60 0.91287
61 0.91106
62 0.90929
63 0.90755
64 0.90584
65 0.90417
66 0.90253
67 0.90091
68 0.89933
69 0.89777
70 0.89624
71 0.89474
72 0.89326
73 0.89181
74 0.89038
75 0.88897
76 0.88759
77 0.88622
78 0.88488
79 0.88356
80 0.88226
81 0.88098
82 0.87971
83 0.87847
84 0.87724
85 0.87603
86 0.87483
87 0.87366
88 0.87249
89 0.87135
90 0.87022
91 0.86910
92 0.86800
93 0.86691
94 0.86583
95 0.86477
96 0.86372
97 0.86269
98 0.86166
99 0.86065
100 0.85965
101 0.85866
102 0.85769
103 0.85672
104 0.85577
105 0.85482
106 0.85389
107 0.85297
108 0.85206
109 0.85115
110 0.85026
111 0.84937
112 0.84850
113 0.84763
114 0.84678
115 0.84593
116 0.84509
117 0.84426
118 0.84343
119 0.84262
120 0.84181
121 0.84101
122 0.84022
123 0.83944
124 0.83866
125 0.83790
126 0.83713
127 0.83638
128 0.83563
129 0.83489
130 0.83416
131 0.83343
132 0.83271
133 0.83200
134 0.83129
135 0.83059
136 0.82989
137 0.82920
138 0.82852
139 0.82784
140 0.82717
141 0.82651
142 0.82585
143 0.82519
144 0.82454
145 0.82390
146 0.82326
147 0.82263
148 0.82200
149 0.82138
150 0.82076
151 0.82015
152 0.81954
153 0.81894
154 0.81834
155 0.81775
156 0.81716
157 0.81658
158 0.81600
159 0.81543
160 0.81486
161 0.81429
162 0.81373
163 0.81318
164 0.81262
165 0.81208
166 0.81153
167 0.81099
168 0.81046
169 0.80993
170 0.80940
171 0.80888
172 0.80836
173 0.80784
174 0.80733
175 0.80683
176 0.80632
177 0.80582
178 0.80533
179 0.80483
180 0.80435
181 0.80386
182 0.80338
183 0.80290
184 0.80243
185 0.80196
186 0.80149
187 0.80103
188 0.80057
189 0.80011
190 0.79966
191 0.79921
192 0.79876
193 0.79831
194 0.79787
195 0.79744
196 0.79700
197 0.79657
198 0.79614
199 0.79572
200 0.79530
201 0.79488
202 0.79446
203 0.79405
204 0.79364
205 0.79324
206 0.79283
207 0.79243
208 0.79203
209 0.79164
210 0.79125
211 0.79086
212 0.79047
213 0.79009
214 0.78971
215 0.78933
216 0.78895
217 0.78858
218 0.78821
219 0.78785
220 0.78748
221 0.78712
222 0.78676
223 0.78640
224 0.78605
225 0.78570
226 0.78535
227 0.78500
228 0.78466
229 0.78432
230 0.78398
231 0.78365
232 0.78331
233 0.78298
234 0.78265
235 0.78233
236 0.78200
237 0.78168
238 0.78136
239 0.78105
240 0.78073
241 0.78042
242 0.78011
243 0.77981
244 0.77950
245 0.77920
246 0.77890
247 0.77860
248 0.77831
249 0.77801
250 0.77772
251 0.77743
252 0.77715
253 0.77686
254 0.77658
255 0.77630
256 0.77603
257 0.77575
258 0.77548
259 0.77521
260 0.77494
261 0.77467
262 0.77441
263 0.77414
264 0.77388
265 0.77363
266 0.77337
267 0.77312
268 0.77286
269 0.77262
270 0.77237
271 0.77212
272 0.77188
273 0.77164
274 0.77140
275 0.77116
276 0.77093
277 0.77069
278 0.77046
279 0.77023
280 0.77000
281 0.76978
282 0.76956
283 0.76933
284 0.76911
285 0.76890
286 0.76868
287 0.76847
288 0.76826
289 0.76805
290 0.76784
291 0.76763
292 0.76743
293 0.76723
294 0.76703
295 0.76683
296 0.76663
297 0.76644
298 0.76625
299 0.76606
300 0.76587
301 0.76568
302 0.76549
303 0.76531
304 0.76513
305 0.76495
306 0.76477
307 0.76460
308 0.76442
309 0.76425
310 0.76408
311 0.76391
312 0.76374
313 0.76358
314 0.76342
315 0.76325
316 0.76309
317 0.76294
318 0.76278
319 0.76263
320 0.76247
321 0.76232
322 0.76217
323 0.76203
324 0.76188
325 0.76174
326 0.76159
327 0.76145
328 0.76132
329 0.76118
330 0.76104
331 0.76091
332 0.76078
333 0.76065
334 0.76052
335 0.76039
336 0.76027
337 0.76014
338 0.76002
339 0.75990
340 0.75978
341 0.75967
342 0.75955
343 0.75944
344 0.75933
345 0.75922
346 0.75911
347 0.75900
348 0.75890
349 0.75880
350 0.75869
351 0.75859
352 0.75850
353 0.75840
354 0.75830
355 0.75821
356 0.75812
357 0.75803
358 0.75794
359 0.75785
360 0.75777
361 0.75769
362 0.75760
363 0.75752
364 0.75744
365 0.75737
366 0.75729
367 0.75722
368 0.75715
369 0.75707
370 0.75701
371 0.75694
372 0.75687
373 0.75681
374 0.75675
375 0.75668
376 0.75662
377 0.75657
378 0.75651
379 0.75646
380 0.75640
381 0.75635
382 0.75630
383 0.75625
384 0.75621
385 0.75616
386 0.75612
387 0.75607
388 0.75603
389 0.75599
390 0.75596
391 0.75592
392 0.75589
393 0.75585
394 0.75582
395 0.75579
396 0.75576
397 0.75574
398 0.75571
399 0.75569
400 0.75567
401 0.75565
402 0.75563
403 0.75561
404 0.75559
405 0.75558
406 0.75557
407 0.75555
408 0.75555
409 0.75554
410 0.75553
411 0.75552
412 0.75552
413 0.75552
414 0.75552
415 0.75552
416 0.75552
417 0.75553
418 0.75553
419 0.75554
420 0.75555
421 0.75556
422 0.75557
423 0.75558
424 0.75560
425 0.75561
426 0.75563
427 0.75565
428 0.75567
429 0.75569
430 0.75571
431 0.75574
432 0.75577
433 0.75579
434 0.75582
435 0.75586
436 0.75589
437 0.75592
438 0.75596
439 0.75599
440 0.75603
441 0.75607
442 0.75611
443 0.75616
444 0.75620
445 0.75625
446 0.75630
447 0.75635
448 0.75640
449 0.75645
450 0.75650
451 0.75656
452 0.75661
453 0.75667
454 0.75673
455 0.75679
456 0.75685
457 0.75692
458 0.75698
459 0.75705
460 0.75712
461 0.75719
462 0.75726
463 0.75733
464 0.75741
465 0.75748
466 0.75756
467 0.75764
468 0.75772
469 0.75780
470 0.75789
471 0.75797
472 0.75806
473 0.75814
474 0.75823
475 0.75832
476 0.75842
477 0.75851
478 0.75861
479 0.75870
480 0.75880
481 0.75890
482 0.75900
483 0.75910
484 0.75921
485 0.75931
486 0.75942
487 0.75953
488 0.75964
489 0.75975
490 0.75986
491 0.75998
492 0.76009
493 0.76021
494 0.76033
495 0.76045
496 0.76057
497 0.76070
498 0.76082
499 0.76095
500 0.76108
501 0.76121
502 0.76134
503 0.76147
504 0.76160
505 0.76174
506 0.76187
507 0.76201
508 0.76215
509 0.76229
510 0.76244
511 0.76258
512 0.76273
513 0.76287
514 0.76302
515 0.76317
516 0.76332
517 0.76348
518 0.76363
519 0.76379
520 0.76395
521 0.76411
522 0.76427
523 0.76443
524 0.76459
525 0.76476
526 0.76492
527 0.76509
528 0.76526
529 0.76543
530 0.76561
531 0.76578
532 0.76596
533 0.76613
534 0.76631
535 0.76649
536 0.76667
537 0.76686
538 0.76704
539 0.76723
540 0.76741
541 0.76760
542 0.76779
543 0.76799
544 0.76818
545 0.76838
546 0.76857
547 0.76877
548 0.76897
549 0.76917
550 0.76937
551 0.76958
552 0.76979
553 0.76999
554 0.77020
555 0.77041
556 0.77062
557 0.77084
558 0.77105
559 0.77127
560 0.77149
561 0.77171
562 0.77193
563 0.77215
564 0.77237
565 0.77260
566 0.77283
567 0.77306
568 0.77329
569 0.77352
570 0.77375
571 0.77399
572 0.77422
573 0.77446
574 0.77470
575 0.77494
576 0.77518
577 0.77543
578 0.77567
579 0.77592
580 0.77617
581 0.77642
582 0.77667
583 0.77692
584 0.77718
585 0.77744
586 0.77769
587 0.77795
588 0.77821
589 0.77848
590 0.77874
591 0.77901
592 0.77927
593 0.77954
594 0.77981
595 0.78009
596 0.78036
597 0.78063
598 0.78091
599 0.78119
600 0.78147
601 0.78175
602 0.78203
603 0.78232
604 0.78260
605 0.78289
606 0.78318
607 0.78347
608 0.78377
609 0.78406
610 0.78436
611 0.78465
612 0.78495
613 0.78525
614 0.78555
615 0.78586
616 0.78616
617 0.78647
618 0.78678
619 0.78709
620 0.78740
621 0.78771
622 0.78803
623 0.78834
624 0.78866
625 0.78898
626 0.78930
627 0.78963
628 0.78995
629 0.79028
630 0.79061
631 0.79094
632 0.79127
633 0.79160
634 0.79193
635 0.79227
636 0.79261
637 0.79295
638 0.79329
639 0.79363
640 0.79397
641 0.79432
642 0.79467
643 0.79502
644 0.79537
645 0.79572
646 0.79607
647 0.79643
648 0.79679
649 0.79715
650 0.79751
651 0.79787
652 0.79823
653 0.79860
654 0.79896
655 0.79933
656 0.79970
657 0.80008
658 0.80045
659 0.80083
660 0.80120
661 0.80158
662 0.80196
663 0.80235
664 0.80273
665 0.80312
666 0.80350
667 0.80389
668 0.80428
669 0.80468
670 0.80507
671 0.80547
672 0.80586
673 0.80626
674 0.80666
675 0.80707
676 0.80747
677 0.80788
678 0.80829
679 0.80870
680 0.80911
681 0.80952
682 0.80994
683 0.81035
684 0.81077
685 0.81119
686 0.81161
687 0.81204
688 0.81246
689 0.81289
690 0.81332
691 0.81375
692 0.81418
693 0.81461
694 0.81505
695 0.81549
696 0.81593
697 0.81637
698 0.81681
699 0.81726
700 0.81770
701 0.81815
702 0.81860
703 0.81905
704 0.81951
705 0.81996
706 0.82042
707 0.82088
708 0.82134
709 0.82180
710 0.82227
711 0.82273
712 0.82320
713 0.82367
714 0.82414
715 0.82461
716 0.82509
717 0.82557
718 0.82605
719 0.82653
720 0.82701
721 0.82749
722 0.82798
723 0.82847
724 0.82896
725 0.82945
726 0.82994
727 0.83044
728 0.83094
729 0.83143
730 0.83194
731 0.83244
732 0.83294
733 0.83345
734 0.83396
735 0.83447
736 0.83498
737 0.83549
738 0.83601
739 0.83653
740 0.83705
741 0.83757
742 0.83809
743 0.83862
744 0.83915
745 0.83968
746 0.84021
747 0.84074
748 0.84127
749 0.84181
750 0.84235
751 0.84289
752 0.84343
753 0.84398
754 0.84453
755 0.84507
756 0.84562
757 0.84618
758 0.84673
759 0.84729
760 0.84785
761 0.84841
762 0.84897
763 0.84953
764 0.85010
765 0.85067
766 0.85124
767 0.85181
768 0.85238
769 0.85296
770 0.85354
771 0.85412
772 0.85470
773 0.85528
774 0.85587
775 0.85646
776 0.85705
777 0.85764
778 0.85823
779 0.85883
780 0.85943
781 0.86003
782 0.86063
783 0.86123
784 0.86184
785 0.86245
786 0.86306
787 0.86367
788 0.86428
789 0.86490
790 0.86552
791 0.86614
792 0.86676
793 0.86739
794 0.86801
795 0.86864
796 0.86927
797 0.86991
798 0.87054
799 0.87118
800 0.87182
801 0.87246
802 0.87311
803 0.87375
804 0.87440
805 0.87505
806 0.87570
807 0.87636
808 0.87701
809 0.87767
810 0.87833
811 0.87899
812 0.87966
813 0.88033
814 0.88100
815 0.88167
816 0.88234
817 0.88302
818 0.88369
819 0.88437
820 0.88506
821 0.88574
822 0.88643
823 0.88712
824 0.88781
825 0.88850
826 0.88920
827 0.88989
828 0.89059
829 0.89130
830 0.89200
831 0.89271
832 0.89342
833 0.89413
834 0.89484
835 0.89556
836 0.89628
837 0.89700
838 0.89772
839 0.89844
840 0.89917
841 0.89990
842 0.90063
843 0.90136
844 0.90210
845 0.90284
846 0.90358
847 0.90432
848 0.90507
849 0.90582
850 0.90657
851 0.90732
852 0.90807
853 0.90883
854 0.90959
855 0.91035
856 0.91112
857 0.91188
858 0.91265
859 0.91342
860 0.91420
861 0.91497
862 0.91575
863 0.91653
864 0.91731
865 0.91810
866 0.91889
867 0.91968
868 0.92047
869 0.92126
870 0.92206
871 0.92286
872 0.92366
873 0.92447
874 0.92528
875 0.92609
876 0.92690
877 0.92771
878 0.92853
879 0.92935
880 0.93017
881 0.93100
882 0.93182
883 0.93265
884 0.93348
885 0.93432
886 0.93516
887 0.93600
888 0.93684
889 0.93768
890 0.93853
891 0.93938
892 0.94023
893 0.94109
894 0.94194
895 0.94280
896 0.94367
897 0.94453
898 0.94540
899 0.94627
900 0.94714
901 0.94802
902 0.94889
903 0.94977
904 0.95066
905 0.95154
906 0.95243
907 0.95332
908 0.95422
909 0.95511
910 0.95601
911 0.95691
912 0.95650
913 0.95941
914 0.96132
915 0.96262
916 0.96336
917 0.96375
918 0.96418
919 0.96465
920 0.96519
921 0.96581
922 0.96576
923 0.96571
924 0.96644
925 0.96640
926 0.96635
927 0.96724
928 0.96720
929 0.96715
930 0.96711
931 0.96823
932 0.96819
933 0.96815
934 0.96810
935 0.96806
936 0.96802
937 0.96798
938 0.96947
939 0.96943
940 0.96940
941 0.96936
942 0.96932
943 0.96928
944 0.96924
945 0.96920
946 0.96916
947 0.96912
948 0.96908
949 0.96904
950 0.97120
951 0.97116
952 0.97112
953 0.97109
954 0.97105
955 0.97101
956 0.97098
957 0.97094
958 0.97090
959 0.97087
960 0.97083
961 0.97080
962 0.97076
963 0.97072
964 0.97069
965 0.97065
966 0.97061
967 0.97058
968 0.97054
969 0.97050
970 0.97047
971 0.97043
972 0.97039
973 0.97390
974 0.97387
975 0.97384
976 0.97381
977 0.97377
978 0.97374
979 0.97371
980 0.97368
981 0.97365
982 0.97361
983 0.97358
984 0.97355
985 0.97352
986 0.97348
987 0.97345
988 0.97342
989 0.97339
990 0.97336
991 0.97332
992 0.97329
993 0.97326
994 0.97323
995 0.97319
996 0.97316
997 0.97313
998 0.97310
999 0.97307
1000 0.97303
1001 0.97300
1002 0.97297
1003 0.97294
1004 0.97290
1005 0.97287
1006 0.97284
1007 0.97281
1008 0.97277
1009 0.97274
1010 0.97271
1011 0.97268
1012 0.97264
1013 0.97261
1014 0.97258
1015 0.97255
1016 0.97252
1017 0.97248
1018 0.97245
1019 0.97242
1020 0.97239
1021 0.97235
1022 0.97232
1023 0.97229
1024 0.97226
1025 0.97222
1026 0.97934
1027 0.97932
1028 0.97930
1029 0.97927
1030 0.97925
1031 0.97922
1032 0.97920
1033 0.97918
1034 0.97915
1035 0.97913
1036 0.97910
1037 0.97908
1038 0.97906
1039 0.97903
1040 0.97901
1041 0.97898
1042 0.97896
1043 0.97893
1044 0.97891
1045 0.97889
1046 0.97886
1047 0.97884
1048 0.97881
1049 0.97879
1050 0.97877
1051 0.97874
1052 0.97872
1053 0.97869
1054 0.97867
1055 0.97864
1056 0.97862
1057 0.97860
1058 0.97857
1059 0.97855
1060 0.97852
1061 0.97850
1062 0.97847
1063 0.97845
1064 0.97843
1065 0.97840
1066 0.97838
1067 0.97835
1068 0.97833
1069 0.97830
1070 0.97828
1071 0.97826
1072 0.97823
1073 0.97821
1074 0.97818
1075 0.97816
1076 0.97813
1077 0.97811
1078 0.97809
1079 0.97806
1080 0.97804
1081 0.97801
1082 0.97799
1083 0.97796
1084 0.97794
1085 0.97792
1086 0.97789
1087 0.97787
1088 0.97784
1089 0.97782
1090 0.97779
1091 0.97777
1092 0.97775
1093 0.97772
1094 0.97770
1095 0.97767
1096 0.97765
1097 0.97762
1098 0.97760
1099 0.97758
1100 0.97755
1101 0.97753
1102 0.97750
1103 0.97748
1104 0.97745
1105 0.97743
1106 0.97740
1107 0.97738
1108 0.97736
1109 0.97733
1110 0.97731
1111 0.97728
1112 0.97726
1113 0.97723
1114 0.97721
1115 0.97718
1116 0.97716
1117 0.97714
1118 0.97711
1119 0.97709
1120 0.97706
1121 0.97704
1122 0.97701
1123 0.97699
1124 0.97696
1125 0.97694
1126 0.97691
1127 0.97689
1128 0.97687
1129 0.97684
1130 0.97682
1131 0.97679
1132 0.97677
1133 0.97674
1134 0.97672
1135 0.97669
1136 0.97667
1137 0.97665
1138 0.97662
1139 0.97660
1140 0.97657
1141 0.97655
1142 0.97652
1143 0.97650
1144 0.97647
1145 0.97645
1146 0.97642
1147 0.97640
1148 0.97637
1149 0.97635
1150 0.97633
1151 0.97630
1152 0.97628
1153 0.97625
1154 0.97623
1155 0.97620
1156 0.97618
1157 0.97615
1158 0.97613
1159 0.97610
1160 0.97608
1161 0.97605
1162 0.97603
1163 0.97601
1164 0.97598
1165 0.97596
1166 0.97593
1167 0.97591
1168 0.97588
1169 0.97586
1170 0.97583
1171 0.97581
1172 0.97578
1173 0.97576
1174 0.97573
1175 0.97571
1176 0.97568
1177 0.97566
1178 0.97564
1179 0.97561
1180 0.97559
1181 0.97556
1182 0.97554
1183 0.97551
1184 0.97549
1185 0.97546
1186 0.97544
1187 0.97541
1188 0.97539
1189 0.97536
1190 0.97534
1191 0.97531
1192 0.97529
1193 0.97526
1194 0.97524
1195 0.97521
1196 0.97519
1197 0.97517
1198 0.97514
1199 0.97512
1200 0.97509
1201 0.97507
1202 0.97504
1203 0.97502
1204 0.97499
1205 0.97497
1206 0.97494
1207 0.97492
1208 0.97489
1209 0.97487
1210 0.97484
1211 0.97482
1212 0.97479
1213 0.97477
1214 0.97474
1215 0.97472
1216 1.00000
