17 3.78011
18 3.32244
19 2.94627
20 2.63329
21 2.37003
22 2.14643
23 1.95485
24 1.78938
25 1.64545
26 1.51942
27 1.40839
28 1.31005
29 1.22250
30 1.14418
31 1.07382
32 1.01035
33 0.95288
34 0.90065
35 0.85304
36 0.80950
37 0.76957
38 0.73284
39 0.69898
40 0.66768
41 0.63868
42 0.61176
43 0.58671
44 0.56336
45 0.54156
46 0.52116
47 0.50204
48 0.48409
49 0.46722
50 0.45133
51 0.43636
52 0.42222
53 0.40885
54 0.39620
55 0.38421
56 0.37284
57 0.36204
58 0.35178
59 0.34200
60 0.33270
61 0.32382
62 0.31535
63 0.30726
64 0.29953
65 0.29213
66 0.28504
67 0.27825
68 0.27174
69 0.26549
70 0.25949
71 0.25372
72 0.24818
73 0.24284
74 0.23771
75 0.23276
76 0.22799
77 0.22339
78 0.21895
79 0.21466
80 0.21052
81 0.20652
82 0.20265
83 0.19891
84 0.19529
85 0.19178
86 0.18838
87 0.18509
88 0.18190
89 0.17880
90 0.17580
91 0.17288
92 0.17005
93 0.16730
94 0.16463
95 0.16203
96 0.15951
97 0.15705
98 0.15466
99 0.15233
100 0.15007
101 0.14786
102 0.14571
103 0.14361
104 0.14157
105 0.13958
106 0.13764
107 0.13574
108 0.13389
109 0.13209
110 0.13032
111 0.12860
112 0.12692
113 0.12528
114 0.12367
115 0.12210
116 0.12057
117 0.11906
118 0.11760
119 0.11616
120 0.11475
121 0.11338
122 0.11203
123 0.11071
124 0.10942
125 0.10815
126 0.10691
127 0.10570
128 0.10450
129 0.10334
130 0.10219
131 0.10107
132 0.09997
133 0.09889
134 0.09783
135 0.09679
136 0.09577
137 0.09476
138 0.09378
139 0.09281
140 0.09187
141 0.09093
142 0.09002
143 0.08912
144 0.08824
145 0.08737
146 0.08651
147 0.08567
148 0.08485
149 0.08404
150 0.08324
151 0.08246
152 0.08168
153 0.08093
154 0.08018
155 0.07944
156 0.07872
157 0.07801
158 0.07731
159 0.07662
160 0.07594
161 0.07527
162 0.07461
163 0.07396
164 0.07332
165 0.07269
166 0.07207
167 0.07146
168 0.07086
169 0.07027
170 0.06968
171 0.06911
172 0.06854
173 0.06798
174 0.06743
175 0.06688
176 0.06634
177 0.06582
178 0.06529
179 0.06478
180 0.06427
181 0.06377
182 0.06327
183 0.06279
184 0.06230
185 0.06183
186 0.06136
187 0.06090
188 0.06044
189 0.05999
190 0.05954
191 0.05910
192 0.05867
193 0.05824
194 0.05782
195 0.05740
196 0.05698
197 0.05658
198 0.05617
199 0.05578
200 0.05538
201 0.05499
202 0.05461
203 0.05423
204 0.05385
205 0.05348
206 0.05312
207 0.05276
208 0.05240
209 0.05204
210 0.05169
211 0.05135
212 0.05101
213 0.05067
214 0.05033
215 0.05000
216 0.04968
217 0.04935
218 0.04903
219 0.04872
220 0.04841
221 0.04810
222 0.04779
223 0.04749
224 0.04719
225 0.04689
226 0.04660
227 0.04631
228 0.04602
229 0.04574
230 0.04545
231 0.04518
232 0.04490
233 0.04463
234 0.04436
235 0.04409
236 0.04383
237 0.04356
238 0.04330
239 0.04305
240 0.04279
241 0.04254
242 0.04229
243 0.04205
244 0.04180
245 0.04156
246 0.04132
247 0.04108
248 0.04085
249 0.04061
250 0.04038
251 0.04016
252 0.03993
253 0.03970
254 0.03948
255 0.03926
256 0.03904
257 0.03883
258 0.03861
259 0.03840
260 0.03819
261 0.03798
262 0.03778
263 0.03757
264 0.03737
265 0.03717
266 0.03697
267 0.03677
268 0.03658
269 0.03638
270 0.03619
271 0.03600
272 0.03581
273 0.03562
274 0.03544
275 0.03525
276 0.03507
277 0.03489
278 0.03471
279 0.03453
280 0.03436
281 0.03418
282 0.03401
283 0.03383
284 0.03366
285 0.03349
286 0.03333
287 0.03316
288 0.03299
289 0.03283
290 0.03267
291 0.03251
292 0.03235
293 0.03219
294 0.03203
295 0.03187
296 0.03172
297 0.03157
298 0.03141
299 0.03126
300 0.03111
301 0.03096
302 0.03082
303 0.03067
304 0.03052
305 0.03038
306 0.03024
307 0.03009
308 0.02995
309 0.02981
310 0.02967
311 0.02954
312 0.02940
313 0.02926
314 0.02913
315 0.02899
316 0.02886
317 0.02873
318 0.02860
319 0.02847
320 0.02834
321 0.02821
322 0.02808
323 0.02796
324 0.02783
325 0.02771
326 0.02758
327 0.02746
328 0.02734
329 0.02722
330 0.02710
331 0.02698
332 0.02686
333 0.02674
334 0.02663
335 0.02651
336 0.02640
337 0.02628
338 0.02617
339 0.02606
340 0.02594
341 0.02583
342 0.02572
343 0.02561
344 0.02550
345 0.02540
346 0.02529
347 0.02518
348 0.02508
349 0.02497
350 0.02487
351 0.02476
352 0.02466
353 0.02456
354 0.02445
355 0.02435
356 0.02425
357 0.02415
358 0.02405
359 0.02396
360 0.02386
361 0.02376
362 0.02366
363 0.02357
364 0.02347
365 0.02338
366 0.02328
367 0.02319
368 0.02310
369 0.02300
370 0.02291
371 0.02282
372 0.02273
373 0.02264
374 0.02255
375 0.02246
376 0.02237
377 0.02229
378 0.02220
379 0.02211
380 0.02203
381 0.02194
382 0.02185
383 0.02177
384 0.02169
385 0.02160
386 0.02152
387 0.02144
388 0.02135
389 0.02127
390 0.02119
391 0.02111
392 0.02103
393 0.02095
394 0.02087
395 0.02079
396 0.02071
397 0.02064
398 0.02056
399 0.02048
400 0.02041
401 0.02033
402 0.02025
403 0.02018
404 0.02010
405 0.02003
406 0.01996
407 0.01988
408 0.01981
409 0.01974
410 0.01965
411 0.01958
412 0.01951
413 0.01944
414 0.01937
415 0.01930
416 0.01923
417 0.01916
418 0.01909
419 0.01903
420 0.01896
421 0.01889
422 0.01883
423 0.01876
424 0.01870
425 0.01863
426 0.01857
427 0.01851
428 0.01844
429 0.01838
430 0.01832
431 0.01826
432 0.01820
433 0.01814
434 0.01808
435 0.01802
436 0.01796
437 0.01790
438 0.01784
439 0.01779
440 0.01773
441 0.01767
442 0.01762
443 0.01756
444 0.01751
445 0.01745
446 0.01740
447 0.01735
448 0.01729
449 0.01724
450 0.01719
451 0.01714
452 0.01709
453 0.01704
454 0.01699
455 0.01694
456 0.01689
457 0.01684
458 0.01680
459 0.01675
460 0.01670
461 0.01666
462 0.01661
463 0.01656
464 0.01652
465 0.01647
466 0.01643
467 0.01638
468 0.01634
469 0.01630
470 0.01625
471 0.01621
472 0.01617
473 0.01613
474 0.01609
475 0.01605
476 0.01601
477 0.01597
478 0.01593
479 0.01589
480 0.01585
481 0.01581
482 0.01578
483 0.01574
484 0.01570
485 0.01567
486 0.01563
487 0.01560
488 0.01556
489 0.01553
490 0.01550
491 0.01546
492 0.01543
493 0.01540
494 0.01537
495 0.01533
496 0.01530
497 0.01527
498 0.01524
499 0.01521
500 0.01518
501 0.01515
502 0.01513
503 0.01510
504 0.01507
505 0.01504
506 0.01502
507 0.01499
508 0.01497
509 0.01494
510 0.01492
511 0.01489
512 0.01487
513 0.01484
514 0.01482
515 0.01480
516 0.01478
517 0.01475
518 0.01473
519 0.01471
520 0.01469
521 0.01467
522 0.01465
523 0.01463
524 0.01461
525 0.01459
526 0.01458
527 0.01456
528 0.01454
529 0.01452
530 0.01451
531 0.01449
532 0.01448
533 0.01446
534 0.01445
535 0.01443
536 0.01442
537 0.01441
538 0.01439
539 0.01438
540 0.01437
541 0.01436
542 0.01435
543 0.01434
544 0.01433
545 0.01432
546 0.01431
547 0.01429
548 0.01428
549 0.01427
550 0.01426
551 0.01425
552 0.01424
553 0.01423
554 0.01422
555 0.01422
556 0.01421
557 0.01420
558 0.01419
559 0.01416
560 0.01415
561 0.01415
562 0.01414
563 0.01414
564 0.01413
565 0.01413
566 0.01412
567 0.01412
568 0.01412
569 0.01412
570 0.01411
571 0.01411
572 0.01411
573 0.01411
574 0.01411
575 0.01411
576 0.01411
577 0.01412
578 0.01412
579 0.01412
580 0.01413
581 0.01413
582 0.01414
583 0.01414
584 0.01415
585 0.01415
586 0.01416
587 0.01417
588 0.01418
589 0.01419
590 0.01420
591 0.01421
592 0.01422
593 0.01423
594 0.01424
595 0.01425
596 0.01427
597 0.01428
598 0.01429
599 0.01431
600 0.01432
601 0.01434
602 0.01436
603 0.01438
604 0.01439
605 0.01441
606 0.01443
607 0.01445
608 0.01447
609 0.01449
610 0.01452
611 0.01454
612 0.01456
613 0.01459
614 0.01461
615 0.01464
616 0.01466
617 0.01469
618 0.01472
619 0.01475
620 0.01478
621 0.01481
622 0.01484
623 0.01487
624 0.01490
625 0.01493
626 0.01497
627 0.01500
628 0.01504
629 0.01507
630 0.01511
631 0.01515
632 0.01519
633 0.01523
634 0.01527
635 0.01531
636 0.01535
637 0.01539
638 0.01544
639 0.01548
640 0.01553
641 0.01557
642 0.01562
643 0.01567
644 0.01572
645 0.01577
646 0.01582
647 0.01587
648 0.01592
649 0.01597
650 0.01603
651 0.01609
652 0.01614
653 0.01620
654 0.01626
655 0.01632
656 0.01638
657 0.01644
658 0.01651
659 0.01657
660 0.01663
661 0.01670
662 0.01677
663 0.01684
664 0.01691
665 0.01698
666 0.01705
667 0.01712
668 0.01720
669 0.01728
670 0.01735
671 0.01743
672 0.01751
673 0.01759
674 0.01768
675 0.01776
676 0.01784
677 0.01793
678 0.01802
679 0.01811
680 0.01820
681 0.01829
682 0.01839
683 0.01848
684 0.01858
685 0.01868
686 0.01878
687 0.01888
688 0.01898
689 0.01909
690 0.01920
691 0.01930
692 0.01941
693 0.01953
694 0.01964
695 0.01976
696 0.01987
697 0.01999
698 0.02011
699 0.02024
700 0.02036
701 0.02049
702 0.02062
703 0.02075
704 0.02088
705 0.02102
706 0.02116
707 0.02129
708 0.02144
709 0.02158
710 0.02173
711 0.02188
712 0.02203
713 0.02218
714 0.02234
715 0.02249
716 0.02266
717 0.02282
718 0.02298
719 0.02315
720 0.02332
721 0.02350
722 0.02368
723 0.02386
724 0.02404
725 0.02422
726 0.02441
727 0.02460
728 0.02480
729 0.02500
730 0.02520
731 0.02540
732 0.02561
733 0.02582
734 0.02603
735 0.02625
736 0.02647
737 0.02670
738 0.02693
739 0.02716
740 0.02739
741 0.02763
742 0.02788
743 0.02813
744 0.02838
745 0.02863
746 0.02890
747 0.02916
748 0.02943
749 0.02970
750 0.02998
751 0.03026
752 0.03055
753 0.03084
754 0.03114
755 0.03144
756 0.03175
757 0.03206
758 0.03238
759 0.03271
760 0.03303
761 0.03337
762 0.03371
763 0.03406
764 0.03441
765 0.03477
766 0.03513
767 0.03550
768 0.03588
769 0.03626
770 0.03665
771 0.03705
772 0.03746
773 0.03787
774 0.03829
775 0.03871
776 0.03915
777 0.03959
778 0.04004
779 0.04050
780 0.04096
781 0.04144
782 0.04192
783 0.04241
784 0.04291
785 0.04342
786 0.04394
787 0.04447
788 0.04501
789 0.04555
790 0.04611
791 0.04668
792 0.04726
793 0.04785
794 0.04845
795 0.04906
796 0.04969
797 0.05032
798 0.05097
799 0.05163
800 0.05230
801 0.05299
802 0.05368
803 0.05440
804 0.05512
805 0.05586
806 0.05662
807 0.05738
808 0.05817
809 0.05897
810 0.05978
811 0.06061
812 0.06146
813 0.06232
814 0.06320
815 0.06410
816 0.06502
817 0.06595
818 0.06691
819 0.06788
820 0.06887
821 0.06988
822 0.07092
823 0.07197
824 0.07305
825 0.07415
826 0.07527
827 0.07641
828 0.07758
829 0.07877
830 0.07999
831 0.08123
832 0.08250
833 0.08380
834 0.08512
835 0.08647
836 0.08785
837 0.08926
838 0.09070
839 0.09217
840 0.09367
841 0.09521
842 0.09678
843 0.09838
844 0.10002
845 0.10169
846 0.10340
847 0.10515
848 0.10694
849 0.10876
850 0.11063
851 0.11254
852 0.11449
853 0.11649
854 0.11853
855 0.12062
856 0.12276
857 0.12494
858 0.12718
859 0.12946
860 0.13180
861 0.13419
862 0.13664
863 0.13915
864 0.14171
865 0.14434
866 0.14702
867 0.14977
868 0.15259
869 0.15547
870 0.15842
871 0.16144
872 0.16453
873 0.16770
874 0.17094
875 0.17427
876 0.17767
877 0.18116
878 0.18473
879 0.18839
880 0.19214
881 0.19599
882 0.19993
883 0.20397
884 0.20810
885 0.21235
886 0.21670
887 0.22116
888 0.22573
889 0.23042
890 0.23522
891 0.24015
892 0.24521
893 0.25040
894 0.25572
895 0.26118
896 0.26678
897 0.27253
898 0.27843
899 0.28449
900 0.29070
901 0.29708
902 0.30363
903 0.31035
904 0.31725
905 0.32434
906 0.33162
907 0.33909
908 0.34677
909 0.35466
910 0.36276
911 0.37108
912 0.37762
913 0.40262
914 0.42057
915 0.43380
916 0.44151
917 0.44534
918 0.44978
919 0.45500
920 0.46124
921 0.46884
922 0.46742
923 0.46601
924 0.47549
925 0.47409
926 0.47269
927 0.48489
928 0.48350
929 0.48211
930 0.48072
931 0.49706
932 0.49569
933 0.49432
934 0.49294
935 0.49157
936 0.49020
937 0.48882
938 0.51195
939 0.51061
940 0.50926
941 0.50792
942 0.50657
943 0.50523
944 0.50388
945 0.50253
946 0.50118
947 0.49984
948 0.49849
949 0.49714
950 0.53257
951 0.53126
952 0.52996
953 0.52866
954 0.52736
955 0.52605
956 0.52475
957 0.52344
958 0.52214
959 0.52083
960 0.51953
961 0.51822
962 0.51691
963 0.51561
964 0.51430
965 0.51299
966 0.51168
967 0.51038
968 0.50907
969 0.50776
970 0.50645
971 0.50514
972 0.50383
973 0.56528
974 0.56406
975 0.56284
976 0.56161
977 0.56039
978 0.55916
979 0.55793
980 0.55671
981 0.55548
982 0.55425
983 0.55302
984 0.55179
985 0.55056
986 0.54933
987 0.54810
988 0.54687
989 0.54563
990 0.54440
991 0.54317
992 0.54193
993 0.54070
994 0.53946
995 0.53822
996 0.53699
997 0.53575
998 0.53451
999 0.53327
1000 0.53204
1001 0.53080
1002 0.52956
1003 0.52832
1004 0.52708
1005 0.52584
1006 0.52459
1007 0.52335
1008 0.52211
1009 0.52087
1010 0.51963
1011 0.51838
1012 0.51714
1013 0.51590
1014 0.51465
1015 0.51341
1016 0.51216
1017 0.51092
1018 0.50967
1019 0.50843
1020 0.50718
1021 0.50594
1022 0.50469
1023 0.50345
1024 0.50220
1025 0.50095
1026 0.63537
1027 0.63433
1028 0.63329
1029 0.63225
1030 0.63121
1031 0.63017
1032 0.62913
1033 0.62808
1034 0.62704
1035 0.62599
1036 0.62494
1037 0.62389
1038 0.62285
1039 0.62180
1040 0.62074
1041 0.61969
1042 0.61864
1043 0.61759
1044 0.61653
1045 0.61548
1046 0.61442
1047 0.61336
1048 0.61230
1049 0.61124
1050 0.61018
1051 0.60912
1052 0.60806
1053 0.60700
1054 0.60594
1055 0.60487
1056 0.60381
1057 0.60274
1058 0.60167
1059 0.60061
1060 0.59954
1061 0.59847
1062 0.59740
1063 0.59633
1064 0.59525
1065 0.59418
1066 0.59311
1067 0.59203
1068 0.59096
1069 0.58988
1070 0.58881
1071 0.58773
1072 0.58665
1073 0.58557
1074 0.58449
1075 0.58341
1076 0.58233
1077 0.58125
1078 0.58017
1079 0.57909
1080 0.57800
1081 0.57692
1082 0.57584
1083 0.57475
1084 0.57366
1085 0.57258
1086 0.57149
1087 0.57040
1088 0.56931
1089 0.56822
1090 0.56713
1091 0.56604
1092 0.56495
1093 0.56386
1094 0.56277
1095 0.56168
1096 0.56058
1097 0.55949
1098 0.55839
1099 0.55730
1100 0.55620
1101 0.55511
1102 0.55401
1103 0.55291
1104 0.55182
1105 0.55072
1106 0.54962
1107 0.54852
1108 0.54742
1109 0.54632
1110 0.54522
1111 0.54412
1112 0.54302
1113 0.54192
1114 0.54081
1115 0.53971
1116 0.53861
1117 0.53750
1118 0.53640
1119 0.53530
1120 0.53419
1121 0.53309
1122 0.53198
1123 0.53087
1124 0.52977
1125 0.52866
1126 0.52756
1127 0.52645
1128 0.52534
1129 0.52423
1130 0.52313
1131 0.52202
1132 0.52091
1133 0.51980
1134 0.51869
1135 0.51758
1136 0.51647
1137 0.51536
1138 0.51425
1139 0.51314
1140 0.51203
1141 0.51092
1142 0.50981
1143 0.50870
1144 0.50759
1145 0.50647
1146 0.50536
1147 0.50425
1148 0.50314
1149 0.50203
1150 0.50091
1151 0.49980
1152 0.49869
1153 0.49757
1154 0.49646
1155 0.49535
1156 0.49424
1157 0.49312
1158 0.49201
1159 0.49090
1160 0.48978
1161 0.48867
1162 0.48755
1163 0.48644
1164 0.48533
1165 0.48421
1166 0.48310
1167 0.48199
1168 0.48087
1169 0.47976
1170 0.47865
1171 0.47753
1172 0.47642
1173 0.47530
1174 0.47419
1175 0.47308
1176 0.47196
1177 0.47085
1178 0.46974
1179 0.46862
1180 0.46751
1181 0.46640
1182 0.46529
1183 0.46417
1184 0.46306
1185 0.46195
1186 0.46084
1187 0.45972
1188 0.45861
1189 0.45750
1190 0.45639
1191 0.45528
1192 0.45417
1193 0.45306
1194 0.45194
1195 0.45083
1196 0.44972
1197 0.44861
1198 0.44750
1199 0.44639
1200 0.44528
1201 0.44418
1202 0.44307
1203 0.44196
1204 0.44085
1205 0.43974
1206 0.43863
1207 0.43753
1208 0.43642
1209 0.43531
1210 0.43421
1211 0.43310
1212 0.43200
1213 0.43089
1214 0.42979
1215 0.42868
1216 1.00000
