17 22.67131
18 17.03338
19 13.05281
20 10.17841
21 8.06091
22 6.47290
23 5.26277
24 4.32715
25 3.59424
26 3.01323
27 2.54759
28 2.17066
29 1.86273
30 1.60902
31 1.39833
32 1.22210
33 1.07368
34 0.94789
35 0.84066
36 0.74873
37 0.66952
38 0.60094
39 0.54128
40 0.48915
41 0.44344
42 0.40318
43 0.36760
44 0.33604
45 0.30796
46 0.28291
47 0.26047
48 0.24033
49 0.22221
50 0.20585
51 0.19105
52 0.17763
53 0.16543
54 0.15432
55 0.14418
56 0.13490
57 0.12641
58 0.11861
59 0.11144
60 0.10483
61 0.09874
62 0.09311
63 0.08790
64 0.08307
65 0.07858
66 0.07442
67 0.07054
68 0.06693
69 0.06356
70 0.06042
71 0.05747
72 0.05472
73 0.05214
74 0.04972
75 0.04744
76 0.04530
77 0.04329
78 0.04140
79 0.03961
80 0.03793
81 0.03634
82 0.03484
83 0.03342
84 0.03207
85 0.03080
86 0.02959
87 0.02844
88 0.02736
89 0.02632
90 0.02534
91 0.02441
92 0.02352
93 0.02267
94 0.02187
95 0.02110
96 0.02036
97 0.01966
98 0.01899
99 0.01835
100 0.01774
101 0.01716
102 0.01660
103 0.01606
104 0.01555
105 0.01506
106 0.01458
107 0.01413
108 0.01370
109 0.01328
110 0.01288
111 0.01249
112 0.01212
113 0.01177
114 0.01143
115 0.01110
116 0.01078
117 0.01047
118 0.01018
119 0.00989
120 0.00962
121 0.00936
122 0.00910
123 0.00886
124 0.00862
125 0.00839
126 0.00817
127 0.00795
128 0.00775
129 0.00755
130 0.00735
131 0.00717
132 0.00699
133 0.00681
134 0.00664
135 0.00648
136 0.00632
137 0.00616
138 0.00601
139 0.00587
140 0.00573
141 0.00559
142 0.00546
143 0.00533
144 0.00520
145 0.00508
146 0.00497
147 0.00485
148 0.00474
149 0.00463
150 0.00453
151 0.00443
152 0.00433
153 0.00423
154 0.00414
155 0.00405
156 0.00396
157 0.00387
158 0.00379
159 0.00371
160 0.00363
161 0.00355
162 0.00348
163 0.00340
164 0.00333
165 0.00326
166 0.00319
167 0.00313
168 0.00306
169 0.00300
170 0.00294
171 0.00288
172 0.00282
173 0.00276
174 0.00271
175 0.00265
176 0.00260
177 0.00255
178 0.00250
179 0.00245
180 0.00240
181 0.00235
182 0.00231
183 0.00226
184 0.00222
185 0.00218
186 0.00213
187 0.00209
188 0.00205
189 0.00201
190 0.00198
191 0.00194
192 0.00190
193 0.00187
194 0.00183
195 0.00180
196 0.00176
197 0.00173
198 0.00170
199 0.00167
200 0.00164
201 0.00161
202 0.00158
203 0.00155
204 0.00152
205 0.00149
206 0.00147
207 0.00144
208 0.00141
209 0.00139
210 0.00136
211 0.00134
212 0.00132
213 0.00129
214 0.00127
215 0.00125
216 0.00123
217 0.00120
218 0.00118
219 0.00116
220 0.00114
221 0.00112
222 0.00110
223 0.00108
224 0.00106
225 0.00105
226 0.00103
227 0.00101
228 0.00099
229 0.00098
230 0.00096
231 0.00094
232 0.00093
233 0.00091
234 0.00090
235 0.00088
236 0.00087
237 0.00085
238 0.00084
239 0.00082
240 0.00081
241 0.00080
242 0.00078
243 0.00077
244 0.00076
245 0.00074
246 0.00073
247 0.00072
248 0.00071
249 0.00070
250 0.00068
251 0.00067
252 0.00066
253 0.00065
254 0.00064
255 0.00063
256 0.00062
257 0.00061
258 0.00060
259 0.00059
260 0.00058
261 0.00057
262 0.00056
263 0.00055
264 0.00054
265 0.00053
266 0.00053
267 0.00052
268 0.00051
269 0.00050
270 0.00049
271 0.00048
272 0.00048
273 0.00047
274 0.00046
275 0.00045
276 0.00045
277 0.00044
278 0.00043
279 0.00043
280 0.00042
281 0.00041
282 0.00041
283 0.00040
284 0.00039
285 0.00039
286 0.00038
287 0.00037
288 0.00037
289 0.00036
290 0.00036
291 0.00035
292 0.00035
293 0.00034
294 0.00033
295 0.00033
296 0.00032
297 0.00032
298 0.00031
299 0.00031
300 0.00030
301 0.00030
302 0.00029
303 0.00029
304 0.00029
305 0.00028
306 0.00028
307 0.00027
308 0.00027
309 0.00026
310 0.00026
311 0.00026
312 0.00025
313 0.00025
314 0.00024
315 0.00024
316 0.00024
317 0.00023
318 0.00023
319 0.00023
320 0.00022
321 0.00022
322 0.00022
323 0.00021
324 0.00021
325 0.00021
326 0.00020
327 0.00020
328 0.00020
329 0.00019
330 0.00019
331 0.00019
332 0.00018
333 0.00018
334 0.00018
335 0.00018
336 0.00017
337 0.00017
338 0.00017
339 0.00017
340 0.00016
341 0.00016
342 0.00016
343 0.00016
344 0.00015
345 0.00015
346 0.00015
347 0.00015
348 0.00014
349 0.00014
350 0.00014
351 0.00014
352 0.00014
353 0.00013
354 0.00013
355 0.00013
356 0.00013
357 0.00013
358 0.00012
359 0.00012
360 0.00012
361 0.00012
362 0.00012
363 0.00012
364 0.00011
365 0.00011
366 0.00011
367 0.00011
368 0.00011
369 0.00011
370 0.00010
371 0.00010
372 0.00010
373 0.00010
374 0.00010
375 0.00010
376 0.00010
377 0.00009
378 0.00009
379 0.00009
380 0.00009
381 0.00009
382 0.00009
383 0.00009
384 0.00009
385 0.00008
386 0.00008
387 0.00008
388 0.00008
389 0.00008
390 0.00008
391 0.00008
392 0.00008
393 0.00008
394 0.00007
395 0.00007
396 0.00007
397 0.00007
398 0.00007
399 0.00007
400 0.00007
401 0.00007
402 0.00007
403 0.00007
404 0.00006
405 0.00006
406 0.00006
407 0.00006
408 0.00006
409 0.00006
410 0.00006
411 0.00006
412 0.00006
413 0.00006
414 0.00006
415 0.00006
416 0.00005
417 0.00005
418 0.00005
419 0.00005
420 0.00005
421 0.00005
422 0.00005
423 0.00005
424 0.00005
425 0.00005
426 0.00005
427 0.00005
428 0.00005
429 0.00005
430 0.00005
431 0.00005
432 0.00004
433 0.00004
434 0.00004
435 0.00004
436 0.00004
437 0.00004
438 0.00004
439 0.00004
440 0.00004
441 0.00004
442 0.00004
443 0.00004
444 0.00004
445 0.00004
446 0.00004
447 0.00004
448 0.00004
449 0.00004
450 0.00004
451 0.00004
452 0.00003
453 0.00003
454 0.00003
455 0.00003
456 0.00003
457 0.00003
458 0.00003
459 0.00003
460 0.00003
461 0.00003
462 0.00003
463 0.00003
464 0.00003
465 0.00003
466 0.00003
467 0.00003
468 0.00003
469 0.00003
470 0.00003
471 0.00003
472 0.00003
473 0.00003
474 0.00003
475 0.00003
476 0.00003
477 0.00003
478 0.00003
479 0.00003
480 0.00003
481 0.00003
482 0.00003
483 0.00003
484 0.00002
485 0.00002
486 0.00002
487 0.00002
488 0.00002
489 0.00002
490 0.00002
491 0.00002
492 0.00002
493 0.00002
494 0.00002
495 0.00002
496 0.00002
497 0.00002
498 0.00002
499 0.00002
500 0.00002
501 0.00002
502 0.00002
503 0.00002
504 0.00002
505 0.00002
506 0.00002
507 0.00002
508 0.00002
509 0.00002
510 0.00002
511 0.00002
512 0.00002
513 0.00002
514 0.00002
515 0.00002
516 0.00002
517 0.00002
518 0.00002
519 0.00002
520 0.00002
521 0.00002
522 0.00002
523 0.00002
524 0.00002
525 0.00002
526 0.00002
527 0.00002
528 0.00002
529 0.00002
530 0.00002
531 0.00002
532 0.00002
533 0.00002
534 0.00002
535 0.00002
536 0.00002
537 0.00002
538 0.00002
539 0.00002
540 0.00002
541 0.00002
542 0.00002
543 0.00002
544 0.00002
545 0.00002
546 0.00002
547 0.00002
548 0.00002
549 0.00002
550 0.00002
551 0.00002
552 0.00002
553 0.00002
554 0.00002
555 0.00002
556 0.00002
557 0.00001
558 0.00001
559 0.00001
560 0.00001
561 0.00001
562 0.00001
563 0.00001
564 0.00001
565 0.00001
566 0.00001
567 0.00001
568 0.00001
569 0.00001
570 0.00001
571 0.00001
572 0.00001
573 0.00001
574 0.00001
575 0.00001
576 0.00001
577 0.00001
578 0.00001
579 0.00001
580 0.00001
581 0.00001
582 0.00001
583 0.00001
584 0.00001
585 0.00001
586 0.00001
587 0.00001
588 0.00001
589 0.00001
590 0.00001
591 0.00001
592 0.00001
593 0.00001
594 0.00001
595 0.00001
596 0.00001
597 0.00001
598 0.00001
599 0.00001
600 0.00001
601 0.00001
602 0.00001
603 0.00001
604 0.00001
605 0.00001
606 0.00001
607 0.00001
608 0.00001
609 0.00001
610 0.00001
611 0.00001
612 0.00001
613 0.00001
614 0.00001
615 0.00001
616 0.00001
617 0.00001
618 0.00001
619 0.00001
620 0.00001
621 0.00001
622 0.00001
623 0.00001
624 0.00001
625 0.00001
626 0.00001
627 0.00001
628 0.00001
629 0.00001
630 0.00001
631 0.00001
632 0.00001
633 0.00002
634 0.00002
635 0.00002
636 0.00002
637 0.00002
638 0.00002
639 0.00002
640 0.00002
641 0.00002
642 0.00002
643 0.00002
644 0.00002
645 0.00002
646 0.00002
647 0.00002
648 0.00002
649 0.00002
650 0.00002
651 0.00002
652 0.00002
653 0.00002
654 0.00002
655 0.00002
656 0.00002
657 0.00002
658 0.00002
659 0.00002
660 0.00002
661 0.00002
662 0.00002
663 0.00002
664 0.00002
665 0.00002
666 0.00002
667 0.00002
668 0.00002
669 0.00002
670 0.00002
671 0.00002
672 0.00002
673 0.00002
674 0.00002
675 0.00002
676 0.00002
677 0.00002
678 0.00002
679 0.00002
680 0.00002
681 0.00002
682 0.00002
683 0.00002
684 0.00002
685 0.00002
686 0.00002
687 0.00002
688 0.00002
689 0.00002
690 0.00002
691 0.00002
692 0.00002
693 0.00003
694 0.00003
695 0.00003
696 0.00003
697 0.00003
698 0.00003
699 0.00003
700 0.00003
701 0.00003
702 0.00003
703 0.00003
704 0.00003
705 0.00003
706 0.00003
707 0.00003
708 0.00003
709 0.00003
710 0.00003
711 0.00003
712 0.00003
713 0.00003
714 0.00003
715 0.00003
716 0.00004
717 0.00004
718 0.00004
719 0.00004
720 0.00004
721 0.00004
722 0.00004
723 0.00004
724 0.00004
725 0.00004
726 0.00004
727 0.00004
728 0.00004
729 0.00004
730 0.00004
731 0.00005
732 0.00005
733 0.00005
734 0.00005
735 0.00005
736 0.00005
737 0.00005
738 0.00005
739 0.00005
740 0.00005
741 0.00006
742 0.00006
743 0.00006
744 0.00006
745 0.00006
746 0.00006
747 0.00006
748 0.00006
749 0.00007
750 0.00007
751 0.00007
752 0.00007
753 0.00007
754 0.00007
755 0.00008
756 0.00008
757 0.00008
758 0.00008
759 0.00008
760 0.00009
761 0.00009
762 0.00009
763 0.00009
764 0.00009
765 0.00010
766 0.00010
767 0.00010
768 0.00010
769 0.00011
770 0.00011
771 0.00011
772 0.00012
773 0.00012
774 0.00012
775 0.00012
776 0.00013
777 0.00013
778 0.00014
779 0.00014
780 0.00014
781 0.00015
782 0.00015
783 0.00016
784 0.00016
785 0.00016
786 0.00017
787 0.00017
788 0.00018
789 0.00019
790 0.00019
791 0.00020
792 0.00020
793 0.00021
794 0.00022
795 0.00022
796 0.00023
797 0.00024
798 0.00024
799 0.00025
800 0.00025
801 0.00026
802 0.00027
803 0.00028
804 0.00028
805 0.00029
806 0.00030
807 0.00031
808 0.00032
809 0.00034
810 0.00035
811 0.00036
812 0.00037
813 0.00039
814 0.00040
815 0.00041
816 0.00043
817 0.00044
818 0.00046
819 0.00048
820 0.00050
821 0.00051
822 0.00053
823 0.00055
824 0.00057
825 0.00060
826 0.00062
827 0.00064
828 0.00067
829 0.00070
830 0.00073
831 0.00076
832 0.00079
833 0.00082
834 0.00085
835 0.00089
836 0.00093
837 0.00096
838 0.00101
839 0.00105
840 0.00109
841 0.00114
842 0.00119
843 0.00124
844 0.00130
845 0.00136
846 0.00142
847 0.00149
848 0.00155
849 0.00163
850 0.00170
851 0.00178
852 0.00187
853 0.00196
854 0.00205
855 0.00215
856 0.00225
857 0.00236
858 0.00248
859 0.00260
860 0.00273
861 0.00287
862 0.00301
863 0.00316
864 0.00333
865 0.00350
866 0.00368
867 0.00387
868 0.00408
869 0.00429
870 0.00452
871 0.00477
872 0.00502
873 0.00530
874 0.00559
875 0.00590
876 0.00623
877 0.00658
878 0.00695
879 0.00735
880 0.00777
881 0.00822
882 0.00869
883 0.00920
884 0.00975
885 0.01032
886 0.01094
887 0.01160
888 0.01230
889 0.01305
890 0.01385
891 0.01471
892 0.01562
893 0.01660
894 0.01765
895 0.01876
896 0.01996
897 0.02125
898 0.02262
899 0.02409
900 0.02566
901 0.02734
902 0.02913
903 0.03105
904 0.03311
905 0.03532
906 0.03770
907 0.04025
908 0.04299
909 0.04594
910 0.04910
911 0.05251
912 0.05526
913 0.06499
914 0.07301
915 0.07960
916 0.08368
917 0.08569
918 0.08815
919 0.09120
920 0.09507
921 0.10005
922 0.09888
923 0.09771
924 0.10426
925 0.10306
926 0.10187
927 0.11081
928 0.10957
929 0.10835
930 0.10713
931 0.11991
932 0.11863
933 0.11737
934 0.11611
935 0.11486
936 0.11362
937 0.11239
938 0.13172
939 0.13040
940 0.12910
941 0.12780
942 0.12651
943 0.12522
944 0.12395
945 0.12268
946 0.12142
947 0.12017
948 0.11893
949 0.11769
950 0.14963
951 0.14827
952 0.14692
953 0.14558
954 0.14425
955 0.14292
956 0.14160
957 0.14028
958 0.13897
959 0.13767
960 0.13638
961 0.13509
962 0.13382
963 0.13254
964 0.13128
965 0.13002
966 0.12877
967 0.12753
968 0.12629
969 0.12507
970 0.12385
971 0.12263
972 0.12143
973 0.18241
974 0.18102
975 0.17964
976 0.17827
977 0.17690
978 0.17553
979 0.17417
980 0.17282
981 0.17147
982 0.17013
983 0.16879
984 0.16746
985 0.16613
986 0.16481
987 0.16350
988 0.16219
989 0.16089
990 0.15959
991 0.15830
992 0.15702
993 0.15574
994 0.15447
995 0.15320
996 0.15194
997 0.15068
998 0.14943
999 0.14819
1000 0.14695
1001 0.14572
1002 0.14450
1003 0.14328
1004 0.14206
1005 0.14086
1006 0.13965
1007 0.13846
1008 0.13727
1009 0.13609
1010 0.13491
1011 0.13374
1012 0.13257
1013 0.13142
1014 0.13026
1015 0.12912
1016 0.12798
1017 0.12684
1018 0.12571
1019 0.12459
1020 0.12347
1021 0.12236
1022 0.12126
1023 0.12016
1024 0.11907
1025 0.11799
1026 0.27573
1027 0.27446
1028 0.27318
1029 0.27191
1030 0.27064
1031 0.26937
1032 0.26810
1033 0.26684
1034 0.26558
1035 0.26433
1036 0.26307
1037 0.26182
1038 0.26057
1039 0.25932
1040 0.25808
1041 0.25684
1042 0.25560
1043 0.25437
1044 0.25314
1045 0.25191
1046 0.25068
1047 0.24946
1048 0.24823
1049 0.24702
1050 0.24580
1051 0.24459
1052 0.24338
1053 0.24217
1054 0.24097
1055 0.23977
1056 0.23857
1057 0.23737
1058 0.23618
1059 0.23499
1060 0.23381
1061 0.23262
1062 0.23144
1063 0.23027
1064 0.22909
1065 0.22792
1066 0.22675
1067 0.22512
1068 0.22340
1069 0.22168
1070 0.21997
1071 0.21827
1072 0.21657
1073 0.21488
1074 0.21319
1075 0.21151
1076 0.20984
1077 0.20817
1078 0.20651
1079 0.20486
1080 0.20321
1081 0.20157
1082 0.19994
1083 0.19831
1084 0.19669
1085 0.19507
1086 0.19346
1087 0.19186
1088 0.19027
1089 0.18868
1090 0.18710
1091 0.18553
1092 0.18396
1093 0.18240
1094 0.18084
1095 0.17930
1096 0.17776
1097 0.17622
1098 0.17470
1099 0.17318
1100 0.17167
1101 0.17016
1102 0.16866
1103 0.16717
1104 0.16569
1105 0.16421
1106 0.16275
1107 0.16128
1108 0.15983
1109 0.15838
1110 0.15694
1111 0.15551
1112 0.15409
1113 0.15267
1114 0.15126
1115 0.14985
1116 0.14846
1117 0.14707
1118 0.14569
1119 0.14432
1120 0.14295
1121 0.14159
1122 0.14024
1123 0.13890
1124 0.13756
1125 0.13624
1126 0.13492
1127 0.13360
1128 0.13230
1129 0.13100
1130 0.12971
1131 0.12843
1132 0.12715
1133 0.12589
1134 0.12463
1135 0.12338
1136 0.12213
1137 0.12090
1138 0.11967
1139 0.11845
1140 0.11723
1141 0.11603
1142 0.11483
1143 0.11364
1144 0.11246
1145 0.11128
1146 0.11012
1147 0.10896
1148 0.10781
1149 0.10666
1150 0.10553
1151 0.10440
1152 0.10328
1153 0.10217
1154 0.10106
1155 0.09996
1156 0.09887
1157 0.09779
1158 0.09672
1159 0.09565
1160 0.09459
1161 0.09354
1162 0.09250
1163 0.09146
1164 0.09043
1165 0.08941
1166 0.08840
1167 0.08739
1168 0.08640
1169 0.08541
1170 0.08442
1171 0.08345
1172 0.08248
1173 0.08152
1174 0.08057
1175 0.07963
1176 0.07869
1177 0.07776
1178 0.07684
1179 0.07592
1180 0.07501
1181 0.07412
1182 0.07322
1183 0.07234
1184 0.07146
1185 0.07059
1186 0.06973
1187 0.06887
1188 0.06802
1189 0.06718
1190 0.06635
1191 0.06552
1192 0.06470
1193 0.06389
1194 0.06309
1195 0.06229
1196 0.06150
1197 0.06072
1198 0.05994
1199 0.05917
1200 0.05841
1201 0.05765
1202 0.05691
1203 0.05616
1204 0.05543
1205 0.05470
1206 0.05398
1207 0.05327
1208 0.05256
1209 0.05186
1210 0.05117
1211 0.05048
1212 0.04980
1213 0.04913
1214 0.04846
1215 0.04780
1216 1.00000
