17 13.10578
18 10.32750
19 8.27320
20 6.72450
21 5.53670
22 4.61157
23 3.88102
24 3.29687
25 2.82448
26 2.43851
27 2.12017
28 1.85533
29 1.63323
30 1.44562
31 1.28606
32 1.14949
33 1.03191
34 0.93013
35 0.84158
36 0.76416
37 0.69617
38 0.63621
39 0.58313
40 0.53595
41 0.49387
42 0.45622
43 0.42242
44 0.39198
45 0.36450
46 0.33962
47 0.31703
48 0.29648
49 0.27773
50 0.26059
51 0.24489
52 0.23047
53 0.21722
54 0.20500
55 0.19372
56 0.18329
57 0.17363
58 0.16466
59 0.15633
60 0.14858
61 0.14136
62 0.13462
63 0.12832
64 0.12243
65 0.11691
66 0.11173
67 0.10687
68 0.10230
69 0.09800
70 0.09395
71 0.09013
72 0.08652
73 0.08312
74 0.07990
75 0.07685
76 0.07396
77 0.07123
78 0.06863
79 0.06616
80 0.06382
81 0.06159
82 0.05947
83 0.05745
84 0.05553
85 0.05369
86 0.05194
87 0.05027
88 0.04867
89 0.04714
90 0.04568
91 0.04428
92 0.04294
93 0.04166
94 0.04043
95 0.03925
96 0.03811
97 0.03703
98 0.03598
99 0.03498
100 0.03401
101 0.03308
102 0.03219
103 0.03133
104 0.03050
105 0.02970
106 0.02893
107 0.02819
108 0.02747
109 0.02678
110 0.02611
111 0.02546
112 0.02484
113 0.02424
114 0.02366
115 0.02309
116 0.02255
117 0.02202
118 0.02151
119 0.02102
120 0.02054
121 0.02007
122 0.01962
123 0.01919
124 0.01876
125 0.01835
126 0.01795
127 0.01757
128 0.01719
129 0.01683
130 0.01647
131 0.01613
132 0.01579
133 0.01547
134 0.01515
135 0.01485
136 0.01455
137 0.01425
138 0.01397
139 0.01370
140 0.01343
141 0.01317
142 0.01291
143 0.01266
144 0.01242
145 0.01219
146 0.01196
147 0.01173
148 0.01151
149 0.01130
150 0.01109
151 0.01089
152 0.01069
153 0.01050
154 0.01031
155 0.01012
156 0.00994
157 0.00977
158 0.00960
159 0.00943
160 0.00927
161 0.00910
162 0.00895
163 0.00879
164 0.00865
165 0.00850
166 0.00836
167 0.00822
168 0.00808
169 0.00794
170 0.00781
171 0.00768
172 0.00756
173 0.00744
174 0.00731
175 0.00720
176 0.00708
177 0.00697
178 0.00686
179 0.00675
180 0.00664
181 0.00654
182 0.00643
183 0.00633
184 0.00624
185 0.00614
186 0.00604
187 0.00595
188 0.00586
189 0.00577
190 0.00568
191 0.00560
192 0.00551
193 0.00543
194 0.00535
195 0.00527
196 0.00519
197 0.00512
198 0.00504
199 0.00497
200 0.00489
201 0.00482
202 0.00475
203 0.00468
204 0.00462
205 0.00455
206 0.00448
207 0.00442
208 0.00436
209 0.00430
210 0.00423
211 0.00418
212 0.00412
213 0.00406
214 0.00400
215 0.00395
216 0.00389
217 0.00384
218 0.00378
219 0.00373
220 0.00368
221 0.00363
222 0.00358
223 0.00353
224 0.00348
225 0.00344
226 0.00339
227 0.00334
228 0.00330
229 0.00325
230 0.00321
231 0.00317
232 0.00313
233 0.00308
234 0.00304
235 0.00300
236 0.00296
237 0.00292
238 0.00289
239 0.00285
240 0.00281
241 0.00277
242 0.00274
243 0.00270
244 0.00267
245 0.00263
246 0.00260
247 0.00257
248 0.00253
249 0.00250
250 0.00247
251 0.00244
252 0.00241
253 0.00237
254 0.00234
255 0.00231
256 0.00229
257 0.00226
258 0.00223
259 0.00220
260 0.00217
261 0.00214
262 0.00212
263 0.00209
264 0.00206
265 0.00204
266 0.00201
267 0.00199
268 0.00196
269 0.00194
270 0.00192
271 0.00189
272 0.00187
273 0.00185
274 0.00182
275 0.00180
276 0.00178
277 0.00176
278 0.00173
279 0.00171
280 0.00169
281 0.00167
282 0.00165
283 0.00163
284 0.00161
285 0.00159
286 0.00157
287 0.00155
288 0.00153
289 0.00152
290 0.00150
291 0.00148
292 0.00146
293 0.00144
294 0.00143
295 0.00141
296 0.00139
297 0.00138
298 0.00136
299 0.00134
300 0.00133
301 0.00131
302 0.00130
303 0.00128
304 0.00126
305 0.00125
306 0.00124
307 0.00122
308 0.00121
309 0.00119
310 0.00118
311 0.00116
312 0.00115
313 0.00114
314 0.00112
315 0.00111
316 0.00110
317 0.00108
318 0.00107
319 0.00106
320 0.00105
321 0.00103
322 0.00102
323 0.00101
324 0.00100
325 0.00099
326 0.00097
327 0.00096
328 0.00095
329 0.00094
330 0.00093
331 0.00092
332 0.00091
333 0.00090
334 0.00089
335 0.00088
336 0.00087
337 0.00086
338 0.00085
339 0.00084
340 0.00083
341 0.00082
342 0.00081
343 0.00080
344 0.00079
345 0.00078
346 0.00077
347 0.00076
348 0.00076
349 0.00075
350 0.00074
351 0.00073
352 0.00072
353 0.00071
354 0.00071
355 0.00070
356 0.00069
357 0.00068
358 0.00068
359 0.00067
360 0.00066
361 0.00065
362 0.00065
363 0.00064
364 0.00063
365 0.00062
366 0.00062
367 0.00061
368 0.00060
369 0.00060
370 0.00059
371 0.00059
372 0.00058
373 0.00057
374 0.00057
375 0.00056
376 0.00055
377 0.00055
378 0.00054
379 0.00054
380 0.00053
381 0.00053
382 0.00052
383 0.00051
384 0.00051
385 0.00050
386 0.00050
387 0.00049
388 0.00049
389 0.00048
390 0.00048
391 0.00047
392 0.00047
393 0.00046
394 0.00046
395 0.00045
396 0.00045
397 0.00044
398 0.00044
399 0.00044
400 0.00043
401 0.00043
402 0.00042
403 0.00042
404 0.00041
405 0.00041
406 0.00041
407 0.00040
408 0.00040
409 0.00039
410 0.00039
411 0.00039
412 0.00038
413 0.00038
414 0.00037
415 0.00037
416 0.00037
417 0.00036
418 0.00036
419 0.00036
420 0.00035
421 0.00035
422 0.00035
423 0.00034
424 0.00034
425 0.00034
426 0.00033
427 0.00033
428 0.00033
429 0.00032
430 0.00032
431 0.00032
432 0.00032
433 0.00031
434 0.00031
435 0.00031
436 0.00030
437 0.00030
438 0.00030
439 0.00030
440 0.00029
441 0.00029
442 0.00029
443 0.00029
444 0.00028
445 0.00028
446 0.00028
447 0.00028
448 0.00027
449 0.00027
450 0.00027
451 0.00027
452 0.00026
453 0.00026
454 0.00026
455 0.00026
456 0.00025
457 0.00025
458 0.00025
459 0.00025
460 0.00025
461 0.00024
462 0.00024
463 0.00024
464 0.00024
465 0.00024
466 0.00023
467 0.00023
468 0.00023
469 0.00023
470 0.00023
471 0.00023
472 0.00022
473 0.00022
474 0.00022
475 0.00022
476 0.00022
477 0.00022
478 0.00021
479 0.00021
480 0.00021
481 0.00021
482 0.00021
483 0.00021
484 0.00020
485 0.00020
486 0.00020
487 0.00020
488 0.00020
489 0.00020
490 0.00020
491 0.00019
492 0.00019
493 0.00019
494 0.00019
495 0.00019
496 0.00019
497 0.00019
498 0.00019
499 0.00019
500 0.00018
501 0.00018
502 0.00018
503 0.00018
504 0.00018
505 0.00018
506 0.00018
507 0.00018
508 0.00018
509 0.00017
510 0.00017
511 0.00017
512 0.00017
513 0.00017
514 0.00017
515 0.00017
516 0.00017
517 0.00017
518 0.00017
519 0.00017
520 0.00016
521 0.00016
522 0.00016
523 0.00016
524 0.00016
525 0.00016
526 0.00016
527 0.00016
528 0.00016
529 0.00016
530 0.00016
531 0.00016
532 0.00016
533 0.00016
534 0.00015
535 0.00015
536 0.00015
537 0.00015
538 0.00015
539 0.00015
540 0.00015
541 0.00015
542 0.00015
543 0.00015
544 0.00015
545 0.00015
546 0.00015
547 0.00015
548 0.00015
549 0.00015
550 0.00015
551 0.00015
552 0.00015
553 0.00015
554 0.00014
555 0.00014
556 0.00014
557 0.00014
558 0.00014
559 0.00014
560 0.00014
561 0.00014
562 0.00014
563 0.00014
564 0.00014
565 0.00014
566 0.00014
567 0.00014
568 0.00014
569 0.00014
570 0.00014
571 0.00014
572 0.00014
573 0.00014
574 0.00014
575 0.00014
576 0.00014
577 0.00014
578 0.00014
579 0.00014
580 0.00014
581 0.00014
582 0.00014
583 0.00014
584 0.00014
585 0.00014
586 0.00014
587 0.00014
588 0.00014
589 0.00014
590 0.00014
591 0.00014
592 0.00014
593 0.00014
594 0.00014
595 0.00014
596 0.00014
597 0.00014
598 0.00014
599 0.00014
600 0.00014
601 0.00014
602 0.00014
603 0.00014
604 0.00014
605 0.00014
606 0.00014
607 0.00014
608 0.00014
609 0.00014
610 0.00014
611 0.00014
612 0.00014
613 0.00014
614 0.00014
615 0.00014
616 0.00014
617 0.00015
618 0.00015
619 0.00015
620 0.00015
621 0.00015
622 0.00015
623 0.00015
624 0.00015
625 0.00015
626 0.00015
627 0.00015
628 0.00015
629 0.00015
630 0.00015
631 0.00015
632 0.00015
633 0.00015
634 0.00015
635 0.00016
636 0.00016
637 0.00016
638 0.00016
639 0.00016
640 0.00016
641 0.00016
642 0.00016
643 0.00016
644 0.00016
645 0.00016
646 0.00016
647 0.00017
648 0.00017
649 0.00017
650 0.00017
651 0.00017
652 0.00017
653 0.00017
654 0.00017
655 0.00017
656 0.00018
657 0.00018
658 0.00018
659 0.00018
660 0.00018
661 0.00018
662 0.00018
663 0.00018
664 0.00019
665 0.00019
666 0.00019
667 0.00019
668 0.00019
669 0.00019
670 0.00020
671 0.00020
672 0.00020
673 0.00020
674 0.00020
675 0.00020
676 0.00021
677 0.00021
678 0.00021
679 0.00021
680 0.00021
681 0.00022
682 0.00022
683 0.00022
684 0.00022
685 0.00022
686 0.00023
687 0.00023
688 0.00023
689 0.00023
690 0.00024
691 0.00024
692 0.00024
693 0.00024
694 0.00025
695 0.00025
696 0.00025
697 0.00026
698 0.00026
699 0.00026
700 0.00027
701 0.00027
702 0.00027
703 0.00028
704 0.00028
705 0.00028
706 0.00029
707 0.00029
708 0.00029
709 0.00030
710 0.00030
711 0.00031
712 0.00031
713 0.00031
714 0.00032
715 0.00032
716 0.00033
717 0.00033
718 0.00034
719 0.00034
720 0.00035
721 0.00035
722 0.00036
723 0.00036
724 0.00037
725 0.00037
726 0.00038
727 0.00039
728 0.00039
729 0.00040
730 0.00040
731 0.00041
732 0.00042
733 0.00042
734 0.00043
735 0.00044
736 0.00045
737 0.00045
738 0.00046
739 0.00047
740 0.00048
741 0.00049
742 0.00049
743 0.00050
744 0.00051
745 0.00052
746 0.00053
747 0.00054
748 0.00055
749 0.00056
750 0.00057
751 0.00058
752 0.00059
753 0.00061
754 0.00062
755 0.00063
756 0.00064
757 0.00066
758 0.00067
759 0.00068
760 0.00070
761 0.00071
762 0.00073
763 0.00074
764 0.00076
765 0.00077
766 0.00079
767 0.00081
768 0.00082
769 0.00084
770 0.00086
771 0.00088
772 0.00090
773 0.00092
774 0.00094
775 0.00096
776 0.00098
777 0.00101
778 0.00103
779 0.00105
780 0.00108
781 0.00110
782 0.00113
783 0.00116
784 0.00118
785 0.00121
786 0.00124
787 0.00127
788 0.00131
789 0.00134
790 0.00137
791 0.00141
792 0.00144
793 0.00148
794 0.00152
795 0.00156
796 0.00160
797 0.00164
798 0.00169
799 0.00173
800 0.00178
801 0.00182
802 0.00187
803 0.00193
804 0.00198
805 0.00203
806 0.00209
807 0.00215
808 0.00221
809 0.00227
810 0.00234
811 0.00241
812 0.00248
813 0.00255
814 0.00262
815 0.00270
816 0.00278
817 0.00286
818 0.00295
819 0.00304
820 0.00313
821 0.00323
822 0.00333
823 0.00343
824 0.00354
825 0.00365
826 0.00376
827 0.00388
828 0.00400
829 0.00413
830 0.00427
831 0.00440
832 0.00455
833 0.00470
834 0.00485
835 0.00501
836 0.00518
837 0.00535
838 0.00553
839 0.00572
840 0.00592
841 0.00612
842 0.00633
843 0.00655
844 0.00678
845 0.00702
846 0.00726
847 0.00752
848 0.00779
849 0.00807
850 0.00836
851 0.00866
852 0.00897
853 0.00893
854 0.00926
855 0.00960
856 0.00995
857 0.01032
858 0.01071
859 0.01111
860 0.01154
861 0.01198
862 0.01244
863 0.01292
864 0.01342
865 0.01394
866 0.01449
867 0.01507
868 0.01567
869 0.01630
870 0.01696
871 0.01765
872 0.01837
873 0.01912
874 0.01991
875 0.02075
876 0.02162
877 0.02253
878 0.02348
879 0.02448
880 0.02554
881 0.02664
882 0.02780
883 0.02902
884 0.03030
885 0.03164
886 0.03305
887 0.03454
888 0.03610
889 0.03774
890 0.03946
891 0.04127
892 0.04318
893 0.04518
894 0.04730
895 0.04953
896 0.05187
897 0.05435
898 0.05696
899 0.05971
900 0.06261
901 0.06567
902 0.06891
903 0.07232
904 0.07593
905 0.07973
906 0.08376
907 0.08801
908 0.09251
909 0.09727
910 0.10226
911 0.10754
912 0.11176
913 0.12721
914 0.13933
915 0.14892
916 0.15471
917 0.15756
918 0.16100
919 0.16518
920 0.17037
921 0.17692
922 0.17549
923 0.17406
924 0.18253
925 0.18109
926 0.17965
927 0.19097
928 0.18951
929 0.18807
930 0.18663
931 0.20242
932 0.20096
933 0.19950
934 0.19805
935 0.19660
936 0.19516
937 0.19373
938 0.21707
939 0.21561
940 0.21416
941 0.21270
942 0.21126
943 0.20981
944 0.20838
945 0.20694
946 0.20552
947 0.20409
948 0.20267
949 0.20126
950 0.23887
951 0.23743
952 0.23600
953 0.23457
954 0.23314
955 0.23172
956 0.23030
957 0.22889
958 0.22748
959 0.22599
960 0.22442
961 0.22285
962 0.22128
963 0.21972
964 0.21817
965 0.21662
966 0.21507
967 0.21353
968 0.21200
969 0.21047
970 0.20894
971 0.20743
972 0.20591
973 0.27472
974 0.27315
975 0.27158
976 0.27001
977 0.26845
978 0.26690
979 0.26534
980 0.26379
981 0.26225
982 0.26071
983 0.25917
984 0.25763
985 0.25610
986 0.25457
987 0.25305
988 0.25153
989 0.25001
990 0.24850
991 0.24699
992 0.24548
993 0.24398
994 0.24248
995 0.24099
996 0.23950
997 0.23802
998 0.23653
999 0.23506
1000 0.23358
1001 0.23211
1002 0.23065
1003 0.22919
1004 0.22773
1005 0.22628
1006 0.22483
1007 0.22339
1008 0.22195
1009 0.22051
1010 0.21908
1011 0.21765
1012 0.21623
1013 0.21481
1014 0.21340
1015 0.21199
1016 0.21059
1017 0.20919
1018 0.20779
1019 0.20640
1020 0.20501
1021 0.20363
1022 0.20225
1023 0.20088
1024 0.19951
1025 0.19815
1026 0.36102
1027 0.35969
1028 0.35837
1029 0.35705
1030 0.35573
1031 0.35441
1032 0.35310
1033 0.35178
1034 0.35047
1035 0.34915
1036 0.34784
1037 0.34653
1038 0.34523
1039 0.34392
1040 0.34262
1041 0.34131
1042 0.34001
1043 0.33871
1044 0.33741
1045 0.33612
1046 0.33482
1047 0.33353
1048 0.33224
1049 0.33095
1050 0.32966
1051 0.32837
1052 0.32709
1053 0.32580
1054 0.32452
1055 0.32324
1056 0.32197
1057 0.32069
1058 0.31942
1059 0.31814
1060 0.31687
1061 0.31560
1062 0.31434
1063 0.31307
1064 0.31181
1065 0.31055
1066 0.30929
1067 0.30803
1068 0.30678
1069 0.30552
1070 0.30427
1071 0.30302
1072 0.30178
1073 0.30053
1074 0.29929
1075 0.29805
1076 0.29681
1077 0.29557
1078 0.29434
1079 0.29310
1080 0.29187
1081 0.29064
1082 0.28942
1083 0.28819
1084 0.28697
1085 0.28575
1086 0.28453
1087 0.28332
1088 0.28210
1089 0.28089
1090 0.27968
1091 0.27848
1092 0.27727
1093 0.27607
1094 0.27487
1095 0.27367
1096 0.27248
1097 0.27128
1098 0.27009
1099 0.26890
1100 0.26772
1101 0.26653
1102 0.26535
1103 0.26417
1104 0.26299
1105 0.26182
1106 0.26065
1107 0.25948
1108 0.25831
1109 0.25715
1110 0.25598
1111 0.25482
1112 0.25367
1113 0.25251
1114 0.25136
1115 0.25021
1116 0.24906
1117 0.24792
1118 0.24677
1119 0.24563
1120 0.24450
1121 0.24336
1122 0.24223
1123 0.24110
1124 0.23997
1125 0.23885
1126 0.23772
1127 0.23660
1128 0.23549
1129 0.23437
1130 0.23326
1131 0.23215
1132 0.23105
1133 0.22994
1134 0.22884
1135 0.22774
1136 0.22669
1137 0.22507
1138 0.22345
1139 0.22184
1140 0.22023
1141 0.21863
1142 0.21704
1143 0.21545
1144 0.21387
1145 0.21229
1146 0.21071
1147 0.20915
1148 0.20759
1149 0.20603
1150 0.20448
1151 0.20293
1152 0.20140
1153 0.19986
1154 0.19833
1155 0.19681
1156 0.19530
1157 0.19379
1158 0.19228
1159 0.19078
1160 0.18929
1161 0.18780
1162 0.18632
1163 0.18485
1164 0.18338
1165 0.18192
1166 0.18046
1167 0.17901
1168 0.17757
1169 0.17613
1170 0.17470
1171 0.17327
1172 0.17185
1173 0.17044
1174 0.16903
1175 0.16763
1176 0.16624
1177 0.16485
1178 0.16347
1179 0.16209
1180 0.16072
1181 0.15936
1182 0.15801
1183 0.15666
1184 0.15531
1185 0.15398
1186 0.15265
1187 0.15132
1188 0.15000
1189 0.14869
1190 0.14739
1191 0.14609
1192 0.14480
1193 0.14352
1194 0.14224
1195 0.14097
1196 0.13970
1197 0.13845
1198 0.13720
1199 0.13595
1200 0.13471
1201 0.13348
1202 0.13226
1203 0.13104
1204 0.12983
1205 0.12863
1206 0.12743
1207 0.12624
1208 0.12505
1209 0.12388
1210 0.12271
1211 0.12154
1212 0.12038
1213 0.11923
1214 0.11809
1215 0.11695
1216 1.00000
