17 1.74593
18 1.64652
19 1.55902
20 1.48142
21 1.41213
22 1.34989
23 1.29366
24 1.24261
25 1.19605
26 1.15341
27 1.11422
28 1.07805
29 1.04458
30 1.01351
31 0.98458
32 0.95758
33 0.93231
34 0.90862
35 0.88635
36 0.86538
37 0.84560
38 0.82690
39 0.80920
40 0.79242
41 0.77648
42 0.76133
43 0.74689
44 0.73313
45 0.71999
46 0.70744
47 0.69542
48 0.68392
49 0.67289
50 0.66230
51 0.65213
52 0.64235
53 0.63294
54 0.62388
55 0.61514
56 0.60672
57 0.59859
58 0.59073
59 0.58314
60 0.57580
61 0.56870
62 0.56182
63 0.55515
64 0.54869
65 0.54242
66 0.53634
67 0.53043
68 0.52469
69 0.51912
70 0.51369
71 0.50842
72 0.50329
73 0.49829
74 0.49342
75 0.48868
76 0.48405
77 0.47954
78 0.47515
79 0.47086
80 0.46667
81 0.46258
82 0.45858
83 0.45468
84 0.45086
85 0.44713
86 0.44348
87 0.43991
88 0.43642
89 0.43300
90 0.42965
91 0.42638
92 0.42317
93 0.42002
94 0.41694
95 0.41392
96 0.41096
97 0.40805
98 0.40520
99 0.40241
100 0.39966
101 0.39697
102 0.39433
103 0.39173
104 0.38919
105 0.38668
106 0.38422
107 0.38181
108 0.37943
109 0.37710
110 0.37481
111 0.37255
112 0.37033
113 0.36815
114 0.36600
115 0.36389
116 0.36181
117 0.35977
118 0.35776
119 0.35577
120 0.35382
121 0.35190
122 0.35001
123 0.34815
124 0.34631
125 0.34451
126 0.34272
127 0.34097
128 0.33924
129 0.33753
130 0.33585
131 0.33420
132 0.33256
133 0.33095
134 0.32936
135 0.32780
136 0.32625
137 0.32473
138 0.32322
139 0.32174
140 0.32028
141 0.31883
142 0.31741
143 0.31600
144 0.31461
145 0.31324
146 0.31188
147 0.31055
148 0.30923
149 0.30793
150 0.30664
151 0.30537
152 0.30411
153 0.30287
154 0.30165
155 0.30044
156 0.29924
157 0.29806
158 0.29689
159 0.29574
160 0.29460
161 0.29347
162 0.29236
163 0.29126
164 0.29017
165 0.28909
166 0.28803
167 0.28698
168 0.28594
169 0.28491
170 0.28389
171 0.28289
172 0.28190
173 0.28091
174 0.27994
175 0.27898
176 0.27803
177 0.27709
178 0.27615
179 0.27523
180 0.27432
181 0.27342
182 0.27253
183 0.27165
184 0.27077
185 0.26991
186 0.26905
187 0.26821
188 0.26737
189 0.26654
190 0.26572
191 0.26491
192 0.26410
193 0.26331
194 0.26252
195 0.26174
196 0.26097
197 0.26020
198 0.25944
199 0.25869
200 0.25795
201 0.25722
202 0.25649
203 0.25577
204 0.25506
205 0.25435
206 0.25365
207 0.25296
208 0.25227
209 0.25159
210 0.25092
211 0.25025
212 0.24959
213 0.24894
214 0.24829
215 0.24765
216 0.24701
217 0.24638
218 0.24576
219 0.24514
220 0.24453
221 0.24392
222 0.24332
223 0.24273
224 0.24214
225 0.24156
226 0.24098
227 0.24040
228 0.23984
229 0.23927
230 0.23871
231 0.23816
232 0.23761
233 0.23707
234 0.23653
235 0.23600
236 0.23547
237 0.23495
238 0.23443
239 0.23392
240 0.23341
241 0.23291
242 0.23241
243 0.23191
244 0.23142
245 0.23093
246 0.23045
247 0.22997
248 0.22950
249 0.22903
250 0.22856
251 0.22810
252 0.22765
253 0.22719
254 0.22675
255 0.22630
256 0.22586
257 0.22542
258 0.22499
259 0.22456
260 0.22414
261 0.22371
262 0.22330
263 0.22288
264 0.22247
265 0.22207
266 0.22166
267 0.22126
268 0.22087
269 0.22047
270 0.22009
271 0.21970
272 0.21932
273 0.21894
274 0.21856
275 0.21819
276 0.21782
277 0.21746
278 0.21710
279 0.21674
280 0.21638
281 0.21603
282 0.21568
283 0.21533
284 0.21499
285 0.21465
286 0.21431
287 0.21398
288 0.21365
289 0.21332
290 0.21300
291 0.21268
292 0.21236
293 0.21204
294 0.21173
295 0.21142
296 0.21111
297 0.21080
298 0.21050
299 0.21020
300 0.20991
301 0.20961
302 0.20932
303 0.20903
304 0.20875
305 0.20847
306 0.20819
307 0.20791
308 0.20763
309 0.20736
310 0.20709
311 0.20682
312 0.20656
313 0.20630
314 0.20604
315 0.20578
316 0.20553
317 0.20527
318 0.20502
319 0.20478
320 0.20453
321 0.20429
322 0.20405
323 0.20381
324 0.20357
325 0.20334
326 0.20311
327 0.20288
328 0.20266
329 0.20243
330 0.20221
331 0.20199
332 0.20177
333 0.20156
334 0.20134
335 0.20113
336 0.20093
337 0.20072
338 0.20051
339 0.20031
340 0.20011
341 0.19991
342 0.19972
343 0.19953
344 0.19933
345 0.19914
346 0.19896
347 0.19877
348 0.19859
349 0.19841
350 0.19823
351 0.19805
352 0.19788
353 0.19770
354 0.19753
355 0.19736
356 0.19720
357 0.19703
358 0.19687
359 0.19671
360 0.19655
361 0.19639
362 0.19623
363 0.19608
364 0.19593
365 0.19578
366 0.19563
367 0.19548
368 0.19534
369 0.19520
370 0.19506
371 0.19492
372 0.19478
373 0.19465
374 0.19451
375 0.19438
376 0.19425
377 0.19412
378 0.19400
379 0.19387
380 0.19375
381 0.19363
382 0.19351
383 0.19339
384 0.19328
385 0.19316
386 0.19305
387 0.19294
388 0.19283
389 0.19272
390 0.19262
391 0.19252
392 0.19241
393 0.19231
394 0.19221
395 0.19212
396 0.19202
397 0.19193
398 0.19184
399 0.19175
400 0.19166
401 0.19157
402 0.19149
403 0.19140
404 0.19132
405 0.19124
406 0.19116
407 0.19108
408 0.19101
409 0.19093
410 0.19086
411 0.19079
412 0.19072
413 0.19065
414 0.19059
415 0.19052
416 0.19046
417 0.19040
418 0.19034
419 0.19028
420 0.19022
421 0.19017
422 0.19011
423 0.19006
424 0.19001
425 0.18996
426 0.18991
427 0.18987
428 0.18982
429 0.18978
430 0.18974
431 0.18970
432 0.18966
433 0.18962
434 0.18959
435 0.18955
436 0.18952
437 0.18949
438 0.18946
439 0.18943
440 0.18940
441 0.18938
442 0.18936
443 0.18933
444 0.18931
445 0.18929
446 0.18928
447 0.18926
448 0.18925
449 0.18923
450 0.18922
451 0.18921
452 0.18920
453 0.18919
454 0.18919
455 0.18918
456 0.18918
457 0.18918
458 0.18918
459 0.18918
460 0.18918
461 0.18918
462 0.18919
463 0.18920
464 0.18920
465 0.18921
466 0.18922
467 0.18924
468 0.18925
469 0.18927
470 0.18928
471 0.18930
472 0.18932
473 0.18934
474 0.18936
475 0.18939
476 0.18941
477 0.18944
478 0.18947
479 0.18950
480 0.18953
481 0.18956
482 0.18959
483 0.18963
484 0.18967
485 0.18970
486 0.18974
487 0.18978
488 0.18983
489 0.18987
490 0.18991
491 0.18996
492 0.19001
493 0.19006
494 0.19011
495 0.19016
496 0.19021
497 0.19027
498 0.19032
499 0.19038
500 0.19044
501 0.19050
502 0.19056
503 0.19063
504 0.19069
505 0.19076
506 0.19082
507 0.19089
508 0.19096
509 0.19103
510 0.19111
511 0.19118
512 0.19126
513 0.19133
514 0.19141
515 0.19149
516 0.19157
517 0.19166
518 0.19174
519 0.19183
520 0.19191
521 0.19200
522 0.19209
523 0.19218
524 0.19227
525 0.19237
526 0.19246
527 0.19256
528 0.19266
529 0.19276
530 0.19286
531 0.19296
532 0.19306
533 0.19317
534 0.19328
535 0.19338
536 0.19349
537 0.19360
538 0.19372
539 0.19383
540 0.19395
541 0.19406
542 0.19418
543 0.19430
544 0.19442
545 0.19454
546 0.19467
547 0.19479
548 0.19492
549 0.19505
550 0.19517
551 0.19531
552 0.19544
553 0.19557
554 0.19571
555 0.19584
556 0.19598
557 0.19612
558 0.19614
559 0.19628
560 0.19643
561 0.19657
562 0.19672
563 0.19687
564 0.19702
565 0.19718
566 0.19734
567 0.19749
568 0.19766
569 0.19782
570 0.19798
571 0.19815
572 0.19832
573 0.19850
574 0.19867
575 0.19885
576 0.19903
577 0.19921
578 0.19940
579 0.19959
580 0.19978
581 0.19997
582 0.20016
583 0.20036
584 0.20056
585 0.20077
586 0.20097
587 0.20118
588 0.20139
589 0.20161
590 0.20182
591 0.20205
592 0.20227
593 0.20250
594 0.20273
595 0.20296
596 0.20319
597 0.20342
598 0.20366
599 0.20390
600 0.20415
601 0.20439
602 0.20464
603 0.20490
604 0.20515
605 0.20541
606 0.20568
607 0.20594
608 0.20621
609 0.20648
610 0.20676
611 0.20704
612 0.20732
613 0.20761
614 0.20790
615 0.20819
616 0.20849
617 0.20879
618 0.20910
619 0.20940
620 0.20971
621 0.21003
622 0.21035
623 0.21067
624 0.21099
625 0.21132
626 0.21166
627 0.21199
628 0.21232
629 0.21266
630 0.21299
631 0.21333
632 0.21368
633 0.21403
634 0.21438
635 0.21474
636 0.21510
637 0.21546
638 0.21583
639 0.21620
640 0.21658
641 0.21696
642 0.21734
643 0.21773
644 0.21812
645 0.21852
646 0.21892
647 0.21933
648 0.21974
649 0.22015
650 0.22057
651 0.22099
652 0.22141
653 0.22184
654 0.22228
655 0.22272
656 0.22316
657 0.22361
658 0.22406
659 0.22452
660 0.22498
661 0.22545
662 0.22592
663 0.22640
664 0.22688
665 0.22736
666 0.22785
667 0.22835
668 0.22885
669 0.22935
670 0.22986
671 0.23038
672 0.23090
673 0.23142
674 0.23195
675 0.23249
676 0.23303
677 0.23357
678 0.23413
679 0.23468
680 0.23524
681 0.23581
682 0.23638
683 0.23696
684 0.23755
685 0.23813
686 0.23873
687 0.23933
688 0.23994
689 0.24055
690 0.24117
691 0.24179
692 0.24242
693 0.24305
694 0.24370
695 0.24434
696 0.24500
697 0.24566
698 0.24632
699 0.24700
700 0.24767
701 0.24836
702 0.24905
703 0.24975
704 0.25045
705 0.25116
706 0.25188
707 0.25261
708 0.25334
709 0.25408
710 0.25482
711 0.25557
712 0.25633
713 0.25710
714 0.25787
715 0.25865
716 0.25944
717 0.26023
718 0.26103
719 0.26184
720 0.26266
721 0.26349
722 0.26432
723 0.26516
724 0.26601
725 0.26686
726 0.26773
727 0.26860
728 0.26948
729 0.27037
730 0.27126
731 0.27217
732 0.27308
733 0.27400
734 0.27493
735 0.27587
736 0.27682
737 0.27777
738 0.27874
739 0.27971
740 0.28070
741 0.28169
742 0.28269
743 0.28370
744 0.28467
745 0.28566
746 0.28666
747 0.28766
748 0.28868
749 0.28970
750 0.29073
751 0.29178
752 0.29283
753 0.29389
754 0.29496
755 0.29604
756 0.29713
757 0.29823
758 0.29935
759 0.30047
760 0.30103
761 0.30217
762 0.30331
763 0.30446
764 0.30563
765 0.30680
766 0.30799
767 0.30919
768 0.31040
769 0.31162
770 0.31286
771 0.31411
772 0.31537
773 0.31664
774 0.31793
775 0.31922
776 0.32054
777 0.32186
778 0.32320
779 0.32455
780 0.32592
781 0.32730
782 0.32869
783 0.33010
784 0.33152
785 0.33296
786 0.33441
787 0.33587
788 0.33736
789 0.33885
790 0.34036
791 0.34189
792 0.34344
793 0.34499
794 0.34657
795 0.34816
796 0.34977
797 0.35139
798 0.35303
799 0.35469
800 0.35636
801 0.35805
802 0.35976
803 0.36149
804 0.36324
805 0.36500
806 0.36678
807 0.36858
808 0.37040
809 0.37224
810 0.37410
811 0.37597
812 0.37787
813 0.37978
814 0.38172
815 0.38367
816 0.38565
817 0.38765
818 0.38967
819 0.39170
820 0.39377
821 0.39585
822 0.39795
823 0.40008
824 0.40223
825 0.40440
826 0.40660
827 0.40881
828 0.41106
829 0.41332
830 0.41561
831 0.41793
832 0.42027
833 0.42263
834 0.42502
835 0.42744
836 0.42988
837 0.43235
838 0.43484
839 0.43736
840 0.43991
841 0.44249
842 0.44509
843 0.44773
844 0.45039
845 0.45308
846 0.45580
847 0.45855
848 0.46133
849 0.46414
850 0.46698
851 0.46985
852 0.47276
853 0.47569
854 0.47866
855 0.48166
856 0.48470
857 0.48776
858 0.49086
859 0.49400
860 0.49717
861 0.50038
862 0.50362
863 0.50690
864 0.51022
865 0.51357
866 0.51696
867 0.52039
868 0.52386
869 0.52736
870 0.53091
871 0.53450
872 0.53813
873 0.54180
874 0.54551
875 0.54926
876 0.55306
877 0.55690
878 0.56078
879 0.56471
880 0.56869
881 0.57271
882 0.57678
883 0.58089
884 0.58505
885 0.58926
886 0.59353
887 0.59784
888 0.60220
889 0.60661
890 0.61107
891 0.61559
892 0.62016
893 0.62478
894 0.62946
895 0.63420
896 0.63899
897 0.64383
898 0.64874
899 0.65371
900 0.65873
901 0.66381
902 0.66896
903 0.67417
904 0.67944
905 0.68477
906 0.69017
907 0.69564
908 0.70117
909 0.70677
910 0.71244
911 0.71817
912 0.72263
913 0.74061
914 0.75280
915 0.76138
916 0.76624
917 0.76864
918 0.77137
919 0.77451
920 0.77819
921 0.78257
922 0.78181
923 0.78105
924 0.78641
925 0.78566
926 0.78491
927 0.79165
928 0.79092
929 0.79019
930 0.78946
931 0.79827
932 0.79756
933 0.79685
934 0.79614
935 0.79543
936 0.79471
937 0.79400
938 0.80616
939 0.80548
940 0.80480
941 0.80411
942 0.80343
943 0.80274
944 0.80205
945 0.80137
946 0.80068
947 0.79999
948 0.79929
949 0.79860
950 0.81672
951 0.81608
952 0.81544
953 0.81479
954 0.81415
955 0.81350
956 0.81286
957 0.81221
958 0.81156
959 0.81091
960 0.81026
961 0.80960
962 0.80895
963 0.80829
964 0.80763
965 0.80698
966 0.80632
967 0.80565
968 0.80499
969 0.80433
970 0.80366
971 0.80300
972 0.80233
973 0.83276
974 0.83219
975 0.83161
976 0.83103
977 0.83045
978 0.82987
979 0.82928
980 0.82870
981 0.82812
982 0.82753
983 0.82694
984 0.82635
985 0.82576
986 0.82517
987 0.82458
988 0.82399
989 0.82339
990 0.82279
991 0.82220
992 0.82160
993 0.82100
994 0.82040
995 0.81980
996 0.81919
997 0.81859
998 0.81798
999 0.81738
1000 0.81677
1001 0.81616
1002 0.81555
1003 0.81494
1004 0.81433
1005 0.81371
1006 0.81310
1007 0.81248
1008 0.81186
1009 0.81125
1010 0.81063
1011 0.81001
1012 0.80938
1013 0.80876
1014 0.80814
1015 0.80751
1016 0.80688
1017 0.80625
1018 0.80562
1019 0.80499
1020 0.80436
1021 0.80372
1022 0.80309
1023 0.80245
1024 0.80182
1025 0.80118
1026 0.86481
1027 0.86436
1028 0.86391
1029 0.86345
1030 0.86300
1031 0.86254
1032 0.86208
1033 0.86162
1034 0.86116
1035 0.86070
1036 0.86024
1037 0.85978
1038 0.85932
1039 0.85885
1040 0.85839
1041 0.85792
1042 0.85746
1043 0.85699
1044 0.85652
1045 0.85605
1046 0.85558
1047 0.85511
1048 0.85464
1049 0.85416
1050 0.85369
1051 0.85321
1052 0.85274
1053 0.85226
1054 0.85178
1055 0.85130
1056 0.85082
1057 0.85034
1058 0.84986
1059 0.84937
1060 0.84889
1061 0.84841
1062 0.84792
1063 0.84743
1064 0.84694
1065 0.84646
1066 0.84597
1067 0.84548
1068 0.84498
1069 0.84449
1070 0.84400
1071 0.84350
1072 0.84301
1073 0.84251
1074 0.84201
1075 0.84152
1076 0.84102
1077 0.84052
1078 0.84001
1079 0.83951
1080 0.83901
1081 0.83851
1082 0.83800
1083 0.83749
1084 0.83699
1085 0.83648
1086 0.83597
1087 0.83546
1088 0.83495
1089 0.83444
1090 0.83393
1091 0.83341
1092 0.83290
1093 0.83238
1094 0.83187
1095 0.83135
1096 0.83083
1097 0.83031
1098 0.82979
1099 0.82927
1100 0.82875
1101 0.82822
1102 0.82770
1103 0.82717
1104 0.82665
1105 0.82612
1106 0.82559
1107 0.82507
1108 0.82454
1109 0.82400
1110 0.82347
1111 0.82294
1112 0.82241
1113 0.82187
1114 0.82134
1115 0.82080
1116 0.82026
1117 0.81972
1118 0.81919
1119 0.81865
1120 0.81810
1121 0.81756
1122 0.81702
1123 0.81648
1124 0.81593
1125 0.81538
1126 0.81484
1127 0.81429
1128 0.81374
1129 0.81319
1130 0.81264
1131 0.81209
1132 0.81154
1133 0.81098
1134 0.81043
1135 0.80987
1136 0.80932
1137 0.80876
1138 0.80820
1139 0.80764
1140 0.80708
1141 0.80652
1142 0.80596
1143 0.80540
1144 0.80483
1145 0.80427
1146 0.80370
1147 0.80314
1148 0.80257
1149 0.80200
1150 0.80143
1151 0.80086
1152 0.80029
1153 0.79972
1154 0.79915
1155 0.79857
1156 0.79800
1157 0.79742
1158 0.79685
1159 0.79627
1160 0.79569
1161 0.79511
1162 0.79453
1163 0.79395
1164 0.79337
1165 0.79278
1166 0.79220
1167 0.79161
1168 0.79103
1169 0.79044
1170 0.78985
1171 0.78926
1172 0.78868
1173 0.78808
1174 0.78749
1175 0.78690
1176 0.78631
1177 0.78571
1178 0.78512
1179 0.78452
1180 0.78393
1181 0.78333
1182 0.78273
1183 0.78213
1184 0.78153
1185 0.78093
1186 0.78033
1187 0.77972
1188 0.77912
1189 0.77851
1190 0.77791
1191 0.77730
1192 0.77669
1193 0.77608
1194 0.77547
1195 0.77486
1196 0.77425
1197 0.77364
1198 0.77303
1199 0.77241
1200 0.77180
1201 0.77118
1202 0.77057
1203 0.76995
1204 0.76933
1205 0.76871
1206 0.76809
1207 0.76747
1208 0.76685
1209 0.76622
1210 0.76560
1211 0.76498
1212 0.76435
1213 0.76372
1214 0.76310
1215 0.76247
1216 1.00000
