17 6.55518
18 5.48815
19 4.65148
20 3.98526
21 3.44745
22 3.00796
23 2.64483
24 2.34179
25 2.08661
26 1.86996
27 1.68462
28 1.52498
29 1.38659
30 1.26591
31 1.16011
32 1.06688
33 0.98433
34 0.91093
35 0.84539
36 0.78664
37 0.73380
38 0.68609
39 0.64290
40 0.60366
41 0.56793
42 0.53529
43 0.50540
44 0.47796
45 0.45273
46 0.42946
47 0.40795
48 0.38805
49 0.36959
50 0.35243
51 0.33646
52 0.32157
53 0.30766
54 0.29466
55 0.28248
56 0.27105
57 0.26032
58 0.25023
59 0.24073
60 0.23177
61 0.22331
62 0.21532
63 0.20776
64 0.20061
65 0.19383
66 0.18739
67 0.18128
68 0.17547
69 0.16995
70 0.16469
71 0.15967
72 0.15489
73 0.15033
74 0.14597
75 0.14181
76 0.13782
77 0.13401
78 0.13036
79 0.12686
80 0.12350
81 0.12028
82 0.11718
83 0.11421
84 0.11136
85 0.10861
86 0.10597
87 0.10342
88 0.10097
89 0.09861
90 0.09633
91 0.09413
92 0.09201
93 0.08996
94 0.08798
95 0.08607
96 0.08423
97 0.08244
98 0.08071
99 0.07903
100 0.07741
101 0.07584
102 0.07432
103 0.07285
104 0.07142
105 0.07003
106 0.06868
107 0.06737
108 0.06611
109 0.06487
110 0.06367
111 0.06251
112 0.06138
113 0.06028
114 0.05921
115 0.05817
116 0.05715
117 0.05617
118 0.05520
119 0.05427
120 0.05336
121 0.05247
122 0.05160
123 0.05076
124 0.04993
125 0.04913
126 0.04834
127 0.04758
128 0.04683
129 0.04610
130 0.04539
131 0.04469
132 0.04401
133 0.04335
134 0.04270
135 0.04207
136 0.04145
137 0.04084
138 0.04024
139 0.03966
140 0.03910
141 0.03854
142 0.03800
143 0.03746
144 0.03694
145 0.03643
146 0.03593
147 0.03544
148 0.03496
149 0.03449
150 0.03403
151 0.03358
152 0.03313
153 0.03270
154 0.03227
155 0.03185
156 0.03144
157 0.03104
158 0.03065
159 0.03026
160 0.02988
161 0.02951
162 0.02914
163 0.02878
164 0.02843
165 0.02808
166 0.02774
167 0.02741
168 0.02708
169 0.02675
170 0.02644
171 0.02612
172 0.02582
173 0.02552
174 0.02522
175 0.02493
176 0.02464
177 0.02436
178 0.02408
179 0.02381
180 0.02354
181 0.02328
182 0.02302
183 0.02276
184 0.02251
185 0.02226
186 0.02202
187 0.02178
188 0.02154
189 0.02131
190 0.02108
191 0.02086
192 0.02063
193 0.02042
194 0.02020
195 0.01999
196 0.01978
197 0.01957
198 0.01937
199 0.01917
200 0.01897
201 0.01878
202 0.01859
203 0.01840
204 0.01821
205 0.01803
206 0.01785
207 0.01767
208 0.01749
209 0.01732
210 0.01715
211 0.01698
212 0.01681
213 0.01665
214 0.01649
215 0.01633
216 0.01617
217 0.01601
218 0.01586
219 0.01571
220 0.01556
221 0.01541
222 0.01526
223 0.01512
224 0.01498
225 0.01484
226 0.01470
227 0.01456
228 0.01443
229 0.01429
230 0.01416
231 0.01403
232 0.01390
233 0.01378
234 0.01365
235 0.01353
236 0.01341
237 0.01329
238 0.01317
239 0.01305
240 0.01293
241 0.01282
242 0.01270
243 0.01259
244 0.01248
245 0.01237
246 0.01226
247 0.01215
248 0.01205
249 0.01194
250 0.01184
251 0.01174
252 0.01164
253 0.01154
254 0.01144
255 0.01134
256 0.01124
257 0.01115
258 0.01105
259 0.01096
260 0.01086
261 0.01077
262 0.01068
263 0.01059
264 0.01050
265 0.01042
266 0.01033
267 0.01024
268 0.01016
269 0.01008
270 0.00999
271 0.00991
272 0.00983
273 0.00975
274 0.00967
275 0.00959
276 0.00951
277 0.00943
278 0.00936
279 0.00928
280 0.00921
281 0.00913
282 0.00906
283 0.00899
284 0.00892
285 0.00884
286 0.00877
287 0.00870
288 0.00863
289 0.00857
290 0.00850
291 0.00843
292 0.00837
293 0.00830
294 0.00823
295 0.00817
296 0.00811
297 0.00804
298 0.00798
299 0.00792
300 0.00786
301 0.00780
302 0.00774
303 0.00768
304 0.00762
305 0.00756
306 0.00750
307 0.00744
308 0.00739
309 0.00733
310 0.00727
311 0.00722
312 0.00716
313 0.00711
314 0.00706
315 0.00700
316 0.00695
317 0.00690
318 0.00685
319 0.00679
320 0.00674
321 0.00669
322 0.00664
323 0.00659
324 0.00654
325 0.00649
326 0.00645
327 0.00640
328 0.00635
329 0.00630
330 0.00626
331 0.00621
332 0.00617
333 0.00612
334 0.00608
335 0.00603
336 0.00599
337 0.00594
338 0.00590
339 0.00586
340 0.00581
341 0.00577
342 0.00573
343 0.00569
344 0.00565
345 0.00561
346 0.00556
347 0.00552
348 0.00548
349 0.00544
350 0.00541
351 0.00537
352 0.00533
353 0.00529
354 0.00525
355 0.00521
356 0.00518
357 0.00514
358 0.00510
359 0.00507
360 0.00503
361 0.00500
362 0.00496
363 0.00492
364 0.00489
365 0.00485
366 0.00482
367 0.00478
368 0.00475
369 0.00472
370 0.00468
371 0.00465
372 0.00462
373 0.00459
374 0.00455
375 0.00452
376 0.00449
377 0.00446
378 0.00443
379 0.00440
380 0.00437
381 0.00434
382 0.00431
383 0.00428
384 0.00425
385 0.00422
386 0.00419
387 0.00416
388 0.00414
389 0.00411
390 0.00408
391 0.00405
392 0.00403
393 0.00400
394 0.00397
395 0.00395
396 0.00392
397 0.00390
398 0.00387
399 0.00385
400 0.00382
401 0.00380
402 0.00377
403 0.00375
404 0.00372
405 0.00370
406 0.00368
407 0.00365
408 0.00363
409 0.00361
410 0.00359
411 0.00356
412 0.00354
413 0.00352
414 0.00350
415 0.00348
416 0.00345
417 0.00343
418 0.00341
419 0.00339
420 0.00337
421 0.00335
422 0.00333
423 0.00331
424 0.00329
425 0.00327
426 0.00325
427 0.00323
428 0.00321
429 0.00320
430 0.00318
431 0.00316
432 0.00314
433 0.00312
434 0.00310
435 0.00309
436 0.00307
437 0.00305
438 0.00303
439 0.00302
440 0.00300
441 0.00298
442 0.00297
443 0.00295
444 0.00294
445 0.00292
446 0.00290
447 0.00289
448 0.00287
449 0.00286
450 0.00284
451 0.00283
452 0.00281
453 0.00280
454 0.00278
455 0.00277
456 0.00276
457 0.00274
458 0.00273
459 0.00271
460 0.00270
461 0.00269
462 0.00267
463 0.00266
464 0.00265
465 0.00264
466 0.00262
467 0.00261
468 0.00260
469 0.00259
470 0.00257
471 0.00256
472 0.00255
473 0.00254
474 0.00253
475 0.00252
476 0.00250
477 0.00249
478 0.00248
479 0.00247
480 0.00246
481 0.00245
482 0.00244
483 0.00243
484 0.00242
485 0.00241
486 0.00240
487 0.00239
488 0.00238
489 0.00237
490 0.00236
491 0.00235
492 0.00234
493 0.00233
494 0.00232
495 0.00231
496 0.00230
497 0.00229
498 0.00228
499 0.00227
500 0.00226
501 0.00225
502 0.00224
503 0.00223
504 0.00222
505 0.00222
506 0.00221
507 0.00220
508 0.00219
509 0.00218
510 0.00218
511 0.00217
512 0.00216
513 0.00215
514 0.00215
515 0.00214
516 0.00213
517 0.00212
518 0.00212
519 0.00211
520 0.00210
521 0.00210
522 0.00209
523 0.00209
524 0.00208
525 0.00207
526 0.00207
527 0.00206
528 0.00206
529 0.00205
530 0.00205
531 0.00204
532 0.00204
533 0.00203
534 0.00203
535 0.00202
536 0.00202
537 0.00201
538 0.00201
539 0.00200
540 0.00200
541 0.00199
542 0.00199
543 0.00199
544 0.00198
545 0.00198
546 0.00197
547 0.00197
548 0.00197
549 0.00196
550 0.00196
551 0.00196
552 0.00195
553 0.00195
554 0.00195
555 0.00195
556 0.00194
557 0.00194
558 0.00194
559 0.00194
560 0.00193
561 0.00193
562 0.00193
563 0.00193
564 0.00193
565 0.00193
566 0.00192
567 0.00192
568 0.00192
569 0.00192
570 0.00192
571 0.00192
572 0.00192
573 0.00192
574 0.00192
575 0.00192
576 0.00192
577 0.00192
578 0.00192
579 0.00192
580 0.00192
581 0.00192
582 0.00192
583 0.00192
584 0.00192
585 0.00192
586 0.00192
587 0.00192
588 0.00192
589 0.00192
590 0.00192
591 0.00192
592 0.00193
593 0.00193
594 0.00193
595 0.00193
596 0.00193
597 0.00193
598 0.00194
599 0.00194
600 0.00194
601 0.00194
602 0.00195
603 0.00195
604 0.00195
605 0.00196
606 0.00196
607 0.00196
608 0.00197
609 0.00197
610 0.00197
611 0.00198
612 0.00198
613 0.00198
614 0.00199
615 0.00199
616 0.00200
617 0.00200
618 0.00201
619 0.00201
620 0.00202
621 0.00202
622 0.00203
623 0.00203
624 0.00204
625 0.00205
626 0.00205
627 0.00206
628 0.00207
629 0.00207
630 0.00208
631 0.00209
632 0.00209
633 0.00210
634 0.00211
635 0.00212
636 0.00212
637 0.00213
638 0.00214
639 0.00215
640 0.00216
641 0.00217
642 0.00217
643 0.00218
644 0.00219
645 0.00220
646 0.00221
647 0.00222
648 0.00223
649 0.00224
650 0.00225
651 0.00226
652 0.00228
653 0.00229
654 0.00230
655 0.00231
656 0.00232
657 0.00233
658 0.00235
659 0.00236
660 0.00237
661 0.00239
662 0.00240
663 0.00241
664 0.00243
665 0.00244
666 0.00246
667 0.00247
668 0.00249
669 0.00250
670 0.00252
671 0.00253
672 0.00255
673 0.00257
674 0.00258
675 0.00260
676 0.00262
677 0.00264
678 0.00265
679 0.00267
680 0.00269
681 0.00271
682 0.00273
683 0.00275
684 0.00277
685 0.00279
686 0.00281
687 0.00284
688 0.00286
689 0.00288
690 0.00290
691 0.00293
692 0.00295
693 0.00298
694 0.00300
695 0.00303
696 0.00305
697 0.00308
698 0.00310
699 0.00313
700 0.00316
701 0.00319
702 0.00322
703 0.00324
704 0.00327
705 0.00331
706 0.00334
707 0.00337
708 0.00340
709 0.00343
710 0.00347
711 0.00350
712 0.00354
713 0.00357
714 0.00361
715 0.00364
716 0.00368
717 0.00372
718 0.00376
719 0.00380
720 0.00384
721 0.00388
722 0.00392
723 0.00397
724 0.00401
725 0.00405
726 0.00410
727 0.00415
728 0.00419
729 0.00424
730 0.00429
731 0.00434
732 0.00439
733 0.00444
734 0.00450
735 0.00455
736 0.00461
737 0.00467
738 0.00472
739 0.00478
740 0.00484
741 0.00490
742 0.00497
743 0.00503
744 0.00510
745 0.00516
746 0.00523
747 0.00530
748 0.00537
749 0.00545
750 0.00552
751 0.00560
752 0.00567
753 0.00575
754 0.00583
755 0.00592
756 0.00600
757 0.00609
758 0.00617
759 0.00626
760 0.00636
761 0.00645
762 0.00655
763 0.00664
764 0.00674
765 0.00685
766 0.00695
767 0.00706
768 0.00717
769 0.00728
770 0.00739
771 0.00751
772 0.00763
773 0.00775
774 0.00788
775 0.00801
776 0.00814
777 0.00827
778 0.00841
779 0.00855
780 0.00870
781 0.00884
782 0.00899
783 0.00915
784 0.00931
785 0.00947
786 0.00964
787 0.00981
788 0.00998
789 0.01016
790 0.01034
791 0.01053
792 0.01072
793 0.01092
794 0.01112
795 0.01132
796 0.01153
797 0.01175
798 0.01197
799 0.01220
800 0.01243
801 0.01267
802 0.01292
803 0.01317
804 0.01343
805 0.01369
806 0.01397
807 0.01424
808 0.01453
809 0.01482
810 0.01513
811 0.01543
812 0.01575
813 0.01608
814 0.01641
815 0.01676
816 0.01711
817 0.01747
818 0.01784
819 0.01823
820 0.01862
821 0.01902
822 0.01944
823 0.01986
824 0.02030
825 0.02075
826 0.02121
827 0.02169
828 0.02218
829 0.02268
830 0.02320
831 0.02373
832 0.02428
833 0.02484
834 0.02542
835 0.02602
836 0.02663
837 0.02726
838 0.02791
839 0.02858
840 0.02927
841 0.02997
842 0.03070
843 0.03146
844 0.03223
845 0.03303
846 0.03385
847 0.03470
848 0.03557
849 0.03647
850 0.03739
851 0.03835
852 0.03933
853 0.04035
854 0.04139
855 0.04247
856 0.04359
857 0.04474
858 0.04592
859 0.04714
860 0.04840
861 0.04971
862 0.05105
863 0.05244
864 0.05387
865 0.05535
866 0.05687
867 0.05845
868 0.06008
869 0.06176
870 0.06350
871 0.06529
872 0.06715
873 0.06907
874 0.07105
875 0.07310
876 0.07522
877 0.07741
878 0.07967
879 0.08202
880 0.08444
881 0.08695
882 0.08954
883 0.09223
884 0.09501
885 0.09788
886 0.10086
887 0.10394
888 0.10714
889 0.11044
890 0.11387
891 0.11741
892 0.12109
893 0.12490
894 0.12884
895 0.13293
896 0.13717
897 0.14157
898 0.14612
899 0.15085
900 0.15575
901 0.16083
902 0.16611
903 0.17158
904 0.17725
905 0.18315
906 0.18926
907 0.19561
908 0.20220
909 0.20905
910 0.21616
911 0.22354
912 0.22939
913 0.25149
914 0.26790
915 0.28031
916 0.28766
917 0.29133
918 0.29562
919 0.30072
920 0.30688
921 0.31447
922 0.31303
923 0.31158
924 0.32116
925 0.31971
926 0.31826
927 0.33074
928 0.32929
929 0.32784
930 0.32639
931 0.34334
932 0.34189
933 0.34044
934 0.33900
935 0.33756
936 0.33611
937 0.33468
938 0.35902
939 0.35758
940 0.35614
941 0.35470
942 0.35326
943 0.35183
944 0.35039
945 0.34896
946 0.34753
947 0.34610
948 0.34467
949 0.34325
950 0.38120
951 0.37977
952 0.37834
953 0.37692
954 0.37550
955 0.37408
956 0.37266
957 0.37124
958 0.36983
959 0.36841
960 0.36700
961 0.36559
962 0.36418
963 0.36277
964 0.36136
965 0.35995
966 0.35855
967 0.35715
968 0.35575
969 0.35435
970 0.35295
971 0.35155
972 0.35016
973 0.41744
974 0.41606
975 0.41468
976 0.41330
977 0.41192
978 0.41054
979 0.40916
980 0.40778
981 0.40640
982 0.40503
983 0.40365
984 0.40228
985 0.40090
986 0.39953
987 0.39816
988 0.39679
989 0.39542
990 0.39405
991 0.39268
992 0.39132
993 0.38995
994 0.38859
995 0.38722
996 0.38586
997 0.38450
998 0.38314
999 0.38178
1000 0.38042
1001 0.37907
1002 0.37771
1003 0.37636
1004 0.37501
1005 0.37365
1006 0.37230
1007 0.37096
1008 0.36961
1009 0.36826
1010 0.36692
1011 0.36557
1012 0.36423
1013 0.36289
1014 0.36155
1015 0.36021
1016 0.35888
1017 0.35754
1018 0.35621
1019 0.35487
1020 0.35354
1021 0.35221
1022 0.35089
1023 0.34956
1024 0.34823
1025 0.34691
1026 0.49910
1027 0.49785
1028 0.49660
1029 0.49535
1030 0.49410
1031 0.49285
1032 0.49160
1033 0.49035
1034 0.48910
1035 0.48785
1036 0.48660
1037 0.48535
1038 0.48410
1039 0.48285
1040 0.48160
1041 0.48035
1042 0.47910
1043 0.47785
1044 0.47660
1045 0.47535
1046 0.47410
1047 0.47285
1048 0.47160
1049 0.47035
1050 0.46910
1051 0.46785
1052 0.46660
1053 0.46535
1054 0.46411
1055 0.46286
1056 0.46161
1057 0.46036
1058 0.45911
1059 0.45786
1060 0.45662
1061 0.45537
1062 0.45412
1063 0.45287
1064 0.45163
1065 0.45038
1066 0.44913
1067 0.44789
1068 0.44664
1069 0.44540
1070 0.44415
1071 0.44291
1072 0.44166
1073 0.44042
1074 0.43918
1075 0.43793
1076 0.43669
1077 0.43545
1078 0.43421
1079 0.43297
1080 0.43173
1081 0.43049
1082 0.42925
1083 0.42801
1084 0.42677
1085 0.42553
1086 0.42429
1087 0.42305
1088 0.42182
1089 0.42058
1090 0.41934
1091 0.41811
1092 0.41688
1093 0.41564
1094 0.41441
1095 0.41318
1096 0.41194
1097 0.41071
1098 0.40948
1099 0.40825
1100 0.40702
1101 0.40579
1102 0.40457
1103 0.40334
1104 0.40211
1105 0.40089
1106 0.39966
1107 0.39844
1108 0.39721
1109 0.39599
1110 0.39477
1111 0.39355
1112 0.39233
1113 0.39111
1114 0.38989
1115 0.38867
1116 0.38746
1117 0.38624
1118 0.38503
1119 0.38381
1120 0.38260
1121 0.38139
1122 0.38018
1123 0.37897
1124 0.37776
1125 0.37655
1126 0.37534
1127 0.37413
1128 0.37293
1129 0.37172
1130 0.37052
1131 0.36932
1132 0.36812
1133 0.36692
1134 0.36572
1135 0.36452
1136 0.36332
1137 0.36213
1138 0.36093
1139 0.35974
1140 0.35855
1141 0.35735
1142 0.35616
1143 0.35497
1144 0.35379
1145 0.35260
1146 0.35141
1147 0.35023
1148 0.34905
1149 0.34786
1150 0.34668
1151 0.34550
1152 0.34433
1153 0.34315
1154 0.34197
1155 0.34080
1156 0.33963
1157 0.33846
1158 0.33729
1159 0.33612
1160 0.33495
1161 0.33378
1162 0.33262
1163 0.33145
1164 0.33029
1165 0.32913
1166 0.32797
1167 0.32681
1168 0.32566
1169 0.32450
1170 0.32335
1171 0.32220
1172 0.32104
1173 0.31990
1174 0.31875
1175 0.31760
1176 0.31646
1177 0.31531
1178 0.31417
1179 0.31303
1180 0.31189
1181 0.31076
1182 0.30962
1183 0.30849
1184 0.30735
1185 0.30622
1186 0.30509
1187 0.30397
1188 0.30284
1189 0.30172
1190 0.30059
1191 0.29947
1192 0.29835
1193 0.29723
1194 0.29612
1195 0.29500
1196 0.29389
1197 0.29278
1198 0.29167
1199 0.29056
1200 0.28946
1201 0.28835
1202 0.28725
1203 0.28615
1204 0.28505
1205 0.28395
1206 0.28286
1207 0.28177
1208 0.28067
1209 0.27958
1210 0.27850
1211 0.27741
1212 0.27632
1213 0.27524
1214 0.27416
1215 0.27308
1216 1.00000
