17 11.55474
18 9.20582
19 7.45041
20 6.11385
21 5.07920
22 4.26630
23 3.61909
24 3.09755
25 2.67269
26 2.32312
27 2.03290
28 1.78992
29 1.58493
30 1.41077
31 1.26183
32 1.13367
33 1.02278
34 0.92632
35 0.84199
36 0.76794
37 0.70262
38 0.64478
39 0.59335
40 0.54747
41 0.50639
42 0.46949
43 0.43625
44 0.40621
45 0.37900
46 0.35428
47 0.33177
48 0.31122
49 0.29242
50 0.27518
51 0.25934
52 0.24476
53 0.23131
54 0.21889
55 0.20738
56 0.19672
57 0.18682
58 0.17761
59 0.16903
60 0.16102
61 0.15355
62 0.14656
63 0.14001
64 0.13387
65 0.12811
66 0.12269
67 0.11760
68 0.11280
69 0.10827
70 0.10400
71 0.09997
72 0.09615
73 0.09254
74 0.08912
75 0.08587
76 0.08279
77 0.07987
78 0.07709
79 0.07445
80 0.07194
81 0.06954
82 0.06726
83 0.06508
84 0.06300
85 0.06101
86 0.05911
87 0.05730
88 0.05556
89 0.05390
90 0.05230
91 0.05078
92 0.04931
93 0.04791
94 0.04656
95 0.04526
96 0.04402
97 0.04282
98 0.04167
99 0.04056
100 0.03949
101 0.03846
102 0.03747
103 0.03652
104 0.03560
105 0.03471
106 0.03385
107 0.03302
108 0.03222
109 0.03145
110 0.03070
111 0.02998
112 0.02928
113 0.02861
114 0.02795
115 0.02732
116 0.02670
117 0.02611
118 0.02553
119 0.02497
120 0.02443
121 0.02391
122 0.02340
123 0.02290
124 0.02242
125 0.02196
126 0.02150
127 0.02106
128 0.02063
129 0.02022
130 0.01981
131 0.01942
132 0.01904
133 0.01866
134 0.01830
135 0.01795
136 0.01760
137 0.01727
138 0.01694
139 0.01663
140 0.01632
141 0.01601
142 0.01572
143 0.01543
144 0.01515
145 0.01488
146 0.01461
147 0.01435
148 0.01410
149 0.01385
150 0.01361
151 0.01337
152 0.01314
153 0.01292
154 0.01270
155 0.01248
156 0.01227
157 0.01206
158 0.01186
159 0.01167
160 0.01147
161 0.01129
162 0.01110
163 0.01092
164 0.01075
165 0.01057
166 0.01040
167 0.01024
168 0.01008
169 0.00992
170 0.00976
171 0.00961
172 0.00946
173 0.00932
174 0.00917
175 0.00903
176 0.00890
177 0.00876
178 0.00863
179 0.00850
180 0.00837
181 0.00825
182 0.00813
183 0.00801
184 0.00789
185 0.00777
186 0.00766
187 0.00755
188 0.00744
189 0.00733
190 0.00723
191 0.00712
192 0.00702
193 0.00692
194 0.00683
195 0.00673
196 0.00664
197 0.00654
198 0.00645
199 0.00636
200 0.00627
201 0.00619
202 0.00610
203 0.00602
204 0.00594
205 0.00586
206 0.00578
207 0.00570
208 0.00562
209 0.00555
210 0.00547
211 0.00540
212 0.00533
213 0.00526
214 0.00519
215 0.00512
216 0.00506
217 0.00499
218 0.00492
219 0.00486
220 0.00480
221 0.00474
222 0.00467
223 0.00461
224 0.00456
225 0.00450
226 0.00444
227 0.00438
228 0.00433
229 0.00427
230 0.00422
231 0.00417
232 0.00411
233 0.00406
234 0.00401
235 0.00396
236 0.00391
237 0.00387
238 0.00382
239 0.00377
240 0.00372
241 0.00368
242 0.00363
243 0.00359
244 0.00355
245 0.00350
246 0.00346
247 0.00342
248 0.00338
249 0.00334
250 0.00330
251 0.00326
252 0.00322
253 0.00318
254 0.00314
255 0.00310
256 0.00307
257 0.00303
258 0.00299
259 0.00296
260 0.00292
261 0.00289
262 0.00286
263 0.00282
264 0.00279
265 0.00276
266 0.00272
267 0.00269
268 0.00266
269 0.00263
270 0.00260
271 0.00257
272 0.00254
273 0.00251
274 0.00248
275 0.00245
276 0.00243
277 0.00240
278 0.00237
279 0.00234
280 0.00232
281 0.00229
282 0.00226
283 0.00224
284 0.00221
285 0.00219
286 0.00216
287 0.00214
288 0.00211
289 0.00209
290 0.00207
291 0.00204
292 0.00202
293 0.00200
294 0.00198
295 0.00195
296 0.00193
297 0.00191
298 0.00189
299 0.00187
300 0.00185
301 0.00183
302 0.00181
303 0.00179
304 0.00177
305 0.00175
306 0.00173
307 0.00171
308 0.00169
309 0.00167
310 0.00165
311 0.00163
312 0.00162
313 0.00160
314 0.00158
315 0.00156
316 0.00155
317 0.00153
318 0.00151
319 0.00150
320 0.00148
321 0.00146
322 0.00145
323 0.00143
324 0.00142
325 0.00140
326 0.00139
327 0.00137
328 0.00136
329 0.00134
330 0.00133
331 0.00131
332 0.00130
333 0.00128
334 0.00127
335 0.00126
336 0.00125
337 0.00123
338 0.00122
339 0.00121
340 0.00119
341 0.00118
342 0.00117
343 0.00115
344 0.00114
345 0.00113
346 0.00112
347 0.00111
348 0.00109
349 0.00108
350 0.00107
351 0.00106
352 0.00105
353 0.00104
354 0.00103
355 0.00102
356 0.00101
357 0.00100
358 0.00099
359 0.00098
360 0.00096
361 0.00095
362 0.00095
363 0.00094
364 0.00093
365 0.00092
366 0.00091
367 0.00090
368 0.00089
369 0.00088
370 0.00087
371 0.00086
372 0.00085
373 0.00084
374 0.00084
375 0.00083
376 0.00082
377 0.00081
378 0.00080
379 0.00080
380 0.00079
381 0.00078
382 0.00077
383 0.00076
384 0.00076
385 0.00075
386 0.00074
387 0.00073
388 0.00073
389 0.00072
390 0.00071
391 0.00071
392 0.00070
393 0.00069
394 0.00069
395 0.00068
396 0.00067
397 0.00067
398 0.00066
399 0.00065
400 0.00065
401 0.00064
402 0.00064
403 0.00063
404 0.00062
405 0.00062
406 0.00061
407 0.00061
408 0.00060
409 0.00060
410 0.00059
411 0.00059
412 0.00058
413 0.00057
414 0.00057
415 0.00056
416 0.00056
417 0.00055
418 0.00055
419 0.00054
420 0.00054
421 0.00054
422 0.00053
423 0.00053
424 0.00052
425 0.00052
426 0.00051
427 0.00051
428 0.00050
429 0.00050
430 0.00050
431 0.00049
432 0.00049
433 0.00048
434 0.00048
435 0.00047
436 0.00047
437 0.00047
438 0.00046
439 0.00046
440 0.00046
441 0.00045
442 0.00045
443 0.00044
444 0.00044
445 0.00044
446 0.00043
447 0.00043
448 0.00043
449 0.00042
450 0.00042
451 0.00042
452 0.00041
453 0.00041
454 0.00041
455 0.00040
456 0.00040
457 0.00040
458 0.00039
459 0.00039
460 0.00039
461 0.00038
462 0.00038
463 0.00038
464 0.00038
465 0.00037
466 0.00037
467 0.00037
468 0.00036
469 0.00036
470 0.00036
471 0.00036
472 0.00035
473 0.00035
474 0.00035
475 0.00035
476 0.00034
477 0.00034
478 0.00034
479 0.00034
480 0.00033
481 0.00033
482 0.00033
483 0.00033
484 0.00033
485 0.00032
486 0.00032
487 0.00032
488 0.00032
489 0.00032
490 0.00031
491 0.00031
492 0.00031
493 0.00031
494 0.00031
495 0.00030
496 0.00030
497 0.00030
498 0.00030
499 0.00030
500 0.00030
501 0.00029
502 0.00029
503 0.00029
504 0.00029
505 0.00029
506 0.00029
507 0.00028
508 0.00028
509 0.00028
510 0.00028
511 0.00028
512 0.00028
513 0.00028
514 0.00027
515 0.00027
516 0.00027
517 0.00027
518 0.00027
519 0.00027
520 0.00027
521 0.00027
522 0.00026
523 0.00026
524 0.00026
525 0.00026
526 0.00026
527 0.00026
528 0.00026
529 0.00026
530 0.00026
531 0.00025
532 0.00025
533 0.00025
534 0.00025
535 0.00025
536 0.00025
537 0.00025
538 0.00025
539 0.00025
540 0.00025
541 0.00025
542 0.00025
543 0.00024
544 0.00024
545 0.00024
546 0.00024
547 0.00024
548 0.00024
549 0.00024
550 0.00024
551 0.00024
552 0.00024
553 0.00024
554 0.00024
555 0.00024
556 0.00024
557 0.00024
558 0.00024
559 0.00023
560 0.00023
561 0.00023
562 0.00023
563 0.00023
564 0.00023
565 0.00023
566 0.00023
567 0.00023
568 0.00023
569 0.00023
570 0.00023
571 0.00023
572 0.00023
573 0.00023
574 0.00023
575 0.00023
576 0.00023
577 0.00023
578 0.00023
579 0.00023
580 0.00023
581 0.00023
582 0.00023
583 0.00023
584 0.00023
585 0.00023
586 0.00023
587 0.00023
588 0.00023
589 0.00023
590 0.00023
591 0.00023
592 0.00023
593 0.00023
594 0.00023
595 0.00023
596 0.00023
597 0.00023
598 0.00023
599 0.00023
600 0.00023
601 0.00023
602 0.00023
603 0.00023
604 0.00023
605 0.00023
606 0.00023
607 0.00023
608 0.00024
609 0.00024
610 0.00024
611 0.00024
612 0.00024
613 0.00024
614 0.00024
615 0.00024
616 0.00024
617 0.00024
618 0.00024
619 0.00024
620 0.00024
621 0.00024
622 0.00024
623 0.00024
624 0.00025
625 0.00025
626 0.00025
627 0.00025
628 0.00025
629 0.00025
630 0.00025
631 0.00025
632 0.00025
633 0.00025
634 0.00026
635 0.00026
636 0.00026
637 0.00026
638 0.00026
639 0.00026
640 0.00026
641 0.00026
642 0.00027
643 0.00027
644 0.00027
645 0.00027
646 0.00027
647 0.00027
648 0.00027
649 0.00028
650 0.00028
651 0.00028
652 0.00028
653 0.00028
654 0.00028
655 0.00029
656 0.00029
657 0.00029
658 0.00029
659 0.00029
660 0.00030
661 0.00030
662 0.00030
663 0.00030
664 0.00031
665 0.00031
666 0.00031
667 0.00031
668 0.00031
669 0.00032
670 0.00032
671 0.00032
672 0.00033
673 0.00033
674 0.00033
675 0.00033
676 0.00034
677 0.00034
678 0.00034
679 0.00035
680 0.00035
681 0.00035
682 0.00036
683 0.00036
684 0.00036
685 0.00037
686 0.00037
687 0.00037
688 0.00038
689 0.00038
690 0.00039
691 0.00039
692 0.00039
693 0.00040
694 0.00040
695 0.00041
696 0.00041
697 0.00042
698 0.00042
699 0.00042
700 0.00043
701 0.00043
702 0.00044
703 0.00045
704 0.00045
705 0.00046
706 0.00046
707 0.00047
708 0.00047
709 0.00048
710 0.00049
711 0.00049
712 0.00050
713 0.00050
714 0.00051
715 0.00052
716 0.00053
717 0.00053
718 0.00054
719 0.00055
720 0.00055
721 0.00056
722 0.00057
723 0.00058
724 0.00059
725 0.00060
726 0.00060
727 0.00061
728 0.00062
729 0.00063
730 0.00064
731 0.00065
732 0.00066
733 0.00067
734 0.00068
735 0.00069
736 0.00071
737 0.00072
738 0.00073
739 0.00074
740 0.00075
741 0.00077
742 0.00078
743 0.00079
744 0.00081
745 0.00082
746 0.00083
747 0.00085
748 0.00086
749 0.00088
750 0.00090
751 0.00091
752 0.00093
753 0.00095
754 0.00096
755 0.00098
756 0.00100
757 0.00102
758 0.00104
759 0.00106
760 0.00108
761 0.00110
762 0.00112
763 0.00114
764 0.00117
765 0.00119
766 0.00122
767 0.00124
768 0.00127
769 0.00129
770 0.00132
771 0.00135
772 0.00138
773 0.00141
774 0.00144
775 0.00147
776 0.00150
777 0.00153
778 0.00157
779 0.00160
780 0.00164
781 0.00167
782 0.00171
783 0.00175
784 0.00179
785 0.00183
786 0.00188
787 0.00192
788 0.00196
789 0.00201
790 0.00206
791 0.00211
792 0.00216
793 0.00221
794 0.00227
795 0.00232
796 0.00238
797 0.00244
798 0.00250
799 0.00257
800 0.00263
801 0.00270
802 0.00277
803 0.00284
804 0.00292
805 0.00299
806 0.00307
807 0.00316
808 0.00324
809 0.00333
810 0.00342
811 0.00351
812 0.00361
813 0.00371
814 0.00381
815 0.00392
816 0.00403
817 0.00414
818 0.00426
819 0.00438
820 0.00451
821 0.00464
822 0.00478
823 0.00492
824 0.00506
825 0.00521
826 0.00537
827 0.00553
828 0.00570
829 0.00587
830 0.00605
831 0.00624
832 0.00643
833 0.00663
834 0.00684
835 0.00705
836 0.00728
837 0.00751
838 0.00775
839 0.00800
840 0.00826
841 0.00852
842 0.00880
843 0.00909
844 0.00939
845 0.00971
846 0.01003
847 0.01037
848 0.01072
849 0.01108
850 0.01146
851 0.01185
852 0.01226
853 0.01269
854 0.01313
855 0.01359
856 0.01407
857 0.01457
858 0.01509
859 0.01563
860 0.01619
861 0.01678
862 0.01739
863 0.01802
864 0.01868
865 0.01937
866 0.02009
867 0.02000
868 0.02075
869 0.02153
870 0.02234
871 0.02319
872 0.02408
873 0.02500
874 0.02597
875 0.02698
876 0.02803
877 0.02913
878 0.03029
879 0.03149
880 0.03275
881 0.03407
882 0.03545
883 0.03690
884 0.03841
885 0.03999
886 0.04165
887 0.04339
888 0.04521
889 0.04712
890 0.04913
891 0.05123
892 0.05343
893 0.05574
894 0.05816
895 0.06071
896 0.06338
897 0.06619
898 0.06914
899 0.07224
900 0.07550
901 0.07893
902 0.08254
903 0.08633
904 0.09030
905 0.09449
906 0.09889
907 0.10353
908 0.10842
909 0.11357
910 0.11900
911 0.12472
912 0.12928
913 0.14612
914 0.15918
915 0.16943
916 0.17560
917 0.17866
918 0.18232
919 0.18676
920 0.19223
921 0.19910
922 0.19767
923 0.19625
924 0.20508
925 0.20358
926 0.20208
927 0.21373
928 0.21222
929 0.21071
930 0.20921
931 0.22539
932 0.22387
933 0.22236
934 0.22086
935 0.21936
936 0.21786
937 0.21637
938 0.24013
939 0.23862
940 0.23712
941 0.23562
942 0.23413
943 0.23264
944 0.23116
945 0.22967
946 0.22820
947 0.22673
948 0.22526
949 0.22380
950 0.26177
951 0.26030
952 0.25883
953 0.25736
954 0.25590
955 0.25444
956 0.25298
957 0.25153
958 0.25009
959 0.24864
960 0.24720
961 0.24576
962 0.24433
963 0.24290
964 0.24148
965 0.24005
966 0.23864
967 0.23722
968 0.23581
969 0.23440
970 0.23300
971 0.23160
972 0.23021
973 0.29986
974 0.29849
975 0.29702
976 0.29543
977 0.29385
978 0.29226
979 0.29068
980 0.28911
981 0.28753
982 0.28596
983 0.28439
984 0.28283
985 0.28127
986 0.27971
987 0.27815
988 0.27660
989 0.27505
990 0.27351
991 0.27196
992 0.27042
993 0.26889
994 0.26736
995 0.26583
996 0.26430
997 0.26278
998 0.26126
999 0.25975
1000 0.25823
1001 0.25673
1002 0.25522
1003 0.25372
1004 0.25222
1005 0.25073
1006 0.24924
1007 0.24775
1008 0.24627
1009 0.24479
1010 0.24332
1011 0.24185
1012 0.24038
1013 0.23892
1014 0.23746
1015 0.23600
1016 0.23455
1017 0.23310
1018 0.23166
1019 0.23022
1020 0.22878
1021 0.22735
1022 0.22592
1023 0.22450
1024 0.22308
1025 0.22166
1026 0.38348
1027 0.38216
1028 0.38084
1029 0.37952
1030 0.37820
1031 0.37688
1032 0.37556
1033 0.37424
1034 0.37293
1035 0.37161
1036 0.37030
1037 0.36899
1038 0.36768
1039 0.36637
1040 0.36506
1041 0.36376
1042 0.36245
1043 0.36115
1044 0.35985
1045 0.35855
1046 0.35725
1047 0.35595
1048 0.35465
1049 0.35335
1050 0.35206
1051 0.35077
1052 0.34948
1053 0.34819
1054 0.34690
1055 0.34561
1056 0.34433
1057 0.34304
1058 0.34176
1059 0.34048
1060 0.33920
1061 0.33792
1062 0.33665
1063 0.33537
1064 0.33410
1065 0.33283
1066 0.33156
1067 0.33029
1068 0.32903
1069 0.32776
1070 0.32650
1071 0.32524
1072 0.32398
1073 0.32272
1074 0.32146
1075 0.32021
1076 0.31896
1077 0.31771
1078 0.31646
1079 0.31521
1080 0.31396
1081 0.31272
1082 0.31148
1083 0.31024
1084 0.30900
1085 0.30777
1086 0.30653
1087 0.30530
1088 0.30407
1089 0.30284
1090 0.30161
1091 0.30039
1092 0.29917
1093 0.29795
1094 0.29673
1095 0.29551
1096 0.29430
1097 0.29308
1098 0.29187
1099 0.29066
1100 0.28946
1101 0.28825
1102 0.28705
1103 0.28585
1104 0.28465
1105 0.28346
1106 0.28226
1107 0.28107
1108 0.27988
1109 0.27869
1110 0.27751
1111 0.27632
1112 0.27514
1113 0.27397
1114 0.27279
1115 0.27161
1116 0.27044
1117 0.26927
1118 0.26810
1119 0.26694
1120 0.26578
1121 0.26462
1122 0.26346
1123 0.26230
1124 0.26115
1125 0.26000
1126 0.25885
1127 0.25770
1128 0.25655
1129 0.25541
1130 0.25427
1131 0.25314
1132 0.25200
1133 0.25087
1134 0.24974
1135 0.24861
1136 0.24748
1137 0.24636
1138 0.24524
1139 0.24412
1140 0.24301
1141 0.24189
1142 0.24078
1143 0.23968
1144 0.23857
1145 0.23747
1146 0.23637
1147 0.23527
1148 0.23417
1149 0.23308
1150 0.23199
1151 0.23090
1152 0.22982
1153 0.22873
1154 0.22765
1155 0.22658
1156 0.22499
1157 0.22340
1158 0.22181
1159 0.22023
1160 0.21866
1161 0.21709
1162 0.21553
1163 0.21397
1164 0.21242
1165 0.21087
1166 0.20933
1167 0.20779
1168 0.20626
1169 0.20473
1170 0.20321
1171 0.20170
1172 0.20019
1173 0.19868
1174 0.19719
1175 0.19569
1176 0.19421
1177 0.19272
1178 0.19125
1179 0.18978
1180 0.18832
1181 0.18686
1182 0.18540
1183 0.18396
1184 0.18252
1185 0.18108
1186 0.17965
1187 0.17823
1188 0.17681
1189 0.17540
1190 0.17400
1191 0.17260
1192 0.17120
1193 0.16982
1194 0.16843
1195 0.16706
1196 0.16569
1197 0.16433
1198 0.16297
1199 0.16162
1200 0.16028
1201 0.15894
1202 0.15761
1203 0.15628
1204 0.15496
1205 0.15365
1206 0.15234
1207 0.15104
1208 0.14975
1209 0.14846
1210 0.14718
1211 0.14590
1212 0.14463
1213 0.14337
1214 0.14211
1215 0.14087
1216 1.00000
