17 4.47423
18 3.87415
19 3.38803
20 2.98899
21 2.65757
22 2.37940
23 2.14370
24 1.94229
25 1.76882
26 1.61836
27 1.48702
28 1.37167
29 1.26981
30 1.17942
31 1.09881
32 1.02662
33 0.96170
34 0.90311
35 0.85003
36 0.80178
37 0.75780
38 0.71758
39 0.68070
40 0.64680
41 0.61555
42 0.58669
43 0.55996
44 0.53517
45 0.51213
46 0.49066
47 0.47063
48 0.45191
49 0.43438
50 0.41795
51 0.40251
52 0.38800
53 0.37433
54 0.36144
55 0.34926
56 0.33776
57 0.32687
58 0.31655
59 0.30676
60 0.29746
61 0.28863
62 0.28022
63 0.27222
64 0.26459
65 0.25731
66 0.25036
67 0.24372
68 0.23736
69 0.23128
70 0.22546
71 0.21988
72 0.21453
73 0.20939
74 0.20446
75 0.19971
76 0.19515
77 0.19077
78 0.18654
79 0.18247
80 0.17855
81 0.17477
82 0.17112
83 0.16760
84 0.16420
85 0.16091
86 0.15773
87 0.15466
88 0.15168
89 0.14880
90 0.14602
91 0.14331
92 0.14070
93 0.13816
94 0.13570
95 0.13331
96 0.13099
97 0.12874
98 0.12655
99 0.12442
100 0.12236
101 0.12035
102 0.11840
103 0.11649
104 0.11464
105 0.11284
106 0.11109
107 0.10938
108 0.10772
109 0.10609
110 0.10451
111 0.10297
112 0.10146
113 0.09999
114 0.09856
115 0.09716
116 0.09580
117 0.09446
118 0.09316
119 0.09189
120 0.09064
121 0.08943
122 0.08824
123 0.08707
124 0.08594
125 0.08482
126 0.08373
127 0.08267
128 0.08162
129 0.08060
130 0.07960
131 0.07862
132 0.07766
133 0.07672
134 0.07580
135 0.07489
136 0.07401
137 0.07314
138 0.07229
139 0.07145
140 0.07063
141 0.06983
142 0.06904
143 0.06827
144 0.06751
145 0.06676
146 0.06603
147 0.06531
148 0.06460
149 0.06391
150 0.06322
151 0.06255
152 0.06190
153 0.06125
154 0.06061
155 0.05999
156 0.05937
157 0.05877
158 0.05817
159 0.05759
160 0.05701
161 0.05645
162 0.05589
163 0.05534
164 0.05481
165 0.05427
166 0.05375
167 0.05324
168 0.05273
169 0.05223
170 0.05174
171 0.05126
172 0.05078
173 0.05032
174 0.04985
175 0.04940
176 0.04895
177 0.04851
178 0.04807
179 0.04764
180 0.04722
181 0.04680
182 0.04639
183 0.04599
184 0.04559
185 0.04519
186 0.04481
187 0.04442
188 0.04404
189 0.04367
190 0.04330
191 0.04294
192 0.04258
193 0.04223
194 0.04188
195 0.04154
196 0.04120
197 0.04086
198 0.04053
199 0.04020
200 0.03988
201 0.03956
202 0.03925
203 0.03894
204 0.03863
205 0.03833
206 0.03803
207 0.03773
208 0.03744
209 0.03715
210 0.03687
211 0.03659
212 0.03631
213 0.03603
214 0.03576
215 0.03549
216 0.03523
217 0.03497
218 0.03471
219 0.03445
220 0.03420
221 0.03395
222 0.03370
223 0.03345
224 0.03321
225 0.03297
226 0.03274
227 0.03250
228 0.03227
229 0.03204
230 0.03182
231 0.03159
232 0.03137
233 0.03115
234 0.03094
235 0.03072
236 0.03051
237 0.03030
238 0.03009
239 0.02989
240 0.02968
241 0.02948
242 0.02928
243 0.02908
244 0.02889
245 0.02870
246 0.02851
247 0.02832
248 0.02813
249 0.02794
250 0.02776
251 0.02758
252 0.02740
253 0.02722
254 0.02704
255 0.02687
256 0.02670
257 0.02652
258 0.02635
259 0.02619
260 0.02602
261 0.02586
262 0.02569
263 0.02553
264 0.02537
265 0.02521
266 0.02505
267 0.02490
268 0.02474
269 0.02459
270 0.02444
271 0.02429
272 0.02414
273 0.02399
274 0.02385
275 0.02370
276 0.02356
277 0.02342
278 0.02328
279 0.02314
280 0.02300
281 0.02286
282 0.02272
283 0.02259
284 0.02246
285 0.02232
286 0.02219
287 0.02206
288 0.02193
289 0.02180
290 0.02168
291 0.02155
292 0.02143
293 0.02130
294 0.02118
295 0.02106
296 0.02094
297 0.02082
298 0.02070
299 0.02058
300 0.02047
301 0.02035
302 0.02024
303 0.02012
304 0.02001
305 0.01990
306 0.01979
307 0.01968
308 0.01957
309 0.01946
310 0.01935
311 0.01924
312 0.01914
313 0.01903
314 0.01893
315 0.01882
316 0.01872
317 0.01862
318 0.01852
319 0.01842
320 0.01832
321 0.01822
322 0.01812
323 0.01803
324 0.01793
325 0.01783
326 0.01774
327 0.01764
328 0.01755
329 0.01746
330 0.01737
331 0.01727
332 0.01718
333 0.01709
334 0.01700
335 0.01691
336 0.01683
337 0.01674
338 0.01665
339 0.01657
340 0.01648
341 0.01640
342 0.01631
343 0.01623
344 0.01614
345 0.01606
346 0.01598
347 0.01590
348 0.01582
349 0.01574
350 0.01566
351 0.01558
352 0.01550
353 0.01542
354 0.01534
355 0.01527
356 0.01519
357 0.01511
358 0.01504
359 0.01496
360 0.01489
361 0.01482
362 0.01474
363 0.01467
364 0.01460
365 0.01453
366 0.01445
367 0.01438
368 0.01431
369 0.01424
370 0.01417
371 0.01410
372 0.01404
373 0.01397
374 0.01390
375 0.01383
376 0.01377
377 0.01370
378 0.01363
379 0.01357
380 0.01350
381 0.01344
382 0.01337
383 0.01331
384 0.01325
385 0.01318
386 0.01312
387 0.01306
388 0.01300
389 0.01294
390 0.01287
391 0.01281
392 0.01275
393 0.01269
394 0.01263
395 0.01257
396 0.01251
397 0.01245
398 0.01239
399 0.01234
400 0.01228
401 0.01222
402 0.01217
403 0.01211
404 0.01206
405 0.01200
406 0.01195
407 0.01189
408 0.01184
409 0.01179
410 0.01174
411 0.01168
412 0.01163
413 0.01158
414 0.01153
415 0.01148
416 0.01143
417 0.01138
418 0.01133
419 0.01128
420 0.01123
421 0.01119
422 0.01114
423 0.01109
424 0.01105
425 0.01100
426 0.01095
427 0.01091
428 0.01086
429 0.01082
430 0.01077
431 0.01073
432 0.01069
433 0.01064
434 0.01060
435 0.01056
436 0.01052
437 0.01048
438 0.01044
439 0.01040
440 0.01036
441 0.01032
442 0.01028
443 0.01024
444 0.01020
445 0.01016
446 0.01012
447 0.01008
448 0.01004
449 0.01001
450 0.00997
451 0.00993
452 0.00990
453 0.00986
454 0.00983
455 0.00979
456 0.00975
457 0.00972
458 0.00969
459 0.00965
460 0.00962
461 0.00959
462 0.00955
463 0.00952
464 0.00949
465 0.00946
466 0.00943
467 0.00939
468 0.00936
469 0.00933
470 0.00930
471 0.00927
472 0.00924
473 0.00921
474 0.00919
475 0.00916
476 0.00913
477 0.00910
478 0.00907
479 0.00905
480 0.00902
481 0.00899
482 0.00897
483 0.00894
484 0.00891
485 0.00889
486 0.00886
487 0.00884
488 0.00882
489 0.00879
490 0.00877
491 0.00874
492 0.00872
493 0.00870
494 0.00868
495 0.00865
496 0.00863
497 0.00861
498 0.00859
499 0.00857
500 0.00855
501 0.00853
502 0.00851
503 0.00849
504 0.00847
505 0.00845
506 0.00843
507 0.00841
508 0.00839
509 0.00837
510 0.00835
511 0.00834
512 0.00832
513 0.00830
514 0.00828
515 0.00827
516 0.00825
517 0.00824
518 0.00822
519 0.00821
520 0.00819
521 0.00818
522 0.00816
523 0.00815
524 0.00813
525 0.00812
526 0.00810
527 0.00809
528 0.00807
529 0.00806
530 0.00804
531 0.00803
532 0.00802
533 0.00800
534 0.00799
535 0.00798
536 0.00797
537 0.00794
538 0.00793
539 0.00792
540 0.00790
541 0.00789
542 0.00788
543 0.00787
544 0.00786
545 0.00785
546 0.00784
547 0.00783
548 0.00782
549 0.00781
550 0.00781
551 0.00780
552 0.00779
553 0.00778
554 0.00777
555 0.00777
556 0.00776
557 0.00776
558 0.00775
559 0.00774
560 0.00774
561 0.00773
562 0.00773
563 0.00773
564 0.00772
565 0.00772
566 0.00771
567 0.00771
568 0.00771
569 0.00771
570 0.00771
571 0.00770
572 0.00770
573 0.00770
574 0.00770
575 0.00770
576 0.00770
577 0.00770
578 0.00770
579 0.00770
580 0.00771
581 0.00771
582 0.00771
583 0.00771
584 0.00772
585 0.00772
586 0.00772
587 0.00773
588 0.00773
589 0.00774
590 0.00774
591 0.00775
592 0.00775
593 0.00776
594 0.00777
595 0.00777
596 0.00778
597 0.00779
598 0.00780
599 0.00781
600 0.00781
601 0.00782
602 0.00783
603 0.00784
604 0.00786
605 0.00787
606 0.00788
607 0.00789
608 0.00790
609 0.00791
610 0.00793
611 0.00794
612 0.00795
613 0.00797
614 0.00798
615 0.00800
616 0.00801
617 0.00803
618 0.00805
619 0.00806
620 0.00808
621 0.00810
622 0.00812
623 0.00814
624 0.00816
625 0.00818
626 0.00820
627 0.00822
628 0.00824
629 0.00826
630 0.00828
631 0.00831
632 0.00833
633 0.00835
634 0.00838
635 0.00840
636 0.00843
637 0.00846
638 0.00848
639 0.00851
640 0.00854
641 0.00857
642 0.00859
643 0.00862
644 0.00865
645 0.00868
646 0.00872
647 0.00875
648 0.00878
649 0.00881
650 0.00885
651 0.00888
652 0.00892
653 0.00895
654 0.00899
655 0.00903
656 0.00906
657 0.00910
658 0.00914
659 0.00918
660 0.00922
661 0.00926
662 0.00931
663 0.00935
664 0.00939
665 0.00944
666 0.00948
667 0.00953
668 0.00958
669 0.00962
670 0.00967
671 0.00972
672 0.00977
673 0.00982
674 0.00987
675 0.00993
676 0.00998
677 0.01004
678 0.01009
679 0.01015
680 0.01021
681 0.01026
682 0.01032
683 0.01038
684 0.01045
685 0.01051
686 0.01057
687 0.01064
688 0.01070
689 0.01077
690 0.01084
691 0.01091
692 0.01098
693 0.01105
694 0.01112
695 0.01120
696 0.01127
697 0.01135
698 0.01143
699 0.01150
700 0.01159
701 0.01167
702 0.01175
703 0.01183
704 0.01192
705 0.01201
706 0.01210
707 0.01219
708 0.01228
709 0.01237
710 0.01247
711 0.01257
712 0.01266
713 0.01276
714 0.01287
715 0.01297
716 0.01307
717 0.01318
718 0.01329
719 0.01340
720 0.01351
721 0.01363
722 0.01374
723 0.01386
724 0.01398
725 0.01411
726 0.01423
727 0.01436
728 0.01449
729 0.01462
730 0.01475
731 0.01489
732 0.01502
733 0.01517
734 0.01531
735 0.01545
736 0.01560
737 0.01575
738 0.01591
739 0.01606
740 0.01622
741 0.01638
742 0.01655
743 0.01671
744 0.01688
745 0.01706
746 0.01723
747 0.01741
748 0.01760
749 0.01778
750 0.01797
751 0.01817
752 0.01836
753 0.01856
754 0.01877
755 0.01897
756 0.01919
757 0.01940
758 0.01962
759 0.01984
760 0.02007
761 0.02030
762 0.02054
763 0.02078
764 0.02102
765 0.02127
766 0.02153
767 0.02179
768 0.02205
769 0.02232
770 0.02259
771 0.02287
772 0.02316
773 0.02345
774 0.02374
775 0.02405
776 0.02435
777 0.02467
778 0.02499
779 0.02531
780 0.02564
781 0.02598
782 0.02633
783 0.02668
784 0.02704
785 0.02741
786 0.02778
787 0.02816
788 0.02855
789 0.02895
790 0.02935
791 0.02977
792 0.03019
793 0.03062
794 0.03106
795 0.03150
796 0.03196
797 0.03243
798 0.03291
799 0.03339
800 0.03389
801 0.03440
802 0.03491
803 0.03544
804 0.03598
805 0.03653
806 0.03710
807 0.03767
808 0.03826
809 0.03886
810 0.03947
811 0.04010
812 0.04074
813 0.04140
814 0.04206
815 0.04275
816 0.04345
817 0.04416
818 0.04489
819 0.04564
820 0.04640
821 0.04718
822 0.04798
823 0.04879
824 0.04963
825 0.05048
826 0.05135
827 0.05225
828 0.05316
829 0.05409
830 0.05505
831 0.05603
832 0.05703
833 0.05806
834 0.05910
835 0.06018
836 0.06128
837 0.06240
838 0.06355
839 0.06473
840 0.06594
841 0.06718
842 0.06844
843 0.06974
844 0.07107
845 0.07243
846 0.07383
847 0.07525
848 0.07672
849 0.07822
850 0.07976
851 0.08133
852 0.08295
853 0.08461
854 0.08630
855 0.08804
856 0.08983
857 0.09166
858 0.09354
859 0.09546
860 0.09744
861 0.09946
862 0.10154
863 0.10368
864 0.10586
865 0.10811
866 0.11041
867 0.11278
868 0.11521
869 0.11770
870 0.12026
871 0.12289
872 0.12559
873 0.12836
874 0.13120
875 0.13413
876 0.13713
877 0.14021
878 0.14338
879 0.14664
880 0.14998
881 0.15342
882 0.15696
883 0.16059
884 0.16433
885 0.16817
886 0.17212
887 0.17618
888 0.18035
889 0.18465
890 0.18906
891 0.19361
892 0.19828
893 0.20309
894 0.20804
895 0.21314
896 0.21838
897 0.22378
898 0.22933
899 0.23505
900 0.24094
901 0.24700
902 0.25325
903 0.25968
904 0.26630
905 0.27313
906 0.28016
907 0.28740
908 0.29487
909 0.30256
910 0.31049
911 0.31866
912 0.32510
913 0.34959
914 0.36737
915 0.38058
916 0.38831
917 0.39216
918 0.39663
919 0.40191
920 0.40825
921 0.41598
922 0.41453
923 0.41308
924 0.42277
925 0.42132
926 0.41988
927 0.43240
928 0.43096
929 0.42953
930 0.42809
931 0.44494
932 0.44352
933 0.44209
934 0.44067
935 0.43925
936 0.43783
937 0.43641
938 0.46036
939 0.45896
940 0.45756
941 0.45616
942 0.45476
943 0.45336
944 0.45196
945 0.45056
946 0.44916
947 0.44776
948 0.44636
949 0.44496
950 0.48184
951 0.48048
952 0.47911
953 0.47775
954 0.47638
955 0.47502
956 0.47365
957 0.47229
958 0.47093
959 0.46956
960 0.46820
961 0.46683
962 0.46547
963 0.46411
964 0.46274
965 0.46138
966 0.46002
967 0.45865
968 0.45729
969 0.45593
970 0.45457
971 0.45320
972 0.45184
973 0.51625
974 0.51496
975 0.51366
976 0.51237
977 0.51107
978 0.50978
979 0.50848
980 0.50718
981 0.50589
982 0.50459
983 0.50329
984 0.50200
985 0.50070
986 0.49940
987 0.49810
988 0.49680
989 0.49551
990 0.49421
991 0.49291
992 0.49161
993 0.49031
994 0.48901
995 0.48772
996 0.48642
997 0.48512
998 0.48382
999 0.48252
1000 0.48122
1001 0.47992
1002 0.47862
1003 0.47733
1004 0.47603
1005 0.47473
1006 0.47343
1007 0.47213
1008 0.47083
1009 0.46953
1010 0.46824
1011 0.46694
1012 0.46564
1013 0.46434
1014 0.46304
1015 0.46175
1016 0.46045
1017 0.45915
1018 0.45786
1019 0.45656
1020 0.45526
1021 0.45397
1022 0.45267
1023 0.45138
1024 0.45008
1025 0.44879
1026 0.59109
1027 0.58997
1028 0.58885
1029 0.58773
1030 0.58661
1031 0.58549
1032 0.58436
1033 0.58324
1034 0.58211
1035 0.58099
1036 0.57986
1037 0.57873
1038 0.57761
1039 0.57648
1040 0.57535
1041 0.57422
1042 0.57309
1043 0.57196
1044 0.57082
1045 0.56969
1046 0.56856
1047 0.56742
1048 0.56629
1049 0.56515
1050 0.56402
1051 0.56288
1052 0.56174
1053 0.56060
1054 0.55947
1055 0.55833
1056 0.55719
1057 0.55605
1058 0.55491
1059 0.55376
1060 0.55262
1061 0.55148
1062 0.55034
1063 0.54919
1064 0.54805
1065 0.54690
1066 0.54576
1067 0.54461
1068 0.54347
1069 0.54232
1070 0.54117
1071 0.54003
1072 0.53888
1073 0.53773
1074 0.53658
1075 0.53543
1076 0.53428
1077 0.53313
1078 0.53198
1079 0.53083
1080 0.52968
1081 0.52853
1082 0.52737
1083 0.52622
1084 0.52507
1085 0.52392
1086 0.52276
1087 0.52161
1088 0.52046
1089 0.51930
1090 0.51815
1091 0.51699
1092 0.51584
1093 0.51468
1094 0.51353
1095 0.51237
1096 0.51121
1097 0.51006
1098 0.50890
1099 0.50774
1100 0.50659
1101 0.50543
1102 0.50427
1103 0.50311
1104 0.50196
1105 0.50080
1106 0.49964
1107 0.49848
1108 0.49732
1109 0.49617
1110 0.49501
1111 0.49385
1112 0.49269
1113 0.49153
1114 0.49037
1115 0.48921
1116 0.48805
1117 0.48690
1118 0.48574
1119 0.48458
1120 0.48342
1121 0.48226
1122 0.48110
1123 0.47994
1124 0.47878
1125 0.47762
1126 0.47646
1127 0.47530
1128 0.47415
1129 0.47299
1130 0.47183
1131 0.47067
1132 0.46951
1133 0.46835
1134 0.46719
1135 0.46604
1136 0.46488
1137 0.46372
1138 0.46256
1139 0.46140
1140 0.46025
1141 0.45909
1142 0.45793
1143 0.45677
1144 0.45562
1145 0.45446
1146 0.45330
1147 0.45215
1148 0.45099
1149 0.44984
1150 0.44868
1151 0.44753
1152 0.44637
1153 0.44522
1154 0.44406
1155 0.44291
1156 0.44175
1157 0.44060
1158 0.43945
1159 0.43830
1160 0.43714
1161 0.43599
1162 0.43484
1163 0.43369
1164 0.43254
1165 0.43139
1166 0.43024
1167 0.42909
1168 0.42794
1169 0.42679
1170 0.42564
1171 0.42449
1172 0.42335
1173 0.42220
1174 0.42105
1175 0.41991
1176 0.41876
1177 0.41762
1178 0.41647
1179 0.41533
1180 0.41418
1181 0.41304
1182 0.41190
1183 0.41076
1184 0.40962
1185 0.40848
1186 0.40734
1187 0.40620
1188 0.40506
1189 0.40392
1190 0.40278
1191 0.40164
1192 0.40051
1193 0.39937
1194 0.39824
1195 0.39710
1196 0.39597
1197 0.39484
1198 0.39370
1199 0.39257
1200 0.39144
1201 0.39031
1202 0.38918
1203 0.38805
1204 0.38693
1205 0.38580
1206 0.38467
1207 0.38355
1208 0.38242
1209 0.38130
1210 0.38018
1211 0.37905
1212 0.37793
1213 0.37681
1214 0.37569
1215 0.37457
1216 1.00000
