17 1.21651
18 1.19087
19 1.16746
20 1.14598
21 1.12617
22 1.10783
23 1.09078
24 1.07488
25 1.06000
26 1.04604
27 1.03290
28 1.02051
29 1.00880
30 0.99770
31 0.98717
32 0.97715
33 0.96761
34 0.95850
35 0.94980
36 0.94147
37 0.93349
38 0.92584
39 0.91848
40 0.91141
41 0.90460
42 0.89803
43 0.89170
44 0.88559
45 0.87968
46 0.87396
47 0.86843
48 0.86307
49 0.85788
50 0.85284
51 0.84795
52 0.84320
53 0.83858
54 0.83408
55 0.82971
56 0.82546
57 0.82131
58 0.81727
59 0.81333
60 0.80948
61 0.80573
62 0.80207
63 0.79849
64 0.79499
65 0.79157
66 0.78823
67 0.78495
68 0.78175
69 0.77862
70 0.77555
71 0.77254
72 0.76959
73 0.76670
74 0.76387
75 0.76109
76 0.75836
77 0.75568
78 0.75305
79 0.75047
80 0.74794
81 0.74545
82 0.74301
83 0.74060
84 0.73824
85 0.73592
86 0.73363
87 0.73138
88 0.72917
89 0.72700
90 0.72485
91 0.72275
92 0.72067
93 0.71862
94 0.71661
95 0.71463
96 0.71267
97 0.71075
98 0.70885
99 0.70698
100 0.70514
101 0.70332
102 0.70152
103 0.69976
104 0.69801
105 0.69629
106 0.69459
107 0.69292
108 0.69126
109 0.68963
110 0.68802
111 0.68643
112 0.68486
113 0.68331
114 0.68178
115 0.68027
116 0.67878
117 0.67730
118 0.67584
119 0.67440
120 0.67298
121 0.67157
122 0.67018
123 0.66881
124 0.66745
125 0.66611
126 0.66479
127 0.66347
128 0.66218
129 0.66090
130 0.65963
131 0.65837
132 0.65713
133 0.65591
134 0.65469
135 0.65349
136 0.65230
137 0.65113
138 0.64997
139 0.64882
140 0.64768
141 0.64655
142 0.64544
143 0.64433
144 0.64324
145 0.64216
146 0.64109
147 0.64003
148 0.63898
149 0.63795
150 0.63692
151 0.63590
152 0.63489
153 0.63390
154 0.63291
155 0.63193
156 0.63096
157 0.63000
158 0.62905
159 0.62811
160 0.62718
161 0.62626
162 0.62534
163 0.62444
164 0.62354
165 0.62265
166 0.62177
167 0.62090
168 0.62003
169 0.61918
170 0.61833
171 0.61749
172 0.61666
173 0.61583
174 0.61501
175 0.61420
176 0.61340
177 0.61260
178 0.61182
179 0.61104
180 0.61026
181 0.60949
182 0.60873
183 0.60798
184 0.60723
185 0.60649
186 0.60576
187 0.60503
188 0.60431
189 0.60360
190 0.60289
191 0.60219
192 0.60149
193 0.60081
194 0.60012
195 0.59945
196 0.59877
197 0.59811
198 0.59745
199 0.59680
200 0.59615
201 0.59551
202 0.59487
203 0.59424
204 0.59361
205 0.59299
206 0.59238
207 0.59177
208 0.59116
209 0.59057
210 0.58997
211 0.58938
212 0.58880
213 0.58822
214 0.58765
215 0.58708
216 0.58652
217 0.58596
218 0.58541
219 0.58486
220 0.58432
221 0.58378
222 0.58324
223 0.58271
224 0.58219
225 0.58167
226 0.58115
227 0.58064
228 0.58014
229 0.57963
230 0.57914
231 0.57864
232 0.57816
233 0.57767
234 0.57719
235 0.57672
236 0.57624
237 0.57578
238 0.57531
239 0.57485
240 0.57440
241 0.57395
242 0.57350
243 0.57306
244 0.57262
245 0.57219
246 0.57176
247 0.57133
248 0.57091
249 0.57049
250 0.57008
251 0.56966
252 0.56926
253 0.56885
254 0.56846
255 0.56806
256 0.56767
257 0.56728
258 0.56690
259 0.56651
260 0.56614
261 0.56576
262 0.56539
263 0.56503
264 0.56466
265 0.56431
266 0.56395
267 0.56360
268 0.56325
269 0.56290
270 0.56256
271 0.56222
272 0.56189
273 0.56156
274 0.56123
275 0.56091
276 0.56058
277 0.56027
278 0.55995
279 0.55964
280 0.55933
281 0.55903
282 0.55873
283 0.55843
284 0.55813
285 0.55784
286 0.55755
287 0.55727
288 0.55698
289 0.55671
290 0.55643
291 0.55616
292 0.55589
293 0.55562
294 0.55536
295 0.55510
296 0.55484
297 0.55458
298 0.55433
299 0.55408
300 0.55384
301 0.55360
302 0.55336
303 0.55312
304 0.55289
305 0.55266
306 0.55243
307 0.55220
308 0.55198
309 0.55176
310 0.55155
311 0.55133
312 0.55112
313 0.55092
314 0.55071
315 0.55051
316 0.55031
317 0.55012
318 0.54992
319 0.54973
320 0.54955
321 0.54936
322 0.54918
323 0.54900
324 0.54882
325 0.54865
326 0.54848
327 0.54831
328 0.54814
329 0.54798
330 0.54782
331 0.54766
332 0.54751
333 0.54736
334 0.54721
335 0.54706
336 0.54692
337 0.54677
338 0.54664
339 0.54650
340 0.54637
341 0.54624
342 0.54611
343 0.54598
344 0.54586
345 0.54574
346 0.54562
347 0.54550
348 0.54539
349 0.54528
350 0.54517
351 0.54507
352 0.54497
353 0.54487
354 0.54477
355 0.54467
356 0.54458
357 0.54449
358 0.54440
359 0.54432
360 0.54424
361 0.54416
362 0.54408
363 0.54401
364 0.54393
365 0.54386
366 0.54380
367 0.54373
368 0.54367
369 0.54361
370 0.54355
371 0.54350
372 0.54344
373 0.54339
374 0.54334
375 0.54330
376 0.54326
377 0.54322
378 0.54318
379 0.54314
380 0.54311
381 0.54308
382 0.54305
383 0.54302
384 0.54300
385 0.54298
386 0.54296
387 0.54294
388 0.54293
389 0.54292
390 0.54291
391 0.54290
392 0.54290
393 0.54289
394 0.54289
395 0.54290
396 0.54290
397 0.54291
398 0.54292
399 0.54293
400 0.54294
401 0.54296
402 0.54298
403 0.54300
404 0.54303
405 0.54305
406 0.54308
407 0.54311
408 0.54314
409 0.54318
410 0.54322
411 0.54326
412 0.54330
413 0.54334
414 0.54339
415 0.54344
416 0.54349
417 0.54354
418 0.54360
419 0.54366
420 0.54372
421 0.54378
422 0.54385
423 0.54392
424 0.54399
425 0.54406
426 0.54413
427 0.54421
428 0.54429
429 0.54437
430 0.54445
431 0.54454
432 0.54463
433 0.54472
434 0.54481
435 0.54491
436 0.54500
437 0.54510
438 0.54521
439 0.54531
440 0.54542
441 0.54553
442 0.54564
443 0.54575
444 0.54587
445 0.54598
446 0.54610
447 0.54623
448 0.54635
449 0.54648
450 0.54661
451 0.54674
452 0.54687
453 0.54701
454 0.54715
455 0.54729
456 0.54743
457 0.54758
458 0.54773
459 0.54788
460 0.54803
461 0.54818
462 0.54834
463 0.54850
464 0.54866
465 0.54882
466 0.54899
467 0.54916
468 0.54933
469 0.54950
470 0.54968
471 0.54985
472 0.55003
473 0.55021
474 0.55040
475 0.55058
476 0.55077
477 0.55096
478 0.55116
479 0.55135
480 0.55155
481 0.55175
482 0.55195
483 0.55216
484 0.55237
485 0.55258
486 0.55279
487 0.55300
488 0.55322
489 0.55344
490 0.55366
491 0.55388
492 0.55411
493 0.55433
494 0.55456
495 0.55480
496 0.55503
497 0.55527
498 0.55551
499 0.55575
500 0.55599
501 0.55624
502 0.55649
503 0.55674
504 0.55699
505 0.55725
506 0.55751
507 0.55777
508 0.55803
509 0.55830
510 0.55856
511 0.55883
512 0.55910
513 0.55938
514 0.55966
515 0.55993
516 0.56022
517 0.56050
518 0.56079
519 0.56107
520 0.56137
521 0.56166
522 0.56195
523 0.56225
524 0.56255
525 0.56286
526 0.56316
527 0.56347
528 0.56378
529 0.56409
530 0.56441
531 0.56472
532 0.56504
533 0.56536
534 0.56569
535 0.56602
536 0.56634
537 0.56668
538 0.56701
539 0.56735
540 0.56769
541 0.56803
542 0.56837
543 0.56872
544 0.56906
545 0.56942
546 0.56977
547 0.57013
548 0.57048
549 0.57084
550 0.57121
551 0.57157
552 0.57194
553 0.57231
554 0.57268
555 0.57306
556 0.57344
557 0.57382
558 0.57420
559 0.57459
560 0.57498
561 0.57537
562 0.57576
563 0.57615
564 0.57655
565 0.57695
566 0.57736
567 0.57776
568 0.57817
569 0.57858
570 0.57899
571 0.57941
572 0.57983
573 0.58025
574 0.58067
575 0.58110
576 0.58153
577 0.58196
578 0.58239
579 0.58283
580 0.58327
581 0.58371
582 0.58415
583 0.58460
584 0.58505
585 0.58550
586 0.58595
587 0.58641
588 0.58687
589 0.58733
590 0.58780
591 0.58826
592 0.58873
593 0.58921
594 0.58968
595 0.59016
596 0.59064
597 0.59112
598 0.59161
599 0.59210
600 0.59259
601 0.59308
602 0.59358
603 0.59408
604 0.59458
605 0.59509
606 0.59559
607 0.59611
608 0.59662
609 0.59713
610 0.59765
611 0.59817
612 0.59870
613 0.59922
614 0.59975
615 0.60029
616 0.60082
617 0.60136
618 0.60190
619 0.60244
620 0.60299
621 0.60354
622 0.60409
623 0.60465
624 0.60520
625 0.60576
626 0.60633
627 0.60689
628 0.60746
629 0.60803
630 0.60861
631 0.60919
632 0.60977
633 0.61035
634 0.61094
635 0.61152
636 0.61212
637 0.61271
638 0.61331
639 0.61391
640 0.61451
641 0.61512
642 0.61573
643 0.61634
644 0.61696
645 0.61758
646 0.61820
647 0.61882
648 0.61945
649 0.62008
650 0.62071
651 0.62135
652 0.62199
653 0.62263
654 0.62328
655 0.62392
656 0.62458
657 0.62523
658 0.62589
659 0.62655
660 0.62721
661 0.62788
662 0.62855
663 0.62922
664 0.62990
665 0.63058
666 0.63126
667 0.63195
668 0.63263
669 0.63333
670 0.63402
671 0.63472
672 0.63542
673 0.63613
674 0.63683
675 0.63755
676 0.63826
677 0.63898
678 0.63970
679 0.64042
680 0.64115
681 0.64188
682 0.64261
683 0.64335
684 0.64409
685 0.64483
686 0.64558
687 0.64633
688 0.64708
689 0.64784
690 0.64860
691 0.64937
692 0.65013
693 0.65090
694 0.65168
695 0.65245
696 0.65323
697 0.65402
698 0.65480
699 0.65560
700 0.65639
701 0.65719
702 0.65799
703 0.65879
704 0.65960
705 0.66041
706 0.66123
707 0.66205
708 0.66287
709 0.66369
710 0.66452
711 0.66536
712 0.66619
713 0.66703
714 0.66788
715 0.66872
716 0.66957
717 0.67043
718 0.67128
719 0.67215
720 0.67301
721 0.67388
722 0.67475
723 0.67563
724 0.67651
725 0.67739
726 0.67828
727 0.67917
728 0.68007
729 0.68096
730 0.68187
731 0.68277
732 0.68368
733 0.68460
734 0.68551
735 0.68643
736 0.68736
737 0.68829
738 0.68922
739 0.69016
740 0.69110
741 0.69204
742 0.69299
743 0.69394
744 0.69490
745 0.69586
746 0.69682
747 0.69779
748 0.69876
749 0.69974
750 0.70072
751 0.70170
752 0.70269
753 0.70368
754 0.70468
755 0.70568
756 0.70668
757 0.70769
758 0.70870
759 0.70972
760 0.71074
761 0.71177
762 0.71280
763 0.71383
764 0.71487
765 0.71591
766 0.71695
767 0.71800
768 0.71906
769 0.72012
770 0.72118
771 0.72225
772 0.72332
773 0.72439
774 0.72548
775 0.72656
776 0.72765
777 0.72874
778 0.72984
779 0.73094
780 0.73205
781 0.73316
782 0.73427
783 0.73539
784 0.73652
785 0.73765
786 0.73878
787 0.73992
788 0.74106
789 0.74221
790 0.74336
791 0.74451
792 0.74568
793 0.74684
794 0.74801
795 0.74919
796 0.75036
797 0.75155
798 0.75274
799 0.75393
800 0.75513
801 0.75633
802 0.75754
803 0.75875
804 0.75997
805 0.76119
806 0.76242
807 0.76365
808 0.76489
809 0.76613
810 0.76737
811 0.76862
812 0.76988
813 0.77114
814 0.77241
815 0.77368
816 0.77496
817 0.77624
818 0.77752
819 0.77881
820 0.78011
821 0.78141
822 0.78272
823 0.78403
824 0.78535
825 0.78667
826 0.78800
827 0.78933
828 0.79067
829 0.79201
830 0.79336
831 0.79471
832 0.79607
833 0.79743
834 0.79880
835 0.80018
836 0.80156
837 0.80294
838 0.80433
839 0.80573
840 0.80713
841 0.80854
842 0.80995
843 0.81137
844 0.81280
845 0.81422
846 0.81566
847 0.81710
848 0.81855
849 0.82000
850 0.82146
851 0.82292
852 0.82439
853 0.82586
854 0.82734
855 0.82883
856 0.83032
857 0.83182
858 0.83332
859 0.83483
860 0.83635
861 0.83787
862 0.83940
863 0.84093
864 0.84247
865 0.84401
866 0.84557
867 0.84712
868 0.84869
869 0.85026
870 0.85183
871 0.85341
872 0.85500
873 0.85659
874 0.85819
875 0.85980
876 0.86141
877 0.86303
878 0.86466
879 0.86629
880 0.86793
881 0.86957
882 0.87122
883 0.87288
884 0.87454
885 0.87621
886 0.87789
887 0.87957
888 0.88126
889 0.88296
890 0.88466
891 0.88637
892 0.88808
893 0.88981
894 0.89153
895 0.89327
896 0.89501
897 0.89676
898 0.89852
899 0.90028
900 0.90205
901 0.90383
902 0.90561
903 0.90740
904 0.90920
905 0.91100
906 0.91282
907 0.91463
908 0.91646
909 0.91829
910 0.92013
911 0.92198
912 0.92019
913 0.92686
914 0.93111
915 0.93394
916 0.93551
917 0.93633
918 0.93722
919 0.93819
920 0.93926
921 0.94048
922 0.94040
923 0.94032
924 0.94172
925 0.94165
926 0.94157
927 0.94324
928 0.94317
929 0.94309
930 0.94302
931 0.94509
932 0.94502
933 0.94495
934 0.94487
935 0.94480
936 0.94473
937 0.94466
938 0.94737
939 0.94730
940 0.94723
941 0.94716
942 0.94709
943 0.94703
944 0.94696
945 0.94689
946 0.94682
947 0.94676
948 0.94669
949 0.94662
950 0.95045
951 0.95039
952 0.95032
953 0.95026
954 0.95020
955 0.95014
956 0.95007
957 0.95001
958 0.94995
959 0.94989
960 0.94982
961 0.94976
962 0.94970
963 0.94963
964 0.94957
965 0.94951
966 0.94945
967 0.94938
968 0.94932
969 0.94926
970 0.94920
971 0.94913
972 0.94907
973 0.95519
974 0.95514
975 0.95508
976 0.95503
977 0.95497
978 0.95492
979 0.95486
980 0.95481
981 0.95475
982 0.95470
983 0.95464
984 0.95459
985 0.95453
986 0.95448
987 0.95442
988 0.95437
989 0.95431
990 0.95426
991 0.95420
992 0.95415
993 0.95409
994 0.95404
995 0.95398
996 0.95393
997 0.95387
998 0.95382
999 0.95376
1000 0.95371
1001 0.95365
1002 0.95360
1003 0.95354
1004 0.95349
1005 0.95343
1006 0.95338
1007 0.95332
1008 0.95326
1009 0.95321
1010 0.95315
1011 0.95310
1012 0.95304
1013 0.95299
1014 0.95293
1015 0.95288
1016 0.95282
1017 0.95277
1018 0.95271
1019 0.95266
1020 0.95260
1021 0.95255
1022 0.95249
1023 0.95243
1024 0.95238
1025 0.95232
1026 0.96457
1027 0.96453
1028 0.96449
1029 0.96445
1030 0.96441
1031 0.96437
1032 0.96433
1033 0.96428
1034 0.96424
1035 0.96420
1036 0.96416
1037 0.96412
1038 0.96408
1039 0.96404
1040 0.96400
1041 0.96395
1042 0.96391
1043 0.96387
1044 0.96383
1045 0.96379
1046 0.96375
1047 0.96371
1048 0.96367
1049 0.96362
1050 0.96358
1051 0.96354
1052 0.96350
1053 0.96346
1054 0.96342
1055 0.96338
1056 0.96334
1057 0.96329
1058 0.96325
1059 0.96321
1060 0.96317
1061 0.96313
1062 0.96309
1063 0.96305
1064 0.96300
1065 0.96296
1066 0.96292
1067 0.96288
1068 0.96284
1069 0.96280
1070 0.96276
1071 0.96271
1072 0.96267
1073 0.96263
1074 0.96259
1075 0.96255
1076 0.96251
1077 0.96247
1078 0.96242
1079 0.96238
1080 0.96234
1081 0.96230
1082 0.96226
1083 0.96222
1084 0.96218
1085 0.96213
1086 0.96209
1087 0.96205
1088 0.96201
1089 0.96197
1090 0.96193
1091 0.96188
1092 0.96184
1093 0.96180
1094 0.96176
1095 0.96172
1096 0.96168
1097 0.96164
1098 0.96159
1099 0.96155
1100 0.96151
1101 0.96147
1102 0.96143
1103 0.96139
1104 0.96134
1105 0.96130
1106 0.96126
1107 0.96122
1108 0.96118
1109 0.96114
1110 0.96109
1111 0.96105
1112 0.96101
1113 0.96097
1114 0.96093
1115 0.96089
1116 0.96084
1117 0.96080
1118 0.96076
1119 0.96072
1120 0.96068
1121 0.96064
1122 0.96059
1123 0.96055
1124 0.96051
1125 0.96047
1126 0.96043
1127 0.96038
1128 0.96034
1129 0.96030
1130 0.96026
1131 0.96022
1132 0.96018
1133 0.96013
1134 0.96009
1135 0.96005
1136 0.96001
1137 0.95997
1138 0.95992
1139 0.95988
1140 0.95984
1141 0.95980
1142 0.95976
1143 0.95972
1144 0.95967
1145 0.95963
1146 0.95959
1147 0.95955
1148 0.95951
1149 0.95946
1150 0.95942
1151 0.95938
1152 0.95934
1153 0.95930
1154 0.95925
1155 0.95921
1156 0.95917
1157 0.95913
1158 0.95909
1159 0.95904
1160 0.95900
1161 0.95896
1162 0.95892
1163 0.95888
1164 0.95883
1165 0.95879
1166 0.95875
1167 0.95871
1168 0.95867
1169 0.95862
1170 0.95858
1171 0.95854
1172 0.95850
1173 0.95846
1174 0.95841
1175 0.95837
1176 0.95833
1177 0.95829
1178 0.95824
1179 0.95820
1180 0.95816
1181 0.95812
1182 0.95808
1183 0.95803
1184 0.95799
1185 0.95795
1186 0.95791
1187 0.95787
1188 0.95782
1189 0.95778
1190 0.95774
1191 0.95770
1192 0.95765
1193 0.95761
1194 0.95757
1195 0.95753
1196 0.95749
1197 0.95744
1198 0.95740
1199 0.95736
1200 0.95732
1201 0.95727
1202 0.95723
1203 0.95719
1204 0.95715
1205 0.95711
1206 0.95706
1207 0.95702
1208 0.95698
1209 0.95694
1210 0.95689
1211 0.95685
1212 0.95681
1213 0.95677
1214 0.95673
1215 0.95668
1216 1.00000
