17 9.09724
18 7.40085
19 6.10719
20 5.10345
21 4.31260
22 3.68087
23 3.16999
24 2.75221
25 2.40709
26 2.11935
27 1.87743
28 1.67245
29 1.49753
30 1.34728
31 1.21744
32 1.10459
33 1.00599
34 0.91943
35 0.84308
36 0.77545
37 0.71530
38 0.66160
39 0.61349
40 0.57024
41 0.53124
42 0.49596
43 0.46396
44 0.43485
45 0.40831
46 0.38404
47 0.36181
48 0.34140
49 0.32261
50 0.30529
51 0.28929
52 0.27448
53 0.26075
54 0.24800
55 0.23613
56 0.22508
57 0.21477
58 0.20513
59 0.19611
60 0.18766
61 0.17973
62 0.17229
63 0.16529
64 0.15869
65 0.15248
66 0.14661
67 0.14108
68 0.13584
69 0.13088
70 0.12619
71 0.12174
72 0.11751
73 0.11350
74 0.10968
75 0.10605
76 0.10260
77 0.09931
78 0.09617
79 0.09317
80 0.09031
81 0.08758
82 0.08497
83 0.08247
84 0.08007
85 0.07778
86 0.07558
87 0.07348
88 0.07145
89 0.06951
90 0.06765
91 0.06585
92 0.06413
93 0.06247
94 0.06087
95 0.05934
96 0.05786
97 0.05643
98 0.05505
99 0.05372
100 0.05244
101 0.05121
102 0.05001
103 0.04885
104 0.04774
105 0.04666
106 0.04561
107 0.04460
108 0.04362
109 0.04268
110 0.04176
111 0.04087
112 0.04001
113 0.03917
114 0.03836
115 0.03757
116 0.03681
117 0.03607
118 0.03535
119 0.03465
120 0.03397
121 0.03331
122 0.03267
123 0.03204
124 0.03143
125 0.03084
126 0.03027
127 0.02971
128 0.02916
129 0.02863
130 0.02811
131 0.02761
132 0.02712
133 0.02664
134 0.02617
135 0.02572
136 0.02527
137 0.02484
138 0.02441
139 0.02400
140 0.02360
141 0.02320
142 0.02282
143 0.02245
144 0.02208
145 0.02172
146 0.02137
147 0.02103
148 0.02069
149 0.02037
150 0.02005
151 0.01973
152 0.01943
153 0.01913
154 0.01883
155 0.01855
156 0.01826
157 0.01799
158 0.01772
159 0.01746
160 0.01720
161 0.01694
162 0.01670
163 0.01645
164 0.01622
165 0.01598
166 0.01575
167 0.01553
168 0.01531
169 0.01509
170 0.01488
171 0.01467
172 0.01447
173 0.01427
174 0.01407
175 0.01388
176 0.01369
177 0.01351
178 0.01332
179 0.01314
180 0.01297
181 0.01280
182 0.01263
183 0.01246
184 0.01230
185 0.01214
186 0.01198
187 0.01182
188 0.01167
189 0.01152
190 0.01137
191 0.01123
192 0.01109
193 0.01095
194 0.01081
195 0.01067
196 0.01054
197 0.01041
198 0.01028
199 0.01015
200 0.01003
201 0.00991
202 0.00979
203 0.00967
204 0.00955
205 0.00943
206 0.00932
207 0.00921
208 0.00910
209 0.00899
210 0.00889
211 0.00878
212 0.00868
213 0.00858
214 0.00848
215 0.00838
216 0.00828
217 0.00818
218 0.00809
219 0.00800
220 0.00790
221 0.00781
222 0.00773
223 0.00764
224 0.00755
225 0.00747
226 0.00738
227 0.00730
228 0.00722
229 0.00714
230 0.00706
231 0.00698
232 0.00690
233 0.00683
234 0.00675
235 0.00668
236 0.00660
237 0.00653
238 0.00646
239 0.00639
240 0.00632
241 0.00625
242 0.00619
243 0.00612
244 0.00605
245 0.00599
246 0.00592
247 0.00586
248 0.00580
249 0.00574
250 0.00568
251 0.00562
252 0.00556
253 0.00550
254 0.00544
255 0.00539
256 0.00533
257 0.00527
258 0.00522
259 0.00517
260 0.00511
261 0.00506
262 0.00501
263 0.00496
264 0.00491
265 0.00485
266 0.00481
267 0.00476
268 0.00471
269 0.00466
270 0.00461
271 0.00457
272 0.00452
273 0.00447
274 0.00443
275 0.00439
276 0.00434
277 0.00430
278 0.00426
279 0.00421
280 0.00417
281 0.00413
282 0.00409
283 0.00405
284 0.00401
285 0.00397
286 0.00393
287 0.00389
288 0.00385
289 0.00381
290 0.00378
291 0.00374
292 0.00370
293 0.00367
294 0.00363
295 0.00360
296 0.00356
297 0.00353
298 0.00349
299 0.00346
300 0.00343
301 0.00339
302 0.00336
303 0.00333
304 0.00330
305 0.00326
306 0.00323
307 0.00320
308 0.00317
309 0.00314
310 0.00311
311 0.00308
312 0.00305
313 0.00302
314 0.00300
315 0.00297
316 0.00294
317 0.00291
318 0.00288
319 0.00286
320 0.00283
321 0.00280
322 0.00278
323 0.00275
324 0.00272
325 0.00270
326 0.00267
327 0.00265
328 0.00262
329 0.00260
330 0.00258
331 0.00255
332 0.00253
333 0.00250
334 0.00248
335 0.00246
336 0.00243
337 0.00241
338 0.00239
339 0.00237
340 0.00235
341 0.00232
342 0.00230
343 0.00228
344 0.00226
345 0.00224
346 0.00222
347 0.00220
348 0.00218
349 0.00216
350 0.00214
351 0.00212
352 0.00211
353 0.00209
354 0.00207
355 0.00205
356 0.00203
357 0.00201
358 0.00199
359 0.00198
360 0.00196
361 0.00194
362 0.00192
363 0.00191
364 0.00189
365 0.00187
366 0.00186
367 0.00184
368 0.00182
369 0.00181
370 0.00179
371 0.00178
372 0.00176
373 0.00175
374 0.00173
375 0.00172
376 0.00170
377 0.00169
378 0.00167
379 0.00166
380 0.00164
381 0.00163
382 0.00161
383 0.00160
384 0.00159
385 0.00157
386 0.00156
387 0.00155
388 0.00154
389 0.00152
390 0.00151
391 0.00150
392 0.00148
393 0.00147
394 0.00146
395 0.00145
396 0.00144
397 0.00142
398 0.00141
399 0.00140
400 0.00139
401 0.00138
402 0.00137
403 0.00136
404 0.00135
405 0.00133
406 0.00132
407 0.00131
408 0.00130
409 0.00129
410 0.00128
411 0.00127
412 0.00126
413 0.00125
414 0.00124
415 0.00123
416 0.00122
417 0.00121
418 0.00121
419 0.00120
420 0.00119
421 0.00118
422 0.00117
423 0.00116
424 0.00115
425 0.00114
426 0.00113
427 0.00113
428 0.00112
429 0.00111
430 0.00110
431 0.00109
432 0.00109
433 0.00108
434 0.00107
435 0.00106
436 0.00106
437 0.00105
438 0.00104
439 0.00103
440 0.00103
441 0.00102
442 0.00101
443 0.00100
444 0.00100
445 0.00099
446 0.00098
447 0.00098
448 0.00097
449 0.00096
450 0.00096
451 0.00095
452 0.00095
453 0.00094
454 0.00093
455 0.00093
456 0.00092
457 0.00092
458 0.00091
459 0.00090
460 0.00090
461 0.00089
462 0.00089
463 0.00088
464 0.00088
465 0.00087
466 0.00086
467 0.00086
468 0.00085
469 0.00085
470 0.00084
471 0.00084
472 0.00083
473 0.00083
474 0.00082
475 0.00082
476 0.00081
477 0.00081
478 0.00080
479 0.00080
480 0.00079
481 0.00079
482 0.00078
483 0.00078
484 0.00077
485 0.00077
486 0.00076
487 0.00076
488 0.00076
489 0.00075
490 0.00075
491 0.00074
492 0.00074
493 0.00074
494 0.00073
495 0.00073
496 0.00072
497 0.00072
498 0.00072
499 0.00071
500 0.00071
501 0.00071
502 0.00070
503 0.00070
504 0.00070
505 0.00069
506 0.00069
507 0.00069
508 0.00068
509 0.00068
510 0.00068
511 0.00068
512 0.00067
513 0.00067
514 0.00067
515 0.00066
516 0.00066
517 0.00066
518 0.00066
519 0.00065
520 0.00065
521 0.00065
522 0.00065
523 0.00064
524 0.00064
525 0.00064
526 0.00064
527 0.00063
528 0.00063
529 0.00063
530 0.00063
531 0.00063
532 0.00062
533 0.00062
534 0.00062
535 0.00062
536 0.00062
537 0.00061
538 0.00061
539 0.00061
540 0.00061
541 0.00061
542 0.00061
543 0.00061
544 0.00060
545 0.00060
546 0.00060
547 0.00060
548 0.00060
549 0.00060
550 0.00060
551 0.00059
552 0.00059
553 0.00059
554 0.00059
555 0.00059
556 0.00059
557 0.00059
558 0.00059
559 0.00059
560 0.00059
561 0.00058
562 0.00058
563 0.00058
564 0.00058
565 0.00058
566 0.00058
567 0.00058
568 0.00058
569 0.00058
570 0.00058
571 0.00058
572 0.00058
573 0.00058
574 0.00058
575 0.00058
576 0.00058
577 0.00058
578 0.00058
579 0.00058
580 0.00058
581 0.00058
582 0.00058
583 0.00058
584 0.00058
585 0.00058
586 0.00058
587 0.00058
588 0.00058
589 0.00058
590 0.00058
591 0.00058
592 0.00058
593 0.00058
594 0.00058
595 0.00058
596 0.00058
597 0.00058
598 0.00058
599 0.00058
600 0.00058
601 0.00058
602 0.00059
603 0.00059
604 0.00059
605 0.00059
606 0.00059
607 0.00059
608 0.00059
609 0.00059
610 0.00059
611 0.00060
612 0.00060
613 0.00060
614 0.00060
615 0.00060
616 0.00060
617 0.00061
618 0.00061
619 0.00061
620 0.00061
621 0.00061
622 0.00061
623 0.00062
624 0.00062
625 0.00062
626 0.00062
627 0.00062
628 0.00063
629 0.00063
630 0.00063
631 0.00063
632 0.00064
633 0.00064
634 0.00064
635 0.00064
636 0.00065
637 0.00065
638 0.00065
639 0.00066
640 0.00066
641 0.00066
642 0.00067
643 0.00067
644 0.00067
645 0.00068
646 0.00068
647 0.00068
648 0.00069
649 0.00069
650 0.00069
651 0.00070
652 0.00070
653 0.00071
654 0.00071
655 0.00071
656 0.00072
657 0.00072
658 0.00073
659 0.00073
660 0.00074
661 0.00074
662 0.00075
663 0.00075
664 0.00076
665 0.00076
666 0.00077
667 0.00077
668 0.00078
669 0.00078
670 0.00079
671 0.00080
672 0.00080
673 0.00081
674 0.00081
675 0.00082
676 0.00083
677 0.00083
678 0.00084
679 0.00085
680 0.00086
681 0.00086
682 0.00087
683 0.00088
684 0.00089
685 0.00089
686 0.00090
687 0.00091
688 0.00092
689 0.00093
690 0.00094
691 0.00094
692 0.00095
693 0.00096
694 0.00097
695 0.00098
696 0.00099
697 0.00100
698 0.00101
699 0.00102
700 0.00103
701 0.00104
702 0.00106
703 0.00107
704 0.00108
705 0.00109
706 0.00110
707 0.00112
708 0.00113
709 0.00114
710 0.00115
711 0.00117
712 0.00118
713 0.00120
714 0.00121
715 0.00122
716 0.00124
717 0.00125
718 0.00127
719 0.00129
720 0.00130
721 0.00132
722 0.00134
723 0.00135
724 0.00137
725 0.00139
726 0.00141
727 0.00143
728 0.00145
729 0.00147
730 0.00149
731 0.00151
732 0.00153
733 0.00155
734 0.00157
735 0.00160
736 0.00162
737 0.00164
738 0.00167
739 0.00169
740 0.00172
741 0.00174
742 0.00177
743 0.00180
744 0.00183
745 0.00185
746 0.00188
747 0.00191
748 0.00194
749 0.00198
750 0.00201
751 0.00204
752 0.00207
753 0.00211
754 0.00214
755 0.00218
756 0.00222
757 0.00226
758 0.00230
759 0.00233
760 0.00238
761 0.00242
762 0.00246
763 0.00251
764 0.00255
765 0.00260
766 0.00264
767 0.00269
768 0.00274
769 0.00279
770 0.00285
771 0.00290
772 0.00296
773 0.00301
774 0.00307
775 0.00313
776 0.00319
777 0.00326
778 0.00332
779 0.00339
780 0.00346
781 0.00353
782 0.00360
783 0.00367
784 0.00375
785 0.00383
786 0.00391
787 0.00399
788 0.00407
789 0.00416
790 0.00425
791 0.00434
792 0.00444
793 0.00453
794 0.00463
795 0.00474
796 0.00484
797 0.00495
798 0.00506
799 0.00518
800 0.00530
801 0.00542
802 0.00555
803 0.00568
804 0.00581
805 0.00595
806 0.00609
807 0.00623
808 0.00638
809 0.00654
810 0.00670
811 0.00686
812 0.00703
813 0.00721
814 0.00739
815 0.00757
816 0.00776
817 0.00796
818 0.00816
819 0.00837
820 0.00859
821 0.00881
822 0.00904
823 0.00928
824 0.00953
825 0.00978
826 0.01004
827 0.01031
828 0.01059
829 0.01088
830 0.01118
831 0.01149
832 0.01180
833 0.01213
834 0.01247
835 0.01282
836 0.01319
837 0.01356
838 0.01395
839 0.01435
840 0.01477
841 0.01520
842 0.01564
843 0.01610
844 0.01658
845 0.01707
846 0.01758
847 0.01811
848 0.01866
849 0.01922
850 0.01981
851 0.02042
852 0.02105
853 0.02170
854 0.02238
855 0.02308
856 0.02381
857 0.02456
858 0.02534
859 0.02615
860 0.02699
861 0.02787
862 0.02877
863 0.02971
864 0.03069
865 0.03170
866 0.03275
867 0.03384
868 0.03498
869 0.03616
870 0.03738
871 0.03865
872 0.03997
873 0.04135
874 0.04278
875 0.04426
876 0.04580
877 0.04741
878 0.04908
879 0.05082
880 0.05262
881 0.05450
882 0.05646
883 0.05850
884 0.06062
885 0.06283
886 0.06513
887 0.06753
888 0.07002
889 0.07262
890 0.07534
891 0.07816
892 0.08111
893 0.08418
894 0.08738
895 0.09072
896 0.09420
897 0.09390
898 0.09752
899 0.10131
900 0.10526
901 0.10939
902 0.11370
903 0.11820
904 0.12291
905 0.12783
906 0.13297
907 0.13836
908 0.14399
909 0.14988
910 0.15605
911 0.16250
912 0.16763
913 0.18692
914 0.20157
915 0.21284
916 0.21956
917 0.22290
918 0.22685
919 0.23160
920 0.23740
921 0.24461
922 0.24316
923 0.24170
924 0.25086
925 0.24940
926 0.24794
927 0.26000
928 0.25855
929 0.25710
930 0.25565
931 0.27223
932 0.27078
933 0.26935
934 0.26788
935 0.26639
936 0.26491
937 0.26342
938 0.28746
939 0.28599
940 0.28452
941 0.28306
942 0.28159
943 0.28013
944 0.27868
945 0.27723
946 0.27578
947 0.27433
948 0.27289
949 0.27145
950 0.30943
951 0.30802
952 0.30662
953 0.30521
954 0.30381
955 0.30242
956 0.30101
957 0.29950
958 0.29800
959 0.29651
960 0.29501
961 0.29352
962 0.29203
963 0.29054
964 0.28906
965 0.28758
966 0.28610
967 0.28462
968 0.28315
969 0.28168
970 0.28021
971 0.27875
972 0.27729
973 0.34549
974 0.34410
975 0.34271
976 0.34132
977 0.33994
978 0.33855
979 0.33717
980 0.33579
981 0.33441
982 0.33303
983 0.33166
984 0.33028
985 0.32891
986 0.32754
987 0.32618
988 0.32481
989 0.32345
990 0.32208
991 0.32073
992 0.31937
993 0.31801
994 0.31666
995 0.31531
996 0.31396
997 0.31261
998 0.31127
999 0.30993
1000 0.30859
1001 0.30725
1002 0.30591
1003 0.30458
1004 0.30325
1005 0.30192
1006 0.30059
1007 0.29927
1008 0.29794
1009 0.29644
1010 0.29490
1011 0.29337
1012 0.29184
1013 0.29032
1014 0.28879
1015 0.28727
1016 0.28575
1017 0.28424
1018 0.28272
1019 0.28122
1020 0.27971
1021 0.27820
1022 0.27670
1023 0.27521
1024 0.27371
1025 0.27222
1026 0.42929
1027 0.42798
1028 0.42668
1029 0.42537
1030 0.42407
1031 0.42276
1032 0.42146
1033 0.42015
1034 0.41885
1035 0.41755
1036 0.41625
1037 0.41495
1038 0.41365
1039 0.41235
1040 0.41105
1041 0.40975
1042 0.40845
1043 0.40716
1044 0.40586
1045 0.40457
1046 0.40327
1047 0.40198
1048 0.40069
1049 0.39939
1050 0.39810
1051 0.39681
1052 0.39553
1053 0.39424
1054 0.39295
1055 0.39166
1056 0.39038
1057 0.38909
1058 0.38781
1059 0.38653
1060 0.38525
1061 0.38397
1062 0.38269
1063 0.38141
1064 0.38013
1065 0.37886
1066 0.37758
1067 0.37631
1068 0.37503
1069 0.37376
1070 0.37249
1071 0.37122
1072 0.36995
1073 0.36868
1074 0.36742
1075 0.36615
1076 0.36489
1077 0.36363
1078 0.36237
1079 0.36110
1080 0.35985
1081 0.35859
1082 0.35733
1083 0.35608
1084 0.35482
1085 0.35357
1086 0.35232
1087 0.35107
1088 0.34982
1089 0.34857
1090 0.34733
1091 0.34608
1092 0.34484
1093 0.34360
1094 0.34236
1095 0.34112
1096 0.33988
1097 0.33865
1098 0.33741
1099 0.33618
1100 0.33495
1101 0.33372
1102 0.33249
1103 0.33126
1104 0.33004
1105 0.32881
1106 0.32759
1107 0.32637
1108 0.32515
1109 0.32394
1110 0.32272
1111 0.32151
1112 0.32029
1113 0.31908
1114 0.31787
1115 0.31666
1116 0.31546
1117 0.31425
1118 0.31305
1119 0.31185
1120 0.31065
1121 0.30946
1122 0.30826
1123 0.30707
1124 0.30587
1125 0.30468
1126 0.30349
1127 0.30231
1128 0.30112
1129 0.29994
1130 0.29876
1131 0.29758
1132 0.29640
1133 0.29523
1134 0.29405
1135 0.29288
1136 0.29171
1137 0.29054
1138 0.28938
1139 0.28821
1140 0.28705
1141 0.28589
1142 0.28473
1143 0.28358
1144 0.28242
1145 0.28127
1146 0.28012
1147 0.27897
1148 0.27782
1149 0.27668
1150 0.27554
1151 0.27440
1152 0.27326
1153 0.27212
1154 0.27099
1155 0.26986
1156 0.26873
1157 0.26760
1158 0.26647
1159 0.26535
1160 0.26423
1161 0.26311
1162 0.26199
1163 0.26088
1164 0.25977
1165 0.25865
1166 0.25755
1167 0.25644
1168 0.25534
1169 0.25423
1170 0.25314
1171 0.25204
1172 0.25094
1173 0.24985
1174 0.24876
1175 0.24767
1176 0.24659
1177 0.24550
1178 0.24442
1179 0.24334
1180 0.24226
1181 0.24119
1182 0.24012
1183 0.23905
1184 0.23798
1185 0.23692
1186 0.23585
1187 0.23479
1188 0.23374
1189 0.23268
1190 0.23163
1191 0.23058
1192 0.22953
1193 0.22848
1194 0.22744
1195 0.22632
1196 0.22477
1197 0.22324
1198 0.22171
1199 0.22018
1200 0.21866
1201 0.21714
1202 0.21563
1203 0.21413
1204 0.21262
1205 0.21113
1206 0.20964
1207 0.20815
1208 0.20667
1209 0.20519
1210 0.20372
1211 0.20225
1212 0.20079
1213 0.19934
1214 0.19788
1215 0.19644
1216 1.00000
