17 1.13921
18 1.12302
19 1.10813
20 1.09437
21 1.08160
22 1.06971
23 1.05860
24 1.04818
25 1.03838
26 1.02914
27 1.02040
28 1.01213
29 1.00427
30 0.99680
31 0.98968
32 0.98288
33 0.97638
34 0.97016
35 0.96419
36 0.95846
37 0.95295
38 0.94765
39 0.94254
40 0.93761
41 0.93285
42 0.92825
43 0.92381
44 0.91950
45 0.91533
46 0.91128
47 0.90735
48 0.90354
49 0.89984
50 0.89623
51 0.89273
52 0.88931
53 0.88599
54 0.88275
55 0.87959
56 0.87651
57 0.87350
58 0.87056
59 0.86768
60 0.86488
61 0.86213
62 0.85945
63 0.85682
64 0.85425
65 0.85172
66 0.84926
67 0.84684
68 0.84446
69 0.84214
70 0.83985
71 0.83761
72 0.83541
73 0.83326
74 0.83113
75 0.82905
76 0.82700
77 0.82499
78 0.82301
79 0.82107
80 0.81916
81 0.81727
82 0.81542
83 0.81360
84 0.81180
85 0.81003
86 0.80829
87 0.80658
88 0.80489
89 0.80323
90 0.80159
91 0.79997
92 0.79837
93 0.79680
94 0.79525
95 0.79372
96 0.79221
97 0.79073
98 0.78926
99 0.78781
100 0.78638
101 0.78497
102 0.78357
103 0.78220
104 0.78084
105 0.77949
106 0.77817
107 0.77686
108 0.77556
109 0.77428
110 0.77302
111 0.77177
112 0.77054
113 0.76931
114 0.76811
115 0.76692
116 0.76574
117 0.76457
118 0.76342
119 0.76227
120 0.76115
121 0.76003
122 0.75893
123 0.75783
124 0.75675
125 0.75568
126 0.75462
127 0.75358
128 0.75254
129 0.75151
130 0.75050
131 0.74949
132 0.74850
133 0.74751
134 0.74653
135 0.74557
136 0.74461
137 0.74366
138 0.74272
139 0.74179
140 0.74087
141 0.73996
142 0.73906
143 0.73816
144 0.73728
145 0.73640
146 0.73553
147 0.73467
148 0.73381
149 0.73297
150 0.73213
151 0.73130
152 0.73048
153 0.72966
154 0.72885
155 0.72805
156 0.72726
157 0.72647
158 0.72569
159 0.72491
160 0.72415
161 0.72339
162 0.72263
163 0.72189
164 0.72115
165 0.72041
166 0.71968
167 0.71896
168 0.71825
169 0.71754
170 0.71683
171 0.71614
172 0.71544
173 0.71476
174 0.71408
175 0.71340
176 0.71273
177 0.71207
178 0.71141
179 0.71076
180 0.71011
181 0.70947
182 0.70884
183 0.70820
184 0.70758
185 0.70696
186 0.70634
187 0.70573
188 0.70513
189 0.70452
190 0.70393
191 0.70334
192 0.70275
193 0.70217
194 0.70159
195 0.70102
196 0.70045
197 0.69989
198 0.69933
199 0.69878
200 0.69823
201 0.69768
202 0.69714
203 0.69660
204 0.69607
205 0.69555
206 0.69502
207 0.69450
208 0.69399
209 0.69348
210 0.69297
211 0.69247
212 0.69197
213 0.69147
214 0.69098
215 0.69049
216 0.69001
217 0.68953
218 0.68906
219 0.68859
220 0.68812
221 0.68765
222 0.68719
223 0.68674
224 0.68628
225 0.68584
226 0.68539
227 0.68495
228 0.68451
229 0.68408
230 0.68365
231 0.68322
232 0.68279
233 0.68237
234 0.68196
235 0.68154
236 0.68113
237 0.68073
238 0.68032
239 0.67992
240 0.67953
241 0.67913
242 0.67874
243 0.67835
244 0.67797
245 0.67759
246 0.67721
247 0.67684
248 0.67647
249 0.67610
250 0.67574
251 0.67537
252 0.67502
253 0.67466
254 0.67431
255 0.67396
256 0.67361
257 0.67327
258 0.67293
259 0.67259
260 0.67226
261 0.67193
262 0.67160
263 0.67128
264 0.67095
265 0.67063
266 0.67032
267 0.67000
268 0.66969
269 0.66938
270 0.66908
271 0.66878
272 0.66848
273 0.66818
274 0.66789
275 0.66760
276 0.66731
277 0.66702
278 0.66674
279 0.66646
280 0.66618
281 0.66591
282 0.66563
283 0.66537
284 0.66510
285 0.66483
286 0.66457
287 0.66431
288 0.66406
289 0.66380
290 0.66355
291 0.66331
292 0.66306
293 0.66282
294 0.66258
295 0.66234
296 0.66210
297 0.66187
298 0.66164
299 0.66141
300 0.66118
301 0.66096
302 0.66074
303 0.66052
304 0.66031
305 0.66009
306 0.65988
307 0.65967
308 0.65947
309 0.65927
310 0.65906
311 0.65887
312 0.65867
313 0.65848
314 0.65828
315 0.65810
316 0.65791
317 0.65773
318 0.65754
319 0.65736
320 0.65719
321 0.65701
322 0.65684
323 0.65667
324 0.65650
325 0.65634
326 0.65617
327 0.65601
328 0.65585
329 0.65570
330 0.65554
331 0.65539
332 0.65524
333 0.65509
334 0.65495
335 0.65481
336 0.65466
337 0.65453
338 0.65439
339 0.65426
340 0.65413
341 0.65400
342 0.65387
343 0.65374
344 0.65362
345 0.65350
346 0.65338
347 0.65327
348 0.65315
349 0.65304
350 0.65293
351 0.65282
352 0.65272
353 0.65261
354 0.65251
355 0.65241
356 0.65232
357 0.65222
358 0.65213
359 0.65204
360 0.65195
361 0.65187
362 0.65178
363 0.65170
364 0.65162
365 0.65154
366 0.65147
367 0.65139
368 0.65132
369 0.65125
370 0.65119
371 0.65112
372 0.65106
373 0.65100
374 0.65094
375 0.65088
376 0.65083
377 0.65077
378 0.65072
379 0.65068
380 0.65063
381 0.65058
382 0.65054
383 0.65050
384 0.65046
385 0.65043
386 0.65039
387 0.65036
388 0.65033
389 0.65030
390 0.65028
391 0.65025
392 0.65023
393 0.65021
394 0.65019
395 0.65018
396 0.65016
397 0.65015
398 0.65014
399 0.65013
400 0.65013
401 0.65012
402 0.65012
403 0.65012
404 0.65013
405 0.65013
406 0.65014
407 0.65014
408 0.65015
409 0.65017
410 0.65018
411 0.65020
412 0.65021
413 0.65023
414 0.65026
415 0.65028
416 0.65031
417 0.65033
418 0.65036
419 0.65040
420 0.65043
421 0.65047
422 0.65050
423 0.65054
424 0.65058
425 0.65063
426 0.65067
427 0.65072
428 0.65077
429 0.65082
430 0.65088
431 0.65093
432 0.65099
433 0.65105
434 0.65111
435 0.65117
436 0.65124
437 0.65131
438 0.65137
439 0.65145
440 0.65152
441 0.65159
442 0.65167
443 0.65175
444 0.65183
445 0.65191
446 0.65200
447 0.65208
448 0.65217
449 0.65226
450 0.65236
451 0.65245
452 0.65255
453 0.65264
454 0.65274
455 0.65285
456 0.65295
457 0.65306
458 0.65316
459 0.65327
460 0.65339
461 0.65350
462 0.65362
463 0.65373
464 0.65385
465 0.65397
466 0.65410
467 0.65422
468 0.65435
469 0.65448
470 0.65461
471 0.65474
472 0.65488
473 0.65502
474 0.65515
475 0.65530
476 0.65544
477 0.65558
478 0.65573
479 0.65588
480 0.65603
481 0.65618
482 0.65634
483 0.65649
484 0.65665
485 0.65681
486 0.65697
487 0.65714
488 0.65730
489 0.65747
490 0.65764
491 0.65781
492 0.65799
493 0.65816
494 0.65834
495 0.65852
496 0.65870
497 0.65888
498 0.65907
499 0.65926
500 0.65945
501 0.65964
502 0.65983
503 0.66003
504 0.66022
505 0.66042
506 0.66062
507 0.66083
508 0.66103
509 0.66124
510 0.66145
511 0.66166
512 0.66187
513 0.66209
514 0.66230
515 0.66252
516 0.66274
517 0.66296
518 0.66319
519 0.66342
520 0.66364
521 0.66387
522 0.66411
523 0.66434
524 0.66458
525 0.66482
526 0.66506
527 0.66530
528 0.66554
529 0.66579
530 0.66604
531 0.66629
532 0.66654
533 0.66679
534 0.66705
535 0.66731
536 0.66757
537 0.66783
538 0.66810
539 0.66836
540 0.66863
541 0.66890
542 0.66917
543 0.66945
544 0.66972
545 0.67000
546 0.67028
547 0.67056
548 0.67085
549 0.67113
550 0.67142
551 0.67171
552 0.67201
553 0.67230
554 0.67260
555 0.67289
556 0.67319
557 0.67350
558 0.67380
559 0.67411
560 0.67442
561 0.67473
562 0.67504
563 0.67536
564 0.67567
565 0.67599
566 0.67631
567 0.67663
568 0.67696
569 0.67729
570 0.67762
571 0.67795
572 0.67828
573 0.67862
574 0.67895
575 0.67929
576 0.67963
577 0.67998
578 0.68032
579 0.68067
580 0.68102
581 0.68137
582 0.68173
583 0.68208
584 0.68244
585 0.68280
586 0.68316
587 0.68353
588 0.68389
589 0.68426
590 0.68463
591 0.68501
592 0.68538
593 0.68576
594 0.68614
595 0.68652
596 0.68690
597 0.68729
598 0.68768
599 0.68807
600 0.68846
601 0.68885
602 0.68925
603 0.68965
604 0.69005
605 0.69045
606 0.69086
607 0.69126
608 0.69167
609 0.69209
610 0.69250
611 0.69291
612 0.69333
613 0.69375
614 0.69418
615 0.69460
616 0.69503
617 0.69546
618 0.69589
619 0.69632
620 0.69676
621 0.69719
622 0.69763
623 0.69808
624 0.69852
625 0.69897
626 0.69942
627 0.69987
628 0.70032
629 0.70078
630 0.70123
631 0.70170
632 0.70216
633 0.70262
634 0.70309
635 0.70356
636 0.70403
637 0.70450
638 0.70498
639 0.70546
640 0.70594
641 0.70642
642 0.70691
643 0.70739
644 0.70788
645 0.70838
646 0.70887
647 0.70937
648 0.70987
649 0.71037
650 0.71087
651 0.71138
652 0.71188
653 0.71240
654 0.71291
655 0.71342
656 0.71394
657 0.71446
658 0.71498
659 0.71551
660 0.71604
661 0.71657
662 0.71710
663 0.71763
664 0.71817
665 0.71871
666 0.71925
667 0.71979
668 0.72034
669 0.72089
670 0.72144
671 0.72199
672 0.72255
673 0.72311
674 0.72367
675 0.72423
676 0.72479
677 0.72536
678 0.72593
679 0.72651
680 0.72708
681 0.72766
682 0.72824
683 0.72882
684 0.72941
685 0.73000
686 0.73059
687 0.73118
688 0.73177
689 0.73237
690 0.73297
691 0.73358
692 0.73418
693 0.73479
694 0.73540
695 0.73601
696 0.73663
697 0.73725
698 0.73787
699 0.73849
700 0.73911
701 0.73974
702 0.74037
703 0.74101
704 0.74164
705 0.74228
706 0.74292
707 0.74357
708 0.74421
709 0.74486
710 0.74551
711 0.74617
712 0.74683
713 0.74749
714 0.74815
715 0.74881
716 0.74948
717 0.75015
718 0.75082
719 0.75150
720 0.75218
721 0.75286
722 0.75354
723 0.75423
724 0.75492
725 0.75561
726 0.75630
727 0.75700
728 0.75770
729 0.75840
730 0.75911
731 0.75982
732 0.76053
733 0.76124
734 0.76196
735 0.76268
736 0.76340
737 0.76412
738 0.76485
739 0.76558
740 0.76631
741 0.76705
742 0.76779
743 0.76853
744 0.76928
745 0.77002
746 0.77077
747 0.77153
748 0.77228
749 0.77304
750 0.77380
751 0.77457
752 0.77533
753 0.77610
754 0.77688
755 0.77765
756 0.77843
757 0.77921
758 0.78000
759 0.78079
760 0.78158
761 0.78237
762 0.78317
763 0.78397
764 0.78477
765 0.78558
766 0.78638
767 0.78720
768 0.78801
769 0.78883
770 0.78965
771 0.79047
772 0.79130
773 0.79213
774 0.79296
775 0.79380
776 0.79464
777 0.79548
778 0.79632
779 0.79717
780 0.79802
781 0.79888
782 0.79974
783 0.80060
784 0.80146
785 0.80233
786 0.80320
787 0.80407
788 0.80495
789 0.80583
790 0.80671
791 0.80760
792 0.80848
793 0.80938
794 0.81027
795 0.81117
796 0.81207
797 0.81298
798 0.81389
799 0.81480
800 0.81571
801 0.81663
802 0.81755
803 0.81848
804 0.81941
805 0.82034
806 0.82127
807 0.82221
808 0.82315
809 0.82410
810 0.82505
811 0.82600
812 0.82695
813 0.82791
814 0.82887
815 0.82984
816 0.83081
817 0.83178
818 0.83275
819 0.83373
820 0.83471
821 0.83570
822 0.83669
823 0.83768
824 0.83868
825 0.83968
826 0.84068
827 0.84169
828 0.84270
829 0.84371
830 0.84473
831 0.84575
832 0.84677
833 0.84780
834 0.84883
835 0.84987
836 0.85091
837 0.85195
838 0.85300
839 0.85405
840 0.85510
841 0.85616
842 0.85722
843 0.85828
844 0.85935
845 0.86042
846 0.86150
847 0.86257
848 0.86366
849 0.86474
850 0.86583
851 0.86693
852 0.86803
853 0.86913
854 0.87023
855 0.87134
856 0.87245
857 0.87357
858 0.87469
859 0.87582
860 0.87695
861 0.87808
862 0.87921
863 0.88035
864 0.88150
865 0.88265
866 0.88380
867 0.88495
868 0.88611
869 0.88728
870 0.88844
871 0.88962
872 0.89079
873 0.89197
874 0.89315
875 0.89434
876 0.89553
877 0.89673
878 0.89793
879 0.89913
880 0.90034
881 0.90155
882 0.90277
883 0.90399
884 0.90522
885 0.90644
886 0.90768
887 0.90891
888 0.91015
889 0.91140
890 0.91265
891 0.91390
892 0.91516
893 0.91642
894 0.91769
895 0.91896
896 0.92024
897 0.92152
898 0.92280
899 0.92409
900 0.92538
901 0.92668
902 0.92798
903 0.92929
904 0.93060
905 0.93191
906 0.93323
907 0.93455
908 0.93588
909 0.93721
910 0.93855
911 0.93989
912 0.93912
913 0.94374
914 0.94672
915 0.94872
916 0.94985
917 0.95044
918 0.95108
919 0.95178
920 0.95257
921 0.95347
922 0.95341
923 0.95334
924 0.95439
925 0.95433
926 0.95427
927 0.95553
928 0.95547
929 0.95541
930 0.95535
931 0.95693
932 0.95687
933 0.95681
934 0.95676
935 0.95670
936 0.95665
937 0.95659
938 0.95867
939 0.95861
940 0.95856
941 0.95851
942 0.95845
943 0.95840
944 0.95835
945 0.95829
946 0.95824
947 0.95819
948 0.95813
949 0.95808
950 0.96104
951 0.96100
952 0.96095
953 0.96090
954 0.96085
955 0.96080
956 0.96075
957 0.96070
958 0.96065
959 0.96060
960 0.96055
961 0.96050
962 0.96045
963 0.96040
964 0.96035
965 0.96031
966 0.96026
967 0.96021
968 0.96016
969 0.96011
970 0.96006
971 0.96001
972 0.95996
973 0.96474
974 0.96470
975 0.96466
976 0.96461
977 0.96457
978 0.96453
979 0.96448
980 0.96444
981 0.96440
982 0.96435
983 0.96431
984 0.96426
985 0.96422
986 0.96418
987 0.96413
988 0.96409
989 0.96405
990 0.96400
991 0.96396
992 0.96392
993 0.96387
994 0.96383
995 0.96379
996 0.96374
997 0.96370
998 0.96366
999 0.96361
1000 0.96357
1001 0.96353
1002 0.96348
1003 0.96344
1004 0.96339
1005 0.96335
1006 0.96331
1007 0.96326
1008 0.96322
1009 0.96318
1010 0.96313
1011 0.96309
1012 0.96305
1013 0.96300
1014 0.96296
1015 0.96291
1016 0.96287
1017 0.96283
1018 0.96278
1019 0.96274
1020 0.96270
1021 0.96265
1022 0.96261
1023 0.96257
1024 0.96252
1025 0.96248
1026 0.97211
1027 0.97208
1028 0.97204
1029 0.97201
1030 0.97198
1031 0.97195
1032 0.97192
1033 0.97188
1034 0.97185
1035 0.97182
1036 0.97179
1037 0.97175
1038 0.97172
1039 0.97169
1040 0.97166
1041 0.97162
1042 0.97159
1043 0.97156
1044 0.97152
1045 0.97149
1046 0.97146
1047 0.97143
1048 0.97139
1049 0.97136
1050 0.97133
1051 0.97130
1052 0.97126
1053 0.97123
1054 0.97120
1055 0.97117
1056 0.97113
1057 0.97110
1058 0.97107
1059 0.97104
1060 0.97100
1061 0.97097
1062 0.97094
1063 0.97091
1064 0.97087
1065 0.97084
1066 0.97081
1067 0.97077
1068 0.97074
1069 0.97071
1070 0.97068
1071 0.97064
1072 0.97061
1073 0.97058
1074 0.97055
1075 0.97051
1076 0.97048
1077 0.97045
1078 0.97042
1079 0.97038
1080 0.97035
1081 0.97032
1082 0.97028
1083 0.97025
1084 0.97022
1085 0.97019
1086 0.97015
1087 0.97012
1088 0.97009
1089 0.97005
1090 0.97002
1091 0.96999
1092 0.96996
1093 0.96992
1094 0.96989
1095 0.96986
1096 0.96982
1097 0.96979
1098 0.96976
1099 0.96973
1100 0.96969
1101 0.96966
1102 0.96963
1103 0.96959
1104 0.96956
1105 0.96953
1106 0.96950
1107 0.96946
1108 0.96943
1109 0.96940
1110 0.96936
1111 0.96933
1112 0.96930
1113 0.96927
1114 0.96923
1115 0.96920
1116 0.96917
1117 0.96913
1118 0.96910
1119 0.96907
1120 0.96904
1121 0.96900
1122 0.96897
1123 0.96894
1124 0.96890
1125 0.96887
1126 0.96884
1127 0.96880
1128 0.96877
1129 0.96874
1130 0.96871
1131 0.96867
1132 0.96864
1133 0.96861
1134 0.96857
1135 0.96854
1136 0.96851
1137 0.96847
1138 0.96844
1139 0.96841
1140 0.96837
1141 0.96834
1142 0.96831
1143 0.96828
1144 0.96824
1145 0.96821
1146 0.96818
1147 0.96814
1148 0.96811
1149 0.96808
1150 0.96804
1151 0.96801
1152 0.96798
1153 0.96794
1154 0.96791
1155 0.96788
1156 0.96785
1157 0.96781
1158 0.96778
1159 0.96775
1160 0.96771
1161 0.96768
1162 0.96765
1163 0.96761
1164 0.96758
1165 0.96755
1166 0.96751
1167 0.96748
1168 0.96745
1169 0.96741
1170 0.96738
1171 0.96735
1172 0.96731
1173 0.96728
1174 0.96725
1175 0.96721
1176 0.96718
1177 0.96715
1178 0.96711
1179 0.96708
1180 0.96705
1181 0.96701
1182 0.96698
1183 0.96695
1184 0.96691
1185 0.96688
1186 0.96685
1187 0.96681
1188 0.96678
1189 0.96675
1190 0.96671
1191 0.96668
1192 0.96665
1193 0.96661
1194 0.96658
1195 0.96655
1196 0.96651
1197 0.96648
1198 0.96645
1199 0.96641
1200 0.96638
1201 0.96635
1202 0.96631
1203 0.96628
1204 0.96625
1205 0.96621
1206 0.96618
1207 0.96615
1208 0.96611
1209 0.96608
1210 0.96605
1211 0.96601
1212 0.96598
1213 0.96595
1214 0.96591
1215 0.96588
1216 1.00000
