17 2.81426
18 2.53970
19 2.30818
20 2.11090
21 1.94121
22 1.79402
23 1.66539
24 1.55221
25 1.45199
26 1.36276
27 1.28289
28 1.21105
29 1.14617
30 1.08731
31 1.03373
32 0.98478
33 0.93990
34 0.89864
35 0.86060
36 0.82543
37 0.79283
38 0.76254
39 0.73433
40 0.70801
41 0.68340
42 0.66035
43 0.63872
44 0.61838
45 0.59923
46 0.58117
47 0.56412
48 0.54799
49 0.53271
50 0.51822
51 0.50447
52 0.49140
53 0.47896
54 0.46711
55 0.45581
56 0.44503
57 0.43472
58 0.42486
59 0.41543
60 0.40639
61 0.39773
62 0.38942
63 0.38143
64 0.37376
65 0.36638
66 0.35928
67 0.35244
68 0.34585
69 0.33950
70 0.33337
71 0.32745
72 0.32174
73 0.31622
74 0.31088
75 0.30571
76 0.30071
77 0.29586
78 0.29117
79 0.28662
80 0.28221
81 0.27793
82 0.27378
83 0.26975
84 0.26583
85 0.26202
86 0.25832
87 0.25472
88 0.25122
89 0.24781
90 0.24449
91 0.24126
92 0.23811
93 0.23504
94 0.23205
95 0.22914
96 0.22629
97 0.22352
98 0.22081
99 0.21817
100 0.21558
101 0.21306
102 0.21060
103 0.20819
104 0.20583
105 0.20353
106 0.20128
107 0.19908
108 0.19692
109 0.19481
110 0.19275
111 0.19073
112 0.18875
113 0.18681
114 0.18491
115 0.18304
116 0.18122
117 0.17943
118 0.17768
119 0.17595
120 0.17427
121 0.17261
122 0.17099
123 0.16939
124 0.16783
125 0.16629
126 0.16478
127 0.16330
128 0.16185
129 0.16042
130 0.15901
131 0.15763
132 0.15628
133 0.15494
134 0.15363
135 0.15234
136 0.15108
137 0.14983
138 0.14860
139 0.14740
140 0.14621
141 0.14504
142 0.14389
143 0.14276
144 0.14165
145 0.14055
146 0.13947
147 0.13841
148 0.13737
149 0.13633
150 0.13532
151 0.13432
152 0.13333
153 0.13236
154 0.13140
155 0.13046
156 0.12953
157 0.12861
158 0.12771
159 0.12682
160 0.12594
161 0.12507
162 0.12422
163 0.12338
164 0.12254
165 0.12172
166 0.12092
167 0.12012
168 0.11933
169 0.11855
170 0.11778
171 0.11703
172 0.11628
173 0.11554
174 0.11481
175 0.11409
176 0.11338
177 0.11268
178 0.11199
179 0.11130
180 0.11063
181 0.10996
182 0.10930
183 0.10865
184 0.10800
185 0.10737
186 0.10674
187 0.10612
188 0.10550
189 0.10489
190 0.10430
191 0.10370
192 0.10312
193 0.10254
194 0.10196
195 0.10140
196 0.10084
197 0.10028
198 0.09974
199 0.09919
200 0.09866
201 0.09813
202 0.09761
203 0.09709
204 0.09657
205 0.09607
206 0.09557
207 0.09507
208 0.09458
209 0.09409
210 0.09361
211 0.09313
212 0.09266
213 0.09220
214 0.09174
215 0.09128
216 0.09083
217 0.09038
218 0.08994
219 0.08950
220 0.08906
221 0.08863
222 0.08821
223 0.08779
224 0.08737
225 0.08696
226 0.08655
227 0.08614
228 0.08574
229 0.08534
230 0.08495
231 0.08456
232 0.08417
233 0.08379
234 0.08341
235 0.08304
236 0.08266
237 0.08229
238 0.08193
239 0.08157
240 0.08121
241 0.08085
242 0.08050
243 0.08015
244 0.07981
245 0.07947
246 0.07913
247 0.07879
248 0.07846
249 0.07812
250 0.07780
251 0.07747
252 0.07715
253 0.07683
254 0.07652
255 0.07620
256 0.07589
257 0.07558
258 0.07528
259 0.07497
260 0.07467
261 0.07438
262 0.07408
263 0.07379
264 0.07350
265 0.07321
266 0.07292
267 0.07264
268 0.07236
269 0.07208
270 0.07180
271 0.07153
272 0.07126
273 0.07099
274 0.07072
275 0.07046
276 0.07019
277 0.06993
278 0.06967
279 0.06942
280 0.06916
281 0.06891
282 0.06866
283 0.06841
284 0.06816
285 0.06792
286 0.06767
287 0.06743
288 0.06719
289 0.06695
290 0.06672
291 0.06649
292 0.06625
293 0.06602
294 0.06579
295 0.06557
296 0.06534
297 0.06512
298 0.06490
299 0.06468
300 0.06446
301 0.06424
302 0.06403
303 0.06381
304 0.06360
305 0.06339
306 0.06318
307 0.06297
308 0.06277
309 0.06256
310 0.06236
311 0.06216
312 0.06196
313 0.06176
314 0.06156
315 0.06137
316 0.06118
317 0.06098
318 0.06079
319 0.06060
320 0.06041
321 0.06022
322 0.06004
323 0.05985
324 0.05967
325 0.05949
326 0.05931
327 0.05913
328 0.05895
329 0.05877
330 0.05860
331 0.05842
332 0.05825
333 0.05808
334 0.05790
335 0.05773
336 0.05757
337 0.05740
338 0.05723
339 0.05707
340 0.05690
341 0.05674
342 0.05658
343 0.05642
344 0.05626
345 0.05610
346 0.05594
347 0.05578
348 0.05563
349 0.05547
350 0.05532
351 0.05517
352 0.05501
353 0.05486
354 0.05471
355 0.05457
356 0.05442
357 0.05427
358 0.05413
359 0.05398
360 0.05384
361 0.05369
362 0.05355
363 0.05341
364 0.05327
365 0.05313
366 0.05299
367 0.05286
368 0.05272
369 0.05258
370 0.05245
371 0.05232
372 0.05218
373 0.05205
374 0.05192
375 0.05179
376 0.05166
377 0.05153
378 0.05140
379 0.05128
380 0.05115
381 0.05102
382 0.05090
383 0.05077
384 0.05065
385 0.05053
386 0.05041
387 0.05029
388 0.05017
389 0.05005
390 0.04993
391 0.04981
392 0.04969
393 0.04958
394 0.04946
395 0.04934
396 0.04923
397 0.04912
398 0.04900
399 0.04889
400 0.04878
401 0.04867
402 0.04856
403 0.04845
404 0.04834
405 0.04823
406 0.04812
407 0.04802
408 0.04791
409 0.04781
410 0.04770
411 0.04760
412 0.04749
413 0.04739
414 0.04729
415 0.04718
416 0.04708
417 0.04698
418 0.04688
419 0.04678
420 0.04668
421 0.04659
422 0.04649
423 0.04639
424 0.04630
425 0.04620
426 0.04610
427 0.04601
428 0.04592
429 0.04582
430 0.04573
431 0.04564
432 0.04554
433 0.04545
434 0.04536
435 0.04527
436 0.04518
437 0.04509
438 0.04500
439 0.04492
440 0.04483
441 0.04474
442 0.04465
443 0.04457
444 0.04448
445 0.04440
446 0.04429
447 0.04420
448 0.04412
449 0.04404
450 0.04395
451 0.04387
452 0.04379
453 0.04371
454 0.04363
455 0.04355
456 0.04348
457 0.04340
458 0.04332
459 0.04325
460 0.04317
461 0.04310
462 0.04302
463 0.04295
464 0.04288
465 0.04281
466 0.04274
467 0.04267
468 0.04260
469 0.04253
470 0.04247
471 0.04240
472 0.04234
473 0.04227
474 0.04221
475 0.04215
476 0.04208
477 0.04202
478 0.04196
479 0.04190
480 0.04184
481 0.04178
482 0.04172
483 0.04167
484 0.04161
485 0.04156
486 0.04150
487 0.04145
488 0.04140
489 0.04134
490 0.04129
491 0.04124
492 0.04119
493 0.04115
494 0.04110
495 0.04105
496 0.04101
497 0.04096
498 0.04092
499 0.04087
500 0.04083
501 0.04079
502 0.04075
503 0.04071
504 0.04066
505 0.04062
506 0.04058
507 0.04055
508 0.04051
509 0.04047
510 0.04043
511 0.04040
512 0.04036
513 0.04033
514 0.04030
515 0.04026
516 0.04023
517 0.04020
518 0.04017
519 0.04015
520 0.04012
521 0.04009
522 0.04006
523 0.04004
524 0.04001
525 0.03999
526 0.03997
527 0.03995
528 0.03993
529 0.03991
530 0.03989
531 0.03987
532 0.03985
533 0.03984
534 0.03982
535 0.03980
536 0.03979
537 0.03978
538 0.03977
539 0.03976
540 0.03974
541 0.03974
542 0.03973
543 0.03972
544 0.03971
545 0.03971
546 0.03970
547 0.03970
548 0.03970
549 0.03969
550 0.03969
551 0.03969
552 0.03969
553 0.03970
554 0.03970
555 0.03970
556 0.03971
557 0.03971
558 0.03972
559 0.03973
560 0.03973
561 0.03974
562 0.03975
563 0.03976
564 0.03978
565 0.03979
566 0.03980
567 0.03982
568 0.03984
569 0.03985
570 0.03987
571 0.03989
572 0.03991
573 0.03993
574 0.03995
575 0.03998
576 0.04000
577 0.04003
578 0.04005
579 0.04008
580 0.04011
581 0.04014
582 0.04017
583 0.04020
584 0.04024
585 0.04027
586 0.04031
587 0.04034
588 0.04038
589 0.04042
590 0.04046
591 0.04050
592 0.04054
593 0.04058
594 0.04063
595 0.04067
596 0.04071
597 0.04075
598 0.04079
599 0.04083
600 0.04087
601 0.04092
602 0.04096
603 0.04101
604 0.04106
605 0.04111
606 0.04116
607 0.04121
608 0.04118
609 0.04124
610 0.04129
611 0.04135
612 0.04140
613 0.04146
614 0.04152
615 0.04158
616 0.04164
617 0.04170
618 0.04177
619 0.04184
620 0.04190
621 0.04197
622 0.04204
623 0.04212
624 0.04219
625 0.04227
626 0.04234
627 0.04242
628 0.04250
629 0.04259
630 0.04267
631 0.04276
632 0.04284
633 0.04293
634 0.04302
635 0.04311
636 0.04321
637 0.04330
638 0.04340
639 0.04350
640 0.04360
641 0.04371
642 0.04381
643 0.04392
644 0.04403
645 0.04414
646 0.04425
647 0.04436
648 0.04448
649 0.04460
650 0.04472
651 0.04484
652 0.04497
653 0.04509
654 0.04522
655 0.04535
656 0.04548
657 0.04562
658 0.04576
659 0.04590
660 0.04604
661 0.04618
662 0.04633
663 0.04648
664 0.04663
665 0.04678
666 0.04694
667 0.04709
668 0.04725
669 0.04742
670 0.04758
671 0.04775
672 0.04792
673 0.04809
674 0.04827
675 0.04844
676 0.04862
677 0.04881
678 0.04899
679 0.04918
680 0.04937
681 0.04957
682 0.04976
683 0.04996
684 0.05017
685 0.05037
686 0.05058
687 0.05079
688 0.05101
689 0.05123
690 0.05145
691 0.05167
692 0.05190
693 0.05213
694 0.05236
695 0.05260
696 0.05284
697 0.05308
698 0.05333
699 0.05358
700 0.05384
701 0.05409
702 0.05435
703 0.05462
704 0.05489
705 0.05516
706 0.05544
707 0.05572
708 0.05600
709 0.05629
710 0.05658
711 0.05688
712 0.05718
713 0.05749
714 0.05779
715 0.05811
716 0.05843
717 0.05875
718 0.05907
719 0.05941
720 0.05974
721 0.06008
722 0.06043
723 0.06078
724 0.06113
725 0.06149
726 0.06186
727 0.06223
728 0.06260
729 0.06298
730 0.06337
731 0.06376
732 0.06416
733 0.06456
734 0.06497
735 0.06538
736 0.06580
737 0.06623
738 0.06666
739 0.06710
740 0.06754
741 0.06799
742 0.06845
743 0.06891
744 0.06938
745 0.06986
746 0.07034
747 0.07083
748 0.07133
749 0.07183
750 0.07234
751 0.07286
752 0.07338
753 0.07392
754 0.07446
755 0.07501
756 0.07556
757 0.07613
758 0.07670
759 0.07728
760 0.07787
761 0.07847
762 0.07908
763 0.07969
764 0.08032
765 0.08095
766 0.08160
767 0.08225
768 0.08291
769 0.08358
770 0.08426
771 0.08496
772 0.08566
773 0.08637
774 0.08709
775 0.08783
776 0.08857
777 0.08933
778 0.09009
779 0.09087
780 0.09166
781 0.09247
782 0.09328
783 0.09411
784 0.09495
785 0.09580
786 0.09666
787 0.09754
788 0.09843
789 0.09934
790 0.10026
791 0.10119
792 0.10214
793 0.10310
794 0.10408
795 0.10507
796 0.10608
797 0.10711
798 0.10815
799 0.10920
800 0.11028
801 0.11136
802 0.11247
803 0.11360
804 0.11474
805 0.11590
806 0.11708
807 0.11828
808 0.11949
809 0.12073
810 0.12199
811 0.12326
812 0.12456
813 0.12588
814 0.12722
815 0.12858
816 0.12997
817 0.13137
818 0.13280
819 0.13426
820 0.13573
821 0.13724
822 0.13876
823 0.14032
824 0.14189
825 0.14350
826 0.14513
827 0.14679
828 0.14848
829 0.15019
830 0.15194
831 0.15371
832 0.15552
833 0.15736
834 0.15922
835 0.16112
836 0.16306
837 0.16502
838 0.16702
839 0.16906
840 0.17113
841 0.17324
842 0.17538
843 0.17756
844 0.17978
845 0.18204
846 0.18434
847 0.18668
848 0.18906
849 0.19149
850 0.19396
851 0.19647
852 0.19903
853 0.20163
854 0.20428
855 0.20698
856 0.20973
857 0.21253
858 0.21538
859 0.21829
860 0.22125
861 0.22426
862 0.22733
863 0.23045
864 0.23364
865 0.23688
866 0.24019
867 0.24355
868 0.24698
869 0.25048
870 0.25404
871 0.25767
872 0.26137
873 0.26514
874 0.26899
875 0.27291
876 0.27690
877 0.28097
878 0.28512
879 0.28935
880 0.29367
881 0.29807
882 0.30256
883 0.30713
884 0.31180
885 0.31656
886 0.32141
887 0.32636
888 0.33141
889 0.33656
890 0.34182
891 0.34718
892 0.35265
893 0.35823
894 0.36393
895 0.36974
896 0.37568
897 0.38173
898 0.38791
899 0.39422
900 0.40066
901 0.40724
902 0.41395
903 0.42080
904 0.42780
905 0.43495
906 0.44224
907 0.44970
908 0.45731
909 0.46508
910 0.47302
911 0.48113
912 0.48747
913 0.51203
914 0.52933
915 0.54189
916 0.54913
917 0.55272
918 0.55686
919 0.56169
920 0.56743
921 0.57436
922 0.57309
923 0.57182
924 0.58043
925 0.57917
926 0.57792
927 0.58891
928 0.58767
929 0.58644
930 0.58520
931 0.59980
932 0.59859
933 0.59738
934 0.59616
935 0.59495
936 0.59373
937 0.59252
938 0.61300
939 0.61182
940 0.61064
941 0.60947
942 0.60828
943 0.60710
944 0.60592
945 0.60474
946 0.60355
947 0.60237
948 0.60118
949 0.59999
950 0.63106
951 0.62993
952 0.62880
953 0.62767
954 0.62654
955 0.62541
956 0.62428
957 0.62314
958 0.62201
959 0.62087
960 0.61973
961 0.61859
962 0.61745
963 0.61631
964 0.61517
965 0.61403
966 0.61288
967 0.61174
968 0.61059
969 0.60945
970 0.60830
971 0.60715
972 0.60600
973 0.65926
974 0.65822
975 0.65718
976 0.65613
977 0.65509
978 0.65404
979 0.65299
980 0.65194
981 0.65089
982 0.64984
983 0.64879
984 0.64773
985 0.64668
986 0.64562
987 0.64456
988 0.64351
989 0.64245
990 0.64139
991 0.64032
992 0.63926
993 0.63820
994 0.63713
995 0.63606
996 0.63500
997 0.63393
998 0.63286
999 0.63179
1000 0.63071
1001 0.62964
1002 0.62857
1003 0.62749
1004 0.62642
1005 0.62534
1006 0.62426
1007 0.62318
1008 0.62210
1009 0.62102
1010 0.61994
1011 0.61886
1012 0.61777
1013 0.61669
1014 0.61560
1015 0.61451
1016 0.61342
1017 0.61234
1018 0.61125
1019 0.61015
1020 0.60906
1021 0.60797
1022 0.60688
1023 0.60578
1024 0.60469
1025 0.60359
1026 0.71811
1027 0.71725
1028 0.71639
1029 0.71553
1030 0.71467
1031 0.71381
1032 0.71295
1033 0.71208
1034 0.71122
1035 0.71035
1036 0.70948
1037 0.70862
1038 0.70775
1039 0.70687
1040 0.70600
1041 0.70513
1042 0.70425
1043 0.70338
1044 0.70250
1045 0.70162
1046 0.70074
1047 0.69986
1048 0.69898
1049 0.69810
1050 0.69721
1051 0.69633
1052 0.69544
1053 0.69455
1054 0.69367
1055 0.69278
1056 0.69188
1057 0.69099
1058 0.69010
1059 0.68921
1060 0.68831
1061 0.68741
1062 0.68652
1063 0.68562
1064 0.68472
1065 0.68382
1066 0.68291
1067 0.68201
1068 0.68111
1069 0.68020
1070 0.67930
1071 0.67839
1072 0.67748
1073 0.67657
1074 0.67566
1075 0.67475
1076 0.67384
1077 0.67292
1078 0.67201
1079 0.67109
1080 0.67017
1081 0.66926
1082 0.66834
1083 0.66742
1084 0.66650
1085 0.66557
1086 0.66465
1087 0.66373
1088 0.66280
1089 0.66188
1090 0.66095
1091 0.66002
1092 0.65909
1093 0.65816
1094 0.65723
1095 0.65630
1096 0.65537
1097 0.65443
1098 0.65350
1099 0.65256
1100 0.65163
1101 0.65069
1102 0.64975
1103 0.64881
1104 0.64787
1105 0.64693
1106 0.64599
1107 0.64504
1108 0.64410
1109 0.64315
1110 0.64221
1111 0.64126
1112 0.64031
1113 0.63936
1114 0.63841
1115 0.63746
1116 0.63651
1117 0.63556
1118 0.63461
1119 0.63365
1120 0.63270
1121 0.63174
1122 0.63079
1123 0.62983
1124 0.62887
1125 0.62791
1126 0.62695
1127 0.62599
1128 0.62503
1129 0.62407
1130 0.62310
1131 0.62214
1132 0.62117
1133 0.62021
1134 0.61924
1135 0.61827
1136 0.61731
1137 0.61634
1138 0.61537
1139 0.61440
1140 0.61343
1141 0.61246
1142 0.61148
1143 0.61051
1144 0.60954
1145 0.60856
1146 0.60758
1147 0.60661
1148 0.60563
1149 0.60465
1150 0.60368
1151 0.60270
1152 0.60172
1153 0.60074
1154 0.59975
1155 0.59877
1156 0.59779
1157 0.59681
1158 0.59582
1159 0.59484
1160 0.59385
1161 0.59287
1162 0.59188
1163 0.59089
1164 0.58991
1165 0.58892
1166 0.58793
1167 0.58694
1168 0.58595
1169 0.58496
1170 0.58397
1171 0.58297
1172 0.58198
1173 0.58099
1174 0.57999
1175 0.57900
1176 0.57800
1177 0.57701
1178 0.57601
1179 0.57502
1180 0.57402
1181 0.57302
1182 0.57202
1183 0.57102
1184 0.57002
1185 0.56902
1186 0.56802
1187 0.56702
1188 0.56602
1189 0.56502
1190 0.56402
1191 0.56301
1192 0.56201
1193 0.56101
1194 0.56000
1195 0.55900
1196 0.55799
1197 0.55699
1198 0.55598
1199 0.55497
1200 0.55397
1201 0.55296
1202 0.55195
1203 0.55094
1204 0.54993
1205 0.54892
1206 0.54791
1207 0.54690
1208 0.54589
1209 0.54488
1210 0.54387
1211 0.54286
1212 0.54185
1213 0.54084
1214 0.53982
1215 0.53881
1216 1.00000
