17 8.12276
18 6.67391
19 5.55837
20 4.68504
21 3.99116
22 3.43251
23 2.97737
24 2.60256
25 2.29088
26 2.02938
27 1.80821
28 1.61974
29 1.45804
30 1.31842
31 1.19715
32 1.09126
33 0.99831
34 0.91635
35 0.84375
36 0.77918
37 0.72153
38 0.66986
39 0.62340
40 0.58148
41 0.54355
42 0.50913
43 0.47780
44 0.44922
45 0.42307
46 0.39910
47 0.37707
48 0.35679
49 0.33807
50 0.32077
51 0.30474
52 0.28987
53 0.27604
54 0.26317
55 0.25117
56 0.23997
57 0.22949
58 0.21967
59 0.21047
60 0.20183
61 0.19370
62 0.18605
63 0.17885
64 0.17205
65 0.16563
66 0.15956
67 0.15382
68 0.14838
69 0.14322
70 0.13833
71 0.13368
72 0.12926
73 0.12505
74 0.12105
75 0.11724
76 0.11360
77 0.11013
78 0.10681
79 0.10364
80 0.10061
81 0.09771
82 0.09494
83 0.09228
84 0.08973
85 0.08728
86 0.08493
87 0.08268
88 0.08051
89 0.07843
90 0.07643
91 0.07450
92 0.07264
93 0.07085
94 0.06913
95 0.06747
96 0.06587
97 0.06432
98 0.06283
99 0.06138
100 0.05999
101 0.05864
102 0.05734
103 0.05608
104 0.05486
105 0.05368
106 0.05254
107 0.05143
108 0.05036
109 0.04932
110 0.04831
111 0.04733
112 0.04638
113 0.04546
114 0.04457
115 0.04370
116 0.04285
117 0.04203
118 0.04123
119 0.04046
120 0.03970
121 0.03897
122 0.03826
123 0.03756
124 0.03688
125 0.03623
126 0.03558
127 0.03496
128 0.03435
129 0.03375
130 0.03318
131 0.03261
132 0.03206
133 0.03152
134 0.03100
135 0.03048
136 0.02998
137 0.02950
138 0.02902
139 0.02855
140 0.02810
141 0.02765
142 0.02722
143 0.02680
144 0.02638
145 0.02597
146 0.02558
147 0.02519
148 0.02481
149 0.02444
150 0.02407
151 0.02372
152 0.02337
153 0.02303
154 0.02269
155 0.02236
156 0.02204
157 0.02173
158 0.02142
159 0.02112
160 0.02082
161 0.02053
162 0.02025
163 0.01997
164 0.01969
165 0.01942
166 0.01916
167 0.01890
168 0.01865
169 0.01840
170 0.01816
171 0.01792
172 0.01768
173 0.01745
174 0.01722
175 0.01700
176 0.01678
177 0.01657
178 0.01635
179 0.01615
180 0.01594
181 0.01574
182 0.01555
183 0.01535
184 0.01516
185 0.01497
186 0.01479
187 0.01461
188 0.01443
189 0.01426
190 0.01408
191 0.01392
192 0.01375
193 0.01359
194 0.01342
195 0.01327
196 0.01311
197 0.01296
198 0.01280
199 0.01266
200 0.01251
201 0.01236
202 0.01222
203 0.01208
204 0.01194
205 0.01181
206 0.01168
207 0.01154
208 0.01141
209 0.01129
210 0.01116
211 0.01104
212 0.01091
213 0.01079
214 0.01067
215 0.01056
216 0.01044
217 0.01033
218 0.01022
219 0.01011
220 0.01000
221 0.00989
222 0.00978
223 0.00968
224 0.00958
225 0.00947
226 0.00937
227 0.00928
228 0.00918
229 0.00908
230 0.00899
231 0.00889
232 0.00880
233 0.00871
234 0.00862
235 0.00853
236 0.00844
237 0.00836
238 0.00827
239 0.00819
240 0.00810
241 0.00802
242 0.00794
243 0.00786
244 0.00778
245 0.00770
246 0.00763
247 0.00755
248 0.00748
249 0.00740
250 0.00733
251 0.00726
252 0.00718
253 0.00711
254 0.00704
255 0.00698
256 0.00691
257 0.00684
258 0.00677
259 0.00671
260 0.00664
261 0.00658
262 0.00652
263 0.00645
264 0.00639
265 0.00633
266 0.00627
267 0.00621
268 0.00615
269 0.00609
270 0.00603
271 0.00598
272 0.00592
273 0.00587
274 0.00581
275 0.00576
276 0.00570
277 0.00565
278 0.00560
279 0.00554
280 0.00549
281 0.00544
282 0.00539
283 0.00534
284 0.00529
285 0.00524
286 0.00520
287 0.00515
288 0.00510
289 0.00505
290 0.00501
291 0.00496
292 0.00492
293 0.00487
294 0.00483
295 0.00479
296 0.00474
297 0.00470
298 0.00466
299 0.00462
300 0.00457
301 0.00453
302 0.00449
303 0.00445
304 0.00441
305 0.00437
306 0.00433
307 0.00430
308 0.00426
309 0.00422
310 0.00418
311 0.00415
312 0.00411
313 0.00407
314 0.00404
315 0.00400
316 0.00397
317 0.00393
318 0.00390
319 0.00386
320 0.00383
321 0.00380
322 0.00376
323 0.00373
324 0.00370
325 0.00367
326 0.00363
327 0.00360
328 0.00357
329 0.00354
330 0.00351
331 0.00348
332 0.00345
333 0.00342
334 0.00339
335 0.00336
336 0.00333
337 0.00330
338 0.00328
339 0.00325
340 0.00322
341 0.00319
342 0.00316
343 0.00314
344 0.00311
345 0.00308
346 0.00306
347 0.00303
348 0.00301
349 0.00298
350 0.00296
351 0.00293
352 0.00291
353 0.00289
354 0.00286
355 0.00284
356 0.00282
357 0.00279
358 0.00277
359 0.00275
360 0.00272
361 0.00270
362 0.00268
363 0.00266
364 0.00263
365 0.00261
366 0.00259
367 0.00257
368 0.00255
369 0.00253
370 0.00251
371 0.00249
372 0.00247
373 0.00245
374 0.00243
375 0.00241
376 0.00239
377 0.00237
378 0.00235
379 0.00233
380 0.00231
381 0.00229
382 0.00228
383 0.00226
384 0.00224
385 0.00222
386 0.00221
387 0.00219
388 0.00217
389 0.00216
390 0.00214
391 0.00212
392 0.00211
393 0.00209
394 0.00207
395 0.00206
396 0.00204
397 0.00203
398 0.00201
399 0.00200
400 0.00198
401 0.00197
402 0.00195
403 0.00194
404 0.00192
405 0.00191
406 0.00189
407 0.00188
408 0.00187
409 0.00185
410 0.00184
411 0.00183
412 0.00181
413 0.00180
414 0.00179
415 0.00177
416 0.00176
417 0.00175
418 0.00174
419 0.00172
420 0.00171
421 0.00170
422 0.00169
423 0.00168
424 0.00166
425 0.00165
426 0.00164
427 0.00163
428 0.00162
429 0.00161
430 0.00160
431 0.00159
432 0.00158
433 0.00157
434 0.00156
435 0.00154
436 0.00153
437 0.00152
438 0.00151
439 0.00150
440 0.00150
441 0.00149
442 0.00148
443 0.00147
444 0.00146
445 0.00145
446 0.00144
447 0.00143
448 0.00142
449 0.00141
450 0.00140
451 0.00140
452 0.00139
453 0.00138
454 0.00137
455 0.00136
456 0.00135
457 0.00135
458 0.00134
459 0.00133
460 0.00132
461 0.00131
462 0.00131
463 0.00130
464 0.00129
465 0.00128
466 0.00128
467 0.00127
468 0.00126
469 0.00126
470 0.00125
471 0.00124
472 0.00123
473 0.00123
474 0.00122
475 0.00121
476 0.00121
477 0.00120
478 0.00119
479 0.00119
480 0.00118
481 0.00117
482 0.00117
483 0.00116
484 0.00115
485 0.00115
486 0.00114
487 0.00114
488 0.00113
489 0.00112
490 0.00112
491 0.00111
492 0.00111
493 0.00110
494 0.00110
495 0.00109
496 0.00109
497 0.00108
498 0.00108
499 0.00107
500 0.00107
501 0.00106
502 0.00106
503 0.00105
504 0.00105
505 0.00104
506 0.00104
507 0.00103
508 0.00103
509 0.00103
510 0.00102
511 0.00102
512 0.00101
513 0.00101
514 0.00101
515 0.00100
516 0.00100
517 0.00099
518 0.00099
519 0.00099
520 0.00098
521 0.00098
522 0.00098
523 0.00097
524 0.00097
525 0.00097
526 0.00096
527 0.00096
528 0.00096
529 0.00095
530 0.00095
531 0.00095
532 0.00095
533 0.00094
534 0.00094
535 0.00094
536 0.00094
537 0.00093
538 0.00093
539 0.00093
540 0.00093
541 0.00092
542 0.00092
543 0.00092
544 0.00092
545 0.00092
546 0.00091
547 0.00091
548 0.00091
549 0.00091
550 0.00091
551 0.00090
552 0.00090
553 0.00090
554 0.00090
555 0.00090
556 0.00090
557 0.00090
558 0.00089
559 0.00089
560 0.00089
561 0.00089
562 0.00089
563 0.00089
564 0.00089
565 0.00089
566 0.00089
567 0.00089
568 0.00088
569 0.00088
570 0.00088
571 0.00088
572 0.00088
573 0.00088
574 0.00088
575 0.00088
576 0.00088
577 0.00088
578 0.00088
579 0.00088
580 0.00088
581 0.00088
582 0.00088
583 0.00088
584 0.00088
585 0.00088
586 0.00088
587 0.00088
588 0.00088
589 0.00088
590 0.00088
591 0.00088
592 0.00089
593 0.00089
594 0.00089
595 0.00089
596 0.00089
597 0.00089
598 0.00089
599 0.00089
600 0.00089
601 0.00089
602 0.00090
603 0.00090
604 0.00090
605 0.00090
606 0.00090
607 0.00090
608 0.00091
609 0.00091
610 0.00091
611 0.00091
612 0.00091
613 0.00092
614 0.00092
615 0.00092
616 0.00092
617 0.00092
618 0.00093
619 0.00093
620 0.00093
621 0.00093
622 0.00094
623 0.00094
624 0.00094
625 0.00095
626 0.00095
627 0.00095
628 0.00096
629 0.00096
630 0.00096
631 0.00097
632 0.00097
633 0.00097
634 0.00098
635 0.00098
636 0.00099
637 0.00099
638 0.00099
639 0.00100
640 0.00100
641 0.00101
642 0.00101
643 0.00102
644 0.00102
645 0.00103
646 0.00103
647 0.00104
648 0.00104
649 0.00105
650 0.00105
651 0.00106
652 0.00107
653 0.00107
654 0.00108
655 0.00108
656 0.00109
657 0.00110
658 0.00110
659 0.00111
660 0.00112
661 0.00112
662 0.00113
663 0.00114
664 0.00114
665 0.00115
666 0.00116
667 0.00117
668 0.00118
669 0.00118
670 0.00119
671 0.00120
672 0.00121
673 0.00122
674 0.00123
675 0.00124
676 0.00125
677 0.00126
678 0.00127
679 0.00128
680 0.00129
681 0.00130
682 0.00131
683 0.00132
684 0.00133
685 0.00134
686 0.00135
687 0.00136
688 0.00138
689 0.00139
690 0.00140
691 0.00141
692 0.00143
693 0.00144
694 0.00145
695 0.00147
696 0.00148
697 0.00149
698 0.00151
699 0.00152
700 0.00154
701 0.00155
702 0.00157
703 0.00159
704 0.00160
705 0.00162
706 0.00164
707 0.00165
708 0.00167
709 0.00169
710 0.00171
711 0.00173
712 0.00175
713 0.00177
714 0.00179
715 0.00181
716 0.00183
717 0.00185
718 0.00187
719 0.00189
720 0.00192
721 0.00194
722 0.00196
723 0.00199
724 0.00201
725 0.00204
726 0.00206
727 0.00209
728 0.00212
729 0.00215
730 0.00217
731 0.00220
732 0.00223
733 0.00226
734 0.00229
735 0.00232
736 0.00236
737 0.00239
738 0.00242
739 0.00246
740 0.00249
741 0.00253
742 0.00256
743 0.00260
744 0.00264
745 0.00268
746 0.00272
747 0.00276
748 0.00280
749 0.00284
750 0.00289
751 0.00293
752 0.00298
753 0.00303
754 0.00307
755 0.00312
756 0.00317
757 0.00322
758 0.00328
759 0.00333
760 0.00339
761 0.00344
762 0.00350
763 0.00356
764 0.00362
765 0.00368
766 0.00375
767 0.00381
768 0.00388
769 0.00395
770 0.00402
771 0.00409
772 0.00416
773 0.00424
774 0.00432
775 0.00440
776 0.00448
777 0.00456
778 0.00465
779 0.00473
780 0.00482
781 0.00492
782 0.00501
783 0.00511
784 0.00521
785 0.00531
786 0.00542
787 0.00552
788 0.00564
789 0.00575
790 0.00587
791 0.00599
792 0.00611
793 0.00624
794 0.00637
795 0.00650
796 0.00664
797 0.00678
798 0.00692
799 0.00707
800 0.00722
801 0.00738
802 0.00754
803 0.00771
804 0.00788
805 0.00806
806 0.00824
807 0.00842
808 0.00862
809 0.00881
810 0.00902
811 0.00922
812 0.00944
813 0.00966
814 0.00989
815 0.01012
816 0.01036
817 0.01061
818 0.01087
819 0.01113
820 0.01140
821 0.01168
822 0.01197
823 0.01227
824 0.01257
825 0.01289
826 0.01322
827 0.01355
828 0.01390
829 0.01425
830 0.01462
831 0.01500
832 0.01539
833 0.01580
834 0.01621
835 0.01664
836 0.01709
837 0.01755
838 0.01802
839 0.01851
840 0.01902
841 0.01954
842 0.02008
843 0.02063
844 0.02121
845 0.02180
846 0.02242
847 0.02305
848 0.02371
849 0.02439
850 0.02509
851 0.02582
852 0.02657
853 0.02734
854 0.02815
855 0.02898
856 0.02984
857 0.03073
858 0.03165
859 0.03261
860 0.03360
861 0.03462
862 0.03568
863 0.03678
864 0.03792
865 0.03910
866 0.04032
867 0.04159
868 0.04290
869 0.04426
870 0.04567
871 0.04714
872 0.04866
873 0.05023
874 0.05187
875 0.05356
876 0.05532
877 0.05715
878 0.05905
879 0.06102
880 0.06306
881 0.06518
882 0.06739
883 0.06968
884 0.07206
885 0.07454
886 0.07711
887 0.07978
888 0.08256
889 0.08545
890 0.08845
891 0.09158
892 0.09483
893 0.09821
894 0.10173
895 0.10540
896 0.10921
897 0.11318
898 0.11731
899 0.12161
900 0.12610
901 0.13077
902 0.13563
903 0.14070
904 0.14598
905 0.15149
906 0.15723
907 0.16321
908 0.16945
909 0.17596
910 0.18275
911 0.18984
912 0.18761
913 0.20794
914 0.22322
915 0.23489
916 0.24183
917 0.24531
918 0.24939
919 0.25426
920 0.26016
921 0.26746
922 0.26606
923 0.26466
924 0.27391
925 0.27250
926 0.27109
927 0.28319
928 0.28178
929 0.28037
930 0.27896
931 0.29548
932 0.29406
933 0.29264
934 0.29123
935 0.28981
936 0.28840
937 0.28699
938 0.31087
939 0.30945
940 0.30803
941 0.30661
942 0.30519
943 0.30378
944 0.30236
945 0.30095
946 0.29955
947 0.29814
948 0.29674
949 0.29534
950 0.33281
951 0.33139
952 0.32997
953 0.32856
954 0.32715
955 0.32573
956 0.32432
957 0.32292
958 0.32151
959 0.32011
960 0.31871
961 0.31731
962 0.31591
963 0.31452
964 0.31313
965 0.31174
966 0.31035
967 0.30897
968 0.30758
969 0.30620
970 0.30483
971 0.30345
972 0.30208
973 0.36909
974 0.36770
975 0.36631
976 0.36491
977 0.36352
978 0.36213
979 0.36075
980 0.35936
981 0.35798
982 0.35659
983 0.35521
984 0.35383
985 0.35246
986 0.35108
987 0.34970
988 0.34833
989 0.34696
990 0.34559
991 0.34422
992 0.34286
993 0.34149
994 0.34013
995 0.33877
996 0.33741
997 0.33605
998 0.33469
999 0.33334
1000 0.33199
1001 0.33064
1002 0.32929
1003 0.32794
1004 0.32660
1005 0.32526
1006 0.32392
1007 0.32258
1008 0.32124
1009 0.31991
1010 0.31857
1011 0.31724
1012 0.31591
1013 0.31459
1014 0.31326
1015 0.31194
1016 0.31062
1017 0.30930
1018 0.30799
1019 0.30667
1020 0.30536
1021 0.30405
1022 0.30274
1023 0.30144
1024 0.30013
1025 0.29883
1026 0.45249
1027 0.45120
1028 0.44990
1029 0.44861
1030 0.44732
1031 0.44603
1032 0.44474
1033 0.44345
1034 0.44216
1035 0.44087
1036 0.43958
1037 0.43830
1038 0.43701
1039 0.43572
1040 0.43443
1041 0.43315
1042 0.43186
1043 0.43058
1044 0.42929
1045 0.42801
1046 0.42672
1047 0.42544
1048 0.42416
1049 0.42287
1050 0.42159
1051 0.42031
1052 0.41903
1053 0.41775
1054 0.41647
1055 0.41519
1056 0.41392
1057 0.41264
1058 0.41136
1059 0.41009
1060 0.40881
1061 0.40754
1062 0.40626
1063 0.40499
1064 0.40372
1065 0.40245
1066 0.40118
1067 0.39991
1068 0.39864
1069 0.39737
1070 0.39610
1071 0.39484
1072 0.39357
1073 0.39231
1074 0.39104
1075 0.38978
1076 0.38852
1077 0.38726
1078 0.38600
1079 0.38474
1080 0.38348
1081 0.38222
1082 0.38097
1083 0.37971
1084 0.37846
1085 0.37721
1086 0.37595
1087 0.37470
1088 0.37345
1089 0.37221
1090 0.37096
1091 0.36971
1092 0.36847
1093 0.36722
1094 0.36598
1095 0.36474
1096 0.36350
1097 0.36226
1098 0.36102
1099 0.35978
1100 0.35855
1101 0.35731
1102 0.35608
1103 0.35484
1104 0.35361
1105 0.35238
1106 0.35116
1107 0.34993
1108 0.34870
1109 0.34748
1110 0.34626
1111 0.34503
1112 0.34381
1113 0.34259
1114 0.34138
1115 0.34016
1116 0.33895
1117 0.33773
1118 0.33652
1119 0.33531
1120 0.33410
1121 0.33289
1122 0.33169
1123 0.33048
1124 0.32928
1125 0.32808
1126 0.32688
1127 0.32568
1128 0.32448
1129 0.32329
1130 0.32209
1131 0.32090
1132 0.31971
1133 0.31852
1134 0.31733
1135 0.31614
1136 0.31496
1137 0.31378
1138 0.31260
1139 0.31142
1140 0.31024
1141 0.30906
1142 0.30789
1143 0.30672
1144 0.30555
1145 0.30438
1146 0.30321
1147 0.30204
1148 0.30088
1149 0.29972
1150 0.29856
1151 0.29740
1152 0.29624
1153 0.29509
1154 0.29393
1155 0.29278
1156 0.29163
1157 0.29048
1158 0.28934
1159 0.28819
1160 0.28705
1161 0.28591
1162 0.28477
1163 0.28364
1164 0.28250
1165 0.28137
1166 0.28024
1167 0.27911
1168 0.27798
1169 0.27686
1170 0.27573
1171 0.27461
1172 0.27349
1173 0.27238
1174 0.27126
1175 0.27015
1176 0.26904
1177 0.26793
1178 0.26682
1179 0.26572
1180 0.26462
1181 0.26351
1182 0.26242
1183 0.26132
1184 0.26023
1185 0.25913
1186 0.25804
1187 0.25695
1188 0.25587
1189 0.25479
1190 0.25370
1191 0.25262
1192 0.25155
1193 0.25047
1194 0.24940
1195 0.24833
1196 0.24726
1197 0.24619
1198 0.24513
1199 0.24407
1200 0.24301
1201 0.24195
1202 0.24089
1203 0.23984
1204 0.23879
1205 0.23774
1206 0.23670
1207 0.23565
1208 0.23461
1209 0.23357
1210 0.23253
1211 0.23150
1212 0.23047
1213 0.22944
1214 0.22841
1215 0.22738
1216 1.00000
