17 35.88993
18 25.91083
19 19.13229
20 14.41061
21 11.04750
22 8.60391
23 6.79643
24 5.43774
25 4.40138
26 3.60031
27 2.97354
28 2.47766
29 2.08131
30 1.76149
31 1.50117
32 1.28756
33 1.11094
34 0.96389
35 0.84065
36 0.73672
37 0.64858
38 0.57342
39 0.50901
40 0.45353
41 0.40554
42 0.36385
43 0.32748
44 0.29564
45 0.26765
46 0.24297
47 0.22113
48 0.20174
49 0.18449
50 0.16908
51 0.15529
52 0.14291
53 0.13178
54 0.12173
55 0.11265
56 0.10442
57 0.09696
58 0.09016
59 0.08397
60 0.07831
61 0.07314
62 0.06840
63 0.06405
64 0.06004
65 0.05636
66 0.05296
67 0.04982
68 0.04692
69 0.04423
70 0.04174
71 0.03943
72 0.03728
73 0.03527
74 0.03341
75 0.03167
76 0.03004
77 0.02852
78 0.02710
79 0.02577
80 0.02452
81 0.02335
82 0.02224
83 0.02121
84 0.02023
85 0.01932
86 0.01845
87 0.01764
88 0.01687
89 0.01614
90 0.01545
91 0.01480
92 0.01418
93 0.01360
94 0.01305
95 0.01252
96 0.01202
97 0.01155
98 0.01110
99 0.01067
100 0.01027
101 0.00988
102 0.00951
103 0.00916
104 0.00882
105 0.00850
106 0.00820
107 0.00790
108 0.00763
109 0.00736
110 0.00710
111 0.00686
112 0.00663
113 0.00640
114 0.00619
115 0.00598
116 0.00579
117 0.00560
118 0.00542
119 0.00524
120 0.00508
121 0.00492
122 0.00476
123 0.00461
124 0.00447
125 0.00433
126 0.00420
127 0.00407
128 0.00395
129 0.00383
130 0.00372
131 0.00361
132 0.00351
133 0.00340
134 0.00331
135 0.00321
136 0.00312
137 0.00303
138 0.00295
139 0.00286
140 0.00279
141 0.00271
142 0.00263
143 0.00256
144 0.00249
145 0.00243
146 0.00236
147 0.00230
148 0.00224
149 0.00218
150 0.00212
151 0.00207
152 0.00201
153 0.00196
154 0.00191
155 0.00186
156 0.00181
157 0.00177
158 0.00172
159 0.00168
160 0.00164
161 0.00160
162 0.00156
163 0.00152
164 0.00148
165 0.00145
166 0.00141
167 0.00138
168 0.00134
169 0.00131
170 0.00128
171 0.00125
172 0.00122
173 0.00119
174 0.00116
175 0.00113
176 0.00111
177 0.00108
178 0.00106
179 0.00103
180 0.00101
181 0.00099
182 0.00096
183 0.00094
184 0.00092
185 0.00090
186 0.00088
187 0.00086
188 0.00084
189 0.00082
190 0.00080
191 0.00078
192 0.00077
193 0.00075
194 0.00073
195 0.00072
196 0.00070
197 0.00069
198 0.00067
199 0.00066
200 0.00064
201 0.00063
202 0.00062
203 0.00060
204 0.00059
205 0.00058
206 0.00056
207 0.00055
208 0.00054
209 0.00053
210 0.00052
211 0.00051
212 0.00050
213 0.00049
214 0.00048
215 0.00047
216 0.00046
217 0.00045
218 0.00044
219 0.00043
220 0.00042
221 0.00041
222 0.00040
223 0.00039
224 0.00039
225 0.00038
226 0.00037
227 0.00036
228 0.00035
229 0.00035
230 0.00034
231 0.00033
232 0.00033
233 0.00032
234 0.00031
235 0.00031
236 0.00030
237 0.00029
238 0.00029
239 0.00028
240 0.00028
241 0.00027
242 0.00027
243 0.00026
244 0.00026
245 0.00025
246 0.00025
247 0.00024
248 0.00024
249 0.00023
250 0.00023
251 0.00022
252 0.00022
253 0.00021
254 0.00021
255 0.00020
256 0.00020
257 0.00020
258 0.00019
259 0.00019
260 0.00019
261 0.00018
262 0.00018
263 0.00017
264 0.00017
265 0.00017
266 0.00016
267 0.00016
268 0.00016
269 0.00015
270 0.00015
271 0.00015
272 0.00015
273 0.00014
274 0.00014
275 0.00014
276 0.00013
277 0.00013
278 0.00013
279 0.00013
280 0.00012
281 0.00012
282 0.00012
283 0.00012
284 0.00012
285 0.00011
286 0.00011
287 0.00011
288 0.00011
289 0.00010
290 0.00010
291 0.00010
292 0.00010
293 0.00010
294 0.00009
295 0.00009
296 0.00009
297 0.00009
298 0.00009
299 0.00009
300 0.00008
301 0.00008
302 0.00008
303 0.00008
304 0.00008
305 0.00008
306 0.00008
307 0.00007
308 0.00007
309 0.00007
310 0.00007
311 0.00007
312 0.00007
313 0.00007
314 0.00006
315 0.00006
316 0.00006
317 0.00006
318 0.00006
319 0.00006
320 0.00006
321 0.00006
322 0.00006
323 0.00005
324 0.00005
325 0.00005
326 0.00005
327 0.00005
328 0.00005
329 0.00005
330 0.00005
331 0.00005
332 0.00005
333 0.00004
334 0.00004
335 0.00004
336 0.00004
337 0.00004
338 0.00004
339 0.00004
340 0.00004
341 0.00004
342 0.00004
343 0.00004
344 0.00004
345 0.00004
346 0.00004
347 0.00003
348 0.00003
349 0.00003
350 0.00003
351 0.00003
352 0.00003
353 0.00003
354 0.00003
355 0.00003
356 0.00003
357 0.00003
358 0.00003
359 0.00003
360 0.00003
361 0.00003
362 0.00003
363 0.00003
364 0.00003
365 0.00002
366 0.00002
367 0.00002
368 0.00002
369 0.00002
370 0.00002
371 0.00002
372 0.00002
373 0.00002
374 0.00002
375 0.00002
376 0.00002
377 0.00002
378 0.00002
379 0.00002
380 0.00002
381 0.00002
382 0.00002
383 0.00002
384 0.00002
385 0.00002
386 0.00002
387 0.00002
388 0.00002
389 0.00002
390 0.00002
391 0.00002
392 0.00002
393 0.00002
394 0.00001
395 0.00001
396 0.00001
397 0.00001
398 0.00001
399 0.00001
400 0.00001
401 0.00001
402 0.00001
403 0.00001
404 0.00001
405 0.00001
406 0.00001
407 0.00001
408 0.00001
409 0.00001
410 0.00001
411 0.00001
412 0.00001
413 0.00001
414 0.00001
415 0.00001
416 0.00001
417 0.00001
418 0.00001
419 0.00001
420 0.00001
421 0.00001
422 0.00001
423 0.00001
424 0.00001
425 0.00001
426 0.00001
427 0.00001
428 0.00001
429 0.00001
430 0.00001
431 0.00001
432 0.00001
433 0.00001
434 0.00001
435 0.00001
436 0.00001
437 0.00001
438 0.00001
439 0.00001
440 0.00001
441 0.00001
442 0.00001
443 0.00001
444 0.00001
445 0.00001
446 0.00001
447 0.00001
448 0.00001
449 0.00001
450 0.00001
451 0.00001
452 0.00001
453 0.00001
454 0.00001
455 0.00001
456 0.00001
457 0.00001
458 0.00001
459 0.00001
460 0.00001
461 0.00001
462 0.00001
463 0.00000
464 0.00000
465 0.00000
466 0.00000
467 0.00000
468 0.00000
469 0.00000
470 0.00000
471 0.00000
472 0.00000
473 0.00000
474 0.00000
475 0.00000
476 0.00000
477 0.00000
478 0.00000
479 0.00000
480 0.00000
481 0.00000
482 0.00000
483 0.00000
484 0.00000
485 0.00000
486 0.00000
487 0.00000
488 0.00000
489 0.00000
490 0.00000
491 0.00000
492 0.00000
493 0.00000
494 0.00000
495 0.00000
496 0.00000
497 0.00000
498 0.00000
499 0.00000
500 0.00000
501 0.00000
502 0.00000
503 0.00000
504 0.00000
505 0.00000
506 0.00000
507 0.00000
508 0.00000
509 0.00000
510 0.00000
511 0.00000
512 0.00000
513 0.00000
514 0.00000
515 0.00000
516 0.00000
517 0.00000
518 0.00000
519 0.00000
520 0.00000
521 0.00000
522 0.00000
523 0.00000
524 0.00000
525 0.00000
526 0.00000
527 0.00000
528 0.00000
529 0.00000
530 0.00000
531 0.00000
532 0.00000
533 0.00000
534 0.00000
535 0.00000
536 0.00000
537 0.00000
538 0.00000
539 0.00000
540 0.00000
541 0.00000
542 0.00000
543 0.00000
544 0.00000
545 0.00000
546 0.00000
547 0.00000
548 0.00000
549 0.00000
550 0.00000
551 0.00000
552 0.00000
553 0.00000
554 0.00000
555 0.00000
556 0.00000
557 0.00000
558 0.00000
559 0.00000
560 0.00000
561 0.00000
562 0.00000
563 0.00000
564 0.00000
565 0.00000
566 0.00000
567 0.00000
568 0.00000
569 0.00000
570 0.00000
571 0.00000
572 0.00000
573 0.00000
574 0.00000
575 0.00000
576 0.00000
577 0.00000
578 0.00000
579 0.00000
580 0.00000
581 0.00000
582 0.00000
583 0.00000
584 0.00000
585 0.00000
586 0.00000
587 0.00000
588 0.00000
589 0.00000
590 0.00000
591 0.00000
592 0.00000
593 0.00000
594 0.00000
595 0.00000
596 0.00000
597 0.00000
598 0.00000
599 0.00000
600 0.00000
601 0.00000
602 0.00000
603 0.00000
604 0.00000
605 0.00000
606 0.00000
607 0.00000
608 0.00000
609 0.00000
610 0.00000
611 0.00000
612 0.00000
613 0.00000
614 0.00000
615 0.00000
616 0.00000
617 0.00000
618 0.00000
619 0.00000
620 0.00000
621 0.00000
622 0.00000
623 0.00000
624 0.00000
625 0.00000
626 0.00000
627 0.00000
628 0.00000
629 0.00000
630 0.00000
631 0.00000
632 0.00000
633 0.00000
634 0.00000
635 0.00000
636 0.00000
637 0.00000
638 0.00000
639 0.00000
640 0.00000
641 0.00000
642 0.00000
643 0.00000
644 0.00000
645 0.00000
646 0.00000
647 0.00000
648 0.00000
649 0.00000
650 0.00000
651 0.00000
652 0.00000
653 0.00000
654 0.00000
655 0.00000
656 0.00000
657 0.00000
658 0.00000
659 0.00000
660 0.00000
661 0.00000
662 0.00000
663 0.00000
664 0.00000
665 0.00000
666 0.00000
667 0.00000
668 0.00000
669 0.00000
670 0.00000
671 0.00000
672 0.00000
673 0.00000
674 0.00000
675 0.00000
676 0.00000
677 0.00000
678 0.00000
679 0.00000
680 0.00000
681 0.00000
682 0.00000
683 0.00000
684 0.00000
685 0.00000
686 0.00000
687 0.00000
688 0.00000
689 0.00000
690 0.00000
691 0.00000
692 0.00000
693 0.00000
694 0.00000
695 0.00000
696 0.00000
697 0.00000
698 0.00000
699 0.00000
700 0.00000
701 0.00000
702 0.00000
703 0.00000
704 0.00000
705 0.00000
706 0.00000
707 0.00000
708 0.00000
709 0.00000
710 0.00000
711 0.00000
712 0.00000
713 0.00000
714 0.00000
715 0.00000
716 0.00000
717 0.00000
718 0.00000
719 0.00000
720 0.00000
721 0.00000
722 0.00000
723 0.00000
724 0.00000
725 0.00001
726 0.00001
727 0.00001
728 0.00001
729 0.00001
730 0.00001
731 0.00001
732 0.00001
733 0.00001
734 0.00001
735 0.00001
736 0.00001
737 0.00001
738 0.00001
739 0.00001
740 0.00001
741 0.00001
742 0.00001
743 0.00001
744 0.00001
745 0.00001
746 0.00001
747 0.00001
748 0.00001
749 0.00001
750 0.00001
751 0.00001
752 0.00001
753 0.00001
754 0.00001
755 0.00001
756 0.00001
757 0.00001
758 0.00001
759 0.00001
760 0.00001
761 0.00001
762 0.00001
763 0.00001
764 0.00001
765 0.00001
766 0.00001
767 0.00001
768 0.00001
769 0.00001
770 0.00001
771 0.00001
772 0.00002
773 0.00002
774 0.00002
775 0.00002
776 0.00002
777 0.00002
778 0.00002
779 0.00002
780 0.00002
781 0.00002
782 0.00002
783 0.00002
784 0.00002
785 0.00002
786 0.00002
787 0.00002
788 0.00003
789 0.00003
790 0.00003
791 0.00003
792 0.00003
793 0.00003
794 0.00003
795 0.00003
796 0.00003
797 0.00003
798 0.00004
799 0.00004
800 0.00004
801 0.00004
802 0.00004
803 0.00004
804 0.00005
805 0.00005
806 0.00005
807 0.00005
808 0.00005
809 0.00006
810 0.00006
811 0.00006
812 0.00006
813 0.00007
814 0.00007
815 0.00007
816 0.00007
817 0.00008
818 0.00008
819 0.00008
820 0.00009
821 0.00009
822 0.00010
823 0.00010
824 0.00011
825 0.00011
826 0.00012
827 0.00012
828 0.00013
829 0.00013
830 0.00014
831 0.00015
832 0.00015
833 0.00016
834 0.00017
835 0.00018
836 0.00019
837 0.00020
838 0.00021
839 0.00022
840 0.00023
841 0.00024
842 0.00026
843 0.00027
844 0.00029
845 0.00030
846 0.00032
847 0.00034
848 0.00035
849 0.00037
850 0.00040
851 0.00042
852 0.00044
853 0.00047
854 0.00050
855 0.00053
856 0.00056
857 0.00059
858 0.00063
859 0.00067
860 0.00071
861 0.00075
862 0.00080
863 0.00085
864 0.00090
865 0.00096
866 0.00102
867 0.00108
868 0.00115
869 0.00123
870 0.00131
871 0.00139
872 0.00149
873 0.00159
874 0.00169
875 0.00181
876 0.00193
877 0.00206
878 0.00221
879 0.00236
880 0.00253
881 0.00271
882 0.00290
883 0.00311
884 0.00333
885 0.00357
886 0.00384
887 0.00412
888 0.00443
889 0.00476
890 0.00511
891 0.00550
892 0.00592
893 0.00638
894 0.00687
895 0.00741
896 0.00799
897 0.00862
898 0.00931
899 0.01005
900 0.01086
901 0.01175
902 0.01271
903 0.01375
904 0.01489
905 0.01613
906 0.01748
907 0.01896
908 0.02057
909 0.02233
910 0.02426
911 0.02636
912 0.02808
913 0.03400
914 0.03909
915 0.04343
916 0.04618
917 0.04755
918 0.04925
919 0.05138
920 0.05412
921 0.05771
922 0.05686
923 0.05602
924 0.06080
925 0.05993
926 0.05907
927 0.06570
928 0.06479
929 0.06389
930 0.06299
931 0.07268
932 0.07172
933 0.07076
934 0.06982
935 0.06889
936 0.06796
937 0.06704
938 0.08205
939 0.08103
940 0.08002
941 0.07902
942 0.07803
943 0.07705
944 0.07607
945 0.07511
946 0.07415
947 0.07320
948 0.07226
949 0.07133
950 0.09689
951 0.09580
952 0.09472
953 0.09365
954 0.09259
955 0.09153
956 0.09049
957 0.08945
958 0.08841
959 0.08739
960 0.08637
961 0.08537
962 0.08436
963 0.08337
964 0.08239
965 0.08141
966 0.08044
967 0.07948
968 0.07853
969 0.07758
970 0.07664
971 0.07571
972 0.07479
973 0.12582
974 0.12464
975 0.12347
976 0.12231
977 0.12116
978 0.12001
979 0.11887
980 0.11774
981 0.11661
982 0.11549
983 0.11437
984 0.11327
985 0.11217
986 0.11107
987 0.10999
988 0.10891
989 0.10783
990 0.10677
991 0.10571
992 0.10465
993 0.10361
994 0.10257
995 0.10153
996 0.10051
997 0.09949
998 0.09847
999 0.09747
1000 0.09647
1001 0.09548
1002 0.09449
1003 0.09351
1004 0.09254
1005 0.09157
1006 0.09061
1007 0.08966
1008 0.08871
1009 0.08777
1010 0.08684
1011 0.08591
1012 0.08500
1013 0.08408
1014 0.08318
1015 0.08228
1016 0.08138
1017 0.08050
1018 0.07962
1019 0.07874
1020 0.07770
1021 0.07664
1022 0.07559
1023 0.07455
1024 0.07352
1025 0.07250
1026 0.21428
1027 0.21252
1028 0.21077
1029 0.20902
1030 0.20728
1031 0.20555
1032 0.20382
1033 0.20210
1034 0.20039
1035 0.19868
1036 0.19699
1037 0.19530
1038 0.19361
1039 0.19194
1040 0.19027
1041 0.18861
1042 0.18695
1043 0.18531
1044 0.18367
1045 0.18204
1046 0.18041
1047 0.17880
1048 0.17719
1049 0.17559
1050 0.17400
1051 0.17241
1052 0.17083
1053 0.16926
1054 0.16770
1055 0.16615
1056 0.16460
1057 0.16306
1058 0.16153
1059 0.16001
1060 0.15849
1061 0.15699
1062 0.15549
1063 0.15400
1064 0.15252
1065 0.15104
1066 0.14957
1067 0.14812
1068 0.14667
1069 0.14522
1070 0.14379
1071 0.14237
1072 0.14095
1073 0.13954
1074 0.13814
1075 0.13675
1076 0.13536
1077 0.13399
1078 0.13262
1079 0.13126
1080 0.12991
1081 0.12857
1082 0.12723
1083 0.12591
1084 0.12459
1085 0.12328
1086 0.12198
1087 0.12069
1088 0.11940
1089 0.11813
1090 0.11686
1091 0.11560
1092 0.11435
1093 0.11311
1094 0.11188
1095 0.11065
1096 0.10944
1097 0.10823
1098 0.10703
1099 0.10584
1100 0.10466
1101 0.10348
1102 0.10232
1103 0.10116
1104 0.10001
1105 0.09887
1106 0.09774
1107 0.09662
1108 0.09550
1109 0.09440
1110 0.09330
1111 0.09221
1112 0.09113
1113 0.09006
1114 0.08899
1115 0.08793
1116 0.08689
1117 0.08585
1118 0.08482
1119 0.08379
1120 0.08278
1121 0.08177
1122 0.08077
1123 0.07978
1124 0.07880
1125 0.07783
1126 0.07686
1127 0.07591
1128 0.07496
1129 0.07402
1130 0.07309
1131 0.07216
1132 0.07125
1133 0.07034
1134 0.06944
1135 0.06854
1136 0.06766
1137 0.06678
1138 0.06592
1139 0.06506
1140 0.06420
1141 0.06336
1142 0.06252
1143 0.06169
1144 0.06087
1145 0.06006
1146 0.05925
1147 0.05846
1148 0.05766
1149 0.05688
1150 0.05611
1151 0.05534
1152 0.05458
1153 0.05383
1154 0.05308
1155 0.05235
1156 0.05162
1157 0.05089
1158 0.05018
1159 0.04947
1160 0.04877
1161 0.04808
1162 0.04739
1163 0.04671
1164 0.04604
1165 0.04537
1166 0.04472
1167 0.04407
1168 0.04342
1169 0.04279
1170 0.04216
1171 0.04153
1172 0.04092
1173 0.04031
1174 0.03971
1175 0.03911
1176 0.03852
1177 0.03794
1178 0.03737
1179 0.03680
1180 0.03623
1181 0.03568
1182 0.03513
1183 0.03459
1184 0.03405
1185 0.03352
1186 0.03299
1187 0.03248
1188 0.03197
1189 0.03146
1190 0.03096
1191 0.03047
1192 0.02998
1193 0.02950
1194 0.02902
1195 0.02855
1196 0.02809
1197 0.02763
1198 0.02718
1199 0.02674
1200 0.02630
1201 0.02586
1202 0.02543
1203 0.02501
1204 0.02459
1205 0.02418
1206 0.02377
1207 0.02337
1208 0.02297
1209 0.02258
1210 0.02219
1211 0.02181
1212 0.02144
1213 0.02107
1214 0.02070
1215 0.02034
1216 1.00000
