17 1.06939
18 1.06137
19 1.05394
20 1.04702
21 1.04057
22 1.03452
23 1.02883
24 1.02347
25 1.01840
26 1.01360
27 1.00903
28 1.00469
29 1.00055
30 0.99659
31 0.99280
32 0.98917
33 0.98569
34 0.98234
35 0.97912
36 0.97601
37 0.97301
38 0.97012
39 0.96732
40 0.96461
41 0.96199
42 0.95944
43 0.95698
44 0.95458
45 0.95225
46 0.94999
47 0.94778
48 0.94564
49 0.94354
50 0.94151
51 0.93952
52 0.93757
53 0.93568
54 0.93382
55 0.93201
56 0.93024
57 0.92851
58 0.92681
59 0.92515
60 0.92352
61 0.92192
62 0.92036
63 0.91882
64 0.91731
65 0.91584
66 0.91438
67 0.91296
68 0.91156
69 0.91018
70 0.90883
71 0.90750
72 0.90619
73 0.90490
74 0.90363
75 0.90238
76 0.90116
77 0.89995
78 0.89876
79 0.89758
80 0.89642
81 0.89528
82 0.89416
83 0.89305
84 0.89196
85 0.89088
86 0.88982
87 0.88877
88 0.88773
89 0.88671
90 0.88570
91 0.88471
92 0.88372
93 0.88275
94 0.88179
95 0.88084
96 0.87991
97 0.87898
98 0.87806
99 0.87716
100 0.87627
101 0.87538
102 0.87451
103 0.87364
104 0.87279
105 0.87194
106 0.87111
107 0.87028
108 0.86946
109 0.86865
110 0.86785
111 0.86705
112 0.86627
113 0.86549
114 0.86472
115 0.86396
116 0.86320
117 0.86245
118 0.86171
119 0.86098
120 0.86026
121 0.85954
122 0.85882
123 0.85812
124 0.85742
125 0.85673
126 0.85604
127 0.85536
128 0.85468
129 0.85402
130 0.85335
131 0.85270
132 0.85205
133 0.85140
134 0.85076
135 0.85013
136 0.84950
137 0.84888
138 0.84826
139 0.84765
140 0.84704
141 0.84644
142 0.84584
143 0.84525
144 0.84466
145 0.84408
146 0.84350
147 0.84293
148 0.84236
149 0.84179
150 0.84123
151 0.84068
152 0.84013
153 0.83958
154 0.83904
155 0.83850
156 0.83797
157 0.83744
158 0.83691
159 0.83639
160 0.83587
161 0.83536
162 0.83485
163 0.83434
164 0.83384
165 0.83334
166 0.83285
167 0.83235
168 0.83187
169 0.83138
170 0.83090
171 0.83043
172 0.82995
173 0.82948
174 0.82902
175 0.82855
176 0.82810
177 0.82764
178 0.82719
179 0.82674
180 0.82629
181 0.82585
182 0.82541
183 0.82497
184 0.82454
185 0.82411
186 0.82368
187 0.82326
188 0.82284
189 0.82242
190 0.82200
191 0.82159
192 0.82118
193 0.82077
194 0.82037
195 0.81997
196 0.81957
197 0.81918
198 0.81878
199 0.81840
200 0.81801
201 0.81762
202 0.81724
203 0.81687
204 0.81649
205 0.81612
206 0.81575
207 0.81538
208 0.81501
209 0.81465
210 0.81429
211 0.81393
212 0.81358
213 0.81322
214 0.81287
215 0.81253
216 0.81218
217 0.81184
218 0.81150
219 0.81116
220 0.81082
221 0.81049
222 0.81016
223 0.80983
224 0.80951
225 0.80918
226 0.80886
227 0.80854
228 0.80823
229 0.80791
230 0.80760
231 0.80729
232 0.80698
233 0.80668
234 0.80637
235 0.80607
236 0.80577
237 0.80547
238 0.80518
239 0.80489
240 0.80460
241 0.80431
242 0.80402
243 0.80374
244 0.80346
245 0.80318
246 0.80290
247 0.80262
248 0.80235
249 0.80208
250 0.80181
251 0.80154
252 0.80128
253 0.80101
254 0.80075
255 0.80049
256 0.80023
257 0.79998
258 0.79973
259 0.79947
260 0.79922
261 0.79898
262 0.79873
263 0.79849
264 0.79825
265 0.79801
266 0.79777
267 0.79753
268 0.79730
269 0.79707
270 0.79683
271 0.79661
272 0.79638
273 0.79615
274 0.79593
275 0.79571
276 0.79549
277 0.79527
278 0.79506
279 0.79484
280 0.79463
281 0.79442
282 0.79421
283 0.79401
284 0.79380
285 0.79360
286 0.79340
287 0.79320
288 0.79300
289 0.79280
290 0.79261
291 0.79241
292 0.79222
293 0.79203
294 0.79185
295 0.79166
296 0.79148
297 0.79129
298 0.79111
299 0.79093
300 0.79076
301 0.79058
302 0.79041
303 0.79024
304 0.79007
305 0.78990
306 0.78973
307 0.78956
308 0.78940
309 0.78924
310 0.78908
311 0.78892
312 0.78876
313 0.78860
314 0.78845
315 0.78830
316 0.78815
317 0.78800
318 0.78785
319 0.78770
320 0.78756
321 0.78742
322 0.78728
323 0.78714
324 0.78700
325 0.78686
326 0.78673
327 0.78659
328 0.78646
329 0.78633
330 0.78620
331 0.78608
332 0.78595
333 0.78583
334 0.78571
335 0.78558
336 0.78547
337 0.78535
338 0.78523
339 0.78512
340 0.78500
341 0.78489
342 0.78478
343 0.78467
344 0.78457
345 0.78446
346 0.78436
347 0.78426
348 0.78415
349 0.78406
350 0.78396
351 0.78386
352 0.78377
353 0.78367
354 0.78358
355 0.78349
356 0.78340
357 0.78332
358 0.78323
359 0.78315
360 0.78306
361 0.78298
362 0.78290
363 0.78282
364 0.78275
365 0.78267
366 0.78260
367 0.78252
368 0.78245
369 0.78238
370 0.78232
371 0.78225
372 0.78218
373 0.78212
374 0.78206
375 0.78200
376 0.78194
377 0.78188
378 0.78182
379 0.78177
380 0.78171
381 0.78166
382 0.78161
383 0.78156
384 0.78151
385 0.78147
386 0.78142
387 0.78138
388 0.78134
389 0.78130
390 0.78126
391 0.78122
392 0.78118
393 0.78115
394 0.78111
395 0.78108
396 0.78105
397 0.78102
398 0.78099
399 0.78097
400 0.78094
401 0.78092
402 0.78090
403 0.78088
404 0.78086
405 0.78084
406 0.78082
407 0.78081
408 0.78079
409 0.78078
410 0.78077
411 0.78076
412 0.78075
413 0.78075
414 0.78074
415 0.78074
416 0.78073
417 0.78073
418 0.78073
419 0.78073
420 0.78074
421 0.78074
422 0.78075
423 0.78075
424 0.78076
425 0.78077
426 0.78078
427 0.78080
428 0.78081
429 0.78083
430 0.78084
431 0.78086
432 0.78088
433 0.78090
434 0.78092
435 0.78095
436 0.78097
437 0.78100
438 0.78103
439 0.78106
440 0.78109
441 0.78112
442 0.78115
443 0.78119
444 0.78122
445 0.78126
446 0.78130
447 0.78134
448 0.78138
449 0.78143
450 0.78147
451 0.78152
452 0.78156
453 0.78161
454 0.78166
455 0.78171
456 0.78176
457 0.78182
458 0.78187
459 0.78193
460 0.78199
461 0.78205
462 0.78211
463 0.78217
464 0.78223
465 0.78230
466 0.78236
467 0.78243
468 0.78250
469 0.78257
470 0.78264
471 0.78272
472 0.78279
473 0.78287
474 0.78294
475 0.78302
476 0.78310
477 0.78318
478 0.78327
479 0.78335
480 0.78343
481 0.78352
482 0.78361
483 0.78370
484 0.78379
485 0.78388
486 0.78398
487 0.78407
488 0.78417
489 0.78426
490 0.78436
491 0.78446
492 0.78456
493 0.78467
494 0.78477
495 0.78488
496 0.78498
497 0.78509
498 0.78520
499 0.78531
500 0.78543
501 0.78554
502 0.78566
503 0.78577
504 0.78589
505 0.78601
506 0.78613
507 0.78625
508 0.78638
509 0.78650
510 0.78663
511 0.78675
512 0.78688
513 0.78701
514 0.78714
515 0.78728
516 0.78741
517 0.78755
518 0.78768
519 0.78782
520 0.78796
521 0.78810
522 0.78825
523 0.78839
524 0.78854
525 0.78868
526 0.78883
527 0.78898
528 0.78913
529 0.78928
530 0.78944
531 0.78959
532 0.78975
533 0.78991
534 0.79006
535 0.79022
536 0.79039
537 0.79055
538 0.79071
539 0.79088
540 0.79105
541 0.79122
542 0.79139
543 0.79156
544 0.79173
545 0.79190
546 0.79208
547 0.79226
548 0.79243
549 0.79261
550 0.79280
551 0.79298
552 0.79316
553 0.79335
554 0.79353
555 0.79372
556 0.79391
557 0.79410
558 0.79429
559 0.79449
560 0.79468
561 0.79488
562 0.79508
563 0.79528
564 0.79548
565 0.79568
566 0.79588
567 0.79609
568 0.79629
569 0.79650
570 0.79671
571 0.79692
572 0.79713
573 0.79734
574 0.79756
575 0.79777
576 0.79799
577 0.79821
578 0.79843
579 0.79865
580 0.79888
581 0.79910
582 0.79933
583 0.79955
584 0.79978
585 0.80001
586 0.80024
587 0.80048
588 0.80071
589 0.80095
590 0.80118
591 0.80142
592 0.80166
593 0.80190
594 0.80215
595 0.80239
596 0.80264
597 0.80288
598 0.80313
599 0.80338
600 0.80363
601 0.80388
602 0.80414
603 0.80439
604 0.80465
605 0.80491
606 0.80517
607 0.80543
608 0.80569
609 0.80596
610 0.80622
611 0.80649
612 0.80676
613 0.80703
614 0.80730
615 0.80758
616 0.80785
617 0.80813
618 0.80840
619 0.80868
620 0.80896
621 0.80924
622 0.80953
623 0.80981
624 0.81010
625 0.81038
626 0.81067
627 0.81096
628 0.81126
629 0.81155
630 0.81184
631 0.81214
632 0.81244
633 0.81274
634 0.81304
635 0.81334
636 0.81364
637 0.81395
638 0.81426
639 0.81456
640 0.81487
641 0.81519
642 0.81550
643 0.81581
644 0.81613
645 0.81644
646 0.81676
647 0.81708
648 0.81740
649 0.81773
650 0.81805
651 0.81838
652 0.81871
653 0.81904
654 0.81937
655 0.81970
656 0.82003
657 0.82037
658 0.82070
659 0.82104
660 0.82138
661 0.82172
662 0.82207
663 0.82241
664 0.82275
665 0.82310
666 0.82345
667 0.82380
668 0.82415
669 0.82451
670 0.82486
671 0.82522
672 0.82558
673 0.82594
674 0.82630
675 0.82666
676 0.82702
677 0.82739
678 0.82776
679 0.82813
680 0.82850
681 0.82887
682 0.82924
683 0.82962
684 0.82999
685 0.83037
686 0.83075
687 0.83113
688 0.83151
689 0.83190
690 0.83229
691 0.83267
692 0.83306
693 0.83345
694 0.83385
695 0.83424
696 0.83463
697 0.83503
698 0.83543
699 0.83583
700 0.83623
701 0.83664
702 0.83704
703 0.83745
704 0.83786
705 0.83827
706 0.83868
707 0.83909
708 0.83951
709 0.83992
710 0.84034
711 0.84076
712 0.84118
713 0.84160
714 0.84203
715 0.84245
716 0.84288
717 0.84331
718 0.84374
719 0.84417
720 0.84461
721 0.84504
722 0.84548
723 0.84592
724 0.84636
725 0.84680
726 0.84725
727 0.84769
728 0.84814
729 0.84859
730 0.84904
731 0.84949
732 0.84995
733 0.85040
734 0.85086
735 0.85132
736 0.85178
737 0.85224
738 0.85271
739 0.85317
740 0.85364
741 0.85411
742 0.85458
743 0.85505
744 0.85553
745 0.85600
746 0.85648
747 0.85696
748 0.85744
749 0.85792
750 0.85841
751 0.85889
752 0.85938
753 0.85987
754 0.86036
755 0.86086
756 0.86135
757 0.86185
758 0.86234
759 0.86284
760 0.86335
761 0.86385
762 0.86436
763 0.86486
764 0.86537
765 0.86588
766 0.86639
767 0.86691
768 0.86742
769 0.86794
770 0.86846
771 0.86898
772 0.86950
773 0.87003
774 0.87055
775 0.87108
776 0.87161
777 0.87214
778 0.87268
779 0.87321
780 0.87375
781 0.87429
782 0.87483
783 0.87537
784 0.87592
785 0.87646
786 0.87701
787 0.87756
788 0.87811
789 0.87867
790 0.87922
791 0.87978
792 0.88034
793 0.88090
794 0.88146
795 0.88202
796 0.88259
797 0.88316
798 0.88373
799 0.88430
800 0.88487
801 0.88545
802 0.88603
803 0.88661
804 0.88719
805 0.88777
806 0.88835
807 0.88894
808 0.88953
809 0.89012
810 0.89071
811 0.89131
812 0.89190
813 0.89250
814 0.89310
815 0.89370
816 0.89431
817 0.89491
818 0.89552
819 0.89613
820 0.89674
821 0.89735
822 0.89797
823 0.89859
824 0.89921
825 0.89983
826 0.90045
827 0.90108
828 0.90170
829 0.90233
830 0.90296
831 0.90359
832 0.90423
833 0.90487
834 0.90551
835 0.90615
836 0.90679
837 0.90743
838 0.90808
839 0.90873
840 0.90938
841 0.91003
842 0.91069
843 0.91134
844 0.91200
845 0.91266
846 0.91333
847 0.91399
848 0.91466
849 0.91533
850 0.91600
851 0.91667
852 0.91734
853 0.91802
854 0.91870
855 0.91938
856 0.92006
857 0.92075
858 0.92144
859 0.92213
860 0.92282
861 0.92351
862 0.92421
863 0.92490
864 0.92560
865 0.92630
866 0.92701
867 0.92771
868 0.92842
869 0.92913
870 0.92984
871 0.93056
872 0.93128
873 0.93199
874 0.93272
875 0.93344
876 0.93416
877 0.93489
878 0.93562
879 0.93635
880 0.93708
881 0.93782
882 0.93856
883 0.93930
884 0.94004
885 0.94078
886 0.94153
887 0.94228
888 0.94303
889 0.94378
890 0.94454
891 0.94530
892 0.94606
893 0.94682
894 0.94758
895 0.94835
896 0.94912
897 0.94989
898 0.95066
899 0.95144
900 0.95221
901 0.95299
902 0.95378
903 0.95456
904 0.95535
905 0.95614
906 0.95693
907 0.95772
908 0.95852
909 0.95931
910 0.96011
911 0.96092
912 0.96057
913 0.96312
914 0.96479
915 0.96593
916 0.96659
917 0.96694
918 0.96732
919 0.96774
920 0.96822
921 0.96877
922 0.96873
923 0.96869
924 0.96934
925 0.96930
926 0.96926
927 0.97006
928 0.97002
929 0.96998
930 0.96994
931 0.97096
932 0.97092
933 0.97088
934 0.97084
935 0.97081
936 0.97077
937 0.97073
938 0.97209
939 0.97205
940 0.97201
941 0.97198
942 0.97194
943 0.97191
944 0.97187
945 0.97183
946 0.97180
947 0.97176
948 0.97173
949 0.97169
950 0.97365
951 0.97362
952 0.97359
953 0.97355
954 0.97352
955 0.97349
956 0.97345
957 0.97342
958 0.97339
959 0.97335
960 0.97332
961 0.97329
962 0.97325
963 0.97322
964 0.97318
965 0.97315
966 0.97312
967 0.97308
968 0.97305
969 0.97302
970 0.97298
971 0.97295
972 0.97292
973 0.97612
974 0.97609
975 0.97606
976 0.97603
977 0.97600
978 0.97597
979 0.97594
980 0.97592
981 0.97589
982 0.97586
983 0.97583
984 0.97580
985 0.97577
986 0.97574
987 0.97571
988 0.97568
989 0.97565
990 0.97562
991 0.97559
992 0.97556
993 0.97553
994 0.97550
995 0.97547
996 0.97544
997 0.97541
998 0.97538
999 0.97535
1000 0.97532
1001 0.97530
1002 0.97527
1003 0.97524
1004 0.97521
1005 0.97518
1006 0.97515
1007 0.97512
1008 0.97509
1009 0.97506
1010 0.97503
1011 0.97500
1012 0.97497
1013 0.97494
1014 0.97491
1015 0.97488
1016 0.97485
1017 0.97482
1018 0.97479
1019 0.97476
1020 0.97473
1021 0.97470
1022 0.97467
1023 0.97464
1024 0.97461
1025 0.97458
1026 0.98110
1027 0.98107
1028 0.98105
1029 0.98103
1030 0.98101
1031 0.98099
1032 0.98096
1033 0.98094
1034 0.98092
1035 0.98090
1036 0.98088
1037 0.98085
1038 0.98083
1039 0.98081
1040 0.98079
1041 0.98077
1042 0.98074
1043 0.98072
1044 0.98070
1045 0.98068
1046 0.98066
1047 0.98063
1048 0.98061
1049 0.98059
1050 0.98057
1051 0.98054
1052 0.98052
1053 0.98050
1054 0.98048
1055 0.98046
1056 0.98043
1057 0.98041
1058 0.98039
1059 0.98037
1060 0.98035
1061 0.98032
1062 0.98030
1063 0.98028
1064 0.98026
1065 0.98023
1066 0.98021
1067 0.98019
1068 0.98017
1069 0.98015
1070 0.98012
1071 0.98010
1072 0.98008
1073 0.98006
1074 0.98003
1075 0.98001
1076 0.97999
1077 0.97997
1078 0.97995
1079 0.97992
1080 0.97990
1081 0.97988
1082 0.97986
1083 0.97983
1084 0.97981
1085 0.97979
1086 0.97977
1087 0.97974
1088 0.97972
1089 0.97970
1090 0.97968
1091 0.97966
1092 0.97963
1093 0.97961
1094 0.97959
1095 0.97957
1096 0.97954
1097 0.97952
1098 0.97950
1099 0.97948
1100 0.97945
1101 0.97943
1102 0.97941
1103 0.97939
1104 0.97937
1105 0.97934
1106 0.97932
1107 0.97930
1108 0.97928
1109 0.97925
1110 0.97923
1111 0.97921
1112 0.97919
1113 0.97916
1114 0.97914
1115 0.97912
1116 0.97910
1117 0.97907
1118 0.97905
1119 0.97903
1120 0.97901
1121 0.97898
1122 0.97896
1123 0.97894
1124 0.97892
1125 0.97889
1126 0.97887
1127 0.97885
1128 0.97883
1129 0.97880
1130 0.97878
1131 0.97876
1132 0.97874
1133 0.97872
1134 0.97869
1135 0.97867
1136 0.97865
1137 0.97863
1138 0.97860
1139 0.97858
1140 0.97856
1141 0.97854
1142 0.97851
1143 0.97849
1144 0.97847
1145 0.97845
1146 0.97842
1147 0.97840
1148 0.97838
1149 0.97836
1150 0.97833
1151 0.97831
1152 0.97829
1153 0.97827
1154 0.97824
1155 0.97822
1156 0.97820
1157 0.97817
1158 0.97815
1159 0.97813
1160 0.97811
1161 0.97808
1162 0.97806
1163 0.97804
1164 0.97802
1165 0.97799
1166 0.97797
1167 0.97795
1168 0.97793
1169 0.97790
1170 0.97788
1171 0.97786
1172 0.97784
1173 0.97781
1174 0.97779
1175 0.97777
1176 0.97775
1177 0.97772
1178 0.97770
1179 0.97768
1180 0.97766
1181 0.97763
1182 0.97761
1183 0.97759
1184 0.97756
1185 0.97754
1186 0.97752
1187 0.97750
1188 0.97747
1189 0.97745
1190 0.97743
1191 0.97741
1192 0.97738
1193 0.97736
1194 0.97734
1195 0.97732
1196 0.97729
1197 0.97727
1198 0.97725
1199 0.97722
1200 0.97720
1201 0.97718
1202 0.97716
1203 0.97713
1204 0.97711
1205 0.97709
1206 0.97707
1207 0.97704
1208 0.97702
1209 0.97700
1210 0.97697
1211 0.97695
1212 0.97693
1213 0.97691
1214 0.97688
1215 0.97686
1216 1.00000
