17 1.09404
18 1.08317
19 1.07313
20 1.06381
21 1.05513
22 1.04702
23 1.03940
24 1.03224
25 1.02548
26 1.01909
27 1.01303
28 1.00727
29 1.00178
30 0.99655
31 0.99156
32 0.98678
33 0.98219
34 0.97779
35 0.97357
36 0.96950
37 0.96558
38 0.96180
39 0.95815
40 0.95462
41 0.95121
42 0.94790
43 0.94470
44 0.94159
45 0.93857
46 0.93564
47 0.93280
48 0.93003
49 0.92733
50 0.92470
51 0.92215
52 0.91965
53 0.91721
54 0.91484
55 0.91252
56 0.91025
57 0.90803
58 0.90586
59 0.90374
60 0.90166
61 0.89963
62 0.89764
63 0.89568
64 0.89377
65 0.89189
66 0.89005
67 0.88824
68 0.88647
69 0.88473
70 0.88302
71 0.88134
72 0.87968
73 0.87806
74 0.87646
75 0.87489
76 0.87335
77 0.87183
78 0.87033
79 0.86886
80 0.86741
81 0.86598
82 0.86457
83 0.86318
84 0.86182
85 0.86047
86 0.85914
87 0.85783
88 0.85654
89 0.85527
90 0.85401
91 0.85277
92 0.85154
93 0.85034
94 0.84914
95 0.84797
96 0.84681
97 0.84566
98 0.84452
99 0.84340
100 0.84230
101 0.84120
102 0.84012
103 0.83906
104 0.83800
105 0.83696
106 0.83593
107 0.83491
108 0.83390
109 0.83290
110 0.83191
111 0.83094
112 0.82997
113 0.82902
114 0.82807
115 0.82714
116 0.82621
117 0.82530
118 0.82439
119 0.82350
120 0.82261
121 0.82173
122 0.82086
123 0.82000
124 0.81914
125 0.81830
126 0.81746
127 0.81663
128 0.81581
129 0.81500
130 0.81420
131 0.81340
132 0.81261
133 0.81182
134 0.81105
135 0.81028
136 0.80952
137 0.80876
138 0.80801
139 0.80727
140 0.80654
141 0.80581
142 0.80509
143 0.80437
144 0.80366
145 0.80296
146 0.80226
147 0.80157
148 0.80088
149 0.80020
150 0.79953
151 0.79886
152 0.79820
153 0.79754
154 0.79689
155 0.79624
156 0.79560
157 0.79496
158 0.79433
159 0.79371
160 0.79309
161 0.79247
162 0.79186
163 0.79125
164 0.79065
165 0.79006
166 0.78947
167 0.78888
168 0.78830
169 0.78772
170 0.78715
171 0.78658
172 0.78601
173 0.78545
174 0.78490
175 0.78435
176 0.78380
177 0.78326
178 0.78272
179 0.78219
180 0.78166
181 0.78113
182 0.78061
183 0.78009
184 0.77958
185 0.77907
186 0.77856
187 0.77806
188 0.77756
189 0.77706
190 0.77657
191 0.77608
192 0.77560
193 0.77512
194 0.77464
195 0.77417
196 0.77370
197 0.77324
198 0.77277
199 0.77231
200 0.77186
201 0.77141
202 0.77096
203 0.77051
204 0.77007
205 0.76963
206 0.76920
207 0.76876
208 0.76833
209 0.76791
210 0.76749
211 0.76707
212 0.76665
213 0.76624
214 0.76583
215 0.76542
216 0.76501
217 0.76461
218 0.76422
219 0.76382
220 0.76343
221 0.76304
222 0.76265
223 0.76227
224 0.76189
225 0.76151
226 0.76114
227 0.76076
228 0.76040
229 0.76003
230 0.75967
231 0.75931
232 0.75895
233 0.75859
234 0.75824
235 0.75789
236 0.75754
237 0.75720
238 0.75686
239 0.75652
240 0.75618
241 0.75585
242 0.75552
243 0.75519
244 0.75486
245 0.75454
246 0.75422
247 0.75390
248 0.75358
249 0.75327
250 0.75296
251 0.75265
252 0.75234
253 0.75204
254 0.75174
255 0.75144
256 0.75114
257 0.75085
258 0.75056
259 0.75027
260 0.74998
261 0.74970
262 0.74941
263 0.74913
264 0.74886
265 0.74858
266 0.74831
267 0.74804
268 0.74777
269 0.74750
270 0.74724
271 0.74698
272 0.74672
273 0.74646
274 0.74621
275 0.74596
276 0.74571
277 0.74546
278 0.74521
279 0.74497
280 0.74473
281 0.74449
282 0.74425
283 0.74402
284 0.74378
285 0.74355
286 0.74332
287 0.74310
288 0.74287
289 0.74265
290 0.74243
291 0.74221
292 0.74200
293 0.74178
294 0.74157
295 0.74136
296 0.74115
297 0.74095
298 0.74075
299 0.74054
300 0.74034
301 0.74015
302 0.73995
303 0.73976
304 0.73957
305 0.73938
306 0.73919
307 0.73900
308 0.73882
309 0.73864
310 0.73846
311 0.73828
312 0.73811
313 0.73793
314 0.73776
315 0.73759
316 0.73742
317 0.73726
318 0.73709
319 0.73693
320 0.73677
321 0.73661
322 0.73646
323 0.73630
324 0.73615
325 0.73600
326 0.73585
327 0.73571
328 0.73556
329 0.73542
330 0.73528
331 0.73514
332 0.73500
333 0.73486
334 0.73473
335 0.73460
336 0.73447
337 0.73434
338 0.73421
339 0.73409
340 0.73397
341 0.73385
342 0.73373
343 0.73361
344 0.73349
345 0.73338
346 0.73327
347 0.73316
348 0.73305
349 0.73294
350 0.73284
351 0.73274
352 0.73264
353 0.73254
354 0.73244
355 0.73234
356 0.73225
357 0.73216
358 0.73207
359 0.73198
360 0.73189
361 0.73181
362 0.73172
363 0.73164
364 0.73156
365 0.73148
366 0.73141
367 0.73133
368 0.73126
369 0.73119
370 0.73112
371 0.73105
372 0.73098
373 0.73092
374 0.73086
375 0.73080
376 0.73074
377 0.73068
378 0.73062
379 0.73057
380 0.73052
381 0.73047
382 0.73042
383 0.73037
384 0.73033
385 0.73028
386 0.73024
387 0.73020
388 0.73016
389 0.73012
390 0.73009
391 0.73006
392 0.73002
393 0.72999
394 0.72996
395 0.72994
396 0.72991
397 0.72989
398 0.72987
399 0.72985
400 0.72983
401 0.72981
402 0.72980
403 0.72978
404 0.72977
405 0.72976
406 0.72975
407 0.72974
408 0.72974
409 0.72974
410 0.72973
411 0.72973
412 0.72973
413 0.72974
414 0.72974
415 0.72975
416 0.72976
417 0.72976
418 0.72978
419 0.72979
420 0.72980
421 0.72982
422 0.72984
423 0.72986
424 0.72988
425 0.72990
426 0.72992
427 0.72995
428 0.72998
429 0.73001
430 0.73004
431 0.73007
432 0.73010
433 0.73014
434 0.73018
435 0.73022
436 0.73026
437 0.73030
438 0.73034
439 0.73039
440 0.73043
441 0.73048
442 0.73053
443 0.73058
444 0.73064
445 0.73069
446 0.73075
447 0.73081
448 0.73087
449 0.73093
450 0.73099
451 0.73106
452 0.73112
453 0.73119
454 0.73126
455 0.73133
456 0.73140
457 0.73148
458 0.73155
459 0.73163
460 0.73171
461 0.73179
462 0.73187
463 0.73196
464 0.73204
465 0.73213
466 0.73222
467 0.73231
468 0.73240
469 0.73250
470 0.73259
471 0.73269
472 0.73279
473 0.73289
474 0.73299
475 0.73309
476 0.73320
477 0.73330
478 0.73341
479 0.73352
480 0.73363
481 0.73375
482 0.73386
483 0.73398
484 0.73409
485 0.73421
486 0.73433
487 0.73446
488 0.73458
489 0.73471
490 0.73483
491 0.73496
492 0.73509
493 0.73523
494 0.73536
495 0.73550
496 0.73563
497 0.73577
498 0.73591
499 0.73605
500 0.73620
501 0.73634
502 0.73649
503 0.73664
504 0.73679
505 0.73694
506 0.73709
507 0.73725
508 0.73740
509 0.73756
510 0.73772
511 0.73788
512 0.73804
513 0.73821
514 0.73837
515 0.73854
516 0.73871
517 0.73888
518 0.73905
519 0.73923
520 0.73940
521 0.73958
522 0.73976
523 0.73994
524 0.74012
525 0.74031
526 0.74049
527 0.74068
528 0.74087
529 0.74106
530 0.74125
531 0.74144
532 0.74164
533 0.74183
534 0.74203
535 0.74223
536 0.74243
537 0.74264
538 0.74284
539 0.74305
540 0.74326
541 0.74347
542 0.74368
543 0.74389
544 0.74411
545 0.74432
546 0.74454
547 0.74476
548 0.74498
549 0.74521
550 0.74543
551 0.74566
552 0.74588
553 0.74611
554 0.74634
555 0.74658
556 0.74681
557 0.74705
558 0.74729
559 0.74753
560 0.74777
561 0.74801
562 0.74825
563 0.74850
564 0.74875
565 0.74900
566 0.74925
567 0.74950
568 0.74976
569 0.75001
570 0.75027
571 0.75053
572 0.75079
573 0.75105
574 0.75132
575 0.75158
576 0.75185
577 0.75212
578 0.75239
579 0.75266
580 0.75294
581 0.75321
582 0.75349
583 0.75377
584 0.75405
585 0.75434
586 0.75462
587 0.75491
588 0.75520
589 0.75548
590 0.75578
591 0.75607
592 0.75636
593 0.75666
594 0.75696
595 0.75726
596 0.75756
597 0.75786
598 0.75817
599 0.75848
600 0.75878
601 0.75909
602 0.75941
603 0.75972
604 0.76004
605 0.76035
606 0.76067
607 0.76099
608 0.76131
609 0.76164
610 0.76196
611 0.76229
612 0.76262
613 0.76295
614 0.76328
615 0.76362
616 0.76396
617 0.76429
618 0.76463
619 0.76497
620 0.76532
621 0.76566
622 0.76601
623 0.76636
624 0.76671
625 0.76706
626 0.76741
627 0.76777
628 0.76813
629 0.76849
630 0.76885
631 0.76921
632 0.76957
633 0.76994
634 0.77031
635 0.77068
636 0.77105
637 0.77142
638 0.77180
639 0.77217
640 0.77255
641 0.77293
642 0.77332
643 0.77370
644 0.77409
645 0.77447
646 0.77486
647 0.77526
648 0.77565
649 0.77604
650 0.77644
651 0.77684
652 0.77724
653 0.77764
654 0.77805
655 0.77845
656 0.77886
657 0.77927
658 0.77968
659 0.78009
660 0.78051
661 0.78093
662 0.78135
663 0.78177
664 0.78219
665 0.78261
666 0.78304
667 0.78347
668 0.78390
669 0.78433
670 0.78476
671 0.78520
672 0.78564
673 0.78608
674 0.78652
675 0.78696
676 0.78741
677 0.78785
678 0.78830
679 0.78875
680 0.78921
681 0.78966
682 0.79012
683 0.79058
684 0.79104
685 0.79150
686 0.79196
687 0.79243
688 0.79290
689 0.79337
690 0.79384
691 0.79431
692 0.79479
693 0.79527
694 0.79575
695 0.79623
696 0.79671
697 0.79720
698 0.79768
699 0.79817
700 0.79867
701 0.79916
702 0.79965
703 0.80015
704 0.80065
705 0.80115
706 0.80166
707 0.80216
708 0.80267
709 0.80318
710 0.80369
711 0.80420
712 0.80472
713 0.80523
714 0.80575
715 0.80628
716 0.80680
717 0.80732
718 0.80785
719 0.80838
720 0.80891
721 0.80945
722 0.80998
723 0.81052
724 0.81106
725 0.81160
726 0.81214
727 0.81269
728 0.81324
729 0.81379
730 0.81434
731 0.81489
732 0.81545
733 0.81601
734 0.81657
735 0.81713
736 0.81769
737 0.81826
738 0.81883
739 0.81940
740 0.81997
741 0.82055
742 0.82112
743 0.82170
744 0.82228
745 0.82287
746 0.82345
747 0.82404
748 0.82463
749 0.82522
750 0.82582
751 0.82641
752 0.82701
753 0.82761
754 0.82821
755 0.82882
756 0.82943
757 0.83004
758 0.83065
759 0.83126
760 0.83188
761 0.83249
762 0.83311
763 0.83374
764 0.83436
765 0.83499
766 0.83562
767 0.83625
768 0.83688
769 0.83752
770 0.83815
771 0.83879
772 0.83944
773 0.84008
774 0.84073
775 0.84138
776 0.84203
777 0.84268
778 0.84334
779 0.84400
780 0.84466
781 0.84532
782 0.84598
783 0.84665
784 0.84732
785 0.84799
786 0.84867
787 0.84934
788 0.85002
789 0.85070
790 0.85139
791 0.85207
792 0.85276
793 0.85345
794 0.85414
795 0.85484
796 0.85553
797 0.85623
798 0.85694
799 0.85764
800 0.85835
801 0.85906
802 0.85977
803 0.86048
804 0.86120
805 0.86192
806 0.86264
807 0.86336
808 0.86409
809 0.86482
810 0.86555
811 0.86628
812 0.86702
813 0.86775
814 0.86849
815 0.86924
816 0.86998
817 0.87073
818 0.87148
819 0.87223
820 0.87299
821 0.87375
822 0.87451
823 0.87527
824 0.87603
825 0.87680
826 0.87757
827 0.87834
828 0.87912
829 0.87990
830 0.88068
831 0.88146
832 0.88224
833 0.88303
834 0.88382
835 0.88462
836 0.88541
837 0.88621
838 0.88701
839 0.88781
840 0.88862
841 0.88943
842 0.89024
843 0.89105
844 0.89187
845 0.89269
846 0.89351
847 0.89433
848 0.89516
849 0.89599
850 0.89682
851 0.89765
852 0.89849
853 0.89933
854 0.90017
855 0.90102
856 0.90187
857 0.90272
858 0.90357
859 0.90443
860 0.90528
861 0.90615
862 0.90701
863 0.90788
864 0.90875
865 0.90962
866 0.91049
867 0.91137
868 0.91225
869 0.91313
870 0.91402
871 0.91491
872 0.91580
873 0.91669
874 0.91759
875 0.91849
876 0.91939
877 0.92030
878 0.92121
879 0.92212
880 0.92303
881 0.92395
882 0.92487
883 0.92579
884 0.92672
885 0.92764
886 0.92858
887 0.92951
888 0.93045
889 0.93139
890 0.93233
891 0.93327
892 0.93422
893 0.93517
894 0.93613
895 0.93709
896 0.93805
897 0.93901
898 0.93997
899 0.94094
900 0.94192
901 0.94289
902 0.94387
903 0.94485
904 0.94583
905 0.94682
906 0.94781
907 0.94880
908 0.94980
909 0.95080
910 0.95180
911 0.95281
912 0.95231
913 0.95562
914 0.95777
915 0.95924
916 0.96007
917 0.96050
918 0.96098
919 0.96151
920 0.96211
921 0.96279
922 0.96274
923 0.96269
924 0.96349
925 0.96345
926 0.96340
927 0.96437
928 0.96433
929 0.96428
930 0.96423
931 0.96546
932 0.96541
933 0.96537
934 0.96532
935 0.96528
936 0.96523
937 0.96519
938 0.96682
939 0.96678
940 0.96674
941 0.96670
942 0.96665
943 0.96661
944 0.96657
945 0.96653
946 0.96648
947 0.96644
948 0.96640
949 0.96635
950 0.96871
951 0.96867
952 0.96863
953 0.96859
954 0.96855
955 0.96851
956 0.96847
957 0.96843
958 0.96839
959 0.96835
960 0.96831
961 0.96827
962 0.96823
963 0.96819
964 0.96815
965 0.96811
966 0.96807
967 0.96803
968 0.96799
969 0.96795
970 0.96791
971 0.96787
972 0.96783
973 0.97165
974 0.97162
975 0.97158
976 0.97155
977 0.97151
978 0.97148
979 0.97144
980 0.97141
981 0.97137
982 0.97134
983 0.97130
984 0.97127
985 0.97123
986 0.97120
987 0.97117
988 0.97113
989 0.97110
990 0.97106
991 0.97103
992 0.97099
993 0.97095
994 0.97092
995 0.97088
996 0.97085
997 0.97081
998 0.97078
999 0.97074
1000 0.97071
1001 0.97067
1002 0.97064
1003 0.97060
1004 0.97057
1005 0.97053
1006 0.97050
1007 0.97046
1008 0.97043
1009 0.97039
1010 0.97036
1011 0.97032
1012 0.97029
1013 0.97025
1014 0.97022
1015 0.97018
1016 0.97015
1017 0.97011
1018 0.97008
1019 0.97004
1020 0.97001
1021 0.96997
1022 0.96994
1023 0.96990
1024 0.96987
1025 0.96983
1026 0.97757
1027 0.97754
1028 0.97752
1029 0.97749
1030 0.97746
1031 0.97744
1032 0.97741
1033 0.97739
1034 0.97736
1035 0.97733
1036 0.97731
1037 0.97728
1038 0.97725
1039 0.97723
1040 0.97720
1041 0.97718
1042 0.97715
1043 0.97712
1044 0.97710
1045 0.97707
1046 0.97704
1047 0.97702
1048 0.97699
1049 0.97697
1050 0.97694
1051 0.97691
1052 0.97689
1053 0.97686
1054 0.97683
1055 0.97681
1056 0.97678
1057 0.97676
1058 0.97673
1059 0.97670
1060 0.97668
1061 0.97665
1062 0.97662
1063 0.97660
1064 0.97657
1065 0.97655
1066 0.97652
1067 0.97649
1068 0.97647
1069 0.97644
1070 0.97641
1071 0.97639
1072 0.97636
1073 0.97633
1074 0.97631
1075 0.97628
1076 0.97626
1077 0.97623
1078 0.97620
1079 0.97618
1080 0.97615
1081 0.97612
1082 0.97610
1083 0.97607
1084 0.97604
1085 0.97602
1086 0.97599
1087 0.97596
1088 0.97594
1089 0.97591
1090 0.97589
1091 0.97586
1092 0.97583
1093 0.97581
1094 0.97578
1095 0.97575
1096 0.97573
1097 0.97570
1098 0.97567
1099 0.97565
1100 0.97562
1101 0.97559
1102 0.97557
1103 0.97554
1104 0.97552
1105 0.97549
1106 0.97546
1107 0.97544
1108 0.97541
1109 0.97538
1110 0.97536
1111 0.97533
1112 0.97530
1113 0.97528
1114 0.97525
1115 0.97522
1116 0.97520
1117 0.97517
1118 0.97514
1119 0.97512
1120 0.97509
1121 0.97506
1122 0.97504
1123 0.97501
1124 0.97498
1125 0.97496
1126 0.97493
1127 0.97490
1128 0.97488
1129 0.97485
1130 0.97482
1131 0.97480
1132 0.97477
1133 0.97474
1134 0.97472
1135 0.97469
1136 0.97466
1137 0.97464
1138 0.97461
1139 0.97459
1140 0.97456
1141 0.97453
1142 0.97451
1143 0.97448
1144 0.97445
1145 0.97443
1146 0.97440
1147 0.97437
1148 0.97435
1149 0.97432
1150 0.97429
1151 0.97426
1152 0.97424
1153 0.97421
1154 0.97418
1155 0.97416
1156 0.97413
1157 0.97410
1158 0.97408
1159 0.97405
1160 0.97402
1161 0.97400
1162 0.97397
1163 0.97394
1164 0.97392
1165 0.97389
1166 0.97386
1167 0.97384
1168 0.97381
1169 0.97378
1170 0.97376
1171 0.97373
1172 0.97370
1173 0.97368
1174 0.97365
1175 0.97362
1176 0.97360
1177 0.97357
1178 0.97354
1179 0.97352
1180 0.97349
1181 0.97346
1182 0.97344
1183 0.97341
1184 0.97338
1185 0.97335
1186 0.97333
1187 0.97330
1188 0.97327
1189 0.97325
1190 0.97322
1191 0.97319
1192 0.97317
1193 0.97314
1194 0.97311
1195 0.97309
1196 0.97306
1197 0.97303
1198 0.97301
1199 0.97298
1200 0.97295
1201 0.97292
1202 0.97290
1203 0.97287
1204 0.97284
1205 0.97282
1206 0.97279
1207 0.97276
1208 0.97274
1209 0.97271
1210 0.97268
1211 0.97266
1212 0.97263
1213 0.97260
1214 0.97257
1215 0.97255
1216 1.00000
