17 2.09487
18 1.94205
19 1.80979
20 1.69429
21 1.59266
22 1.50260
23 1.42228
24 1.35025
25 1.28531
26 1.22648
27 1.17296
28 1.12408
29 1.07926
30 1.03802
31 0.99997
32 0.96474
33 0.93205
34 0.90162
35 0.87324
36 0.84670
37 0.82184
38 0.79850
39 0.77654
40 0.75585
41 0.73633
42 0.71787
43 0.70039
44 0.68381
45 0.66807
46 0.65311
47 0.63887
48 0.62529
49 0.61234
50 0.59996
51 0.58813
52 0.57681
53 0.56596
54 0.55556
55 0.54557
56 0.53598
57 0.52676
58 0.51788
59 0.50934
60 0.50111
61 0.49317
62 0.48551
63 0.47812
64 0.47097
65 0.46407
66 0.45739
67 0.45092
68 0.44466
69 0.43859
70 0.43271
71 0.42701
72 0.42148
73 0.41610
74 0.41089
75 0.40582
76 0.40089
77 0.39610
78 0.39143
79 0.38689
80 0.38248
81 0.37817
82 0.37398
83 0.36989
84 0.36591
85 0.36202
86 0.35823
87 0.35452
88 0.35091
89 0.34738
90 0.34393
91 0.34056
92 0.33727
93 0.33405
94 0.33090
95 0.32782
96 0.32481
97 0.32186
98 0.31897
99 0.31614
100 0.31337
101 0.31066
102 0.30800
103 0.30540
104 0.30284
105 0.30034
106 0.29788
107 0.29547
108 0.29311
109 0.29079
110 0.28851
111 0.28628
112 0.28408
113 0.28193
114 0.27981
115 0.27773
116 0.27569
117 0.27368
118 0.27171
119 0.26977
120 0.26787
121 0.26599
122 0.26415
123 0.26234
124 0.26055
125 0.25880
126 0.25707
127 0.25537
128 0.25370
129 0.25205
130 0.25043
131 0.24884
132 0.24727
133 0.24572
134 0.24420
135 0.24269
136 0.24121
137 0.23976
138 0.23832
139 0.23690
140 0.23551
141 0.23413
142 0.23278
143 0.23144
144 0.23012
145 0.22882
146 0.22754
147 0.22627
148 0.22503
149 0.22380
150 0.22258
151 0.22138
152 0.22020
153 0.21903
154 0.21788
155 0.21675
156 0.21562
157 0.21452
158 0.21342
159 0.21234
160 0.21128
161 0.21022
162 0.20918
163 0.20815
164 0.20714
165 0.20614
166 0.20515
167 0.20417
168 0.20320
169 0.20225
170 0.20130
171 0.20037
172 0.19945
173 0.19854
174 0.19764
175 0.19675
176 0.19587
177 0.19500
178 0.19414
179 0.19328
180 0.19244
181 0.19161
182 0.19079
183 0.18998
184 0.18917
185 0.18838
186 0.18759
187 0.18681
188 0.18604
189 0.18528
190 0.18453
191 0.18378
192 0.18304
193 0.18231
194 0.18159
195 0.18087
196 0.18017
197 0.17947
198 0.17877
199 0.17809
200 0.17741
201 0.17674
202 0.17607
203 0.17541
204 0.17476
205 0.17412
206 0.17348
207 0.17284
208 0.17222
209 0.17160
210 0.17098
211 0.17038
212 0.16977
213 0.16918
214 0.16859
215 0.16800
216 0.16742
217 0.16685
218 0.16628
219 0.16572
220 0.16516
221 0.16461
222 0.16406
223 0.16352
224 0.16298
225 0.16245
226 0.16192
227 0.16140
228 0.16088
229 0.16037
230 0.15986
231 0.15936
232 0.15886
233 0.15837
234 0.15788
235 0.15739
236 0.15691
237 0.15643
238 0.15596
239 0.15549
240 0.15503
241 0.15457
242 0.15411
243 0.15366
244 0.15321
245 0.15277
246 0.15233
247 0.15189
248 0.15146
249 0.15103
250 0.15060
251 0.15018
252 0.14977
253 0.14935
254 0.14894
255 0.14853
256 0.14813
257 0.14773
258 0.14733
259 0.14694
260 0.14655
261 0.14616
262 0.14578
263 0.14540
264 0.14502
265 0.14465
266 0.14428
267 0.14391
268 0.14354
269 0.14318
270 0.14282
271 0.14247
272 0.14212
273 0.14177
274 0.14142
275 0.14108
276 0.14073
277 0.14040
278 0.14006
279 0.13973
280 0.13940
281 0.13907
282 0.13875
283 0.13842
284 0.13810
285 0.13779
286 0.13747
287 0.13716
288 0.13685
289 0.13654
290 0.13624
291 0.13594
292 0.13564
293 0.13534
294 0.13505
295 0.13476
296 0.13447
297 0.13418
298 0.13389
299 0.13361
300 0.13333
301 0.13305
302 0.13278
303 0.13250
304 0.13223
305 0.13196
306 0.13169
307 0.13143
308 0.13116
309 0.13090
310 0.13064
311 0.13039
312 0.13013
313 0.12988
314 0.12963
315 0.12938
316 0.12913
317 0.12889
318 0.12865
319 0.12841
320 0.12817
321 0.12793
322 0.12769
323 0.12746
324 0.12723
325 0.12700
326 0.12677
327 0.12655
328 0.12632
329 0.12610
330 0.12588
331 0.12566
332 0.12544
333 0.12523
334 0.12502
335 0.12480
336 0.12459
337 0.12439
338 0.12418
339 0.12397
340 0.12377
341 0.12357
342 0.12337
343 0.12317
344 0.12297
345 0.12278
346 0.12258
347 0.12239
348 0.12220
349 0.12201
350 0.12182
351 0.12164
352 0.12145
353 0.12127
354 0.12109
355 0.12091
356 0.12073
357 0.12056
358 0.12038
359 0.12021
360 0.12003
361 0.11986
362 0.11969
363 0.11952
364 0.11936
365 0.11919
366 0.11903
367 0.11887
368 0.11870
369 0.11854
370 0.11839
371 0.11823
372 0.11807
373 0.11792
374 0.11776
375 0.11761
376 0.11746
377 0.11731
378 0.11717
379 0.11702
380 0.11687
381 0.11673
382 0.11659
383 0.11644
384 0.11630
385 0.11616
386 0.11603
387 0.11589
388 0.11576
389 0.11562
390 0.11549
391 0.11536
392 0.11523
393 0.11510
394 0.11497
395 0.11484
396 0.11471
397 0.11459
398 0.11447
399 0.11434
400 0.11422
401 0.11410
402 0.11398
403 0.11387
404 0.11375
405 0.11363
406 0.11352
407 0.11341
408 0.11329
409 0.11318
410 0.11307
411 0.11296
412 0.11286
413 0.11275
414 0.11264
415 0.11254
416 0.11244
417 0.11233
418 0.11223
419 0.11213
420 0.11203
421 0.11193
422 0.11184
423 0.11174
424 0.11164
425 0.11155
426 0.11146
427 0.11136
428 0.11127
429 0.11118
430 0.11109
431 0.11101
432 0.11092
433 0.11083
434 0.11075
435 0.11066
436 0.11058
437 0.11050
438 0.11041
439 0.11033
440 0.11026
441 0.11018
442 0.11010
443 0.11002
444 0.10995
445 0.10987
446 0.10980
447 0.10973
448 0.10965
449 0.10958
450 0.10951
451 0.10944
452 0.10937
453 0.10931
454 0.10924
455 0.10918
456 0.10911
457 0.10905
458 0.10898
459 0.10892
460 0.10886
461 0.10880
462 0.10874
463 0.10868
464 0.10863
465 0.10857
466 0.10851
467 0.10846
468 0.10841
469 0.10835
470 0.10830
471 0.10825
472 0.10820
473 0.10815
474 0.10810
475 0.10805
476 0.10800
477 0.10796
478 0.10791
479 0.10787
480 0.10782
481 0.10778
482 0.10774
483 0.10770
484 0.10766
485 0.10762
486 0.10758
487 0.10754
488 0.10750
489 0.10747
490 0.10743
491 0.10740
492 0.10736
493 0.10733
494 0.10730
495 0.10727
496 0.10724
497 0.10721
498 0.10718
499 0.10715
500 0.10712
501 0.10710
502 0.10701
503 0.10698
504 0.10696
505 0.10693
506 0.10691
507 0.10689
508 0.10687
509 0.10685
510 0.10684
511 0.10682
512 0.10681
513 0.10680
514 0.10678
515 0.10677
516 0.10677
517 0.10676
518 0.10675
519 0.10675
520 0.10674
521 0.10674
522 0.10674
523 0.10675
524 0.10675
525 0.10675
526 0.10676
527 0.10676
528 0.10677
529 0.10678
530 0.10679
531 0.10681
532 0.10682
533 0.10684
534 0.10686
535 0.10688
536 0.10690
537 0.10692
538 0.10694
539 0.10697
540 0.10699
541 0.10702
542 0.10705
543 0.10708
544 0.10712
545 0.10715
546 0.10719
547 0.10723
548 0.10727
549 0.10731
550 0.10735
551 0.10740
552 0.10745
553 0.10750
554 0.10755
555 0.10760
556 0.10766
557 0.10771
558 0.10777
559 0.10783
560 0.10789
561 0.10796
562 0.10802
563 0.10809
564 0.10816
565 0.10823
566 0.10830
567 0.10837
568 0.10844
569 0.10851
570 0.10859
571 0.10867
572 0.10875
573 0.10883
574 0.10891
575 0.10900
576 0.10908
577 0.10917
578 0.10926
579 0.10936
580 0.10945
581 0.10955
582 0.10965
583 0.10975
584 0.10986
585 0.10996
586 0.11007
587 0.11018
588 0.11029
589 0.11041
590 0.11053
591 0.11064
592 0.11077
593 0.11089
594 0.11101
595 0.11114
596 0.11127
597 0.11140
598 0.11154
599 0.11168
600 0.11181
601 0.11196
602 0.11210
603 0.11225
604 0.11239
605 0.11254
606 0.11270
607 0.11285
608 0.11301
609 0.11317
610 0.11334
611 0.11350
612 0.11367
613 0.11384
614 0.11401
615 0.11419
616 0.11437
617 0.11455
618 0.11473
619 0.11492
620 0.11510
621 0.11529
622 0.11549
623 0.11569
624 0.11588
625 0.11609
626 0.11629
627 0.11650
628 0.11671
629 0.11692
630 0.11714
631 0.11736
632 0.11758
633 0.11780
634 0.11803
635 0.11826
636 0.11850
637 0.11873
638 0.11897
639 0.11921
640 0.11946
641 0.11971
642 0.11996
643 0.12022
644 0.12047
645 0.12073
646 0.12100
647 0.12127
648 0.12154
649 0.12181
650 0.12209
651 0.12237
652 0.12266
653 0.12294
654 0.12324
655 0.12353
656 0.12383
657 0.12413
658 0.12444
659 0.12475
660 0.12506
661 0.12537
662 0.12569
663 0.12602
664 0.12635
665 0.12668
666 0.12701
667 0.12735
668 0.12769
669 0.12803
670 0.12836
671 0.12870
672 0.12903
673 0.12938
674 0.12972
675 0.13007
676 0.13042
677 0.13078
678 0.13114
679 0.13150
680 0.13187
681 0.13225
682 0.13262
683 0.13301
684 0.13314
685 0.13353
686 0.13392
687 0.13431
688 0.13471
689 0.13511
690 0.13552
691 0.13593
692 0.13635
693 0.13678
694 0.13720
695 0.13764
696 0.13808
697 0.13852
698 0.13897
699 0.13943
700 0.13989
701 0.14035
702 0.14082
703 0.14130
704 0.14179
705 0.14228
706 0.14277
707 0.14327
708 0.14378
709 0.14429
710 0.14481
711 0.14534
712 0.14587
713 0.14641
714 0.14695
715 0.14750
716 0.14806
717 0.14862
718 0.14920
719 0.14977
720 0.15036
721 0.15095
722 0.15155
723 0.15215
724 0.15277
725 0.15339
726 0.15401
727 0.15465
728 0.15529
729 0.15594
730 0.15660
731 0.15727
732 0.15794
733 0.15862
734 0.15931
735 0.16001
736 0.16071
737 0.16143
738 0.16215
739 0.16288
740 0.16362
741 0.16437
742 0.16512
743 0.16589
744 0.16667
745 0.16745
746 0.16824
747 0.16905
748 0.16986
749 0.17068
750 0.17151
751 0.17235
752 0.17321
753 0.17407
754 0.17494
755 0.17582
756 0.17671
757 0.17762
758 0.17853
759 0.17945
760 0.18039
761 0.18134
762 0.18229
763 0.18326
764 0.18424
765 0.18524
766 0.18624
767 0.18726
768 0.18829
769 0.18933
770 0.19038
771 0.19145
772 0.19252
773 0.19362
774 0.19472
775 0.19584
776 0.19697
777 0.19811
778 0.19927
779 0.20044
780 0.20163
781 0.20283
782 0.20405
783 0.20528
784 0.20652
785 0.20778
786 0.20906
787 0.21035
788 0.21166
789 0.21298
790 0.21432
791 0.21567
792 0.21705
793 0.21844
794 0.21984
795 0.22127
796 0.22271
797 0.22417
798 0.22564
799 0.22714
800 0.22865
801 0.23018
802 0.23174
803 0.23331
804 0.23490
805 0.23651
806 0.23814
807 0.23979
808 0.24146
809 0.24316
810 0.24487
811 0.24661
812 0.24837
813 0.25015
814 0.25195
815 0.25378
816 0.25562
817 0.25750
818 0.25939
819 0.26132
820 0.26326
821 0.26523
822 0.26723
823 0.26925
824 0.27130
825 0.27337
826 0.27548
827 0.27761
828 0.27976
829 0.28195
830 0.28416
831 0.28641
832 0.28868
833 0.29098
834 0.29331
835 0.29568
836 0.29807
837 0.30050
838 0.30296
839 0.30545
840 0.30797
841 0.31053
842 0.31313
843 0.31575
844 0.31842
845 0.32112
846 0.32385
847 0.32663
848 0.32944
849 0.33229
850 0.33517
851 0.33810
852 0.34107
853 0.34408
854 0.34713
855 0.35022
856 0.35335
857 0.35653
858 0.35975
859 0.36302
860 0.36633
861 0.36969
862 0.37310
863 0.37655
864 0.38005
865 0.38361
866 0.38721
867 0.39086
868 0.39457
869 0.39832
870 0.40214
871 0.40600
872 0.40992
873 0.41390
874 0.41794
875 0.42203
876 0.42618
877 0.43040
878 0.43467
879 0.43901
880 0.44341
881 0.44787
882 0.45240
883 0.45700
884 0.46166
885 0.46640
886 0.47120
887 0.47608
888 0.48103
889 0.48605
890 0.49114
891 0.49632
892 0.50157
893 0.50690
894 0.51231
895 0.51780
896 0.52338
897 0.52904
898 0.53479
899 0.54063
900 0.54655
901 0.55257
902 0.55868
903 0.56488
904 0.57118
905 0.57758
906 0.58408
907 0.59068
908 0.59738
909 0.60419
910 0.61110
911 0.61813
912 0.62360
913 0.64521
914 0.66010
915 0.67073
916 0.67679
917 0.67979
918 0.68322
919 0.68719
920 0.69187
921 0.69748
922 0.69648
923 0.69548
924 0.70239
925 0.70140
926 0.70042
927 0.70916
928 0.70820
929 0.70723
930 0.70626
931 0.71777
932 0.71683
933 0.71589
934 0.71495
935 0.71401
936 0.71306
937 0.71211
938 0.72811
939 0.72720
940 0.72630
941 0.72539
942 0.72448
943 0.72356
944 0.72265
945 0.72173
946 0.72082
947 0.71990
948 0.71898
949 0.71806
950 0.74207
951 0.74121
952 0.74035
953 0.73949
954 0.73863
955 0.73776
956 0.73690
957 0.73603
958 0.73516
959 0.73429
960 0.73342
961 0.73254
962 0.73167
963 0.73079
964 0.72992
965 0.72904
966 0.72816
967 0.72728
968 0.72639
969 0.72551
970 0.72462
971 0.72374
972 0.72285
973 0.76352
974 0.76274
975 0.76195
976 0.76117
977 0.76038
978 0.75960
979 0.75881
980 0.75802
981 0.75723
982 0.75643
983 0.75564
984 0.75485
985 0.75405
986 0.75325
987 0.75245
988 0.75165
989 0.75085
990 0.75005
991 0.74924
992 0.74844
993 0.74763
994 0.74682
995 0.74601
996 0.74520
997 0.74439
998 0.74358
999 0.74276
1000 0.74194
1001 0.74113
1002 0.74031
1003 0.73949
1004 0.73867
1005 0.73784
1006 0.73702
1007 0.73620
1008 0.73537
1009 0.73454
1010 0.73371
1011 0.73288
1012 0.73205
1013 0.73122
1014 0.73038
1015 0.72955
1016 0.72871
1017 0.72787
1018 0.72703
1019 0.72619
1020 0.72535
1021 0.72451
1022 0.72367
1023 0.72282
1024 0.72197
1025 0.72113
1026 0.80708
1027 0.80646
1028 0.80584
1029 0.80521
1030 0.80458
1031 0.80396
1032 0.80333
1033 0.80270
1034 0.80207
1035 0.80143
1036 0.80080
1037 0.80016
1038 0.79953
1039 0.79889
1040 0.79825
1041 0.79761
1042 0.79697
1043 0.79633
1044 0.79569
1045 0.79505
1046 0.79440
1047 0.79375
1048 0.79311
1049 0.79246
1050 0.79181
1051 0.79116
1052 0.79051
1053 0.78985
1054 0.78920
1055 0.78854
1056 0.78789
1057 0.78723
1058 0.78657
1059 0.78591
1060 0.78525
1061 0.78459
1062 0.78393
1063 0.78326
1064 0.78260
1065 0.78193
1066 0.78126
1067 0.78059
1068 0.77992
1069 0.77925
1070 0.77858
1071 0.77791
1072 0.77723
1073 0.77656
1074 0.77588
1075 0.77520
1076 0.77452
1077 0.77384
1078 0.77316
1079 0.77248
1080 0.77180
1081 0.77111
1082 0.77043
1083 0.76974
1084 0.76906
1085 0.76837
1086 0.76768
1087 0.76699
1088 0.76629
1089 0.76560
1090 0.76491
1091 0.76421
1092 0.76352
1093 0.76282
1094 0.76212
1095 0.76142
1096 0.76072
1097 0.76002
1098 0.75932
1099 0.75861
1100 0.75791
1101 0.75720
1102 0.75649
1103 0.75579
1104 0.75508
1105 0.75437
1106 0.75365
1107 0.75294
1108 0.75223
1109 0.75151
1110 0.75080
1111 0.75008
1112 0.74936
1113 0.74865
1114 0.74793
1115 0.74721
1116 0.74648
1117 0.74576
1118 0.74504
1119 0.74431
1120 0.74359
1121 0.74286
1122 0.74213
1123 0.74140
1124 0.74067
1125 0.73994
1126 0.73921
1127 0.73847
1128 0.73774
1129 0.73701
1130 0.73627
1131 0.73553
1132 0.73479
1133 0.73405
1134 0.73331
1135 0.73257
1136 0.73183
1137 0.73109
1138 0.73034
1139 0.72960
1140 0.72885
1141 0.72810
1142 0.72735
1143 0.72660
1144 0.72585
1145 0.72510
1146 0.72435
1147 0.72360
1148 0.72284
1149 0.72209
1150 0.72133
1151 0.72057
1152 0.71982
1153 0.71906
1154 0.71830
1155 0.71753
1156 0.71677
1157 0.71601
1158 0.71525
1159 0.71448
1160 0.71371
1161 0.71295
1162 0.71218
1163 0.71141
1164 0.71064
1165 0.70987
1166 0.70910
1167 0.70833
1168 0.70755
1169 0.70678
1170 0.70600
1171 0.70523
1172 0.70445
1173 0.70367
1174 0.70289
1175 0.70211
1176 0.70133
1177 0.70055
1178 0.69976
1179 0.69898
1180 0.69820
1181 0.69741
1182 0.69662
1183 0.69584
1184 0.69505
1185 0.69426
1186 0.69347
1187 0.69268
1188 0.69188
1189 0.69109
1190 0.69030
1191 0.68950
1192 0.68871
1193 0.68791
1194 0.68711
1195 0.68632
1196 0.68552
1197 0.68472
1198 0.68392
1199 0.68312
1200 0.68231
1201 0.68151
1202 0.68071
1203 0.67990
1204 0.67909
1205 0.67829
1206 0.67748
1207 0.67667
1208 0.67586
1209 0.67505
1210 0.67424
1211 0.67343
1212 0.67262
1213 0.67180
1214 0.67099
1215 0.67017
1216 1.00000
