17 1.15661
18 1.13833
19 1.12154
20 1.10606
21 1.09172
22 1.07837
23 1.06592
24 1.05425
25 1.04330
26 1.03298
27 1.02324
28 1.01402
29 1.00527
30 0.99696
31 0.98905
32 0.98150
33 0.97429
34 0.96740
35 0.96079
36 0.95445
37 0.94836
38 0.94250
39 0.93686
40 0.93142
41 0.92618
42 0.92111
43 0.91622
44 0.91148
45 0.90689
46 0.90244
47 0.89813
48 0.89395
49 0.88988
50 0.88593
51 0.88209
52 0.87835
53 0.87471
54 0.87117
55 0.86771
56 0.86435
57 0.86106
58 0.85785
59 0.85471
60 0.85165
61 0.84866
62 0.84573
63 0.84287
64 0.84007
65 0.83733
66 0.83464
67 0.83201
68 0.82943
69 0.82690
70 0.82442
71 0.82199
72 0.81961
73 0.81727
74 0.81497
75 0.81271
76 0.81049
77 0.80831
78 0.80617
79 0.80406
80 0.80199
81 0.79996
82 0.79796
83 0.79599
84 0.79405
85 0.79214
86 0.79026
87 0.78841
88 0.78659
89 0.78479
90 0.78302
91 0.78128
92 0.77956
93 0.77787
94 0.77620
95 0.77456
96 0.77293
97 0.77133
98 0.76975
99 0.76820
100 0.76666
101 0.76514
102 0.76365
103 0.76217
104 0.76071
105 0.75927
106 0.75784
107 0.75644
108 0.75505
109 0.75368
110 0.75233
111 0.75099
112 0.74967
113 0.74836
114 0.74707
115 0.74579
116 0.74453
117 0.74328
118 0.74205
119 0.74083
120 0.73962
121 0.73843
122 0.73725
123 0.73608
124 0.73493
125 0.73379
126 0.73266
127 0.73154
128 0.73043
129 0.72934
130 0.72826
131 0.72719
132 0.72612
133 0.72507
134 0.72404
135 0.72301
136 0.72199
137 0.72098
138 0.71998
139 0.71899
140 0.71801
141 0.71704
142 0.71608
143 0.71513
144 0.71419
145 0.71326
146 0.71234
147 0.71142
148 0.71051
149 0.70962
150 0.70873
151 0.70784
152 0.70697
153 0.70611
154 0.70525
155 0.70440
156 0.70356
157 0.70272
158 0.70190
159 0.70108
160 0.70027
161 0.69946
162 0.69866
163 0.69787
164 0.69709
165 0.69631
166 0.69554
167 0.69478
168 0.69402
169 0.69327
170 0.69253
171 0.69179
172 0.69106
173 0.69034
174 0.68962
175 0.68891
176 0.68820
177 0.68750
178 0.68681
179 0.68612
180 0.68544
181 0.68476
182 0.68409
183 0.68342
184 0.68276
185 0.68211
186 0.68146
187 0.68082
188 0.68018
189 0.67955
190 0.67892
191 0.67830
192 0.67768
193 0.67707
194 0.67646
195 0.67586
196 0.67526
197 0.67467
198 0.67408
199 0.67350
200 0.67292
201 0.67235
202 0.67178
203 0.67122
204 0.67066
205 0.67011
206 0.66956
207 0.66901
208 0.66847
209 0.66794
210 0.66741
211 0.66688
212 0.66635
213 0.66584
214 0.66532
215 0.66481
216 0.66431
217 0.66380
218 0.66331
219 0.66281
220 0.66232
221 0.66184
222 0.66136
223 0.66088
224 0.66040
225 0.65993
226 0.65947
227 0.65901
228 0.65855
229 0.65810
230 0.65764
231 0.65720
232 0.65676
233 0.65632
234 0.65588
235 0.65545
236 0.65502
237 0.65460
238 0.65417
239 0.65376
240 0.65334
241 0.65293
242 0.65253
243 0.65212
244 0.65172
245 0.65133
246 0.65093
247 0.65054
248 0.65016
249 0.64977
250 0.64940
251 0.64902
252 0.64865
253 0.64828
254 0.64791
255 0.64755
256 0.64719
257 0.64683
258 0.64648
259 0.64613
260 0.64578
261 0.64544
262 0.64509
263 0.64476
264 0.64442
265 0.64409
266 0.64376
267 0.64344
268 0.64311
269 0.64280
270 0.64248
271 0.64217
272 0.64186
273 0.64155
274 0.64124
275 0.64094
276 0.64064
277 0.64035
278 0.64005
279 0.63976
280 0.63948
281 0.63919
282 0.63891
283 0.63863
284 0.63836
285 0.63808
286 0.63781
287 0.63755
288 0.63728
289 0.63702
290 0.63676
291 0.63651
292 0.63625
293 0.63600
294 0.63575
295 0.63551
296 0.63526
297 0.63502
298 0.63479
299 0.63455
300 0.63432
301 0.63409
302 0.63386
303 0.63364
304 0.63342
305 0.63320
306 0.63298
307 0.63277
308 0.63256
309 0.63235
310 0.63214
311 0.63194
312 0.63174
313 0.63154
314 0.63134
315 0.63115
316 0.63096
317 0.63077
318 0.63058
319 0.63040
320 0.63022
321 0.63004
322 0.62986
323 0.62969
324 0.62952
325 0.62935
326 0.62918
327 0.62902
328 0.62886
329 0.62870
330 0.62854
331 0.62839
332 0.62823
333 0.62808
334 0.62794
335 0.62779
336 0.62765
337 0.62751
338 0.62737
339 0.62724
340 0.62710
341 0.62697
342 0.62684
343 0.62672
344 0.62659
345 0.62647
346 0.62635
347 0.62624
348 0.62612
349 0.62601
350 0.62590
351 0.62579
352 0.62569
353 0.62558
354 0.62548
355 0.62538
356 0.62529
357 0.62519
358 0.62510
359 0.62501
360 0.62492
361 0.62484
362 0.62475
363 0.62467
364 0.62460
365 0.62452
366 0.62444
367 0.62437
368 0.62430
369 0.62424
370 0.62417
371 0.62411
372 0.62405
373 0.62399
374 0.62393
375 0.62388
376 0.62382
377 0.62377
378 0.62373
379 0.62368
380 0.62364
381 0.62359
382 0.62356
383 0.62352
384 0.62348
385 0.62345
386 0.62342
387 0.62339
388 0.62336
389 0.62334
390 0.62332
391 0.62330
392 0.62328
393 0.62326
394 0.62325
395 0.62324
396 0.62323
397 0.62322
398 0.62322
399 0.62321
400 0.62321
401 0.62321
402 0.62322
403 0.62322
404 0.62323
405 0.62324
406 0.62325
407 0.62326
408 0.62328
409 0.62330
410 0.62332
411 0.62334
412 0.62336
413 0.62339
414 0.62342
415 0.62345
416 0.62348
417 0.62351
418 0.62355
419 0.62359
420 0.62363
421 0.62367
422 0.62372
423 0.62376
424 0.62381
425 0.62386
426 0.62392
427 0.62397
428 0.62403
429 0.62409
430 0.62415
431 0.62421
432 0.62428
433 0.62435
434 0.62441
435 0.62449
436 0.62456
437 0.62464
438 0.62471
439 0.62479
440 0.62487
441 0.62496
442 0.62504
443 0.62513
444 0.62522
445 0.62531
446 0.62541
447 0.62550
448 0.62560
449 0.62570
450 0.62580
451 0.62591
452 0.62601
453 0.62612
454 0.62623
455 0.62634
456 0.62646
457 0.62657
458 0.62669
459 0.62681
460 0.62694
461 0.62706
462 0.62719
463 0.62731
464 0.62745
465 0.62758
466 0.62771
467 0.62785
468 0.62799
469 0.62813
470 0.62827
471 0.62842
472 0.62856
473 0.62871
474 0.62886
475 0.62902
476 0.62917
477 0.62933
478 0.62949
479 0.62965
480 0.62981
481 0.62998
482 0.63014
483 0.63031
484 0.63048
485 0.63066
486 0.63083
487 0.63101
488 0.63119
489 0.63137
490 0.63155
491 0.63174
492 0.63193
493 0.63212
494 0.63231
495 0.63250
496 0.63270
497 0.63289
498 0.63309
499 0.63330
500 0.63350
501 0.63371
502 0.63391
503 0.63412
504 0.63434
505 0.63455
506 0.63477
507 0.63499
508 0.63521
509 0.63543
510 0.63565
511 0.63588
512 0.63611
513 0.63634
514 0.63657
515 0.63681
516 0.63704
517 0.63728
518 0.63752
519 0.63777
520 0.63801
521 0.63826
522 0.63851
523 0.63876
524 0.63901
525 0.63927
526 0.63953
527 0.63979
528 0.64005
529 0.64031
530 0.64058
531 0.64085
532 0.64112
533 0.64139
534 0.64166
535 0.64194
536 0.64222
537 0.64250
538 0.64278
539 0.64307
540 0.64335
541 0.64364
542 0.64393
543 0.64423
544 0.64452
545 0.64482
546 0.64512
547 0.64542
548 0.64573
549 0.64603
550 0.64634
551 0.64665
552 0.64697
553 0.64728
554 0.64760
555 0.64792
556 0.64824
557 0.64856
558 0.64889
559 0.64921
560 0.64954
561 0.64988
562 0.65021
563 0.65055
564 0.65088
565 0.65122
566 0.65157
567 0.65191
568 0.65226
569 0.65261
570 0.65296
571 0.65331
572 0.65367
573 0.65403
574 0.65439
575 0.65475
576 0.65512
577 0.65548
578 0.65585
579 0.65622
580 0.65660
581 0.65697
582 0.65735
583 0.65773
584 0.65811
585 0.65850
586 0.65889
587 0.65927
588 0.65967
589 0.66006
590 0.66046
591 0.66085
592 0.66125
593 0.66166
594 0.66206
595 0.66247
596 0.66288
597 0.66329
598 0.66370
599 0.66412
600 0.66454
601 0.66496
602 0.66538
603 0.66581
604 0.66624
605 0.66667
606 0.66710
607 0.66753
608 0.66797
609 0.66841
610 0.66885
611 0.66929
612 0.66974
613 0.67019
614 0.67064
615 0.67109
616 0.67155
617 0.67201
618 0.67247
619 0.67293
620 0.67339
621 0.67386
622 0.67433
623 0.67480
624 0.67528
625 0.67575
626 0.67623
627 0.67672
628 0.67720
629 0.67769
630 0.67817
631 0.67867
632 0.67916
633 0.67966
634 0.68015
635 0.68065
636 0.68116
637 0.68166
638 0.68217
639 0.68268
640 0.68320
641 0.68371
642 0.68423
643 0.68475
644 0.68527
645 0.68580
646 0.68633
647 0.68686
648 0.68739
649 0.68792
650 0.68846
651 0.68900
652 0.68954
653 0.69009
654 0.69064
655 0.69119
656 0.69174
657 0.69230
658 0.69285
659 0.69341
660 0.69398
661 0.69454
662 0.69511
663 0.69568
664 0.69625
665 0.69683
666 0.69741
667 0.69799
668 0.69857
669 0.69916
670 0.69975
671 0.70034
672 0.70093
673 0.70153
674 0.70213
675 0.70273
676 0.70333
677 0.70394
678 0.70455
679 0.70516
680 0.70578
681 0.70640
682 0.70702
683 0.70764
684 0.70827
685 0.70889
686 0.70952
687 0.71016
688 0.71079
689 0.71143
690 0.71208
691 0.71272
692 0.71337
693 0.71402
694 0.71467
695 0.71533
696 0.71598
697 0.71665
698 0.71731
699 0.71798
700 0.71864
701 0.71932
702 0.71999
703 0.72067
704 0.72135
705 0.72203
706 0.72272
707 0.72341
708 0.72410
709 0.72480
710 0.72549
711 0.72619
712 0.72690
713 0.72760
714 0.72831
715 0.72902
716 0.72974
717 0.73046
718 0.73118
719 0.73190
720 0.73263
721 0.73335
722 0.73409
723 0.73482
724 0.73556
725 0.73630
726 0.73704
727 0.73779
728 0.73854
729 0.73929
730 0.74005
731 0.74081
732 0.74157
733 0.74234
734 0.74310
735 0.74387
736 0.74465
737 0.74542
738 0.74620
739 0.74699
740 0.74777
741 0.74856
742 0.74936
743 0.75015
744 0.75095
745 0.75175
746 0.75256
747 0.75336
748 0.75417
749 0.75499
750 0.75580
751 0.75663
752 0.75745
753 0.75828
754 0.75910
755 0.75994
756 0.76077
757 0.76161
758 0.76246
759 0.76330
760 0.76415
761 0.76500
762 0.76586
763 0.76672
764 0.76758
765 0.76844
766 0.76931
767 0.77019
768 0.77106
769 0.77194
770 0.77282
771 0.77371
772 0.77459
773 0.77549
774 0.77638
775 0.77728
776 0.77818
777 0.77909
778 0.78000
779 0.78091
780 0.78182
781 0.78274
782 0.78366
783 0.78459
784 0.78552
785 0.78645
786 0.78739
787 0.78833
788 0.78927
789 0.79022
790 0.79117
791 0.79212
792 0.79308
793 0.79404
794 0.79500
795 0.79597
796 0.79694
797 0.79792
798 0.79889
799 0.79988
800 0.80086
801 0.80185
802 0.80284
803 0.80384
804 0.80484
805 0.80584
806 0.80685
807 0.80786
808 0.80888
809 0.80990
810 0.81092
811 0.81194
812 0.81297
813 0.81401
814 0.81504
815 0.81608
816 0.81713
817 0.81818
818 0.81923
819 0.82029
820 0.82135
821 0.82241
822 0.82348
823 0.82455
824 0.82562
825 0.82670
826 0.82779
827 0.82887
828 0.82996
829 0.83106
830 0.83216
831 0.83326
832 0.83437
833 0.83548
834 0.83659
835 0.83771
836 0.83883
837 0.83996
838 0.84109
839 0.84222
840 0.84336
841 0.84451
842 0.84565
843 0.84680
844 0.84796
845 0.84912
846 0.85028
847 0.85145
848 0.85262
849 0.85380
850 0.85498
851 0.85616
852 0.85735
853 0.85854
854 0.85974
855 0.86094
856 0.86214
857 0.86335
858 0.86457
859 0.86578
860 0.86701
861 0.86823
862 0.86947
863 0.87070
864 0.87194
865 0.87318
866 0.87443
867 0.87569
868 0.87694
869 0.87821
870 0.87947
871 0.88074
872 0.88202
873 0.88330
874 0.88458
875 0.88587
876 0.88716
877 0.88846
878 0.88976
879 0.89107
880 0.89238
881 0.89370
882 0.89502
883 0.89634
884 0.89767
885 0.89901
886 0.90035
887 0.90169
888 0.90304
889 0.90440
890 0.90575
891 0.90712
892 0.90848
893 0.90986
894 0.91123
895 0.91262
896 0.91400
897 0.91540
898 0.91679
899 0.91819
900 0.91960
901 0.92101
902 0.92243
903 0.92385
904 0.92528
905 0.92671
906 0.92814
907 0.92958
908 0.93103
909 0.93248
910 0.93394
911 0.93540
912 0.93453
913 0.93963
914 0.94291
915 0.94510
916 0.94634
917 0.94698
918 0.94768
919 0.94845
920 0.94930
921 0.95028
922 0.95021
923 0.95014
924 0.95128
925 0.95121
926 0.95115
927 0.95251
928 0.95244
929 0.95238
930 0.95232
931 0.95401
932 0.95395
933 0.95389
934 0.95383
935 0.95377
936 0.95371
937 0.95365
938 0.95588
939 0.95583
940 0.95577
941 0.95571
942 0.95566
943 0.95560
944 0.95554
945 0.95549
946 0.95543
947 0.95537
948 0.95532
949 0.95526
950 0.95843
951 0.95838
952 0.95833
953 0.95828
954 0.95822
955 0.95817
956 0.95812
957 0.95807
958 0.95801
959 0.95796
960 0.95791
961 0.95786
962 0.95780
963 0.95775
964 0.95770
965 0.95764
966 0.95759
967 0.95754
968 0.95749
969 0.95743
970 0.95738
971 0.95733
972 0.95728
973 0.96239
974 0.96234
975 0.96230
976 0.96225
977 0.96220
978 0.96216
979 0.96211
980 0.96206
981 0.96202
982 0.96197
983 0.96193
984 0.96188
985 0.96183
986 0.96179
987 0.96174
988 0.96169
989 0.96165
990 0.96160
991 0.96156
992 0.96151
993 0.96146
994 0.96142
995 0.96137
996 0.96132
997 0.96128
998 0.96123
999 0.96118
1000 0.96114
1001 0.96109
1002 0.96104
1003 0.96100
1004 0.96095
1005 0.96091
1006 0.96086
1007 0.96081
1008 0.96077
1009 0.96072
1010 0.96067
1011 0.96063
1012 0.96058
1013 0.96053
1014 0.96049
1015 0.96044
1016 0.96039
1017 0.96035
1018 0.96030
1019 0.96025
1020 0.96021
1021 0.96016
1022 0.96011
1023 0.96007
1024 0.96002
1025 0.95997
1026 0.97025
1027 0.97022
1028 0.97018
1029 0.97015
1030 0.97011
1031 0.97008
1032 0.97004
1033 0.97001
1034 0.96997
1035 0.96994
1036 0.96991
1037 0.96987
1038 0.96984
1039 0.96980
1040 0.96977
1041 0.96973
1042 0.96970
1043 0.96966
1044 0.96963
1045 0.96959
1046 0.96956
1047 0.96952
1048 0.96949
1049 0.96945
1050 0.96942
1051 0.96938
1052 0.96935
1053 0.96932
1054 0.96928
1055 0.96925
1056 0.96921
1057 0.96918
1058 0.96914
1059 0.96911
1060 0.96907
1061 0.96904
1062 0.96900
1063 0.96897
1064 0.96893
1065 0.96890
1066 0.96886
1067 0.96883
1068 0.96879
1069 0.96876
1070 0.96872
1071 0.96869
1072 0.96865
1073 0.96862
1074 0.96858
1075 0.96855
1076 0.96851
1077 0.96848
1078 0.96844
1079 0.96841
1080 0.96837
1081 0.96834
1082 0.96831
1083 0.96827
1084 0.96824
1085 0.96820
1086 0.96817
1087 0.96813
1088 0.96810
1089 0.96806
1090 0.96803
1091 0.96799
1092 0.96796
1093 0.96792
1094 0.96789
1095 0.96785
1096 0.96782
1097 0.96778
1098 0.96775
1099 0.96771
1100 0.96768
1101 0.96764
1102 0.96761
1103 0.96757
1104 0.96754
1105 0.96750
1106 0.96747
1107 0.96743
1108 0.96740
1109 0.96736
1110 0.96733
1111 0.96729
1112 0.96725
1113 0.96722
1114 0.96718
1115 0.96715
1116 0.96711
1117 0.96708
1118 0.96704
1119 0.96701
1120 0.96697
1121 0.96694
1122 0.96690
1123 0.96687
1124 0.96683
1125 0.96680
1126 0.96676
1127 0.96673
1128 0.96669
1129 0.96666
1130 0.96662
1131 0.96659
1132 0.96655
1133 0.96652
1134 0.96648
1135 0.96645
1136 0.96641
1137 0.96638
1138 0.96634
1139 0.96631
1140 0.96627
1141 0.96623
1142 0.96620
1143 0.96616
1144 0.96613
1145 0.96609
1146 0.96606
1147 0.96602
1148 0.96599
1149 0.96595
1150 0.96592
1151 0.96588
1152 0.96585
1153 0.96581
1154 0.96578
1155 0.96574
1156 0.96571
1157 0.96567
1158 0.96563
1159 0.96560
1160 0.96556
1161 0.96553
1162 0.96549
1163 0.96546
1164 0.96542
1165 0.96539
1166 0.96535
1167 0.96532
1168 0.96528
1169 0.96525
1170 0.96521
1171 0.96517
1172 0.96514
1173 0.96510
1174 0.96507
1175 0.96503
1176 0.96500
1177 0.96496
1178 0.96493
1179 0.96489
1180 0.96486
1181 0.96482
1182 0.96478
1183 0.96475
1184 0.96471
1185 0.96468
1186 0.96464
1187 0.96461
1188 0.96457
1189 0.96454
1190 0.96450
1191 0.96447
1192 0.96443
1193 0.96439
1194 0.96436
1195 0.96432
1196 0.96429
1197 0.96425
1198 0.96422
1199 0.96418
1200 0.96415
1201 0.96411
1202 0.96407
1203 0.96404
1204 0.96400
1205 0.96397
1206 0.96393
1207 0.96390
1208 0.96386
1209 0.96383
1210 0.96379
1211 0.96375
1212 0.96372
1213 0.96368
1214 0.96365
1215 0.96361
1216 1.00000
