17 2.20853
18 2.03748
19 1.89012
20 1.76202
21 1.64976
22 1.55066
23 1.46261
24 1.38391
25 1.31320
26 1.24934
27 1.19141
28 1.13865
29 1.09040
30 1.04613
31 1.00538
32 0.96774
33 0.93289
34 0.90053
35 0.87040
36 0.84229
37 0.81601
38 0.79137
39 0.76825
40 0.74650
41 0.72600
42 0.70666
43 0.68837
44 0.67106
45 0.65464
46 0.63906
47 0.62425
48 0.61015
49 0.59672
50 0.58390
51 0.57166
52 0.55997
53 0.54877
54 0.53805
55 0.52777
56 0.51791
57 0.50844
58 0.49934
59 0.49059
60 0.48216
61 0.47404
62 0.46622
63 0.45867
64 0.45139
65 0.44435
66 0.43756
67 0.43098
68 0.42462
69 0.41847
70 0.41250
71 0.40672
72 0.40112
73 0.39569
74 0.39041
75 0.38529
76 0.38032
77 0.37549
78 0.37079
79 0.36622
80 0.36178
81 0.35745
82 0.35323
83 0.34913
84 0.34513
85 0.34124
86 0.33743
87 0.33373
88 0.33011
89 0.32658
90 0.32314
91 0.31977
92 0.31648
93 0.31327
94 0.31013
95 0.30706
96 0.30406
97 0.30113
98 0.29825
99 0.29544
100 0.29269
101 0.28999
102 0.28735
103 0.28477
104 0.28224
105 0.27975
106 0.27732
107 0.27493
108 0.27260
109 0.27030
110 0.26805
111 0.26584
112 0.26367
113 0.26155
114 0.25946
115 0.25741
116 0.25539
117 0.25341
118 0.25147
119 0.24956
120 0.24768
121 0.24584
122 0.24403
123 0.24224
124 0.24049
125 0.23877
126 0.23707
127 0.23540
128 0.23376
129 0.23215
130 0.23056
131 0.22899
132 0.22745
133 0.22594
134 0.22444
135 0.22297
136 0.22153
137 0.22010
138 0.21869
139 0.21731
140 0.21595
141 0.21460
142 0.21328
143 0.21197
144 0.21068
145 0.20941
146 0.20816
147 0.20693
148 0.20571
149 0.20451
150 0.20333
151 0.20216
152 0.20101
153 0.19987
154 0.19875
155 0.19765
156 0.19655
157 0.19548
158 0.19441
159 0.19336
160 0.19233
161 0.19130
162 0.19029
163 0.18929
164 0.18831
165 0.18733
166 0.18637
167 0.18542
168 0.18449
169 0.18356
170 0.18264
171 0.18174
172 0.18084
173 0.17996
174 0.17909
175 0.17823
176 0.17737
177 0.17653
178 0.17570
179 0.17487
180 0.17406
181 0.17325
182 0.17246
183 0.17167
184 0.17089
185 0.17012
186 0.16936
187 0.16861
188 0.16787
189 0.16713
190 0.16640
191 0.16568
192 0.16497
193 0.16426
194 0.16356
195 0.16287
196 0.16219
197 0.16151
198 0.16084
199 0.16018
200 0.15953
201 0.15888
202 0.15824
203 0.15760
204 0.15697
205 0.15635
206 0.15573
207 0.15512
208 0.15452
209 0.15392
210 0.15333
211 0.15274
212 0.15216
213 0.15159
214 0.15102
215 0.15045
216 0.14990
217 0.14934
218 0.14880
219 0.14825
220 0.14772
221 0.14718
222 0.14666
223 0.14613
224 0.14562
225 0.14510
226 0.14460
227 0.14409
228 0.14360
229 0.14310
230 0.14261
231 0.14213
232 0.14165
233 0.14117
234 0.14070
235 0.14023
236 0.13977
237 0.13931
238 0.13885
239 0.13840
240 0.13796
241 0.13751
242 0.13708
243 0.13664
244 0.13621
245 0.13578
246 0.13536
247 0.13494
248 0.13452
249 0.13411
250 0.13370
251 0.13329
252 0.13289
253 0.13249
254 0.13210
255 0.13170
256 0.13132
257 0.13093
258 0.13055
259 0.13017
260 0.12979
261 0.12942
262 0.12905
263 0.12868
264 0.12832
265 0.12796
266 0.12760
267 0.12725
268 0.12690
269 0.12655
270 0.12620
271 0.12586
272 0.12552
273 0.12518
274 0.12485
275 0.12452
276 0.12419
277 0.12386
278 0.12354
279 0.12322
280 0.12290
281 0.12258
282 0.12227
283 0.12196
284 0.12165
285 0.12134
286 0.12104
287 0.12074
288 0.12044
289 0.12014
290 0.11985
291 0.11956
292 0.11927
293 0.11898
294 0.11870
295 0.11841
296 0.11813
297 0.11785
298 0.11758
299 0.11731
300 0.11703
301 0.11676
302 0.11650
303 0.11623
304 0.11597
305 0.11571
306 0.11545
307 0.11519
308 0.11494
309 0.11468
310 0.11443
311 0.11418
312 0.11393
313 0.11369
314 0.11345
315 0.11320
316 0.11296
317 0.11273
318 0.11249
319 0.11226
320 0.11202
321 0.11179
322 0.11156
323 0.11134
324 0.11111
325 0.11089
326 0.11067
327 0.11045
328 0.11023
329 0.11001
330 0.10979
331 0.10958
332 0.10937
333 0.10916
334 0.10895
335 0.10874
336 0.10854
337 0.10833
338 0.10813
339 0.10793
340 0.10773
341 0.10753
342 0.10734
343 0.10714
344 0.10695
345 0.10676
346 0.10657
347 0.10638
348 0.10619
349 0.10601
350 0.10582
351 0.10564
352 0.10546
353 0.10528
354 0.10510
355 0.10492
356 0.10474
357 0.10457
358 0.10440
359 0.10422
360 0.10405
361 0.10388
362 0.10372
363 0.10355
364 0.10338
365 0.10322
366 0.10306
367 0.10289
368 0.10273
369 0.10258
370 0.10242
371 0.10226
372 0.10211
373 0.10195
374 0.10180
375 0.10165
376 0.10150
377 0.10135
378 0.10120
379 0.10105
380 0.10091
381 0.10076
382 0.10062
383 0.10048
384 0.10033
385 0.10019
386 0.10006
387 0.09992
388 0.09978
389 0.09965
390 0.09951
391 0.09938
392 0.09925
393 0.09911
394 0.09898
395 0.09886
396 0.09873
397 0.09860
398 0.09847
399 0.09835
400 0.09823
401 0.09810
402 0.09798
403 0.09786
404 0.09774
405 0.09762
406 0.09750
407 0.09739
408 0.09727
409 0.09716
410 0.09704
411 0.09693
412 0.09682
413 0.09671
414 0.09660
415 0.09649
416 0.09638
417 0.09627
418 0.09617
419 0.09606
420 0.09596
421 0.09586
422 0.09575
423 0.09565
424 0.09555
425 0.09545
426 0.09535
427 0.09526
428 0.09516
429 0.09506
430 0.09497
431 0.09487
432 0.09478
433 0.09469
434 0.09460
435 0.09451
436 0.09442
437 0.09433
438 0.09424
439 0.09415
440 0.09407
441 0.09398
442 0.09390
443 0.09381
444 0.09373
445 0.09365
446 0.09357
447 0.09349
448 0.09341
449 0.09333
450 0.09325
451 0.09317
452 0.09309
453 0.09302
454 0.09294
455 0.09287
456 0.09280
457 0.09272
458 0.09265
459 0.09258
460 0.09251
461 0.09244
462 0.09237
463 0.09231
464 0.09224
465 0.09217
466 0.09211
467 0.09204
468 0.09198
469 0.09192
470 0.09185
471 0.09179
472 0.09173
473 0.09167
474 0.09161
475 0.09155
476 0.09149
477 0.09144
478 0.09138
479 0.09132
480 0.09127
481 0.09121
482 0.09116
483 0.09111
484 0.09106
485 0.09100
486 0.09095
487 0.09090
488 0.09085
489 0.09081
490 0.09070
491 0.09065
492 0.09061
493 0.09056
494 0.09052
495 0.09048
496 0.09043
497 0.09039
498 0.09035
499 0.09031
500 0.09028
501 0.09024
502 0.09021
503 0.09017
504 0.09014
505 0.09011
506 0.09008
507 0.09005
508 0.09002
509 0.08999
510 0.08997
511 0.08995
512 0.08992
513 0.08990
514 0.08988
515 0.08986
516 0.08984
517 0.08983
518 0.08981
519 0.08980
520 0.08979
521 0.08978
522 0.08977
523 0.08976
524 0.08975
525 0.08975
526 0.08974
527 0.08974
528 0.08974
529 0.08973
530 0.08974
531 0.08974
532 0.08974
533 0.08975
534 0.08975
535 0.08976
536 0.08977
537 0.08978
538 0.08980
539 0.08981
540 0.08983
541 0.08985
542 0.08987
543 0.08989
544 0.08991
545 0.08993
546 0.08996
547 0.08999
548 0.09001
549 0.09005
550 0.09008
551 0.09011
552 0.09014
553 0.09017
554 0.09020
555 0.09024
556 0.09028
557 0.09031
558 0.09035
559 0.09040
560 0.09044
561 0.09049
562 0.09053
563 0.09058
564 0.09063
565 0.09068
566 0.09074
567 0.09079
568 0.09085
569 0.09091
570 0.09097
571 0.09103
572 0.09109
573 0.09116
574 0.09123
575 0.09130
576 0.09137
577 0.09144
578 0.09152
579 0.09159
580 0.09167
581 0.09175
582 0.09183
583 0.09192
584 0.09200
585 0.09209
586 0.09218
587 0.09227
588 0.09237
589 0.09246
590 0.09256
591 0.09266
592 0.09276
593 0.09286
594 0.09297
595 0.09308
596 0.09318
597 0.09330
598 0.09341
599 0.09353
600 0.09364
601 0.09376
602 0.09388
603 0.09401
604 0.09413
605 0.09426
606 0.09439
607 0.09453
608 0.09466
609 0.09480
610 0.09494
611 0.09508
612 0.09522
613 0.09537
614 0.09551
615 0.09567
616 0.09582
617 0.09597
618 0.09613
619 0.09629
620 0.09645
621 0.09662
622 0.09678
623 0.09695
624 0.09713
625 0.09730
626 0.09748
627 0.09766
628 0.09784
629 0.09802
630 0.09821
631 0.09840
632 0.09859
633 0.09879
634 0.09898
635 0.09919
636 0.09939
637 0.09959
638 0.09980
639 0.10001
640 0.10023
641 0.10044
642 0.10066
643 0.10089
644 0.10111
645 0.10134
646 0.10157
647 0.10181
648 0.10204
649 0.10228
650 0.10253
651 0.10277
652 0.10302
653 0.10326
654 0.10350
655 0.10374
656 0.10399
657 0.10423
658 0.10448
659 0.10474
660 0.10499
661 0.10525
662 0.10552
663 0.10578
664 0.10605
665 0.10632
666 0.10660
667 0.10688
668 0.10696
669 0.10724
670 0.10753
671 0.10781
672 0.10811
673 0.10840
674 0.10870
675 0.10901
676 0.10932
677 0.10963
678 0.10995
679 0.11027
680 0.11059
681 0.11092
682 0.11125
683 0.11159
684 0.11193
685 0.11228
686 0.11263
687 0.11299
688 0.11335
689 0.11371
690 0.11408
691 0.11445
692 0.11483
693 0.11522
694 0.11561
695 0.11600
696 0.11640
697 0.11680
698 0.11721
699 0.11762
700 0.11804
701 0.11847
702 0.11890
703 0.11933
704 0.11977
705 0.12022
706 0.12067
707 0.12113
708 0.12159
709 0.12206
710 0.12253
711 0.12301
712 0.12350
713 0.12399
714 0.12449
715 0.12499
716 0.12550
717 0.12602
718 0.12654
719 0.12707
720 0.12761
721 0.12815
722 0.12870
723 0.12925
724 0.12982
725 0.13039
726 0.13096
727 0.13155
728 0.13214
729 0.13274
730 0.13334
731 0.13395
732 0.13457
733 0.13520
734 0.13584
735 0.13648
736 0.13713
737 0.13779
738 0.13846
739 0.13913
740 0.13982
741 0.14051
742 0.14121
743 0.14192
744 0.14264
745 0.14336
746 0.14410
747 0.14484
748 0.14560
749 0.14636
750 0.14713
751 0.14791
752 0.14870
753 0.14950
754 0.15031
755 0.15113
756 0.15196
757 0.15280
758 0.15366
759 0.15452
760 0.15539
761 0.15627
762 0.15717
763 0.15807
764 0.15899
765 0.15991
766 0.16085
767 0.16180
768 0.16277
769 0.16374
770 0.16473
771 0.16573
772 0.16674
773 0.16776
774 0.16880
775 0.16985
776 0.17091
777 0.17199
778 0.17308
779 0.17418
780 0.17530
781 0.17643
782 0.17758
783 0.17874
784 0.17991
785 0.18110
786 0.18231
787 0.18353
788 0.18477
789 0.18602
790 0.18729
791 0.18857
792 0.18987
793 0.19119
794 0.19252
795 0.19387
796 0.19524
797 0.19663
798 0.19804
799 0.19946
800 0.20090
801 0.20236
802 0.20384
803 0.20534
804 0.20686
805 0.20840
806 0.20996
807 0.21154
808 0.21314
809 0.21476
810 0.21640
811 0.21806
812 0.21975
813 0.22146
814 0.22319
815 0.22495
816 0.22673
817 0.22853
818 0.23036
819 0.23221
820 0.23408
821 0.23599
822 0.23791
823 0.23987
824 0.24185
825 0.24386
826 0.24589
827 0.24795
828 0.25004
829 0.25216
830 0.25431
831 0.25649
832 0.25870
833 0.26094
834 0.26321
835 0.26552
836 0.26785
837 0.27022
838 0.27262
839 0.27505
840 0.27752
841 0.28002
842 0.28256
843 0.28514
844 0.28775
845 0.29040
846 0.29309
847 0.29581
848 0.29858
849 0.30138
850 0.30422
851 0.30711
852 0.31004
853 0.31301
854 0.31602
855 0.31908
856 0.32218
857 0.32533
858 0.32852
859 0.33176
860 0.33505
861 0.33839
862 0.34177
863 0.34521
864 0.34870
865 0.35224
866 0.35583
867 0.35948
868 0.36318
869 0.36694
870 0.37075
871 0.37463
872 0.37856
873 0.38255
874 0.38660
875 0.39072
876 0.39489
877 0.39913
878 0.40344
879 0.40782
880 0.41226
881 0.41677
882 0.42135
883 0.42600
884 0.43073
885 0.43553
886 0.44040
887 0.44535
888 0.45039
889 0.45550
890 0.46069
891 0.46596
892 0.47132
893 0.47676
894 0.48229
895 0.48791
896 0.49362
897 0.49943
898 0.50533
899 0.51132
900 0.51741
901 0.52360
902 0.52989
903 0.53629
904 0.54279
905 0.54940
906 0.55612
907 0.56295
908 0.56989
909 0.57695
910 0.58413
911 0.59143
912 0.59712
913 0.61950
914 0.63498
915 0.64606
916 0.65240
917 0.65553
918 0.65913
919 0.66330
920 0.66821
921 0.67411
922 0.67306
923 0.67200
924 0.67928
925 0.67824
926 0.67719
927 0.68643
928 0.68540
929 0.68438
930 0.68335
931 0.69553
932 0.69453
933 0.69353
934 0.69253
935 0.69153
936 0.69053
937 0.68952
938 0.70647
939 0.70551
940 0.70455
941 0.70358
942 0.70261
943 0.70164
944 0.70067
945 0.69970
946 0.69873
947 0.69775
948 0.69678
949 0.69580
950 0.72129
951 0.72038
952 0.71946
953 0.71854
954 0.71762
955 0.71670
956 0.71578
957 0.71486
958 0.71394
959 0.71301
960 0.71208
961 0.71115
962 0.71023
963 0.70929
964 0.70836
965 0.70743
966 0.70649
967 0.70556
968 0.70462
969 0.70368
970 0.70274
971 0.70180
972 0.70085
973 0.74412
974 0.74329
975 0.74245
976 0.74162
977 0.74078
978 0.73994
979 0.73910
980 0.73826
981 0.73741
982 0.73657
983 0.73572
984 0.73487
985 0.73402
986 0.73317
987 0.73232
988 0.73147
989 0.73061
990 0.72976
991 0.72890
992 0.72804
993 0.72718
994 0.72632
995 0.72546
996 0.72459
997 0.72373
998 0.72286
999 0.72199
1000 0.72113
1001 0.72026
1002 0.71938
1003 0.71851
1004 0.71764
1005 0.71676
1006 0.71588
1007 0.71501
1008 0.71413
1009 0.71325
1010 0.71237
1011 0.71148
1012 0.71060
1013 0.70971
1014 0.70883
1015 0.70794
1016 0.70705
1017 0.70616
1018 0.70527
1019 0.70437
1020 0.70348
1021 0.70258
1022 0.70169
1023 0.70079
1024 0.69989
1025 0.69899
1026 0.79073
1027 0.79007
1028 0.78940
1029 0.78872
1030 0.78805
1031 0.78738
1032 0.78670
1033 0.78603
1034 0.78535
1035 0.78467
1036 0.78399
1037 0.78331
1038 0.78263
1039 0.78195
1040 0.78126
1041 0.78058
1042 0.77989
1043 0.77920
1044 0.77851
1045 0.77782
1046 0.77713
1047 0.77644
1048 0.77575
1049 0.77505
1050 0.77435
1051 0.77366
1052 0.77296
1053 0.77226
1054 0.77156
1055 0.77086
1056 0.77015
1057 0.76945
1058 0.76875
1059 0.76804
1060 0.76733
1061 0.76662
1062 0.76591
1063 0.76520
1064 0.76449
1065 0.76378
1066 0.76306
1067 0.76235
1068 0.76163
1069 0.76091
1070 0.76019
1071 0.75947
1072 0.75875
1073 0.75803
1074 0.75731
1075 0.75658
1076 0.75586
1077 0.75513
1078 0.75440
1079 0.75367
1080 0.75294
1081 0.75221
1082 0.75148
1083 0.75075
1084 0.75001
1085 0.74927
1086 0.74854
1087 0.74780
1088 0.74706
1089 0.74632
1090 0.74558
1091 0.74484
1092 0.74409
1093 0.74335
1094 0.74260
1095 0.74186
1096 0.74111
1097 0.74036
1098 0.73961
1099 0.73886
1100 0.73811
1101 0.73735
1102 0.73660
1103 0.73584
1104 0.73509
1105 0.73433
1106 0.73357
1107 0.73281
1108 0.73205
1109 0.73129
1110 0.73053
1111 0.72976
1112 0.72900
1113 0.72823
1114 0.72747
1115 0.72670
1116 0.72593
1117 0.72516
1118 0.72439
1119 0.72362
1120 0.72284
1121 0.72207
1122 0.72129
1123 0.72052
1124 0.71974
1125 0.71896
1126 0.71818
1127 0.71740
1128 0.71662
1129 0.71584
1130 0.71505
1131 0.71427
1132 0.71348
1133 0.71270
1134 0.71191
1135 0.71112
1136 0.71033
1137 0.70954
1138 0.70875
1139 0.70796
1140 0.70716
1141 0.70637
1142 0.70557
1143 0.70478
1144 0.70398
1145 0.70318
1146 0.70238
1147 0.70158
1148 0.70078
1149 0.69998
1150 0.69918
1151 0.69837
1152 0.69757
1153 0.69676
1154 0.69595
1155 0.69515
1156 0.69434
1157 0.69353
1158 0.69272
1159 0.69190
1160 0.69109
1161 0.69028
1162 0.68946
1163 0.68865
1164 0.68783
1165 0.68701
1166 0.68620
1167 0.68538
1168 0.68456
1169 0.68374
1170 0.68291
1171 0.68209
1172 0.68127
1173 0.68044
1174 0.67962
1175 0.67879
1176 0.67796
1177 0.67714
1178 0.67631
1179 0.67548
1180 0.67465
1181 0.67382
1182 0.67298
1183 0.67215
1184 0.67132
1185 0.67048
1186 0.66964
1187 0.66881
1188 0.66797
1189 0.66713
1190 0.66629
1191 0.66545
1192 0.66461
1193 0.66377
1194 0.66293
1195 0.66208
1196 0.66124
1197 0.66039
1198 0.65955
1199 0.65870
1200 0.65785
1201 0.65700
1202 0.65615
1203 0.65530
1204 0.65445
1205 0.65360
1206 0.65275
1207 0.65190
1208 0.65104
1209 0.65019
1210 0.64933
1211 0.64848
1212 0.64762
1213 0.64676
1214 0.64590
1215 0.64504
1216 1.00000
