17 2.33545
18 2.14356
19 1.97908
20 1.83675
21 1.71256
22 1.60338
23 1.50674
24 1.42068
25 1.34362
26 1.27425
27 1.21153
28 1.15456
29 1.10262
30 1.05509
31 1.01144
32 0.97124
33 0.93409
34 0.89968
35 0.86772
36 0.83796
37 0.81019
38 0.78422
39 0.75989
40 0.73704
41 0.71555
42 0.69530
43 0.67619
44 0.65813
45 0.64104
46 0.62483
47 0.60945
48 0.59483
49 0.58093
50 0.56768
51 0.55504
52 0.54298
53 0.53145
54 0.52043
55 0.50987
56 0.49975
57 0.49005
58 0.48073
59 0.47178
60 0.46317
61 0.45489
62 0.44692
63 0.43923
64 0.43183
65 0.42468
66 0.41778
67 0.41111
68 0.40467
69 0.39844
70 0.39241
71 0.38657
72 0.38092
73 0.37543
74 0.37012
75 0.36496
76 0.35996
77 0.35510
78 0.35038
79 0.34580
80 0.34134
81 0.33700
82 0.33278
83 0.32868
84 0.32468
85 0.32078
86 0.31699
87 0.31329
88 0.30968
89 0.30616
90 0.30273
91 0.29938
92 0.29611
93 0.29292
94 0.28980
95 0.28675
96 0.28377
97 0.28086
98 0.27801
99 0.27523
100 0.27250
101 0.26984
102 0.26723
103 0.26467
104 0.26217
105 0.25972
106 0.25732
107 0.25496
108 0.25266
109 0.25040
110 0.24818
111 0.24601
112 0.24387
113 0.24178
114 0.23973
115 0.23771
116 0.23573
117 0.23379
118 0.23189
119 0.23001
120 0.22817
121 0.22637
122 0.22459
123 0.22284
124 0.22113
125 0.21944
126 0.21778
127 0.21615
128 0.21455
129 0.21297
130 0.21142
131 0.20989
132 0.20839
133 0.20691
134 0.20545
135 0.20402
136 0.20261
137 0.20122
138 0.19985
139 0.19851
140 0.19718
141 0.19587
142 0.19458
143 0.19332
144 0.19206
145 0.19083
146 0.18962
147 0.18842
148 0.18724
149 0.18607
150 0.18493
151 0.18379
152 0.18268
153 0.18158
154 0.18049
155 0.17942
156 0.17836
157 0.17732
158 0.17629
159 0.17527
160 0.17427
161 0.17328
162 0.17230
163 0.17134
164 0.17039
165 0.16945
166 0.16852
167 0.16760
168 0.16669
169 0.16580
170 0.16492
171 0.16404
172 0.16318
173 0.16233
174 0.16149
175 0.16066
176 0.15984
177 0.15902
178 0.15822
179 0.15743
180 0.15664
181 0.15587
182 0.15510
183 0.15435
184 0.15360
185 0.15286
186 0.15212
187 0.15140
188 0.15068
189 0.14998
190 0.14928
191 0.14858
192 0.14790
193 0.14722
194 0.14655
195 0.14589
196 0.14523
197 0.14458
198 0.14394
199 0.14331
200 0.14268
201 0.14205
202 0.14144
203 0.14083
204 0.14023
205 0.13963
206 0.13904
207 0.13845
208 0.13787
209 0.13730
210 0.13673
211 0.13617
212 0.13561
213 0.13506
214 0.13452
215 0.13398
216 0.13344
217 0.13291
218 0.13239
219 0.13187
220 0.13135
221 0.13084
222 0.13034
223 0.12984
224 0.12934
225 0.12885
226 0.12837
227 0.12789
228 0.12741
229 0.12694
230 0.12647
231 0.12601
232 0.12555
233 0.12509
234 0.12464
235 0.12419
236 0.12375
237 0.12331
238 0.12287
239 0.12244
240 0.12202
241 0.12159
242 0.12117
243 0.12076
244 0.12034
245 0.11993
246 0.11953
247 0.11913
248 0.11873
249 0.11833
250 0.11794
251 0.11755
252 0.11717
253 0.11679
254 0.11641
255 0.11604
256 0.11566
257 0.11529
258 0.11493
259 0.11457
260 0.11421
261 0.11385
262 0.11350
263 0.11315
264 0.11280
265 0.11245
266 0.11211
267 0.11177
268 0.11144
269 0.11110
270 0.11077
271 0.11045
272 0.11012
273 0.10980
274 0.10948
275 0.10916
276 0.10884
277 0.10853
278 0.10822
279 0.10791
280 0.10761
281 0.10731
282 0.10701
283 0.10671
284 0.10641
285 0.10612
286 0.10583
287 0.10554
288 0.10525
289 0.10497
290 0.10469
291 0.10441
292 0.10413
293 0.10386
294 0.10358
295 0.10331
296 0.10304
297 0.10278
298 0.10251
299 0.10225
300 0.10199
301 0.10173
302 0.10147
303 0.10122
304 0.10096
305 0.10071
306 0.10046
307 0.10022
308 0.09997
309 0.09973
310 0.09949
311 0.09925
312 0.09901
313 0.09877
314 0.09854
315 0.09831
316 0.09807
317 0.09785
318 0.09762
319 0.09739
320 0.09717
321 0.09695
322 0.09673
323 0.09651
324 0.09629
325 0.09607
326 0.09586
327 0.09565
328 0.09544
329 0.09523
330 0.09502
331 0.09481
332 0.09461
333 0.09440
334 0.09420
335 0.09400
336 0.09380
337 0.09360
338 0.09341
339 0.09321
340 0.09302
341 0.09283
342 0.09264
343 0.09245
344 0.09226
345 0.09208
346 0.09189
347 0.09171
348 0.09153
349 0.09135
350 0.09117
351 0.09099
352 0.09081
353 0.09064
354 0.09046
355 0.09029
356 0.09012
357 0.08995
358 0.08978
359 0.08961
360 0.08944
361 0.08928
362 0.08911
363 0.08895
364 0.08879
365 0.08863
366 0.08847
367 0.08831
368 0.08815
369 0.08800
370 0.08784
371 0.08769
372 0.08753
373 0.08738
374 0.08723
375 0.08708
376 0.08693
377 0.08679
378 0.08664
379 0.08650
380 0.08635
381 0.08621
382 0.08607
383 0.08593
384 0.08579
385 0.08565
386 0.08551
387 0.08537
388 0.08524
389 0.08510
390 0.08497
391 0.08484
392 0.08471
393 0.08458
394 0.08445
395 0.08432
396 0.08419
397 0.08406
398 0.08394
399 0.08381
400 0.08369
401 0.08356
402 0.08344
403 0.08332
404 0.08320
405 0.08308
406 0.08296
407 0.08285
408 0.08273
409 0.08261
410 0.08250
411 0.08238
412 0.08227
413 0.08216
414 0.08205
415 0.08194
416 0.08183
417 0.08172
418 0.08161
419 0.08150
420 0.08140
421 0.08129
422 0.08119
423 0.08108
424 0.08098
425 0.08088
426 0.08078
427 0.08068
428 0.08058
429 0.08048
430 0.08038
431 0.08028
432 0.08019
433 0.08009
434 0.07999
435 0.07990
436 0.07981
437 0.07971
438 0.07962
439 0.07953
440 0.07944
441 0.07935
442 0.07926
443 0.07917
444 0.07909
445 0.07900
446 0.07891
447 0.07883
448 0.07874
449 0.07866
450 0.07858
451 0.07849
452 0.07841
453 0.07833
454 0.07825
455 0.07817
456 0.07809
457 0.07801
458 0.07794
459 0.07786
460 0.07778
461 0.07771
462 0.07763
463 0.07756
464 0.07748
465 0.07741
466 0.07734
467 0.07727
468 0.07720
469 0.07713
470 0.07706
471 0.07699
472 0.07692
473 0.07685
474 0.07679
475 0.07672
476 0.07665
477 0.07659
478 0.07648
479 0.07641
480 0.07635
481 0.07629
482 0.07623
483 0.07617
484 0.07611
485 0.07605
486 0.07599
487 0.07594
488 0.07588
489 0.07583
490 0.07577
491 0.07572
492 0.07567
493 0.07562
494 0.07557
495 0.07552
496 0.07548
497 0.07543
498 0.07539
499 0.07535
500 0.07530
501 0.07526
502 0.07522
503 0.07518
504 0.07514
505 0.07511
506 0.07507
507 0.07504
508 0.07501
509 0.07498
510 0.07495
511 0.07491
512 0.07489
513 0.07486
514 0.07483
515 0.07481
516 0.07478
517 0.07476
518 0.07474
519 0.07472
520 0.07470
521 0.07468
522 0.07466
523 0.07465
524 0.07463
525 0.07462
526 0.07461
527 0.07460
528 0.07459
529 0.07458
530 0.07458
531 0.07457
532 0.07457
533 0.07457
534 0.07457
535 0.07457
536 0.07457
537 0.07458
538 0.07458
539 0.07458
540 0.07458
541 0.07459
542 0.07460
543 0.07460
544 0.07461
545 0.07462
546 0.07464
547 0.07465
548 0.07466
549 0.07468
550 0.07470
551 0.07472
552 0.07474
553 0.07476
554 0.07478
555 0.07481
556 0.07483
557 0.07486
558 0.07489
559 0.07492
560 0.07495
561 0.07498
562 0.07502
563 0.07506
564 0.07509
565 0.07513
566 0.07517
567 0.07522
568 0.07526
569 0.07531
570 0.07535
571 0.07540
572 0.07545
573 0.07550
574 0.07556
575 0.07561
576 0.07567
577 0.07573
578 0.07579
579 0.07585
580 0.07591
581 0.07598
582 0.07604
583 0.07611
584 0.07618
585 0.07625
586 0.07633
587 0.07640
588 0.07648
589 0.07655
590 0.07663
591 0.07672
592 0.07680
593 0.07689
594 0.07697
595 0.07706
596 0.07715
597 0.07724
598 0.07734
599 0.07743
600 0.07753
601 0.07763
602 0.07773
603 0.07784
604 0.07794
605 0.07805
606 0.07816
607 0.07827
608 0.07838
609 0.07850
610 0.07862
611 0.07873
612 0.07886
613 0.07898
614 0.07910
615 0.07923
616 0.07936
617 0.07949
618 0.07963
619 0.07976
620 0.07990
621 0.08004
622 0.08018
623 0.08032
624 0.08047
625 0.08062
626 0.08077
627 0.08092
628 0.08108
629 0.08124
630 0.08140
631 0.08156
632 0.08172
633 0.08189
634 0.08206
635 0.08223
636 0.08240
637 0.08258
638 0.08274
639 0.08291
640 0.08308
641 0.08325
642 0.08343
643 0.08360
644 0.08378
645 0.08396
646 0.08415
647 0.08433
648 0.08452
649 0.08471
650 0.08491
651 0.08510
652 0.08514
653 0.08534
654 0.08554
655 0.08575
656 0.08595
657 0.08617
658 0.08638
659 0.08659
660 0.08681
661 0.08704
662 0.08726
663 0.08749
664 0.08772
665 0.08796
666 0.08820
667 0.08844
668 0.08869
669 0.08894
670 0.08919
671 0.08944
672 0.08970
673 0.08997
674 0.09023
675 0.09051
676 0.09078
677 0.09106
678 0.09134
679 0.09163
680 0.09192
681 0.09221
682 0.09251
683 0.09281
684 0.09312
685 0.09342
686 0.09374
687 0.09406
688 0.09438
689 0.09471
690 0.09504
691 0.09537
692 0.09571
693 0.09606
694 0.09641
695 0.09676
696 0.09712
697 0.09748
698 0.09785
699 0.09822
700 0.09859
701 0.09898
702 0.09936
703 0.09975
704 0.10015
705 0.10055
706 0.10096
707 0.10137
708 0.10179
709 0.10221
710 0.10264
711 0.10307
712 0.10351
713 0.10396
714 0.10441
715 0.10486
716 0.10532
717 0.10579
718 0.10627
719 0.10674
720 0.10723
721 0.10772
722 0.10822
723 0.10872
724 0.10924
725 0.10975
726 0.11028
727 0.11081
728 0.11134
729 0.11189
730 0.11244
731 0.11300
732 0.11356
733 0.11413
734 0.11471
735 0.11530
736 0.11589
737 0.11649
738 0.11710
739 0.11772
740 0.11834
741 0.11898
742 0.11962
743 0.12026
744 0.12092
745 0.12159
746 0.12226
747 0.12294
748 0.12363
749 0.12433
750 0.12504
751 0.12576
752 0.12648
753 0.12722
754 0.12797
755 0.12872
756 0.12948
757 0.13026
758 0.13104
759 0.13184
760 0.13264
761 0.13346
762 0.13428
763 0.13512
764 0.13596
765 0.13682
766 0.13769
767 0.13857
768 0.13946
769 0.14036
770 0.14128
771 0.14221
772 0.14314
773 0.14410
774 0.14506
775 0.14603
776 0.14702
777 0.14802
778 0.14904
779 0.15007
780 0.15111
781 0.15216
782 0.15323
783 0.15432
784 0.15542
785 0.15653
786 0.15766
787 0.15880
788 0.15996
789 0.16113
790 0.16232
791 0.16352
792 0.16474
793 0.16598
794 0.16723
795 0.16850
796 0.16979
797 0.17110
798 0.17242
799 0.17376
800 0.17512
801 0.17650
802 0.17790
803 0.17931
804 0.18075
805 0.18221
806 0.18368
807 0.18518
808 0.18669
809 0.18823
810 0.18979
811 0.19137
812 0.19298
813 0.19460
814 0.19625
815 0.19792
816 0.19962
817 0.20133
818 0.20308
819 0.20485
820 0.20664
821 0.20846
822 0.21030
823 0.21217
824 0.21407
825 0.21600
826 0.21795
827 0.21993
828 0.22194
829 0.22398
830 0.22605
831 0.22814
832 0.23027
833 0.23243
834 0.23462
835 0.23685
836 0.23911
837 0.24140
838 0.24372
839 0.24608
840 0.24847
841 0.25090
842 0.25337
843 0.25587
844 0.25841
845 0.26099
846 0.26360
847 0.26626
848 0.26896
849 0.27169
850 0.27447
851 0.27730
852 0.28016
853 0.28307
854 0.28602
855 0.28902
856 0.29207
857 0.29516
858 0.29830
859 0.30149
860 0.30473
861 0.30802
862 0.31137
863 0.31476
864 0.31821
865 0.32171
866 0.32527
867 0.32889
868 0.33256
869 0.33629
870 0.34008
871 0.34393
872 0.34785
873 0.35182
874 0.35586
875 0.35997
876 0.36414
877 0.36839
878 0.37270
879 0.37708
880 0.38153
881 0.38606
882 0.39066
883 0.39534
884 0.40010
885 0.40493
886 0.40985
887 0.41485
888 0.41993
889 0.42510
890 0.43035
891 0.43569
892 0.44113
893 0.44666
894 0.45228
895 0.45800
896 0.46381
897 0.46973
898 0.47575
899 0.48187
900 0.48810
901 0.49444
902 0.50088
903 0.50744
904 0.51412
905 0.52091
906 0.52782
907 0.53486
908 0.54202
909 0.54930
910 0.55672
911 0.56427
912 0.57015
913 0.59322
914 0.60925
915 0.62075
916 0.62735
917 0.63061
918 0.63436
919 0.63871
920 0.64386
921 0.65004
922 0.64893
923 0.64781
924 0.65545
925 0.65435
926 0.65325
927 0.66296
928 0.66188
929 0.66080
930 0.65972
931 0.67254
932 0.67149
933 0.67043
934 0.66938
935 0.66832
936 0.66726
937 0.66620
938 0.68408
939 0.68306
940 0.68204
941 0.68102
942 0.68000
943 0.67897
944 0.67795
945 0.67692
946 0.67589
947 0.67486
948 0.67383
949 0.67279
950 0.69975
951 0.69878
952 0.69781
953 0.69683
954 0.69586
955 0.69488
956 0.69391
957 0.69293
958 0.69195
959 0.69097
960 0.68999
961 0.68901
962 0.68802
963 0.68704
964 0.68605
965 0.68506
966 0.68407
967 0.68308
968 0.68209
969 0.68109
970 0.68010
971 0.67910
972 0.67810
973 0.72396
974 0.72307
975 0.72219
976 0.72130
977 0.72040
978 0.71951
979 0.71862
980 0.71772
981 0.71683
982 0.71593
983 0.71503
984 0.71413
985 0.71323
986 0.71232
987 0.71142
988 0.71051
989 0.70960
990 0.70870
991 0.70779
992 0.70687
993 0.70596
994 0.70505
995 0.70413
996 0.70322
997 0.70230
998 0.70138
999 0.70046
1000 0.69954
1001 0.69862
1002 0.69769
1003 0.69677
1004 0.69584
1005 0.69491
1006 0.69398
1007 0.69305
1008 0.69212
1009 0.69119
1010 0.69026
1011 0.68932
1012 0.68838
1013 0.68745
1014 0.68651
1015 0.68557
1016 0.68463
1017 0.68368
1018 0.68274
1019 0.68180
1020 0.68085
1021 0.67990
1022 0.67895
1023 0.67801
1024 0.67705
1025 0.67610
1026 0.77364
1027 0.77293
1028 0.77221
1029 0.77149
1030 0.77077
1031 0.77005
1032 0.76933
1033 0.76861
1034 0.76788
1035 0.76716
1036 0.76643
1037 0.76571
1038 0.76498
1039 0.76425
1040 0.76352
1041 0.76278
1042 0.76205
1043 0.76132
1044 0.76058
1045 0.75984
1046 0.75910
1047 0.75836
1048 0.75762
1049 0.75688
1050 0.75614
1051 0.75540
1052 0.75465
1053 0.75390
1054 0.75316
1055 0.75241
1056 0.75166
1057 0.75091
1058 0.75015
1059 0.74940
1060 0.74865
1061 0.74789
1062 0.74713
1063 0.74638
1064 0.74562
1065 0.74486
1066 0.74409
1067 0.74333
1068 0.74257
1069 0.74180
1070 0.74104
1071 0.74027
1072 0.73950
1073 0.73873
1074 0.73796
1075 0.73719
1076 0.73642
1077 0.73564
1078 0.73487
1079 0.73409
1080 0.73331
1081 0.73253
1082 0.73176
1083 0.73097
1084 0.73019
1085 0.72941
1086 0.72863
1087 0.72784
1088 0.72705
1089 0.72627
1090 0.72548
1091 0.72469
1092 0.72390
1093 0.72311
1094 0.72231
1095 0.72152
1096 0.72073
1097 0.71993
1098 0.71913
1099 0.71833
1100 0.71753
1101 0.71673
1102 0.71593
1103 0.71513
1104 0.71433
1105 0.71352
1106 0.71272
1107 0.71191
1108 0.71110
1109 0.71029
1110 0.70948
1111 0.70867
1112 0.70786
1113 0.70705
1114 0.70623
1115 0.70542
1116 0.70460
1117 0.70379
1118 0.70297
1119 0.70215
1120 0.70133
1121 0.70051
1122 0.69969
1123 0.69886
1124 0.69804
1125 0.69721
1126 0.69639
1127 0.69556
1128 0.69473
1129 0.69390
1130 0.69307
1131 0.69224
1132 0.69141
1133 0.69058
1134 0.68974
1135 0.68891
1136 0.68807
1137 0.68723
1138 0.68640
1139 0.68556
1140 0.68472
1141 0.68388
1142 0.68304
1143 0.68219
1144 0.68135
1145 0.68050
1146 0.67966
1147 0.67881
1148 0.67796
1149 0.67712
1150 0.67627
1151 0.67542
1152 0.67457
1153 0.67371
1154 0.67286
1155 0.67201
1156 0.67115
1157 0.67030
1158 0.66944
1159 0.66858
1160 0.66772
1161 0.66687
1162 0.66600
1163 0.66514
1164 0.66428
1165 0.66342
1166 0.66256
1167 0.66169
1168 0.66083
1169 0.65996
1170 0.65909
1171 0.65822
1172 0.65736
1173 0.65649
1174 0.65562
1175 0.65474
1176 0.65387
1177 0.65300
1178 0.65213
1179 0.65125
1180 0.65037
1181 0.64950
1182 0.64862
1183 0.64774
1184 0.64686
1185 0.64599
1186 0.64510
1187 0.64422
1188 0.64334
1189 0.64246
1190 0.64158
1191 0.64069
1192 0.63981
1193 0.63892
1194 0.63803
1195 0.63715
1196 0.63626
1197 0.63537
1198 0.63448
1199 0.63359
1200 0.63270
1201 0.63181
1202 0.63091
1203 0.63002
1204 0.62913
1205 0.62823
1206 0.62733
1207 0.62644
1208 0.62554
1209 0.62464
1210 0.62374
1211 0.62285
1212 0.62195
1213 0.62105
1214 0.62014
1215 0.61924
1216 1.00000
