17 1.03993
18 1.03527
19 1.03094
20 1.02689
21 1.02310
22 1.01954
23 1.01618
24 1.01300
25 1.00999
26 1.00713
27 1.00440
28 1.00180
29 0.99932
30 0.99693
31 0.99465
32 0.99246
33 0.99035
34 0.98831
35 0.98635
36 0.98446
37 0.98263
38 0.98086
39 0.97914
40 0.97747
41 0.97586
42 0.97429
43 0.97277
44 0.97128
45 0.96984
46 0.96843
47 0.96706
48 0.96572
49 0.96442
50 0.96314
51 0.96190
52 0.96068
53 0.95949
54 0.95832
55 0.95718
56 0.95606
57 0.95496
58 0.95389
59 0.95284
60 0.95180
61 0.95079
62 0.94979
63 0.94881
64 0.94785
65 0.94690
66 0.94597
67 0.94506
68 0.94416
69 0.94327
70 0.94240
71 0.94155
72 0.94070
73 0.93987
74 0.93905
75 0.93824
76 0.93744
77 0.93666
78 0.93588
79 0.93512
80 0.93436
81 0.93362
82 0.93289
83 0.93216
84 0.93145
85 0.93074
86 0.93004
87 0.92935
88 0.92867
89 0.92800
90 0.92733
91 0.92667
92 0.92602
93 0.92538
94 0.92474
95 0.92412
96 0.92349
97 0.92288
98 0.92227
99 0.92167
100 0.92107
101 0.92048
102 0.91990
103 0.91932
104 0.91875
105 0.91818
106 0.91762
107 0.91706
108 0.91651
109 0.91597
110 0.91543
111 0.91489
112 0.91436
113 0.91384
114 0.91332
115 0.91280
116 0.91229
117 0.91178
118 0.91128
119 0.91078
120 0.91029
121 0.90980
122 0.90932
123 0.90884
124 0.90836
125 0.90789
126 0.90742
127 0.90695
128 0.90649
129 0.90603
130 0.90558
131 0.90513
132 0.90468
133 0.90424
134 0.90380
135 0.90336
136 0.90293
137 0.90250
138 0.90207
139 0.90165
140 0.90123
141 0.90081
142 0.90040
143 0.89999
144 0.89958
145 0.89918
146 0.89877
147 0.89838
148 0.89798
149 0.89759
150 0.89720
151 0.89681
152 0.89642
153 0.89604
154 0.89566
155 0.89529
156 0.89491
157 0.89454
158 0.89417
159 0.89381
160 0.89344
161 0.89308
162 0.89272
163 0.89237
164 0.89201
165 0.89166
166 0.89131
167 0.89097
168 0.89062
169 0.89028
170 0.88994
171 0.88960
172 0.88927
173 0.88893
174 0.88860
175 0.88828
176 0.88795
177 0.88762
178 0.88730
179 0.88698
180 0.88666
181 0.88635
182 0.88604
183 0.88572
184 0.88541
185 0.88511
186 0.88480
187 0.88450
188 0.88419
189 0.88389
190 0.88360
191 0.88330
192 0.88301
193 0.88271
194 0.88242
195 0.88214
196 0.88185
197 0.88156
198 0.88128
199 0.88100
200 0.88072
201 0.88044
202 0.88017
203 0.87989
204 0.87962
205 0.87935
206 0.87908
207 0.87882
208 0.87855
209 0.87829
210 0.87802
211 0.87776
212 0.87751
213 0.87725
214 0.87699
215 0.87674
216 0.87649
217 0.87624
218 0.87599
219 0.87574
220 0.87549
221 0.87525
222 0.87501
223 0.87477
224 0.87453
225 0.87429
226 0.87405
227 0.87382
228 0.87359
229 0.87335
230 0.87312
231 0.87290
232 0.87267
233 0.87244
234 0.87222
235 0.87200
236 0.87177
237 0.87155
238 0.87134
239 0.87112
240 0.87090
241 0.87069
242 0.87048
243 0.87027
244 0.87006
245 0.86985
246 0.86964
247 0.86943
248 0.86923
249 0.86903
250 0.86883
251 0.86863
252 0.86843
253 0.86823
254 0.86803
255 0.86784
256 0.86765
257 0.86745
258 0.86726
259 0.86707
260 0.86689
261 0.86670
262 0.86651
263 0.86633
264 0.86615
265 0.86597
266 0.86579
267 0.86561
268 0.86543
269 0.86525
270 0.86508
271 0.86491
272 0.86473
273 0.86456
274 0.86439
275 0.86422
276 0.86406
277 0.86389
278 0.86373
279 0.86356
280 0.86340
281 0.86324
282 0.86308
283 0.86292
284 0.86276
285 0.86261
286 0.86245
287 0.86230
288 0.86215
289 0.86199
290 0.86184
291 0.86170
292 0.86155
293 0.86140
294 0.86126
295 0.86111
296 0.86097
297 0.86083
298 0.86069
299 0.86055
300 0.86041
301 0.86027
302 0.86014
303 0.86000
304 0.85987
305 0.85974
306 0.85960
307 0.85947
308 0.85935
309 0.85922
310 0.85909
311 0.85897
312 0.85884
313 0.85872
314 0.85860
315 0.85848
316 0.85836
317 0.85824
318 0.85812
319 0.85800
320 0.85789
321 0.85778
322 0.85766
323 0.85755
324 0.85744
325 0.85733
326 0.85722
327 0.85711
328 0.85701
329 0.85690
330 0.85680
331 0.85670
332 0.85659
333 0.85649
334 0.85639
335 0.85630
336 0.85620
337 0.85610
338 0.85601
339 0.85591
340 0.85582
341 0.85573
342 0.85564
343 0.85555
344 0.85546
345 0.85537
346 0.85528
347 0.85520
348 0.85511
349 0.85503
350 0.85495
351 0.85487
352 0.85479
353 0.85471
354 0.85463
355 0.85455
356 0.85448
357 0.85440
358 0.85433
359 0.85426
360 0.85419
361 0.85411
362 0.85405
363 0.85398
364 0.85391
365 0.85384
366 0.85378
367 0.85371
368 0.85365
369 0.85359
370 0.85353
371 0.85347
372 0.85341
373 0.85335
374 0.85329
375 0.85324
376 0.85318
377 0.85313
378 0.85308
379 0.85302
380 0.85297
381 0.85292
382 0.85287
383 0.85283
384 0.85278
385 0.85274
386 0.85269
387 0.85265
388 0.85260
389 0.85256
390 0.85252
391 0.85248
392 0.85245
393 0.85241
394 0.85237
395 0.85234
396 0.85230
397 0.85227
398 0.85224
399 0.85220
400 0.85217
401 0.85215
402 0.85212
403 0.85209
404 0.85206
405 0.85204
406 0.85201
407 0.85199
408 0.85197
409 0.85195
410 0.85193
411 0.85191
412 0.85189
413 0.85187
414 0.85186
415 0.85184
416 0.85183
417 0.85182
418 0.85180
419 0.85179
420 0.85178
421 0.85177
422 0.85177
423 0.85176
424 0.85175
425 0.85175
426 0.85174
427 0.85174
428 0.85174
429 0.85174
430 0.85174
431 0.85174
432 0.85174
433 0.85174
434 0.85175
435 0.85175
436 0.85176
437 0.85176
438 0.85177
439 0.85178
440 0.85179
441 0.85180
442 0.85181
443 0.85183
444 0.85184
445 0.85186
446 0.85187
447 0.85189
448 0.85191
449 0.85192
450 0.85194
451 0.85196
452 0.85199
453 0.85201
454 0.85203
455 0.85206
456 0.85208
457 0.85211
458 0.85214
459 0.85217
460 0.85220
461 0.85223
462 0.85226
463 0.85229
464 0.85233
465 0.85236
466 0.85240
467 0.85243
468 0.85247
469 0.85251
470 0.85255
471 0.85259
472 0.85263
473 0.85267
474 0.85272
475 0.85276
476 0.85281
477 0.85285
478 0.85290
479 0.85295
480 0.85300
481 0.85305
482 0.85310
483 0.85315
484 0.85320
485 0.85326
486 0.85331
487 0.85337
488 0.85343
489 0.85349
490 0.85354
491 0.85360
492 0.85367
493 0.85373
494 0.85379
495 0.85386
496 0.85392
497 0.85399
498 0.85405
499 0.85412
500 0.85419
501 0.85426
502 0.85433
503 0.85440
504 0.85448
505 0.85455
506 0.85463
507 0.85470
508 0.85478
509 0.85486
510 0.85494
511 0.85502
512 0.85510
513 0.85518
514 0.85526
515 0.85534
516 0.85543
517 0.85551
518 0.85560
519 0.85569
520 0.85578
521 0.85587
522 0.85596
523 0.85605
524 0.85614
525 0.85624
526 0.85633
527 0.85643
528 0.85652
529 0.85662
530 0.85672
531 0.85682
532 0.85692
533 0.85702
534 0.85712
535 0.85723
536 0.85733
537 0.85744
538 0.85754
539 0.85765
540 0.85776
541 0.85787
542 0.85798
543 0.85809
544 0.85820
545 0.85832
546 0.85843
547 0.85855
548 0.85866
549 0.85878
550 0.85890
551 0.85902
552 0.85914
553 0.85926
554 0.85938
555 0.85951
556 0.85963
557 0.85975
558 0.85988
559 0.86001
560 0.86014
561 0.86027
562 0.86040
563 0.86053
564 0.86066
565 0.86079
566 0.86093
567 0.86106
568 0.86120
569 0.86134
570 0.86147
571 0.86161
572 0.86175
573 0.86190
574 0.86204
575 0.86218
576 0.86233
577 0.86247
578 0.86262
579 0.86276
580 0.86291
581 0.86306
582 0.86321
583 0.86336
584 0.86352
585 0.86367
586 0.86382
587 0.86398
588 0.86414
589 0.86429
590 0.86445
591 0.86461
592 0.86477
593 0.86493
594 0.86509
595 0.86526
596 0.86542
597 0.86559
598 0.86575
599 0.86592
600 0.86609
601 0.86626
602 0.86643
603 0.86660
604 0.86677
605 0.86695
606 0.86712
607 0.86730
608 0.86747
609 0.86765
610 0.86783
611 0.86801
612 0.86819
613 0.86837
614 0.86856
615 0.86874
616 0.86892
617 0.86911
618 0.86930
619 0.86948
620 0.86967
621 0.86986
622 0.87005
623 0.87025
624 0.87044
625 0.87063
626 0.87083
627 0.87102
628 0.87122
629 0.87142
630 0.87162
631 0.87182
632 0.87202
633 0.87222
634 0.87243
635 0.87263
636 0.87284
637 0.87304
638 0.87325
639 0.87346
640 0.87367
641 0.87388
642 0.87409
643 0.87430
644 0.87452
645 0.87473
646 0.87495
647 0.87516
648 0.87538
649 0.87560
650 0.87582
651 0.87604
652 0.87626
653 0.87649
654 0.87671
655 0.87694
656 0.87716
657 0.87739
658 0.87762
659 0.87785
660 0.87808
661 0.87831
662 0.87854
663 0.87878
664 0.87901
665 0.87925
666 0.87948
667 0.87972
668 0.87996
669 0.88020
670 0.88044
671 0.88068
672 0.88093
673 0.88117
674 0.88142
675 0.88166
676 0.88191
677 0.88216
678 0.88241
679 0.88266
680 0.88291
681 0.88316
682 0.88342
683 0.88367
684 0.88393
685 0.88419
686 0.88444
687 0.88470
688 0.88496
689 0.88523
690 0.88549
691 0.88575
692 0.88602
693 0.88628
694 0.88655
695 0.88682
696 0.88709
697 0.88736
698 0.88763
699 0.88790
700 0.88817
701 0.88845
702 0.88872
703 0.88900
704 0.88928
705 0.88956
706 0.88984
707 0.89012
708 0.89040
709 0.89068
710 0.89097
711 0.89125
712 0.89154
713 0.89183
714 0.89212
715 0.89241
716 0.89270
717 0.89299
718 0.89328
719 0.89358
720 0.89387
721 0.89417
722 0.89447
723 0.89477
724 0.89507
725 0.89537
726 0.89567
727 0.89597
728 0.89628
729 0.89658
730 0.89689
731 0.89720
732 0.89750
733 0.89781
734 0.89813
735 0.89844
736 0.89875
737 0.89907
738 0.89938
739 0.89970
740 0.90002
741 0.90034
742 0.90066
743 0.90098
744 0.90130
745 0.90162
746 0.90195
747 0.90227
748 0.90260
749 0.90293
750 0.90326
751 0.90359
752 0.90392
753 0.90425
754 0.90459
755 0.90492
756 0.90526
757 0.90560
758 0.90594
759 0.90628
760 0.90662
761 0.90696
762 0.90730
763 0.90765
764 0.90799
765 0.90834
766 0.90869
767 0.90903
768 0.90939
769 0.90974
770 0.91009
771 0.91044
772 0.91080
773 0.91115
774 0.91151
775 0.91187
776 0.91223
777 0.91259
778 0.91295
779 0.91332
780 0.91368
781 0.91405
782 0.91441
783 0.91478
784 0.91515
785 0.91552
786 0.91589
787 0.91626
788 0.91664
789 0.91701
790 0.91739
791 0.91777
792 0.91815
793 0.91853
794 0.91891
795 0.91929
796 0.91967
797 0.92006
798 0.92044
799 0.92083
800 0.92122
801 0.92161
802 0.92200
803 0.92239
804 0.92278
805 0.92318
806 0.92357
807 0.92397
808 0.92437
809 0.92477
810 0.92517
811 0.92557
812 0.92597
813 0.92638
814 0.92678
815 0.92719
816 0.92760
817 0.92801
818 0.92842
819 0.92883
820 0.92924
821 0.92966
822 0.93007
823 0.93049
824 0.93091
825 0.93133
826 0.93175
827 0.93217
828 0.93259
829 0.93302
830 0.93344
831 0.93387
832 0.93430
833 0.93473
834 0.93516
835 0.93559
836 0.93602
837 0.93646
838 0.93689
839 0.93733
840 0.93777
841 0.93821
842 0.93865
843 0.93909
844 0.93953
845 0.93998
846 0.94042
847 0.94087
848 0.94132
849 0.94177
850 0.94222
851 0.94267
852 0.94313
853 0.94358
854 0.94404
855 0.94450
856 0.94496
857 0.94542
858 0.94588
859 0.94634
860 0.94680
861 0.94727
862 0.94774
863 0.94820
864 0.94867
865 0.94914
866 0.94962
867 0.95009
868 0.95056
869 0.95104
870 0.95152
871 0.95200
872 0.95248
873 0.95296
874 0.95344
875 0.95393
876 0.95441
877 0.95490
878 0.95539
879 0.95588
880 0.95637
881 0.95686
882 0.95735
883 0.95785
884 0.95834
885 0.95884
886 0.95934
887 0.95984
888 0.96034
889 0.96084
890 0.96135
891 0.96185
892 0.96236
893 0.96287
894 0.96338
895 0.96389
896 0.96440
897 0.96492
898 0.96543
899 0.96595
900 0.96647
901 0.96699
902 0.96751
903 0.96803
904 0.96856
905 0.96908
906 0.96961
907 0.97014
908 0.97066
909 0.97120
910 0.97173
911 0.97226
912 0.97210
913 0.97367
914 0.97472
915 0.97546
916 0.97588
917 0.97611
918 0.97636
919 0.97664
920 0.97697
921 0.97735
922 0.97732
923 0.97729
924 0.97774
925 0.97771
926 0.97768
927 0.97824
928 0.97821
929 0.97818
930 0.97815
931 0.97886
932 0.97884
933 0.97881
934 0.97878
935 0.97875
936 0.97873
937 0.97870
938 0.97966
939 0.97964
940 0.97961
941 0.97958
942 0.97956
943 0.97953
944 0.97951
945 0.97948
946 0.97945
947 0.97943
948 0.97940
949 0.97938
950 0.98079
951 0.98076
952 0.98074
953 0.98071
954 0.98069
955 0.98066
956 0.98064
957 0.98061
958 0.98059
959 0.98057
960 0.98054
961 0.98052
962 0.98049
963 0.98047
964 0.98044
965 0.98042
966 0.98040
967 0.98037
968 0.98035
969 0.98032
970 0.98030
971 0.98027
972 0.98025
973 0.98257
974 0.98255
975 0.98253
976 0.98251
977 0.98248
978 0.98246
979 0.98244
980 0.98242
981 0.98240
982 0.98238
983 0.98235
984 0.98233
985 0.98231
986 0.98229
987 0.98227
988 0.98225
989 0.98223
990 0.98220
991 0.98218
992 0.98216
993 0.98214
994 0.98212
995 0.98210
996 0.98207
997 0.98205
998 0.98203
999 0.98201
1000 0.98199
1001 0.98197
1002 0.98194
1003 0.98192
1004 0.98190
1005 0.98188
1006 0.98186
1007 0.98184
1008 0.98181
1009 0.98179
1010 0.98177
1011 0.98175
1012 0.98173
1013 0.98171
1014 0.98168
1015 0.98166
1016 0.98164
1017 0.98162
1018 0.98160
1019 0.98158
1020 0.98155
1021 0.98153
1022 0.98151
1023 0.98149
1024 0.98147
1025 0.98145
1026 0.98619
1027 0.98618
1028 0.98616
1029 0.98615
1030 0.98613
1031 0.98611
1032 0.98610
1033 0.98608
1034 0.98606
1035 0.98605
1036 0.98603
1037 0.98602
1038 0.98600
1039 0.98598
1040 0.98597
1041 0.98595
1042 0.98594
1043 0.98592
1044 0.98590
1045 0.98589
1046 0.98587
1047 0.98585
1048 0.98584
1049 0.98582
1050 0.98581
1051 0.98579
1052 0.98577
1053 0.98576
1054 0.98574
1055 0.98572
1056 0.98571
1057 0.98569
1058 0.98568
1059 0.98566
1060 0.98564
1061 0.98563
1062 0.98561
1063 0.98559
1064 0.98558
1065 0.98556
1066 0.98555
1067 0.98553
1068 0.98551
1069 0.98550
1070 0.98548
1071 0.98546
1072 0.98545
1073 0.98543
1074 0.98542
1075 0.98540
1076 0.98538
1077 0.98537
1078 0.98535
1079 0.98533
1080 0.98532
1081 0.98530
1082 0.98529
1083 0.98527
1084 0.98525
1085 0.98524
1086 0.98522
1087 0.98520
1088 0.98519
1089 0.98517
1090 0.98516
1091 0.98514
1092 0.98512
1093 0.98511
1094 0.98509
1095 0.98507
1096 0.98506
1097 0.98504
1098 0.98502
1099 0.98501
1100 0.98499
1101 0.98498
1102 0.98496
1103 0.98494
1104 0.98493
1105 0.98491
1106 0.98489
1107 0.98488
1108 0.98486
1109 0.98484
1110 0.98483
1111 0.98481
1112 0.98480
1113 0.98478
1114 0.98476
1115 0.98475
1116 0.98473
1117 0.98471
1118 0.98470
1119 0.98468
1120 0.98466
1121 0.98465
1122 0.98463
1123 0.98462
1124 0.98460
1125 0.98458
1126 0.98457
1127 0.98455
1128 0.98453
1129 0.98452
1130 0.98450
1131 0.98448
1132 0.98447
1133 0.98445
1134 0.98443
1135 0.98442
1136 0.98440
1137 0.98439
1138 0.98437
1139 0.98435
1140 0.98434
1141 0.98432
1142 0.98430
1143 0.98429
1144 0.98427
1145 0.98425
1146 0.98424
1147 0.98422
1148 0.98420
1149 0.98419
1150 0.98417
1151 0.98415
1152 0.98414
1153 0.98412
1154 0.98411
1155 0.98409
1156 0.98407
1157 0.98406
1158 0.98404
1159 0.98402
1160 0.98401
1161 0.98399
1162 0.98397
1163 0.98396
1164 0.98394
1165 0.98392
1166 0.98391
1167 0.98389
1168 0.98387
1169 0.98386
1170 0.98384
1171 0.98382
1172 0.98381
1173 0.98379
1174 0.98378
1175 0.98376
1176 0.98374
1177 0.98373
1178 0.98371
1179 0.98369
1180 0.98368
1181 0.98366
1182 0.98364
1183 0.98363
1184 0.98361
1185 0.98359
1186 0.98358
1187 0.98356
1188 0.98354
1189 0.98353
1190 0.98351
1191 0.98349
1192 0.98348
1193 0.98346
1194 0.98344
1195 0.98343
1196 0.98341
1197 0.98339
1198 0.98338
1199 0.98336
1200 0.98334
1201 0.98333
1202 0.98331
1203 0.98329
1204 0.98328
1205 0.98326
1206 0.98324
1207 0.98323
1208 0.98321
1209 0.98319
1210 0.98318
1211 0.98316
1212 0.98314
1213 0.98313
1214 0.98311
1215 0.98309
1216 1.00000
