17 2.63617
18 2.39308
19 2.18691
20 2.01028
21 1.85760
22 1.72455
23 1.60775
24 1.50454
25 1.41280
26 1.33081
27 1.25715
28 1.19069
29 1.13045
30 1.07564
31 1.02560
32 0.97975
33 0.93760
34 0.89875
35 0.86283
36 0.82954
37 0.79861
38 0.76981
39 0.74294
40 0.71780
41 0.69425
42 0.67215
43 0.65136
44 0.63179
45 0.61332
46 0.59588
47 0.57937
48 0.56374
49 0.54890
50 0.53482
51 0.52142
52 0.50867
53 0.49652
54 0.48493
55 0.47385
56 0.46327
57 0.45315
58 0.44345
59 0.43416
60 0.42525
61 0.41669
62 0.40847
63 0.40057
64 0.39297
65 0.38564
66 0.37859
67 0.37179
68 0.36523
69 0.35890
70 0.35279
71 0.34688
72 0.34117
73 0.33564
74 0.33029
75 0.32512
76 0.32010
77 0.31523
78 0.31052
79 0.30594
80 0.30150
81 0.29718
82 0.29299
83 0.28892
84 0.28496
85 0.28111
86 0.27737
87 0.27372
88 0.27017
89 0.26672
90 0.26335
91 0.26007
92 0.25687
93 0.25374
94 0.25070
95 0.24773
96 0.24483
97 0.24200
98 0.23923
99 0.23653
100 0.23389
101 0.23131
102 0.22879
103 0.22632
104 0.22391
105 0.22155
106 0.21924
107 0.21698
108 0.21476
109 0.21260
110 0.21047
111 0.20839
112 0.20635
113 0.20436
114 0.20240
115 0.20048
116 0.19859
117 0.19675
118 0.19493
119 0.19316
120 0.19141
121 0.18970
122 0.18802
123 0.18637
124 0.18475
125 0.18315
126 0.18159
127 0.18005
128 0.17854
129 0.17706
130 0.17560
131 0.17416
132 0.17275
133 0.17137
134 0.17000
135 0.16866
136 0.16734
137 0.16604
138 0.16476
139 0.16351
140 0.16227
141 0.16105
142 0.15985
143 0.15867
144 0.15750
145 0.15636
146 0.15523
147 0.15412
148 0.15302
149 0.15194
150 0.15088
151 0.14983
152 0.14880
153 0.14778
154 0.14678
155 0.14579
156 0.14481
157 0.14385
158 0.14290
159 0.14196
160 0.14104
161 0.14013
162 0.13923
163 0.13834
164 0.13747
165 0.13661
166 0.13575
167 0.13491
168 0.13408
169 0.13326
170 0.13245
171 0.13166
172 0.13087
173 0.13009
174 0.12932
175 0.12856
176 0.12781
177 0.12707
178 0.12634
179 0.12561
180 0.12490
181 0.12419
182 0.12350
183 0.12281
184 0.12212
185 0.12145
186 0.12079
187 0.12013
188 0.11948
189 0.11883
190 0.11820
191 0.11757
192 0.11695
193 0.11634
194 0.11573
195 0.11513
196 0.11453
197 0.11395
198 0.11336
199 0.11279
200 0.11222
201 0.11166
202 0.11110
203 0.11055
204 0.11001
205 0.10947
206 0.10893
207 0.10841
208 0.10788
209 0.10737
210 0.10686
211 0.10635
212 0.10585
213 0.10535
214 0.10486
215 0.10437
216 0.10389
217 0.10342
218 0.10294
219 0.10248
220 0.10201
221 0.10156
222 0.10110
223 0.10065
224 0.10021
225 0.09977
226 0.09933
227 0.09890
228 0.09847
229 0.09805
230 0.09763
231 0.09721
232 0.09680
233 0.09639
234 0.09598
235 0.09558
236 0.09519
237 0.09479
238 0.09440
239 0.09402
240 0.09363
241 0.09325
242 0.09288
243 0.09251
244 0.09214
245 0.09177
246 0.09141
247 0.09105
248 0.09069
249 0.09034
250 0.08999
251 0.08964
252 0.08930
253 0.08895
254 0.08862
255 0.08828
256 0.08795
257 0.08762
258 0.08729
259 0.08697
260 0.08665
261 0.08633
262 0.08601
263 0.08570
264 0.08539
265 0.08508
266 0.08477
267 0.08447
268 0.08417
269 0.08387
270 0.08357
271 0.08328
272 0.08299
273 0.08270
274 0.08241
275 0.08213
276 0.08185
277 0.08157
278 0.08129
279 0.08102
280 0.08074
281 0.08047
282 0.08020
283 0.07994
284 0.07967
285 0.07941
286 0.07915
287 0.07889
288 0.07864
289 0.07838
290 0.07813
291 0.07788
292 0.07763
293 0.07738
294 0.07714
295 0.07690
296 0.07665
297 0.07641
298 0.07618
299 0.07594
300 0.07571
301 0.07548
302 0.07525
303 0.07502
304 0.07479
305 0.07456
306 0.07434
307 0.07412
308 0.07390
309 0.07368
310 0.07346
311 0.07325
312 0.07303
313 0.07282
314 0.07261
315 0.07240
316 0.07219
317 0.07199
318 0.07178
319 0.07158
320 0.07138
321 0.07118
322 0.07098
323 0.07078
324 0.07058
325 0.07039
326 0.07019
327 0.07000
328 0.06981
329 0.06962
330 0.06943
331 0.06925
332 0.06906
333 0.06888
334 0.06869
335 0.06851
336 0.06833
337 0.06815
338 0.06798
339 0.06780
340 0.06762
341 0.06745
342 0.06728
343 0.06710
344 0.06693
345 0.06676
346 0.06660
347 0.06643
348 0.06626
349 0.06610
350 0.06593
351 0.06577
352 0.06561
353 0.06545
354 0.06529
355 0.06513
356 0.06497
357 0.06482
358 0.06466
359 0.06451
360 0.06436
361 0.06420
362 0.06405
363 0.06390
364 0.06375
365 0.06361
366 0.06346
367 0.06331
368 0.06317
369 0.06302
370 0.06288
371 0.06274
372 0.06260
373 0.06246
374 0.06232
375 0.06218
376 0.06204
377 0.06191
378 0.06177
379 0.06163
380 0.06150
381 0.06137
382 0.06123
383 0.06110
384 0.06097
385 0.06084
386 0.06071
387 0.06059
388 0.06046
389 0.06033
390 0.06021
391 0.06008
392 0.05996
393 0.05984
394 0.05971
395 0.05959
396 0.05947
397 0.05935
398 0.05923
399 0.05911
400 0.05900
401 0.05888
402 0.05876
403 0.05865
404 0.05853
405 0.05842
406 0.05831
407 0.05819
408 0.05808
409 0.05797
410 0.05786
411 0.05775
412 0.05764
413 0.05753
414 0.05743
415 0.05732
416 0.05721
417 0.05711
418 0.05700
419 0.05690
420 0.05680
421 0.05669
422 0.05659
423 0.05649
424 0.05639
425 0.05629
426 0.05619
427 0.05609
428 0.05599
429 0.05590
430 0.05580
431 0.05570
432 0.05561
433 0.05551
434 0.05542
435 0.05532
436 0.05523
437 0.05514
438 0.05504
439 0.05495
440 0.05486
441 0.05477
442 0.05468
443 0.05459
444 0.05450
445 0.05442
446 0.05433
447 0.05424
448 0.05416
449 0.05407
450 0.05399
451 0.05390
452 0.05382
453 0.05373
454 0.05365
455 0.05357
456 0.05345
457 0.05337
458 0.05329
459 0.05321
460 0.05313
461 0.05305
462 0.05298
463 0.05290
464 0.05282
465 0.05275
466 0.05267
467 0.05260
468 0.05253
469 0.05245
470 0.05238
471 0.05231
472 0.05224
473 0.05217
474 0.05211
475 0.05204
476 0.05197
477 0.05191
478 0.05184
479 0.05178
480 0.05172
481 0.05166
482 0.05160
483 0.05154
484 0.05148
485 0.05142
486 0.05137
487 0.05131
488 0.05125
489 0.05120
490 0.05114
491 0.05109
492 0.05104
493 0.05099
494 0.05094
495 0.05089
496 0.05084
497 0.05079
498 0.05075
499 0.05070
500 0.05066
501 0.05061
502 0.05057
503 0.05053
504 0.05049
505 0.05045
506 0.05041
507 0.05037
508 0.05034
509 0.05030
510 0.05027
511 0.05023
512 0.05020
513 0.05017
514 0.05014
515 0.05010
516 0.05007
517 0.05004
518 0.05001
519 0.04998
520 0.04996
521 0.04993
522 0.04990
523 0.04988
524 0.04986
525 0.04983
526 0.04981
527 0.04979
528 0.04977
529 0.04975
530 0.04974
531 0.04972
532 0.04970
533 0.04969
534 0.04968
535 0.04966
536 0.04965
537 0.04964
538 0.04963
539 0.04962
540 0.04962
541 0.04961
542 0.04961
543 0.04960
544 0.04960
545 0.04960
546 0.04960
547 0.04960
548 0.04960
549 0.04960
550 0.04960
551 0.04961
552 0.04961
553 0.04962
554 0.04963
555 0.04964
556 0.04965
557 0.04966
558 0.04967
559 0.04969
560 0.04970
561 0.04972
562 0.04973
563 0.04975
564 0.04977
565 0.04979
566 0.04981
567 0.04983
568 0.04986
569 0.04988
570 0.04991
571 0.04994
572 0.04996
573 0.04999
574 0.05002
575 0.05006
576 0.05009
577 0.05012
578 0.05016
579 0.05020
580 0.05023
581 0.05027
582 0.05032
583 0.05036
584 0.05040
585 0.05044
586 0.05049
587 0.05054
588 0.05059
589 0.05064
590 0.05069
591 0.05074
592 0.05079
593 0.05085
594 0.05090
595 0.05096
596 0.05102
597 0.05108
598 0.05114
599 0.05121
600 0.05127
601 0.05134
602 0.05140
603 0.05147
604 0.05154
605 0.05162
606 0.05169
607 0.05176
608 0.05184
609 0.05191
610 0.05198
611 0.05205
612 0.05212
613 0.05220
614 0.05227
615 0.05235
616 0.05243
617 0.05251
618 0.05259
619 0.05267
620 0.05276
621 0.05284
622 0.05283
623 0.05292
624 0.05301
625 0.05310
626 0.05319
627 0.05328
628 0.05338
629 0.05348
630 0.05358
631 0.05368
632 0.05378
633 0.05389
634 0.05400
635 0.05410
636 0.05422
637 0.05433
638 0.05444
639 0.05456
640 0.05468
641 0.05480
642 0.05493
643 0.05505
644 0.05518
645 0.05531
646 0.05544
647 0.05558
648 0.05572
649 0.05586
650 0.05600
651 0.05614
652 0.05629
653 0.05644
654 0.05659
655 0.05674
656 0.05690
657 0.05706
658 0.05722
659 0.05738
660 0.05755
661 0.05771
662 0.05788
663 0.05806
664 0.05823
665 0.05841
666 0.05860
667 0.05878
668 0.05897
669 0.05916
670 0.05935
671 0.05954
672 0.05974
673 0.05994
674 0.06015
675 0.06036
676 0.06057
677 0.06078
678 0.06100
679 0.06122
680 0.06144
681 0.06166
682 0.06189
683 0.06212
684 0.06236
685 0.06260
686 0.06284
687 0.06309
688 0.06334
689 0.06359
690 0.06384
691 0.06410
692 0.06437
693 0.06463
694 0.06490
695 0.06518
696 0.06546
697 0.06574
698 0.06602
699 0.06631
700 0.06661
701 0.06691
702 0.06721
703 0.06751
704 0.06782
705 0.06814
706 0.06846
707 0.06878
708 0.06911
709 0.06944
710 0.06977
711 0.07011
712 0.07046
713 0.07081
714 0.07116
715 0.07152
716 0.07189
717 0.07226
718 0.07263
719 0.07301
720 0.07340
721 0.07379
722 0.07418
723 0.07458
724 0.07499
725 0.07540
726 0.07582
727 0.07624
728 0.07667
729 0.07710
730 0.07754
731 0.07799
732 0.07844
733 0.07890
734 0.07936
735 0.07983
736 0.08031
737 0.08079
738 0.08128
739 0.08178
740 0.08228
741 0.08279
742 0.08331
743 0.08383
744 0.08436
745 0.08490
746 0.08545
747 0.08600
748 0.08656
749 0.08713
750 0.08771
751 0.08829
752 0.08888
753 0.08949
754 0.09009
755 0.09071
756 0.09134
757 0.09197
758 0.09262
759 0.09327
760 0.09393
761 0.09460
762 0.09528
763 0.09597
764 0.09667
765 0.09738
766 0.09810
767 0.09883
768 0.09957
769 0.10032
770 0.10108
771 0.10185
772 0.10263
773 0.10342
774 0.10423
775 0.10505
776 0.10587
777 0.10671
778 0.10756
779 0.10843
780 0.10930
781 0.11019
782 0.11110
783 0.11201
784 0.11294
785 0.11388
786 0.11483
787 0.11580
788 0.11679
789 0.11779
790 0.11880
791 0.11982
792 0.12087
793 0.12193
794 0.12300
795 0.12409
796 0.12519
797 0.12632
798 0.12745
799 0.12861
800 0.12978
801 0.13097
802 0.13218
803 0.13341
804 0.13466
805 0.13592
806 0.13720
807 0.13851
808 0.13983
809 0.14117
810 0.14254
811 0.14392
812 0.14533
813 0.14676
814 0.14821
815 0.14968
816 0.15118
817 0.15269
818 0.15424
819 0.15580
820 0.15740
821 0.15901
822 0.16065
823 0.16232
824 0.16402
825 0.16574
826 0.16749
827 0.16927
828 0.17107
829 0.17291
830 0.17477
831 0.17666
832 0.17859
833 0.18054
834 0.18253
835 0.18455
836 0.18661
837 0.18869
838 0.19081
839 0.19297
840 0.19516
841 0.19739
842 0.19966
843 0.20196
844 0.20430
845 0.20668
846 0.20911
847 0.21157
848 0.21407
849 0.21662
850 0.21921
851 0.22184
852 0.22452
853 0.22724
854 0.23002
855 0.23283
856 0.23570
857 0.23862
858 0.24159
859 0.24461
860 0.24768
861 0.25081
862 0.25399
863 0.25723
864 0.26052
865 0.26388
866 0.26729
867 0.27076
868 0.27430
869 0.27790
870 0.28156
871 0.28529
872 0.28909
873 0.29295
874 0.29689
875 0.30090
876 0.30498
877 0.30914
878 0.31337
879 0.31768
880 0.32207
881 0.32654
882 0.33110
883 0.33574
884 0.34046
885 0.34528
886 0.35018
887 0.35518
888 0.36028
889 0.36547
890 0.37075
891 0.37614
892 0.38164
893 0.38723
894 0.39294
895 0.39876
896 0.40468
897 0.41073
898 0.41689
899 0.42317
900 0.42958
901 0.43611
902 0.44277
903 0.44956
904 0.45648
905 0.46355
906 0.47075
907 0.47810
908 0.48559
909 0.49324
910 0.50104
911 0.50900
912 0.51521
913 0.53938
914 0.55632
915 0.56857
916 0.57562
917 0.57911
918 0.58313
919 0.58782
920 0.59338
921 0.60008
922 0.59886
923 0.59764
924 0.60594
925 0.60474
926 0.60353
927 0.61412
928 0.61294
929 0.61175
930 0.61056
931 0.62460
932 0.62344
933 0.62228
934 0.62111
935 0.61995
936 0.61878
937 0.61762
938 0.63728
939 0.63615
940 0.63502
941 0.63389
942 0.63276
943 0.63163
944 0.63050
945 0.62936
946 0.62823
947 0.62709
948 0.62595
949 0.62482
950 0.65457
951 0.65349
952 0.65241
953 0.65133
954 0.65025
955 0.64917
956 0.64809
957 0.64701
958 0.64592
959 0.64484
960 0.64375
961 0.64266
962 0.64157
963 0.64048
964 0.63939
965 0.63829
966 0.63720
967 0.63610
968 0.63500
969 0.63391
970 0.63281
971 0.63171
972 0.63061
973 0.68148
974 0.68049
975 0.67950
976 0.67850
977 0.67751
978 0.67651
979 0.67551
980 0.67451
981 0.67351
982 0.67251
983 0.67151
984 0.67050
985 0.66950
986 0.66849
987 0.66748
988 0.66648
989 0.66547
990 0.66445
991 0.66344
992 0.66243
993 0.66141
994 0.66040
995 0.65938
996 0.65836
997 0.65734
998 0.65632
999 0.65530
1000 0.65427
1001 0.65325
1002 0.65222
1003 0.65120
1004 0.65017
1005 0.64914
1006 0.64811
1007 0.64708
1008 0.64604
1009 0.64501
1010 0.64398
1011 0.64294
1012 0.64190
1013 0.64087
1014 0.63983
1015 0.63879
1016 0.63775
1017 0.63670
1018 0.63566
1019 0.63462
1020 0.63357
1021 0.63252
1022 0.63148
1023 0.63043
1024 0.62938
1025 0.62833
1026 0.73730
1027 0.73649
1028 0.73568
1029 0.73487
1030 0.73405
1031 0.73324
1032 0.73242
1033 0.73161
1034 0.73079
1035 0.72997
1036 0.72915
1037 0.72833
1038 0.72750
1039 0.72668
1040 0.72585
1041 0.72503
1042 0.72420
1043 0.72337
1044 0.72254
1045 0.72171
1046 0.72088
1047 0.72004
1048 0.71921
1049 0.71837
1050 0.71753
1051 0.71670
1052 0.71586
1053 0.71502
1054 0.71417
1055 0.71333
1056 0.71249
1057 0.71164
1058 0.71079
1059 0.70995
1060 0.70910
1061 0.70825
1062 0.70740
1063 0.70654
1064 0.70569
1065 0.70484
1066 0.70398
1067 0.70312
1068 0.70227
1069 0.70141
1070 0.70055
1071 0.69969
1072 0.69882
1073 0.69796
1074 0.69710
1075 0.69623
1076 0.69536
1077 0.69449
1078 0.69363
1079 0.69276
1080 0.69188
1081 0.69101
1082 0.69014
1083 0.68927
1084 0.68839
1085 0.68751
1086 0.68664
1087 0.68576
1088 0.68488
1089 0.68400
1090 0.68312
1091 0.68223
1092 0.68135
1093 0.68046
1094 0.67958
1095 0.67869
1096 0.67780
1097 0.67691
1098 0.67602
1099 0.67513
1100 0.67424
1101 0.67335
1102 0.67245
1103 0.67156
1104 0.67066
1105 0.66977
1106 0.66887
1107 0.66797
1108 0.66707
1109 0.66617
1110 0.66527
1111 0.66436
1112 0.66346
1113 0.66256
1114 0.66165
1115 0.66074
1116 0.65984
1117 0.65893
1118 0.65802
1119 0.65711
1120 0.65620
1121 0.65528
1122 0.65437
1123 0.65346
1124 0.65254
1125 0.65163
1126 0.65071
1127 0.64979
1128 0.64887
1129 0.64795
1130 0.64703
1131 0.64611
1132 0.64519
1133 0.64427
1134 0.64334
1135 0.64242
1136 0.64149
1137 0.64056
1138 0.63964
1139 0.63871
1140 0.63778
1141 0.63685
1142 0.63592
1143 0.63499
1144 0.63406
1145 0.63312
1146 0.63219
1147 0.63125
1148 0.63032
1149 0.62938
1150 0.62844
1151 0.62751
1152 0.62657
1153 0.62563
1154 0.62469
1155 0.62374
1156 0.62280
1157 0.62186
1158 0.62092
1159 0.61997
1160 0.61903
1161 0.61808
1162 0.61713
1163 0.61619
1164 0.61524
1165 0.61429
1166 0.61334
1167 0.61239
1168 0.61144
1169 0.61049
1170 0.60954
1171 0.60858
1172 0.60763
1173 0.60667
1174 0.60572
1175 0.60476
1176 0.60381
1177 0.60285
1178 0.60189
1179 0.60093
1180 0.59997
1181 0.59901
1182 0.59805
1183 0.59709
1184 0.59613
1185 0.59517
1186 0.59420
1187 0.59324
1188 0.59228
1189 0.59131
1190 0.59034
1191 0.58938
1192 0.58841
1193 0.58744
1194 0.58648
1195 0.58551
1196 0.58454
1197 0.58357
1198 0.58260
1199 0.58163
1200 0.58066
1201 0.57968
1202 0.57871
1203 0.57774
1204 0.57676
1205 0.57579
1206 0.57482
1207 0.57384
1208 0.57287
1209 0.57189
1210 0.57091
1211 0.56993
1212 0.56896
1213 0.56798
1214 0.56700
1215 0.56602
1216 1.00000
