17 1.12301
18 1.10874
19 1.09560
20 1.08344
21 1.07214
22 1.06161
23 1.05174
24 1.04249
25 1.03377
26 1.02554
27 1.01776
28 1.01037
29 1.00336
30 0.99668
31 0.99031
32 0.98422
33 0.97839
34 0.97281
35 0.96745
36 0.96230
37 0.95735
38 0.95258
39 0.94798
40 0.94354
41 0.93925
42 0.93510
43 0.93109
44 0.92720
45 0.92343
46 0.91977
47 0.91621
48 0.91276
49 0.90940
50 0.90614
51 0.90296
52 0.89986
53 0.89684
54 0.89390
55 0.89103
56 0.88822
57 0.88549
58 0.88281
59 0.88020
60 0.87764
61 0.87514
62 0.87269
63 0.87029
64 0.86794
65 0.86564
66 0.86338
67 0.86117
68 0.85900
69 0.85688
70 0.85479
71 0.85274
72 0.85072
73 0.84874
74 0.84680
75 0.84489
76 0.84301
77 0.84117
78 0.83935
79 0.83757
80 0.83581
81 0.83408
82 0.83238
83 0.83070
84 0.82905
85 0.82742
86 0.82582
87 0.82424
88 0.82268
89 0.82115
90 0.81964
91 0.81815
92 0.81668
93 0.81523
94 0.81380
95 0.81239
96 0.81099
97 0.80962
98 0.80826
99 0.80692
100 0.80560
101 0.80429
102 0.80300
103 0.80173
104 0.80047
105 0.79923
106 0.79800
107 0.79678
108 0.79559
109 0.79440
110 0.79323
111 0.79207
112 0.79092
113 0.78979
114 0.78867
115 0.78756
116 0.78647
117 0.78538
118 0.78431
119 0.78325
120 0.78220
121 0.78116
122 0.78014
123 0.77912
124 0.77811
125 0.77712
126 0.77613
127 0.77515
128 0.77419
129 0.77323
130 0.77229
131 0.77135
132 0.77042
133 0.76950
134 0.76859
135 0.76769
136 0.76679
137 0.76591
138 0.76503
139 0.76416
140 0.76330
141 0.76245
142 0.76161
143 0.76077
144 0.75994
145 0.75912
146 0.75831
147 0.75750
148 0.75670
149 0.75591
150 0.75512
151 0.75435
152 0.75357
153 0.75281
154 0.75205
155 0.75130
156 0.75055
157 0.74982
158 0.74908
159 0.74836
160 0.74764
161 0.74693
162 0.74622
163 0.74552
164 0.74482
165 0.74413
166 0.74345
167 0.74277
168 0.74210
169 0.74143
170 0.74077
171 0.74011
172 0.73946
173 0.73881
174 0.73817
175 0.73754
176 0.73691
177 0.73629
178 0.73567
179 0.73505
180 0.73444
181 0.73384
182 0.73324
183 0.73264
184 0.73205
185 0.73147
186 0.73088
187 0.73031
188 0.72974
189 0.72917
190 0.72861
191 0.72805
192 0.72749
193 0.72695
194 0.72640
195 0.72586
196 0.72532
197 0.72479
198 0.72426
199 0.72374
200 0.72322
201 0.72270
202 0.72219
203 0.72168
204 0.72118
205 0.72068
206 0.72018
207 0.71969
208 0.71920
209 0.71872
210 0.71824
211 0.71776
212 0.71729
213 0.71682
214 0.71636
215 0.71589
216 0.71544
217 0.71498
218 0.71453
219 0.71408
220 0.71364
221 0.71320
222 0.71276
223 0.71233
224 0.71190
225 0.71147
226 0.71105
227 0.71063
228 0.71021
229 0.70980
230 0.70939
231 0.70898
232 0.70858
233 0.70818
234 0.70778
235 0.70739
236 0.70700
237 0.70661
238 0.70622
239 0.70584
240 0.70546
241 0.70509
242 0.70472
243 0.70435
244 0.70398
245 0.70362
246 0.70326
247 0.70290
248 0.70255
249 0.70220
250 0.70185
251 0.70151
252 0.70116
253 0.70082
254 0.70049
255 0.70015
256 0.69982
257 0.69949
258 0.69917
259 0.69885
260 0.69853
261 0.69821
262 0.69790
263 0.69759
264 0.69728
265 0.69697
266 0.69667
267 0.69637
268 0.69607
269 0.69577
270 0.69548
271 0.69519
272 0.69490
273 0.69462
274 0.69434
275 0.69406
276 0.69378
277 0.69351
278 0.69324
279 0.69297
280 0.69270
281 0.69244
282 0.69217
283 0.69192
284 0.69166
285 0.69140
286 0.69115
287 0.69090
288 0.69066
289 0.69041
290 0.69017
291 0.68993
292 0.68969
293 0.68946
294 0.68923
295 0.68900
296 0.68877
297 0.68855
298 0.68832
299 0.68810
300 0.68789
301 0.68767
302 0.68746
303 0.68725
304 0.68704
305 0.68683
306 0.68663
307 0.68643
308 0.68623
309 0.68603
310 0.68583
311 0.68564
312 0.68545
313 0.68526
314 0.68508
315 0.68489
316 0.68471
317 0.68453
318 0.68436
319 0.68418
320 0.68401
321 0.68384
322 0.68367
323 0.68351
324 0.68334
325 0.68318
326 0.68302
327 0.68287
328 0.68271
329 0.68256
330 0.68241
331 0.68226
332 0.68211
333 0.68197
334 0.68183
335 0.68169
336 0.68155
337 0.68141
338 0.68128
339 0.68115
340 0.68102
341 0.68089
342 0.68077
343 0.68064
344 0.68052
345 0.68040
346 0.68029
347 0.68017
348 0.68006
349 0.67995
350 0.67984
351 0.67973
352 0.67963
353 0.67953
354 0.67942
355 0.67933
356 0.67923
357 0.67914
358 0.67904
359 0.67895
360 0.67886
361 0.67878
362 0.67869
363 0.67861
364 0.67853
365 0.67845
366 0.67838
367 0.67830
368 0.67823
369 0.67816
370 0.67809
371 0.67802
372 0.67796
373 0.67790
374 0.67784
375 0.67778
376 0.67772
377 0.67767
378 0.67761
379 0.67756
380 0.67751
381 0.67747
382 0.67742
383 0.67738
384 0.67734
385 0.67730
386 0.67726
387 0.67723
388 0.67719
389 0.67716
390 0.67713
391 0.67711
392 0.67708
393 0.67706
394 0.67703
395 0.67701
396 0.67700
397 0.67698
398 0.67697
399 0.67695
400 0.67694
401 0.67693
402 0.67693
403 0.67692
404 0.67692
405 0.67692
406 0.67692
407 0.67692
408 0.67693
409 0.67693
410 0.67694
411 0.67695
412 0.67697
413 0.67698
414 0.67700
415 0.67701
416 0.67703
417 0.67706
418 0.67708
419 0.67710
420 0.67713
421 0.67716
422 0.67719
423 0.67722
424 0.67726
425 0.67730
426 0.67733
427 0.67737
428 0.67742
429 0.67746
430 0.67751
431 0.67755
432 0.67760
433 0.67765
434 0.67771
435 0.67776
436 0.67782
437 0.67788
438 0.67794
439 0.67800
440 0.67806
441 0.67813
442 0.67820
443 0.67827
444 0.67834
445 0.67841
446 0.67849
447 0.67857
448 0.67865
449 0.67873
450 0.67881
451 0.67889
452 0.67898
453 0.67907
454 0.67916
455 0.67925
456 0.67934
457 0.67944
458 0.67954
459 0.67963
460 0.67974
461 0.67984
462 0.67994
463 0.68005
464 0.68016
465 0.68027
466 0.68038
467 0.68049
468 0.68061
469 0.68073
470 0.68085
471 0.68097
472 0.68109
473 0.68122
474 0.68134
475 0.68147
476 0.68160
477 0.68173
478 0.68187
479 0.68200
480 0.68214
481 0.68228
482 0.68242
483 0.68256
484 0.68271
485 0.68286
486 0.68300
487 0.68315
488 0.68331
489 0.68346
490 0.68362
491 0.68377
492 0.68393
493 0.68410
494 0.68426
495 0.68442
496 0.68459
497 0.68476
498 0.68493
499 0.68510
500 0.68528
501 0.68545
502 0.68563
503 0.68581
504 0.68599
505 0.68618
506 0.68636
507 0.68655
508 0.68674
509 0.68693
510 0.68712
511 0.68732
512 0.68751
513 0.68771
514 0.68791
515 0.68811
516 0.68832
517 0.68852
518 0.68873
519 0.68894
520 0.68915
521 0.68936
522 0.68958
523 0.68980
524 0.69001
525 0.69024
526 0.69046
527 0.69068
528 0.69091
529 0.69114
530 0.69137
531 0.69160
532 0.69183
533 0.69207
534 0.69230
535 0.69254
536 0.69279
537 0.69303
538 0.69327
539 0.69352
540 0.69377
541 0.69402
542 0.69427
543 0.69453
544 0.69478
545 0.69504
546 0.69530
547 0.69556
548 0.69583
549 0.69609
550 0.69636
551 0.69663
552 0.69690
553 0.69717
554 0.69745
555 0.69772
556 0.69800
557 0.69828
558 0.69857
559 0.69885
560 0.69914
561 0.69943
562 0.69972
563 0.70001
564 0.70030
565 0.70060
566 0.70090
567 0.70120
568 0.70150
569 0.70180
570 0.70211
571 0.70242
572 0.70273
573 0.70304
574 0.70335
575 0.70367
576 0.70399
577 0.70431
578 0.70463
579 0.70495
580 0.70528
581 0.70560
582 0.70593
583 0.70626
584 0.70660
585 0.70693
586 0.70727
587 0.70761
588 0.70795
589 0.70829
590 0.70864
591 0.70898
592 0.70933
593 0.70968
594 0.71004
595 0.71039
596 0.71075
597 0.71111
598 0.71147
599 0.71183
600 0.71219
601 0.71256
602 0.71293
603 0.71330
604 0.71367
605 0.71405
606 0.71443
607 0.71480
608 0.71519
609 0.71557
610 0.71595
611 0.71634
612 0.71673
613 0.71712
614 0.71751
615 0.71791
616 0.71831
617 0.71871
618 0.71911
619 0.71951
620 0.71992
621 0.72032
622 0.72073
623 0.72114
624 0.72156
625 0.72197
626 0.72239
627 0.72281
628 0.72323
629 0.72366
630 0.72408
631 0.72451
632 0.72494
633 0.72537
634 0.72581
635 0.72625
636 0.72668
637 0.72713
638 0.72757
639 0.72801
640 0.72846
641 0.72891
642 0.72936
643 0.72982
644 0.73027
645 0.73073
646 0.73119
647 0.73165
648 0.73212
649 0.73258
650 0.73305
651 0.73352
652 0.73399
653 0.73447
654 0.73495
655 0.73543
656 0.73591
657 0.73639
658 0.73688
659 0.73737
660 0.73786
661 0.73835
662 0.73884
663 0.73934
664 0.73984
665 0.74034
666 0.74084
667 0.74135
668 0.74186
669 0.74237
670 0.74288
671 0.74340
672 0.74391
673 0.74443
674 0.74495
675 0.74548
676 0.74600
677 0.74653
678 0.74706
679 0.74759
680 0.74813
681 0.74867
682 0.74921
683 0.74975
684 0.75029
685 0.75084
686 0.75139
687 0.75194
688 0.75249
689 0.75305
690 0.75361
691 0.75417
692 0.75473
693 0.75529
694 0.75586
695 0.75643
696 0.75700
697 0.75758
698 0.75815
699 0.75873
700 0.75931
701 0.75990
702 0.76048
703 0.76107
704 0.76166
705 0.76226
706 0.76285
707 0.76345
708 0.76405
709 0.76465
710 0.76526
711 0.76587
712 0.76648
713 0.76709
714 0.76770
715 0.76832
716 0.76894
717 0.76956
718 0.77019
719 0.77081
720 0.77144
721 0.77208
722 0.77271
723 0.77335
724 0.77399
725 0.77463
726 0.77527
727 0.77592
728 0.77657
729 0.77722
730 0.77787
731 0.77853
732 0.77919
733 0.77985
734 0.78052
735 0.78118
736 0.78185
737 0.78253
738 0.78320
739 0.78388
740 0.78456
741 0.78524
742 0.78593
743 0.78661
744 0.78730
745 0.78800
746 0.78869
747 0.78939
748 0.79009
749 0.79079
750 0.79150
751 0.79221
752 0.79292
753 0.79363
754 0.79435
755 0.79507
756 0.79579
757 0.79651
758 0.79724
759 0.79797
760 0.79870
761 0.79944
762 0.80017
763 0.80091
764 0.80166
765 0.80240
766 0.80315
767 0.80390
768 0.80466
769 0.80541
770 0.80617
771 0.80694
772 0.80770
773 0.80847
774 0.80924
775 0.81001
776 0.81079
777 0.81157
778 0.81235
779 0.81313
780 0.81392
781 0.81471
782 0.81550
783 0.81630
784 0.81710
785 0.81790
786 0.81870
787 0.81951
788 0.82032
789 0.82113
790 0.82195
791 0.82277
792 0.82359
793 0.82441
794 0.82524
795 0.82607
796 0.82690
797 0.82774
798 0.82858
799 0.82942
800 0.83027
801 0.83111
802 0.83196
803 0.83282
804 0.83367
805 0.83453
806 0.83540
807 0.83626
808 0.83713
809 0.83800
810 0.83888
811 0.83976
812 0.84064
813 0.84152
814 0.84241
815 0.84330
816 0.84419
817 0.84509
818 0.84599
819 0.84689
820 0.84779
821 0.84870
822 0.84961
823 0.85053
824 0.85145
825 0.85237
826 0.85329
827 0.85422
828 0.85515
829 0.85608
830 0.85702
831 0.85796
832 0.85890
833 0.85985
834 0.86080
835 0.86175
836 0.86271
837 0.86367
838 0.86463
839 0.86560
840 0.86656
841 0.86754
842 0.86851
843 0.86949
844 0.87047
845 0.87146
846 0.87245
847 0.87344
848 0.87444
849 0.87544
850 0.87644
851 0.87744
852 0.87845
853 0.87946
854 0.88048
855 0.88150
856 0.88252
857 0.88355
858 0.88458
859 0.88561
860 0.88665
861 0.88769
862 0.88873
863 0.88978
864 0.89083
865 0.89188
866 0.89294
867 0.89400
868 0.89506
869 0.89613
870 0.89720
871 0.89827
872 0.89935
873 0.90043
874 0.90152
875 0.90261
876 0.90370
877 0.90480
878 0.90590
879 0.90700
880 0.90811
881 0.90922
882 0.91033
883 0.91145
884 0.91257
885 0.91370
886 0.91483
887 0.91596
888 0.91710
889 0.91824
890 0.91938
891 0.92053
892 0.92168
893 0.92284
894 0.92400
895 0.92516
896 0.92633
897 0.92750
898 0.92867
899 0.92985
900 0.93103
901 0.93222
902 0.93341
903 0.93460
904 0.93580
905 0.93700
906 0.93820
907 0.93941
908 0.94063
909 0.94184
910 0.94307
911 0.94429
912 0.94362
913 0.94778
914 0.95047
915 0.95228
916 0.95331
917 0.95384
918 0.95443
919 0.95507
920 0.95579
921 0.95662
922 0.95656
923 0.95650
924 0.95747
925 0.95741
926 0.95735
927 0.95851
928 0.95846
929 0.95841
930 0.95835
931 0.95981
932 0.95975
933 0.95970
934 0.95965
935 0.95960
936 0.95954
937 0.95949
938 0.96142
939 0.96137
940 0.96132
941 0.96127
942 0.96122
943 0.96117
944 0.96112
945 0.96107
946 0.96102
947 0.96097
948 0.96092
949 0.96087
950 0.96363
951 0.96358
952 0.96354
953 0.96349
954 0.96344
955 0.96340
956 0.96335
957 0.96331
958 0.96326
959 0.96321
960 0.96317
961 0.96312
962 0.96308
963 0.96303
964 0.96298
965 0.96294
966 0.96289
967 0.96285
968 0.96280
969 0.96275
970 0.96271
971 0.96266
972 0.96261
973 0.96707
974 0.96703
975 0.96699
976 0.96695
977 0.96691
978 0.96687
979 0.96683
980 0.96679
981 0.96675
982 0.96671
983 0.96667
984 0.96663
985 0.96659
986 0.96655
987 0.96650
988 0.96646
989 0.96642
990 0.96638
991 0.96634
992 0.96630
993 0.96626
994 0.96622
995 0.96618
996 0.96614
997 0.96610
998 0.96606
999 0.96602
1000 0.96598
1001 0.96594
1002 0.96589
1003 0.96585
1004 0.96581
1005 0.96577
1006 0.96573
1007 0.96569
1008 0.96565
1009 0.96561
1010 0.96557
1011 0.96553
1012 0.96549
1013 0.96545
1014 0.96541
1015 0.96536
1016 0.96532
1017 0.96528
1018 0.96524
1019 0.96520
1020 0.96516
1021 0.96512
1022 0.96508
1023 0.96504
1024 0.96500
1025 0.96496
1026 0.97395
1027 0.97392
1028 0.97389
1029 0.97386
1030 0.97383
1031 0.97380
1032 0.97377
1033 0.97374
1034 0.97371
1035 0.97368
1036 0.97365
1037 0.97362
1038 0.97359
1039 0.97355
1040 0.97352
1041 0.97349
1042 0.97346
1043 0.97343
1044 0.97340
1045 0.97337
1046 0.97334
1047 0.97331
1048 0.97328
1049 0.97325
1050 0.97322
1051 0.97319
1052 0.97316
1053 0.97313
1054 0.97310
1055 0.97307
1056 0.97304
1057 0.97301
1058 0.97298
1059 0.97295
1060 0.97292
1061 0.97288
1062 0.97285
1063 0.97282
1064 0.97279
1065 0.97276
1066 0.97273
1067 0.97270
1068 0.97267
1069 0.97264
1070 0.97261
1071 0.97258
1072 0.97255
1073 0.97252
1074 0.97249
1075 0.97246
1076 0.97243
1077 0.97240
1078 0.97237
1079 0.97233
1080 0.97230
1081 0.97227
1082 0.97224
1083 0.97221
1084 0.97218
1085 0.97215
1086 0.97212
1087 0.97209
1088 0.97206
1089 0.97203
1090 0.97200
1091 0.97197
1092 0.97194
1093 0.97191
1094 0.97188
1095 0.97184
1096 0.97181
1097 0.97178
1098 0.97175
1099 0.97172
1100 0.97169
1101 0.97166
1102 0.97163
1103 0.97160
1104 0.97157
1105 0.97154
1106 0.97151
1107 0.97148
1108 0.97145
1109 0.97141
1110 0.97138
1111 0.97135
1112 0.97132
1113 0.97129
1114 0.97126
1115 0.97123
1116 0.97120
1117 0.97117
1118 0.97114
1119 0.97111
1120 0.97108
1121 0.97105
1122 0.97101
1123 0.97098
1124 0.97095
1125 0.97092
1126 0.97089
1127 0.97086
1128 0.97083
1129 0.97080
1130 0.97077
1131 0.97074
1132 0.97071
1133 0.97067
1134 0.97064
1135 0.97061
1136 0.97058
1137 0.97055
1138 0.97052
1139 0.97049
1140 0.97046
1141 0.97043
1142 0.97040
1143 0.97037
1144 0.97033
1145 0.97030
1146 0.97027
1147 0.97024
1148 0.97021
1149 0.97018
1150 0.97015
1151 0.97012
1152 0.97009
1153 0.97006
1154 0.97003
1155 0.96999
1156 0.96996
1157 0.96993
1158 0.96990
1159 0.96987
1160 0.96984
1161 0.96981
1162 0.96978
1163 0.96975
1164 0.96972
1165 0.96968
1166 0.96965
1167 0.96962
1168 0.96959
1169 0.96956
1170 0.96953
1171 0.96950
1172 0.96947
1173 0.96944
1174 0.96940
1175 0.96937
1176 0.96934
1177 0.96931
1178 0.96928
1179 0.96925
1180 0.96922
1181 0.96919
1182 0.96916
1183 0.96912
1184 0.96909
1185 0.96906
1186 0.96903
1187 0.96900
1188 0.96897
1189 0.96894
1190 0.96891
1191 0.96888
1192 0.96884
1193 0.96881
1194 0.96878
1195 0.96875
1196 0.96872
1197 0.96869
1198 0.96866
1199 0.96863
1200 0.96860
1201 0.96856
1202 0.96853
1203 0.96850
1204 0.96847
1205 0.96844
1206 0.96841
1207 0.96838
1208 0.96835
1209 0.96831
1210 0.96828
1211 0.96825
1212 0.96822
1213 0.96819
1214 0.96816
1215 0.96813
1216 1.00000
