17 4.10512
18 3.58176
19 3.15465
20 2.80162
21 2.50652
22 2.25733
23 2.04498
24 1.86253
25 1.70459
26 1.56694
27 1.44622
28 1.33974
29 1.24532
30 1.16119
31 1.08588
32 1.01818
33 0.95709
34 0.90176
35 0.85147
36 0.80563
37 0.76370
38 0.72525
39 0.68989
40 0.65730
41 0.62718
42 0.59928
43 0.57339
44 0.54931
45 0.52688
46 0.50593
47 0.48635
48 0.46800
49 0.45079
50 0.43461
51 0.41939
52 0.40505
53 0.39152
54 0.37873
55 0.36664
56 0.35519
57 0.34433
58 0.33402
59 0.32423
60 0.31491
61 0.30604
62 0.29759
63 0.28953
64 0.28184
65 0.27449
66 0.26746
67 0.26073
68 0.25429
69 0.24812
70 0.24220
71 0.23652
72 0.23106
73 0.22581
74 0.22077
75 0.21592
76 0.21124
77 0.20674
78 0.20241
79 0.19822
80 0.19418
81 0.19029
82 0.18652
83 0.18288
84 0.17937
85 0.17596
86 0.17267
87 0.16948
88 0.16640
89 0.16340
90 0.16050
91 0.15769
92 0.15496
93 0.15232
94 0.14975
95 0.14725
96 0.14482
97 0.14247
98 0.14017
99 0.13794
100 0.13578
101 0.13367
102 0.13161
103 0.12961
104 0.12766
105 0.12576
106 0.12391
107 0.12211
108 0.12035
109 0.11863
110 0.11696
111 0.11533
112 0.11373
113 0.11217
114 0.11065
115 0.10917
116 0.10771
117 0.10630
118 0.10491
119 0.10355
120 0.10223
121 0.10093
122 0.09966
123 0.09842
124 0.09720
125 0.09601
126 0.09485
127 0.09370
128 0.09259
129 0.09149
130 0.09042
131 0.08936
132 0.08833
133 0.08732
134 0.08633
135 0.08536
136 0.08440
137 0.08347
138 0.08255
139 0.08165
140 0.08077
141 0.07990
142 0.07905
143 0.07821
144 0.07739
145 0.07658
146 0.07579
147 0.07501
148 0.07424
149 0.07349
150 0.07275
151 0.07202
152 0.07131
153 0.07060
154 0.06991
155 0.06923
156 0.06856
157 0.06790
158 0.06726
159 0.06662
160 0.06599
161 0.06537
162 0.06477
163 0.06417
164 0.06358
165 0.06300
166 0.06243
167 0.06187
168 0.06131
169 0.06077
170 0.06023
171 0.05970
172 0.05918
173 0.05867
174 0.05816
175 0.05766
176 0.05717
177 0.05668
178 0.05620
179 0.05573
180 0.05527
181 0.05481
182 0.05435
183 0.05391
184 0.05347
185 0.05303
186 0.05260
187 0.05218
188 0.05176
189 0.05135
190 0.05095
191 0.05055
192 0.05015
193 0.04976
194 0.04937
195 0.04899
196 0.04862
197 0.04824
198 0.04788
199 0.04752
200 0.04716
201 0.04681
202 0.04646
203 0.04611
204 0.04577
205 0.04543
206 0.04510
207 0.04477
208 0.04445
209 0.04413
210 0.04381
211 0.04350
212 0.04319
213 0.04288
214 0.04258
215 0.04228
216 0.04199
217 0.04169
218 0.04140
219 0.04112
220 0.04084
221 0.04056
222 0.04028
223 0.04001
224 0.03974
225 0.03947
226 0.03920
227 0.03894
228 0.03868
229 0.03843
230 0.03817
231 0.03792
232 0.03768
233 0.03743
234 0.03719
235 0.03695
236 0.03671
237 0.03647
238 0.03624
239 0.03601
240 0.03578
241 0.03556
242 0.03533
243 0.03511
244 0.03489
245 0.03467
246 0.03446
247 0.03425
248 0.03404
249 0.03383
250 0.03362
251 0.03341
252 0.03321
253 0.03301
254 0.03281
255 0.03262
256 0.03242
257 0.03223
258 0.03204
259 0.03185
260 0.03166
261 0.03147
262 0.03129
263 0.03110
264 0.03092
265 0.03074
266 0.03057
267 0.03039
268 0.03021
269 0.03004
270 0.02987
271 0.02970
272 0.02953
273 0.02936
274 0.02920
275 0.02903
276 0.02887
277 0.02871
278 0.02855
279 0.02839
280 0.02824
281 0.02808
282 0.02792
283 0.02777
284 0.02762
285 0.02747
286 0.02732
287 0.02717
288 0.02703
289 0.02688
290 0.02674
291 0.02659
292 0.02645
293 0.02631
294 0.02617
295 0.02603
296 0.02589
297 0.02576
298 0.02562
299 0.02549
300 0.02535
301 0.02522
302 0.02509
303 0.02496
304 0.02483
305 0.02470
306 0.02458
307 0.02445
308 0.02433
309 0.02420
310 0.02408
311 0.02396
312 0.02384
313 0.02372
314 0.02360
315 0.02348
316 0.02336
317 0.02324
318 0.02313
319 0.02301
320 0.02290
321 0.02279
322 0.02268
323 0.02256
324 0.02245
325 0.02234
326 0.02223
327 0.02213
328 0.02202
329 0.02191
330 0.02181
331 0.02170
332 0.02160
333 0.02149
334 0.02139
335 0.02129
336 0.02119
337 0.02109
338 0.02099
339 0.02089
340 0.02079
341 0.02069
342 0.02059
343 0.02050
344 0.02040
345 0.02031
346 0.02021
347 0.02012
348 0.02002
349 0.01993
350 0.01984
351 0.01975
352 0.01966
353 0.01957
354 0.01948
355 0.01939
356 0.01930
357 0.01921
358 0.01913
359 0.01904
360 0.01895
361 0.01887
362 0.01878
363 0.01870
364 0.01862
365 0.01853
366 0.01845
367 0.01837
368 0.01829
369 0.01821
370 0.01813
371 0.01805
372 0.01797
373 0.01789
374 0.01781
375 0.01773
376 0.01765
377 0.01758
378 0.01750
379 0.01742
380 0.01735
381 0.01727
382 0.01720
383 0.01712
384 0.01705
385 0.01698
386 0.01691
387 0.01683
388 0.01676
389 0.01669
390 0.01662
391 0.01655
392 0.01648
393 0.01641
394 0.01634
395 0.01627
396 0.01620
397 0.01613
398 0.01607
399 0.01600
400 0.01593
401 0.01587
402 0.01579
403 0.01573
404 0.01566
405 0.01560
406 0.01553
407 0.01547
408 0.01541
409 0.01534
410 0.01528
411 0.01522
412 0.01516
413 0.01510
414 0.01504
415 0.01498
416 0.01492
417 0.01486
418 0.01480
419 0.01474
420 0.01469
421 0.01463
422 0.01457
423 0.01452
424 0.01446
425 0.01441
426 0.01435
427 0.01430
428 0.01425
429 0.01419
430 0.01414
431 0.01409
432 0.01403
433 0.01398
434 0.01393
435 0.01388
436 0.01383
437 0.01378
438 0.01373
439 0.01368
440 0.01364
441 0.01359
442 0.01354
443 0.01349
444 0.01345
445 0.01340
446 0.01336
447 0.01331
448 0.01327
449 0.01322
450 0.01318
451 0.01314
452 0.01309
453 0.01305
454 0.01301
455 0.01297
456 0.01292
457 0.01288
458 0.01284
459 0.01280
460 0.01276
461 0.01272
462 0.01268
463 0.01264
464 0.01260
465 0.01256
466 0.01253
467 0.01249
468 0.01245
469 0.01242
470 0.01238
471 0.01234
472 0.01231
473 0.01227
474 0.01224
475 0.01220
476 0.01217
477 0.01214
478 0.01210
479 0.01207
480 0.01204
481 0.01201
482 0.01198
483 0.01194
484 0.01191
485 0.01188
486 0.01185
487 0.01182
488 0.01179
489 0.01176
490 0.01174
491 0.01171
492 0.01168
493 0.01165
494 0.01163
495 0.01160
496 0.01157
497 0.01155
498 0.01152
499 0.01150
500 0.01147
501 0.01145
502 0.01142
503 0.01140
504 0.01138
505 0.01135
506 0.01133
507 0.01131
508 0.01128
509 0.01126
510 0.01124
511 0.01122
512 0.01120
513 0.01118
514 0.01116
515 0.01114
516 0.01112
517 0.01110
518 0.01108
519 0.01107
520 0.01105
521 0.01103
522 0.01101
523 0.01100
524 0.01098
525 0.01096
526 0.01095
527 0.01093
528 0.01092
529 0.01090
530 0.01089
531 0.01087
532 0.01086
533 0.01085
534 0.01083
535 0.01082
536 0.01081
537 0.01079
538 0.01078
539 0.01077
540 0.01075
541 0.01074
542 0.01073
543 0.01072
544 0.01070
545 0.01069
546 0.01068
547 0.01067
548 0.01064
549 0.01063
550 0.01062
551 0.01061
552 0.01060
553 0.01059
554 0.01058
555 0.01058
556 0.01057
557 0.01056
558 0.01055
559 0.01055
560 0.01054
561 0.01054
562 0.01053
563 0.01053
564 0.01052
565 0.01052
566 0.01051
567 0.01051
568 0.01051
569 0.01051
570 0.01050
571 0.01050
572 0.01050
573 0.01050
574 0.01050
575 0.01050
576 0.01050
577 0.01050
578 0.01050
579 0.01051
580 0.01051
581 0.01051
582 0.01052
583 0.01052
584 0.01052
585 0.01053
586 0.01053
587 0.01054
588 0.01055
589 0.01055
590 0.01056
591 0.01057
592 0.01057
593 0.01058
594 0.01059
595 0.01060
596 0.01061
597 0.01062
598 0.01063
599 0.01064
600 0.01066
601 0.01067
602 0.01068
603 0.01070
604 0.01071
605 0.01072
606 0.01074
607 0.01075
608 0.01077
609 0.01079
610 0.01080
611 0.01082
612 0.01084
613 0.01086
614 0.01088
615 0.01090
616 0.01092
617 0.01094
618 0.01096
619 0.01098
620 0.01101
621 0.01103
622 0.01105
623 0.01108
624 0.01110
625 0.01113
626 0.01116
627 0.01118
628 0.01121
629 0.01124
630 0.01127
631 0.01130
632 0.01133
633 0.01136
634 0.01139
635 0.01142
636 0.01146
637 0.01149
638 0.01152
639 0.01156
640 0.01159
641 0.01163
642 0.01167
643 0.01171
644 0.01175
645 0.01178
646 0.01182
647 0.01187
648 0.01191
649 0.01195
650 0.01199
651 0.01204
652 0.01208
653 0.01213
654 0.01218
655 0.01222
656 0.01227
657 0.01232
658 0.01237
659 0.01242
660 0.01247
661 0.01253
662 0.01258
663 0.01264
664 0.01269
665 0.01275
666 0.01281
667 0.01286
668 0.01292
669 0.01298
670 0.01305
671 0.01311
672 0.01317
673 0.01324
674 0.01330
675 0.01337
676 0.01344
677 0.01351
678 0.01358
679 0.01365
680 0.01372
681 0.01380
682 0.01387
683 0.01395
684 0.01403
685 0.01411
686 0.01419
687 0.01427
688 0.01435
689 0.01444
690 0.01452
691 0.01461
692 0.01470
693 0.01479
694 0.01488
695 0.01497
696 0.01507
697 0.01517
698 0.01526
699 0.01536
700 0.01546
701 0.01557
702 0.01567
703 0.01578
704 0.01589
705 0.01599
706 0.01611
707 0.01622
708 0.01633
709 0.01645
710 0.01657
711 0.01669
712 0.01681
713 0.01694
714 0.01707
715 0.01719
716 0.01733
717 0.01746
718 0.01759
719 0.01773
720 0.01787
721 0.01801
722 0.01816
723 0.01831
724 0.01845
725 0.01861
726 0.01876
727 0.01892
728 0.01908
729 0.01924
730 0.01940
731 0.01957
732 0.01974
733 0.01992
734 0.02009
735 0.02027
736 0.02045
737 0.02064
738 0.02083
739 0.02102
740 0.02121
741 0.02141
742 0.02161
743 0.02182
744 0.02203
745 0.02224
746 0.02246
747 0.02268
748 0.02290
749 0.02313
750 0.02336
751 0.02359
752 0.02383
753 0.02408
754 0.02433
755 0.02458
756 0.02483
757 0.02510
758 0.02536
759 0.02563
760 0.02591
761 0.02619
762 0.02647
763 0.02676
764 0.02706
765 0.02736
766 0.02767
767 0.02798
768 0.02830
769 0.02862
770 0.02895
771 0.02928
772 0.02963
773 0.02997
774 0.03033
775 0.03069
776 0.03106
777 0.03143
778 0.03181
779 0.03220
780 0.03260
781 0.03300
782 0.03341
783 0.03383
784 0.03426
785 0.03469
786 0.03513
787 0.03559
788 0.03605
789 0.03652
790 0.03699
791 0.03748
792 0.03798
793 0.03849
794 0.03900
795 0.03953
796 0.04007
797 0.04062
798 0.04117
799 0.04174
800 0.04233
801 0.04292
802 0.04352
803 0.04414
804 0.04477
805 0.04541
806 0.04607
807 0.04674
808 0.04742
809 0.04812
810 0.04883
811 0.04955
812 0.05029
813 0.05105
814 0.05182
815 0.05261
816 0.05341
817 0.05424
818 0.05508
819 0.05593
820 0.05681
821 0.05770
822 0.05861
823 0.05955
824 0.06050
825 0.06147
826 0.06247
827 0.06348
828 0.06452
829 0.06558
830 0.06667
831 0.06778
832 0.06891
833 0.07007
834 0.07125
835 0.07246
836 0.07370
837 0.07496
838 0.07626
839 0.07758
840 0.07894
841 0.08032
842 0.08174
843 0.08319
844 0.08467
845 0.08619
846 0.08774
847 0.08933
848 0.09095
849 0.09262
850 0.09432
851 0.09606
852 0.09785
853 0.09967
854 0.10154
855 0.10346
856 0.10542
857 0.10743
858 0.10949
859 0.11159
860 0.11375
861 0.11597
862 0.11823
863 0.12055
864 0.12293
865 0.12537
866 0.12787
867 0.13043
868 0.13305
869 0.13575
870 0.13851
871 0.14133
872 0.14423
873 0.14721
874 0.15026
875 0.15339
876 0.15660
877 0.15989
878 0.16327
879 0.16674
880 0.17029
881 0.17394
882 0.17769
883 0.18153
884 0.18548
885 0.18953
886 0.19369
887 0.19796
888 0.20234
889 0.20685
890 0.21147
891 0.21622
892 0.22110
893 0.22611
894 0.23126
895 0.23655
896 0.24199
897 0.24758
898 0.25332
899 0.25922
900 0.26529
901 0.27153
902 0.27794
903 0.28454
904 0.29132
905 0.29829
906 0.30547
907 0.31285
908 0.32044
909 0.32825
910 0.33629
911 0.34455
912 0.35106
913 0.37586
914 0.39377
915 0.40702
916 0.41477
917 0.41861
918 0.42308
919 0.42834
920 0.43464
921 0.44232
922 0.44089
923 0.43945
924 0.44906
925 0.44763
926 0.44621
927 0.45860
928 0.45718
929 0.45576
930 0.45435
931 0.47098
932 0.46958
933 0.46818
934 0.46678
935 0.46538
936 0.46398
937 0.46258
938 0.48616
939 0.48479
940 0.48341
941 0.48204
942 0.48066
943 0.47928
944 0.47791
945 0.47653
946 0.47516
947 0.47378
948 0.47241
949 0.47103
950 0.50725
951 0.50592
952 0.50458
953 0.50324
954 0.50191
955 0.50057
956 0.49923
957 0.49790
958 0.49656
959 0.49522
960 0.49388
961 0.49255
962 0.49121
963 0.48987
964 0.48853
965 0.48720
966 0.48586
967 0.48452
968 0.48318
969 0.48184
970 0.48050
971 0.47917
972 0.47783
973 0.54087
974 0.53961
975 0.53835
976 0.53709
977 0.53583
978 0.53456
979 0.53330
980 0.53204
981 0.53077
982 0.52951
983 0.52824
984 0.52698
985 0.52571
986 0.52444
987 0.52318
988 0.52191
989 0.52064
990 0.51937
991 0.51810
992 0.51684
993 0.51557
994 0.51430
995 0.51303
996 0.51176
997 0.51049
998 0.50922
999 0.50795
1000 0.50667
1001 0.50540
1002 0.50413
1003 0.50286
1004 0.50159
1005 0.50032
1006 0.49904
1007 0.49777
1008 0.49650
1009 0.49523
1010 0.49395
1011 0.49268
1012 0.49141
1013 0.49013
1014 0.48886
1015 0.48759
1016 0.48632
1017 0.48504
1018 0.48377
1019 0.48250
1020 0.48122
1021 0.47995
1022 0.47868
1023 0.47740
1024 0.47613
1025 0.47486
1026 0.61343
1027 0.61235
1028 0.61127
1029 0.61018
1030 0.60910
1031 0.60802
1032 0.60693
1033 0.60585
1034 0.60476
1035 0.60368
1036 0.60259
1037 0.60150
1038 0.60041
1039 0.59932
1040 0.59823
1041 0.59713
1042 0.59604
1043 0.59495
1044 0.59385
1045 0.59276
1046 0.59166
1047 0.59056
1048 0.58947
1049 0.58837
1050 0.58727
1051 0.58617
1052 0.58507
1053 0.58397
1054 0.58286
1055 0.58176
1056 0.58066
1057 0.57955
1058 0.57845
1059 0.57734
1060 0.57623
1061 0.57513
1062 0.57402
1063 0.57291
1064 0.57180
1065 0.57069
1066 0.56958
1067 0.56847
1068 0.56736
1069 0.56624
1070 0.56513
1071 0.56402
1072 0.56290
1073 0.56179
1074 0.56067
1075 0.55955
1076 0.55844
1077 0.55732
1078 0.55620
1079 0.55508
1080 0.55397
1081 0.55285
1082 0.55173
1083 0.55060
1084 0.54948
1085 0.54836
1086 0.54724
1087 0.54612
1088 0.54499
1089 0.54387
1090 0.54275
1091 0.54162
1092 0.54050
1093 0.53937
1094 0.53825
1095 0.53712
1096 0.53599
1097 0.53487
1098 0.53374
1099 0.53261
1100 0.53148
1101 0.53036
1102 0.52923
1103 0.52810
1104 0.52697
1105 0.52584
1106 0.52471
1107 0.52358
1108 0.52245
1109 0.52132
1110 0.52018
1111 0.51905
1112 0.51792
1113 0.51679
1114 0.51566
1115 0.51452
1116 0.51339
1117 0.51226
1118 0.51112
1119 0.50999
1120 0.50886
1121 0.50772
1122 0.50659
1123 0.50545
1124 0.50432
1125 0.50318
1126 0.50205
1127 0.50091
1128 0.49978
1129 0.49864
1130 0.49751
1131 0.49637
1132 0.49523
1133 0.49410
1134 0.49296
1135 0.49183
1136 0.49069
1137 0.48955
1138 0.48842
1139 0.48728
1140 0.48615
1141 0.48501
1142 0.48387
1143 0.48274
1144 0.48160
1145 0.48046
1146 0.47933
1147 0.47819
1148 0.47705
1149 0.47592
1150 0.47478
1151 0.47365
1152 0.47251
1153 0.47137
1154 0.47024
1155 0.46910
1156 0.46797
1157 0.46683
1158 0.46569
1159 0.46456
1160 0.46342
1161 0.46229
1162 0.46115
1163 0.46002
1164 0.45888
1165 0.45775
1166 0.45662
1167 0.45548
1168 0.45435
1169 0.45321
1170 0.45208
1171 0.45095
1172 0.44981
1173 0.44868
1174 0.44755
1175 0.44642
1176 0.44528
1177 0.44415
1178 0.44302
1179 0.44189
1180 0.44076
1181 0.43963
1182 0.43850
1183 0.43737
1184 0.43624
1185 0.43511
1186 0.43398
1187 0.43285
1188 0.43173
1189 0.43060
1190 0.42947
1191 0.42834
1192 0.42722
1193 0.42609
1194 0.42497
1195 0.42384
1196 0.42272
1197 0.42159
1198 0.42047
1199 0.41934
1200 0.41822
1201 0.41710
1202 0.41598
1203 0.41486
1204 0.41374
1205 0.41262
1206 0.41150
1207 0.41038
1208 0.40926
1209 0.40814
1210 0.40702
1211 0.40591
1212 0.40479
1213 0.40367
1214 0.40256
1215 0.40144
1216 1.00000
