17 186.15572
18 116.54579
19 75.36486
20 50.14690
21 34.22446
22 23.89309
23 17.02347
24 12.35381
25 9.11557
26 6.82881
27 5.18697
28 3.99015
29 3.10545
30 2.44302
31 1.94108
32 1.55652
33 1.25888
34 1.02629
35 0.84291
36 0.69712
37 0.58032
38 0.48604
39 0.40942
40 0.34674
41 0.29516
42 0.25246
43 0.21692
44 0.18719
45 0.16219
46 0.14108
47 0.12316
48 0.10790
49 0.09484
50 0.08363
51 0.07396
52 0.06560
53 0.05835
54 0.05204
55 0.04652
56 0.04169
57 0.03745
58 0.03371
59 0.03041
60 0.02750
61 0.02490
62 0.02260
63 0.02055
64 0.01871
65 0.01707
66 0.01560
67 0.01427
68 0.01308
69 0.01201
70 0.01104
71 0.01016
72 0.00936
73 0.00864
74 0.00798
75 0.00738
76 0.00684
77 0.00634
78 0.00588
79 0.00547
80 0.00508
81 0.00473
82 0.00441
83 0.00411
84 0.00384
85 0.00359
86 0.00335
87 0.00314
88 0.00294
89 0.00275
90 0.00258
91 0.00243
92 0.00228
93 0.00214
94 0.00201
95 0.00190
96 0.00179
97 0.00168
98 0.00159
99 0.00150
100 0.00141
101 0.00134
102 0.00126
103 0.00119
104 0.00113
105 0.00107
106 0.00101
107 0.00096
108 0.00091
109 0.00086
110 0.00082
111 0.00078
112 0.00074
113 0.00070
114 0.00067
115 0.00063
116 0.00060
117 0.00057
118 0.00055
119 0.00052
120 0.00049
121 0.00047
122 0.00045
123 0.00043
124 0.00041
125 0.00039
126 0.00037
127 0.00035
128 0.00034
129 0.00032
130 0.00031
131 0.00030
132 0.00028
133 0.00027
134 0.00026
135 0.00025
136 0.00024
137 0.00023
138 0.00022
139 0.00021
140 0.00020
141 0.00019
142 0.00018
143 0.00017
144 0.00017
145 0.00016
146 0.00015
147 0.00015
148 0.00014
149 0.00014
150 0.00013
151 0.00013
152 0.00012
153 0.00012
154 0.00011
155 0.00011
156 0.00010
157 0.00010
158 0.00009
159 0.00009
160 0.00009
161 0.00008
162 0.00008
163 0.00008
164 0.00007
165 0.00007
166 0.00007
167 0.00007
168 0.00006
169 0.00006
170 0.00006
171 0.00006
172 0.00005
173 0.00005
174 0.00005
175 0.00005
176 0.00005
177 0.00005
178 0.00004
179 0.00004
180 0.00004
181 0.00004
182 0.00004
183 0.00004
184 0.00004
185 0.00003
186 0.00003
187 0.00003
188 0.00003
189 0.00003
190 0.00003
191 0.00003
192 0.00003
193 0.00003
194 0.00002
195 0.00002
196 0.00002
197 0.00002
198 0.00002
199 0.00002
200 0.00002
201 0.00002
202 0.00002
203 0.00002
204 0.00002
205 0.00002
206 0.00002
207 0.00002
208 0.00001
209 0.00001
210 0.00001
211 0.00001
212 0.00001
213 0.00001
214 0.00001
215 0.00001
216 0.00001
217 0.00001
218 0.00001
219 0.00001
220 0.00001
221 0.00001
222 0.00001
223 0.00001
224 0.00001
225 0.00001
226 0.00001
227 0.00001
228 0.00001
229 0.00001
230 0.00001
231 0.00001
232 0.00001
233 0.00001
234 0.00001
235 0.00001
236 0.00001
237 0.00001
238 0.00001
239 0.00000
240 0.00000
241 0.00000
242 0.00000
243 0.00000
244 0.00000
245 0.00000
246 0.00000
247 0.00000
248 0.00000
249 0.00000
250 0.00000
251 0.00000
252 0.00000
253 0.00000
254 0.00000
255 0.00000
256 0.00000
257 0.00000
258 0.00000
259 0.00000
260 0.00000
261 0.00000
262 0.00000
263 0.00000
264 0.00000
265 0.00000
266 0.00000
267 0.00000
268 0.00000
269 0.00000
270 0.00000
271 0.00000
272 0.00000
273 0.00000
274 0.00000
275 0.00000
276 0.00000
277 0.00000
278 0.00000
279 0.00000
280 0.00000
281 0.00000
282 0.00000
283 0.00000
284 0.00000
285 0.00000
286 0.00000
287 0.00000
288 0.00000
289 0.00000
290 0.00000
291 0.00000
292 0.00000
293 0.00000
294 0.00000
295 0.00000
296 0.00000
297 0.00000
298 0.00000
299 0.00000
300 0.00000
301 0.00000
302 0.00000
303 0.00000
304 0.00000
305 0.00000
306 0.00000
307 0.00000
308 0.00000
309 0.00000
310 0.00000
311 0.00000
312 0.00000
313 0.00000
314 0.00000
315 0.00000
316 0.00000
317 0.00000
318 0.00000
319 0.00000
320 0.00000
321 0.00000
322 0.00000
323 0.00000
324 0.00000
325 0.00000
326 0.00000
327 0.00000
328 0.00000
329 0.00000
330 0.00000
331 0.00000
332 0.00000
333 0.00000
334 0.00000
335 0.00000
336 0.00000
337 0.00000
338 0.00000
339 0.00000
340 0.00000
341 0.00000
342 0.00000
343 0.00000
344 0.00000
345 0.00000
346 0.00000
347 0.00000
348 0.00000
349 0.00000
350 0.00000
351 0.00000
352 0.00000
353 0.00000
354 0.00000
355 0.00000
356 0.00000
357 0.00000
358 0.00000
359 0.00000
360 0.00000
361 0.00000
362 0.00000
363 0.00000
364 0.00000
365 0.00000
366 0.00000
367 0.00000
368 0.00000
369 0.00000
370 0.00000
371 0.00000
372 0.00000
373 0.00000
374 0.00000
375 0.00000
376 0.00000
377 0.00000
378 0.00000
379 0.00000
380 0.00000
381 0.00000
382 0.00000
383 0.00000
384 0.00000
385 0.00000
386 0.00000
387 0.00000
388 0.00000
389 0.00000
390 0.00000
391 0.00000
392 0.00000
393 0.00000
394 0.00000
395 0.00000
396 0.00000
397 0.00000
398 0.00000
399 0.00000
400 0.00000
401 0.00000
402 0.00000
403 0.00000
404 0.00000
405 0.00000
406 0.00000
407 0.00000
408 0.00000
409 0.00000
410 0.00000
411 0.00000
412 0.00000
413 0.00000
414 0.00000
415 0.00000
416 0.00000
417 0.00000
418 0.00000
419 0.00000
420 0.00000
421 0.00000
422 0.00000
423 0.00000
424 0.00000
425 0.00000
426 0.00000
427 0.00000
428 0.00000
429 0.00000
430 0.00000
431 0.00000
432 0.00000
433 0.00000
434 0.00000
435 0.00000
436 0.00000
437 0.00000
438 0.00000
439 0.00000
440 0.00000
441 0.00000
442 0.00000
443 0.00000
444 0.00000
445 0.00000
446 0.00000
447 0.00000
448 0.00000
449 0.00000
450 0.00000
451 0.00000
452 0.00000
453 0.00000
454 0.00000
455 0.00000
456 0.00000
457 0.00000
458 0.00000
459 0.00000
460 0.00000
461 0.00000
462 0.00000
463 0.00000
464 0.00000
465 0.00000
466 0.00000
467 0.00000
468 0.00000
469 0.00000
470 0.00000
471 0.00000
472 0.00000
473 0.00000
474 0.00000
475 0.00000
476 0.00000
477 0.00000
478 0.00000
479 0.00000
480 0.00000
481 0.00000
482 0.00000
483 0.00000
484 0.00000
485 0.00000
486 0.00000
487 0.00000
488 0.00000
489 0.00000
490 0.00000
491 0.00000
492 0.00000
493 0.00000
494 0.00000
495 0.00000
496 0.00000
497 0.00000
498 0.00000
499 0.00000
500 0.00000
501 0.00000
502 0.00000
503 0.00000
504 0.00000
505 0.00000
506 0.00000
507 0.00000
508 0.00000
509 0.00000
510 0.00000
511 0.00000
512 0.00000
513 0.00000
514 0.00000
515 0.00000
516 0.00000
517 0.00000
518 0.00000
519 0.00000
520 0.00000
521 0.00000
522 0.00000
523 0.00000
524 0.00000
525 0.00000
526 0.00000
527 0.00000
528 0.00000
529 0.00000
530 0.00000
531 0.00000
532 0.00000
533 0.00000
534 0.00000
535 0.00000
536 0.00000
537 0.00000
538 0.00000
539 0.00000
540 0.00000
541 0.00000
542 0.00000
543 0.00000
544 0.00000
545 0.00000
546 0.00000
547 0.00000
548 0.00000
549 0.00000
550 0.00000
551 0.00000
552 0.00000
553 0.00000
554 0.00000
555 0.00000
556 0.00000
557 0.00000
558 0.00000
559 0.00000
560 0.00000
561 0.00000
562 0.00000
563 0.00000
564 0.00000
565 0.00000
566 0.00000
567 0.00000
568 0.00000
569 0.00000
570 0.00000
571 0.00000
572 0.00000
573 0.00000
574 0.00000
575 0.00000
576 0.00000
577 0.00000
578 0.00000
579 0.00000
580 0.00000
581 0.00000
582 0.00000
583 0.00000
584 0.00000
585 0.00000
586 0.00000
587 0.00000
588 0.00000
589 0.00000
590 0.00000
591 0.00000
592 0.00000
593 0.00000
594 0.00000
595 0.00000
596 0.00000
597 0.00000
598 0.00000
599 0.00000
600 0.00000
601 0.00000
602 0.00000
603 0.00000
604 0.00000
605 0.00000
606 0.00000
607 0.00000
608 0.00000
609 0.00000
610 0.00000
611 0.00000
612 0.00000
613 0.00000
614 0.00000
615 0.00000
616 0.00000
617 0.00000
618 0.00000
619 0.00000
620 0.00000
621 0.00000
622 0.00000
623 0.00000
624 0.00000
625 0.00000
626 0.00000
627 0.00000
628 0.00000
629 0.00000
630 0.00000
631 0.00000
632 0.00000
633 0.00000
634 0.00000
635 0.00000
636 0.00000
637 0.00000
638 0.00000
639 0.00000
640 0.00000
641 0.00000
642 0.00000
643 0.00000
644 0.00000
645 0.00000
646 0.00000
647 0.00000
648 0.00000
649 0.00000
650 0.00000
651 0.00000
652 0.00000
653 0.00000
654 0.00000
655 0.00000
656 0.00000
657 0.00000
658 0.00000
659 0.00000
660 0.00000
661 0.00000
662 0.00000
663 0.00000
664 0.00000
665 0.00000
666 0.00000
667 0.00000
668 0.00000
669 0.00000
670 0.00000
671 0.00000
672 0.00000
673 0.00000
674 0.00000
675 0.00000
676 0.00000
677 0.00000
678 0.00000
679 0.00000
680 0.00000
681 0.00000
682 0.00000
683 0.00000
684 0.00000
685 0.00000
686 0.00000
687 0.00000
688 0.00000
689 0.00000
690 0.00000
691 0.00000
692 0.00000
693 0.00000
694 0.00000
695 0.00000
696 0.00000
697 0.00000
698 0.00000
699 0.00000
700 0.00000
701 0.00000
702 0.00000
703 0.00000
704 0.00000
705 0.00000
706 0.00000
707 0.00000
708 0.00000
709 0.00000
710 0.00000
711 0.00000
712 0.00000
713 0.00000
714 0.00000
715 0.00000
716 0.00000
717 0.00000
718 0.00000
719 0.00000
720 0.00000
721 0.00000
722 0.00000
723 0.00000
724 0.00000
725 0.00000
726 0.00000
727 0.00000
728 0.00000
729 0.00000
730 0.00000
731 0.00000
732 0.00000
733 0.00000
734 0.00000
735 0.00000
736 0.00000
737 0.00000
738 0.00000
739 0.00000
740 0.00000
741 0.00000
742 0.00000
743 0.00000
744 0.00000
745 0.00000
746 0.00000
747 0.00000
748 0.00000
749 0.00000
750 0.00000
751 0.00000
752 0.00000
753 0.00000
754 0.00000
755 0.00000
756 0.00000
757 0.00000
758 0.00000
759 0.00000
760 0.00000
761 0.00000
762 0.00000
763 0.00000
764 0.00000
765 0.00000
766 0.00000
767 0.00000
768 0.00000
769 0.00000
770 0.00000
771 0.00000
772 0.00000
773 0.00000
774 0.00000
775 0.00000
776 0.00000
777 0.00000
778 0.00000
779 0.00000
780 0.00000
781 0.00000
782 0.00000
783 0.00000
784 0.00000
785 0.00000
786 0.00000
787 0.00000
788 0.00000
789 0.00000
790 0.00000
791 0.00000
792 0.00000
793 0.00000
794 0.00000
795 0.00000
796 0.00000
797 0.00000
798 0.00000
799 0.00000
800 0.00000
801 0.00000
802 0.00000
803 0.00000
804 0.00000
805 0.00000
806 0.00000
807 0.00000
808 0.00000
809 0.00000
810 0.00000
811 0.00000
812 0.00000
813 0.00000
814 0.00000
815 0.00000
816 0.00000
817 0.00000
818 0.00000
819 0.00000
820 0.00000
821 0.00000
822 0.00000
823 0.00000
824 0.00000
825 0.00000
826 0.00000
827 0.00000
828 0.00000
829 0.00000
830 0.00000
831 0.00000
832 0.00000
833 0.00000
834 0.00000
835 0.00000
836 0.00000
837 0.00000
838 0.00000
839 0.00000
840 0.00000
841 0.00000
842 0.00000
843 0.00000
844 0.00000
845 0.00000
846 0.00000
847 0.00000
848 0.00000
849 0.00000
850 0.00000
851 0.00000
852 0.00000
853 0.00000
854 0.00000
855 0.00000
856 0.00000
857 0.00000
858 0.00000
859 0.00000
860 0.00000
861 0.00000
862 0.00000
863 0.00000
864 0.00000
865 0.00000
866 0.00000
867 0.00000
868 0.00000
869 0.00001
870 0.00001
871 0.00001
872 0.00001
873 0.00001
874 0.00001
875 0.00001
876 0.00001
877 0.00001
878 0.00002
879 0.00002
880 0.00002
881 0.00002
882 0.00003
883 0.00003
884 0.00003
885 0.00004
886 0.00004
887 0.00005
888 0.00005
889 0.00006
890 0.00007
891 0.00008
892 0.00009
893 0.00011
894 0.00012
895 0.00014
896 0.00016
897 0.00018
898 0.00021
899 0.00024
900 0.00028
901 0.00032
902 0.00037
903 0.00043
904 0.00049
905 0.00057
906 0.00066
907 0.00076
908 0.00088
909 0.00102
910 0.00118
911 0.00137
912 0.00154
913 0.00208
914 0.00262
915 0.00314
916 0.00349
917 0.00366
918 0.00389
919 0.00420
920 0.00461
921 0.00519
922 0.00503
923 0.00487
924 0.00568
925 0.00551
926 0.00534
927 0.00653
928 0.00634
929 0.00616
930 0.00598
931 0.00785
932 0.00763
933 0.00742
934 0.00721
935 0.00700
936 0.00680
937 0.00661
938 0.00976
939 0.00950
940 0.00925
941 0.00900
942 0.00875
943 0.00852
944 0.00828
945 0.00806
946 0.00783
947 0.00762
948 0.00741
949 0.00720
950 0.01307
951 0.01274
952 0.01243
953 0.01212
954 0.01181
955 0.01151
956 0.01122
957 0.01094
958 0.01066
959 0.01039
960 0.01012
961 0.00986
962 0.00960
963 0.00935
964 0.00910
965 0.00886
966 0.00863
967 0.00840
968 0.00817
969 0.00795
970 0.00774
971 0.00753
972 0.00732
973 0.02029
974 0.01984
975 0.01941
976 0.01898
977 0.01857
978 0.01815
979 0.01775
980 0.01735
981 0.01696
982 0.01658
983 0.01621
984 0.01584
985 0.01547
986 0.01512
987 0.01477
988 0.01443
989 0.01409
990 0.01376
991 0.01344
992 0.01312
993 0.01281
994 0.01250
995 0.01221
996 0.01191
997 0.01162
998 0.01134
999 0.01107
1000 0.01080
1001 0.01053
1002 0.01027
1003 0.01002
1004 0.00977
1005 0.00952
1006 0.00928
1007 0.00905
1008 0.00882
1009 0.00860
1010 0.00838
1011 0.00816
1012 0.00795
1013 0.00774
1014 0.00754
1015 0.00735
1016 0.00715
1017 0.00696
1018 0.00678
1019 0.00660
1020 0.00642
1021 0.00625
1022 0.00608
1023 0.00592
1024 0.00576
1025 0.00560
1026 0.04753
1027 0.04676
1028 0.04600
1029 0.04525
1030 0.04451
1031 0.04377
1032 0.04305
1033 0.04233
1034 0.04163
1035 0.04093
1036 0.04024
1037 0.03956
1038 0.03889
1039 0.03822
1040 0.03757
1041 0.03692
1042 0.03628
1043 0.03565
1044 0.03503
1045 0.03442
1046 0.03381
1047 0.03322
1048 0.03263
1049 0.03205
1050 0.03147
1051 0.03091
1052 0.03035
1053 0.02980
1054 0.02926
1055 0.02873
1056 0.02820
1057 0.02768
1058 0.02717
1059 0.02666
1060 0.02617
1061 0.02568
1062 0.02519
1063 0.02472
1064 0.02425
1065 0.02379
1066 0.02333
1067 0.02288
1068 0.02244
1069 0.02201
1070 0.02158
1071 0.02116
1072 0.02074
1073 0.02034
1074 0.01993
1075 0.01954
1076 0.01915
1077 0.01877
1078 0.01839
1079 0.01802
1080 0.01765
1081 0.01729
1082 0.01694
1083 0.01659
1084 0.01625
1085 0.01591
1086 0.01558
1087 0.01526
1088 0.01494
1089 0.01462
1090 0.01432
1091 0.01401
1092 0.01371
1093 0.01342
1094 0.01313
1095 0.01285
1096 0.01257
1097 0.01230
1098 0.01203
1099 0.01177
1100 0.01151
1101 0.01125
1102 0.01100
1103 0.01076
1104 0.01052
1105 0.01028
1106 0.01005
1107 0.00982
1108 0.00960
1109 0.00938
1110 0.00917
1111 0.00896
1112 0.00875
1113 0.00855
1114 0.00835
1115 0.00815
1116 0.00796
1117 0.00777
1118 0.00759
1119 0.00741
1120 0.00723
1121 0.00706
1122 0.00689
1123 0.00673
1124 0.00656
1125 0.00640
1126 0.00625
1127 0.00609
1128 0.00594
1129 0.00580
1130 0.00565
1131 0.00551
1132 0.00537
1133 0.00524
1134 0.00511
1135 0.00498
1136 0.00485
1137 0.00473
1138 0.00461
1139 0.00449
1140 0.00437
1141 0.00426
1142 0.00415
1143 0.00404
1144 0.00394
1145 0.00383
1146 0.00373
1147 0.00363
1148 0.00354
1149 0.00344
1150 0.00335
1151 0.00326
1152 0.00317
1153 0.00309
1154 0.00300
1155 0.00292
1156 0.00284
1157 0.00276
1158 0.00269
1159 0.00261
1160 0.00254
1161 0.00247
1162 0.00240
1163 0.00233
1164 0.00226
1165 0.00220
1166 0.00214
1167 0.00208
1168 0.00202
1169 0.00196
1170 0.00190
1171 0.00185
1172 0.00179
1173 0.00174
1174 0.00169
1175 0.00164
1176 0.00159
1177 0.00154
1178 0.00150
1179 0.00145
1180 0.00141
1181 0.00137
1182 0.00133
1183 0.00129
1184 0.00125
1185 0.00121
1186 0.00117
1187 0.00113
1188 0.00110
1189 0.00107
1190 0.00103
1191 0.00100
1192 0.00097
1193 0.00094
1194 0.00091
1195 0.00088
1196 0.00085
1197 0.00082
1198 0.00080
1199 0.00077
1200 0.00075
1201 0.00072
1202 0.00070
1203 0.00068
1204 0.00065
1205 0.00063
1206 0.00061
1207 0.00059
1208 0.00057
1209 0.00055
1210 0.00053
1211 0.00052
1212 0.00050
1213 0.00048
1214 0.00047
1215 0.00045
1216 1.00000
