17 1.67989
18 1.59013
19 1.51084
20 1.44029
21 1.37710
22 1.32015
23 1.26857
24 1.22161
25 1.17868
26 1.13927
27 1.10295
28 1.06938
29 1.03823
30 1.00927
31 0.98225
32 0.95698
33 0.93330
34 0.91105
35 0.89011
36 0.87036
37 0.85170
38 0.83404
39 0.81729
40 0.80139
41 0.78627
42 0.77188
43 0.75815
44 0.74505
45 0.73253
46 0.72054
47 0.70906
48 0.69806
49 0.68749
50 0.67735
51 0.66759
52 0.65820
53 0.64915
54 0.64043
55 0.63202
56 0.62390
57 0.61606
58 0.60847
59 0.60114
60 0.59404
61 0.58716
62 0.58049
63 0.57403
64 0.56776
65 0.56168
66 0.55577
67 0.55002
68 0.54444
69 0.53901
70 0.53373
71 0.52858
72 0.52358
73 0.51870
74 0.51394
75 0.50931
76 0.50478
77 0.50037
78 0.49607
79 0.49186
80 0.48775
81 0.48374
82 0.47982
83 0.47599
84 0.47224
85 0.46857
86 0.46498
87 0.46147
88 0.45803
89 0.45467
90 0.45137
91 0.44814
92 0.44497
93 0.44187
94 0.43883
95 0.43584
96 0.43292
97 0.43005
98 0.42723
99 0.42446
100 0.42175
101 0.41908
102 0.41647
103 0.41389
104 0.41137
105 0.40889
106 0.40645
107 0.40405
108 0.40169
109 0.39937
110 0.39709
111 0.39485
112 0.39265
113 0.39048
114 0.38834
115 0.38624
116 0.38417
117 0.38213
118 0.38013
119 0.37815
120 0.37621
121 0.37429
122 0.37241
123 0.37055
124 0.36872
125 0.36691
126 0.36513
127 0.36338
128 0.36165
129 0.35995
130 0.35827
131 0.35661
132 0.35498
133 0.35337
134 0.35178
135 0.35021
136 0.34866
137 0.34713
138 0.34563
139 0.34414
140 0.34267
141 0.34123
142 0.33980
143 0.33839
144 0.33699
145 0.33562
146 0.33426
147 0.33292
148 0.33159
149 0.33028
150 0.32899
151 0.32771
152 0.32645
153 0.32521
154 0.32397
155 0.32276
156 0.32156
157 0.32037
158 0.31919
159 0.31803
160 0.31689
161 0.31575
162 0.31463
163 0.31352
164 0.31243
165 0.31134
166 0.31027
167 0.30921
168 0.30817
169 0.30713
170 0.30611
171 0.30509
172 0.30409
173 0.30310
174 0.30212
175 0.30115
176 0.30019
177 0.29924
178 0.29830
179 0.29737
180 0.29645
181 0.29554
182 0.29464
183 0.29375
184 0.29287
185 0.29200
186 0.29113
187 0.29028
188 0.28943
189 0.28860
190 0.28777
191 0.28695
192 0.28613
193 0.28533
194 0.28453
195 0.28375
196 0.28297
197 0.28219
198 0.28143
199 0.28067
200 0.27992
201 0.27918
202 0.27844
203 0.27771
204 0.27699
205 0.27628
206 0.27557
207 0.27487
208 0.27418
209 0.27349
210 0.27281
211 0.27214
212 0.27147
213 0.27081
214 0.27015
215 0.26950
216 0.26886
217 0.26823
218 0.26759
219 0.26697
220 0.26635
221 0.26574
222 0.26513
223 0.26453
224 0.26393
225 0.26334
226 0.26276
227 0.26218
228 0.26160
229 0.26103
230 0.26047
231 0.25991
232 0.25936
233 0.25881
234 0.25827
235 0.25773
236 0.25720
237 0.25667
238 0.25614
239 0.25562
240 0.25511
241 0.25460
242 0.25409
243 0.25359
244 0.25310
245 0.25261
246 0.25212
247 0.25164
248 0.25116
249 0.25069
250 0.25022
251 0.24975
252 0.24929
253 0.24883
254 0.24838
255 0.24793
256 0.24749
257 0.24705
258 0.24661
259 0.24618
260 0.24575
261 0.24532
262 0.24490
263 0.24449
264 0.24407
265 0.24366
266 0.24326
267 0.24285
268 0.24246
269 0.24206
270 0.24167
271 0.24128
272 0.24090
273 0.24052
274 0.24014
275 0.23977
276 0.23939
277 0.23903
278 0.23866
279 0.23830
280 0.23795
281 0.23759
282 0.23724
283 0.23690
284 0.23655
285 0.23621
286 0.23587
287 0.23554
288 0.23521
289 0.23488
290 0.23455
291 0.23423
292 0.23391
293 0.23360
294 0.23328
295 0.23297
296 0.23266
297 0.23236
298 0.23206
299 0.23176
300 0.23146
301 0.23117
302 0.23088
303 0.23059
304 0.23031
305 0.23003
306 0.22975
307 0.22947
308 0.22920
309 0.22893
310 0.22866
311 0.22840
312 0.22813
313 0.22787
314 0.22762
315 0.22736
316 0.22711
317 0.22686
318 0.22661
319 0.22637
320 0.22612
321 0.22588
322 0.22565
323 0.22541
324 0.22518
325 0.22495
326 0.22472
327 0.22450
328 0.22427
329 0.22405
330 0.22384
331 0.22362
332 0.22341
333 0.22320
334 0.22299
335 0.22278
336 0.22258
337 0.22238
338 0.22218
339 0.22198
340 0.22179
341 0.22159
342 0.22140
343 0.22121
344 0.22103
345 0.22085
346 0.22066
347 0.22048
348 0.22031
349 0.22013
350 0.21996
351 0.21979
352 0.21962
353 0.21945
354 0.21929
355 0.21913
356 0.21897
357 0.21881
358 0.21865
359 0.21850
360 0.21835
361 0.21820
362 0.21805
363 0.21790
364 0.21776
365 0.21762
366 0.21748
367 0.21734
368 0.21720
369 0.21707
370 0.21694
371 0.21681
372 0.21668
373 0.21655
374 0.21643
375 0.21631
376 0.21619
377 0.21607
378 0.21595
379 0.21584
380 0.21572
381 0.21561
382 0.21550
383 0.21540
384 0.21529
385 0.21519
386 0.21509
387 0.21499
388 0.21489
389 0.21479
390 0.21470
391 0.21461
392 0.21452
393 0.21443
394 0.21434
395 0.21425
396 0.21417
397 0.21409
398 0.21401
399 0.21393
400 0.21386
401 0.21378
402 0.21371
403 0.21364
404 0.21357
405 0.21350
406 0.21343
407 0.21337
408 0.21331
409 0.21325
410 0.21319
411 0.21313
412 0.21308
413 0.21302
414 0.21297
415 0.21292
416 0.21287
417 0.21283
418 0.21278
419 0.21274
420 0.21269
421 0.21265
422 0.21262
423 0.21258
424 0.21254
425 0.21251
426 0.21248
427 0.21245
428 0.21242
429 0.21239
430 0.21237
431 0.21235
432 0.21232
433 0.21230
434 0.21228
435 0.21227
436 0.21225
437 0.21224
438 0.21223
439 0.21222
440 0.21221
441 0.21220
442 0.21219
443 0.21219
444 0.21219
445 0.21219
446 0.21219
447 0.21219
448 0.21219
449 0.21220
450 0.21221
451 0.21222
452 0.21223
453 0.21224
454 0.21225
455 0.21227
456 0.21228
457 0.21230
458 0.21232
459 0.21234
460 0.21237
461 0.21239
462 0.21242
463 0.21245
464 0.21248
465 0.21251
466 0.21254
467 0.21257
468 0.21261
469 0.21265
470 0.21269
471 0.21273
472 0.21277
473 0.21281
474 0.21286
475 0.21290
476 0.21295
477 0.21300
478 0.21305
479 0.21311
480 0.21316
481 0.21322
482 0.21327
483 0.21333
484 0.21339
485 0.21346
486 0.21352
487 0.21359
488 0.21365
489 0.21372
490 0.21379
491 0.21386
492 0.21394
493 0.21401
494 0.21409
495 0.21417
496 0.21425
497 0.21433
498 0.21441
499 0.21449
500 0.21458
501 0.21467
502 0.21475
503 0.21485
504 0.21494
505 0.21503
506 0.21513
507 0.21522
508 0.21532
509 0.21542
510 0.21552
511 0.21563
512 0.21573
513 0.21584
514 0.21594
515 0.21605
516 0.21616
517 0.21628
518 0.21639
519 0.21651
520 0.21662
521 0.21674
522 0.21686
523 0.21698
524 0.21711
525 0.21723
526 0.21736
527 0.21749
528 0.21762
529 0.21775
530 0.21788
531 0.21802
532 0.21815
533 0.21829
534 0.21843
535 0.21857
536 0.21871
537 0.21886
538 0.21900
539 0.21915
540 0.21930
541 0.21945
542 0.21960
543 0.21976
544 0.21991
545 0.22007
546 0.22023
547 0.22039
548 0.22055
549 0.22071
550 0.22088
551 0.22105
552 0.22121
553 0.22138
554 0.22156
555 0.22173
556 0.22190
557 0.22208
558 0.22226
559 0.22244
560 0.22262
561 0.22280
562 0.22299
563 0.22318
564 0.22336
565 0.22355
566 0.22375
567 0.22394
568 0.22413
569 0.22433
570 0.22453
571 0.22473
572 0.22493
573 0.22514
574 0.22520
575 0.22541
576 0.22562
577 0.22583
578 0.22604
579 0.22626
580 0.22648
581 0.22670
582 0.22692
583 0.22715
584 0.22738
585 0.22761
586 0.22784
587 0.22808
588 0.22832
589 0.22856
590 0.22880
591 0.22905
592 0.22930
593 0.22955
594 0.22981
595 0.23007
596 0.23033
597 0.23060
598 0.23086
599 0.23113
600 0.23141
601 0.23168
602 0.23196
603 0.23225
604 0.23253
605 0.23282
606 0.23312
607 0.23341
608 0.23371
609 0.23402
610 0.23432
611 0.23463
612 0.23495
613 0.23526
614 0.23557
615 0.23589
616 0.23622
617 0.23654
618 0.23687
619 0.23721
620 0.23755
621 0.23789
622 0.23823
623 0.23858
624 0.23893
625 0.23929
626 0.23965
627 0.24002
628 0.24038
629 0.24076
630 0.24113
631 0.24151
632 0.24190
633 0.24229
634 0.24268
635 0.24307
636 0.24347
637 0.24388
638 0.24429
639 0.24470
640 0.24512
641 0.24554
642 0.24596
643 0.24639
644 0.24683
645 0.24726
646 0.24770
647 0.24813
648 0.24857
649 0.24902
650 0.24947
651 0.24992
652 0.25038
653 0.25084
654 0.25131
655 0.25178
656 0.25225
657 0.25273
658 0.25322
659 0.25371
660 0.25420
661 0.25470
662 0.25521
663 0.25572
664 0.25623
665 0.25675
666 0.25727
667 0.25780
668 0.25834
669 0.25887
670 0.25942
671 0.25997
672 0.26052
673 0.26108
674 0.26165
675 0.26222
676 0.26279
677 0.26337
678 0.26396
679 0.26455
680 0.26515
681 0.26575
682 0.26636
683 0.26697
684 0.26759
685 0.26821
686 0.26885
687 0.26948
688 0.27012
689 0.27077
690 0.27143
691 0.27209
692 0.27275
693 0.27343
694 0.27410
695 0.27479
696 0.27548
697 0.27618
698 0.27688
699 0.27759
700 0.27831
701 0.27903
702 0.27976
703 0.28049
704 0.28124
705 0.28199
706 0.28274
707 0.28350
708 0.28427
709 0.28505
710 0.28583
711 0.28662
712 0.28742
713 0.28823
714 0.28904
715 0.28986
716 0.29068
717 0.29152
718 0.29236
719 0.29321
720 0.29406
721 0.29493
722 0.29580
723 0.29668
724 0.29756
725 0.29846
726 0.29936
727 0.30027
728 0.30119
729 0.30212
730 0.30306
731 0.30400
732 0.30495
733 0.30591
734 0.30688
735 0.30786
736 0.30885
737 0.30984
738 0.31085
739 0.31186
740 0.31289
741 0.31392
742 0.31496
743 0.31601
744 0.31707
745 0.31814
746 0.31921
747 0.32030
748 0.32140
749 0.32251
750 0.32362
751 0.32475
752 0.32589
753 0.32704
754 0.32819
755 0.32936
756 0.33054
757 0.33173
758 0.33293
759 0.33414
760 0.33536
761 0.33659
762 0.33784
763 0.33909
764 0.34036
765 0.34159
766 0.34283
767 0.34408
768 0.34534
769 0.34661
770 0.34790
771 0.34919
772 0.35050
773 0.35182
774 0.35315
775 0.35449
776 0.35584
777 0.35721
778 0.35858
779 0.35997
780 0.36138
781 0.36279
782 0.36353
783 0.36496
784 0.36640
785 0.36786
786 0.36933
787 0.37081
788 0.37230
789 0.37381
790 0.37534
791 0.37688
792 0.37843
793 0.38000
794 0.38158
795 0.38318
796 0.38480
797 0.38643
798 0.38808
799 0.38974
800 0.39142
801 0.39311
802 0.39483
803 0.39656
804 0.39830
805 0.40007
806 0.40185
807 0.40365
808 0.40547
809 0.40730
810 0.40915
811 0.41103
812 0.41292
813 0.41483
814 0.41675
815 0.41870
816 0.42067
817 0.42265
818 0.42466
819 0.42669
820 0.42873
821 0.43080
822 0.43289
823 0.43500
824 0.43713
825 0.43928
826 0.44145
827 0.44365
828 0.44587
829 0.44811
830 0.45037
831 0.45266
832 0.45497
833 0.45730
834 0.45966
835 0.46204
836 0.46444
837 0.46687
838 0.46933
839 0.47180
840 0.47431
841 0.47684
842 0.47940
843 0.48198
844 0.48459
845 0.48723
846 0.48989
847 0.49258
848 0.49530
849 0.49805
850 0.50083
851 0.50363
852 0.50647
853 0.50933
854 0.51222
855 0.51515
856 0.51810
857 0.52109
858 0.52411
859 0.52716
860 0.53024
861 0.53336
862 0.53650
863 0.53968
864 0.54290
865 0.54615
866 0.54943
867 0.55275
868 0.55610
869 0.55949
870 0.56292
871 0.56638
872 0.56988
873 0.57342
874 0.57700
875 0.58061
876 0.58427
877 0.58796
878 0.59170
879 0.59547
880 0.59929
881 0.60314
882 0.60704
883 0.61098
884 0.61497
885 0.61899
886 0.62307
887 0.62718
888 0.63135
889 0.63556
890 0.63981
891 0.64411
892 0.64847
893 0.65286
894 0.65731
895 0.66181
896 0.66636
897 0.67096
898 0.67561
899 0.68031
900 0.68507
901 0.68988
902 0.69475
903 0.69967
904 0.70464
905 0.70968
906 0.71477
907 0.71991
908 0.72512
909 0.73039
910 0.73572
911 0.74111
912 0.74529
913 0.76226
914 0.77373
915 0.78177
916 0.78632
917 0.78857
918 0.79112
919 0.79405
920 0.79748
921 0.80155
922 0.80085
923 0.80014
924 0.80512
925 0.80442
926 0.80373
927 0.80998
928 0.80931
929 0.80863
930 0.80795
931 0.81611
932 0.81545
933 0.81480
934 0.81414
935 0.81349
936 0.81283
937 0.81217
938 0.82340
939 0.82277
940 0.82215
941 0.82152
942 0.82089
943 0.82025
944 0.81962
945 0.81899
946 0.81835
947 0.81771
948 0.81708
949 0.81644
950 0.83314
951 0.83255
952 0.83196
953 0.83137
954 0.83078
955 0.83019
956 0.82959
957 0.82899
958 0.82840
959 0.82780
960 0.82720
961 0.82660
962 0.82599
963 0.82539
964 0.82478
965 0.82418
966 0.82357
967 0.82296
968 0.82235
969 0.82174
970 0.82113
971 0.82051
972 0.81990
973 0.84791
974 0.84738
975 0.84685
976 0.84631
977 0.84578
978 0.84525
979 0.84471
980 0.84418
981 0.84364
982 0.84310
983 0.84256
984 0.84202
985 0.84148
986 0.84093
987 0.84039
988 0.83984
989 0.83930
990 0.83875
991 0.83820
992 0.83765
993 0.83710
994 0.83655
995 0.83600
996 0.83544
997 0.83489
998 0.83433
999 0.83377
1000 0.83321
1001 0.83265
1002 0.83209
1003 0.83153
1004 0.83097
1005 0.83040
1006 0.82984
1007 0.82927
1008 0.82870
1009 0.82813
1010 0.82756
1011 0.82699
1012 0.82642
1013 0.82584
1014 0.82527
1015 0.82469
1016 0.82412
1017 0.82354
1018 0.82296
1019 0.82238
1020 0.82180
1021 0.82122
1022 0.82063
1023 0.82005
1024 0.81946
1025 0.81887
1026 0.87729
1027 0.87688
1028 0.87647
1029 0.87605
1030 0.87564
1031 0.87522
1032 0.87480
1033 0.87439
1034 0.87397
1035 0.87355
1036 0.87313
1037 0.87270
1038 0.87228
1039 0.87186
1040 0.87143
1041 0.87101
1042 0.87058
1043 0.87016
1044 0.86973
1045 0.86930
1046 0.86887
1047 0.86843
1048 0.86800
1049 0.86757
1050 0.86713
1051 0.86670
1052 0.86626
1053 0.86583
1054 0.86539
1055 0.86495
1056 0.86451
1057 0.86407
1058 0.86363
1059 0.86319
1060 0.86274
1061 0.86230
1062 0.86185
1063 0.86141
1064 0.86096
1065 0.86051
1066 0.86006
1067 0.85961
1068 0.85916
1069 0.85871
1070 0.85826
1071 0.85781
1072 0.85735
1073 0.85690
1074 0.85644
1075 0.85598
1076 0.85553
1077 0.85507
1078 0.85461
1079 0.85415
1080 0.85369
1081 0.85323
1082 0.85276
1083 0.85230
1084 0.85183
1085 0.85137
1086 0.85090
1087 0.85043
1088 0.84996
1089 0.84950
1090 0.84902
1091 0.84855
1092 0.84808
1093 0.84761
1094 0.84713
1095 0.84666
1096 0.84618
1097 0.84571
1098 0.84523
1099 0.84475
1100 0.84427
1101 0.84379
1102 0.84331
1103 0.84283
1104 0.84235
1105 0.84186
1106 0.84138
1107 0.84089
1108 0.84040
1109 0.83992
1110 0.83943
1111 0.83894
1112 0.83845
1113 0.83796
1114 0.83747
1115 0.83697
1116 0.83648
1117 0.83598
1118 0.83549
1119 0.83499
1120 0.83450
1121 0.83400
1122 0.83350
1123 0.83300
1124 0.83250
1125 0.83199
1126 0.83149
1127 0.83099
1128 0.83048
1129 0.82998
1130 0.82947
1131 0.82896
1132 0.82846
1133 0.82795
1134 0.82744
1135 0.82693
1136 0.82641
1137 0.82590
1138 0.82539
1139 0.82487
1140 0.82436
1141 0.82384
1142 0.82333
1143 0.82281
1144 0.82229
1145 0.82177
1146 0.82125
1147 0.82073
1148 0.82020
1149 0.81968
1150 0.81916
1151 0.81863
1152 0.81810
1153 0.81758
1154 0.81705
1155 0.81652
1156 0.81599
1157 0.81546
1158 0.81493
1159 0.81440
1160 0.81386
1161 0.81333
1162 0.81279
1163 0.81226
1164 0.81172
1165 0.81118
1166 0.81065
1167 0.81011
1168 0.80957
1169 0.80902
1170 0.80848
1171 0.80794
1172 0.80740
1173 0.80685
1174 0.80630
1175 0.80576
1176 0.80521
1177 0.80466
1178 0.80411
1179 0.80356
1180 0.80301
1181 0.80246
1182 0.80191
1183 0.80135
1184 0.80080
1185 0.80024
1186 0.79969
1187 0.79913
1188 0.79857
1189 0.79801
1190 0.79745
1191 0.79689
1192 0.79633
1193 0.79577
1194 0.79521
1195 0.79464
1196 0.79408
1197 0.79351
1198 0.79295
1199 0.79238
1200 0.79181
1201 0.79124
1202 0.79067
1203 0.79010
1204 0.78953
1205 0.78895
1206 0.78838
1207 0.78781
1208 0.78723
1209 0.78665
1210 0.78608
1211 0.78550
1212 0.78492
1213 0.78434
1214 0.78376
1215 0.78318
1216 1.00000
