17 1.62068
18 1.53947
19 1.46748
20 1.40322
21 1.34549
22 1.29332
23 1.24594
24 1.20270
25 1.16307
26 1.12661
27 1.09294
28 1.06175
29 1.03277
30 1.00575
31 0.98051
32 0.95686
33 0.93467
34 0.91378
35 0.89409
36 0.87549
37 0.85789
38 0.84121
39 0.82538
40 0.81032
41 0.79599
42 0.78232
43 0.76928
44 0.75681
45 0.74488
46 0.73346
47 0.72250
48 0.71199
49 0.70188
50 0.69217
51 0.68282
52 0.67381
53 0.66512
54 0.65675
55 0.64866
56 0.64084
57 0.63328
58 0.62597
59 0.61890
60 0.61204
61 0.60539
62 0.59895
63 0.59269
64 0.58662
65 0.58072
66 0.57499
67 0.56942
68 0.56400
69 0.55872
70 0.55358
71 0.54858
72 0.54370
73 0.53895
74 0.53432
75 0.52980
76 0.52538
77 0.52108
78 0.51687
79 0.51276
80 0.50874
81 0.50482
82 0.50098
83 0.49722
84 0.49355
85 0.48995
86 0.48644
87 0.48299
88 0.47961
89 0.47631
90 0.47307
91 0.46989
92 0.46677
93 0.46372
94 0.46073
95 0.45779
96 0.45490
97 0.45207
98 0.44929
99 0.44657
100 0.44389
101 0.44125
102 0.43867
103 0.43613
104 0.43363
105 0.43118
106 0.42876
107 0.42639
108 0.42406
109 0.42176
110 0.41951
111 0.41728
112 0.41510
113 0.41295
114 0.41083
115 0.40874
116 0.40669
117 0.40467
118 0.40268
119 0.40072
120 0.39878
121 0.39688
122 0.39500
123 0.39316
124 0.39133
125 0.38954
126 0.38777
127 0.38602
128 0.38430
129 0.38260
130 0.38093
131 0.37928
132 0.37765
133 0.37604
134 0.37446
135 0.37289
136 0.37135
137 0.36983
138 0.36832
139 0.36684
140 0.36537
141 0.36393
142 0.36250
143 0.36109
144 0.35969
145 0.35832
146 0.35696
147 0.35562
148 0.35429
149 0.35298
150 0.35169
151 0.35041
152 0.34915
153 0.34790
154 0.34667
155 0.34545
156 0.34424
157 0.34305
158 0.34188
159 0.34071
160 0.33956
161 0.33843
162 0.33730
163 0.33619
164 0.33509
165 0.33401
166 0.33293
167 0.33187
168 0.33082
169 0.32978
170 0.32875
171 0.32773
172 0.32673
173 0.32573
174 0.32474
175 0.32377
176 0.32281
177 0.32185
178 0.32091
179 0.31997
180 0.31905
181 0.31814
182 0.31723
183 0.31634
184 0.31545
185 0.31457
186 0.31370
187 0.31284
188 0.31199
189 0.31115
190 0.31032
191 0.30949
192 0.30867
193 0.30786
194 0.30706
195 0.30627
196 0.30548
197 0.30471
198 0.30394
199 0.30318
200 0.30242
201 0.30167
202 0.30093
203 0.30020
204 0.29947
205 0.29875
206 0.29804
207 0.29734
208 0.29664
209 0.29595
210 0.29526
211 0.29458
212 0.29391
213 0.29325
214 0.29259
215 0.29193
216 0.29129
217 0.29064
218 0.29001
219 0.28938
220 0.28876
221 0.28814
222 0.28753
223 0.28692
224 0.28632
225 0.28573
226 0.28514
227 0.28456
228 0.28398
229 0.28340
230 0.28284
231 0.28227
232 0.28172
233 0.28117
234 0.28062
235 0.28008
236 0.27954
237 0.27901
238 0.27848
239 0.27796
240 0.27744
241 0.27693
242 0.27642
243 0.27592
244 0.27542
245 0.27492
246 0.27443
247 0.27395
248 0.27347
249 0.27299
250 0.27252
251 0.27205
252 0.27159
253 0.27113
254 0.27068
255 0.27023
256 0.26978
257 0.26934
258 0.26890
259 0.26846
260 0.26803
261 0.26761
262 0.26718
263 0.26677
264 0.26635
265 0.26594
266 0.26553
267 0.26513
268 0.26473
269 0.26434
270 0.26394
271 0.26355
272 0.26317
273 0.26279
274 0.26241
275 0.26204
276 0.26167
277 0.26130
278 0.26093
279 0.26057
280 0.26022
281 0.25986
282 0.25951
283 0.25917
284 0.25882
285 0.25848
286 0.25815
287 0.25781
288 0.25748
289 0.25716
290 0.25683
291 0.25651
292 0.25619
293 0.25588
294 0.25557
295 0.25526
296 0.25495
297 0.25465
298 0.25435
299 0.25405
300 0.25376
301 0.25347
302 0.25318
303 0.25290
304 0.25261
305 0.25233
306 0.25206
307 0.25178
308 0.25151
309 0.25125
310 0.25098
311 0.25072
312 0.25046
313 0.25020
314 0.24995
315 0.24970
316 0.24945
317 0.24920
318 0.24896
319 0.24872
320 0.24848
321 0.24824
322 0.24801
323 0.24778
324 0.24755
325 0.24733
326 0.24711
327 0.24689
328 0.24667
329 0.24645
330 0.24624
331 0.24603
332 0.24582
333 0.24562
334 0.24541
335 0.24521
336 0.24502
337 0.24482
338 0.24463
339 0.24444
340 0.24425
341 0.24406
342 0.24388
343 0.24370
344 0.24352
345 0.24334
346 0.24316
347 0.24299
348 0.24282
349 0.24265
350 0.24249
351 0.24233
352 0.24216
353 0.24201
354 0.24185
355 0.24169
356 0.24154
357 0.24139
358 0.24124
359 0.24110
360 0.24096
361 0.24081
362 0.24067
363 0.24054
364 0.24040
365 0.24027
366 0.24014
367 0.24001
368 0.23988
369 0.23976
370 0.23964
371 0.23952
372 0.23940
373 0.23928
374 0.23917
375 0.23906
376 0.23895
377 0.23884
378 0.23873
379 0.23863
380 0.23853
381 0.23843
382 0.23833
383 0.23823
384 0.23814
385 0.23805
386 0.23796
387 0.23787
388 0.23778
389 0.23770
390 0.23762
391 0.23754
392 0.23746
393 0.23738
394 0.23731
395 0.23723
396 0.23716
397 0.23709
398 0.23703
399 0.23696
400 0.23690
401 0.23684
402 0.23678
403 0.23672
404 0.23667
405 0.23661
406 0.23656
407 0.23651
408 0.23646
409 0.23642
410 0.23637
411 0.23633
412 0.23629
413 0.23625
414 0.23621
415 0.23618
416 0.23615
417 0.23611
418 0.23609
419 0.23606
420 0.23603
421 0.23601
422 0.23598
423 0.23596
424 0.23595
425 0.23593
426 0.23591
427 0.23590
428 0.23589
429 0.23588
430 0.23587
431 0.23586
432 0.23586
433 0.23586
434 0.23586
435 0.23586
436 0.23586
437 0.23586
438 0.23587
439 0.23588
440 0.23589
441 0.23590
442 0.23591
443 0.23593
444 0.23594
445 0.23596
446 0.23598
447 0.23600
448 0.23603
449 0.23605
450 0.23608
451 0.23611
452 0.23614
453 0.23617
454 0.23621
455 0.23624
456 0.23628
457 0.23632
458 0.23636
459 0.23640
460 0.23645
461 0.23649
462 0.23654
463 0.23659
464 0.23664
465 0.23669
466 0.23675
467 0.23681
468 0.23686
469 0.23692
470 0.23699
471 0.23705
472 0.23711
473 0.23718
474 0.23725
475 0.23732
476 0.23739
477 0.23747
478 0.23754
479 0.23762
480 0.23770
481 0.23778
482 0.23786
483 0.23794
484 0.23803
485 0.23812
486 0.23821
487 0.23830
488 0.23839
489 0.23848
490 0.23858
491 0.23868
492 0.23878
493 0.23888
494 0.23898
495 0.23909
496 0.23919
497 0.23930
498 0.23941
499 0.23952
500 0.23963
501 0.23975
502 0.23987
503 0.23998
504 0.24010
505 0.24023
506 0.24035
507 0.24048
508 0.24060
509 0.24073
510 0.24086
511 0.24099
512 0.24113
513 0.24126
514 0.24140
515 0.24154
516 0.24168
517 0.24182
518 0.24197
519 0.24211
520 0.24226
521 0.24241
522 0.24256
523 0.24272
524 0.24287
525 0.24303
526 0.24319
527 0.24335
528 0.24351
529 0.24367
530 0.24384
531 0.24401
532 0.24418
533 0.24435
534 0.24452
535 0.24469
536 0.24487
537 0.24505
538 0.24523
539 0.24541
540 0.24559
541 0.24578
542 0.24596
543 0.24615
544 0.24634
545 0.24654
546 0.24673
547 0.24693
548 0.24712
549 0.24732
550 0.24753
551 0.24773
552 0.24793
553 0.24814
554 0.24835
555 0.24856
556 0.24877
557 0.24899
558 0.24920
559 0.24942
560 0.24964
561 0.24986
562 0.25009
563 0.25031
564 0.25054
565 0.25077
566 0.25100
567 0.25123
568 0.25147
569 0.25171
570 0.25195
571 0.25219
572 0.25243
573 0.25267
574 0.25292
575 0.25317
576 0.25342
577 0.25367
578 0.25392
579 0.25418
580 0.25444
581 0.25470
582 0.25496
583 0.25522
584 0.25549
585 0.25576
586 0.25603
587 0.25630
588 0.25657
589 0.25685
590 0.25697
591 0.25725
592 0.25753
593 0.25781
594 0.25810
595 0.25839
596 0.25868
597 0.25897
598 0.25927
599 0.25957
600 0.25988
601 0.26018
602 0.26049
603 0.26080
604 0.26112
605 0.26144
606 0.26176
607 0.26208
608 0.26241
609 0.26274
610 0.26308
611 0.26341
612 0.26376
613 0.26410
614 0.26445
615 0.26480
616 0.26516
617 0.26551
618 0.26587
619 0.26624
620 0.26661
621 0.26698
622 0.26735
623 0.26773
624 0.26812
625 0.26851
626 0.26890
627 0.26929
628 0.26969
629 0.27010
630 0.27050
631 0.27091
632 0.27132
633 0.27173
634 0.27215
635 0.27257
636 0.27300
637 0.27343
638 0.27387
639 0.27431
640 0.27475
641 0.27520
642 0.27565
643 0.27611
644 0.27657
645 0.27703
646 0.27750
647 0.27798
648 0.27846
649 0.27894
650 0.27943
651 0.27992
652 0.28042
653 0.28093
654 0.28143
655 0.28194
656 0.28246
657 0.28298
658 0.28351
659 0.28404
660 0.28458
661 0.28512
662 0.28567
663 0.28622
664 0.28677
665 0.28732
666 0.28787
667 0.28843
668 0.28899
669 0.28956
670 0.29014
671 0.29072
672 0.29130
673 0.29189
674 0.29248
675 0.29308
676 0.29369
677 0.29430
678 0.29492
679 0.29554
680 0.29617
681 0.29680
682 0.29744
683 0.29808
684 0.29873
685 0.29939
686 0.30005
687 0.30072
688 0.30139
689 0.30207
690 0.30276
691 0.30345
692 0.30415
693 0.30485
694 0.30556
695 0.30628
696 0.30700
697 0.30773
698 0.30846
699 0.30920
700 0.30995
701 0.31071
702 0.31147
703 0.31223
704 0.31301
705 0.31379
706 0.31458
707 0.31537
708 0.31617
709 0.31698
710 0.31779
711 0.31862
712 0.31945
713 0.32028
714 0.32113
715 0.32198
716 0.32283
717 0.32370
718 0.32457
719 0.32545
720 0.32634
721 0.32724
722 0.32814
723 0.32905
724 0.32997
725 0.33090
726 0.33183
727 0.33277
728 0.33372
729 0.33468
730 0.33565
731 0.33662
732 0.33761
733 0.33860
734 0.33960
735 0.34061
736 0.34163
737 0.34265
738 0.34369
739 0.34473
740 0.34578
741 0.34685
742 0.34792
743 0.34900
744 0.35009
745 0.35118
746 0.35229
747 0.35341
748 0.35454
749 0.35567
750 0.35682
751 0.35798
752 0.35914
753 0.36032
754 0.36150
755 0.36270
756 0.36391
757 0.36512
758 0.36635
759 0.36759
760 0.36883
761 0.37009
762 0.37136
763 0.37264
764 0.37394
765 0.37524
766 0.37655
767 0.37788
768 0.37921
769 0.38056
770 0.38192
771 0.38329
772 0.38468
773 0.38607
774 0.38748
775 0.38890
776 0.39033
777 0.39177
778 0.39323
779 0.39470
780 0.39618
781 0.39768
782 0.39918
783 0.40070
784 0.40224
785 0.40379
786 0.40535
787 0.40690
788 0.40843
789 0.40997
790 0.41153
791 0.41310
792 0.41469
793 0.41629
794 0.41790
795 0.41952
796 0.42116
797 0.42282
798 0.42448
799 0.42617
800 0.42786
801 0.42958
802 0.43130
803 0.43304
804 0.43480
805 0.43574
806 0.43752
807 0.43931
808 0.44112
809 0.44294
810 0.44478
811 0.44663
812 0.44850
813 0.45039
814 0.45230
815 0.45422
816 0.45616
817 0.45813
818 0.46011
819 0.46210
820 0.46412
821 0.46616
822 0.46821
823 0.47029
824 0.47238
825 0.47450
826 0.47663
827 0.47879
828 0.48097
829 0.48316
830 0.48538
831 0.48762
832 0.48988
833 0.49217
834 0.49447
835 0.49680
836 0.49915
837 0.50153
838 0.50392
839 0.50634
840 0.50879
841 0.51125
842 0.51375
843 0.51626
844 0.51880
845 0.52137
846 0.52396
847 0.52657
848 0.52922
849 0.53188
850 0.53458
851 0.53730
852 0.54005
853 0.54282
854 0.54562
855 0.54845
856 0.55131
857 0.55420
858 0.55712
859 0.56006
860 0.56303
861 0.56604
862 0.56907
863 0.57213
864 0.57523
865 0.57836
866 0.58151
867 0.58470
868 0.58792
869 0.59118
870 0.59446
871 0.59779
872 0.60114
873 0.60453
874 0.60795
875 0.61141
876 0.61490
877 0.61843
878 0.62200
879 0.62560
880 0.62924
881 0.63291
882 0.63663
883 0.64038
884 0.64417
885 0.64800
886 0.65187
887 0.65578
888 0.65974
889 0.66373
890 0.66776
891 0.67184
892 0.67596
893 0.68012
894 0.68433
895 0.68858
896 0.69287
897 0.69722
898 0.70160
899 0.70604
900 0.71052
901 0.71504
902 0.71962
903 0.72425
904 0.72892
905 0.73364
906 0.73842
907 0.74324
908 0.74812
909 0.75305
910 0.75803
911 0.76307
912 0.76698
913 0.78293
914 0.79367
915 0.80118
916 0.80542
917 0.80751
918 0.80988
919 0.81260
920 0.81578
921 0.81955
922 0.81890
923 0.81825
924 0.82285
925 0.82221
926 0.82158
927 0.82734
928 0.82672
929 0.82610
930 0.82548
931 0.83299
932 0.83239
933 0.83179
934 0.83119
935 0.83059
936 0.82998
937 0.82937
938 0.83970
939 0.83913
940 0.83855
941 0.83798
942 0.83740
943 0.83682
944 0.83624
945 0.83566
946 0.83507
947 0.83449
948 0.83390
949 0.83332
950 0.84865
951 0.84811
952 0.84757
953 0.84703
954 0.84649
955 0.84594
956 0.84540
957 0.84485
958 0.84430
959 0.84375
960 0.84320
961 0.84265
962 0.84210
963 0.84155
964 0.84099
965 0.84044
966 0.83988
967 0.83932
968 0.83876
969 0.83820
970 0.83764
971 0.83708
972 0.83652
973 0.86217
974 0.86169
975 0.86120
976 0.86072
977 0.86023
978 0.85974
979 0.85925
980 0.85876
981 0.85827
982 0.85778
983 0.85729
984 0.85679
985 0.85630
986 0.85580
987 0.85530
988 0.85480
989 0.85430
990 0.85380
991 0.85330
992 0.85280
993 0.85229
994 0.85179
995 0.85128
996 0.85078
997 0.85027
998 0.84976
999 0.84925
1000 0.84874
1001 0.84822
1002 0.84771
1003 0.84719
1004 0.84668
1005 0.84616
1006 0.84564
1007 0.84512
1008 0.84460
1009 0.84408
1010 0.84356
1011 0.84304
1012 0.84251
1013 0.84199
1014 0.84146
1015 0.84093
1016 0.84041
1017 0.83988
1018 0.83934
1019 0.83881
1020 0.83828
1021 0.83775
1022 0.83721
1023 0.83667
1024 0.83614
1025 0.83560
1026 0.88899
1027 0.88862
1028 0.88824
1029 0.88786
1030 0.88749
1031 0.88711
1032 0.88673
1033 0.88635
1034 0.88597
1035 0.88558
1036 0.88520
1037 0.88482
1038 0.88443
1039 0.88405
1040 0.88366
1041 0.88327
1042 0.88288
1043 0.88249
1044 0.88210
1045 0.88171
1046 0.88132
1047 0.88093
1048 0.88054
1049 0.88014
1050 0.87975
1051 0.87935
1052 0.87896
1053 0.87856
1054 0.87816
1055 0.87776
1056 0.87736
1057 0.87696
1058 0.87656
1059 0.87616
1060 0.87575
1061 0.87535
1062 0.87495
1063 0.87454
1064 0.87413
1065 0.87373
1066 0.87332
1067 0.87291
1068 0.87250
1069 0.87209
1070 0.87168
1071 0.87127
1072 0.87085
1073 0.87044
1074 0.87002
1075 0.86960
1076 0.86919
1077 0.86877
1078 0.86835
1079 0.86793
1080 0.86751
1081 0.86708
1082 0.86666
1083 0.86624
1084 0.86581
1085 0.86539
1086 0.86496
1087 0.86454
1088 0.86411
1089 0.86368
1090 0.86325
1091 0.86282
1092 0.86239
1093 0.86195
1094 0.86152
1095 0.86109
1096 0.86065
1097 0.86022
1098 0.85978
1099 0.85934
1100 0.85891
1101 0.85847
1102 0.85803
1103 0.85759
1104 0.85714
1105 0.85670
1106 0.85626
1107 0.85582
1108 0.85537
1109 0.85492
1110 0.85448
1111 0.85403
1112 0.85358
1113 0.85313
1114 0.85268
1115 0.85223
1116 0.85178
1117 0.85133
1118 0.85087
1119 0.85042
1120 0.84996
1121 0.84951
1122 0.84905
1123 0.84859
1124 0.84814
1125 0.84768
1126 0.84722
1127 0.84675
1128 0.84629
1129 0.84583
1130 0.84537
1131 0.84490
1132 0.84444
1133 0.84397
1134 0.84350
1135 0.84303
1136 0.84257
1137 0.84210
1138 0.84163
1139 0.84115
1140 0.84068
1141 0.84021
1142 0.83974
1143 0.83926
1144 0.83879
1145 0.83831
1146 0.83783
1147 0.83735
1148 0.83687
1149 0.83639
1150 0.83591
1151 0.83543
1152 0.83495
1153 0.83447
1154 0.83398
1155 0.83350
1156 0.83301
1157 0.83253
1158 0.83204
1159 0.83155
1160 0.83106
1161 0.83057
1162 0.83008
1163 0.82959
1164 0.82909
1165 0.82860
1166 0.82811
1167 0.82761
1168 0.82712
1169 0.82662
1170 0.82612
1171 0.82562
1172 0.82512
1173 0.82462
1174 0.82412
1175 0.82362
1176 0.82312
1177 0.82261
1178 0.82211
1179 0.82160
1180 0.82110
1181 0.82059
1182 0.82008
1183 0.81958
1184 0.81907
1185 0.81856
1186 0.81804
1187 0.81753
1188 0.81702
1189 0.81651
1190 0.81599
1191 0.81548
1192 0.81496
1193 0.81444
1194 0.81392
1195 0.81341
1196 0.81289
1197 0.81237
1198 0.81184
1199 0.81132
1200 0.81080
1201 0.81028
1202 0.80975
1203 0.80923
1204 0.80870
1205 0.80817
1206 0.80764
1207 0.80712
1208 0.80659
1209 0.80605
1210 0.80552
1211 0.80499
1212 0.80446
1213 0.80392
1214 0.80339
1215 0.80285
1216 1.00000
