17 1.23922
18 1.21073
19 1.18477
20 1.16098
21 1.13909
22 1.11885
23 1.10007
24 1.08257
25 1.06623
26 1.05091
27 1.03651
28 1.02295
29 1.01015
30 0.99803
31 0.98654
32 0.97562
33 0.96523
34 0.95533
35 0.94588
36 0.93684
37 0.92818
38 0.91988
39 0.91192
40 0.90426
41 0.89690
42 0.88981
43 0.88297
44 0.87638
45 0.87001
46 0.86385
47 0.85790
48 0.85213
49 0.84655
50 0.84113
51 0.83588
52 0.83078
53 0.82582
54 0.82101
55 0.81632
56 0.81176
57 0.80733
58 0.80300
59 0.79879
60 0.79468
61 0.79067
62 0.78676
63 0.78294
64 0.77921
65 0.77557
66 0.77200
67 0.76852
68 0.76511
69 0.76177
70 0.75851
71 0.75531
72 0.75218
73 0.74911
74 0.74610
75 0.74315
76 0.74025
77 0.73742
78 0.73463
79 0.73190
80 0.72921
81 0.72658
82 0.72399
83 0.72144
84 0.71894
85 0.71649
86 0.71407
87 0.71170
88 0.70936
89 0.70706
90 0.70480
91 0.70258
92 0.70039
93 0.69823
94 0.69611
95 0.69402
96 0.69196
97 0.68993
98 0.68794
99 0.68597
100 0.68403
101 0.68211
102 0.68023
103 0.67837
104 0.67654
105 0.67473
106 0.67295
107 0.67119
108 0.66945
109 0.66774
110 0.66605
111 0.66438
112 0.66273
113 0.66111
114 0.65951
115 0.65792
116 0.65636
117 0.65481
118 0.65329
119 0.65178
120 0.65029
121 0.64882
122 0.64737
123 0.64593
124 0.64451
125 0.64311
126 0.64173
127 0.64036
128 0.63900
129 0.63766
130 0.63634
131 0.63503
132 0.63374
133 0.63246
134 0.63119
135 0.62994
136 0.62870
137 0.62748
138 0.62627
139 0.62507
140 0.62388
141 0.62271
142 0.62155
143 0.62040
144 0.61927
145 0.61814
146 0.61703
147 0.61593
148 0.61484
149 0.61376
150 0.61269
151 0.61163
152 0.61059
153 0.60955
154 0.60853
155 0.60751
156 0.60651
157 0.60551
158 0.60453
159 0.60355
160 0.60258
161 0.60163
162 0.60068
163 0.59974
164 0.59881
165 0.59789
166 0.59698
167 0.59607
168 0.59518
169 0.59429
170 0.59341
171 0.59254
172 0.59168
173 0.59083
174 0.58998
175 0.58915
176 0.58832
177 0.58749
178 0.58668
179 0.58587
180 0.58507
181 0.58428
182 0.58349
183 0.58272
184 0.58195
185 0.58118
186 0.58043
187 0.57967
188 0.57893
189 0.57819
190 0.57747
191 0.57674
192 0.57602
193 0.57531
194 0.57461
195 0.57391
196 0.57322
197 0.57254
198 0.57186
199 0.57118
200 0.57052
201 0.56985
202 0.56920
203 0.56855
204 0.56791
205 0.56727
206 0.56664
207 0.56601
208 0.56539
209 0.56477
210 0.56416
211 0.56356
212 0.56296
213 0.56237
214 0.56178
215 0.56119
216 0.56061
217 0.56004
218 0.55947
219 0.55891
220 0.55835
221 0.55780
222 0.55725
223 0.55671
224 0.55617
225 0.55564
226 0.55511
227 0.55459
228 0.55407
229 0.55355
230 0.55304
231 0.55254
232 0.55204
233 0.55154
234 0.55105
235 0.55056
236 0.55008
237 0.54960
238 0.54913
239 0.54866
240 0.54819
241 0.54773
242 0.54727
243 0.54682
244 0.54637
245 0.54593
246 0.54549
247 0.54505
248 0.54462
249 0.54419
250 0.54377
251 0.54335
252 0.54294
253 0.54252
254 0.54212
255 0.54171
256 0.54131
257 0.54092
258 0.54052
259 0.54014
260 0.53975
261 0.53937
262 0.53899
263 0.53862
264 0.53825
265 0.53788
266 0.53752
267 0.53716
268 0.53681
269 0.53646
270 0.53611
271 0.53576
272 0.53542
273 0.53509
274 0.53475
275 0.53442
276 0.53409
277 0.53377
278 0.53345
279 0.53313
280 0.53282
281 0.53251
282 0.53221
283 0.53190
284 0.53160
285 0.53131
286 0.53101
287 0.53072
288 0.53044
289 0.53015
290 0.52987
291 0.52960
292 0.52932
293 0.52905
294 0.52879
295 0.52852
296 0.52826
297 0.52800
298 0.52775
299 0.52750
300 0.52725
301 0.52700
302 0.52676
303 0.52652
304 0.52629
305 0.52605
306 0.52582
307 0.52559
308 0.52537
309 0.52515
310 0.52493
311 0.52472
312 0.52450
313 0.52430
314 0.52409
315 0.52389
316 0.52368
317 0.52349
318 0.52329
319 0.52310
320 0.52291
321 0.52273
322 0.52254
323 0.52236
324 0.52218
325 0.52201
326 0.52184
327 0.52167
328 0.52150
329 0.52134
330 0.52118
331 0.52102
332 0.52087
333 0.52071
334 0.52056
335 0.52042
336 0.52027
337 0.52013
338 0.51999
339 0.51986
340 0.51972
341 0.51959
342 0.51946
343 0.51934
344 0.51922
345 0.51910
346 0.51898
347 0.51886
348 0.51875
349 0.51864
350 0.51854
351 0.51843
352 0.51833
353 0.51823
354 0.51814
355 0.51804
356 0.51795
357 0.51786
358 0.51778
359 0.51769
360 0.51761
361 0.51753
362 0.51746
363 0.51739
364 0.51732
365 0.51725
366 0.51718
367 0.51712
368 0.51706
369 0.51700
370 0.51694
371 0.51689
372 0.51684
373 0.51679
374 0.51675
375 0.51671
376 0.51667
377 0.51663
378 0.51659
379 0.51656
380 0.51653
381 0.51650
382 0.51647
383 0.51645
384 0.51643
385 0.51641
386 0.51640
387 0.51638
388 0.51637
389 0.51636
390 0.51636
391 0.51636
392 0.51635
393 0.51636
394 0.51636
395 0.51637
396 0.51637
397 0.51639
398 0.51640
399 0.51641
400 0.51643
401 0.51645
402 0.51648
403 0.51650
404 0.51653
405 0.51656
406 0.51659
407 0.51663
408 0.51666
409 0.51670
410 0.51675
411 0.51679
412 0.51684
413 0.51689
414 0.51694
415 0.51699
416 0.51705
417 0.51711
418 0.51717
419 0.51723
420 0.51730
421 0.51737
422 0.51744
423 0.51751
424 0.51759
425 0.51766
426 0.51774
427 0.51783
428 0.51791
429 0.51800
430 0.51809
431 0.51818
432 0.51827
433 0.51837
434 0.51847
435 0.51857
436 0.51867
437 0.51878
438 0.51889
439 0.51900
440 0.51911
441 0.51923
442 0.51934
443 0.51946
444 0.51959
445 0.51971
446 0.51984
447 0.51997
448 0.52010
449 0.52023
450 0.52037
451 0.52051
452 0.52065
453 0.52079
454 0.52094
455 0.52108
456 0.52124
457 0.52139
458 0.52154
459 0.52170
460 0.52186
461 0.52202
462 0.52219
463 0.52235
464 0.52252
465 0.52269
466 0.52287
467 0.52304
468 0.52322
469 0.52340
470 0.52359
471 0.52377
472 0.52396
473 0.52415
474 0.52434
475 0.52454
476 0.52473
477 0.52493
478 0.52514
479 0.52534
480 0.52555
481 0.52576
482 0.52597
483 0.52618
484 0.52640
485 0.52662
486 0.52684
487 0.52706
488 0.52728
489 0.52751
490 0.52774
491 0.52798
492 0.52821
493 0.52845
494 0.52869
495 0.52893
496 0.52917
497 0.52942
498 0.52967
499 0.52992
500 0.53018
501 0.53043
502 0.53069
503 0.53095
504 0.53122
505 0.53148
506 0.53175
507 0.53202
508 0.53230
509 0.53257
510 0.53285
511 0.53313
512 0.53341
513 0.53370
514 0.53399
515 0.53428
516 0.53457
517 0.53487
518 0.53516
519 0.53546
520 0.53577
521 0.53607
522 0.53638
523 0.53669
524 0.53700
525 0.53731
526 0.53763
527 0.53795
528 0.53827
529 0.53860
530 0.53892
531 0.53925
532 0.53959
533 0.53992
534 0.54026
535 0.54060
536 0.54094
537 0.54128
538 0.54163
539 0.54198
540 0.54233
541 0.54269
542 0.54304
543 0.54340
544 0.54376
545 0.54413
546 0.54450
547 0.54487
548 0.54524
549 0.54561
550 0.54599
551 0.54637
552 0.54675
553 0.54714
554 0.54752
555 0.54791
556 0.54831
557 0.54870
558 0.54910
559 0.54950
560 0.54990
561 0.55031
562 0.55071
563 0.55113
564 0.55154
565 0.55195
566 0.55237
567 0.55279
568 0.55322
569 0.55364
570 0.55407
571 0.55450
572 0.55494
573 0.55538
574 0.55582
575 0.55626
576 0.55670
577 0.55715
578 0.55760
579 0.55805
580 0.55851
581 0.55897
582 0.55943
583 0.55989
584 0.56036
585 0.56083
586 0.56130
587 0.56177
588 0.56225
589 0.56273
590 0.56321
591 0.56370
592 0.56419
593 0.56468
594 0.56517
595 0.56567
596 0.56617
597 0.56667
598 0.56717
599 0.56768
600 0.56819
601 0.56871
602 0.56922
603 0.56974
604 0.57026
605 0.57079
606 0.57131
607 0.57184
608 0.57238
609 0.57291
610 0.57345
611 0.57399
612 0.57454
613 0.57509
614 0.57564
615 0.57619
616 0.57675
617 0.57730
618 0.57787
619 0.57843
620 0.57900
621 0.57957
622 0.58014
623 0.58072
624 0.58130
625 0.58188
626 0.58247
627 0.58306
628 0.58365
629 0.58424
630 0.58484
631 0.58544
632 0.58604
633 0.58665
634 0.58726
635 0.58787
636 0.58849
637 0.58911
638 0.58973
639 0.59035
640 0.59098
641 0.59161
642 0.59225
643 0.59288
644 0.59352
645 0.59417
646 0.59481
647 0.59546
648 0.59612
649 0.59677
650 0.59743
651 0.59809
652 0.59876
653 0.59943
654 0.60010
655 0.60077
656 0.60145
657 0.60213
658 0.60282
659 0.60351
660 0.60420
661 0.60489
662 0.60559
663 0.60629
664 0.60700
665 0.60770
666 0.60841
667 0.60913
668 0.60985
669 0.61057
670 0.61129
671 0.61202
672 0.61275
673 0.61348
674 0.61422
675 0.61496
676 0.61571
677 0.61646
678 0.61721
679 0.61796
680 0.61872
681 0.61948
682 0.62025
683 0.62101
684 0.62179
685 0.62256
686 0.62334
687 0.62412
688 0.62491
689 0.62570
690 0.62649
691 0.62729
692 0.62809
693 0.62889
694 0.62970
695 0.63051
696 0.63133
697 0.63214
698 0.63297
699 0.63379
700 0.63462
701 0.63545
702 0.63629
703 0.63713
704 0.63797
705 0.63882
706 0.63967
707 0.64053
708 0.64139
709 0.64225
710 0.64312
711 0.64399
712 0.64486
713 0.64574
714 0.64662
715 0.64750
716 0.64839
717 0.64929
718 0.65018
719 0.65108
720 0.65199
721 0.65290
722 0.65381
723 0.65473
724 0.65565
725 0.65657
726 0.65750
727 0.65843
728 0.65937
729 0.66031
730 0.66125
731 0.66220
732 0.66315
733 0.66411
734 0.66507
735 0.66603
736 0.66700
737 0.66798
738 0.66895
739 0.66993
740 0.67092
741 0.67191
742 0.67290
743 0.67390
744 0.67490
745 0.67591
746 0.67692
747 0.67793
748 0.67895
749 0.67997
750 0.68100
751 0.68203
752 0.68307
753 0.68411
754 0.68515
755 0.68620
756 0.68726
757 0.68831
758 0.68938
759 0.69044
760 0.69151
761 0.69259
762 0.69367
763 0.69475
764 0.69584
765 0.69694
766 0.69803
767 0.69914
768 0.70024
769 0.70136
770 0.70247
771 0.70359
772 0.70472
773 0.70585
774 0.70699
775 0.70812
776 0.70927
777 0.71042
778 0.71157
779 0.71273
780 0.71389
781 0.71506
782 0.71624
783 0.71741
784 0.71860
785 0.71978
786 0.72098
787 0.72217
788 0.72337
789 0.72458
790 0.72579
791 0.72701
792 0.72823
793 0.72946
794 0.73069
795 0.73193
796 0.73317
797 0.73442
798 0.73567
799 0.73693
800 0.73819
801 0.73946
802 0.74073
803 0.74201
804 0.74329
805 0.74458
806 0.74587
807 0.74717
808 0.74847
809 0.74978
810 0.75110
811 0.75242
812 0.75374
813 0.75507
814 0.75641
815 0.75775
816 0.75910
817 0.76045
818 0.76181
819 0.76317
820 0.76454
821 0.76592
822 0.76730
823 0.76868
824 0.77007
825 0.77147
826 0.77287
827 0.77428
828 0.77570
829 0.77711
830 0.77854
831 0.77997
832 0.78141
833 0.78285
834 0.78430
835 0.78575
836 0.78721
837 0.78868
838 0.79015
839 0.79163
840 0.79311
841 0.79460
842 0.79610
843 0.79760
844 0.79911
845 0.80062
846 0.80214
847 0.80367
848 0.80520
849 0.80674
850 0.80829
851 0.80984
852 0.81139
853 0.81296
854 0.81453
855 0.81610
856 0.81769
857 0.81927
858 0.82087
859 0.82247
860 0.82408
861 0.82569
862 0.82731
863 0.82894
864 0.83058
865 0.83222
866 0.83386
867 0.83552
868 0.83718
869 0.83885
870 0.84052
871 0.84220
872 0.84389
873 0.84506
874 0.84676
875 0.84847
876 0.85018
877 0.85191
878 0.85364
879 0.85537
880 0.85712
881 0.85887
882 0.86063
883 0.86241
884 0.86418
885 0.86597
886 0.86777
887 0.86957
888 0.87138
889 0.87321
890 0.87504
891 0.87688
892 0.87872
893 0.88058
894 0.88245
895 0.88432
896 0.88621
897 0.88811
898 0.89001
899 0.89192
900 0.89384
901 0.89577
902 0.89771
903 0.89966
904 0.90162
905 0.90360
906 0.90558
907 0.90757
908 0.90958
909 0.91159
910 0.91360
911 0.91563
912 0.91432
913 0.92158
914 0.92623
915 0.92933
916 0.93105
917 0.93194
918 0.93291
919 0.93398
920 0.93517
921 0.93652
922 0.93641
923 0.93630
924 0.93788
925 0.93778
926 0.93767
927 0.93957
928 0.93947
929 0.93937
930 0.93927
931 0.94162
932 0.94152
933 0.94141
934 0.94130
935 0.94120
936 0.94109
937 0.94098
938 0.94408
939 0.94399
940 0.94389
941 0.94379
942 0.94370
943 0.94360
944 0.94350
945 0.94341
946 0.94331
947 0.94321
948 0.94311
949 0.94302
950 0.94744
951 0.94736
952 0.94727
953 0.94719
954 0.94711
955 0.94703
956 0.94695
957 0.94686
958 0.94678
959 0.94670
960 0.94662
961 0.94653
962 0.94645
963 0.94637
964 0.94629
965 0.94620
966 0.94612
967 0.94604
968 0.94595
969 0.94587
970 0.94579
971 0.94570
972 0.94562
973 0.95275
974 0.95270
975 0.95264
976 0.95258
977 0.95252
978 0.95246
979 0.95241
980 0.95235
981 0.95229
982 0.95221
983 0.95212
984 0.95203
985 0.95195
986 0.95186
987 0.95177
988 0.95168
989 0.95159
990 0.95150
991 0.95142
992 0.95133
993 0.95124
994 0.95115
995 0.95106
996 0.95097
997 0.95088
998 0.95079
999 0.95070
1000 0.95061
1001 0.95053
1002 0.95044
1003 0.95035
1004 0.95026
1005 0.95017
1006 0.95007
1007 0.94998
1008 0.94989
1009 0.94980
1010 0.94971
1011 0.94962
1012 0.94953
1013 0.94944
1014 0.94935
1015 0.94926
1016 0.94916
1017 0.94907
1018 0.94898
1019 0.94889
1020 0.94880
1021 0.94870
1022 0.94861
1023 0.94852
1024 0.94843
1025 0.94833
1026 0.96265
1027 0.96260
1028 0.96256
1029 0.96252
1030 0.96247
1031 0.96243
1032 0.96239
1033 0.96234
1034 0.96230
1035 0.96226
1036 0.96221
1037 0.96217
1038 0.96213
1039 0.96208
1040 0.96204
1041 0.96200
1042 0.96195
1043 0.96191
1044 0.96187
1045 0.96182
1046 0.96178
1047 0.96174
1048 0.96169
1049 0.96165
1050 0.96161
1051 0.96156
1052 0.96152
1053 0.96147
1054 0.96143
1055 0.96139
1056 0.96134
1057 0.96130
1058 0.96126
1059 0.96121
1060 0.96117
1061 0.96113
1062 0.96108
1063 0.96104
1064 0.96100
1065 0.96095
1066 0.96091
1067 0.96086
1068 0.96082
1069 0.96078
1070 0.96073
1071 0.96069
1072 0.96065
1073 0.96060
1074 0.96056
1075 0.96052
1076 0.96047
1077 0.96043
1078 0.96038
1079 0.96034
1080 0.96030
1081 0.96025
1082 0.96021
1083 0.96017
1084 0.96012
1085 0.96008
1086 0.96003
1087 0.95999
1088 0.95995
1089 0.95990
1090 0.95986
1091 0.95982
1092 0.95977
1093 0.95973
1094 0.95968
1095 0.95964
1096 0.95960
1097 0.95955
1098 0.95951
1099 0.95947
1100 0.95942
1101 0.95938
1102 0.95933
1103 0.95929
1104 0.95925
1105 0.95920
1106 0.95916
1107 0.95911
1108 0.95907
1109 0.95903
1110 0.95898
1111 0.95894
1112 0.95890
1113 0.95885
1114 0.95881
1115 0.95876
1116 0.95872
1117 0.95868
1118 0.95863
1119 0.95859
1120 0.95854
1121 0.95850
1122 0.95846
1123 0.95841
1124 0.95837
1125 0.95832
1126 0.95828
1127 0.95824
1128 0.95819
1129 0.95815
1130 0.95810
1131 0.95806
1132 0.95802
1133 0.95797
1134 0.95793
1135 0.95788
1136 0.95784
1137 0.95779
1138 0.95775
1139 0.95771
1140 0.95766
1141 0.95762
1142 0.95757
1143 0.95753
1144 0.95749
1145 0.95744
1146 0.95740
1147 0.95735
1148 0.95731
1149 0.95727
1150 0.95722
1151 0.95718
1152 0.95713
1153 0.95709
1154 0.95704
1155 0.95700
1156 0.95696
1157 0.95691
1158 0.95687
1159 0.95682
1160 0.95678
1161 0.95673
1162 0.95669
1163 0.95663
1164 0.95650
1165 0.95636
1166 0.95623
1167 0.95609
1168 0.95596
1169 0.95582
1170 0.95569
1171 0.95555
1172 0.95542
1173 0.95528
1174 0.95514
1175 0.95500
1176 0.95487
1177 0.95473
1178 0.95459
1179 0.95445
1180 0.95431
1181 0.95418
1182 0.95404
1183 0.95390
1184 0.95376
1185 0.95362
1186 0.95348
1187 0.95334
1188 0.95319
1189 0.95305
1190 0.95291
1191 0.95277
1192 0.95263
1193 0.95248
1194 0.95234
1195 0.95220
1196 0.95206
1197 0.95191
1198 0.95177
1199 0.95162
1200 0.95148
1201 0.95133
1202 0.95119
1203 0.95104
1204 0.95090
1205 0.95075
1206 0.95060
1207 0.95046
1208 0.95031
1209 0.95016
1210 0.95002
1211 0.94987
1212 0.94972
1213 0.94957
1214 0.94942
1215 0.94927
1216 1.00000
