17 85.07382
18 56.99472
19 39.25493
20 27.70538
21 19.98294
22 14.69522
23 10.99655
24 8.35915
25 6.44547
26 5.03473
27 3.97960
28 3.17991
29 2.56638
30 2.09037
31 1.71718
32 1.42178
33 1.18585
34 0.99583
35 0.84160
36 0.71550
37 0.61169
38 0.52569
39 0.45400
40 0.39391
41 0.34326
42 0.30036
43 0.26385
44 0.23263
45 0.20583
46 0.18271
47 0.16271
48 0.14533
49 0.13017
50 0.11691
51 0.10528
52 0.09504
53 0.08600
54 0.07799
55 0.07088
56 0.06456
57 0.05891
58 0.05386
59 0.04934
60 0.04527
61 0.04161
62 0.03831
63 0.03532
64 0.03262
65 0.03016
66 0.02793
67 0.02590
68 0.02405
69 0.02236
70 0.02081
71 0.01939
72 0.01809
73 0.01690
74 0.01580
75 0.01479
76 0.01385
77 0.01299
78 0.01219
79 0.01145
80 0.01077
81 0.01014
82 0.00955
83 0.00900
84 0.00849
85 0.00801
86 0.00757
87 0.00716
88 0.00677
89 0.00641
90 0.00607
91 0.00575
92 0.00546
93 0.00518
94 0.00492
95 0.00467
96 0.00444
97 0.00423
98 0.00402
99 0.00383
100 0.00365
101 0.00348
102 0.00331
103 0.00316
104 0.00302
105 0.00288
106 0.00275
107 0.00263
108 0.00252
109 0.00241
110 0.00230
111 0.00220
112 0.00211
113 0.00202
114 0.00194
115 0.00186
116 0.00178
117 0.00171
118 0.00164
119 0.00157
120 0.00151
121 0.00145
122 0.00139
123 0.00134
124 0.00129
125 0.00124
126 0.00119
127 0.00114
128 0.00110
129 0.00106
130 0.00102
131 0.00098
132 0.00095
133 0.00091
134 0.00088
135 0.00085
136 0.00082
137 0.00079
138 0.00076
139 0.00073
140 0.00071
141 0.00068
142 0.00066
143 0.00063
144 0.00061
145 0.00059
146 0.00057
147 0.00055
148 0.00053
149 0.00052
150 0.00050
151 0.00048
152 0.00047
153 0.00045
154 0.00044
155 0.00042
156 0.00041
157 0.00039
158 0.00038
159 0.00037
160 0.00036
161 0.00035
162 0.00034
163 0.00032
164 0.00031
165 0.00030
166 0.00030
167 0.00029
168 0.00028
169 0.00027
170 0.00026
171 0.00025
172 0.00024
173 0.00024
174 0.00023
175 0.00022
176 0.00022
177 0.00021
178 0.00020
179 0.00020
180 0.00019
181 0.00019
182 0.00018
183 0.00017
184 0.00017
185 0.00016
186 0.00016
187 0.00016
188 0.00015
189 0.00015
190 0.00014
191 0.00014
192 0.00013
193 0.00013
194 0.00013
195 0.00012
196 0.00012
197 0.00012
198 0.00011
199 0.00011
200 0.00011
201 0.00010
202 0.00010
203 0.00010
204 0.00009
205 0.00009
206 0.00009
207 0.00009
208 0.00008
209 0.00008
210 0.00008
211 0.00008
212 0.00008
213 0.00007
214 0.00007
215 0.00007
216 0.00007
217 0.00007
218 0.00006
219 0.00006
220 0.00006
221 0.00006
222 0.00006
223 0.00006
224 0.00005
225 0.00005
226 0.00005
227 0.00005
228 0.00005
229 0.00005
230 0.00005
231 0.00004
232 0.00004
233 0.00004
234 0.00004
235 0.00004
236 0.00004
237 0.00004
238 0.00004
239 0.00004
240 0.00003
241 0.00003
242 0.00003
243 0.00003
244 0.00003
245 0.00003
246 0.00003
247 0.00003
248 0.00003
249 0.00003
250 0.00003
251 0.00003
252 0.00002
253 0.00002
254 0.00002
255 0.00002
256 0.00002
257 0.00002
258 0.00002
259 0.00002
260 0.00002
261 0.00002
262 0.00002
263 0.00002
264 0.00002
265 0.00002
266 0.00002
267 0.00002
268 0.00002
269 0.00002
270 0.00002
271 0.00001
272 0.00001
273 0.00001
274 0.00001
275 0.00001
276 0.00001
277 0.00001
278 0.00001
279 0.00001
280 0.00001
281 0.00001
282 0.00001
283 0.00001
284 0.00001
285 0.00001
286 0.00001
287 0.00001
288 0.00001
289 0.00001
290 0.00001
291 0.00001
292 0.00001
293 0.00001
294 0.00001
295 0.00001
296 0.00001
297 0.00001
298 0.00001
299 0.00001
300 0.00001
301 0.00001
302 0.00001
303 0.00001
304 0.00001
305 0.00001
306 0.00001
307 0.00001
308 0.00001
309 0.00001
310 0.00001
311 0.00001
312 0.00000
313 0.00000
314 0.00000
315 0.00000
316 0.00000
317 0.00000
318 0.00000
319 0.00000
320 0.00000
321 0.00000
322 0.00000
323 0.00000
324 0.00000
325 0.00000
326 0.00000
327 0.00000
328 0.00000
329 0.00000
330 0.00000
331 0.00000
332 0.00000
333 0.00000
334 0.00000
335 0.00000
336 0.00000
337 0.00000
338 0.00000
339 0.00000
340 0.00000
341 0.00000
342 0.00000
343 0.00000
344 0.00000
345 0.00000
346 0.00000
347 0.00000
348 0.00000
349 0.00000
350 0.00000
351 0.00000
352 0.00000
353 0.00000
354 0.00000
355 0.00000
356 0.00000
357 0.00000
358 0.00000
359 0.00000
360 0.00000
361 0.00000
362 0.00000
363 0.00000
364 0.00000
365 0.00000
366 0.00000
367 0.00000
368 0.00000
369 0.00000
370 0.00000
371 0.00000
372 0.00000
373 0.00000
374 0.00000
375 0.00000
376 0.00000
377 0.00000
378 0.00000
379 0.00000
380 0.00000
381 0.00000
382 0.00000
383 0.00000
384 0.00000
385 0.00000
386 0.00000
387 0.00000
388 0.00000
389 0.00000
390 0.00000
391 0.00000
392 0.00000
393 0.00000
394 0.00000
395 0.00000
396 0.00000
397 0.00000
398 0.00000
399 0.00000
400 0.00000
401 0.00000
402 0.00000
403 0.00000
404 0.00000
405 0.00000
406 0.00000
407 0.00000
408 0.00000
409 0.00000
410 0.00000
411 0.00000
412 0.00000
413 0.00000
414 0.00000
415 0.00000
416 0.00000
417 0.00000
418 0.00000
419 0.00000
420 0.00000
421 0.00000
422 0.00000
423 0.00000
424 0.00000
425 0.00000
426 0.00000
427 0.00000
428 0.00000
429 0.00000
430 0.00000
431 0.00000
432 0.00000
433 0.00000
434 0.00000
435 0.00000
436 0.00000
437 0.00000
438 0.00000
439 0.00000
440 0.00000
441 0.00000
442 0.00000
443 0.00000
444 0.00000
445 0.00000
446 0.00000
447 0.00000
448 0.00000
449 0.00000
450 0.00000
451 0.00000
452 0.00000
453 0.00000
454 0.00000
455 0.00000
456 0.00000
457 0.00000
458 0.00000
459 0.00000
460 0.00000
461 0.00000
462 0.00000
463 0.00000
464 0.00000
465 0.00000
466 0.00000
467 0.00000
468 0.00000
469 0.00000
470 0.00000
471 0.00000
472 0.00000
473 0.00000
474 0.00000
475 0.00000
476 0.00000
477 0.00000
478 0.00000
479 0.00000
480 0.00000
481 0.00000
482 0.00000
483 0.00000
484 0.00000
485 0.00000
486 0.00000
487 0.00000
488 0.00000
489 0.00000
490 0.00000
491 0.00000
492 0.00000
493 0.00000
494 0.00000
495 0.00000
496 0.00000
497 0.00000
498 0.00000
499 0.00000
500 0.00000
501 0.00000
502 0.00000
503 0.00000
504 0.00000
505 0.00000
506 0.00000
507 0.00000
508 0.00000
509 0.00000
510 0.00000
511 0.00000
512 0.00000
513 0.00000
514 0.00000
515 0.00000
516 0.00000
517 0.00000
518 0.00000
519 0.00000
520 0.00000
521 0.00000
522 0.00000
523 0.00000
524 0.00000
525 0.00000
526 0.00000
527 0.00000
528 0.00000
529 0.00000
530 0.00000
531 0.00000
532 0.00000
533 0.00000
534 0.00000
535 0.00000
536 0.00000
537 0.00000
538 0.00000
539 0.00000
540 0.00000
541 0.00000
542 0.00000
543 0.00000
544 0.00000
545 0.00000
546 0.00000
547 0.00000
548 0.00000
549 0.00000
550 0.00000
551 0.00000
552 0.00000
553 0.00000
554 0.00000
555 0.00000
556 0.00000
557 0.00000
558 0.00000
559 0.00000
560 0.00000
561 0.00000
562 0.00000
563 0.00000
564 0.00000
565 0.00000
566 0.00000
567 0.00000
568 0.00000
569 0.00000
570 0.00000
571 0.00000
572 0.00000
573 0.00000
574 0.00000
575 0.00000
576 0.00000
577 0.00000
578 0.00000
579 0.00000
580 0.00000
581 0.00000
582 0.00000
583 0.00000
584 0.00000
585 0.00000
586 0.00000
587 0.00000
588 0.00000
589 0.00000
590 0.00000
591 0.00000
592 0.00000
593 0.00000
594 0.00000
595 0.00000
596 0.00000
597 0.00000
598 0.00000
599 0.00000
600 0.00000
601 0.00000
602 0.00000
603 0.00000
604 0.00000
605 0.00000
606 0.00000
607 0.00000
608 0.00000
609 0.00000
610 0.00000
611 0.00000
612 0.00000
613 0.00000
614 0.00000
615 0.00000
616 0.00000
617 0.00000
618 0.00000
619 0.00000
620 0.00000
621 0.00000
622 0.00000
623 0.00000
624 0.00000
625 0.00000
626 0.00000
627 0.00000
628 0.00000
629 0.00000
630 0.00000
631 0.00000
632 0.00000
633 0.00000
634 0.00000
635 0.00000
636 0.00000
637 0.00000
638 0.00000
639 0.00000
640 0.00000
641 0.00000
642 0.00000
643 0.00000
644 0.00000
645 0.00000
646 0.00000
647 0.00000
648 0.00000
649 0.00000
650 0.00000
651 0.00000
652 0.00000
653 0.00000
654 0.00000
655 0.00000
656 0.00000
657 0.00000
658 0.00000
659 0.00000
660 0.00000
661 0.00000
662 0.00000
663 0.00000
664 0.00000
665 0.00000
666 0.00000
667 0.00000
668 0.00000
669 0.00000
670 0.00000
671 0.00000
672 0.00000
673 0.00000
674 0.00000
675 0.00000
676 0.00000
677 0.00000
678 0.00000
679 0.00000
680 0.00000
681 0.00000
682 0.00000
683 0.00000
684 0.00000
685 0.00000
686 0.00000
687 0.00000
688 0.00000
689 0.00000
690 0.00000
691 0.00000
692 0.00000
693 0.00000
694 0.00000
695 0.00000
696 0.00000
697 0.00000
698 0.00000
699 0.00000
700 0.00000
701 0.00000
702 0.00000
703 0.00000
704 0.00000
705 0.00000
706 0.00000
707 0.00000
708 0.00000
709 0.00000
710 0.00000
711 0.00000
712 0.00000
713 0.00000
714 0.00000
715 0.00000
716 0.00000
717 0.00000
718 0.00000
719 0.00000
720 0.00000
721 0.00000
722 0.00000
723 0.00000
724 0.00000
725 0.00000
726 0.00000
727 0.00000
728 0.00000
729 0.00000
730 0.00000
731 0.00000
732 0.00000
733 0.00000
734 0.00000
735 0.00000
736 0.00000
737 0.00000
738 0.00000
739 0.00000
740 0.00000
741 0.00000
742 0.00000
743 0.00000
744 0.00000
745 0.00000
746 0.00000
747 0.00000
748 0.00000
749 0.00000
750 0.00000
751 0.00000
752 0.00000
753 0.00000
754 0.00000
755 0.00000
756 0.00000
757 0.00000
758 0.00000
759 0.00000
760 0.00000
761 0.00000
762 0.00000
763 0.00000
764 0.00000
765 0.00000
766 0.00000
767 0.00000
768 0.00000
769 0.00000
770 0.00000
771 0.00000
772 0.00000
773 0.00000
774 0.00000
775 0.00000
776 0.00000
777 0.00000
778 0.00000
779 0.00000
780 0.00000
781 0.00000
782 0.00000
783 0.00000
784 0.00000
785 0.00000
786 0.00000
787 0.00000
788 0.00000
789 0.00000
790 0.00000
791 0.00000
792 0.00000
793 0.00000
794 0.00000
795 0.00000
796 0.00000
797 0.00000
798 0.00000
799 0.00000
800 0.00000
801 0.00000
802 0.00000
803 0.00000
804 0.00000
805 0.00000
806 0.00000
807 0.00000
808 0.00000
809 0.00000
810 0.00000
811 0.00000
812 0.00000
813 0.00000
814 0.00000
815 0.00000
816 0.00000
817 0.00000
818 0.00000
819 0.00000
820 0.00000
821 0.00000
822 0.00000
823 0.00000
824 0.00000
825 0.00000
826 0.00000
827 0.00000
828 0.00000
829 0.00000
830 0.00000
831 0.00000
832 0.00000
833 0.00001
834 0.00001
835 0.00001
836 0.00001
837 0.00001
838 0.00001
839 0.00001
840 0.00001
841 0.00001
842 0.00001
843 0.00001
844 0.00001
845 0.00001
846 0.00001
847 0.00001
848 0.00002
849 0.00002
850 0.00002
851 0.00002
852 0.00002
853 0.00002
854 0.00002
855 0.00003
856 0.00003
857 0.00003
858 0.00003
859 0.00004
860 0.00004
861 0.00004
862 0.00005
863 0.00005
864 0.00005
865 0.00006
866 0.00006
867 0.00007
868 0.00008
869 0.00008
870 0.00009
871 0.00010
872 0.00011
873 0.00012
874 0.00013
875 0.00014
876 0.00016
877 0.00017
878 0.00019
879 0.00021
880 0.00023
881 0.00025
882 0.00028
883 0.00031
884 0.00034
885 0.00037
886 0.00041
887 0.00046
888 0.00051
889 0.00056
890 0.00062
891 0.00069
892 0.00076
893 0.00084
894 0.00094
895 0.00104
896 0.00116
897 0.00129
898 0.00144
899 0.00160
900 0.00178
901 0.00199
902 0.00222
903 0.00249
904 0.00278
905 0.00311
906 0.00348
907 0.00391
908 0.00438
909 0.00492
910 0.00553
911 0.00621
912 0.00679
913 0.00871
914 0.01050
915 0.01213
916 0.01321
917 0.01376
918 0.01446
919 0.01536
920 0.01654
921 0.01814
922 0.01776
923 0.01739
924 0.01958
925 0.01918
926 0.01879
927 0.02193
928 0.02150
929 0.02107
930 0.02066
931 0.02545
932 0.02497
933 0.02450
934 0.02404
935 0.02358
936 0.02314
937 0.02269
938 0.03050
939 0.02997
940 0.02944
941 0.02892
942 0.02841
943 0.02791
944 0.02741
945 0.02692
946 0.02643
947 0.02596
948 0.02549
949 0.02502
950 0.03915
951 0.03843
952 0.03771
953 0.03701
954 0.03631
955 0.03563
956 0.03495
957 0.03429
958 0.03363
959 0.03299
960 0.03235
961 0.03172
962 0.03110
963 0.03050
964 0.02990
965 0.02931
966 0.02872
967 0.02815
968 0.02759
969 0.02703
970 0.02649
971 0.02595
972 0.02542
973 0.05447
974 0.05358
975 0.05270
976 0.05184
977 0.05098
978 0.05014
979 0.04930
980 0.04848
981 0.04766
982 0.04686
983 0.04606
984 0.04528
985 0.04450
986 0.04374
987 0.04298
988 0.04224
989 0.04150
990 0.04077
991 0.04006
992 0.03935
993 0.03865
994 0.03796
995 0.03728
996 0.03661
997 0.03595
998 0.03530
999 0.03465
1000 0.03402
1001 0.03339
1002 0.03278
1003 0.03217
1004 0.03157
1005 0.03098
1006 0.03040
1007 0.02982
1008 0.02926
1009 0.02870
1010 0.02815
1011 0.02761
1012 0.02708
1013 0.02655
1014 0.02603
1015 0.02552
1016 0.02502
1017 0.02453
1018 0.02404
1019 0.02356
1020 0.02309
1021 0.02263
1022 0.02217
1023 0.02172
1024 0.02128
1025 0.02085
1026 0.10297
1027 0.10172
1028 0.10049
1029 0.09926
1030 0.09804
1031 0.09683
1032 0.09563
1033 0.09445
1034 0.09327
1035 0.09210
1036 0.09094
1037 0.08979
1038 0.08865
1039 0.08752
1040 0.08640
1041 0.08529
1042 0.08418
1043 0.08309
1044 0.08201
1045 0.08094
1046 0.07987
1047 0.07882
1048 0.07777
1049 0.07674
1050 0.07571
1051 0.07470
1052 0.07369
1053 0.07269
1054 0.07170
1055 0.07072
1056 0.06975
1057 0.06879
1058 0.06784
1059 0.06690
1060 0.06597
1061 0.06504
1062 0.06413
1063 0.06322
1064 0.06233
1065 0.06144
1066 0.06056
1067 0.05969
1068 0.05883
1069 0.05798
1070 0.05713
1071 0.05630
1072 0.05547
1073 0.05466
1074 0.05385
1075 0.05305
1076 0.05226
1077 0.05148
1078 0.05070
1079 0.04994
1080 0.04918
1081 0.04843
1082 0.04769
1083 0.04696
1084 0.04624
1085 0.04552
1086 0.04481
1087 0.04411
1088 0.04342
1089 0.04274
1090 0.04207
1091 0.04140
1092 0.04074
1093 0.04009
1094 0.03944
1095 0.03881
1096 0.03818
1097 0.03756
1098 0.03695
1099 0.03634
1100 0.03574
1101 0.03515
1102 0.03457
1103 0.03399
1104 0.03343
1105 0.03286
1106 0.03231
1107 0.03176
1108 0.03122
1109 0.03069
1110 0.03017
1111 0.02965
1112 0.02914
1113 0.02863
1114 0.02813
1115 0.02764
1116 0.02716
1117 0.02668
1118 0.02621
1119 0.02574
1120 0.02528
1121 0.02483
1122 0.02438
1123 0.02394
1124 0.02351
1125 0.02308
1126 0.02266
1127 0.02224
1128 0.02184
1129 0.02143
1130 0.02103
1131 0.02064
1132 0.02026
1133 0.01988
1134 0.01950
1135 0.01913
1136 0.01877
1137 0.01841
1138 0.01806
1139 0.01771
1140 0.01737
1141 0.01703
1142 0.01670
1143 0.01638
1144 0.01606
1145 0.01574
1146 0.01543
1147 0.01512
1148 0.01482
1149 0.01453
1150 0.01424
1151 0.01395
1152 0.01367
1153 0.01339
1154 0.01312
1155 0.01285
1156 0.01259
1157 0.01233
1158 0.01207
1159 0.01182
1160 0.01157
1161 0.01133
1162 0.01109
1163 0.01086
1164 0.01063
1165 0.01040
1166 0.01018
1167 0.00996
1168 0.00975
1169 0.00954
1170 0.00933
1171 0.00913
1172 0.00893
1173 0.00874
1174 0.00854
1175 0.00836
1176 0.00817
1177 0.00799
1178 0.00781
1179 0.00764
1180 0.00746
1181 0.00730
1182 0.00713
1183 0.00697
1184 0.00681
1185 0.00665
1186 0.00650
1187 0.00635
1188 0.00620
1189 0.00606
1190 0.00592
1191 0.00578
1192 0.00564
1193 0.00551
1194 0.00538
1195 0.00525
1196 0.00513
1197 0.00500
1198 0.00488
1199 0.00476
1200 0.00465
1201 0.00454
1202 0.00442
1203 0.00432
1204 0.00421
1205 0.00411
1206 0.00400
1207 0.00391
1208 0.00381
1209 0.00371
1210 0.00362
1211 0.00353
1212 0.00344
1213 0.00335
1214 0.00327
1215 0.00318
1216 1.00000
