17 14.92989
18 11.63212
19 9.22037
20 7.42074
21 6.05366
22 4.99845
23 4.17220
24 3.51681
25 2.99081
26 2.56411
27 2.21458
28 1.92567
29 1.68491
30 1.48272
31 1.31174
32 1.16620
33 1.04155
34 0.93419
35 0.84124
36 0.76035
37 0.68964
38 0.62755
39 0.57280
40 0.52435
41 0.48131
42 0.44293
43 0.40862
44 0.37783
45 0.35012
46 0.32513
47 0.30251
48 0.28199
49 0.26334
50 0.24634
51 0.23081
52 0.21660
53 0.20356
54 0.19158
55 0.18055
56 0.17038
57 0.16098
58 0.15229
59 0.14422
60 0.13674
61 0.12978
62 0.12330
63 0.11726
64 0.11163
65 0.10636
66 0.10143
67 0.09681
68 0.09247
69 0.08840
70 0.08458
71 0.08098
72 0.07759
73 0.07439
74 0.07137
75 0.06852
76 0.06582
77 0.06327
78 0.06085
79 0.05856
80 0.05639
81 0.05433
82 0.05237
83 0.05051
84 0.04873
85 0.04704
86 0.04544
87 0.04390
88 0.04244
89 0.04104
90 0.03971
91 0.03844
92 0.03722
93 0.03605
94 0.03493
95 0.03386
96 0.03284
97 0.03186
98 0.03091
99 0.03001
100 0.02914
101 0.02830
102 0.02750
103 0.02673
104 0.02599
105 0.02527
106 0.02459
107 0.02392
108 0.02329
109 0.02267
110 0.02208
111 0.02150
112 0.02095
113 0.02042
114 0.01990
115 0.01941
116 0.01892
117 0.01846
118 0.01801
119 0.01758
120 0.01715
121 0.01675
122 0.01635
123 0.01597
124 0.01560
125 0.01524
126 0.01489
127 0.01456
128 0.01423
129 0.01391
130 0.01361
131 0.01331
132 0.01302
133 0.01273
134 0.01246
135 0.01219
136 0.01194
137 0.01168
138 0.01144
139 0.01120
140 0.01097
141 0.01075
142 0.01053
143 0.01032
144 0.01011
145 0.00991
146 0.00971
147 0.00952
148 0.00933
149 0.00915
150 0.00897
151 0.00880
152 0.00863
153 0.00847
154 0.00831
155 0.00815
156 0.00800
157 0.00785
158 0.00770
159 0.00756
160 0.00742
161 0.00729
162 0.00715
163 0.00702
164 0.00690
165 0.00678
166 0.00665
167 0.00654
168 0.00642
169 0.00631
170 0.00620
171 0.00609
172 0.00599
173 0.00588
174 0.00578
175 0.00568
176 0.00559
177 0.00549
178 0.00540
179 0.00531
180 0.00522
181 0.00513
182 0.00505
183 0.00497
184 0.00488
185 0.00481
186 0.00473
187 0.00465
188 0.00457
189 0.00450
190 0.00443
191 0.00436
192 0.00429
193 0.00422
194 0.00415
195 0.00409
196 0.00402
197 0.00396
198 0.00390
199 0.00384
200 0.00378
201 0.00372
202 0.00366
203 0.00361
204 0.00355
205 0.00350
206 0.00345
207 0.00339
208 0.00334
209 0.00329
210 0.00324
211 0.00319
212 0.00315
213 0.00310
214 0.00305
215 0.00301
216 0.00296
217 0.00292
218 0.00288
219 0.00284
220 0.00279
221 0.00275
222 0.00271
223 0.00267
224 0.00264
225 0.00260
226 0.00256
227 0.00252
228 0.00249
229 0.00245
230 0.00242
231 0.00238
232 0.00235
233 0.00232
234 0.00228
235 0.00225
236 0.00222
237 0.00219
238 0.00216
239 0.00213
240 0.00210
241 0.00207
242 0.00204
243 0.00201
244 0.00198
245 0.00196
246 0.00193
247 0.00190
248 0.00188
249 0.00185
250 0.00183
251 0.00180
252 0.00178
253 0.00175
254 0.00173
255 0.00170
256 0.00168
257 0.00166
258 0.00164
259 0.00161
260 0.00159
261 0.00157
262 0.00155
263 0.00153
264 0.00151
265 0.00149
266 0.00147
267 0.00145
268 0.00143
269 0.00141
270 0.00139
271 0.00137
272 0.00136
273 0.00134
274 0.00132
275 0.00130
276 0.00129
277 0.00127
278 0.00125
279 0.00124
280 0.00122
281 0.00120
282 0.00119
283 0.00117
284 0.00116
285 0.00114
286 0.00113
287 0.00111
288 0.00110
289 0.00108
290 0.00107
291 0.00106
292 0.00104
293 0.00103
294 0.00102
295 0.00100
296 0.00099
297 0.00098
298 0.00096
299 0.00095
300 0.00094
301 0.00093
302 0.00092
303 0.00090
304 0.00089
305 0.00088
306 0.00087
307 0.00086
308 0.00085
309 0.00084
310 0.00083
311 0.00082
312 0.00081
313 0.00080
314 0.00079
315 0.00078
316 0.00077
317 0.00076
318 0.00075
319 0.00074
320 0.00073
321 0.00072
322 0.00071
323 0.00070
324 0.00069
325 0.00068
326 0.00068
327 0.00067
328 0.00066
329 0.00065
330 0.00064
331 0.00063
332 0.00063
333 0.00062
334 0.00061
335 0.00060
336 0.00060
337 0.00059
338 0.00058
339 0.00057
340 0.00057
341 0.00056
342 0.00055
343 0.00055
344 0.00054
345 0.00053
346 0.00053
347 0.00052
348 0.00051
349 0.00051
350 0.00050
351 0.00050
352 0.00049
353 0.00048
354 0.00048
355 0.00047
356 0.00047
357 0.00046
358 0.00045
359 0.00045
360 0.00044
361 0.00044
362 0.00043
363 0.00043
364 0.00042
365 0.00042
366 0.00041
367 0.00041
368 0.00040
369 0.00040
370 0.00039
371 0.00039
372 0.00039
373 0.00038
374 0.00038
375 0.00037
376 0.00037
377 0.00036
378 0.00036
379 0.00036
380 0.00035
381 0.00035
382 0.00034
383 0.00034
384 0.00034
385 0.00033
386 0.00033
387 0.00032
388 0.00032
389 0.00032
390 0.00031
391 0.00031
392 0.00031
393 0.00030
394 0.00030
395 0.00030
396 0.00029
397 0.00029
398 0.00029
399 0.00028
400 0.00028
401 0.00028
402 0.00027
403 0.00027
404 0.00027
405 0.00027
406 0.00026
407 0.00026
408 0.00026
409 0.00025
410 0.00025
411 0.00025
412 0.00025
413 0.00024
414 0.00024
415 0.00024
416 0.00024
417 0.00023
418 0.00023
419 0.00023
420 0.00023
421 0.00022
422 0.00022
423 0.00022
424 0.00022
425 0.00022
426 0.00021
427 0.00021
428 0.00021
429 0.00021
430 0.00020
431 0.00020
432 0.00020
433 0.00020
434 0.00020
435 0.00019
436 0.00019
437 0.00019
438 0.00019
439 0.00019
440 0.00019
441 0.00018
442 0.00018
443 0.00018
444 0.00018
445 0.00018
446 0.00017
447 0.00017
448 0.00017
449 0.00017
450 0.00017
451 0.00017
452 0.00016
453 0.00016
454 0.00016
455 0.00016
456 0.00016
457 0.00016
458 0.00016
459 0.00015
460 0.00015
461 0.00015
462 0.00015
463 0.00015
464 0.00015
465 0.00015
466 0.00015
467 0.00014
468 0.00014
469 0.00014
470 0.00014
471 0.00014
472 0.00014
473 0.00014
474 0.00014
475 0.00013
476 0.00013
477 0.00013
478 0.00013
479 0.00013
480 0.00013
481 0.00013
482 0.00013
483 0.00013
484 0.00013
485 0.00012
486 0.00012
487 0.00012
488 0.00012
489 0.00012
490 0.00012
491 0.00012
492 0.00012
493 0.00012
494 0.00012
495 0.00012
496 0.00011
497 0.00011
498 0.00011
499 0.00011
500 0.00011
501 0.00011
502 0.00011
503 0.00011
504 0.00011
505 0.00011
506 0.00011
507 0.00011
508 0.00011
509 0.00011
510 0.00010
511 0.00010
512 0.00010
513 0.00010
514 0.00010
515 0.00010
516 0.00010
517 0.00010
518 0.00010
519 0.00010
520 0.00010
521 0.00010
522 0.00010
523 0.00010
524 0.00010
525 0.00010
526 0.00010
527 0.00010
528 0.00010
529 0.00009
530 0.00009
531 0.00009
532 0.00009
533 0.00009
534 0.00009
535 0.00009
536 0.00009
537 0.00009
538 0.00009
539 0.00009
540 0.00009
541 0.00009
542 0.00009
543 0.00009
544 0.00009
545 0.00009
546 0.00009
547 0.00009
548 0.00009
549 0.00009
550 0.00009
551 0.00009
552 0.00009
553 0.00009
554 0.00009
555 0.00009
556 0.00009
557 0.00009
558 0.00009
559 0.00008
560 0.00008
561 0.00008
562 0.00008
563 0.00008
564 0.00008
565 0.00008
566 0.00008
567 0.00008
568 0.00008
569 0.00008
570 0.00008
571 0.00008
572 0.00008
573 0.00008
574 0.00008
575 0.00008
576 0.00008
577 0.00008
578 0.00008
579 0.00008
580 0.00008
581 0.00008
582 0.00008
583 0.00008
584 0.00008
585 0.00008
586 0.00008
587 0.00008
588 0.00008
589 0.00008
590 0.00008
591 0.00008
592 0.00008
593 0.00008
594 0.00008
595 0.00008
596 0.00008
597 0.00008
598 0.00008
599 0.00008
600 0.00008
601 0.00008
602 0.00008
603 0.00008
604 0.00008
605 0.00008
606 0.00008
607 0.00008
608 0.00008
609 0.00008
610 0.00008
611 0.00008
612 0.00008
613 0.00008
614 0.00008
615 0.00008
616 0.00009
617 0.00009
618 0.00009
619 0.00009
620 0.00009
621 0.00009
622 0.00009
623 0.00009
624 0.00009
625 0.00009
626 0.00009
627 0.00009
628 0.00009
629 0.00009
630 0.00009
631 0.00009
632 0.00009
633 0.00009
634 0.00009
635 0.00009
636 0.00009
637 0.00009
638 0.00009
639 0.00009
640 0.00009
641 0.00009
642 0.00009
643 0.00010
644 0.00010
645 0.00010
646 0.00010
647 0.00010
648 0.00010
649 0.00010
650 0.00010
651 0.00010
652 0.00010
653 0.00010
654 0.00010
655 0.00010
656 0.00010
657 0.00010
658 0.00010
659 0.00011
660 0.00011
661 0.00011
662 0.00011
663 0.00011
664 0.00011
665 0.00011
666 0.00011
667 0.00011
668 0.00011
669 0.00011
670 0.00012
671 0.00012
672 0.00012
673 0.00012
674 0.00012
675 0.00012
676 0.00012
677 0.00012
678 0.00012
679 0.00013
680 0.00013
681 0.00013
682 0.00013
683 0.00013
684 0.00013
685 0.00013
686 0.00013
687 0.00014
688 0.00014
689 0.00014
690 0.00014
691 0.00014
692 0.00014
693 0.00015
694 0.00015
695 0.00015
696 0.00015
697 0.00015
698 0.00015
699 0.00016
700 0.00016
701 0.00016
702 0.00016
703 0.00016
704 0.00017
705 0.00017
706 0.00017
707 0.00017
708 0.00018
709 0.00018
710 0.00018
711 0.00018
712 0.00019
713 0.00019
714 0.00019
715 0.00019
716 0.00020
717 0.00020
718 0.00020
719 0.00021
720 0.00021
721 0.00021
722 0.00022
723 0.00022
724 0.00022
725 0.00023
726 0.00023
727 0.00023
728 0.00024
729 0.00024
730 0.00025
731 0.00025
732 0.00025
733 0.00026
734 0.00026
735 0.00027
736 0.00027
737 0.00028
738 0.00028
739 0.00029
740 0.00029
741 0.00030
742 0.00030
743 0.00031
744 0.00032
745 0.00032
746 0.00033
747 0.00033
748 0.00034
749 0.00035
750 0.00035
751 0.00036
752 0.00037
753 0.00038
754 0.00038
755 0.00039
756 0.00040
757 0.00041
758 0.00042
759 0.00043
760 0.00043
761 0.00044
762 0.00045
763 0.00046
764 0.00047
765 0.00048
766 0.00050
767 0.00051
768 0.00052
769 0.00053
770 0.00054
771 0.00055
772 0.00057
773 0.00058
774 0.00059
775 0.00061
776 0.00062
777 0.00064
778 0.00065
779 0.00067
780 0.00069
781 0.00070
782 0.00072
783 0.00074
784 0.00076
785 0.00078
786 0.00080
787 0.00082
788 0.00084
789 0.00086
790 0.00089
791 0.00091
792 0.00093
793 0.00096
794 0.00098
795 0.00101
796 0.00104
797 0.00107
798 0.00110
799 0.00113
800 0.00116
801 0.00119
802 0.00123
803 0.00126
804 0.00130
805 0.00134
806 0.00138
807 0.00142
808 0.00146
809 0.00150
810 0.00155
811 0.00160
812 0.00164
813 0.00169
814 0.00175
815 0.00180
816 0.00186
817 0.00192
818 0.00198
819 0.00204
820 0.00210
821 0.00217
822 0.00224
823 0.00232
824 0.00239
825 0.00247
826 0.00255
827 0.00264
828 0.00273
829 0.00282
830 0.00291
831 0.00301
832 0.00312
833 0.00322
834 0.00333
835 0.00345
836 0.00357
837 0.00370
838 0.00383
839 0.00381
840 0.00394
841 0.00408
842 0.00423
843 0.00438
844 0.00455
845 0.00471
846 0.00489
847 0.00507
848 0.00526
849 0.00546
850 0.00567
851 0.00588
852 0.00611
853 0.00635
854 0.00659
855 0.00685
856 0.00713
857 0.00741
858 0.00771
859 0.00802
860 0.00834
861 0.00868
862 0.00904
863 0.00941
864 0.00981
865 0.01022
866 0.01065
867 0.01110
868 0.01158
869 0.01207
870 0.01260
871 0.01315
872 0.01373
873 0.01433
874 0.01497
875 0.01564
876 0.01634
877 0.01708
878 0.01786
879 0.01868
880 0.01954
881 0.02044
882 0.02140
883 0.02241
884 0.02347
885 0.02459
886 0.02577
887 0.02702
888 0.02833
889 0.02972
890 0.03118
891 0.03273
892 0.03436
893 0.03609
894 0.03792
895 0.03983
896 0.04186
897 0.04400
898 0.04626
899 0.04866
900 0.05120
901 0.05389
902 0.05673
903 0.05975
904 0.06294
905 0.06633
906 0.06992
907 0.07373
908 0.07777
909 0.08207
910 0.08662
911 0.09146
912 0.09534
913 0.10937
914 0.12052
915 0.12942
916 0.13485
917 0.13754
918 0.14078
919 0.14474
920 0.14967
921 0.15594
922 0.15458
923 0.15322
924 0.16134
925 0.15997
926 0.15861
927 0.16951
928 0.16813
929 0.16675
930 0.16537
931 0.18068
932 0.17928
933 0.17788
934 0.17649
935 0.17511
936 0.17373
937 0.17236
938 0.19513
939 0.19373
940 0.19232
941 0.19092
942 0.18953
943 0.18814
944 0.18663
945 0.18511
946 0.18359
947 0.18208
948 0.18058
949 0.17908
950 0.21573
951 0.21416
952 0.21260
953 0.21104
954 0.20949
955 0.20795
956 0.20641
957 0.20487
958 0.20334
959 0.20182
960 0.20030
961 0.19879
962 0.19728
963 0.19578
964 0.19429
965 0.19280
966 0.19131
967 0.18983
968 0.18836
969 0.18690
970 0.18544
971 0.18398
972 0.18253
973 0.25008
974 0.24855
975 0.24701
976 0.24548
977 0.24396
978 0.24243
979 0.24092
980 0.23940
981 0.23789
982 0.23639
983 0.23489
984 0.23339
985 0.23190
986 0.23041
987 0.22893
988 0.22745
989 0.22597
990 0.22450
991 0.22303
992 0.22157
993 0.22011
994 0.21866
995 0.21721
996 0.21577
997 0.21433
998 0.21289
999 0.21146
1000 0.21003
1001 0.20861
1002 0.20720
1003 0.20579
1004 0.20438
1005 0.20298
1006 0.20158
1007 0.20018
1008 0.19880
1009 0.19741
1010 0.19603
1011 0.19466
1012 0.19329
1013 0.19193
1014 0.19057
1015 0.18921
1016 0.18787
1017 0.18652
1018 0.18518
1019 0.18385
1020 0.18252
1021 0.18119
1022 0.17988
1023 0.17856
1024 0.17725
1025 0.17595
1026 0.33895
1027 0.33763
1028 0.33631
1029 0.33499
1030 0.33368
1031 0.33236
1032 0.33105
1033 0.32974
1034 0.32843
1035 0.32713
1036 0.32582
1037 0.32452
1038 0.32322
1039 0.32192
1040 0.32063
1041 0.31933
1042 0.31804
1043 0.31675
1044 0.31546
1045 0.31417
1046 0.31289
1047 0.31160
1048 0.31032
1049 0.30904
1050 0.30777
1051 0.30649
1052 0.30522
1053 0.30395
1054 0.30268
1055 0.30141
1056 0.30014
1057 0.29888
1058 0.29762
1059 0.29636
1060 0.29511
1061 0.29385
1062 0.29260
1063 0.29135
1064 0.29010
1065 0.28886
1066 0.28761
1067 0.28637
1068 0.28513
1069 0.28389
1070 0.28266
1071 0.28143
1072 0.28020
1073 0.27897
1074 0.27774
1075 0.27652
1076 0.27530
1077 0.27408
1078 0.27287
1079 0.27165
1080 0.27044
1081 0.26923
1082 0.26803
1083 0.26682
1084 0.26562
1085 0.26442
1086 0.26323
1087 0.26203
1088 0.26084
1089 0.25965
1090 0.25846
1091 0.25728
1092 0.25610
1093 0.25492
1094 0.25374
1095 0.25257
1096 0.25140
1097 0.25023
1098 0.24906
1099 0.24790
1100 0.24674
1101 0.24558
1102 0.24442
1103 0.24327
1104 0.24212
1105 0.24097
1106 0.23982
1107 0.23868
1108 0.23754
1109 0.23640
1110 0.23527
1111 0.23414
1112 0.23301
1113 0.23188
1114 0.23076
1115 0.22964
1116 0.22852
1117 0.22740
1118 0.22616
1119 0.22451
1120 0.22287
1121 0.22123
1122 0.21960
1123 0.21798
1124 0.21636
1125 0.21475
1126 0.21314
1127 0.21154
1128 0.20994
1129 0.20835
1130 0.20677
1131 0.20519
1132 0.20362
1133 0.20205
1134 0.20049
1135 0.19893
1136 0.19739
1137 0.19584
1138 0.19431
1139 0.19277
1140 0.19125
1141 0.18973
1142 0.18822
1143 0.18671
1144 0.18521
1145 0.18372
1146 0.18223
1147 0.18075
1148 0.17927
1149 0.17780
1150 0.17634
1151 0.17488
1152 0.17344
1153 0.17199
1154 0.17055
1155 0.16912
1156 0.16770
1157 0.16628
1158 0.16487
1159 0.16347
1160 0.16207
1161 0.16068
1162 0.15929
1163 0.15792
1164 0.15655
1165 0.15518
1166 0.15382
1167 0.15247
1168 0.15113
1169 0.14979
1170 0.14846
1171 0.14713
1172 0.14582
1173 0.14451
1174 0.14320
1175 0.14191
1176 0.14062
1177 0.13933
1178 0.13806
1179 0.13679
1180 0.13552
1181 0.13427
1182 0.13302
1183 0.13178
1184 0.13054
1185 0.12932
1186 0.12809
1187 0.12688
1188 0.12567
1189 0.12447
1190 0.12328
1191 0.12209
1192 0.12091
1193 0.11974
1194 0.11858
1195 0.11742
1196 0.11627
1197 0.11512
1198 0.11399
1199 0.11286
1200 0.11173
1201 0.11062
1202 0.10951
1203 0.10841
1204 0.10731
1205 0.10622
1206 0.10514
1207 0.10407
1208 0.10300
1209 0.10194
1210 0.10089
1211 0.09984
1212 0.09881
1213 0.09777
1214 0.09675
1215 0.09573
1216 1.00000
