17 124.51719
18 80.71491
19 53.91227
20 36.97467
21 25.96099
22 18.61450
23 13.60087
24 10.10806
25 7.62892
26 5.83916
27 4.52690
28 3.55099
29 2.81569
30 2.25497
31 1.82261
32 1.48575
33 1.22079
34 1.01051
35 0.84222
36 0.70649
37 0.59622
38 0.50601
39 0.43174
40 0.37021
41 0.31896
42 0.27603
43 0.23988
44 0.20930
45 0.18331
46 0.16112
47 0.14210
48 0.12574
49 0.11160
50 0.09934
51 0.08868
52 0.07937
53 0.07122
54 0.06406
55 0.05776
56 0.05220
57 0.04727
58 0.04289
59 0.03900
60 0.03553
61 0.03242
62 0.02964
63 0.02714
64 0.02490
65 0.02287
66 0.02105
67 0.01939
68 0.01789
69 0.01653
70 0.01529
71 0.01417
72 0.01314
73 0.01220
74 0.01134
75 0.01055
76 0.00983
77 0.00917
78 0.00856
79 0.00800
80 0.00748
81 0.00700
82 0.00656
83 0.00615
84 0.00577
85 0.00542
86 0.00510
87 0.00480
88 0.00451
89 0.00425
90 0.00401
91 0.00378
92 0.00357
93 0.00337
94 0.00319
95 0.00302
96 0.00285
97 0.00270
98 0.00256
99 0.00243
100 0.00230
101 0.00219
102 0.00207
103 0.00197
104 0.00187
105 0.00178
106 0.00169
107 0.00161
108 0.00154
109 0.00146
110 0.00139
111 0.00133
112 0.00127
113 0.00121
114 0.00115
115 0.00110
116 0.00105
117 0.00101
118 0.00096
119 0.00092
120 0.00088
121 0.00084
122 0.00080
123 0.00077
124 0.00074
125 0.00071
126 0.00068
127 0.00065
128 0.00062
129 0.00060
130 0.00057
131 0.00055
132 0.00053
133 0.00051
134 0.00049
135 0.00047
136 0.00045
137 0.00043
138 0.00041
139 0.00040
140 0.00038
141 0.00037
142 0.00035
143 0.00034
144 0.00033
145 0.00031
146 0.00030
147 0.00029
148 0.00028
149 0.00027
150 0.00026
151 0.00025
152 0.00024
153 0.00023
154 0.00022
155 0.00022
156 0.00021
157 0.00020
158 0.00019
159 0.00019
160 0.00018
161 0.00017
162 0.00017
163 0.00016
164 0.00016
165 0.00015
166 0.00015
167 0.00014
168 0.00014
169 0.00013
170 0.00013
171 0.00012
172 0.00012
173 0.00011
174 0.00011
175 0.00011
176 0.00010
177 0.00010
178 0.00010
179 0.00009
180 0.00009
181 0.00009
182 0.00008
183 0.00008
184 0.00008
185 0.00008
186 0.00007
187 0.00007
188 0.00007
189 0.00007
190 0.00006
191 0.00006
192 0.00006
193 0.00006
194 0.00006
195 0.00006
196 0.00005
197 0.00005
198 0.00005
199 0.00005
200 0.00005
201 0.00005
202 0.00004
203 0.00004
204 0.00004
205 0.00004
206 0.00004
207 0.00004
208 0.00004
209 0.00004
210 0.00003
211 0.00003
212 0.00003
213 0.00003
214 0.00003
215 0.00003
216 0.00003
217 0.00003
218 0.00003
219 0.00003
220 0.00002
221 0.00002
222 0.00002
223 0.00002
224 0.00002
225 0.00002
226 0.00002
227 0.00002
228 0.00002
229 0.00002
230 0.00002
231 0.00002
232 0.00002
233 0.00002
234 0.00002
235 0.00002
236 0.00002
237 0.00001
238 0.00001
239 0.00001
240 0.00001
241 0.00001
242 0.00001
243 0.00001
244 0.00001
245 0.00001
246 0.00001
247 0.00001
248 0.00001
249 0.00001
250 0.00001
251 0.00001
252 0.00001
253 0.00001
254 0.00001
255 0.00001
256 0.00001
257 0.00001
258 0.00001
259 0.00001
260 0.00001
261 0.00001
262 0.00001
263 0.00001
264 0.00001
265 0.00001
266 0.00001
267 0.00001
268 0.00001
269 0.00001
270 0.00001
271 0.00001
272 0.00001
273 0.00000
274 0.00000
275 0.00000
276 0.00000
277 0.00000
278 0.00000
279 0.00000
280 0.00000
281 0.00000
282 0.00000
283 0.00000
284 0.00000
285 0.00000
286 0.00000
287 0.00000
288 0.00000
289 0.00000
290 0.00000
291 0.00000
292 0.00000
293 0.00000
294 0.00000
295 0.00000
296 0.00000
297 0.00000
298 0.00000
299 0.00000
300 0.00000
301 0.00000
302 0.00000
303 0.00000
304 0.00000
305 0.00000
306 0.00000
307 0.00000
308 0.00000
309 0.00000
310 0.00000
311 0.00000
312 0.00000
313 0.00000
314 0.00000
315 0.00000
316 0.00000
317 0.00000
318 0.00000
319 0.00000
320 0.00000
321 0.00000
322 0.00000
323 0.00000
324 0.00000
325 0.00000
326 0.00000
327 0.00000
328 0.00000
329 0.00000
330 0.00000
331 0.00000
332 0.00000
333 0.00000
334 0.00000
335 0.00000
336 0.00000
337 0.00000
338 0.00000
339 0.00000
340 0.00000
341 0.00000
342 0.00000
343 0.00000
344 0.00000
345 0.00000
346 0.00000
347 0.00000
348 0.00000
349 0.00000
350 0.00000
351 0.00000
352 0.00000
353 0.00000
354 0.00000
355 0.00000
356 0.00000
357 0.00000
358 0.00000
359 0.00000
360 0.00000
361 0.00000
362 0.00000
363 0.00000
364 0.00000
365 0.00000
366 0.00000
367 0.00000
368 0.00000
369 0.00000
370 0.00000
371 0.00000
372 0.00000
373 0.00000
374 0.00000
375 0.00000
376 0.00000
377 0.00000
378 0.00000
379 0.00000
380 0.00000
381 0.00000
382 0.00000
383 0.00000
384 0.00000
385 0.00000
386 0.00000
387 0.00000
388 0.00000
389 0.00000
390 0.00000
391 0.00000
392 0.00000
393 0.00000
394 0.00000
395 0.00000
396 0.00000
397 0.00000
398 0.00000
399 0.00000
400 0.00000
401 0.00000
402 0.00000
403 0.00000
404 0.00000
405 0.00000
406 0.00000
407 0.00000
408 0.00000
409 0.00000
410 0.00000
411 0.00000
412 0.00000
413 0.00000
414 0.00000
415 0.00000
416 0.00000
417 0.00000
418 0.00000
419 0.00000
420 0.00000
421 0.00000
422 0.00000
423 0.00000
424 0.00000
425 0.00000
426 0.00000
427 0.00000
428 0.00000
429 0.00000
430 0.00000
431 0.00000
432 0.00000
433 0.00000
434 0.00000
435 0.00000
436 0.00000
437 0.00000
438 0.00000
439 0.00000
440 0.00000
441 0.00000
442 0.00000
443 0.00000
444 0.00000
445 0.00000
446 0.00000
447 0.00000
448 0.00000
449 0.00000
450 0.00000
451 0.00000
452 0.00000
453 0.00000
454 0.00000
455 0.00000
456 0.00000
457 0.00000
458 0.00000
459 0.00000
460 0.00000
461 0.00000
462 0.00000
463 0.00000
464 0.00000
465 0.00000
466 0.00000
467 0.00000
468 0.00000
469 0.00000
470 0.00000
471 0.00000
472 0.00000
473 0.00000
474 0.00000
475 0.00000
476 0.00000
477 0.00000
478 0.00000
479 0.00000
480 0.00000
481 0.00000
482 0.00000
483 0.00000
484 0.00000
485 0.00000
486 0.00000
487 0.00000
488 0.00000
489 0.00000
490 0.00000
491 0.00000
492 0.00000
493 0.00000
494 0.00000
495 0.00000
496 0.00000
497 0.00000
498 0.00000
499 0.00000
500 0.00000
501 0.00000
502 0.00000
503 0.00000
504 0.00000
505 0.00000
506 0.00000
507 0.00000
508 0.00000
509 0.00000
510 0.00000
511 0.00000
512 0.00000
513 0.00000
514 0.00000
515 0.00000
516 0.00000
517 0.00000
518 0.00000
519 0.00000
520 0.00000
521 0.00000
522 0.00000
523 0.00000
524 0.00000
525 0.00000
526 0.00000
527 0.00000
528 0.00000
529 0.00000
530 0.00000
531 0.00000
532 0.00000
533 0.00000
534 0.00000
535 0.00000
536 0.00000
537 0.00000
538 0.00000
539 0.00000
540 0.00000
541 0.00000
542 0.00000
543 0.00000
544 0.00000
545 0.00000
546 0.00000
547 0.00000
548 0.00000
549 0.00000
550 0.00000
551 0.00000
552 0.00000
553 0.00000
554 0.00000
555 0.00000
556 0.00000
557 0.00000
558 0.00000
559 0.00000
560 0.00000
561 0.00000
562 0.00000
563 0.00000
564 0.00000
565 0.00000
566 0.00000
567 0.00000
568 0.00000
569 0.00000
570 0.00000
571 0.00000
572 0.00000
573 0.00000
574 0.00000
575 0.00000
576 0.00000
577 0.00000
578 0.00000
579 0.00000
580 0.00000
581 0.00000
582 0.00000
583 0.00000
584 0.00000
585 0.00000
586 0.00000
587 0.00000
588 0.00000
589 0.00000
590 0.00000
591 0.00000
592 0.00000
593 0.00000
594 0.00000
595 0.00000
596 0.00000
597 0.00000
598 0.00000
599 0.00000
600 0.00000
601 0.00000
602 0.00000
603 0.00000
604 0.00000
605 0.00000
606 0.00000
607 0.00000
608 0.00000
609 0.00000
610 0.00000
611 0.00000
612 0.00000
613 0.00000
614 0.00000
615 0.00000
616 0.00000
617 0.00000
618 0.00000
619 0.00000
620 0.00000
621 0.00000
622 0.00000
623 0.00000
624 0.00000
625 0.00000
626 0.00000
627 0.00000
628 0.00000
629 0.00000
630 0.00000
631 0.00000
632 0.00000
633 0.00000
634 0.00000
635 0.00000
636 0.00000
637 0.00000
638 0.00000
639 0.00000
640 0.00000
641 0.00000
642 0.00000
643 0.00000
644 0.00000
645 0.00000
646 0.00000
647 0.00000
648 0.00000
649 0.00000
650 0.00000
651 0.00000
652 0.00000
653 0.00000
654 0.00000
655 0.00000
656 0.00000
657 0.00000
658 0.00000
659 0.00000
660 0.00000
661 0.00000
662 0.00000
663 0.00000
664 0.00000
665 0.00000
666 0.00000
667 0.00000
668 0.00000
669 0.00000
670 0.00000
671 0.00000
672 0.00000
673 0.00000
674 0.00000
675 0.00000
676 0.00000
677 0.00000
678 0.00000
679 0.00000
680 0.00000
681 0.00000
682 0.00000
683 0.00000
684 0.00000
685 0.00000
686 0.00000
687 0.00000
688 0.00000
689 0.00000
690 0.00000
691 0.00000
692 0.00000
693 0.00000
694 0.00000
695 0.00000
696 0.00000
697 0.00000
698 0.00000
699 0.00000
700 0.00000
701 0.00000
702 0.00000
703 0.00000
704 0.00000
705 0.00000
706 0.00000
707 0.00000
708 0.00000
709 0.00000
710 0.00000
711 0.00000
712 0.00000
713 0.00000
714 0.00000
715 0.00000
716 0.00000
717 0.00000
718 0.00000
719 0.00000
720 0.00000
721 0.00000
722 0.00000
723 0.00000
724 0.00000
725 0.00000
726 0.00000
727 0.00000
728 0.00000
729 0.00000
730 0.00000
731 0.00000
732 0.00000
733 0.00000
734 0.00000
735 0.00000
736 0.00000
737 0.00000
738 0.00000
739 0.00000
740 0.00000
741 0.00000
742 0.00000
743 0.00000
744 0.00000
745 0.00000
746 0.00000
747 0.00000
748 0.00000
749 0.00000
750 0.00000
751 0.00000
752 0.00000
753 0.00000
754 0.00000
755 0.00000
756 0.00000
757 0.00000
758 0.00000
759 0.00000
760 0.00000
761 0.00000
762 0.00000
763 0.00000
764 0.00000
765 0.00000
766 0.00000
767 0.00000
768 0.00000
769 0.00000
770 0.00000
771 0.00000
772 0.00000
773 0.00000
774 0.00000
775 0.00000
776 0.00000
777 0.00000
778 0.00000
779 0.00000
780 0.00000
781 0.00000
782 0.00000
783 0.00000
784 0.00000
785 0.00000
786 0.00000
787 0.00000
788 0.00000
789 0.00000
790 0.00000
791 0.00000
792 0.00000
793 0.00000
794 0.00000
795 0.00000
796 0.00000
797 0.00000
798 0.00000
799 0.00000
800 0.00000
801 0.00000
802 0.00000
803 0.00000
804 0.00000
805 0.00000
806 0.00000
807 0.00000
808 0.00000
809 0.00000
810 0.00000
811 0.00000
812 0.00000
813 0.00000
814 0.00000
815 0.00000
816 0.00000
817 0.00000
818 0.00000
819 0.00000
820 0.00000
821 0.00000
822 0.00000
823 0.00000
824 0.00000
825 0.00000
826 0.00000
827 0.00000
828 0.00000
829 0.00000
830 0.00000
831 0.00000
832 0.00000
833 0.00000
834 0.00000
835 0.00000
836 0.00000
837 0.00000
838 0.00000
839 0.00000
840 0.00000
841 0.00000
842 0.00000
843 0.00000
844 0.00000
845 0.00000
846 0.00000
847 0.00000
848 0.00000
849 0.00000
850 0.00000
851 0.00000
852 0.00000
853 0.00001
854 0.00001
855 0.00001
856 0.00001
857 0.00001
858 0.00001
859 0.00001
860 0.00001
861 0.00001
862 0.00001
863 0.00001
864 0.00001
865 0.00002
866 0.00002
867 0.00002
868 0.00002
869 0.00002
870 0.00003
871 0.00003
872 0.00003
873 0.00003
874 0.00004
875 0.00004
876 0.00005
877 0.00005
878 0.00006
879 0.00006
880 0.00007
881 0.00008
882 0.00009
883 0.00010
884 0.00011
885 0.00013
886 0.00014
887 0.00016
888 0.00018
889 0.00020
890 0.00022
891 0.00025
892 0.00028
893 0.00032
894 0.00036
895 0.00040
896 0.00045
897 0.00051
898 0.00058
899 0.00066
900 0.00074
901 0.00084
902 0.00096
903 0.00109
904 0.00123
905 0.00140
906 0.00160
907 0.00182
908 0.00207
909 0.00237
910 0.00270
911 0.00309
912 0.00342
913 0.00451
914 0.00556
915 0.00654
916 0.00721
917 0.00755
918 0.00799
919 0.00856
920 0.00932
921 0.01036
922 0.01011
923 0.00987
924 0.01131
925 0.01102
926 0.01073
927 0.01279
928 0.01246
929 0.01215
930 0.01184
931 0.01501
932 0.01465
933 0.01429
934 0.01394
935 0.01359
936 0.01326
937 0.01293
938 0.01814
939 0.01772
940 0.01731
941 0.01690
942 0.01651
943 0.01612
944 0.01574
945 0.01536
946 0.01499
947 0.01463
948 0.01428
949 0.01394
950 0.02337
951 0.02287
952 0.02238
953 0.02189
954 0.02142
955 0.02095
956 0.02049
957 0.02004
958 0.01959
959 0.01916
960 0.01873
961 0.01831
962 0.01790
963 0.01749
964 0.01709
965 0.01670
966 0.01632
967 0.01594
968 0.01557
969 0.01521
970 0.01485
971 0.01450
972 0.01416
973 0.03424
974 0.03359
975 0.03295
976 0.03233
977 0.03171
978 0.03110
979 0.03050
980 0.02991
981 0.02933
982 0.02875
983 0.02819
984 0.02763
985 0.02708
986 0.02654
987 0.02601
988 0.02549
989 0.02498
990 0.02447
991 0.02397
992 0.02348
993 0.02300
994 0.02252
995 0.02206
996 0.02160
997 0.02114
998 0.02070
999 0.02026
1000 0.01983
1001 0.01941
1002 0.01900
1003 0.01859
1004 0.01819
1005 0.01779
1006 0.01740
1007 0.01702
1008 0.01665
1009 0.01628
1010 0.01592
1011 0.01557
1012 0.01522
1013 0.01488
1014 0.01454
1015 0.01421
1016 0.01389
1017 0.01357
1018 0.01326
1019 0.01295
1020 0.01265
1021 0.01236
1022 0.01207
1023 0.01179
1024 0.01151
1025 0.01124
1026 0.07159
1027 0.07059
1028 0.06960
1029 0.06861
1030 0.06763
1031 0.06667
1032 0.06571
1033 0.06477
1034 0.06383
1035 0.06290
1036 0.06198
1037 0.06108
1038 0.06018
1039 0.05929
1040 0.05841
1041 0.05754
1042 0.05668
1043 0.05582
1044 0.05498
1045 0.05415
1046 0.05332
1047 0.05251
1048 0.05170
1049 0.05090
1050 0.05011
1051 0.04934
1052 0.04856
1053 0.04780
1054 0.04705
1055 0.04631
1056 0.04557
1057 0.04484
1058 0.04412
1059 0.04341
1060 0.04271
1061 0.04202
1062 0.04133
1063 0.04066
1064 0.03999
1065 0.03933
1066 0.03868
1067 0.03803
1068 0.03740
1069 0.03677
1070 0.03615
1071 0.03554
1072 0.03494
1073 0.03434
1074 0.03375
1075 0.03317
1076 0.03260
1077 0.03203
1078 0.03147
1079 0.03092
1080 0.03038
1081 0.02985
1082 0.02932
1083 0.02880
1084 0.02828
1085 0.02777
1086 0.02727
1087 0.02678
1088 0.02630
1089 0.02582
1090 0.02534
1091 0.02488
1092 0.02442
1093 0.02397
1094 0.02352
1095 0.02308
1096 0.02265
1097 0.02222
1098 0.02180
1099 0.02139
1100 0.02098
1101 0.02058
1102 0.02018
1103 0.01979
1104 0.01941
1105 0.01903
1106 0.01866
1107 0.01830
1108 0.01794
1109 0.01758
1110 0.01723
1111 0.01689
1112 0.01655
1113 0.01622
1114 0.01589
1115 0.01557
1116 0.01525
1117 0.01494
1118 0.01464
1119 0.01434
1120 0.01404
1121 0.01375
1122 0.01346
1123 0.01318
1124 0.01290
1125 0.01263
1126 0.01237
1127 0.01210
1128 0.01184
1129 0.01159
1130 0.01134
1131 0.01110
1132 0.01086
1133 0.01062
1134 0.01039
1135 0.01016
1136 0.00994
1137 0.00972
1138 0.00950
1139 0.00929
1140 0.00908
1141 0.00888
1142 0.00868
1143 0.00848
1144 0.00829
1145 0.00810
1146 0.00792
1147 0.00774
1148 0.00756
1149 0.00738
1150 0.00721
1151 0.00704
1152 0.00688
1153 0.00672
1154 0.00656
1155 0.00640
1156 0.00625
1157 0.00610
1158 0.00596
1159 0.00581
1160 0.00567
1161 0.00553
1162 0.00540
1163 0.00527
1164 0.00514
1165 0.00501
1166 0.00489
1167 0.00477
1168 0.00465
1169 0.00453
1170 0.00442
1171 0.00431
1172 0.00420
1173 0.00409
1174 0.00399
1175 0.00389
1176 0.00379
1177 0.00369
1178 0.00359
1179 0.00350
1180 0.00341
1181 0.00332
1182 0.00323
1183 0.00315
1184 0.00306
1185 0.00298
1186 0.00290
1187 0.00283
1188 0.00275
1189 0.00268
1190 0.00260
1191 0.00253
1192 0.00246
1193 0.00240
1194 0.00233
1195 0.00227
1196 0.00220
1197 0.00214
1198 0.00208
1199 0.00203
1200 0.00197
1201 0.00191
1202 0.00186
1203 0.00181
1204 0.00175
1205 0.00170
1206 0.00166
1207 0.00161
1208 0.00156
1209 0.00152
1210 0.00147
1211 0.00143
1212 0.00139
1213 0.00135
1214 0.00131
1215 0.00127
1216 1.00000
