17 102.65395
18 67.66353
19 45.90311
20 31.94260
21 22.73558
22 16.51218
23 12.21161
24 9.18002
25 7.00408
26 5.41646
27 4.24063
28 3.35774
29 2.68640
30 2.16995
31 1.76836
32 1.45296
33 1.20294
34 1.00303
35 0.84190
36 0.71104
37 0.60401
38 0.51589
39 0.44288
40 0.38204
41 0.33105
42 0.28811
43 0.25175
44 0.22082
45 0.19440
46 0.17173
47 0.15220
48 0.13531
49 0.12066
50 0.10789
51 0.09674
52 0.08696
53 0.07836
54 0.07078
55 0.06408
56 0.05813
57 0.05285
58 0.04814
59 0.04394
60 0.04017
61 0.03679
62 0.03376
63 0.03102
64 0.02855
65 0.02632
66 0.02429
67 0.02246
68 0.02079
69 0.01927
70 0.01788
71 0.01661
72 0.01545
73 0.01439
74 0.01342
75 0.01252
76 0.01170
77 0.01094
78 0.01024
79 0.00960
80 0.00900
81 0.00845
82 0.00793
83 0.00746
84 0.00702
85 0.00661
86 0.00623
87 0.00588
88 0.00554
89 0.00524
90 0.00495
91 0.00468
92 0.00443
93 0.00419
94 0.00397
95 0.00377
96 0.00357
97 0.00339
98 0.00322
99 0.00306
100 0.00291
101 0.00277
102 0.00263
103 0.00251
104 0.00239
105 0.00227
106 0.00217
107 0.00207
108 0.00197
109 0.00188
110 0.00180
111 0.00172
112 0.00164
113 0.00157
114 0.00150
115 0.00144
116 0.00137
117 0.00132
118 0.00126
119 0.00121
120 0.00116
121 0.00111
122 0.00106
123 0.00102
124 0.00098
125 0.00094
126 0.00090
127 0.00087
128 0.00083
129 0.00080
130 0.00077
131 0.00074
132 0.00071
133 0.00068
134 0.00066
135 0.00063
136 0.00061
137 0.00058
138 0.00056
139 0.00054
140 0.00052
141 0.00050
142 0.00048
143 0.00047
144 0.00045
145 0.00043
146 0.00042
147 0.00040
148 0.00039
149 0.00038
150 0.00036
151 0.00035
152 0.00034
153 0.00033
154 0.00031
155 0.00030
156 0.00029
157 0.00028
158 0.00027
159 0.00026
160 0.00026
161 0.00025
162 0.00024
163 0.00023
164 0.00022
165 0.00022
166 0.00021
167 0.00020
168 0.00020
169 0.00019
170 0.00018
171 0.00018
172 0.00017
173 0.00017
174 0.00016
175 0.00016
176 0.00015
177 0.00015
178 0.00014
179 0.00014
180 0.00013
181 0.00013
182 0.00012
183 0.00012
184 0.00012
185 0.00011
186 0.00011
187 0.00011
188 0.00010
189 0.00010
190 0.00010
191 0.00009
192 0.00009
193 0.00009
194 0.00009
195 0.00008
196 0.00008
197 0.00008
198 0.00008
199 0.00007
200 0.00007
201 0.00007
202 0.00007
203 0.00006
204 0.00006
205 0.00006
206 0.00006
207 0.00006
208 0.00006
209 0.00005
210 0.00005
211 0.00005
212 0.00005
213 0.00005
214 0.00005
215 0.00005
216 0.00004
217 0.00004
218 0.00004
219 0.00004
220 0.00004
221 0.00004
222 0.00004
223 0.00004
224 0.00003
225 0.00003
226 0.00003
227 0.00003
228 0.00003
229 0.00003
230 0.00003
231 0.00003
232 0.00003
233 0.00003
234 0.00003
235 0.00003
236 0.00002
237 0.00002
238 0.00002
239 0.00002
240 0.00002
241 0.00002
242 0.00002
243 0.00002
244 0.00002
245 0.00002
246 0.00002
247 0.00002
248 0.00002
249 0.00002
250 0.00002
251 0.00002
252 0.00002
253 0.00001
254 0.00001
255 0.00001
256 0.00001
257 0.00001
258 0.00001
259 0.00001
260 0.00001
261 0.00001
262 0.00001
263 0.00001
264 0.00001
265 0.00001
266 0.00001
267 0.00001
268 0.00001
269 0.00001
270 0.00001
271 0.00001
272 0.00001
273 0.00001
274 0.00001
275 0.00001
276 0.00001
277 0.00001
278 0.00001
279 0.00001
280 0.00001
281 0.00001
282 0.00001
283 0.00001
284 0.00001
285 0.00001
286 0.00001
287 0.00001
288 0.00001
289 0.00001
290 0.00001
291 0.00000
292 0.00000
293 0.00000
294 0.00000
295 0.00000
296 0.00000
297 0.00000
298 0.00000
299 0.00000
300 0.00000
301 0.00000
302 0.00000
303 0.00000
304 0.00000
305 0.00000
306 0.00000
307 0.00000
308 0.00000
309 0.00000
310 0.00000
311 0.00000
312 0.00000
313 0.00000
314 0.00000
315 0.00000
316 0.00000
317 0.00000
318 0.00000
319 0.00000
320 0.00000
321 0.00000
322 0.00000
323 0.00000
324 0.00000
325 0.00000
326 0.00000
327 0.00000
328 0.00000
329 0.00000
330 0.00000
331 0.00000
332 0.00000
333 0.00000
334 0.00000
335 0.00000
336 0.00000
337 0.00000
338 0.00000
339 0.00000
340 0.00000
341 0.00000
342 0.00000
343 0.00000
344 0.00000
345 0.00000
346 0.00000
347 0.00000
348 0.00000
349 0.00000
350 0.00000
351 0.00000
352 0.00000
353 0.00000
354 0.00000
355 0.00000
356 0.00000
357 0.00000
358 0.00000
359 0.00000
360 0.00000
361 0.00000
362 0.00000
363 0.00000
364 0.00000
365 0.00000
366 0.00000
367 0.00000
368 0.00000
369 0.00000
370 0.00000
371 0.00000
372 0.00000
373 0.00000
374 0.00000
375 0.00000
376 0.00000
377 0.00000
378 0.00000
379 0.00000
380 0.00000
381 0.00000
382 0.00000
383 0.00000
384 0.00000
385 0.00000
386 0.00000
387 0.00000
388 0.00000
389 0.00000
390 0.00000
391 0.00000
392 0.00000
393 0.00000
394 0.00000
395 0.00000
396 0.00000
397 0.00000
398 0.00000
399 0.00000
400 0.00000
401 0.00000
402 0.00000
403 0.00000
404 0.00000
405 0.00000
406 0.00000
407 0.00000
408 0.00000
409 0.00000
410 0.00000
411 0.00000
412 0.00000
413 0.00000
414 0.00000
415 0.00000
416 0.00000
417 0.00000
418 0.00000
419 0.00000
420 0.00000
421 0.00000
422 0.00000
423 0.00000
424 0.00000
425 0.00000
426 0.00000
427 0.00000
428 0.00000
429 0.00000
430 0.00000
431 0.00000
432 0.00000
433 0.00000
434 0.00000
435 0.00000
436 0.00000
437 0.00000
438 0.00000
439 0.00000
440 0.00000
441 0.00000
442 0.00000
443 0.00000
444 0.00000
445 0.00000
446 0.00000
447 0.00000
448 0.00000
449 0.00000
450 0.00000
451 0.00000
452 0.00000
453 0.00000
454 0.00000
455 0.00000
456 0.00000
457 0.00000
458 0.00000
459 0.00000
460 0.00000
461 0.00000
462 0.00000
463 0.00000
464 0.00000
465 0.00000
466 0.00000
467 0.00000
468 0.00000
469 0.00000
470 0.00000
471 0.00000
472 0.00000
473 0.00000
474 0.00000
475 0.00000
476 0.00000
477 0.00000
478 0.00000
479 0.00000
480 0.00000
481 0.00000
482 0.00000
483 0.00000
484 0.00000
485 0.00000
486 0.00000
487 0.00000
488 0.00000
489 0.00000
490 0.00000
491 0.00000
492 0.00000
493 0.00000
494 0.00000
495 0.00000
496 0.00000
497 0.00000
498 0.00000
499 0.00000
500 0.00000
501 0.00000
502 0.00000
503 0.00000
504 0.00000
505 0.00000
506 0.00000
507 0.00000
508 0.00000
509 0.00000
510 0.00000
511 0.00000
512 0.00000
513 0.00000
514 0.00000
515 0.00000
516 0.00000
517 0.00000
518 0.00000
519 0.00000
520 0.00000
521 0.00000
522 0.00000
523 0.00000
524 0.00000
525 0.00000
526 0.00000
527 0.00000
528 0.00000
529 0.00000
530 0.00000
531 0.00000
532 0.00000
533 0.00000
534 0.00000
535 0.00000
536 0.00000
537 0.00000
538 0.00000
539 0.00000
540 0.00000
541 0.00000
542 0.00000
543 0.00000
544 0.00000
545 0.00000
546 0.00000
547 0.00000
548 0.00000
549 0.00000
550 0.00000
551 0.00000
552 0.00000
553 0.00000
554 0.00000
555 0.00000
556 0.00000
557 0.00000
558 0.00000
559 0.00000
560 0.00000
561 0.00000
562 0.00000
563 0.00000
564 0.00000
565 0.00000
566 0.00000
567 0.00000
568 0.00000
569 0.00000
570 0.00000
571 0.00000
572 0.00000
573 0.00000
574 0.00000
575 0.00000
576 0.00000
577 0.00000
578 0.00000
579 0.00000
580 0.00000
581 0.00000
582 0.00000
583 0.00000
584 0.00000
585 0.00000
586 0.00000
587 0.00000
588 0.00000
589 0.00000
590 0.00000
591 0.00000
592 0.00000
593 0.00000
594 0.00000
595 0.00000
596 0.00000
597 0.00000
598 0.00000
599 0.00000
600 0.00000
601 0.00000
602 0.00000
603 0.00000
604 0.00000
605 0.00000
606 0.00000
607 0.00000
608 0.00000
609 0.00000
610 0.00000
611 0.00000
612 0.00000
613 0.00000
614 0.00000
615 0.00000
616 0.00000
617 0.00000
618 0.00000
619 0.00000
620 0.00000
621 0.00000
622 0.00000
623 0.00000
624 0.00000
625 0.00000
626 0.00000
627 0.00000
628 0.00000
629 0.00000
630 0.00000
631 0.00000
632 0.00000
633 0.00000
634 0.00000
635 0.00000
636 0.00000
637 0.00000
638 0.00000
639 0.00000
640 0.00000
641 0.00000
642 0.00000
643 0.00000
644 0.00000
645 0.00000
646 0.00000
647 0.00000
648 0.00000
649 0.00000
650 0.00000
651 0.00000
652 0.00000
653 0.00000
654 0.00000
655 0.00000
656 0.00000
657 0.00000
658 0.00000
659 0.00000
660 0.00000
661 0.00000
662 0.00000
663 0.00000
664 0.00000
665 0.00000
666 0.00000
667 0.00000
668 0.00000
669 0.00000
670 0.00000
671 0.00000
672 0.00000
673 0.00000
674 0.00000
675 0.00000
676 0.00000
677 0.00000
678 0.00000
679 0.00000
680 0.00000
681 0.00000
682 0.00000
683 0.00000
684 0.00000
685 0.00000
686 0.00000
687 0.00000
688 0.00000
689 0.00000
690 0.00000
691 0.00000
692 0.00000
693 0.00000
694 0.00000
695 0.00000
696 0.00000
697 0.00000
698 0.00000
699 0.00000
700 0.00000
701 0.00000
702 0.00000
703 0.00000
704 0.00000
705 0.00000
706 0.00000
707 0.00000
708 0.00000
709 0.00000
710 0.00000
711 0.00000
712 0.00000
713 0.00000
714 0.00000
715 0.00000
716 0.00000
717 0.00000
718 0.00000
719 0.00000
720 0.00000
721 0.00000
722 0.00000
723 0.00000
724 0.00000
725 0.00000
726 0.00000
727 0.00000
728 0.00000
729 0.00000
730 0.00000
731 0.00000
732 0.00000
733 0.00000
734 0.00000
735 0.00000
736 0.00000
737 0.00000
738 0.00000
739 0.00000
740 0.00000
741 0.00000
742 0.00000
743 0.00000
744 0.00000
745 0.00000
746 0.00000
747 0.00000
748 0.00000
749 0.00000
750 0.00000
751 0.00000
752 0.00000
753 0.00000
754 0.00000
755 0.00000
756 0.00000
757 0.00000
758 0.00000
759 0.00000
760 0.00000
761 0.00000
762 0.00000
763 0.00000
764 0.00000
765 0.00000
766 0.00000
767 0.00000
768 0.00000
769 0.00000
770 0.00000
771 0.00000
772 0.00000
773 0.00000
774 0.00000
775 0.00000
776 0.00000
777 0.00000
778 0.00000
779 0.00000
780 0.00000
781 0.00000
782 0.00000
783 0.00000
784 0.00000
785 0.00000
786 0.00000
787 0.00000
788 0.00000
789 0.00000
790 0.00000
791 0.00000
792 0.00000
793 0.00000
794 0.00000
795 0.00000
796 0.00000
797 0.00000
798 0.00000
799 0.00000
800 0.00000
801 0.00000
802 0.00000
803 0.00000
804 0.00000
805 0.00000
806 0.00000
807 0.00000
808 0.00000
809 0.00000
810 0.00000
811 0.00000
812 0.00000
813 0.00000
814 0.00000
815 0.00000
816 0.00000
817 0.00000
818 0.00000
819 0.00000
820 0.00000
821 0.00000
822 0.00000
823 0.00000
824 0.00000
825 0.00000
826 0.00000
827 0.00000
828 0.00000
829 0.00000
830 0.00000
831 0.00000
832 0.00000
833 0.00000
834 0.00000
835 0.00000
836 0.00000
837 0.00000
838 0.00000
839 0.00000
840 0.00000
841 0.00000
842 0.00000
843 0.00000
844 0.00001
845 0.00001
846 0.00001
847 0.00001
848 0.00001
849 0.00001
850 0.00001
851 0.00001
852 0.00001
853 0.00001
854 0.00001
855 0.00001
856 0.00001
857 0.00002
858 0.00002
859 0.00002
860 0.00002
861 0.00002
862 0.00002
863 0.00003
864 0.00003
865 0.00003
866 0.00003
867 0.00004
868 0.00004
869 0.00004
870 0.00005
871 0.00005
872 0.00006
873 0.00007
874 0.00007
875 0.00008
876 0.00009
877 0.00010
878 0.00011
879 0.00012
880 0.00013
881 0.00015
882 0.00016
883 0.00018
884 0.00020
885 0.00022
886 0.00024
887 0.00027
888 0.00030
889 0.00034
890 0.00038
891 0.00042
892 0.00047
893 0.00052
894 0.00059
895 0.00066
896 0.00074
897 0.00082
898 0.00092
899 0.00104
900 0.00117
901 0.00131
902 0.00148
903 0.00166
904 0.00187
905 0.00211
906 0.00238
907 0.00269
908 0.00304
909 0.00345
910 0.00390
911 0.00442
912 0.00486
913 0.00632
914 0.00771
915 0.00898
916 0.00984
917 0.01028
918 0.01083
919 0.01155
920 0.01251
921 0.01381
922 0.01351
923 0.01320
924 0.01499
925 0.01467
926 0.01435
927 0.01694
928 0.01658
929 0.01623
930 0.01589
931 0.01988
932 0.01949
933 0.01909
934 0.01871
935 0.01833
936 0.01796
937 0.01757
938 0.02408
939 0.02356
940 0.02305
941 0.02255
942 0.02206
943 0.02157
944 0.02110
945 0.02063
946 0.02017
947 0.01972
948 0.01928
949 0.01885
950 0.03049
951 0.02988
952 0.02928
953 0.02869
954 0.02811
955 0.02754
956 0.02698
957 0.02643
958 0.02588
959 0.02535
960 0.02482
961 0.02430
962 0.02379
963 0.02329
964 0.02280
965 0.02231
966 0.02184
967 0.02137
968 0.02091
969 0.02045
970 0.02001
971 0.01957
972 0.01914
973 0.04349
974 0.04272
975 0.04197
976 0.04123
977 0.04050
978 0.03977
979 0.03906
980 0.03836
981 0.03766
982 0.03698
983 0.03630
984 0.03564
985 0.03498
986 0.03433
987 0.03369
988 0.03306
989 0.03244
990 0.03183
991 0.03123
992 0.03063
993 0.03005
994 0.02947
995 0.02890
996 0.02834
997 0.02779
998 0.02725
999 0.02672
1000 0.02619
1001 0.02567
1002 0.02516
1003 0.02466
1004 0.02416
1005 0.02368
1006 0.02320
1007 0.02272
1008 0.02226
1009 0.02180
1010 0.02135
1011 0.02091
1012 0.02048
1013 0.02005
1014 0.01963
1015 0.01922
1016 0.01881
1017 0.01841
1018 0.01802
1019 0.01763
1020 0.01725
1021 0.01688
1022 0.01651
1023 0.01615
1024 0.01580
1025 0.01545
1026 0.08634
1027 0.08521
1028 0.08409
1029 0.08299
1030 0.08189
1031 0.08080
1032 0.07973
1033 0.07866
1034 0.07760
1035 0.07655
1036 0.07552
1037 0.07449
1038 0.07347
1039 0.07246
1040 0.07146
1041 0.07047
1042 0.06949
1043 0.06852
1044 0.06756
1045 0.06661
1046 0.06566
1047 0.06473
1048 0.06380
1049 0.06289
1050 0.06198
1051 0.06109
1052 0.06020
1053 0.05932
1054 0.05846
1055 0.05760
1056 0.05674
1057 0.05590
1058 0.05507
1059 0.05425
1060 0.05343
1061 0.05263
1062 0.05183
1063 0.05104
1064 0.05026
1065 0.04949
1066 0.04873
1067 0.04797
1068 0.04723
1069 0.04649
1070 0.04576
1071 0.04504
1072 0.04433
1073 0.04363
1074 0.04294
1075 0.04225
1076 0.04157
1077 0.04090
1078 0.04024
1079 0.03958
1080 0.03894
1081 0.03830
1082 0.03767
1083 0.03705
1084 0.03643
1085 0.03582
1086 0.03523
1087 0.03463
1088 0.03405
1089 0.03347
1090 0.03290
1091 0.03234
1092 0.03179
1093 0.03124
1094 0.03070
1095 0.03017
1096 0.02964
1097 0.02912
1098 0.02861
1099 0.02810
1100 0.02761
1101 0.02712
1102 0.02663
1103 0.02615
1104 0.02568
1105 0.02522
1106 0.02476
1107 0.02431
1108 0.02386
1109 0.02343
1110 0.02299
1111 0.02257
1112 0.02215
1113 0.02174
1114 0.02133
1115 0.02093
1116 0.02053
1117 0.02014
1118 0.01976
1119 0.01938
1120 0.01901
1121 0.01864
1122 0.01828
1123 0.01793
1124 0.01758
1125 0.01723
1126 0.01689
1127 0.01656
1128 0.01623
1129 0.01591
1130 0.01559
1131 0.01528
1132 0.01497
1133 0.01467
1134 0.01437
1135 0.01408
1136 0.01379
1137 0.01351
1138 0.01323
1139 0.01296
1140 0.01269
1141 0.01242
1142 0.01216
1143 0.01191
1144 0.01165
1145 0.01141
1146 0.01117
1147 0.01093
1148 0.01069
1149 0.01046
1150 0.01024
1151 0.01002
1152 0.00980
1153 0.00958
1154 0.00937
1155 0.00917
1156 0.00896
1157 0.00877
1158 0.00857
1159 0.00838
1160 0.00819
1161 0.00801
1162 0.00782
1163 0.00765
1164 0.00747
1165 0.00730
1166 0.00713
1167 0.00697
1168 0.00681
1169 0.00665
1170 0.00650
1171 0.00634
1172 0.00619
1173 0.00605
1174 0.00591
1175 0.00577
1176 0.00563
1177 0.00549
1178 0.00536
1179 0.00523
1180 0.00510
1181 0.00498
1182 0.00486
1183 0.00474
1184 0.00462
1185 0.00451
1186 0.00440
1187 0.00429
1188 0.00418
1189 0.00408
1190 0.00397
1191 0.00387
1192 0.00378
1193 0.00368
1194 0.00359
1195 0.00349
1196 0.00340
1197 0.00332
1198 0.00323
1199 0.00315
1200 0.00306
1201 0.00298
1202 0.00291
1203 0.00283
1204 0.00275
1205 0.00268
1206 0.00261
1207 0.00254
1208 0.00247
1209 0.00241
1210 0.00234
1211 0.00228
1212 0.00221
1213 0.00215
1214 0.00209
1215 0.00204
1216 1.00000
