17 70.86970
18 48.23551
19 33.71472
20 24.12481
21 17.62632
22 13.12045
23 9.93119
24 7.63150
25 5.94513
26 4.68944
27 3.74127
28 3.01609
29 2.45488
30 2.01583
31 1.66888
32 1.39214
33 1.16949
34 0.98891
35 0.84133
36 0.71989
37 0.61928
38 0.53541
39 0.46509
40 0.40581
41 0.35557
42 0.31279
43 0.27618
44 0.24473
45 0.21758
46 0.19407
47 0.17362
48 0.15577
49 0.14014
50 0.12641
51 0.11431
52 0.10361
53 0.09413
54 0.08570
55 0.07819
56 0.07148
57 0.06547
58 0.06007
59 0.05522
60 0.05084
61 0.04689
62 0.04331
63 0.04007
64 0.03712
65 0.03443
66 0.03199
67 0.02975
68 0.02771
69 0.02584
70 0.02412
71 0.02254
72 0.02109
73 0.01975
74 0.01852
75 0.01738
76 0.01632
77 0.01535
78 0.01444
79 0.01360
80 0.01282
81 0.01210
82 0.01142
83 0.01079
84 0.01021
85 0.00966
86 0.00915
87 0.00867
88 0.00822
89 0.00780
90 0.00740
91 0.00703
92 0.00668
93 0.00636
94 0.00605
95 0.00576
96 0.00549
97 0.00523
98 0.00499
99 0.00476
100 0.00454
101 0.00434
102 0.00415
103 0.00396
104 0.00379
105 0.00363
106 0.00347
107 0.00332
108 0.00318
109 0.00305
110 0.00292
111 0.00280
112 0.00269
113 0.00258
114 0.00248
115 0.00238
116 0.00229
117 0.00220
118 0.00211
119 0.00203
120 0.00195
121 0.00188
122 0.00181
123 0.00174
124 0.00168
125 0.00161
126 0.00156
127 0.00150
128 0.00144
129 0.00139
130 0.00134
131 0.00130
132 0.00125
133 0.00121
134 0.00116
135 0.00112
136 0.00109
137 0.00105
138 0.00101
139 0.00098
140 0.00095
141 0.00091
142 0.00088
143 0.00085
144 0.00083
145 0.00080
146 0.00077
147 0.00075
148 0.00072
149 0.00070
150 0.00068
151 0.00066
152 0.00064
153 0.00062
154 0.00060
155 0.00058
156 0.00056
157 0.00054
158 0.00053
159 0.00051
160 0.00050
161 0.00048
162 0.00047
163 0.00045
164 0.00044
165 0.00043
166 0.00041
167 0.00040
168 0.00039
169 0.00038
170 0.00037
171 0.00036
172 0.00034
173 0.00033
174 0.00033
175 0.00032
176 0.00031
177 0.00030
178 0.00029
179 0.00028
180 0.00027
181 0.00027
182 0.00026
183 0.00025
184 0.00024
185 0.00024
186 0.00023
187 0.00022
188 0.00022
189 0.00021
190 0.00021
191 0.00020
192 0.00019
193 0.00019
194 0.00018
195 0.00018
196 0.00017
197 0.00017
198 0.00016
199 0.00016
200 0.00016
201 0.00015
202 0.00015
203 0.00014
204 0.00014
205 0.00014
206 0.00013
207 0.00013
208 0.00013
209 0.00012
210 0.00012
211 0.00012
212 0.00011
213 0.00011
214 0.00011
215 0.00010
216 0.00010
217 0.00010
218 0.00010
219 0.00009
220 0.00009
221 0.00009
222 0.00009
223 0.00008
224 0.00008
225 0.00008
226 0.00008
227 0.00008
228 0.00007
229 0.00007
230 0.00007
231 0.00007
232 0.00007
233 0.00006
234 0.00006
235 0.00006
236 0.00006
237 0.00006
238 0.00006
239 0.00006
240 0.00005
241 0.00005
242 0.00005
243 0.00005
244 0.00005
245 0.00005
246 0.00005
247 0.00005
248 0.00004
249 0.00004
250 0.00004
251 0.00004
252 0.00004
253 0.00004
254 0.00004
255 0.00004
256 0.00004
257 0.00003
258 0.00003
259 0.00003
260 0.00003
261 0.00003
262 0.00003
263 0.00003
264 0.00003
265 0.00003
266 0.00003
267 0.00003
268 0.00003
269 0.00003
270 0.00003
271 0.00002
272 0.00002
273 0.00002
274 0.00002
275 0.00002
276 0.00002
277 0.00002
278 0.00002
279 0.00002
280 0.00002
281 0.00002
282 0.00002
283 0.00002
284 0.00002
285 0.00002
286 0.00002
287 0.00002
288 0.00002
289 0.00002
290 0.00002
291 0.00001
292 0.00001
293 0.00001
294 0.00001
295 0.00001
296 0.00001
297 0.00001
298 0.00001
299 0.00001
300 0.00001
301 0.00001
302 0.00001
303 0.00001
304 0.00001
305 0.00001
306 0.00001
307 0.00001
308 0.00001
309 0.00001
310 0.00001
311 0.00001
312 0.00001
313 0.00001
314 0.00001
315 0.00001
316 0.00001
317 0.00001
318 0.00001
319 0.00001
320 0.00001
321 0.00001
322 0.00001
323 0.00001
324 0.00001
325 0.00001
326 0.00001
327 0.00001
328 0.00001
329 0.00001
330 0.00001
331 0.00001
332 0.00001
333 0.00001
334 0.00001
335 0.00000
336 0.00000
337 0.00000
338 0.00000
339 0.00000
340 0.00000
341 0.00000
342 0.00000
343 0.00000
344 0.00000
345 0.00000
346 0.00000
347 0.00000
348 0.00000
349 0.00000
350 0.00000
351 0.00000
352 0.00000
353 0.00000
354 0.00000
355 0.00000
356 0.00000
357 0.00000
358 0.00000
359 0.00000
360 0.00000
361 0.00000
362 0.00000
363 0.00000
364 0.00000
365 0.00000
366 0.00000
367 0.00000
368 0.00000
369 0.00000
370 0.00000
371 0.00000
372 0.00000
373 0.00000
374 0.00000
375 0.00000
376 0.00000
377 0.00000
378 0.00000
379 0.00000
380 0.00000
381 0.00000
382 0.00000
383 0.00000
384 0.00000
385 0.00000
386 0.00000
387 0.00000
388 0.00000
389 0.00000
390 0.00000
391 0.00000
392 0.00000
393 0.00000
394 0.00000
395 0.00000
396 0.00000
397 0.00000
398 0.00000
399 0.00000
400 0.00000
401 0.00000
402 0.00000
403 0.00000
404 0.00000
405 0.00000
406 0.00000
407 0.00000
408 0.00000
409 0.00000
410 0.00000
411 0.00000
412 0.00000
413 0.00000
414 0.00000
415 0.00000
416 0.00000
417 0.00000
418 0.00000
419 0.00000
420 0.00000
421 0.00000
422 0.00000
423 0.00000
424 0.00000
425 0.00000
426 0.00000
427 0.00000
428 0.00000
429 0.00000
430 0.00000
431 0.00000
432 0.00000
433 0.00000
434 0.00000
435 0.00000
436 0.00000
437 0.00000
438 0.00000
439 0.00000
440 0.00000
441 0.00000
442 0.00000
443 0.00000
444 0.00000
445 0.00000
446 0.00000
447 0.00000
448 0.00000
449 0.00000
450 0.00000
451 0.00000
452 0.00000
453 0.00000
454 0.00000
455 0.00000
456 0.00000
457 0.00000
458 0.00000
459 0.00000
460 0.00000
461 0.00000
462 0.00000
463 0.00000
464 0.00000
465 0.00000
466 0.00000
467 0.00000
468 0.00000
469 0.00000
470 0.00000
471 0.00000
472 0.00000
473 0.00000
474 0.00000
475 0.00000
476 0.00000
477 0.00000
478 0.00000
479 0.00000
480 0.00000
481 0.00000
482 0.00000
483 0.00000
484 0.00000
485 0.00000
486 0.00000
487 0.00000
488 0.00000
489 0.00000
490 0.00000
491 0.00000
492 0.00000
493 0.00000
494 0.00000
495 0.00000
496 0.00000
497 0.00000
498 0.00000
499 0.00000
500 0.00000
501 0.00000
502 0.00000
503 0.00000
504 0.00000
505 0.00000
506 0.00000
507 0.00000
508 0.00000
509 0.00000
510 0.00000
511 0.00000
512 0.00000
513 0.00000
514 0.00000
515 0.00000
516 0.00000
517 0.00000
518 0.00000
519 0.00000
520 0.00000
521 0.00000
522 0.00000
523 0.00000
524 0.00000
525 0.00000
526 0.00000
527 0.00000
528 0.00000
529 0.00000
530 0.00000
531 0.00000
532 0.00000
533 0.00000
534 0.00000
535 0.00000
536 0.00000
537 0.00000
538 0.00000
539 0.00000
540 0.00000
541 0.00000
542 0.00000
543 0.00000
544 0.00000
545 0.00000
546 0.00000
547 0.00000
548 0.00000
549 0.00000
550 0.00000
551 0.00000
552 0.00000
553 0.00000
554 0.00000
555 0.00000
556 0.00000
557 0.00000
558 0.00000
559 0.00000
560 0.00000
561 0.00000
562 0.00000
563 0.00000
564 0.00000
565 0.00000
566 0.00000
567 0.00000
568 0.00000
569 0.00000
570 0.00000
571 0.00000
572 0.00000
573 0.00000
574 0.00000
575 0.00000
576 0.00000
577 0.00000
578 0.00000
579 0.00000
580 0.00000
581 0.00000
582 0.00000
583 0.00000
584 0.00000
585 0.00000
586 0.00000
587 0.00000
588 0.00000
589 0.00000
590 0.00000
591 0.00000
592 0.00000
593 0.00000
594 0.00000
595 0.00000
596 0.00000
597 0.00000
598 0.00000
599 0.00000
600 0.00000
601 0.00000
602 0.00000
603 0.00000
604 0.00000
605 0.00000
606 0.00000
607 0.00000
608 0.00000
609 0.00000
610 0.00000
611 0.00000
612 0.00000
613 0.00000
614 0.00000
615 0.00000
616 0.00000
617 0.00000
618 0.00000
619 0.00000
620 0.00000
621 0.00000
622 0.00000
623 0.00000
624 0.00000
625 0.00000
626 0.00000
627 0.00000
628 0.00000
629 0.00000
630 0.00000
631 0.00000
632 0.00000
633 0.00000
634 0.00000
635 0.00000
636 0.00000
637 0.00000
638 0.00000
639 0.00000
640 0.00000
641 0.00000
642 0.00000
643 0.00000
644 0.00000
645 0.00000
646 0.00000
647 0.00000
648 0.00000
649 0.00000
650 0.00000
651 0.00000
652 0.00000
653 0.00000
654 0.00000
655 0.00000
656 0.00000
657 0.00000
658 0.00000
659 0.00000
660 0.00000
661 0.00000
662 0.00000
663 0.00000
664 0.00000
665 0.00000
666 0.00000
667 0.00000
668 0.00000
669 0.00000
670 0.00000
671 0.00000
672 0.00000
673 0.00000
674 0.00000
675 0.00000
676 0.00000
677 0.00000
678 0.00000
679 0.00000
680 0.00000
681 0.00000
682 0.00000
683 0.00000
684 0.00000
685 0.00000
686 0.00000
687 0.00000
688 0.00000
689 0.00000
690 0.00000
691 0.00000
692 0.00000
693 0.00000
694 0.00000
695 0.00000
696 0.00000
697 0.00000
698 0.00000
699 0.00000
700 0.00000
701 0.00000
702 0.00000
703 0.00000
704 0.00000
705 0.00000
706 0.00000
707 0.00000
708 0.00000
709 0.00000
710 0.00000
711 0.00000
712 0.00000
713 0.00000
714 0.00000
715 0.00000
716 0.00000
717 0.00000
718 0.00000
719 0.00000
720 0.00000
721 0.00000
722 0.00000
723 0.00000
724 0.00000
725 0.00000
726 0.00000
727 0.00000
728 0.00000
729 0.00000
730 0.00000
731 0.00000
732 0.00000
733 0.00000
734 0.00000
735 0.00000
736 0.00000
737 0.00000
738 0.00000
739 0.00000
740 0.00000
741 0.00000
742 0.00000
743 0.00000
744 0.00000
745 0.00000
746 0.00000
747 0.00000
748 0.00000
749 0.00000
750 0.00000
751 0.00000
752 0.00000
753 0.00000
754 0.00000
755 0.00000
756 0.00000
757 0.00000
758 0.00000
759 0.00000
760 0.00000
761 0.00000
762 0.00000
763 0.00000
764 0.00000
765 0.00000
766 0.00000
767 0.00000
768 0.00000
769 0.00000
770 0.00000
771 0.00000
772 0.00000
773 0.00000
774 0.00000
775 0.00000
776 0.00000
777 0.00000
778 0.00000
779 0.00000
780 0.00000
781 0.00000
782 0.00000
783 0.00000
784 0.00000
785 0.00000
786 0.00000
787 0.00000
788 0.00000
789 0.00000
790 0.00000
791 0.00000
792 0.00000
793 0.00000
794 0.00000
795 0.00000
796 0.00000
797 0.00000
798 0.00000
799 0.00000
800 0.00000
801 0.00000
802 0.00000
803 0.00000
804 0.00000
805 0.00000
806 0.00000
807 0.00000
808 0.00000
809 0.00000
810 0.00000
811 0.00000
812 0.00000
813 0.00000
814 0.00000
815 0.00000
816 0.00000
817 0.00000
818 0.00000
819 0.00000
820 0.00001
821 0.00001
822 0.00001
823 0.00001
824 0.00001
825 0.00001
826 0.00001
827 0.00001
828 0.00001
829 0.00001
830 0.00001
831 0.00001
832 0.00001
833 0.00001
834 0.00001
835 0.00001
836 0.00001
837 0.00001
838 0.00002
839 0.00002
840 0.00002
841 0.00002
842 0.00002
843 0.00002
844 0.00002
845 0.00002
846 0.00003
847 0.00003
848 0.00003
849 0.00003
850 0.00004
851 0.00004
852 0.00004
853 0.00004
854 0.00005
855 0.00005
856 0.00005
857 0.00006
858 0.00006
859 0.00007
860 0.00007
861 0.00008
862 0.00009
863 0.00009
864 0.00010
865 0.00011
866 0.00012
867 0.00013
868 0.00014
869 0.00015
870 0.00017
871 0.00018
872 0.00020
873 0.00021
874 0.00023
875 0.00025
876 0.00028
877 0.00030
878 0.00033
879 0.00036
880 0.00039
881 0.00043
882 0.00047
883 0.00052
884 0.00057
885 0.00062
886 0.00068
887 0.00075
888 0.00082
889 0.00090
890 0.00099
891 0.00109
892 0.00120
893 0.00133
894 0.00146
895 0.00161
896 0.00178
897 0.00197
898 0.00218
899 0.00241
900 0.00267
901 0.00296
902 0.00328
903 0.00364
904 0.00404
905 0.00449
906 0.00499
907 0.00555
908 0.00618
909 0.00689
910 0.00768
911 0.00857
912 0.00932
913 0.01180
914 0.01408
915 0.01613
916 0.01747
917 0.01815
918 0.01901
919 0.02011
920 0.02155
921 0.02348
922 0.02303
923 0.02258
924 0.02520
925 0.02473
926 0.02425
927 0.02800
928 0.02749
929 0.02698
930 0.02648
931 0.03215
932 0.03158
933 0.03103
934 0.03048
935 0.02994
936 0.02941
937 0.02889
938 0.03801
939 0.03739
940 0.03678
941 0.03617
942 0.03557
943 0.03498
944 0.03440
945 0.03382
946 0.03325
947 0.03269
948 0.03214
949 0.03159
950 0.04795
951 0.04724
952 0.04654
953 0.04585
954 0.04517
955 0.04449
956 0.04382
957 0.04316
958 0.04251
959 0.04186
960 0.04122
961 0.04059
962 0.03997
963 0.03929
964 0.03858
965 0.03787
966 0.03717
967 0.03649
968 0.03581
969 0.03514
970 0.03448
971 0.03383
972 0.03319
973 0.06731
974 0.06629
975 0.06529
976 0.06429
977 0.06331
978 0.06233
979 0.06137
980 0.06042
981 0.05947
982 0.05854
983 0.05762
984 0.05671
985 0.05581
986 0.05492
987 0.05404
988 0.05317
989 0.05231
990 0.05146
991 0.05062
992 0.04979
993 0.04897
994 0.04816
995 0.04736
996 0.04657
997 0.04579
998 0.04502
999 0.04426
1000 0.04351
1001 0.04277
1002 0.04203
1003 0.04131
1004 0.04060
1005 0.03989
1006 0.03919
1007 0.03851
1008 0.03783
1009 0.03716
1010 0.03650
1011 0.03585
1012 0.03521
1013 0.03458
1014 0.03395
1015 0.03333
1016 0.03273
1017 0.03213
1018 0.03154
1019 0.03095
1020 0.03038
1021 0.02981
1022 0.02926
1023 0.02871
1024 0.02816
1025 0.02763
1026 0.12152
1027 0.12016
1028 0.11880
1029 0.11746
1030 0.11612
1031 0.11479
1032 0.11348
1033 0.11217
1034 0.11087
1035 0.10958
1036 0.10830
1037 0.10703
1038 0.10577
1039 0.10452
1040 0.10328
1041 0.10205
1042 0.10082
1043 0.09961
1044 0.09841
1045 0.09721
1046 0.09603
1047 0.09485
1048 0.09369
1049 0.09253
1050 0.09138
1051 0.09024
1052 0.08912
1053 0.08800
1054 0.08689
1055 0.08579
1056 0.08470
1057 0.08361
1058 0.08254
1059 0.08148
1060 0.08042
1061 0.07938
1062 0.07834
1063 0.07732
1064 0.07630
1065 0.07529
1066 0.07429
1067 0.07330
1068 0.07232
1069 0.07135
1070 0.07039
1071 0.06944
1072 0.06849
1073 0.06756
1074 0.06663
1075 0.06571
1076 0.06480
1077 0.06390
1078 0.06301
1079 0.06213
1080 0.06126
1081 0.06039
1082 0.05954
1083 0.05869
1084 0.05785
1085 0.05702
1086 0.05620
1087 0.05538
1088 0.05458
1089 0.05378
1090 0.05300
1091 0.05222
1092 0.05144
1093 0.05068
1094 0.04993
1095 0.04918
1096 0.04844
1097 0.04771
1098 0.04699
1099 0.04628
1100 0.04557
1101 0.04487
1102 0.04418
1103 0.04350
1104 0.04282
1105 0.04216
1106 0.04150
1107 0.04085
1108 0.04020
1109 0.03957
1110 0.03894
1111 0.03832
1112 0.03770
1113 0.03710
1114 0.03650
1115 0.03591
1116 0.03532
1117 0.03474
1118 0.03417
1119 0.03361
1120 0.03306
1121 0.03251
1122 0.03197
1123 0.03143
1124 0.03090
1125 0.03038
1126 0.02987
1127 0.02936
1128 0.02886
1129 0.02836
1130 0.02788
1131 0.02739
1132 0.02692
1133 0.02645
1134 0.02599
1135 0.02553
1136 0.02508
1137 0.02464
1138 0.02420
1139 0.02377
1140 0.02334
1141 0.02292
1142 0.02251
1143 0.02210
1144 0.02170
1145 0.02131
1146 0.02092
1147 0.02053
1148 0.02015
1149 0.01978
1150 0.01941
1151 0.01905
1152 0.01869
1153 0.01834
1154 0.01799
1155 0.01765
1156 0.01732
1157 0.01698
1158 0.01666
1159 0.01634
1160 0.01602
1161 0.01571
1162 0.01540
1163 0.01510
1164 0.01481
1165 0.01452
1166 0.01423
1167 0.01395
1168 0.01367
1169 0.01339
1170 0.01312
1171 0.01286
1172 0.01260
1173 0.01234
1174 0.01209
1175 0.01184
1176 0.01160
1177 0.01136
1178 0.01113
1179 0.01090
1180 0.01067
1181 0.01044
1182 0.01023
1183 0.01001
1184 0.00980
1185 0.00959
1186 0.00938
1187 0.00918
1188 0.00899
1189 0.00879
1190 0.00860
1191 0.00841
1192 0.00823
1193 0.00805
1194 0.00787
1195 0.00770
1196 0.00753
1197 0.00736
1198 0.00720
1199 0.00704
1200 0.00688
1201 0.00672
1202 0.00657
1203 0.00642
1204 0.00627
1205 0.00613
1206 0.00599
1207 0.00585
1208 0.00572
1209 0.00558
1210 0.00545
1211 0.00533
1212 0.00520
1213 0.00508
1214 0.00496
1215 0.00484
1216 1.00000
