17 10.23101
18 8.23822
19 6.73355
20 5.57687
21 4.67338
22 3.95754
23 3.38305
24 2.91664
25 2.53398
26 2.21701
27 1.95216
28 1.72907
29 1.53977
30 1.37803
31 1.23897
32 1.11872
33 1.01414
34 0.92275
35 0.84249
36 0.77170
37 0.70900
38 0.65324
39 0.60347
40 0.55890
41 0.51885
42 0.48274
43 0.45010
44 0.42051
45 0.39361
46 0.36910
47 0.34670
48 0.32620
49 0.30739
50 0.29009
51 0.27415
52 0.25944
53 0.24583
54 0.23323
55 0.22153
56 0.21066
57 0.20054
58 0.19110
59 0.18229
60 0.17405
61 0.16634
62 0.15912
63 0.15234
64 0.14596
65 0.13997
66 0.13432
67 0.12900
68 0.12398
69 0.11923
70 0.11475
71 0.11050
72 0.10648
73 0.10266
74 0.09904
75 0.09560
76 0.09234
77 0.08923
78 0.08627
79 0.08345
80 0.08076
81 0.07819
82 0.07575
83 0.07341
84 0.07117
85 0.06903
86 0.06698
87 0.06502
88 0.06314
89 0.06134
90 0.05961
91 0.05796
92 0.05636
93 0.05483
94 0.05336
95 0.05195
96 0.05058
97 0.04927
98 0.04801
99 0.04679
100 0.04562
101 0.04449
102 0.04340
103 0.04235
104 0.04133
105 0.04035
106 0.03940
107 0.03848
108 0.03759
109 0.03674
110 0.03590
111 0.03510
112 0.03432
113 0.03357
114 0.03284
115 0.03213
116 0.03144
117 0.03078
118 0.03013
119 0.02950
120 0.02889
121 0.02830
122 0.02773
123 0.02717
124 0.02663
125 0.02610
126 0.02559
127 0.02509
128 0.02461
129 0.02413
130 0.02367
131 0.02323
132 0.02279
133 0.02237
134 0.02196
135 0.02155
136 0.02116
137 0.02078
138 0.02041
139 0.02004
140 0.01969
141 0.01934
142 0.01900
143 0.01868
144 0.01835
145 0.01804
146 0.01773
147 0.01743
148 0.01714
149 0.01686
150 0.01658
151 0.01630
152 0.01604
153 0.01578
154 0.01552
155 0.01527
156 0.01503
157 0.01479
158 0.01455
159 0.01432
160 0.01410
161 0.01388
162 0.01367
163 0.01346
164 0.01325
165 0.01305
166 0.01285
167 0.01266
168 0.01247
169 0.01228
170 0.01210
171 0.01192
172 0.01175
173 0.01158
174 0.01141
175 0.01124
176 0.01108
177 0.01092
178 0.01077
179 0.01061
180 0.01046
181 0.01032
182 0.01017
183 0.01003
184 0.00989
185 0.00975
186 0.00962
187 0.00949
188 0.00936
189 0.00923
190 0.00911
191 0.00898
192 0.00886
193 0.00874
194 0.00863
195 0.00851
196 0.00840
197 0.00829
198 0.00818
199 0.00807
200 0.00797
201 0.00787
202 0.00776
203 0.00766
204 0.00757
205 0.00747
206 0.00737
207 0.00728
208 0.00719
209 0.00710
210 0.00701
211 0.00692
212 0.00683
213 0.00675
214 0.00667
215 0.00658
216 0.00650
217 0.00642
218 0.00634
219 0.00627
220 0.00619
221 0.00611
222 0.00604
223 0.00597
224 0.00590
225 0.00582
226 0.00575
227 0.00569
228 0.00562
229 0.00555
230 0.00549
231 0.00542
232 0.00536
233 0.00529
234 0.00523
235 0.00517
236 0.00511
237 0.00505
238 0.00499
239 0.00494
240 0.00488
241 0.00482
242 0.00477
243 0.00471
244 0.00466
245 0.00461
246 0.00455
247 0.00450
248 0.00445
249 0.00440
250 0.00435
251 0.00430
252 0.00425
253 0.00421
254 0.00416
255 0.00411
256 0.00407
257 0.00402
258 0.00398
259 0.00393
260 0.00389
261 0.00385
262 0.00380
263 0.00376
264 0.00372
265 0.00368
266 0.00364
267 0.00360
268 0.00356
269 0.00352
270 0.00348
271 0.00345
272 0.00341
273 0.00337
274 0.00334
275 0.00330
276 0.00327
277 0.00323
278 0.00320
279 0.00316
280 0.00313
281 0.00309
282 0.00306
283 0.00303
284 0.00300
285 0.00297
286 0.00293
287 0.00290
288 0.00287
289 0.00284
290 0.00281
291 0.00278
292 0.00275
293 0.00272
294 0.00270
295 0.00267
296 0.00264
297 0.00261
298 0.00259
299 0.00256
300 0.00253
301 0.00251
302 0.00248
303 0.00245
304 0.00243
305 0.00240
306 0.00238
307 0.00236
308 0.00233
309 0.00231
310 0.00228
311 0.00226
312 0.00224
313 0.00221
314 0.00219
315 0.00217
316 0.00215
317 0.00213
318 0.00210
319 0.00208
320 0.00206
321 0.00204
322 0.00202
323 0.00200
324 0.00198
325 0.00196
326 0.00194
327 0.00192
328 0.00190
329 0.00188
330 0.00186
331 0.00184
332 0.00182
333 0.00181
334 0.00179
335 0.00177
336 0.00175
337 0.00174
338 0.00172
339 0.00170
340 0.00169
341 0.00167
342 0.00165
343 0.00164
344 0.00162
345 0.00161
346 0.00159
347 0.00157
348 0.00156
349 0.00154
350 0.00153
351 0.00151
352 0.00150
353 0.00148
354 0.00147
355 0.00145
356 0.00144
357 0.00143
358 0.00141
359 0.00140
360 0.00139
361 0.00137
362 0.00136
363 0.00135
364 0.00133
365 0.00132
366 0.00131
367 0.00130
368 0.00128
369 0.00127
370 0.00126
371 0.00125
372 0.00124
373 0.00122
374 0.00121
375 0.00120
376 0.00119
377 0.00118
378 0.00117
379 0.00116
380 0.00115
381 0.00114
382 0.00113
383 0.00112
384 0.00111
385 0.00110
386 0.00109
387 0.00108
388 0.00107
389 0.00106
390 0.00105
391 0.00104
392 0.00103
393 0.00102
394 0.00101
395 0.00100
396 0.00099
397 0.00098
398 0.00097
399 0.00097
400 0.00096
401 0.00095
402 0.00094
403 0.00093
404 0.00093
405 0.00092
406 0.00091
407 0.00090
408 0.00089
409 0.00089
410 0.00088
411 0.00087
412 0.00086
413 0.00086
414 0.00085
415 0.00084
416 0.00084
417 0.00083
418 0.00082
419 0.00082
420 0.00081
421 0.00080
422 0.00080
423 0.00079
424 0.00078
425 0.00078
426 0.00077
427 0.00076
428 0.00076
429 0.00075
430 0.00075
431 0.00074
432 0.00073
433 0.00073
434 0.00072
435 0.00072
436 0.00071
437 0.00071
438 0.00070
439 0.00070
440 0.00069
441 0.00069
442 0.00068
443 0.00068
444 0.00067
445 0.00067
446 0.00066
447 0.00066
448 0.00065
449 0.00065
450 0.00064
451 0.00064
452 0.00063
453 0.00063
454 0.00062
455 0.00062
456 0.00061
457 0.00061
458 0.00061
459 0.00060
460 0.00060
461 0.00059
462 0.00059
463 0.00058
464 0.00058
465 0.00057
466 0.00057
467 0.00057
468 0.00056
469 0.00056
470 0.00056
471 0.00055
472 0.00055
473 0.00054
474 0.00054
475 0.00054
476 0.00053
477 0.00053
478 0.00053
479 0.00052
480 0.00052
481 0.00052
482 0.00051
483 0.00051
484 0.00051
485 0.00050
486 0.00050
487 0.00050
488 0.00050
489 0.00049
490 0.00049
491 0.00049
492 0.00048
493 0.00048
494 0.00048
495 0.00048
496 0.00047
497 0.00047
498 0.00047
499 0.00047
500 0.00046
501 0.00046
502 0.00046
503 0.00046
504 0.00045
505 0.00045
506 0.00045
507 0.00045
508 0.00044
509 0.00044
510 0.00044
511 0.00044
512 0.00044
513 0.00043
514 0.00043
515 0.00043
516 0.00043
517 0.00043
518 0.00043
519 0.00042
520 0.00042
521 0.00042
522 0.00042
523 0.00042
524 0.00041
525 0.00041
526 0.00041
527 0.00041
528 0.00041
529 0.00041
530 0.00041
531 0.00040
532 0.00040
533 0.00040
534 0.00040
535 0.00040
536 0.00040
537 0.00040
538 0.00039
539 0.00039
540 0.00039
541 0.00039
542 0.00039
543 0.00039
544 0.00039
545 0.00039
546 0.00039
547 0.00039
548 0.00038
549 0.00038
550 0.00038
551 0.00038
552 0.00038
553 0.00038
554 0.00038
555 0.00038
556 0.00038
557 0.00038
558 0.00038
559 0.00038
560 0.00037
561 0.00037
562 0.00037
563 0.00037
564 0.00037
565 0.00037
566 0.00037
567 0.00037
568 0.00037
569 0.00037
570 0.00037
571 0.00037
572 0.00037
573 0.00037
574 0.00037
575 0.00037
576 0.00037
577 0.00037
578 0.00037
579 0.00037
580 0.00037
581 0.00037
582 0.00037
583 0.00037
584 0.00037
585 0.00037
586 0.00037
587 0.00037
588 0.00037
589 0.00037
590 0.00037
591 0.00037
592 0.00037
593 0.00037
594 0.00037
595 0.00037
596 0.00037
597 0.00037
598 0.00037
599 0.00037
600 0.00037
601 0.00037
602 0.00037
603 0.00037
604 0.00038
605 0.00038
606 0.00038
607 0.00038
608 0.00038
609 0.00038
610 0.00038
611 0.00038
612 0.00038
613 0.00038
614 0.00038
615 0.00038
616 0.00039
617 0.00039
618 0.00039
619 0.00039
620 0.00039
621 0.00039
622 0.00039
623 0.00039
624 0.00039
625 0.00040
626 0.00040
627 0.00040
628 0.00040
629 0.00040
630 0.00040
631 0.00041
632 0.00041
633 0.00041
634 0.00041
635 0.00041
636 0.00041
637 0.00042
638 0.00042
639 0.00042
640 0.00042
641 0.00042
642 0.00043
643 0.00043
644 0.00043
645 0.00043
646 0.00044
647 0.00044
648 0.00044
649 0.00044
650 0.00044
651 0.00045
652 0.00045
653 0.00045
654 0.00046
655 0.00046
656 0.00046
657 0.00046
658 0.00047
659 0.00047
660 0.00047
661 0.00048
662 0.00048
663 0.00048
664 0.00049
665 0.00049
666 0.00049
667 0.00050
668 0.00050
669 0.00051
670 0.00051
671 0.00051
672 0.00052
673 0.00052
674 0.00053
675 0.00053
676 0.00054
677 0.00054
678 0.00054
679 0.00055
680 0.00055
681 0.00056
682 0.00056
683 0.00057
684 0.00057
685 0.00058
686 0.00059
687 0.00059
688 0.00060
689 0.00060
690 0.00061
691 0.00061
692 0.00062
693 0.00063
694 0.00063
695 0.00064
696 0.00065
697 0.00065
698 0.00066
699 0.00067
700 0.00068
701 0.00068
702 0.00069
703 0.00070
704 0.00071
705 0.00072
706 0.00072
707 0.00073
708 0.00074
709 0.00075
710 0.00076
711 0.00077
712 0.00078
713 0.00079
714 0.00080
715 0.00081
716 0.00082
717 0.00083
718 0.00084
719 0.00085
720 0.00086
721 0.00087
722 0.00089
723 0.00090
724 0.00091
725 0.00092
726 0.00094
727 0.00095
728 0.00096
729 0.00098
730 0.00099
731 0.00101
732 0.00102
733 0.00104
734 0.00105
735 0.00107
736 0.00108
737 0.00110
738 0.00112
739 0.00114
740 0.00115
741 0.00117
742 0.00119
743 0.00121
744 0.00123
745 0.00125
746 0.00127
747 0.00129
748 0.00131
749 0.00134
750 0.00136
751 0.00138
752 0.00141
753 0.00143
754 0.00146
755 0.00148
756 0.00151
757 0.00154
758 0.00157
759 0.00159
760 0.00162
761 0.00165
762 0.00169
763 0.00172
764 0.00175
765 0.00178
766 0.00182
767 0.00185
768 0.00189
769 0.00193
770 0.00197
771 0.00200
772 0.00205
773 0.00209
774 0.00213
775 0.00217
776 0.00222
777 0.00226
778 0.00231
779 0.00236
780 0.00241
781 0.00246
782 0.00252
783 0.00257
784 0.00263
785 0.00268
786 0.00274
787 0.00281
788 0.00287
789 0.00293
790 0.00300
791 0.00307
792 0.00314
793 0.00321
794 0.00329
795 0.00336
796 0.00344
797 0.00353
798 0.00361
799 0.00370
800 0.00379
801 0.00388
802 0.00397
803 0.00407
804 0.00417
805 0.00428
806 0.00439
807 0.00450
808 0.00461
809 0.00473
810 0.00485
811 0.00498
812 0.00511
813 0.00524
814 0.00538
815 0.00552
816 0.00567
817 0.00582
818 0.00598
819 0.00614
820 0.00631
821 0.00648
822 0.00666
823 0.00685
824 0.00704
825 0.00724
826 0.00744
827 0.00766
828 0.00788
829 0.00810
830 0.00834
831 0.00858
832 0.00883
833 0.00909
834 0.00936
835 0.00964
836 0.00993
837 0.01023
838 0.01054
839 0.01086
840 0.01119
841 0.01153
842 0.01189
843 0.01226
844 0.01265
845 0.01304
846 0.01346
847 0.01388
848 0.01433
849 0.01479
850 0.01527
851 0.01576
852 0.01628
853 0.01681
854 0.01737
855 0.01794
856 0.01854
857 0.01916
858 0.01981
859 0.02048
860 0.02118
861 0.02190
862 0.02266
863 0.02344
864 0.02426
865 0.02511
866 0.02599
867 0.02690
868 0.02786
869 0.02885
870 0.02989
871 0.03096
872 0.03209
873 0.03325
874 0.03447
875 0.03574
876 0.03706
877 0.03843
878 0.03987
879 0.04136
880 0.04292
881 0.04275
882 0.04437
883 0.04606
884 0.04783
885 0.04967
886 0.05159
887 0.05360
888 0.05569
889 0.05788
890 0.06017
891 0.06257
892 0.06507
893 0.06769
894 0.07043
895 0.07329
896 0.07629
897 0.07943
898 0.08272
899 0.08617
900 0.08978
901 0.09355
902 0.09751
903 0.10167
904 0.10603
905 0.11060
906 0.11540
907 0.12042
908 0.12570
909 0.13123
910 0.13705
911 0.14316
912 0.14802
913 0.16615
914 0.18006
915 0.19086
916 0.19735
917 0.20057
918 0.20439
919 0.20896
920 0.21458
921 0.22162
922 0.22014
923 0.21866
924 0.22767
925 0.22620
926 0.22473
927 0.23665
928 0.23518
929 0.23371
930 0.23224
931 0.24871
932 0.24724
933 0.24578
934 0.24432
935 0.24286
936 0.24141
937 0.23996
938 0.26405
939 0.26260
940 0.26113
941 0.25959
942 0.25806
943 0.25653
944 0.25501
945 0.25349
946 0.25197
947 0.25046
948 0.24895
949 0.24745
950 0.28554
951 0.28404
952 0.28254
953 0.28105
954 0.27956
955 0.27807
956 0.27658
957 0.27510
958 0.27363
959 0.27215
960 0.27068
961 0.26921
962 0.26774
963 0.26628
964 0.26482
965 0.26337
966 0.26192
967 0.26047
968 0.25902
969 0.25758
970 0.25614
971 0.25471
972 0.25328
973 0.32239
974 0.32101
975 0.31963
976 0.31825
977 0.31687
978 0.31549
979 0.31412
980 0.31275
981 0.31138
982 0.31002
983 0.30865
984 0.30729
985 0.30593
986 0.30458
987 0.30322
988 0.30187
989 0.30052
990 0.29917
991 0.29784
992 0.29628
993 0.29472
994 0.29316
995 0.29160
996 0.29005
997 0.28850
998 0.28696
999 0.28541
1000 0.28387
1001 0.28233
1002 0.28080
1003 0.27927
1004 0.27774
1005 0.27621
1006 0.27469
1007 0.27317
1008 0.27166
1009 0.27014
1010 0.26863
1011 0.26713
1012 0.26562
1013 0.26412
1014 0.26263
1015 0.26113
1016 0.25965
1017 0.25816
1018 0.25668
1019 0.25520
1020 0.25372
1021 0.25225
1022 0.25078
1023 0.24931
1024 0.24785
1025 0.24639
1026 0.40626
1027 0.40495
1028 0.40363
1029 0.40231
1030 0.40100
1031 0.39968
1032 0.39837
1033 0.39706
1034 0.39575
1035 0.39444
1036 0.39313
1037 0.39182
1038 0.39051
1039 0.38920
1040 0.38790
1041 0.38659
1042 0.38529
1043 0.38399
1044 0.38269
1045 0.38139
1046 0.38009
1047 0.37879
1048 0.37749
1049 0.37620
1050 0.37490
1051 0.37361
1052 0.37231
1053 0.37102
1054 0.36973
1055 0.36844
1056 0.36716
1057 0.36587
1058 0.36458
1059 0.36330
1060 0.36202
1061 0.36074
1062 0.35946
1063 0.35818
1064 0.35690
1065 0.35562
1066 0.35435
1067 0.35307
1068 0.35180
1069 0.35053
1070 0.34926
1071 0.34799
1072 0.34673
1073 0.34546
1074 0.34420
1075 0.34294
1076 0.34168
1077 0.34042
1078 0.33916
1079 0.33790
1080 0.33665
1081 0.33539
1082 0.33414
1083 0.33289
1084 0.33164
1085 0.33040
1086 0.32915
1087 0.32791
1088 0.32667
1089 0.32543
1090 0.32419
1091 0.32295
1092 0.32171
1093 0.32048
1094 0.31925
1095 0.31802
1096 0.31679
1097 0.31556
1098 0.31434
1099 0.31311
1100 0.31189
1101 0.31067
1102 0.30946
1103 0.30824
1104 0.30702
1105 0.30581
1106 0.30460
1107 0.30339
1108 0.30219
1109 0.30098
1110 0.29978
1111 0.29858
1112 0.29738
1113 0.29618
1114 0.29498
1115 0.29379
1116 0.29260
1117 0.29141
1118 0.29022
1119 0.28904
1120 0.28785
1121 0.28667
1122 0.28549
1123 0.28431
1124 0.28314
1125 0.28196
1126 0.28079
1127 0.27962
1128 0.27846
1129 0.27729
1130 0.27613
1131 0.27497
1132 0.27381
1133 0.27265
1134 0.27150
1135 0.27034
1136 0.26919
1137 0.26805
1138 0.26690
1139 0.26576
1140 0.26462
1141 0.26348
1142 0.26234
1143 0.26120
1144 0.26007
1145 0.25894
1146 0.25781
1147 0.25669
1148 0.25556
1149 0.25444
1150 0.25332
1151 0.25221
1152 0.25109
1153 0.24998
1154 0.24887
1155 0.24777
1156 0.24666
1157 0.24556
1158 0.24446
1159 0.24336
1160 0.24226
1161 0.24117
1162 0.24008
1163 0.23899
1164 0.23791
1165 0.23682
1166 0.23574
1167 0.23467
1168 0.23359
1169 0.23252
1170 0.23144
1171 0.23038
1172 0.22931
1173 0.22825
1174 0.22719
1175 0.22592
1176 0.22435
1177 0.22279
1178 0.22123
1179 0.21968
1180 0.21814
1181 0.21660
1182 0.21506
1183 0.21353
1184 0.21200
1185 0.21048
1186 0.20897
1187 0.20746
1188 0.20595
1189 0.20445
1190 0.20296
1191 0.20147
1192 0.19999
1193 0.19851
1194 0.19704
1195 0.19557
1196 0.19411
1197 0.19265
1198 0.19120
1199 0.18975
1200 0.18832
1201 0.18688
1202 0.18545
1203 0.18403
1204 0.18261
1205 0.18120
1206 0.17980
1207 0.17840
1208 0.17700
1209 0.17561
1210 0.17423
1211 0.17285
1212 0.17148
1213 0.17012
1214 0.16876
1215 0.16740
1216 1.00000
