17 42.23044
18 30.06136
19 21.90745
20 16.29967
21 12.35276
22 9.51692
23 7.44128
24 5.89646
25 4.72919
26 3.83495
27 3.14121
28 2.59678
29 2.16496
30 1.81910
31 1.53957
32 1.31174
33 1.12459
34 0.96975
35 0.84075
36 0.73261
37 0.64141
38 0.56406
39 0.49811
40 0.44161
41 0.39297
42 0.35091
43 0.31439
44 0.28256
45 0.25471
46 0.23025
47 0.20869
48 0.18964
49 0.17274
50 0.15772
51 0.14432
52 0.13233
53 0.12159
54 0.11193
55 0.10323
56 0.09538
57 0.08827
58 0.08182
59 0.07596
60 0.07063
61 0.06577
62 0.06132
63 0.05725
64 0.05353
65 0.05010
66 0.04695
67 0.04405
68 0.04137
69 0.03890
70 0.03662
71 0.03450
72 0.03253
73 0.03071
74 0.02902
75 0.02744
76 0.02597
77 0.02460
78 0.02332
79 0.02212
80 0.02100
81 0.01995
82 0.01897
83 0.01805
84 0.01718
85 0.01637
86 0.01561
87 0.01489
88 0.01421
89 0.01357
90 0.01296
91 0.01239
92 0.01185
93 0.01134
94 0.01086
95 0.01041
96 0.00997
97 0.00956
98 0.00917
99 0.00880
100 0.00845
101 0.00812
102 0.00780
103 0.00750
104 0.00721
105 0.00694
106 0.00668
107 0.00643
108 0.00619
109 0.00597
110 0.00575
111 0.00554
112 0.00535
113 0.00516
114 0.00498
115 0.00480
116 0.00464
117 0.00448
118 0.00433
119 0.00418
120 0.00404
121 0.00391
122 0.00378
123 0.00366
124 0.00354
125 0.00343
126 0.00332
127 0.00321
128 0.00311
129 0.00301
130 0.00292
131 0.00283
132 0.00274
133 0.00266
134 0.00258
135 0.00250
136 0.00243
137 0.00236
138 0.00229
139 0.00222
140 0.00215
141 0.00209
142 0.00203
143 0.00197
144 0.00192
145 0.00186
146 0.00181
147 0.00176
148 0.00171
149 0.00166
150 0.00162
151 0.00157
152 0.00153
153 0.00149
154 0.00145
155 0.00141
156 0.00137
157 0.00134
158 0.00130
159 0.00127
160 0.00123
161 0.00120
162 0.00117
163 0.00114
164 0.00111
165 0.00108
166 0.00105
167 0.00103
168 0.00100
169 0.00098
170 0.00095
171 0.00093
172 0.00090
173 0.00088
174 0.00086
175 0.00084
176 0.00082
177 0.00080
178 0.00078
179 0.00076
180 0.00074
181 0.00072
182 0.00070
183 0.00069
184 0.00067
185 0.00066
186 0.00064
187 0.00062
188 0.00061
189 0.00060
190 0.00058
191 0.00057
192 0.00055
193 0.00054
194 0.00053
195 0.00052
196 0.00050
197 0.00049
198 0.00048
199 0.00047
200 0.00046
201 0.00045
202 0.00044
203 0.00043
204 0.00042
205 0.00041
206 0.00040
207 0.00039
208 0.00038
209 0.00037
210 0.00037
211 0.00036
212 0.00035
213 0.00034
214 0.00033
215 0.00033
216 0.00032
217 0.00031
218 0.00031
219 0.00030
220 0.00029
221 0.00029
222 0.00028
223 0.00027
224 0.00027
225 0.00026
226 0.00026
227 0.00025
228 0.00024
229 0.00024
230 0.00023
231 0.00023
232 0.00022
233 0.00022
234 0.00021
235 0.00021
236 0.00021
237 0.00020
238 0.00020
239 0.00019
240 0.00019
241 0.00018
242 0.00018
243 0.00018
244 0.00017
245 0.00017
246 0.00017
247 0.00016
248 0.00016
249 0.00016
250 0.00015
251 0.00015
252 0.00015
253 0.00014
254 0.00014
255 0.00014
256 0.00013
257 0.00013
258 0.00013
259 0.00013
260 0.00012
261 0.00012
262 0.00012
263 0.00012
264 0.00011
265 0.00011
266 0.00011
267 0.00011
268 0.00010
269 0.00010
270 0.00010
271 0.00010
272 0.00010
273 0.00009
274 0.00009
275 0.00009
276 0.00009
277 0.00009
278 0.00008
279 0.00008
280 0.00008
281 0.00008
282 0.00008
283 0.00008
284 0.00007
285 0.00007
286 0.00007
287 0.00007
288 0.00007
289 0.00007
290 0.00007
291 0.00006
292 0.00006
293 0.00006
294 0.00006
295 0.00006
296 0.00006
297 0.00006
298 0.00006
299 0.00005
300 0.00005
301 0.00005
302 0.00005
303 0.00005
304 0.00005
305 0.00005
306 0.00005
307 0.00005
308 0.00004
309 0.00004
310 0.00004
311 0.00004
312 0.00004
313 0.00004
314 0.00004
315 0.00004
316 0.00004
317 0.00004
318 0.00004
319 0.00004
320 0.00004
321 0.00003
322 0.00003
323 0.00003
324 0.00003
325 0.00003
326 0.00003
327 0.00003
328 0.00003
329 0.00003
330 0.00003
331 0.00003
332 0.00003
333 0.00003
334 0.00003
335 0.00003
336 0.00003
337 0.00002
338 0.00002
339 0.00002
340 0.00002
341 0.00002
342 0.00002
343 0.00002
344 0.00002
345 0.00002
346 0.00002
347 0.00002
348 0.00002
349 0.00002
350 0.00002
351 0.00002
352 0.00002
353 0.00002
354 0.00002
355 0.00002
356 0.00002
357 0.00002
358 0.00002
359 0.00002
360 0.00002
361 0.00002
362 0.00002
363 0.00001
364 0.00001
365 0.00001
366 0.00001
367 0.00001
368 0.00001
369 0.00001
370 0.00001
371 0.00001
372 0.00001
373 0.00001
374 0.00001
375 0.00001
376 0.00001
377 0.00001
378 0.00001
379 0.00001
380 0.00001
381 0.00001
382 0.00001
383 0.00001
384 0.00001
385 0.00001
386 0.00001
387 0.00001
388 0.00001
389 0.00001
390 0.00001
391 0.00001
392 0.00001
393 0.00001
394 0.00001
395 0.00001
396 0.00001
397 0.00001
398 0.00001
399 0.00001
400 0.00001
401 0.00001
402 0.00001
403 0.00001
404 0.00001
405 0.00001
406 0.00001
407 0.00001
408 0.00001
409 0.00001
410 0.00001
411 0.00001
412 0.00001
413 0.00001
414 0.00001
415 0.00001
416 0.00001
417 0.00001
418 0.00001
419 0.00001
420 0.00001
421 0.00001
422 0.00000
423 0.00000
424 0.00000
425 0.00000
426 0.00000
427 0.00000
428 0.00000
429 0.00000
430 0.00000
431 0.00000
432 0.00000
433 0.00000
434 0.00000
435 0.00000
436 0.00000
437 0.00000
438 0.00000
439 0.00000
440 0.00000
441 0.00000
442 0.00000
443 0.00000
444 0.00000
445 0.00000
446 0.00000
447 0.00000
448 0.00000
449 0.00000
450 0.00000
451 0.00000
452 0.00000
453 0.00000
454 0.00000
455 0.00000
456 0.00000
457 0.00000
458 0.00000
459 0.00000
460 0.00000
461 0.00000
462 0.00000
463 0.00000
464 0.00000
465 0.00000
466 0.00000
467 0.00000
468 0.00000
469 0.00000
470 0.00000
471 0.00000
472 0.00000
473 0.00000
474 0.00000
475 0.00000
476 0.00000
477 0.00000
478 0.00000
479 0.00000
480 0.00000
481 0.00000
482 0.00000
483 0.00000
484 0.00000
485 0.00000
486 0.00000
487 0.00000
488 0.00000
489 0.00000
490 0.00000
491 0.00000
492 0.00000
493 0.00000
494 0.00000
495 0.00000
496 0.00000
497 0.00000
498 0.00000
499 0.00000
500 0.00000
501 0.00000
502 0.00000
503 0.00000
504 0.00000
505 0.00000
506 0.00000
507 0.00000
508 0.00000
509 0.00000
510 0.00000
511 0.00000
512 0.00000
513 0.00000
514 0.00000
515 0.00000
516 0.00000
517 0.00000
518 0.00000
519 0.00000
520 0.00000
521 0.00000
522 0.00000
523 0.00000
524 0.00000
525 0.00000
526 0.00000
527 0.00000
528 0.00000
529 0.00000
530 0.00000
531 0.00000
532 0.00000
533 0.00000
534 0.00000
535 0.00000
536 0.00000
537 0.00000
538 0.00000
539 0.00000
540 0.00000
541 0.00000
542 0.00000
543 0.00000
544 0.00000
545 0.00000
546 0.00000
547 0.00000
548 0.00000
549 0.00000
550 0.00000
551 0.00000
552 0.00000
553 0.00000
554 0.00000
555 0.00000
556 0.00000
557 0.00000
558 0.00000
559 0.00000
560 0.00000
561 0.00000
562 0.00000
563 0.00000
564 0.00000
565 0.00000
566 0.00000
567 0.00000
568 0.00000
569 0.00000
570 0.00000
571 0.00000
572 0.00000
573 0.00000
574 0.00000
575 0.00000
576 0.00000
577 0.00000
578 0.00000
579 0.00000
580 0.00000
581 0.00000
582 0.00000
583 0.00000
584 0.00000
585 0.00000
586 0.00000
587 0.00000
588 0.00000
589 0.00000
590 0.00000
591 0.00000
592 0.00000
593 0.00000
594 0.00000
595 0.00000
596 0.00000
597 0.00000
598 0.00000
599 0.00000
600 0.00000
601 0.00000
602 0.00000
603 0.00000
604 0.00000
605 0.00000
606 0.00000
607 0.00000
608 0.00000
609 0.00000
610 0.00000
611 0.00000
612 0.00000
613 0.00000
614 0.00000
615 0.00000
616 0.00000
617 0.00000
618 0.00000
619 0.00000
620 0.00000
621 0.00000
622 0.00000
623 0.00000
624 0.00000
625 0.00000
626 0.00000
627 0.00000
628 0.00000
629 0.00000
630 0.00000
631 0.00000
632 0.00000
633 0.00000
634 0.00000
635 0.00000
636 0.00000
637 0.00000
638 0.00000
639 0.00000
640 0.00000
641 0.00000
642 0.00000
643 0.00000
644 0.00000
645 0.00000
646 0.00000
647 0.00000
648 0.00000
649 0.00000
650 0.00000
651 0.00000
652 0.00000
653 0.00000
654 0.00000
655 0.00000
656 0.00000
657 0.00000
658 0.00000
659 0.00000
660 0.00000
661 0.00000
662 0.00000
663 0.00000
664 0.00000
665 0.00000
666 0.00000
667 0.00000
668 0.00000
669 0.00000
670 0.00000
671 0.00000
672 0.00000
673 0.00000
674 0.00000
675 0.00000
676 0.00000
677 0.00000
678 0.00000
679 0.00000
680 0.00000
681 0.00000
682 0.00000
683 0.00000
684 0.00000
685 0.00000
686 0.00000
687 0.00000
688 0.00000
689 0.00000
690 0.00000
691 0.00000
692 0.00000
693 0.00000
694 0.00000
695 0.00000
696 0.00000
697 0.00000
698 0.00000
699 0.00000
700 0.00000
701 0.00000
702 0.00000
703 0.00000
704 0.00000
705 0.00000
706 0.00000
707 0.00000
708 0.00000
709 0.00000
710 0.00000
711 0.00000
712 0.00000
713 0.00000
714 0.00000
715 0.00000
716 0.00000
717 0.00000
718 0.00000
719 0.00000
720 0.00000
721 0.00000
722 0.00000
723 0.00000
724 0.00000
725 0.00000
726 0.00000
727 0.00000
728 0.00000
729 0.00000
730 0.00000
731 0.00000
732 0.00000
733 0.00000
734 0.00000
735 0.00000
736 0.00000
737 0.00000
738 0.00000
739 0.00000
740 0.00000
741 0.00000
742 0.00000
743 0.00000
744 0.00000
745 0.00000
746 0.00000
747 0.00000
748 0.00000
749 0.00000
750 0.00000
751 0.00000
752 0.00000
753 0.00000
754 0.00000
755 0.00000
756 0.00000
757 0.00000
758 0.00000
759 0.00000
760 0.00001
761 0.00001
762 0.00001
763 0.00001
764 0.00001
765 0.00001
766 0.00001
767 0.00001
768 0.00001
769 0.00001
770 0.00001
771 0.00001
772 0.00001
773 0.00001
774 0.00001
775 0.00001
776 0.00001
777 0.00001
778 0.00001
779 0.00001
780 0.00001
781 0.00001
782 0.00001
783 0.00001
784 0.00001
785 0.00001
786 0.00001
787 0.00001
788 0.00001
789 0.00001
790 0.00001
791 0.00001
792 0.00001
793 0.00001
794 0.00002
795 0.00002
796 0.00002
797 0.00002
798 0.00002
799 0.00002
800 0.00002
801 0.00002
802 0.00002
803 0.00002
804 0.00002
805 0.00002
806 0.00002
807 0.00003
808 0.00003
809 0.00003
810 0.00003
811 0.00003
812 0.00003
813 0.00003
814 0.00004
815 0.00004
816 0.00004
817 0.00004
818 0.00004
819 0.00004
820 0.00005
821 0.00005
822 0.00005
823 0.00005
824 0.00006
825 0.00006
826 0.00006
827 0.00007
828 0.00007
829 0.00007
830 0.00008
831 0.00008
832 0.00008
833 0.00009
834 0.00009
835 0.00010
836 0.00010
837 0.00011
838 0.00012
839 0.00012
840 0.00013
841 0.00014
842 0.00014
843 0.00015
844 0.00016
845 0.00017
846 0.00018
847 0.00019
848 0.00020
849 0.00022
850 0.00023
851 0.00024
852 0.00026
853 0.00027
854 0.00029
855 0.00031
856 0.00033
857 0.00035
858 0.00037
859 0.00040
860 0.00042
861 0.00045
862 0.00048
863 0.00051
864 0.00055
865 0.00058
866 0.00062
867 0.00067
868 0.00071
869 0.00076
870 0.00082
871 0.00087
872 0.00093
873 0.00100
874 0.00107
875 0.00115
876 0.00124
877 0.00133
878 0.00143
879 0.00153
880 0.00165
881 0.00178
882 0.00191
883 0.00206
884 0.00222
885 0.00239
886 0.00258
887 0.00279
888 0.00301
889 0.00325
890 0.00351
891 0.00380
892 0.00411
893 0.00445
894 0.00482
895 0.00523
896 0.00567
897 0.00615
898 0.00667
899 0.00725
900 0.00788
901 0.00856
902 0.00932
903 0.01014
904 0.01104
905 0.01203
906 0.01312
907 0.01431
908 0.01562
909 0.01706
910 0.01864
911 0.02038
912 0.02181
913 0.02668
914 0.03094
915 0.03462
916 0.03696
917 0.03814
918 0.03960
919 0.04144
920 0.04383
921 0.04697
922 0.04623
923 0.04549
924 0.04969
925 0.04893
926 0.04817
927 0.05403
928 0.05323
929 0.05243
930 0.05165
931 0.06028
932 0.05942
933 0.05857
934 0.05774
935 0.05691
936 0.05608
937 0.05527
938 0.06876
939 0.06785
940 0.06694
941 0.06605
942 0.06516
943 0.06428
944 0.06340
945 0.06254
946 0.06168
947 0.06083
948 0.06000
949 0.05916
950 0.08242
951 0.08142
952 0.08044
953 0.07947
954 0.07850
955 0.07754
956 0.07659
957 0.07564
958 0.07471
959 0.07378
960 0.07286
961 0.07195
962 0.07105
963 0.07015
964 0.06926
965 0.06838
966 0.06751
967 0.06665
968 0.06579
969 0.06494
970 0.06410
971 0.06326
972 0.06244
973 0.10965
974 0.10856
975 0.10747
976 0.10639
977 0.10532
978 0.10425
979 0.10319
980 0.10214
981 0.10109
982 0.10006
983 0.09902
984 0.09800
985 0.09698
986 0.09597
987 0.09497
988 0.09397
989 0.09298
990 0.09200
991 0.09102
992 0.09005
993 0.08909
994 0.08813
995 0.08718
996 0.08624
997 0.08531
998 0.08438
999 0.08346
1000 0.08254
1001 0.08163
1002 0.08073
1003 0.07984
1004 0.07895
1005 0.07793
1006 0.07686
1007 0.07579
1008 0.07473
1009 0.07368
1010 0.07264
1011 0.07162
1012 0.07060
1013 0.06959
1014 0.06859
1015 0.06761
1016 0.06663
1017 0.06566
1018 0.06470
1019 0.06376
1020 0.06282
1021 0.06189
1022 0.06097
1023 0.06006
1024 0.05916
1025 0.05827
1026 0.18846
1027 0.18678
1028 0.18511
1029 0.18345
1030 0.18180
1031 0.18015
1032 0.17851
1033 0.17688
1034 0.17526
1035 0.17365
1036 0.17204
1037 0.17044
1038 0.16885
1039 0.16727
1040 0.16569
1041 0.16412
1042 0.16257
1043 0.16101
1044 0.15947
1045 0.15794
1046 0.15641
1047 0.15490
1048 0.15339
1049 0.15189
1050 0.15039
1051 0.14891
1052 0.14743
1053 0.14597
1054 0.14451
1055 0.14306
1056 0.14161
1057 0.14018
1058 0.13876
1059 0.13734
1060 0.13593
1061 0.13453
1062 0.13314
1063 0.13176
1064 0.13038
1065 0.12902
1066 0.12766
1067 0.12631
1068 0.12498
1069 0.12365
1070 0.12232
1071 0.12101
1072 0.11971
1073 0.11841
1074 0.11712
1075 0.11584
1076 0.11457
1077 0.11331
1078 0.11206
1079 0.11082
1080 0.10958
1081 0.10835
1082 0.10714
1083 0.10593
1084 0.10473
1085 0.10354
1086 0.10235
1087 0.10118
1088 0.10001
1089 0.09886
1090 0.09771
1091 0.09657
1092 0.09544
1093 0.09432
1094 0.09320
1095 0.09210
1096 0.09100
1097 0.08991
1098 0.08883
1099 0.08776
1100 0.08670
1101 0.08565
1102 0.08460
1103 0.08357
1104 0.08254
1105 0.08152
1106 0.08051
1107 0.07951
1108 0.07852
1109 0.07753
1110 0.07655
1111 0.07559
1112 0.07463
1113 0.07367
1114 0.07273
1115 0.07180
1116 0.07087
1117 0.06995
1118 0.06904
1119 0.06814
1120 0.06725
1121 0.06636
1122 0.06549
1123 0.06462
1124 0.06376
1125 0.06290
1126 0.06206
1127 0.06122
1128 0.06039
1129 0.05957
1130 0.05876
1131 0.05795
1132 0.05716
1133 0.05637
1134 0.05559
1135 0.05481
1136 0.05405
1137 0.05329
1138 0.05254
1139 0.05180
1140 0.05106
1141 0.05033
1142 0.04961
1143 0.04890
1144 0.04820
1145 0.04750
1146 0.04681
1147 0.04613
1148 0.04545
1149 0.04478
1150 0.04412
1151 0.04347
1152 0.04282
1153 0.04218
1154 0.04155
1155 0.04093
1156 0.04031
1157 0.03970
1158 0.03909
1159 0.03850
1160 0.03791
1161 0.03732
1162 0.03675
1163 0.03618
1164 0.03561
1165 0.03506
1166 0.03451
1167 0.03396
1168 0.03343
1169 0.03290
1170 0.03237
1171 0.03185
1172 0.03134
1173 0.03084
1174 0.03034
1175 0.02985
1176 0.02936
1177 0.02888
1178 0.02840
1179 0.02794
1180 0.02747
1181 0.02702
1182 0.02657
1183 0.02612
1184 0.02568
1185 0.02525
1186 0.02482
1187 0.02440
1188 0.02398
1189 0.02357
1190 0.02317
1191 0.02277
1192 0.02237
1193 0.02199
1194 0.02160
1195 0.02122
1196 0.02085
1197 0.02048
1198 0.02012
1199 0.01976
1200 0.01941
1201 0.01906
1202 0.01872
1203 0.01838
1204 0.01805
1205 0.01772
1206 0.01740
1207 0.01708
1208 0.01677
1209 0.01646
1210 0.01615
1211 0.01585
1212 0.01556
1213 0.01527
1214 0.01498
1215 0.01470
1216 1.00000
