17 1.04879
18 1.04312
19 1.03785
20 1.03295
21 1.02835
22 1.02404
23 1.01998
24 1.01614
25 1.01250
26 1.00905
27 1.00577
28 1.00264
29 0.99964
30 0.99678
31 0.99404
32 0.99141
33 0.98887
34 0.98644
35 0.98409
36 0.98182
37 0.97963
38 0.97751
39 0.97546
40 0.97348
41 0.97155
42 0.96968
43 0.96786
44 0.96610
45 0.96438
46 0.96271
47 0.96108
48 0.95949
49 0.95794
50 0.95642
51 0.95495
52 0.95350
53 0.95209
54 0.95071
55 0.94936
56 0.94804
57 0.94674
58 0.94547
59 0.94423
60 0.94300
61 0.94181
62 0.94063
63 0.93948
64 0.93834
65 0.93723
66 0.93614
67 0.93506
68 0.93400
69 0.93296
70 0.93194
71 0.93093
72 0.92994
73 0.92896
74 0.92800
75 0.92705
76 0.92612
77 0.92520
78 0.92429
79 0.92340
80 0.92252
81 0.92165
82 0.92079
83 0.91994
84 0.91911
85 0.91828
86 0.91747
87 0.91666
88 0.91587
89 0.91508
90 0.91431
91 0.91354
92 0.91279
93 0.91204
94 0.91130
95 0.91057
96 0.90984
97 0.90913
98 0.90842
99 0.90772
100 0.90703
101 0.90635
102 0.90567
103 0.90500
104 0.90434
105 0.90368
106 0.90303
107 0.90239
108 0.90175
109 0.90112
110 0.90049
111 0.89988
112 0.89926
113 0.89866
114 0.89806
115 0.89746
116 0.89687
117 0.89629
118 0.89571
119 0.89513
120 0.89456
121 0.89400
122 0.89344
123 0.89289
124 0.89234
125 0.89179
126 0.89125
127 0.89072
128 0.89019
129 0.88966
130 0.88914
131 0.88862
132 0.88811
133 0.88760
134 0.88710
135 0.88659
136 0.88610
137 0.88560
138 0.88512
139 0.88463
140 0.88415
141 0.88367
142 0.88320
143 0.88273
144 0.88226
145 0.88180
146 0.88134
147 0.88088
148 0.88043
149 0.87998
150 0.87954
151 0.87909
152 0.87865
153 0.87822
154 0.87778
155 0.87735
156 0.87693
157 0.87650
158 0.87608
159 0.87567
160 0.87525
161 0.87484
162 0.87443
163 0.87403
164 0.87362
165 0.87322
166 0.87283
167 0.87243
168 0.87204
169 0.87165
170 0.87127
171 0.87088
172 0.87050
173 0.87012
174 0.86975
175 0.86938
176 0.86900
177 0.86864
178 0.86827
179 0.86791
180 0.86755
181 0.86719
182 0.86683
183 0.86648
184 0.86613
185 0.86578
186 0.86544
187 0.86509
188 0.86475
189 0.86441
190 0.86407
191 0.86374
192 0.86341
193 0.86308
194 0.86275
195 0.86242
196 0.86210
197 0.86178
198 0.86146
199 0.86114
200 0.86083
201 0.86051
202 0.86020
203 0.85989
204 0.85959
205 0.85928
206 0.85898
207 0.85868
208 0.85838
209 0.85808
210 0.85779
211 0.85749
212 0.85720
213 0.85691
214 0.85663
215 0.85634
216 0.85606
217 0.85578
218 0.85550
219 0.85522
220 0.85494
221 0.85467
222 0.85440
223 0.85412
224 0.85386
225 0.85359
226 0.85332
227 0.85306
228 0.85280
229 0.85254
230 0.85228
231 0.85203
232 0.85177
233 0.85152
234 0.85127
235 0.85102
236 0.85077
237 0.85052
238 0.85028
239 0.85004
240 0.84980
241 0.84956
242 0.84932
243 0.84908
244 0.84885
245 0.84862
246 0.84839
247 0.84816
248 0.84793
249 0.84770
250 0.84748
251 0.84725
252 0.84703
253 0.84681
254 0.84660
255 0.84638
256 0.84616
257 0.84595
258 0.84574
259 0.84553
260 0.84532
261 0.84511
262 0.84490
263 0.84470
264 0.84450
265 0.84430
266 0.84410
267 0.84390
268 0.84370
269 0.84350
270 0.84331
271 0.84312
272 0.84293
273 0.84274
274 0.84255
275 0.84236
276 0.84218
277 0.84199
278 0.84181
279 0.84163
280 0.84145
281 0.84127
282 0.84110
283 0.84092
284 0.84075
285 0.84057
286 0.84040
287 0.84023
288 0.84006
289 0.83990
290 0.83973
291 0.83957
292 0.83940
293 0.83924
294 0.83908
295 0.83892
296 0.83877
297 0.83861
298 0.83846
299 0.83830
300 0.83815
301 0.83800
302 0.83785
303 0.83770
304 0.83756
305 0.83741
306 0.83727
307 0.83713
308 0.83699
309 0.83685
310 0.83671
311 0.83657
312 0.83643
313 0.83630
314 0.83617
315 0.83603
316 0.83590
317 0.83577
318 0.83565
319 0.83552
320 0.83539
321 0.83527
322 0.83515
323 0.83502
324 0.83490
325 0.83478
326 0.83467
327 0.83455
328 0.83443
329 0.83432
330 0.83421
331 0.83410
332 0.83398
333 0.83388
334 0.83377
335 0.83366
336 0.83356
337 0.83345
338 0.83335
339 0.83325
340 0.83315
341 0.83305
342 0.83295
343 0.83285
344 0.83276
345 0.83266
346 0.83257
347 0.83248
348 0.83239
349 0.83230
350 0.83221
351 0.83212
352 0.83204
353 0.83195
354 0.83187
355 0.83179
356 0.83171
357 0.83163
358 0.83155
359 0.83147
360 0.83140
361 0.83132
362 0.83125
363 0.83118
364 0.83110
365 0.83103
366 0.83096
367 0.83090
368 0.83083
369 0.83077
370 0.83070
371 0.83064
372 0.83058
373 0.83052
374 0.83046
375 0.83040
376 0.83034
377 0.83029
378 0.83023
379 0.83018
380 0.83012
381 0.83007
382 0.83002
383 0.82997
384 0.82993
385 0.82988
386 0.82984
387 0.82979
388 0.82975
389 0.82971
390 0.82967
391 0.82963
392 0.82959
393 0.82955
394 0.82951
395 0.82948
396 0.82945
397 0.82941
398 0.82938
399 0.82935
400 0.82932
401 0.82929
402 0.82927
403 0.82924
404 0.82922
405 0.82919
406 0.82917
407 0.82915
408 0.82913
409 0.82911
410 0.82909
411 0.82908
412 0.82906
413 0.82905
414 0.82903
415 0.82902
416 0.82901
417 0.82900
418 0.82899
419 0.82898
420 0.82898
421 0.82897
422 0.82897
423 0.82897
424 0.82896
425 0.82896
426 0.82896
427 0.82897
428 0.82897
429 0.82897
430 0.82898
431 0.82898
432 0.82899
433 0.82900
434 0.82901
435 0.82902
436 0.82903
437 0.82904
438 0.82906
439 0.82907
440 0.82909
441 0.82911
442 0.82912
443 0.82914
444 0.82916
445 0.82919
446 0.82921
447 0.82923
448 0.82926
449 0.82928
450 0.82931
451 0.82934
452 0.82937
453 0.82940
454 0.82943
455 0.82946
456 0.82950
457 0.82953
458 0.82957
459 0.82961
460 0.82965
461 0.82969
462 0.82973
463 0.82977
464 0.82981
465 0.82985
466 0.82990
467 0.82995
468 0.82999
469 0.83004
470 0.83009
471 0.83014
472 0.83019
473 0.83025
474 0.83030
475 0.83036
476 0.83041
477 0.83047
478 0.83053
479 0.83059
480 0.83065
481 0.83071
482 0.83077
483 0.83084
484 0.83090
485 0.83097
486 0.83104
487 0.83110
488 0.83117
489 0.83125
490 0.83132
491 0.83139
492 0.83146
493 0.83154
494 0.83162
495 0.83169
496 0.83177
497 0.83185
498 0.83193
499 0.83201
500 0.83210
501 0.83218
502 0.83227
503 0.83235
504 0.83244
505 0.83253
506 0.83262
507 0.83271
508 0.83280
509 0.83289
510 0.83299
511 0.83308
512 0.83318
513 0.83328
514 0.83337
515 0.83347
516 0.83357
517 0.83368
518 0.83378
519 0.83388
520 0.83399
521 0.83409
522 0.83420
523 0.83431
524 0.83442
525 0.83453
526 0.83464
527 0.83475
528 0.83487
529 0.83498
530 0.83510
531 0.83522
532 0.83534
533 0.83546
534 0.83558
535 0.83570
536 0.83582
537 0.83595
538 0.83607
539 0.83620
540 0.83632
541 0.83645
542 0.83658
543 0.83671
544 0.83685
545 0.83698
546 0.83711
547 0.83725
548 0.83738
549 0.83752
550 0.83766
551 0.83780
552 0.83794
553 0.83808
554 0.83823
555 0.83837
556 0.83852
557 0.83866
558 0.83881
559 0.83896
560 0.83911
561 0.83926
562 0.83941
563 0.83956
564 0.83972
565 0.83987
566 0.84003
567 0.84019
568 0.84035
569 0.84051
570 0.84067
571 0.84083
572 0.84100
573 0.84116
574 0.84133
575 0.84149
576 0.84166
577 0.84183
578 0.84200
579 0.84217
580 0.84234
581 0.84252
582 0.84269
583 0.84287
584 0.84304
585 0.84322
586 0.84340
587 0.84358
588 0.84376
589 0.84395
590 0.84413
591 0.84432
592 0.84450
593 0.84469
594 0.84488
595 0.84507
596 0.84526
597 0.84545
598 0.84564
599 0.84584
600 0.84603
601 0.84623
602 0.84643
603 0.84663
604 0.84683
605 0.84703
606 0.84723
607 0.84743
608 0.84764
609 0.84784
610 0.84805
611 0.84826
612 0.84847
613 0.84868
614 0.84889
615 0.84910
616 0.84932
617 0.84953
618 0.84975
619 0.84997
620 0.85018
621 0.85040
622 0.85062
623 0.85085
624 0.85107
625 0.85129
626 0.85152
627 0.85175
628 0.85197
629 0.85220
630 0.85243
631 0.85267
632 0.85290
633 0.85313
634 0.85337
635 0.85360
636 0.85384
637 0.85408
638 0.85432
639 0.85456
640 0.85480
641 0.85504
642 0.85529
643 0.85553
644 0.85578
645 0.85603
646 0.85628
647 0.85653
648 0.85678
649 0.85703
650 0.85729
651 0.85754
652 0.85780
653 0.85806
654 0.85831
655 0.85857
656 0.85884
657 0.85910
658 0.85936
659 0.85963
660 0.85989
661 0.86016
662 0.86043
663 0.86070
664 0.86097
665 0.86124
666 0.86151
667 0.86179
668 0.86206
669 0.86234
670 0.86262
671 0.86290
672 0.86318
673 0.86346
674 0.86374
675 0.86403
676 0.86431
677 0.86460
678 0.86489
679 0.86518
680 0.86547
681 0.86576
682 0.86605
683 0.86634
684 0.86664
685 0.86694
686 0.86723
687 0.86753
688 0.86783
689 0.86813
690 0.86844
691 0.86874
692 0.86904
693 0.86935
694 0.86966
695 0.86997
696 0.87028
697 0.87059
698 0.87090
699 0.87122
700 0.87153
701 0.87185
702 0.87216
703 0.87248
704 0.87280
705 0.87312
706 0.87345
707 0.87377
708 0.87410
709 0.87442
710 0.87475
711 0.87508
712 0.87541
713 0.87574
714 0.87607
715 0.87641
716 0.87674
717 0.87708
718 0.87742
719 0.87776
720 0.87810
721 0.87844
722 0.87878
723 0.87912
724 0.87947
725 0.87982
726 0.88016
727 0.88051
728 0.88086
729 0.88122
730 0.88157
731 0.88192
732 0.88228
733 0.88264
734 0.88300
735 0.88336
736 0.88372
737 0.88408
738 0.88444
739 0.88481
740 0.88517
741 0.88554
742 0.88591
743 0.88628
744 0.88665
745 0.88702
746 0.88740
747 0.88777
748 0.88815
749 0.88853
750 0.88891
751 0.88929
752 0.88967
753 0.89005
754 0.89044
755 0.89082
756 0.89121
757 0.89160
758 0.89199
759 0.89238
760 0.89278
761 0.89317
762 0.89356
763 0.89396
764 0.89436
765 0.89476
766 0.89516
767 0.89556
768 0.89597
769 0.89637
770 0.89678
771 0.89718
772 0.89759
773 0.89800
774 0.89842
775 0.89883
776 0.89924
777 0.89966
778 0.90008
779 0.90049
780 0.90091
781 0.90134
782 0.90176
783 0.90218
784 0.90261
785 0.90303
786 0.90346
787 0.90389
788 0.90432
789 0.90476
790 0.90519
791 0.90562
792 0.90606
793 0.90650
794 0.90694
795 0.90738
796 0.90782
797 0.90826
798 0.90871
799 0.90916
800 0.90960
801 0.91005
802 0.91050
803 0.91096
804 0.91141
805 0.91186
806 0.91232
807 0.91278
808 0.91324
809 0.91370
810 0.91416
811 0.91462
812 0.91509
813 0.91555
814 0.91602
815 0.91649
816 0.91696
817 0.91743
818 0.91791
819 0.91838
820 0.91886
821 0.91934
822 0.91982
823 0.92030
824 0.92078
825 0.92126
826 0.92175
827 0.92224
828 0.92272
829 0.92321
830 0.92371
831 0.92420
832 0.92469
833 0.92519
834 0.92568
835 0.92618
836 0.92668
837 0.92718
838 0.92769
839 0.92819
840 0.92870
841 0.92921
842 0.92971
843 0.93023
844 0.93074
845 0.93125
846 0.93177
847 0.93228
848 0.93280
849 0.93332
850 0.93384
851 0.93436
852 0.93489
853 0.93541
854 0.93594
855 0.93647
856 0.93700
857 0.93753
858 0.93806
859 0.93860
860 0.93914
861 0.93967
862 0.94021
863 0.94075
864 0.94130
865 0.94184
866 0.94239
867 0.94293
868 0.94348
869 0.94403
870 0.94459
871 0.94514
872 0.94569
873 0.94625
874 0.94681
875 0.94737
876 0.94793
877 0.94849
878 0.94906
879 0.94962
880 0.95019
881 0.95076
882 0.95133
883 0.95190
884 0.95248
885 0.95305
886 0.95363
887 0.95421
888 0.95479
889 0.95537
890 0.95596
891 0.95654
892 0.95713
893 0.95772
894 0.95831
895 0.95890
896 0.95949
897 0.96009
898 0.96069
899 0.96128
900 0.96189
901 0.96249
902 0.96309
903 0.96370
904 0.96430
905 0.96491
906 0.96552
907 0.96613
908 0.96675
909 0.96736
910 0.96798
911 0.96860
912 0.96838
913 0.97025
914 0.97149
915 0.97236
916 0.97286
917 0.97312
918 0.97341
919 0.97374
920 0.97411
921 0.97455
922 0.97451
923 0.97448
924 0.97500
925 0.97496
926 0.97493
927 0.97556
928 0.97553
929 0.97550
930 0.97547
931 0.97628
932 0.97625
933 0.97622
934 0.97618
935 0.97615
936 0.97612
937 0.97609
938 0.97718
939 0.97715
940 0.97712
941 0.97710
942 0.97707
943 0.97704
944 0.97701
945 0.97698
946 0.97695
947 0.97692
948 0.97689
949 0.97686
950 0.97845
951 0.97842
952 0.97840
953 0.97837
954 0.97834
955 0.97831
956 0.97829
957 0.97826
958 0.97823
959 0.97820
960 0.97818
961 0.97815
962 0.97812
963 0.97809
964 0.97807
965 0.97804
966 0.97801
967 0.97798
968 0.97796
969 0.97793
970 0.97790
971 0.97788
972 0.97785
973 0.98046
974 0.98043
975 0.98041
976 0.98038
977 0.98036
978 0.98034
979 0.98031
980 0.98029
981 0.98026
982 0.98024
983 0.98022
984 0.98019
985 0.98017
986 0.98014
987 0.98012
988 0.98010
989 0.98007
990 0.98005
991 0.98002
992 0.98000
993 0.97997
994 0.97995
995 0.97993
996 0.97990
997 0.97988
998 0.97985
999 0.97983
1000 0.97980
1001 0.97978
1002 0.97976
1003 0.97973
1004 0.97971
1005 0.97968
1006 0.97966
1007 0.97964
1008 0.97961
1009 0.97959
1010 0.97956
1011 0.97954
1012 0.97951
1013 0.97949
1014 0.97947
1015 0.97944
1016 0.97942
1017 0.97939
1018 0.97937
1019 0.97934
1020 0.97932
1021 0.97929
1022 0.97927
1023 0.97925
1024 0.97922
1025 0.97920
1026 0.98452
1027 0.98451
1028 0.98449
1029 0.98447
1030 0.98445
1031 0.98443
1032 0.98442
1033 0.98440
1034 0.98438
1035 0.98436
1036 0.98434
1037 0.98432
1038 0.98431
1039 0.98429
1040 0.98427
1041 0.98425
1042 0.98423
1043 0.98422
1044 0.98420
1045 0.98418
1046 0.98416
1047 0.98414
1048 0.98413
1049 0.98411
1050 0.98409
1051 0.98407
1052 0.98405
1053 0.98403
1054 0.98402
1055 0.98400
1056 0.98398
1057 0.98396
1058 0.98394
1059 0.98393
1060 0.98391
1061 0.98389
1062 0.98387
1063 0.98385
1064 0.98383
1065 0.98382
1066 0.98380
1067 0.98378
1068 0.98376
1069 0.98374
1070 0.98373
1071 0.98371
1072 0.98369
1073 0.98367
1074 0.98365
1075 0.98363
1076 0.98362
1077 0.98360
1078 0.98358
1079 0.98356
1080 0.98354
1081 0.98352
1082 0.98351
1083 0.98349
1084 0.98347
1085 0.98345
1086 0.98343
1087 0.98342
1088 0.98340
1089 0.98338
1090 0.98336
1091 0.98334
1092 0.98332
1093 0.98331
1094 0.98329
1095 0.98327
1096 0.98325
1097 0.98323
1098 0.98321
1099 0.98320
1100 0.98318
1101 0.98316
1102 0.98314
1103 0.98312
1104 0.98310
1105 0.98309
1106 0.98307
1107 0.98305
1108 0.98303
1109 0.98301
1110 0.98299
1111 0.98298
1112 0.98296
1113 0.98294
1114 0.98292
1115 0.98290
1116 0.98288
1117 0.98287
1118 0.98285
1119 0.98283
1120 0.98281
1121 0.98279
1122 0.98277
1123 0.98276
1124 0.98274
1125 0.98272
1126 0.98270
1127 0.98268
1128 0.98266
1129 0.98265
1130 0.98263
1131 0.98261
1132 0.98259
1133 0.98257
1134 0.98255
1135 0.98253
1136 0.98252
1137 0.98250
1138 0.98248
1139 0.98246
1140 0.98244
1141 0.98242
1142 0.98241
1143 0.98239
1144 0.98237
1145 0.98235
1146 0.98233
1147 0.98231
1148 0.98229
1149 0.98228
1150 0.98226
1151 0.98224
1152 0.98222
1153 0.98220
1154 0.98218
1155 0.98217
1156 0.98215
1157 0.98213
1158 0.98211
1159 0.98209
1160 0.98207
1161 0.98205
1162 0.98204
1163 0.98202
1164 0.98200
1165 0.98198
1166 0.98196
1167 0.98194
1168 0.98193
1169 0.98191
1170 0.98189
1171 0.98187
1172 0.98185
1173 0.98183
1174 0.98181
1175 0.98180
1176 0.98178
1177 0.98176
1178 0.98174
1179 0.98172
1180 0.98170
1181 0.98168
1182 0.98167
1183 0.98165
1184 0.98163
1185 0.98161
1186 0.98159
1187 0.98157
1188 0.98155
1189 0.98154
1190 0.98152
1191 0.98150
1192 0.98148
1193 0.98146
1194 0.98144
1195 0.98142
1196 0.98141
1197 0.98139
1198 0.98137
1199 0.98135
1200 0.98133
1201 0.98131
1202 0.98129
1203 0.98127
1204 0.98126
1205 0.98124
1206 0.98122
1207 0.98120
1208 0.98118
1209 0.98116
1210 0.98114
1211 0.98113
1212 0.98111
1213 0.98109
1214 0.98107
1215 0.98105
1216 1.00000
