17 1.56767
18 1.49402
19 1.42853
20 1.36990
21 1.31707
22 1.26921
23 1.22563
24 1.18576
25 1.14915
26 1.11539
27 1.08415
28 1.05515
29 1.02816
30 1.00295
31 0.97936
32 0.95723
33 0.93642
34 0.91680
35 0.89829
36 0.88078
37 0.86418
38 0.84843
39 0.83347
40 0.81922
41 0.80563
42 0.79267
43 0.78028
44 0.76843
45 0.75708
46 0.74619
47 0.73574
48 0.72571
49 0.71605
50 0.70676
51 0.69781
52 0.68918
53 0.68085
54 0.67281
55 0.66504
56 0.65753
57 0.65026
58 0.64322
59 0.63640
60 0.62979
61 0.62338
62 0.61715
63 0.61111
64 0.60524
65 0.59953
66 0.59399
67 0.58859
68 0.58333
69 0.57821
70 0.57323
71 0.56837
72 0.56363
73 0.55901
74 0.55450
75 0.55010
76 0.54580
77 0.54161
78 0.53751
79 0.53350
80 0.52958
81 0.52575
82 0.52200
83 0.51833
84 0.51473
85 0.51122
86 0.50777
87 0.50440
88 0.50109
89 0.49785
90 0.49467
91 0.49156
92 0.48850
93 0.48550
94 0.48256
95 0.47968
96 0.47684
97 0.47406
98 0.47133
99 0.46864
100 0.46600
101 0.46341
102 0.46087
103 0.45836
104 0.45590
105 0.45348
106 0.45110
107 0.44876
108 0.44646
109 0.44419
110 0.44196
111 0.43977
112 0.43760
113 0.43548
114 0.43338
115 0.43132
116 0.42929
117 0.42729
118 0.42532
119 0.42337
120 0.42146
121 0.41957
122 0.41771
123 0.41588
124 0.41407
125 0.41229
126 0.41054
127 0.40880
128 0.40709
129 0.40541
130 0.40375
131 0.40211
132 0.40049
133 0.39889
134 0.39731
135 0.39576
136 0.39422
137 0.39271
138 0.39121
139 0.38973
140 0.38827
141 0.38683
142 0.38541
143 0.38401
144 0.38262
145 0.38125
146 0.37989
147 0.37856
148 0.37723
149 0.37593
150 0.37464
151 0.37336
152 0.37210
153 0.37086
154 0.36963
155 0.36841
156 0.36721
157 0.36602
158 0.36484
159 0.36368
160 0.36253
161 0.36140
162 0.36027
163 0.35916
164 0.35806
165 0.35698
166 0.35590
167 0.35484
168 0.35379
169 0.35275
170 0.35172
171 0.35070
172 0.34969
173 0.34870
174 0.34771
175 0.34674
176 0.34577
177 0.34482
178 0.34387
179 0.34294
180 0.34201
181 0.34109
182 0.34019
183 0.33929
184 0.33840
185 0.33752
186 0.33665
187 0.33579
188 0.33494
189 0.33409
190 0.33326
191 0.33243
192 0.33161
193 0.33080
194 0.33000
195 0.32920
196 0.32841
197 0.32763
198 0.32686
199 0.32610
200 0.32534
201 0.32459
202 0.32385
203 0.32311
204 0.32239
205 0.32166
206 0.32095
207 0.32024
208 0.31954
209 0.31885
210 0.31816
211 0.31748
212 0.31681
213 0.31614
214 0.31548
215 0.31482
216 0.31417
217 0.31353
218 0.31289
219 0.31226
220 0.31163
221 0.31102
222 0.31040
223 0.30979
224 0.30919
225 0.30860
226 0.30801
227 0.30742
228 0.30684
229 0.30627
230 0.30570
231 0.30513
232 0.30457
233 0.30402
234 0.30347
235 0.30293
236 0.30239
237 0.30186
238 0.30133
239 0.30080
240 0.30029
241 0.29977
242 0.29926
243 0.29876
244 0.29826
245 0.29776
246 0.29727
247 0.29679
248 0.29631
249 0.29583
250 0.29536
251 0.29489
252 0.29442
253 0.29397
254 0.29351
255 0.29306
256 0.29261
257 0.29217
258 0.29173
259 0.29130
260 0.29087
261 0.29044
262 0.29002
263 0.28960
264 0.28919
265 0.28878
266 0.28837
267 0.28797
268 0.28757
269 0.28717
270 0.28678
271 0.28639
272 0.28601
273 0.28563
274 0.28525
275 0.28488
276 0.28451
277 0.28414
278 0.28378
279 0.28342
280 0.28307
281 0.28271
282 0.28237
283 0.28202
284 0.28168
285 0.28134
286 0.28101
287 0.28067
288 0.28035
289 0.28002
290 0.27970
291 0.27938
292 0.27907
293 0.27875
294 0.27844
295 0.27814
296 0.27784
297 0.27754
298 0.27724
299 0.27695
300 0.27666
301 0.27637
302 0.27608
303 0.27580
304 0.27552
305 0.27525
306 0.27498
307 0.27471
308 0.27444
309 0.27418
310 0.27391
311 0.27366
312 0.27340
313 0.27315
314 0.27290
315 0.27265
316 0.27241
317 0.27217
318 0.27193
319 0.27169
320 0.27146
321 0.27123
322 0.27100
323 0.27078
324 0.27055
325 0.27033
326 0.27012
327 0.26990
328 0.26969
329 0.26948
330 0.26927
331 0.26907
332 0.26887
333 0.26867
334 0.26847
335 0.26828
336 0.26809
337 0.26790
338 0.26771
339 0.26753
340 0.26735
341 0.26717
342 0.26699
343 0.26682
344 0.26665
345 0.26648
346 0.26631
347 0.26614
348 0.26598
349 0.26582
350 0.26566
351 0.26551
352 0.26536
353 0.26521
354 0.26506
355 0.26491
356 0.26477
357 0.26463
358 0.26449
359 0.26435
360 0.26422
361 0.26409
362 0.26396
363 0.26383
364 0.26370
365 0.26358
366 0.26346
367 0.26334
368 0.26322
369 0.26311
370 0.26300
371 0.26289
372 0.26278
373 0.26267
374 0.26257
375 0.26247
376 0.26237
377 0.26227
378 0.26218
379 0.26208
380 0.26199
381 0.26190
382 0.26182
383 0.26173
384 0.26165
385 0.26157
386 0.26149
387 0.26142
388 0.26134
389 0.26127
390 0.26120
391 0.26113
392 0.26107
393 0.26101
394 0.26094
395 0.26088
396 0.26083
397 0.26077
398 0.26072
399 0.26067
400 0.26062
401 0.26057
402 0.26052
403 0.26048
404 0.26044
405 0.26040
406 0.26036
407 0.26033
408 0.26029
409 0.26026
410 0.26023
411 0.26020
412 0.26018
413 0.26016
414 0.26013
415 0.26011
416 0.26010
417 0.26008
418 0.26007
419 0.26005
420 0.26004
421 0.26004
422 0.26003
423 0.26003
424 0.26002
425 0.26002
426 0.26003
427 0.26003
428 0.26003
429 0.26004
430 0.26005
431 0.26006
432 0.26008
433 0.26009
434 0.26011
435 0.26013
436 0.26015
437 0.26017
438 0.26019
439 0.26022
440 0.26025
441 0.26028
442 0.26031
443 0.26034
444 0.26038
445 0.26042
446 0.26046
447 0.26050
448 0.26054
449 0.26059
450 0.26063
451 0.26068
452 0.26073
453 0.26079
454 0.26084
455 0.26090
456 0.26095
457 0.26101
458 0.26108
459 0.26114
460 0.26121
461 0.26127
462 0.26134
463 0.26141
464 0.26149
465 0.26156
466 0.26164
467 0.26172
468 0.26180
469 0.26188
470 0.26197
471 0.26205
472 0.26214
473 0.26223
474 0.26232
475 0.26242
476 0.26251
477 0.26261
478 0.26271
479 0.26281
480 0.26291
481 0.26302
482 0.26312
483 0.26323
484 0.26334
485 0.26345
486 0.26357
487 0.26368
488 0.26380
489 0.26392
490 0.26404
491 0.26417
492 0.26429
493 0.26442
494 0.26455
495 0.26468
496 0.26481
497 0.26495
498 0.26508
499 0.26522
500 0.26536
501 0.26550
502 0.26565
503 0.26579
504 0.26594
505 0.26609
506 0.26624
507 0.26640
508 0.26655
509 0.26671
510 0.26687
511 0.26703
512 0.26719
513 0.26736
514 0.26753
515 0.26769
516 0.26786
517 0.26804
518 0.26821
519 0.26839
520 0.26857
521 0.26875
522 0.26893
523 0.26911
524 0.26930
525 0.26949
526 0.26968
527 0.26987
528 0.27006
529 0.27026
530 0.27046
531 0.27065
532 0.27086
533 0.27106
534 0.27127
535 0.27147
536 0.27168
537 0.27189
538 0.27211
539 0.27232
540 0.27254
541 0.27276
542 0.27298
543 0.27320
544 0.27343
545 0.27365
546 0.27388
547 0.27411
548 0.27435
549 0.27458
550 0.27482
551 0.27506
552 0.27530
553 0.27554
554 0.27579
555 0.27604
556 0.27629
557 0.27654
558 0.27679
559 0.27705
560 0.27730
561 0.27756
562 0.27782
563 0.27809
564 0.27835
565 0.27862
566 0.27889
567 0.27916
568 0.27944
569 0.27971
570 0.27999
571 0.28027
572 0.28055
573 0.28084
574 0.28112
575 0.28141
576 0.28170
577 0.28200
578 0.28229
579 0.28259
580 0.28289
581 0.28319
582 0.28349
583 0.28380
584 0.28411
585 0.28442
586 0.28473
587 0.28504
588 0.28536
589 0.28568
590 0.28600
591 0.28632
592 0.28665
593 0.28698
594 0.28731
595 0.28764
596 0.28797
597 0.28831
598 0.28865
599 0.28899
600 0.28933
601 0.28968
602 0.29003
603 0.29038
604 0.29073
605 0.29108
606 0.29144
607 0.29180
608 0.29198
609 0.29235
610 0.29271
611 0.29308
612 0.29345
613 0.29383
614 0.29421
615 0.29459
616 0.29497
617 0.29536
618 0.29575
619 0.29614
620 0.29654
621 0.29694
622 0.29735
623 0.29776
624 0.29817
625 0.29859
626 0.29900
627 0.29943
628 0.29985
629 0.30028
630 0.30072
631 0.30116
632 0.30160
633 0.30205
634 0.30249
635 0.30295
636 0.30340
637 0.30386
638 0.30433
639 0.30480
640 0.30527
641 0.30575
642 0.30623
643 0.30672
644 0.30721
645 0.30770
646 0.30820
647 0.30871
648 0.30922
649 0.30973
650 0.31024
651 0.31076
652 0.31128
653 0.31181
654 0.31234
655 0.31287
656 0.31341
657 0.31396
658 0.31451
659 0.31506
660 0.31563
661 0.31619
662 0.31676
663 0.31734
664 0.31792
665 0.31850
666 0.31909
667 0.31969
668 0.32029
669 0.32090
670 0.32151
671 0.32213
672 0.32275
673 0.32338
674 0.32401
675 0.32465
676 0.32529
677 0.32594
678 0.32660
679 0.32726
680 0.32793
681 0.32860
682 0.32928
683 0.32996
684 0.33065
685 0.33133
686 0.33202
687 0.33271
688 0.33341
689 0.33411
690 0.33482
691 0.33554
692 0.33626
693 0.33699
694 0.33773
695 0.33847
696 0.33922
697 0.33997
698 0.34073
699 0.34149
700 0.34227
701 0.34305
702 0.34383
703 0.34462
704 0.34542
705 0.34623
706 0.34704
707 0.34786
708 0.34868
709 0.34952
710 0.35036
711 0.35120
712 0.35206
713 0.35292
714 0.35378
715 0.35466
716 0.35554
717 0.35643
718 0.35732
719 0.35823
720 0.35914
721 0.36006
722 0.36098
723 0.36192
724 0.36286
725 0.36381
726 0.36477
727 0.36573
728 0.36670
729 0.36769
730 0.36867
731 0.36967
732 0.37068
733 0.37169
734 0.37271
735 0.37374
736 0.37478
737 0.37583
738 0.37688
739 0.37795
740 0.37902
741 0.38010
742 0.38119
743 0.38229
744 0.38340
745 0.38452
746 0.38565
747 0.38678
748 0.38793
749 0.38908
750 0.39025
751 0.39142
752 0.39261
753 0.39380
754 0.39500
755 0.39621
756 0.39744
757 0.39867
758 0.39991
759 0.40117
760 0.40243
761 0.40370
762 0.40499
763 0.40628
764 0.40759
765 0.40890
766 0.41023
767 0.41157
768 0.41292
769 0.41428
770 0.41565
771 0.41703
772 0.41842
773 0.41983
774 0.42125
775 0.42267
776 0.42412
777 0.42557
778 0.42703
779 0.42851
780 0.43000
781 0.43150
782 0.43301
783 0.43454
784 0.43608
785 0.43763
786 0.43919
787 0.44077
788 0.44236
789 0.44396
790 0.44558
791 0.44721
792 0.44885
793 0.45051
794 0.45218
795 0.45387
796 0.45557
797 0.45728
798 0.45901
799 0.46075
800 0.46251
801 0.46428
802 0.46607
803 0.46787
804 0.46969
805 0.47152
806 0.47337
807 0.47523
808 0.47711
809 0.47901
810 0.48092
811 0.48281
812 0.48469
813 0.48658
814 0.48849
815 0.49042
816 0.49236
817 0.49432
818 0.49629
819 0.49828
820 0.50029
821 0.50232
822 0.50436
823 0.50642
824 0.50849
825 0.51059
826 0.51270
827 0.51483
828 0.51697
829 0.51816
830 0.52033
831 0.52252
832 0.52473
833 0.52695
834 0.52919
835 0.53146
836 0.53374
837 0.53604
838 0.53837
839 0.54071
840 0.54308
841 0.54547
842 0.54788
843 0.55032
844 0.55277
845 0.55525
846 0.55775
847 0.56028
848 0.56283
849 0.56540
850 0.56799
851 0.57061
852 0.57326
853 0.57593
854 0.57862
855 0.58134
856 0.58409
857 0.58686
858 0.58966
859 0.59248
860 0.59533
861 0.59821
862 0.60111
863 0.60405
864 0.60701
865 0.60999
866 0.61301
867 0.61606
868 0.61913
869 0.62223
870 0.62537
871 0.62853
872 0.63172
873 0.63495
874 0.63821
875 0.64149
876 0.64481
877 0.64816
878 0.65155
879 0.65496
880 0.65841
881 0.66190
882 0.66541
883 0.66896
884 0.67255
885 0.67617
886 0.67983
887 0.68352
888 0.68725
889 0.69101
890 0.69481
891 0.69865
892 0.70253
893 0.70644
894 0.71040
895 0.71439
896 0.71842
897 0.72250
898 0.72661
899 0.73076
900 0.73496
901 0.73920
902 0.74348
903 0.74780
904 0.75217
905 0.75658
906 0.76104
907 0.76554
908 0.77008
909 0.77468
910 0.77931
911 0.78400
912 0.78764
913 0.80256
914 0.81256
915 0.81954
916 0.82347
917 0.82541
918 0.82761
919 0.83013
920 0.83306
921 0.83654
922 0.83594
923 0.83535
924 0.83958
925 0.83900
926 0.83842
927 0.84372
928 0.84315
929 0.84259
930 0.84202
931 0.84891
932 0.84836
933 0.84781
934 0.84726
935 0.84671
936 0.84616
937 0.84560
938 0.85506
939 0.85453
940 0.85401
941 0.85348
942 0.85295
943 0.85243
944 0.85190
945 0.85136
946 0.85083
947 0.85030
948 0.84976
949 0.84923
950 0.86324
951 0.86275
952 0.86225
953 0.86176
954 0.86127
955 0.86077
956 0.86027
957 0.85977
958 0.85928
959 0.85878
960 0.85827
961 0.85777
962 0.85727
963 0.85676
964 0.85626
965 0.85575
966 0.85524
967 0.85473
968 0.85422
969 0.85371
970 0.85320
971 0.85269
972 0.85217
973 0.87557
974 0.87513
975 0.87469
976 0.87425
977 0.87380
978 0.87336
979 0.87291
980 0.87247
981 0.87202
982 0.87157
983 0.87112
984 0.87067
985 0.87022
986 0.86977
987 0.86932
988 0.86886
989 0.86841
990 0.86795
991 0.86750
992 0.86704
993 0.86658
994 0.86612
995 0.86566
996 0.86519
997 0.86473
998 0.86427
999 0.86380
1000 0.86334
1001 0.86287
1002 0.86240
1003 0.86193
1004 0.86146
1005 0.86099
1006 0.86052
1007 0.86005
1008 0.85957
1009 0.85910
1010 0.85862
1011 0.85814
1012 0.85766
1013 0.85719
1014 0.85671
1015 0.85622
1016 0.85574
1017 0.85526
1018 0.85477
1019 0.85429
1020 0.85380
1021 0.85332
1022 0.85283
1023 0.85234
1024 0.85185
1025 0.85136
1026 0.89994
1027 0.89960
1028 0.89926
1029 0.89892
1030 0.89858
1031 0.89823
1032 0.89789
1033 0.89754
1034 0.89720
1035 0.89685
1036 0.89650
1037 0.89615
1038 0.89581
1039 0.89546
1040 0.89511
1041 0.89475
1042 0.89440
1043 0.89405
1044 0.89370
1045 0.89334
1046 0.89299
1047 0.89263
1048 0.89227
1049 0.89192
1050 0.89156
1051 0.89120
1052 0.89084
1053 0.89048
1054 0.89012
1055 0.88975
1056 0.88939
1057 0.88903
1058 0.88866
1059 0.88830
1060 0.88793
1061 0.88756
1062 0.88720
1063 0.88683
1064 0.88646
1065 0.88609
1066 0.88572
1067 0.88535
1068 0.88497
1069 0.88460
1070 0.88423
1071 0.88385
1072 0.88348
1073 0.88310
1074 0.88272
1075 0.88235
1076 0.88197
1077 0.88159
1078 0.88121
1079 0.88083
1080 0.88044
1081 0.88006
1082 0.87968
1083 0.87929
1084 0.87891
1085 0.87852
1086 0.87814
1087 0.87775
1088 0.87736
1089 0.87697
1090 0.87658
1091 0.87619
1092 0.87580
1093 0.87541
1094 0.87502
1095 0.87462
1096 0.87423
1097 0.87383
1098 0.87344
1099 0.87304
1100 0.87264
1101 0.87225
1102 0.87185
1103 0.87145
1104 0.87105
1105 0.87064
1106 0.87024
1107 0.86984
1108 0.86943
1109 0.86903
1110 0.86862
1111 0.86821
1112 0.86780
1113 0.86740
1114 0.86699
1115 0.86657
1116 0.86616
1117 0.86575
1118 0.86534
1119 0.86492
1120 0.86451
1121 0.86409
1122 0.86368
1123 0.86326
1124 0.86284
1125 0.86243
1126 0.86201
1127 0.86159
1128 0.86116
1129 0.86074
1130 0.86032
1131 0.85990
1132 0.85947
1133 0.85905
1134 0.85862
1135 0.85820
1136 0.85777
1137 0.85734
1138 0.85691
1139 0.85648
1140 0.85605
1141 0.85562
1142 0.85519
1143 0.85475
1144 0.85432
1145 0.85389
1146 0.85345
1147 0.85301
1148 0.85258
1149 0.85214
1150 0.85170
1151 0.85126
1152 0.85082
1153 0.85038
1154 0.84994
1155 0.84950
1156 0.84905
1157 0.84861
1158 0.84816
1159 0.84772
1160 0.84727
1161 0.84682
1162 0.84637
1163 0.84593
1164 0.84548
1165 0.84502
1166 0.84457
1167 0.84412
1168 0.84367
1169 0.84321
1170 0.84276
1171 0.84230
1172 0.84185
1173 0.84139
1174 0.84093
1175 0.84047
1176 0.84001
1177 0.83955
1178 0.83909
1179 0.83863
1180 0.83817
1181 0.83771
1182 0.83724
1183 0.83678
1184 0.83631
1185 0.83584
1186 0.83538
1187 0.83491
1188 0.83444
1189 0.83397
1190 0.83350
1191 0.83303
1192 0.83255
1193 0.83208
1194 0.83161
1195 0.83113
1196 0.83066
1197 0.83018
1198 0.82970
1199 0.82923
1200 0.82875
1201 0.82827
1202 0.82779
1203 0.82731
1204 0.82682
1205 0.82634
1206 0.82586
1207 0.82537
1208 0.82489
1209 0.82440
1210 0.82392
1211 0.82343
1212 0.82294
1213 0.82245
1214 0.82196
1215 0.82147
1216 1.00000
