17 17.08325
18 13.15467
19 10.31404
20 8.21671
21 6.63920
22 5.43284
23 4.49648
24 3.75986
25 3.17328
26 2.70096
27 2.31678
28 2.00137
29 1.74019
30 1.52222
31 1.33896
32 1.18384
33 1.05172
34 0.93851
35 0.84097
36 0.75651
37 0.68302
38 0.61878
39 0.56238
40 0.51268
41 0.46870
42 0.42966
43 0.39487
44 0.36378
45 0.33590
46 0.31083
47 0.28823
48 0.26780
49 0.24928
50 0.23246
51 0.21714
52 0.20316
53 0.19037
54 0.17866
55 0.16790
56 0.15801
57 0.14889
58 0.14048
59 0.13270
60 0.12550
61 0.11882
62 0.11262
63 0.10685
64 0.10147
65 0.09646
66 0.09178
67 0.08741
68 0.08331
69 0.07948
70 0.07588
71 0.07250
72 0.06932
73 0.06633
74 0.06351
75 0.06086
76 0.05835
77 0.05598
78 0.05374
79 0.05163
80 0.04962
81 0.04772
82 0.04592
83 0.04421
84 0.04258
85 0.04104
86 0.03957
87 0.03817
88 0.03684
89 0.03557
90 0.03436
91 0.03320
92 0.03210
93 0.03104
94 0.03004
95 0.02907
96 0.02815
97 0.02727
98 0.02642
99 0.02561
100 0.02483
101 0.02409
102 0.02337
103 0.02268
104 0.02202
105 0.02139
106 0.02078
107 0.02019
108 0.01963
109 0.01908
110 0.01856
111 0.01805
112 0.01757
113 0.01710
114 0.01665
115 0.01621
116 0.01579
117 0.01538
118 0.01499
119 0.01461
120 0.01424
121 0.01388
122 0.01354
123 0.01321
124 0.01289
125 0.01258
126 0.01228
127 0.01198
128 0.01170
129 0.01143
130 0.01116
131 0.01090
132 0.01065
133 0.01041
134 0.01018
135 0.00995
136 0.00973
137 0.00951
138 0.00930
139 0.00910
140 0.00890
141 0.00871
142 0.00852
143 0.00834
144 0.00816
145 0.00799
146 0.00783
147 0.00766
148 0.00751
149 0.00735
150 0.00720
151 0.00705
152 0.00691
153 0.00677
154 0.00664
155 0.00651
156 0.00638
157 0.00625
158 0.00613
159 0.00601
160 0.00590
161 0.00578
162 0.00567
163 0.00556
164 0.00546
165 0.00536
166 0.00526
167 0.00516
168 0.00506
169 0.00497
170 0.00488
171 0.00479
172 0.00470
173 0.00461
174 0.00453
175 0.00445
176 0.00437
177 0.00429
178 0.00422
179 0.00414
180 0.00407
181 0.00400
182 0.00393
183 0.00386
184 0.00379
185 0.00373
186 0.00366
187 0.00360
188 0.00354
189 0.00348
190 0.00342
191 0.00336
192 0.00330
193 0.00325
194 0.00319
195 0.00314
196 0.00309
197 0.00304
198 0.00299
199 0.00294
200 0.00289
201 0.00284
202 0.00280
203 0.00275
204 0.00271
205 0.00266
206 0.00262
207 0.00258
208 0.00254
209 0.00250
210 0.00246
211 0.00242
212 0.00238
213 0.00234
214 0.00230
215 0.00227
216 0.00223
217 0.00220
218 0.00216
219 0.00213
220 0.00210
221 0.00206
222 0.00203
223 0.00200
224 0.00197
225 0.00194
226 0.00191
227 0.00188
228 0.00185
229 0.00183
230 0.00180
231 0.00177
232 0.00174
233 0.00172
234 0.00169
235 0.00167
236 0.00164
237 0.00162
238 0.00159
239 0.00157
240 0.00155
241 0.00152
242 0.00150
243 0.00148
244 0.00146
245 0.00144
246 0.00141
247 0.00139
248 0.00137
249 0.00135
250 0.00133
251 0.00131
252 0.00129
253 0.00128
254 0.00126
255 0.00124
256 0.00122
257 0.00120
258 0.00119
259 0.00117
260 0.00115
261 0.00114
262 0.00112
263 0.00110
264 0.00109
265 0.00107
266 0.00106
267 0.00104
268 0.00103
269 0.00101
270 0.00100
271 0.00098
272 0.00097
273 0.00096
274 0.00094
275 0.00093
276 0.00092
277 0.00090
278 0.00089
279 0.00088
280 0.00087
281 0.00085
282 0.00084
283 0.00083
284 0.00082
285 0.00081
286 0.00080
287 0.00079
288 0.00077
289 0.00076
290 0.00075
291 0.00074
292 0.00073
293 0.00072
294 0.00071
295 0.00070
296 0.00069
297 0.00068
298 0.00067
299 0.00066
300 0.00066
301 0.00065
302 0.00064
303 0.00063
304 0.00062
305 0.00061
306 0.00060
307 0.00060
308 0.00059
309 0.00058
310 0.00057
311 0.00056
312 0.00056
313 0.00055
314 0.00054
315 0.00053
316 0.00053
317 0.00052
318 0.00051
319 0.00051
320 0.00050
321 0.00049
322 0.00049
323 0.00048
324 0.00047
325 0.00047
326 0.00046
327 0.00045
328 0.00045
329 0.00044
330 0.00044
331 0.00043
332 0.00042
333 0.00042
334 0.00041
335 0.00041
336 0.00040
337 0.00040
338 0.00039
339 0.00039
340 0.00038
341 0.00038
342 0.00037
343 0.00037
344 0.00036
345 0.00036
346 0.00035
347 0.00035
348 0.00034
349 0.00034
350 0.00033
351 0.00033
352 0.00033
353 0.00032
354 0.00032
355 0.00031
356 0.00031
357 0.00030
358 0.00030
359 0.00030
360 0.00029
361 0.00029
362 0.00029
363 0.00028
364 0.00028
365 0.00027
366 0.00027
367 0.00027
368 0.00026
369 0.00026
370 0.00026
371 0.00025
372 0.00025
373 0.00025
374 0.00025
375 0.00024
376 0.00024
377 0.00024
378 0.00023
379 0.00023
380 0.00023
381 0.00022
382 0.00022
383 0.00022
384 0.00022
385 0.00021
386 0.00021
387 0.00021
388 0.00021
389 0.00020
390 0.00020
391 0.00020
392 0.00020
393 0.00019
394 0.00019
395 0.00019
396 0.00019
397 0.00019
398 0.00018
399 0.00018
400 0.00018
401 0.00018
402 0.00017
403 0.00017
404 0.00017
405 0.00017
406 0.00017
407 0.00016
408 0.00016
409 0.00016
410 0.00016
411 0.00016
412 0.00016
413 0.00015
414 0.00015
415 0.00015
416 0.00015
417 0.00015
418 0.00015
419 0.00014
420 0.00014
421 0.00014
422 0.00014
423 0.00014
424 0.00014
425 0.00013
426 0.00013
427 0.00013
428 0.00013
429 0.00013
430 0.00013
431 0.00013
432 0.00012
433 0.00012
434 0.00012
435 0.00012
436 0.00012
437 0.00012
438 0.00012
439 0.00012
440 0.00011
441 0.00011
442 0.00011
443 0.00011
444 0.00011
445 0.00011
446 0.00011
447 0.00011
448 0.00010
449 0.00010
450 0.00010
451 0.00010
452 0.00010
453 0.00010
454 0.00010
455 0.00010
456 0.00010
457 0.00010
458 0.00009
459 0.00009
460 0.00009
461 0.00009
462 0.00009
463 0.00009
464 0.00009
465 0.00009
466 0.00009
467 0.00009
468 0.00009
469 0.00009
470 0.00008
471 0.00008
472 0.00008
473 0.00008
474 0.00008
475 0.00008
476 0.00008
477 0.00008
478 0.00008
479 0.00008
480 0.00008
481 0.00008
482 0.00008
483 0.00008
484 0.00008
485 0.00007
486 0.00007
487 0.00007
488 0.00007
489 0.00007
490 0.00007
491 0.00007
492 0.00007
493 0.00007
494 0.00007
495 0.00007
496 0.00007
497 0.00007
498 0.00007
499 0.00007
500 0.00007
501 0.00007
502 0.00007
503 0.00006
504 0.00006
505 0.00006
506 0.00006
507 0.00006
508 0.00006
509 0.00006
510 0.00006
511 0.00006
512 0.00006
513 0.00006
514 0.00006
515 0.00006
516 0.00006
517 0.00006
518 0.00006
519 0.00006
520 0.00006
521 0.00006
522 0.00006
523 0.00006
524 0.00006
525 0.00006
526 0.00006
527 0.00006
528 0.00006
529 0.00006
530 0.00005
531 0.00005
532 0.00005
533 0.00005
534 0.00005
535 0.00005
536 0.00005
537 0.00005
538 0.00005
539 0.00005
540 0.00005
541 0.00005
542 0.00005
543 0.00005
544 0.00005
545 0.00005
546 0.00005
547 0.00005
548 0.00005
549 0.00005
550 0.00005
551 0.00005
552 0.00005
553 0.00005
554 0.00005
555 0.00005
556 0.00005
557 0.00005
558 0.00005
559 0.00005
560 0.00005
561 0.00005
562 0.00005
563 0.00005
564 0.00005
565 0.00005
566 0.00005
567 0.00005
568 0.00005
569 0.00005
570 0.00005
571 0.00005
572 0.00005
573 0.00005
574 0.00005
575 0.00005
576 0.00005
577 0.00005
578 0.00005
579 0.00005
580 0.00005
581 0.00005
582 0.00005
583 0.00005
584 0.00005
585 0.00005
586 0.00005
587 0.00005
588 0.00005
589 0.00005
590 0.00005
591 0.00005
592 0.00005
593 0.00005
594 0.00005
595 0.00005
596 0.00005
597 0.00005
598 0.00005
599 0.00005
600 0.00005
601 0.00005
602 0.00005
603 0.00005
604 0.00005
605 0.00005
606 0.00005
607 0.00005
608 0.00005
609 0.00005
610 0.00005
611 0.00005
612 0.00005
613 0.00005
614 0.00005
615 0.00005
616 0.00005
617 0.00005
618 0.00005
619 0.00005
620 0.00005
621 0.00005
622 0.00005
623 0.00005
624 0.00005
625 0.00005
626 0.00005
627 0.00005
628 0.00005
629 0.00005
630 0.00005
631 0.00005
632 0.00005
633 0.00005
634 0.00005
635 0.00005
636 0.00005
637 0.00005
638 0.00005
639 0.00005
640 0.00005
641 0.00005
642 0.00005
643 0.00005
644 0.00005
645 0.00005
646 0.00006
647 0.00006
648 0.00006
649 0.00006
650 0.00006
651 0.00006
652 0.00006
653 0.00006
654 0.00006
655 0.00006
656 0.00006
657 0.00006
658 0.00006
659 0.00006
660 0.00006
661 0.00006
662 0.00006
663 0.00006
664 0.00006
665 0.00006
666 0.00006
667 0.00006
668 0.00006
669 0.00007
670 0.00007
671 0.00007
672 0.00007
673 0.00007
674 0.00007
675 0.00007
676 0.00007
677 0.00007
678 0.00007
679 0.00007
680 0.00007
681 0.00007
682 0.00007
683 0.00007
684 0.00008
685 0.00008
686 0.00008
687 0.00008
688 0.00008
689 0.00008
690 0.00008
691 0.00008
692 0.00008
693 0.00008
694 0.00009
695 0.00009
696 0.00009
697 0.00009
698 0.00009
699 0.00009
700 0.00009
701 0.00009
702 0.00009
703 0.00010
704 0.00010
705 0.00010
706 0.00010
707 0.00010
708 0.00010
709 0.00010
710 0.00011
711 0.00011
712 0.00011
713 0.00011
714 0.00011
715 0.00011
716 0.00012
717 0.00012
718 0.00012
719 0.00012
720 0.00012
721 0.00012
722 0.00013
723 0.00013
724 0.00013
725 0.00013
726 0.00014
727 0.00014
728 0.00014
729 0.00014
730 0.00014
731 0.00015
732 0.00015
733 0.00015
734 0.00016
735 0.00016
736 0.00016
737 0.00016
738 0.00017
739 0.00017
740 0.00017
741 0.00018
742 0.00018
743 0.00018
744 0.00019
745 0.00019
746 0.00020
747 0.00020
748 0.00020
749 0.00021
750 0.00021
751 0.00022
752 0.00022
753 0.00023
754 0.00023
755 0.00023
756 0.00024
757 0.00025
758 0.00025
759 0.00026
760 0.00026
761 0.00027
762 0.00027
763 0.00028
764 0.00029
765 0.00029
766 0.00030
767 0.00031
768 0.00031
769 0.00032
770 0.00033
771 0.00034
772 0.00035
773 0.00035
774 0.00036
775 0.00037
776 0.00038
777 0.00039
778 0.00040
779 0.00041
780 0.00042
781 0.00043
782 0.00045
783 0.00046
784 0.00047
785 0.00048
786 0.00049
787 0.00051
788 0.00052
789 0.00054
790 0.00055
791 0.00057
792 0.00058
793 0.00060
794 0.00062
795 0.00063
796 0.00065
797 0.00067
798 0.00069
799 0.00071
800 0.00073
801 0.00075
802 0.00078
803 0.00080
804 0.00082
805 0.00085
806 0.00088
807 0.00090
808 0.00093
809 0.00096
810 0.00099
811 0.00102
812 0.00106
813 0.00109
814 0.00112
815 0.00116
816 0.00120
817 0.00124
818 0.00128
819 0.00132
820 0.00137
821 0.00141
822 0.00146
823 0.00151
824 0.00156
825 0.00155
826 0.00161
827 0.00166
828 0.00172
829 0.00178
830 0.00184
831 0.00191
832 0.00198
833 0.00205
834 0.00212
835 0.00220
836 0.00228
837 0.00237
838 0.00246
839 0.00255
840 0.00265
841 0.00275
842 0.00285
843 0.00296
844 0.00308
845 0.00320
846 0.00333
847 0.00346
848 0.00360
849 0.00374
850 0.00390
851 0.00406
852 0.00422
853 0.00440
854 0.00458
855 0.00477
856 0.00498
857 0.00519
858 0.00541
859 0.00565
860 0.00589
861 0.00615
862 0.00642
863 0.00670
864 0.00700
865 0.00732
866 0.00765
867 0.00800
868 0.00837
869 0.00875
870 0.00916
871 0.00959
872 0.01004
873 0.01052
874 0.01102
875 0.01155
876 0.01211
877 0.01270
878 0.01332
879 0.01398
880 0.01468
881 0.01541
882 0.01618
883 0.01700
884 0.01786
885 0.01877
886 0.01974
887 0.02076
888 0.02184
889 0.02298
890 0.02420
891 0.02548
892 0.02684
893 0.02829
894 0.02982
895 0.03145
896 0.03317
897 0.03500
898 0.03695
899 0.03902
900 0.04122
901 0.04355
902 0.04604
903 0.04868
904 0.05149
905 0.05448
906 0.05767
907 0.06107
908 0.06469
909 0.06855
910 0.07266
911 0.07705
912 0.08057
913 0.09319
914 0.10335
915 0.11155
916 0.11658
917 0.11909
918 0.12212
919 0.12585
920 0.13050
921 0.13643
922 0.13515
923 0.13388
924 0.14160
925 0.14031
926 0.13902
927 0.14945
928 0.14813
929 0.14673
930 0.14531
931 0.15988
932 0.15842
933 0.15697
934 0.15552
935 0.15408
936 0.15265
937 0.15123
938 0.17297
939 0.17148
940 0.17000
941 0.16853
942 0.16706
943 0.16561
944 0.16415
945 0.16271
946 0.16127
947 0.15984
948 0.15841
949 0.15700
950 0.19232
951 0.19081
952 0.18931
953 0.18782
954 0.18633
955 0.18485
956 0.18337
957 0.18190
958 0.18044
959 0.17898
960 0.17753
961 0.17609
962 0.17465
963 0.17321
964 0.17179
965 0.17037
966 0.16896
967 0.16755
968 0.16615
969 0.16475
970 0.16336
971 0.16198
972 0.16061
973 0.22642
974 0.22493
975 0.22343
976 0.22195
977 0.22046
978 0.21899
979 0.21751
980 0.21605
981 0.21458
982 0.21312
983 0.21167
984 0.21022
985 0.20877
986 0.20733
987 0.20590
988 0.20447
989 0.20304
990 0.20162
991 0.20021
992 0.19880
993 0.19739
994 0.19599
995 0.19459
996 0.19320
997 0.19182
998 0.19044
999 0.18906
1000 0.18769
1001 0.18633
1002 0.18497
1003 0.18361
1004 0.18226
1005 0.18092
1006 0.17958
1007 0.17824
1008 0.17692
1009 0.17559
1010 0.17427
1011 0.17296
1012 0.17165
1013 0.17035
1014 0.16906
1015 0.16776
1016 0.16648
1017 0.16520
1018 0.16392
1019 0.16265
1020 0.16139
1021 0.16013
1022 0.15888
1023 0.15763
1024 0.15639
1025 0.15515
1026 0.31733
1027 0.31602
1028 0.31471
1029 0.31340
1030 0.31210
1031 0.31080
1032 0.30950
1033 0.30820
1034 0.30690
1035 0.30561
1036 0.30431
1037 0.30302
1038 0.30174
1039 0.30045
1040 0.29917
1041 0.29788
1042 0.29661
1043 0.29533
1044 0.29405
1045 0.29278
1046 0.29151
1047 0.29024
1048 0.28898
1049 0.28771
1050 0.28645
1051 0.28519
1052 0.28393
1053 0.28268
1054 0.28143
1055 0.28018
1056 0.27893
1057 0.27769
1058 0.27644
1059 0.27520
1060 0.27397
1061 0.27273
1062 0.27150
1063 0.27027
1064 0.26904
1065 0.26781
1066 0.26659
1067 0.26537
1068 0.26415
1069 0.26294
1070 0.26172
1071 0.26051
1072 0.25931
1073 0.25810
1074 0.25690
1075 0.25570
1076 0.25450
1077 0.25331
1078 0.25211
1079 0.25092
1080 0.24974
1081 0.24855
1082 0.24737
1083 0.24619
1084 0.24502
1085 0.24384
1086 0.24267
1087 0.24151
1088 0.24034
1089 0.23918
1090 0.23802
1091 0.23686
1092 0.23571
1093 0.23456
1094 0.23341
1095 0.23226
1096 0.23112
1097 0.22998
1098 0.22884
1099 0.22771
1100 0.22658
1101 0.22491
1102 0.22324
1103 0.22158
1104 0.21992
1105 0.21827
1106 0.21662
1107 0.21498
1108 0.21335
1109 0.21172
1110 0.21010
1111 0.20848
1112 0.20687
1113 0.20527
1114 0.20367
1115 0.20208
1116 0.20049
1117 0.19891
1118 0.19734
1119 0.19577
1120 0.19421
1121 0.19265
1122 0.19110
1123 0.18956
1124 0.18802
1125 0.18649
1126 0.18497
1127 0.18345
1128 0.18194
1129 0.18044
1130 0.17894
1131 0.17745
1132 0.17596
1133 0.17449
1134 0.17302
1135 0.17155
1136 0.17009
1137 0.16864
1138 0.16720
1139 0.16576
1140 0.16433
1141 0.16290
1142 0.16149
1143 0.16008
1144 0.15867
1145 0.15727
1146 0.15588
1147 0.15450
1148 0.15312
1149 0.15176
1150 0.15039
1151 0.14904
1152 0.14769
1153 0.14635
1154 0.14501
1155 0.14369
1156 0.14237
1157 0.14105
1158 0.13975
1159 0.13845
1160 0.13715
1161 0.13587
1162 0.13459
1163 0.13332
1164 0.13206
1165 0.13080
1166 0.12955
1167 0.12831
1168 0.12708
1169 0.12585
1170 0.12463
1171 0.12341
1172 0.12221
1173 0.12101
1174 0.11982
1175 0.11863
1176 0.11746
1177 0.11629
1178 0.11512
1179 0.11397
1180 0.11282
1181 0.11168
1182 0.11055
1183 0.10942
1184 0.10830
1185 0.10719
1186 0.10608
1187 0.10499
1188 0.10390
1189 0.10281
1190 0.10174
1191 0.10067
1192 0.09961
1193 0.09856
1194 0.09751
1195 0.09647
1196 0.09544
1197 0.09441
1198 0.09340
1199 0.09238
1200 0.09138
1201 0.09039
1202 0.08940
1203 0.08841
1204 0.08744
1205 0.08647
1206 0.08551
1207 0.08456
1208 0.08361
1209 0.08267
1210 0.08174
1211 0.08082
1212 0.07990
1213 0.07899
1214 0.07809
1215 0.07719
1216 1.00000
