17 19.63515
18 14.93774
19 11.58082
20 9.12925
21 7.30406
22 5.92164
23 4.85829
24 4.02888
25 3.37373
26 2.85023
27 2.42751
28 2.08287
29 1.79937
30 1.56426
31 1.36779
32 1.20246
33 1.06242
34 0.94307
35 0.84078
36 0.75264
37 0.67632
38 0.60991
39 0.55187
40 0.50095
41 0.45608
42 0.41640
43 0.38119
44 0.34984
45 0.32184
46 0.29675
47 0.27421
48 0.25390
49 0.23556
50 0.21895
51 0.20387
52 0.19016
53 0.17765
54 0.16623
55 0.15577
56 0.14618
57 0.13737
58 0.12925
59 0.12177
60 0.11486
61 0.10847
62 0.10255
63 0.09706
64 0.09195
65 0.08721
66 0.08278
67 0.07866
68 0.07480
69 0.07120
70 0.06783
71 0.06467
72 0.06170
73 0.05892
74 0.05630
75 0.05384
76 0.05152
77 0.04933
78 0.04727
79 0.04532
80 0.04348
81 0.04174
82 0.04009
83 0.03852
84 0.03704
85 0.03563
86 0.03430
87 0.03303
88 0.03182
89 0.03067
90 0.02958
91 0.02854
92 0.02755
93 0.02660
94 0.02569
95 0.02483
96 0.02401
97 0.02322
98 0.02246
99 0.02174
100 0.02105
101 0.02039
102 0.01975
103 0.01914
104 0.01856
105 0.01800
106 0.01746
107 0.01694
108 0.01645
109 0.01597
110 0.01551
111 0.01507
112 0.01464
113 0.01423
114 0.01383
115 0.01345
116 0.01309
117 0.01273
118 0.01239
119 0.01206
120 0.01174
121 0.01144
122 0.01114
123 0.01085
124 0.01058
125 0.01031
126 0.01005
127 0.00980
128 0.00955
129 0.00932
130 0.00909
131 0.00887
132 0.00866
133 0.00845
134 0.00825
135 0.00806
136 0.00787
137 0.00768
138 0.00751
139 0.00733
140 0.00717
141 0.00700
142 0.00685
143 0.00669
144 0.00654
145 0.00640
146 0.00626
147 0.00612
148 0.00599
149 0.00586
150 0.00573
151 0.00561
152 0.00549
153 0.00538
154 0.00526
155 0.00515
156 0.00505
157 0.00494
158 0.00484
159 0.00474
160 0.00465
161 0.00455
162 0.00446
163 0.00437
164 0.00428
165 0.00420
166 0.00411
167 0.00403
168 0.00395
169 0.00388
170 0.00380
171 0.00373
172 0.00366
173 0.00359
174 0.00352
175 0.00345
176 0.00339
177 0.00332
178 0.00326
179 0.00320
180 0.00314
181 0.00308
182 0.00302
183 0.00297
184 0.00291
185 0.00286
186 0.00281
187 0.00276
188 0.00271
189 0.00266
190 0.00261
191 0.00257
192 0.00252
193 0.00247
194 0.00243
195 0.00239
196 0.00235
197 0.00231
198 0.00226
199 0.00223
200 0.00219
201 0.00215
202 0.00211
203 0.00208
204 0.00204
205 0.00201
206 0.00197
207 0.00194
208 0.00190
209 0.00187
210 0.00184
211 0.00181
212 0.00178
213 0.00175
214 0.00172
215 0.00169
216 0.00166
217 0.00164
218 0.00161
219 0.00158
220 0.00156
221 0.00153
222 0.00151
223 0.00148
224 0.00146
225 0.00143
226 0.00141
227 0.00139
228 0.00137
229 0.00134
230 0.00132
231 0.00130
232 0.00128
233 0.00126
234 0.00124
235 0.00122
236 0.00120
237 0.00118
238 0.00116
239 0.00114
240 0.00113
241 0.00111
242 0.00109
243 0.00107
244 0.00106
245 0.00104
246 0.00102
247 0.00101
248 0.00099
249 0.00098
250 0.00096
251 0.00095
252 0.00093
253 0.00092
254 0.00090
255 0.00089
256 0.00088
257 0.00086
258 0.00085
259 0.00084
260 0.00082
261 0.00081
262 0.00080
263 0.00079
264 0.00077
265 0.00076
266 0.00075
267 0.00074
268 0.00073
269 0.00072
270 0.00071
271 0.00070
272 0.00069
273 0.00067
274 0.00066
275 0.00065
276 0.00064
277 0.00064
278 0.00063
279 0.00062
280 0.00061
281 0.00060
282 0.00059
283 0.00058
284 0.00057
285 0.00056
286 0.00055
287 0.00055
288 0.00054
289 0.00053
290 0.00052
291 0.00051
292 0.00051
293 0.00050
294 0.00049
295 0.00048
296 0.00048
297 0.00047
298 0.00046
299 0.00046
300 0.00045
301 0.00044
302 0.00044
303 0.00043
304 0.00042
305 0.00042
306 0.00041
307 0.00041
308 0.00040
309 0.00039
310 0.00039
311 0.00038
312 0.00038
313 0.00037
314 0.00037
315 0.00036
316 0.00036
317 0.00035
318 0.00035
319 0.00034
320 0.00034
321 0.00033
322 0.00033
323 0.00032
324 0.00032
325 0.00031
326 0.00031
327 0.00030
328 0.00030
329 0.00029
330 0.00029
331 0.00029
332 0.00028
333 0.00028
334 0.00027
335 0.00027
336 0.00027
337 0.00026
338 0.00026
339 0.00026
340 0.00025
341 0.00025
342 0.00024
343 0.00024
344 0.00024
345 0.00023
346 0.00023
347 0.00023
348 0.00022
349 0.00022
350 0.00022
351 0.00022
352 0.00021
353 0.00021
354 0.00021
355 0.00020
356 0.00020
357 0.00020
358 0.00020
359 0.00019
360 0.00019
361 0.00019
362 0.00018
363 0.00018
364 0.00018
365 0.00018
366 0.00017
367 0.00017
368 0.00017
369 0.00017
370 0.00017
371 0.00016
372 0.00016
373 0.00016
374 0.00016
375 0.00015
376 0.00015
377 0.00015
378 0.00015
379 0.00015
380 0.00014
381 0.00014
382 0.00014
383 0.00014
384 0.00014
385 0.00014
386 0.00013
387 0.00013
388 0.00013
389 0.00013
390 0.00013
391 0.00013
392 0.00012
393 0.00012
394 0.00012
395 0.00012
396 0.00012
397 0.00012
398 0.00011
399 0.00011
400 0.00011
401 0.00011
402 0.00011
403 0.00011
404 0.00011
405 0.00010
406 0.00010
407 0.00010
408 0.00010
409 0.00010
410 0.00010
411 0.00010
412 0.00010
413 0.00009
414 0.00009
415 0.00009
416 0.00009
417 0.00009
418 0.00009
419 0.00009
420 0.00009
421 0.00009
422 0.00009
423 0.00008
424 0.00008
425 0.00008
426 0.00008
427 0.00008
428 0.00008
429 0.00008
430 0.00008
431 0.00008
432 0.00008
433 0.00007
434 0.00007
435 0.00007
436 0.00007
437 0.00007
438 0.00007
439 0.00007
440 0.00007
441 0.00007
442 0.00007
443 0.00007
444 0.00007
445 0.00006
446 0.00006
447 0.00006
448 0.00006
449 0.00006
450 0.00006
451 0.00006
452 0.00006
453 0.00006
454 0.00006
455 0.00006
456 0.00006
457 0.00006
458 0.00006
459 0.00006
460 0.00006
461 0.00005
462 0.00005
463 0.00005
464 0.00005
465 0.00005
466 0.00005
467 0.00005
468 0.00005
469 0.00005
470 0.00005
471 0.00005
472 0.00005
473 0.00005
474 0.00005
475 0.00005
476 0.00005
477 0.00005
478 0.00005
479 0.00005
480 0.00005
481 0.00004
482 0.00004
483 0.00004
484 0.00004
485 0.00004
486 0.00004
487 0.00004
488 0.00004
489 0.00004
490 0.00004
491 0.00004
492 0.00004
493 0.00004
494 0.00004
495 0.00004
496 0.00004
497 0.00004
498 0.00004
499 0.00004
500 0.00004
501 0.00004
502 0.00004
503 0.00004
504 0.00004
505 0.00004
506 0.00004
507 0.00004
508 0.00004
509 0.00004
510 0.00004
511 0.00004
512 0.00003
513 0.00003
514 0.00003
515 0.00003
516 0.00003
517 0.00003
518 0.00003
519 0.00003
520 0.00003
521 0.00003
522 0.00003
523 0.00003
524 0.00003
525 0.00003
526 0.00003
527 0.00003
528 0.00003
529 0.00003
530 0.00003
531 0.00003
532 0.00003
533 0.00003
534 0.00003
535 0.00003
536 0.00003
537 0.00003
538 0.00003
539 0.00003
540 0.00003
541 0.00003
542 0.00003
543 0.00003
544 0.00003
545 0.00003
546 0.00003
547 0.00003
548 0.00003
549 0.00003
550 0.00003
551 0.00003
552 0.00003
553 0.00003
554 0.00003
555 0.00003
556 0.00003
557 0.00003
558 0.00003
559 0.00003
560 0.00003
561 0.00003
562 0.00003
563 0.00003
564 0.00003
565 0.00003
566 0.00003
567 0.00003
568 0.00003
569 0.00003
570 0.00003
571 0.00003
572 0.00003
573 0.00003
574 0.00003
575 0.00003
576 0.00003
577 0.00003
578 0.00003
579 0.00003
580 0.00003
581 0.00003
582 0.00003
583 0.00003
584 0.00003
585 0.00003
586 0.00003
587 0.00003
588 0.00003
589 0.00003
590 0.00003
591 0.00003
592 0.00003
593 0.00003
594 0.00003
595 0.00003
596 0.00003
597 0.00003
598 0.00003
599 0.00003
600 0.00003
601 0.00003
602 0.00003
603 0.00003
604 0.00003
605 0.00003
606 0.00003
607 0.00003
608 0.00003
609 0.00003
610 0.00003
611 0.00003
612 0.00003
613 0.00003
614 0.00003
615 0.00003
616 0.00003
617 0.00003
618 0.00003
619 0.00003
620 0.00003
621 0.00003
622 0.00003
623 0.00003
624 0.00003
625 0.00003
626 0.00003
627 0.00003
628 0.00003
629 0.00003
630 0.00003
631 0.00003
632 0.00003
633 0.00003
634 0.00003
635 0.00003
636 0.00003
637 0.00003
638 0.00003
639 0.00003
640 0.00003
641 0.00003
642 0.00003
643 0.00003
644 0.00003
645 0.00003
646 0.00003
647 0.00003
648 0.00003
649 0.00003
650 0.00003
651 0.00003
652 0.00003
653 0.00003
654 0.00003
655 0.00003
656 0.00003
657 0.00003
658 0.00003
659 0.00003
660 0.00003
661 0.00003
662 0.00003
663 0.00003
664 0.00003
665 0.00003
666 0.00004
667 0.00004
668 0.00004
669 0.00004
670 0.00004
671 0.00004
672 0.00004
673 0.00004
674 0.00004
675 0.00004
676 0.00004
677 0.00004
678 0.00004
679 0.00004
680 0.00004
681 0.00004
682 0.00004
683 0.00004
684 0.00004
685 0.00004
686 0.00004
687 0.00004
688 0.00004
689 0.00004
690 0.00005
691 0.00005
692 0.00005
693 0.00005
694 0.00005
695 0.00005
696 0.00005
697 0.00005
698 0.00005
699 0.00005
700 0.00005
701 0.00005
702 0.00005
703 0.00005
704 0.00005
705 0.00005
706 0.00006
707 0.00006
708 0.00006
709 0.00006
710 0.00006
711 0.00006
712 0.00006
713 0.00006
714 0.00006
715 0.00006
716 0.00006
717 0.00007
718 0.00007
719 0.00007
720 0.00007
721 0.00007
722 0.00007
723 0.00007
724 0.00007
725 0.00008
726 0.00008
727 0.00008
728 0.00008
729 0.00008
730 0.00008
731 0.00008
732 0.00009
733 0.00009
734 0.00009
735 0.00009
736 0.00009
737 0.00009
738 0.00010
739 0.00010
740 0.00010
741 0.00010
742 0.00010
743 0.00011
744 0.00011
745 0.00011
746 0.00011
747 0.00011
748 0.00012
749 0.00012
750 0.00012
751 0.00012
752 0.00013
753 0.00013
754 0.00013
755 0.00014
756 0.00014
757 0.00014
758 0.00015
759 0.00015
760 0.00015
761 0.00016
762 0.00016
763 0.00016
764 0.00017
765 0.00017
766 0.00018
767 0.00018
768 0.00018
769 0.00019
770 0.00019
771 0.00020
772 0.00020
773 0.00021
774 0.00021
775 0.00022
776 0.00023
777 0.00023
778 0.00024
779 0.00024
780 0.00025
781 0.00026
782 0.00026
783 0.00027
784 0.00028
785 0.00029
786 0.00030
787 0.00030
788 0.00031
789 0.00032
790 0.00033
791 0.00034
792 0.00035
793 0.00036
794 0.00037
795 0.00038
796 0.00039
797 0.00041
798 0.00042
799 0.00043
800 0.00045
801 0.00046
802 0.00047
803 0.00049
804 0.00050
805 0.00052
806 0.00054
807 0.00055
808 0.00057
809 0.00059
810 0.00061
811 0.00063
812 0.00065
813 0.00065
814 0.00067
815 0.00069
816 0.00072
817 0.00074
818 0.00077
819 0.00079
820 0.00082
821 0.00085
822 0.00088
823 0.00091
824 0.00094
825 0.00098
826 0.00101
827 0.00105
828 0.00109
829 0.00113
830 0.00117
831 0.00122
832 0.00127
833 0.00131
834 0.00137
835 0.00142
836 0.00148
837 0.00153
838 0.00159
839 0.00166
840 0.00173
841 0.00180
842 0.00187
843 0.00195
844 0.00203
845 0.00212
846 0.00221
847 0.00230
848 0.00240
849 0.00250
850 0.00261
851 0.00272
852 0.00284
853 0.00297
854 0.00310
855 0.00324
856 0.00339
857 0.00354
858 0.00371
859 0.00388
860 0.00406
861 0.00425
862 0.00445
863 0.00467
864 0.00489
865 0.00513
866 0.00538
867 0.00564
868 0.00592
869 0.00621
870 0.00652
871 0.00684
872 0.00719
873 0.00755
874 0.00794
875 0.00835
876 0.00878
877 0.00924
878 0.00972
879 0.01023
880 0.01078
881 0.01136
882 0.01197
883 0.01262
884 0.01331
885 0.01404
886 0.01482
887 0.01565
888 0.01653
889 0.01746
890 0.01846
891 0.01951
892 0.02064
893 0.02184
894 0.02311
895 0.02447
896 0.02592
897 0.02747
898 0.02912
899 0.03087
900 0.03275
901 0.03475
902 0.03689
903 0.03918
904 0.04162
905 0.04424
906 0.04703
907 0.05002
908 0.05322
909 0.05665
910 0.06032
911 0.06426
912 0.06743
913 0.07866
914 0.08780
915 0.09520
916 0.09974
917 0.10197
918 0.10469
919 0.10805
920 0.11228
921 0.11772
922 0.11644
923 0.11516
924 0.12227
925 0.12097
926 0.11967
927 0.12933
928 0.12799
929 0.12667
930 0.12535
931 0.13906
932 0.13769
933 0.13632
934 0.13497
935 0.13362
936 0.13228
937 0.13095
938 0.15155
939 0.15015
940 0.14875
941 0.14736
942 0.14598
943 0.14460
944 0.14324
945 0.14188
946 0.14053
947 0.13918
948 0.13784
949 0.13651
950 0.17026
951 0.16882
952 0.16739
953 0.16597
954 0.16455
955 0.16315
956 0.16174
957 0.16035
958 0.15896
959 0.15758
960 0.15620
961 0.15483
962 0.15347
963 0.15211
964 0.15076
965 0.14942
966 0.14809
967 0.14676
968 0.14544
969 0.14412
970 0.14282
971 0.14151
972 0.14022
973 0.20383
974 0.20239
975 0.20095
976 0.19951
977 0.19808
978 0.19666
979 0.19524
980 0.19382
981 0.19241
982 0.19101
983 0.18961
984 0.18821
985 0.18682
986 0.18544
987 0.18406
988 0.18269
989 0.18132
990 0.17996
991 0.17860
992 0.17725
993 0.17591
994 0.17457
995 0.17323
996 0.17190
997 0.17058
998 0.16926
999 0.16795
1000 0.16664
1001 0.16534
1002 0.16404
1003 0.16275
1004 0.16147
1005 0.16019
1006 0.15892
1007 0.15765
1008 0.15639
1009 0.15513
1010 0.15388
1011 0.15264
1012 0.15140
1013 0.15016
1014 0.14894
1015 0.14771
1016 0.14650
1017 0.14529
1018 0.14408
1019 0.14288
1020 0.14169
1021 0.14050
1022 0.13932
1023 0.13815
1024 0.13698
1025 0.13581
1026 0.29624
1027 0.29494
1028 0.29365
1029 0.29236
1030 0.29107
1031 0.28978
1032 0.28849
1033 0.28721
1034 0.28593
1035 0.28465
1036 0.28338
1037 0.28210
1038 0.28083
1039 0.27956
1040 0.27830
1041 0.27703
1042 0.27577
1043 0.27451
1044 0.27326
1045 0.27201
1046 0.27075
1047 0.26951
1048 0.26826
1049 0.26702
1050 0.26578
1051 0.26454
1052 0.26330
1053 0.26207
1054 0.26084
1055 0.25961
1056 0.25839
1057 0.25716
1058 0.25595
1059 0.25473
1060 0.25351
1061 0.25230
1062 0.25109
1063 0.24989
1064 0.24868
1065 0.24748
1066 0.24629
1067 0.24509
1068 0.24390
1069 0.24271
1070 0.24152
1071 0.24034
1072 0.23916
1073 0.23798
1074 0.23681
1075 0.23563
1076 0.23446
1077 0.23330
1078 0.23213
1079 0.23097
1080 0.22982
1081 0.22866
1082 0.22751
1083 0.22626
1084 0.22456
1085 0.22287
1086 0.22118
1087 0.21950
1088 0.21782
1089 0.21615
1090 0.21449
1091 0.21283
1092 0.21118
1093 0.20953
1094 0.20789
1095 0.20626
1096 0.20463
1097 0.20301
1098 0.20140
1099 0.19979
1100 0.19818
1101 0.19659
1102 0.19500
1103 0.19342
1104 0.19184
1105 0.19027
1106 0.18871
1107 0.18715
1108 0.18560
1109 0.18405
1110 0.18252
1111 0.18099
1112 0.17946
1113 0.17795
1114 0.17644
1115 0.17493
1116 0.17344
1117 0.17195
1118 0.17046
1119 0.16899
1120 0.16752
1121 0.16606
1122 0.16460
1123 0.16315
1124 0.16171
1125 0.16028
1126 0.15885
1127 0.15743
1128 0.15602
1129 0.15461
1130 0.15321
1131 0.15182
1132 0.15044
1133 0.14906
1134 0.14769
1135 0.14633
1136 0.14497
1137 0.14362
1138 0.14228
1139 0.14095
1140 0.13962
1141 0.13830
1142 0.13699
1143 0.13569
1144 0.13439
1145 0.13310
1146 0.13182
1147 0.13054
1148 0.12928
1149 0.12802
1150 0.12676
1151 0.12552
1152 0.12428
1153 0.12305
1154 0.12183
1155 0.12061
1156 0.11940
1157 0.11820
1158 0.11701
1159 0.11582
1160 0.11465
1161 0.11348
1162 0.11231
1163 0.11116
1164 0.11001
1165 0.10887
1166 0.10774
1167 0.10661
1168 0.10549
1169 0.10438
1170 0.10328
1171 0.10218
1172 0.10109
1173 0.10001
1174 0.09894
1175 0.09787
1176 0.09682
1177 0.09576
1178 0.09472
1179 0.09369
1180 0.09266
1181 0.09164
1182 0.09062
1183 0.08962
1184 0.08862
1185 0.08763
1186 0.08664
1187 0.08566
1188 0.08470
1189 0.08373
1190 0.08278
1191 0.08183
1192 0.08089
1193 0.07996
1194 0.07903
1195 0.07812
1196 0.07720
1197 0.07630
1198 0.07540
1199 0.07452
1200 0.07363
1201 0.07276
1202 0.07189
1203 0.07103
1204 0.07018
1205 0.06933
1206 0.06849
1207 0.06766
1208 0.06684
1209 0.06602
1210 0.06521
1211 0.06440
1212 0.06361
1213 0.06282
1214 0.06203
1215 0.06126
1216 1.00000
