17 59.33898
18 41.01328
19 29.07996
20 21.08859
21 15.60246
22 11.75181
23 8.99481
24 6.98512
25 5.49618
26 4.37663
27 3.52340
28 2.86503
29 2.35121
30 1.94598
31 1.62328
32 1.36396
33 1.15384
34 0.98225
35 0.84110
36 0.72420
37 0.62675
38 0.54505
39 0.47615
40 0.41773
41 0.36797
42 0.32536
43 0.28873
44 0.25709
45 0.22966
46 0.20578
47 0.18493
48 0.16664
49 0.15056
50 0.13638
51 0.12382
52 0.11268
53 0.10277
54 0.09392
55 0.08601
56 0.07891
57 0.07253
58 0.06679
59 0.06160
60 0.05691
61 0.05266
62 0.04880
63 0.04529
64 0.04209
65 0.03916
66 0.03649
67 0.03404
68 0.03180
69 0.02973
70 0.02784
71 0.02609
72 0.02447
73 0.02298
74 0.02161
75 0.02033
76 0.01914
77 0.01805
78 0.01703
79 0.01608
80 0.01519
81 0.01437
82 0.01360
83 0.01288
84 0.01221
85 0.01158
86 0.01099
87 0.01044
88 0.00992
89 0.00943
90 0.00897
91 0.00854
92 0.00814
93 0.00776
94 0.00740
95 0.00706
96 0.00674
97 0.00644
98 0.00615
99 0.00588
100 0.00562
101 0.00538
102 0.00515
103 0.00494
104 0.00473
105 0.00453
106 0.00435
107 0.00417
108 0.00400
109 0.00384
110 0.00369
111 0.00354
112 0.00341
113 0.00328
114 0.00315
115 0.00303
116 0.00292
117 0.00281
118 0.00270
119 0.00260
120 0.00251
121 0.00242
122 0.00233
123 0.00225
124 0.00217
125 0.00209
126 0.00202
127 0.00195
128 0.00188
129 0.00182
130 0.00175
131 0.00170
132 0.00164
133 0.00158
134 0.00153
135 0.00148
136 0.00143
137 0.00139
138 0.00134
139 0.00130
140 0.00126
141 0.00122
142 0.00118
143 0.00114
144 0.00110
145 0.00107
146 0.00104
147 0.00101
148 0.00097
149 0.00094
150 0.00092
151 0.00089
152 0.00086
153 0.00084
154 0.00081
155 0.00079
156 0.00076
157 0.00074
158 0.00072
159 0.00070
160 0.00068
161 0.00066
162 0.00064
163 0.00062
164 0.00060
165 0.00059
166 0.00057
167 0.00055
168 0.00054
169 0.00052
170 0.00051
171 0.00049
172 0.00048
173 0.00047
174 0.00045
175 0.00044
176 0.00043
177 0.00042
178 0.00041
179 0.00040
180 0.00039
181 0.00037
182 0.00036
183 0.00035
184 0.00035
185 0.00034
186 0.00033
187 0.00032
188 0.00031
189 0.00030
190 0.00029
191 0.00029
192 0.00028
193 0.00027
194 0.00026
195 0.00026
196 0.00025
197 0.00024
198 0.00024
199 0.00023
200 0.00023
201 0.00022
202 0.00022
203 0.00021
204 0.00020
205 0.00020
206 0.00019
207 0.00019
208 0.00018
209 0.00018
210 0.00018
211 0.00017
212 0.00017
213 0.00016
214 0.00016
215 0.00015
216 0.00015
217 0.00015
218 0.00014
219 0.00014
220 0.00014
221 0.00013
222 0.00013
223 0.00013
224 0.00012
225 0.00012
226 0.00012
227 0.00011
228 0.00011
229 0.00011
230 0.00011
231 0.00010
232 0.00010
233 0.00010
234 0.00010
235 0.00009
236 0.00009
237 0.00009
238 0.00009
239 0.00009
240 0.00008
241 0.00008
242 0.00008
243 0.00008
244 0.00008
245 0.00007
246 0.00007
247 0.00007
248 0.00007
249 0.00007
250 0.00007
251 0.00006
252 0.00006
253 0.00006
254 0.00006
255 0.00006
256 0.00006
257 0.00006
258 0.00005
259 0.00005
260 0.00005
261 0.00005
262 0.00005
263 0.00005
264 0.00005
265 0.00005
266 0.00004
267 0.00004
268 0.00004
269 0.00004
270 0.00004
271 0.00004
272 0.00004
273 0.00004
274 0.00004
275 0.00004
276 0.00003
277 0.00003
278 0.00003
279 0.00003
280 0.00003
281 0.00003
282 0.00003
283 0.00003
284 0.00003
285 0.00003
286 0.00003
287 0.00003
288 0.00003
289 0.00003
290 0.00003
291 0.00002
292 0.00002
293 0.00002
294 0.00002
295 0.00002
296 0.00002
297 0.00002
298 0.00002
299 0.00002
300 0.00002
301 0.00002
302 0.00002
303 0.00002
304 0.00002
305 0.00002
306 0.00002
307 0.00002
308 0.00002
309 0.00002
310 0.00002
311 0.00002
312 0.00001
313 0.00001
314 0.00001
315 0.00001
316 0.00001
317 0.00001
318 0.00001
319 0.00001
320 0.00001
321 0.00001
322 0.00001
323 0.00001
324 0.00001
325 0.00001
326 0.00001
327 0.00001
328 0.00001
329 0.00001
330 0.00001
331 0.00001
332 0.00001
333 0.00001
334 0.00001
335 0.00001
336 0.00001
337 0.00001
338 0.00001
339 0.00001
340 0.00001
341 0.00001
342 0.00001
343 0.00001
344 0.00001
345 0.00001
346 0.00001
347 0.00001
348 0.00001
349 0.00001
350 0.00001
351 0.00001
352 0.00001
353 0.00001
354 0.00001
355 0.00001
356 0.00001
357 0.00001
358 0.00001
359 0.00001
360 0.00000
361 0.00000
362 0.00000
363 0.00000
364 0.00000
365 0.00000
366 0.00000
367 0.00000
368 0.00000
369 0.00000
370 0.00000
371 0.00000
372 0.00000
373 0.00000
374 0.00000
375 0.00000
376 0.00000
377 0.00000
378 0.00000
379 0.00000
380 0.00000
381 0.00000
382 0.00000
383 0.00000
384 0.00000
385 0.00000
386 0.00000
387 0.00000
388 0.00000
389 0.00000
390 0.00000
391 0.00000
392 0.00000
393 0.00000
394 0.00000
395 0.00000
396 0.00000
397 0.00000
398 0.00000
399 0.00000
400 0.00000
401 0.00000
402 0.00000
403 0.00000
404 0.00000
405 0.00000
406 0.00000
407 0.00000
408 0.00000
409 0.00000
410 0.00000
411 0.00000
412 0.00000
413 0.00000
414 0.00000
415 0.00000
416 0.00000
417 0.00000
418 0.00000
419 0.00000
420 0.00000
421 0.00000
422 0.00000
423 0.00000
424 0.00000
425 0.00000
426 0.00000
427 0.00000
428 0.00000
429 0.00000
430 0.00000
431 0.00000
432 0.00000
433 0.00000
434 0.00000
435 0.00000
436 0.00000
437 0.00000
438 0.00000
439 0.00000
440 0.00000
441 0.00000
442 0.00000
443 0.00000
444 0.00000
445 0.00000
446 0.00000
447 0.00000
448 0.00000
449 0.00000
450 0.00000
451 0.00000
452 0.00000
453 0.00000
454 0.00000
455 0.00000
456 0.00000
457 0.00000
458 0.00000
459 0.00000
460 0.00000
461 0.00000
462 0.00000
463 0.00000
464 0.00000
465 0.00000
466 0.00000
467 0.00000
468 0.00000
469 0.00000
470 0.00000
471 0.00000
472 0.00000
473 0.00000
474 0.00000
475 0.00000
476 0.00000
477 0.00000
478 0.00000
479 0.00000
480 0.00000
481 0.00000
482 0.00000
483 0.00000
484 0.00000
485 0.00000
486 0.00000
487 0.00000
488 0.00000
489 0.00000
490 0.00000
491 0.00000
492 0.00000
493 0.00000
494 0.00000
495 0.00000
496 0.00000
497 0.00000
498 0.00000
499 0.00000
500 0.00000
501 0.00000
502 0.00000
503 0.00000
504 0.00000
505 0.00000
506 0.00000
507 0.00000
508 0.00000
509 0.00000
510 0.00000
511 0.00000
512 0.00000
513 0.00000
514 0.00000
515 0.00000
516 0.00000
517 0.00000
518 0.00000
519 0.00000
520 0.00000
521 0.00000
522 0.00000
523 0.00000
524 0.00000
525 0.00000
526 0.00000
527 0.00000
528 0.00000
529 0.00000
530 0.00000
531 0.00000
532 0.00000
533 0.00000
534 0.00000
535 0.00000
536 0.00000
537 0.00000
538 0.00000
539 0.00000
540 0.00000
541 0.00000
542 0.00000
543 0.00000
544 0.00000
545 0.00000
546 0.00000
547 0.00000
548 0.00000
549 0.00000
550 0.00000
551 0.00000
552 0.00000
553 0.00000
554 0.00000
555 0.00000
556 0.00000
557 0.00000
558 0.00000
559 0.00000
560 0.00000
561 0.00000
562 0.00000
563 0.00000
564 0.00000
565 0.00000
566 0.00000
567 0.00000
568 0.00000
569 0.00000
570 0.00000
571 0.00000
572 0.00000
573 0.00000
574 0.00000
575 0.00000
576 0.00000
577 0.00000
578 0.00000
579 0.00000
580 0.00000
581 0.00000
582 0.00000
583 0.00000
584 0.00000
585 0.00000
586 0.00000
587 0.00000
588 0.00000
589 0.00000
590 0.00000
591 0.00000
592 0.00000
593 0.00000
594 0.00000
595 0.00000
596 0.00000
597 0.00000
598 0.00000
599 0.00000
600 0.00000
601 0.00000
602 0.00000
603 0.00000
604 0.00000
605 0.00000
606 0.00000
607 0.00000
608 0.00000
609 0.00000
610 0.00000
611 0.00000
612 0.00000
613 0.00000
614 0.00000
615 0.00000
616 0.00000
617 0.00000
618 0.00000
619 0.00000
620 0.00000
621 0.00000
622 0.00000
623 0.00000
624 0.00000
625 0.00000
626 0.00000
627 0.00000
628 0.00000
629 0.00000
630 0.00000
631 0.00000
632 0.00000
633 0.00000
634 0.00000
635 0.00000
636 0.00000
637 0.00000
638 0.00000
639 0.00000
640 0.00000
641 0.00000
642 0.00000
643 0.00000
644 0.00000
645 0.00000
646 0.00000
647 0.00000
648 0.00000
649 0.00000
650 0.00000
651 0.00000
652 0.00000
653 0.00000
654 0.00000
655 0.00000
656 0.00000
657 0.00000
658 0.00000
659 0.00000
660 0.00000
661 0.00000
662 0.00000
663 0.00000
664 0.00000
665 0.00000
666 0.00000
667 0.00000
668 0.00000
669 0.00000
670 0.00000
671 0.00000
672 0.00000
673 0.00000
674 0.00000
675 0.00000
676 0.00000
677 0.00000
678 0.00000
679 0.00000
680 0.00000
681 0.00000
682 0.00000
683 0.00000
684 0.00000
685 0.00000
686 0.00000
687 0.00000
688 0.00000
689 0.00000
690 0.00000
691 0.00000
692 0.00000
693 0.00000
694 0.00000
695 0.00000
696 0.00000
697 0.00000
698 0.00000
699 0.00000
700 0.00000
701 0.00000
702 0.00000
703 0.00000
704 0.00000
705 0.00000
706 0.00000
707 0.00000
708 0.00000
709 0.00000
710 0.00000
711 0.00000
712 0.00000
713 0.00000
714 0.00000
715 0.00000
716 0.00000
717 0.00000
718 0.00000
719 0.00000
720 0.00000
721 0.00000
722 0.00000
723 0.00000
724 0.00000
725 0.00000
726 0.00000
727 0.00000
728 0.00000
729 0.00000
730 0.00000
731 0.00000
732 0.00000
733 0.00000
734 0.00000
735 0.00000
736 0.00000
737 0.00000
738 0.00000
739 0.00000
740 0.00000
741 0.00000
742 0.00000
743 0.00000
744 0.00000
745 0.00000
746 0.00000
747 0.00000
748 0.00000
749 0.00000
750 0.00000
751 0.00000
752 0.00000
753 0.00000
754 0.00000
755 0.00000
756 0.00000
757 0.00000
758 0.00000
759 0.00000
760 0.00000
761 0.00000
762 0.00000
763 0.00000
764 0.00000
765 0.00000
766 0.00000
767 0.00000
768 0.00000
769 0.00000
770 0.00000
771 0.00000
772 0.00000
773 0.00000
774 0.00000
775 0.00000
776 0.00000
777 0.00000
778 0.00000
779 0.00000
780 0.00000
781 0.00000
782 0.00000
783 0.00000
784 0.00000
785 0.00000
786 0.00000
787 0.00000
788 0.00000
789 0.00000
790 0.00000
791 0.00000
792 0.00000
793 0.00000
794 0.00000
795 0.00000
796 0.00000
797 0.00000
798 0.00000
799 0.00000
800 0.00000
801 0.00000
802 0.00000
803 0.00000
804 0.00001
805 0.00001
806 0.00001
807 0.00001
808 0.00001
809 0.00001
810 0.00001
811 0.00001
812 0.00001
813 0.00001
814 0.00001
815 0.00001
816 0.00001
817 0.00001
818 0.00001
819 0.00001
820 0.00001
821 0.00001
822 0.00001
823 0.00001
824 0.00001
825 0.00001
826 0.00002
827 0.00002
828 0.00002
829 0.00002
830 0.00002
831 0.00002
832 0.00002
833 0.00002
834 0.00002
835 0.00003
836 0.00003
837 0.00003
838 0.00003
839 0.00003
840 0.00004
841 0.00004
842 0.00004
843 0.00004
844 0.00005
845 0.00005
846 0.00005
847 0.00006
848 0.00006
849 0.00006
850 0.00007
851 0.00007
852 0.00008
853 0.00008
854 0.00009
855 0.00010
856 0.00010
857 0.00011
858 0.00012
859 0.00013
860 0.00014
861 0.00015
862 0.00016
863 0.00017
864 0.00018
865 0.00020
866 0.00021
867 0.00023
868 0.00025
869 0.00027
870 0.00029
871 0.00031
872 0.00034
873 0.00037
874 0.00040
875 0.00043
876 0.00047
877 0.00051
878 0.00055
879 0.00060
880 0.00065
881 0.00071
882 0.00077
883 0.00084
884 0.00092
885 0.00100
886 0.00109
887 0.00119
888 0.00130
889 0.00142
890 0.00155
891 0.00169
892 0.00185
893 0.00203
894 0.00223
895 0.00244
896 0.00268
897 0.00294
898 0.00323
899 0.00355
900 0.00391
901 0.00430
902 0.00474
903 0.00522
904 0.00576
905 0.00635
906 0.00702
907 0.00775
908 0.00857
909 0.00948
910 0.01050
911 0.01163
912 0.01257
913 0.01573
914 0.01858
915 0.02111
916 0.02275
917 0.02358
918 0.02462
919 0.02594
920 0.02767
921 0.02998
922 0.02943
923 0.02890
924 0.03201
925 0.03144
926 0.03088
927 0.03530
928 0.03469
929 0.03410
930 0.03351
931 0.04011
932 0.03945
933 0.03881
934 0.03817
935 0.03754
936 0.03691
937 0.03630
938 0.04682
939 0.04611
940 0.04540
941 0.04470
942 0.04401
943 0.04333
944 0.04265
945 0.04199
946 0.04133
947 0.04067
948 0.04003
949 0.03939
950 0.05800
951 0.05720
952 0.05641
953 0.05563
954 0.05485
955 0.05408
956 0.05332
957 0.05257
958 0.05182
959 0.05109
960 0.05036
961 0.04964
962 0.04892
963 0.04821
964 0.04751
965 0.04682
966 0.04614
967 0.04546
968 0.04479
969 0.04413
970 0.04347
971 0.04282
972 0.04218
973 0.08145
974 0.08052
975 0.07960
976 0.07871
977 0.07759
978 0.07648
979 0.07539
980 0.07430
981 0.07323
982 0.07217
983 0.07111
984 0.07007
985 0.06904
986 0.06802
987 0.06701
988 0.06601
989 0.06502
990 0.06404
991 0.06308
992 0.06212
993 0.06117
994 0.06023
995 0.05931
996 0.05839
997 0.05748
998 0.05659
999 0.05570
1000 0.05482
1001 0.05396
1002 0.05310
1003 0.05225
1004 0.05141
1005 0.05059
1006 0.04977
1007 0.04896
1008 0.04816
1009 0.04737
1010 0.04659
1011 0.04582
1012 0.04506
1013 0.04431
1014 0.04357
1015 0.04284
1016 0.04211
1017 0.04140
1018 0.04069
1019 0.04000
1020 0.03931
1021 0.03863
1022 0.03796
1023 0.03730
1024 0.03665
1025 0.03600
1026 0.14199
1027 0.14051
1028 0.13904
1029 0.13758
1030 0.13613
1031 0.13469
1032 0.13326
1033 0.13184
1034 0.13042
1035 0.12902
1036 0.12762
1037 0.12624
1038 0.12486
1039 0.12349
1040 0.12213
1041 0.12078
1042 0.11944
1043 0.11811
1044 0.11679
1045 0.11547
1046 0.11417
1047 0.11288
1048 0.11159
1049 0.11031
1050 0.10905
1051 0.10779
1052 0.10654
1053 0.10530
1054 0.10407
1055 0.10285
1056 0.10164
1057 0.10043
1058 0.09924
1059 0.09806
1060 0.09688
1061 0.09572
1062 0.09456
1063 0.09341
1064 0.09227
1065 0.09114
1066 0.09002
1067 0.08891
1068 0.08781
1069 0.08672
1070 0.08563
1071 0.08456
1072 0.08349
1073 0.08244
1074 0.08139
1075 0.08035
1076 0.07932
1077 0.07830
1078 0.07729
1079 0.07629
1080 0.07529
1081 0.07431
1082 0.07333
1083 0.07237
1084 0.07141
1085 0.07046
1086 0.06952
1087 0.06858
1088 0.06766
1089 0.06675
1090 0.06584
1091 0.06494
1092 0.06405
1093 0.06317
1094 0.06230
1095 0.06144
1096 0.06058
1097 0.05974
1098 0.05890
1099 0.05807
1100 0.05725
1101 0.05644
1102 0.05563
1103 0.05484
1104 0.05405
1105 0.05327
1106 0.05250
1107 0.05173
1108 0.05098
1109 0.05023
1110 0.04949
1111 0.04876
1112 0.04804
1113 0.04732
1114 0.04661
1115 0.04591
1116 0.04522
1117 0.04453
1118 0.04386
1119 0.04319
1120 0.04253
1121 0.04187
1122 0.04123
1123 0.04059
1124 0.03995
1125 0.03933
1126 0.03871
1127 0.03810
1128 0.03750
1129 0.03690
1130 0.03632
1131 0.03574
1132 0.03516
1133 0.03459
1134 0.03403
1135 0.03348
1136 0.03293
1137 0.03239
1138 0.03186
1139 0.03133
1140 0.03081
1141 0.03030
1142 0.02980
1143 0.02930
1144 0.02880
1145 0.02832
1146 0.02783
1147 0.02736
1148 0.02689
1149 0.02643
1150 0.02597
1151 0.02553
1152 0.02508
1153 0.02464
1154 0.02421
1155 0.02379
1156 0.02337
1157 0.02295
1158 0.02255
1159 0.02214
1160 0.02175
1161 0.02136
1162 0.02097
1163 0.02059
1164 0.02022
1165 0.01985
1166 0.01948
1167 0.01912
1168 0.01877
1169 0.01842
1170 0.01808
1171 0.01774
1172 0.01741
1173 0.01708
1174 0.01676
1175 0.01644
1176 0.01613
1177 0.01582
1178 0.01551
1179 0.01522
1180 0.01492
1181 0.01463
1182 0.01435
1183 0.01407
1184 0.01379
1185 0.01352
1186 0.01325
1187 0.01299
1188 0.01273
1189 0.01247
1190 0.01222
1191 0.01198
1192 0.01174
1193 0.01150
1194 0.01126
1195 0.01103
1196 0.01081
1197 0.01058
1198 0.01036
1199 0.01015
1200 0.00994
1201 0.00973
1202 0.00953
1203 0.00933
1204 0.00913
1205 0.00893
1206 0.00874
1207 0.00856
1208 0.00837
1209 0.00819
1210 0.00802
1211 0.00784
1212 0.00767
1213 0.00750
1214 0.00734
1215 0.00718
1216 1.00000
