17 5.92402
18 5.00405
19 4.27645
20 3.69241
21 3.21738
22 2.82643
23 2.50126
24 2.22819
25 1.99688
26 1.79938
27 1.62951
28 1.48245
29 1.35434
30 1.24210
31 1.14326
32 1.05579
33 0.97803
34 0.90861
35 0.84638
36 0.79040
37 0.73986
38 0.69409
39 0.65250
40 0.61461
41 0.57999
42 0.54827
43 0.51914
44 0.49233
45 0.46760
46 0.44473
47 0.42355
48 0.40389
49 0.38561
50 0.36858
51 0.35269
52 0.33785
53 0.32395
54 0.31093
55 0.29870
56 0.28721
57 0.27640
58 0.26620
59 0.25659
60 0.24751
61 0.23892
62 0.23079
63 0.22309
64 0.21579
65 0.20885
66 0.20226
67 0.19599
68 0.19002
69 0.18433
70 0.17890
71 0.17372
72 0.16878
73 0.16405
74 0.15953
75 0.15521
76 0.15106
77 0.14709
78 0.14328
79 0.13962
80 0.13611
81 0.13274
82 0.12949
83 0.12637
84 0.12337
85 0.12048
86 0.11769
87 0.11501
88 0.11242
89 0.10992
90 0.10751
91 0.10518
92 0.10292
93 0.10075
94 0.09864
95 0.09661
96 0.09464
97 0.09273
98 0.09088
99 0.08909
100 0.08736
101 0.08568
102 0.08404
103 0.08246
104 0.08092
105 0.07943
106 0.07798
107 0.07657
108 0.07520
109 0.07387
110 0.07258
111 0.07132
112 0.07009
113 0.06890
114 0.06774
115 0.06661
116 0.06551
117 0.06444
118 0.06339
119 0.06237
120 0.06138
121 0.06041
122 0.05946
123 0.05854
124 0.05764
125 0.05676
126 0.05590
127 0.05506
128 0.05424
129 0.05344
130 0.05266
131 0.05189
132 0.05114
133 0.05041
134 0.04970
135 0.04900
136 0.04831
137 0.04764
138 0.04699
139 0.04634
140 0.04572
141 0.04510
142 0.04450
143 0.04391
144 0.04333
145 0.04276
146 0.04220
147 0.04166
148 0.04113
149 0.04060
150 0.04009
151 0.03958
152 0.03909
153 0.03860
154 0.03813
155 0.03766
156 0.03720
157 0.03675
158 0.03631
159 0.03588
160 0.03545
161 0.03503
162 0.03462
163 0.03422
164 0.03382
165 0.03343
166 0.03305
167 0.03267
168 0.03230
169 0.03194
170 0.03158
171 0.03123
172 0.03088
173 0.03054
174 0.03021
175 0.02988
176 0.02955
177 0.02923
178 0.02892
179 0.02861
180 0.02831
181 0.02801
182 0.02771
183 0.02742
184 0.02714
185 0.02686
186 0.02658
187 0.02631
188 0.02604
189 0.02577
190 0.02551
191 0.02525
192 0.02500
193 0.02475
194 0.02451
195 0.02426
196 0.02402
197 0.02379
198 0.02356
199 0.02333
200 0.02310
201 0.02288
202 0.02266
203 0.02244
204 0.02223
205 0.02202
206 0.02181
207 0.02161
208 0.02140
209 0.02120
210 0.02101
211 0.02081
212 0.02062
213 0.02043
214 0.02024
215 0.02006
216 0.01988
217 0.01970
218 0.01952
219 0.01935
220 0.01917
221 0.01900
222 0.01883
223 0.01867
224 0.01850
225 0.01834
226 0.01818
227 0.01802
228 0.01786
229 0.01771
230 0.01756
231 0.01741
232 0.01726
233 0.01711
234 0.01696
235 0.01682
236 0.01668
237 0.01654
238 0.01640
239 0.01626
240 0.01612
241 0.01599
242 0.01586
243 0.01573
244 0.01560
245 0.01547
246 0.01534
247 0.01522
248 0.01509
249 0.01497
250 0.01485
251 0.01473
252 0.01461
253 0.01449
254 0.01437
255 0.01426
256 0.01415
257 0.01403
258 0.01392
259 0.01381
260 0.01370
261 0.01360
262 0.01349
263 0.01338
264 0.01328
265 0.01318
266 0.01307
267 0.01297
268 0.01287
269 0.01277
270 0.01268
271 0.01258
272 0.01248
273 0.01239
274 0.01229
275 0.01220
276 0.01211
277 0.01202
278 0.01192
279 0.01184
280 0.01175
281 0.01166
282 0.01157
283 0.01149
284 0.01140
285 0.01132
286 0.01123
287 0.01115
288 0.01107
289 0.01099
290 0.01090
291 0.01082
292 0.01075
293 0.01067
294 0.01059
295 0.01051
296 0.01044
297 0.01036
298 0.01029
299 0.01021
300 0.01014
301 0.01007
302 0.00999
303 0.00992
304 0.00985
305 0.00978
306 0.00971
307 0.00964
308 0.00958
309 0.00951
310 0.00944
311 0.00937
312 0.00931
313 0.00924
314 0.00918
315 0.00911
316 0.00905
317 0.00899
318 0.00893
319 0.00886
320 0.00880
321 0.00874
322 0.00868
323 0.00862
324 0.00856
325 0.00850
326 0.00844
327 0.00839
328 0.00833
329 0.00827
330 0.00822
331 0.00816
332 0.00810
333 0.00805
334 0.00799
335 0.00794
336 0.00789
337 0.00783
338 0.00778
339 0.00773
340 0.00768
341 0.00763
342 0.00757
343 0.00752
344 0.00747
345 0.00742
346 0.00737
347 0.00733
348 0.00728
349 0.00723
350 0.00718
351 0.00713
352 0.00709
353 0.00704
354 0.00699
355 0.00695
356 0.00690
357 0.00686
358 0.00681
359 0.00677
360 0.00672
361 0.00668
362 0.00664
363 0.00659
364 0.00655
365 0.00651
366 0.00646
367 0.00642
368 0.00638
369 0.00634
370 0.00630
371 0.00626
372 0.00621
373 0.00617
374 0.00613
375 0.00609
376 0.00606
377 0.00602
378 0.00598
379 0.00594
380 0.00590
381 0.00587
382 0.00583
383 0.00579
384 0.00576
385 0.00572
386 0.00568
387 0.00565
388 0.00561
389 0.00558
390 0.00555
391 0.00551
392 0.00548
393 0.00544
394 0.00541
395 0.00538
396 0.00535
397 0.00531
398 0.00528
399 0.00525
400 0.00522
401 0.00519
402 0.00516
403 0.00513
404 0.00510
405 0.00507
406 0.00504
407 0.00501
408 0.00498
409 0.00495
410 0.00492
411 0.00489
412 0.00486
413 0.00484
414 0.00481
415 0.00478
416 0.00476
417 0.00473
418 0.00470
419 0.00468
420 0.00465
421 0.00462
422 0.00460
423 0.00457
424 0.00455
425 0.00452
426 0.00450
427 0.00447
428 0.00445
429 0.00443
430 0.00440
431 0.00438
432 0.00436
433 0.00433
434 0.00431
435 0.00429
436 0.00426
437 0.00424
438 0.00422
439 0.00420
440 0.00418
441 0.00416
442 0.00414
443 0.00411
444 0.00409
445 0.00407
446 0.00405
447 0.00403
448 0.00401
449 0.00399
450 0.00397
451 0.00396
452 0.00394
453 0.00392
454 0.00390
455 0.00388
456 0.00386
457 0.00384
458 0.00383
459 0.00381
460 0.00379
461 0.00377
462 0.00376
463 0.00374
464 0.00372
465 0.00371
466 0.00369
467 0.00368
468 0.00366
469 0.00364
470 0.00363
471 0.00361
472 0.00360
473 0.00358
474 0.00357
475 0.00355
476 0.00354
477 0.00352
478 0.00351
479 0.00350
480 0.00348
481 0.00347
482 0.00345
483 0.00344
484 0.00343
485 0.00341
486 0.00340
487 0.00339
488 0.00338
489 0.00336
490 0.00335
491 0.00334
492 0.00333
493 0.00331
494 0.00330
495 0.00329
496 0.00328
497 0.00327
498 0.00326
499 0.00324
500 0.00323
501 0.00322
502 0.00321
503 0.00320
504 0.00319
505 0.00318
506 0.00317
507 0.00315
508 0.00314
509 0.00313
510 0.00312
511 0.00311
512 0.00310
513 0.00309
514 0.00308
515 0.00307
516 0.00306
517 0.00305
518 0.00304
519 0.00303
520 0.00302
521 0.00302
522 0.00301
523 0.00300
524 0.00299
525 0.00298
526 0.00298
527 0.00297
528 0.00296
529 0.00295
530 0.00295
531 0.00294
532 0.00293
533 0.00293
534 0.00292
535 0.00291
536 0.00291
537 0.00290
538 0.00289
539 0.00289
540 0.00288
541 0.00288
542 0.00287
543 0.00287
544 0.00286
545 0.00286
546 0.00285
547 0.00285
548 0.00284
549 0.00284
550 0.00283
551 0.00283
552 0.00283
553 0.00282
554 0.00282
555 0.00282
556 0.00281
557 0.00281
558 0.00281
559 0.00280
560 0.00280
561 0.00280
562 0.00280
563 0.00279
564 0.00279
565 0.00279
566 0.00279
567 0.00279
568 0.00278
569 0.00278
570 0.00278
571 0.00278
572 0.00278
573 0.00278
574 0.00278
575 0.00278
576 0.00278
577 0.00278
578 0.00278
579 0.00278
580 0.00278
581 0.00278
582 0.00278
583 0.00278
584 0.00278
585 0.00278
586 0.00278
587 0.00278
588 0.00278
589 0.00279
590 0.00279
591 0.00279
592 0.00279
593 0.00279
594 0.00280
595 0.00280
596 0.00280
597 0.00281
598 0.00281
599 0.00281
600 0.00282
601 0.00282
602 0.00282
603 0.00283
604 0.00283
605 0.00284
606 0.00284
607 0.00284
608 0.00285
609 0.00285
610 0.00286
611 0.00287
612 0.00287
613 0.00288
614 0.00288
615 0.00289
616 0.00290
617 0.00290
618 0.00291
619 0.00292
620 0.00292
621 0.00293
622 0.00294
623 0.00295
624 0.00295
625 0.00296
626 0.00297
627 0.00298
628 0.00299
629 0.00300
630 0.00301
631 0.00302
632 0.00303
633 0.00304
634 0.00305
635 0.00306
636 0.00307
637 0.00308
638 0.00309
639 0.00310
640 0.00311
641 0.00313
642 0.00314
643 0.00315
644 0.00316
645 0.00318
646 0.00319
647 0.00320
648 0.00322
649 0.00323
650 0.00325
651 0.00326
652 0.00328
653 0.00329
654 0.00331
655 0.00332
656 0.00334
657 0.00336
658 0.00337
659 0.00339
660 0.00341
661 0.00343
662 0.00345
663 0.00346
664 0.00348
665 0.00350
666 0.00352
667 0.00354
668 0.00356
669 0.00359
670 0.00361
671 0.00363
672 0.00365
673 0.00367
674 0.00370
675 0.00372
676 0.00374
677 0.00377
678 0.00379
679 0.00382
680 0.00384
681 0.00387
682 0.00390
683 0.00392
684 0.00395
685 0.00398
686 0.00401
687 0.00404
688 0.00407
689 0.00410
690 0.00413
691 0.00416
692 0.00419
693 0.00422
694 0.00426
695 0.00429
696 0.00433
697 0.00436
698 0.00440
699 0.00443
700 0.00447
701 0.00451
702 0.00455
703 0.00459
704 0.00463
705 0.00467
706 0.00471
707 0.00475
708 0.00479
709 0.00484
710 0.00488
711 0.00493
712 0.00497
713 0.00502
714 0.00507
715 0.00512
716 0.00517
717 0.00522
718 0.00527
719 0.00532
720 0.00537
721 0.00543
722 0.00548
723 0.00554
724 0.00560
725 0.00566
726 0.00572
727 0.00578
728 0.00584
729 0.00590
730 0.00597
731 0.00604
732 0.00610
733 0.00617
734 0.00624
735 0.00631
736 0.00639
737 0.00646
738 0.00654
739 0.00661
740 0.00669
741 0.00677
742 0.00685
743 0.00694
744 0.00702
745 0.00711
746 0.00720
747 0.00729
748 0.00738
749 0.00747
750 0.00757
751 0.00767
752 0.00777
753 0.00787
754 0.00797
755 0.00808
756 0.00819
757 0.00830
758 0.00841
759 0.00853
760 0.00864
761 0.00876
762 0.00889
763 0.00901
764 0.00914
765 0.00927
766 0.00941
767 0.00954
768 0.00968
769 0.00982
770 0.00997
771 0.01012
772 0.01027
773 0.01043
774 0.01058
775 0.01075
776 0.01091
777 0.01108
778 0.01126
779 0.01143
780 0.01161
781 0.01180
782 0.01199
783 0.01218
784 0.01238
785 0.01258
786 0.01279
787 0.01300
788 0.01322
789 0.01344
790 0.01367
791 0.01390
792 0.01414
793 0.01438
794 0.01463
795 0.01489
796 0.01515
797 0.01542
798 0.01569
799 0.01597
800 0.01626
801 0.01656
802 0.01686
803 0.01717
804 0.01748
805 0.01781
806 0.01814
807 0.01848
808 0.01883
809 0.01919
810 0.01955
811 0.01993
812 0.02031
813 0.02071
814 0.02111
815 0.02153
816 0.02196
817 0.02239
818 0.02284
819 0.02330
820 0.02377
821 0.02426
822 0.02476
823 0.02527
824 0.02579
825 0.02633
826 0.02688
827 0.02745
828 0.02803
829 0.02862
830 0.02924
831 0.02987
832 0.03052
833 0.03118
834 0.03186
835 0.03257
836 0.03329
837 0.03403
838 0.03479
839 0.03557
840 0.03638
841 0.03721
842 0.03806
843 0.03893
844 0.03983
845 0.04076
846 0.04171
847 0.04269
848 0.04370
849 0.04474
850 0.04581
851 0.04690
852 0.04804
853 0.04920
854 0.05040
855 0.05163
856 0.05290
857 0.05421
858 0.05556
859 0.05695
860 0.05838
861 0.05986
862 0.06138
863 0.06294
864 0.06456
865 0.06622
866 0.06794
867 0.06971
868 0.07153
869 0.07341
870 0.07535
871 0.07735
872 0.07942
873 0.08155
874 0.08374
875 0.08601
876 0.08835
877 0.09077
878 0.09326
879 0.09584
880 0.09850
881 0.10125
882 0.10408
883 0.10701
884 0.11004
885 0.11317
886 0.11640
887 0.11974
888 0.12319
889 0.12676
890 0.13045
891 0.13427
892 0.13821
893 0.14229
894 0.14651
895 0.15088
896 0.15540
897 0.16007
898 0.16491
899 0.16991
900 0.17509
901 0.18046
902 0.18601
903 0.19176
904 0.19772
905 0.20389
906 0.21028
907 0.21690
908 0.22376
909 0.23087
910 0.23823
911 0.24587
912 0.25191
913 0.27477
914 0.29164
915 0.30434
916 0.31184
917 0.31557
918 0.31995
919 0.32513
920 0.33138
921 0.33906
922 0.33760
923 0.33614
924 0.34582
925 0.34436
926 0.34290
927 0.35548
928 0.35402
929 0.35257
930 0.35111
931 0.36815
932 0.36670
933 0.36525
934 0.36380
935 0.36235
936 0.36090
937 0.35946
938 0.38387
939 0.38243
940 0.38099
941 0.37955
942 0.37811
943 0.37668
944 0.37524
945 0.37381
946 0.37237
947 0.37094
948 0.36951
949 0.36809
950 0.40601
951 0.40460
952 0.40318
953 0.40176
954 0.40034
955 0.39893
956 0.39751
957 0.39610
958 0.39469
959 0.39328
960 0.39186
961 0.39046
962 0.38905
963 0.38764
964 0.38624
965 0.38483
966 0.38343
967 0.38203
968 0.38062
969 0.37923
970 0.37783
971 0.37643
972 0.37503
973 0.44201
974 0.44065
975 0.43928
976 0.43791
977 0.43654
978 0.43518
979 0.43381
980 0.43245
981 0.43108
982 0.42972
983 0.42835
984 0.42699
985 0.42563
986 0.42427
987 0.42290
988 0.42154
989 0.42018
990 0.41883
991 0.41747
992 0.41611
993 0.41475
994 0.41340
995 0.41204
996 0.41069
997 0.40933
998 0.40798
999 0.40663
1000 0.40528
1001 0.40393
1002 0.40258
1003 0.40123
1004 0.39988
1005 0.39853
1006 0.39719
1007 0.39584
1008 0.39450
1009 0.39315
1010 0.39181
1011 0.39047
1012 0.38913
1013 0.38779
1014 0.38646
1015 0.38512
1016 0.38378
1017 0.38245
1018 0.38111
1019 0.37978
1020 0.37845
1021 0.37712
1022 0.37579
1023 0.37447
1024 0.37314
1025 0.37181
1026 0.52236
1027 0.52113
1028 0.51991
1029 0.51869
1030 0.51747
1031 0.51624
1032 0.51502
1033 0.51380
1034 0.51257
1035 0.51135
1036 0.51013
1037 0.50890
1038 0.50768
1039 0.50645
1040 0.50523
1041 0.50400
1042 0.50277
1043 0.50155
1044 0.50032
1045 0.49910
1046 0.49787
1047 0.49664
1048 0.49542
1049 0.49419
1050 0.49296
1051 0.49174
1052 0.49051
1053 0.48928
1054 0.48805
1055 0.48683
1056 0.48560
1057 0.48437
1058 0.48315
1059 0.48192
1060 0.48069
1061 0.47946
1062 0.47824
1063 0.47701
1064 0.47578
1065 0.47455
1066 0.47333
1067 0.47210
1068 0.47087
1069 0.46965
1070 0.46842
1071 0.46719
1072 0.46597
1073 0.46474
1074 0.46351
1075 0.46229
1076 0.46106
1077 0.45984
1078 0.45861
1079 0.45739
1080 0.45616
1081 0.45494
1082 0.45371
1083 0.45249
1084 0.45126
1085 0.45004
1086 0.44882
1087 0.44759
1088 0.44637
1089 0.44515
1090 0.44393
1091 0.44270
1092 0.44148
1093 0.44026
1094 0.43904
1095 0.43782
1096 0.43660
1097 0.43538
1098 0.43416
1099 0.43294
1100 0.43173
1101 0.43051
1102 0.42929
1103 0.42807
1104 0.42686
1105 0.42564
1106 0.42443
1107 0.42321
1108 0.42200
1109 0.42078
1110 0.41957
1111 0.41836
1112 0.41714
1113 0.41593
1114 0.41472
1115 0.41351
1116 0.41230
1117 0.41109
1118 0.40988
1119 0.40868
1120 0.40747
1121 0.40626
1122 0.40506
1123 0.40385
1124 0.40265
1125 0.40144
1126 0.40024
1127 0.39904
1128 0.39784
1129 0.39664
1130 0.39544
1131 0.39424
1132 0.39304
1133 0.39184
1134 0.39064
1135 0.38945
1136 0.38825
1137 0.38706
1138 0.38587
1139 0.38467
1140 0.38348
1141 0.38229
1142 0.38110
1143 0.37991
1144 0.37872
1145 0.37754
1146 0.37635
1147 0.37516
1148 0.37398
1149 0.37280
1150 0.37161
1151 0.37043
1152 0.36925
1153 0.36807
1154 0.36689
1155 0.36572
1156 0.36454
1157 0.36337
1158 0.36219
1159 0.36102
1160 0.35985
1161 0.35868
1162 0.35751
1163 0.35634
1164 0.35517
1165 0.35400
1166 0.35284
1167 0.35167
1168 0.35051
1169 0.34935
1170 0.34819
1171 0.34703
1172 0.34587
1173 0.34471
1174 0.34356
1175 0.34240
1176 0.34125
1177 0.34010
1178 0.33895
1179 0.33780
1180 0.33665
1181 0.33550
1182 0.33435
1183 0.33321
1184 0.33207
1185 0.33093
1186 0.32978
1187 0.32865
1188 0.32751
1189 0.32637
1190 0.32524
1191 0.32410
1192 0.32297
1193 0.32184
1194 0.32071
1195 0.31958
1196 0.31846
1197 0.31733
1198 0.31621
1199 0.31509
1200 0.31396
1201 0.31285
1202 0.31173
1203 0.31061
1204 0.30950
1205 0.30838
1206 0.30727
1207 0.30616
1208 0.30505
1209 0.30395
1210 0.30284
1211 0.30174
1212 0.30063
1213 0.29953
1214 0.29843
1215 0.29734
1216 1.00000
