17 1.19520
18 1.17221
19 1.15118
20 1.13184
21 1.11398
22 1.09742
23 1.08200
24 1.06760
25 1.05411
26 1.04143
27 1.02949
28 1.01821
29 1.00753
30 0.99741
31 0.98779
32 0.97864
33 0.96991
34 0.96157
35 0.95359
36 0.94595
37 0.93863
38 0.93159
39 0.92483
40 0.91832
41 0.91204
42 0.90599
43 0.90015
44 0.89451
45 0.88905
46 0.88377
47 0.87866
48 0.87370
49 0.86889
50 0.86422
51 0.85968
52 0.85527
53 0.85099
54 0.84681
55 0.84275
56 0.83880
57 0.83494
58 0.83118
59 0.82751
60 0.82393
61 0.82043
62 0.81701
63 0.81367
64 0.81041
65 0.80721
66 0.80409
67 0.80103
68 0.79804
69 0.79510
70 0.79223
71 0.78941
72 0.78665
73 0.78394
74 0.78129
75 0.77868
76 0.77612
77 0.77361
78 0.77114
79 0.76872
80 0.76634
81 0.76400
82 0.76170
83 0.75944
84 0.75721
85 0.75503
86 0.75287
87 0.75076
88 0.74867
89 0.74662
90 0.74460
91 0.74261
92 0.74065
93 0.73872
94 0.73682
95 0.73495
96 0.73310
97 0.73128
98 0.72949
99 0.72772
100 0.72597
101 0.72425
102 0.72256
103 0.72088
104 0.71923
105 0.71760
106 0.71599
107 0.71440
108 0.71283
109 0.71129
110 0.70976
111 0.70825
112 0.70676
113 0.70529
114 0.70383
115 0.70239
116 0.70098
117 0.69957
118 0.69819
119 0.69682
120 0.69546
121 0.69413
122 0.69280
123 0.69150
124 0.69020
125 0.68892
126 0.68766
127 0.68641
128 0.68517
129 0.68395
130 0.68274
131 0.68155
132 0.68036
133 0.67919
134 0.67803
135 0.67689
136 0.67575
137 0.67463
138 0.67352
139 0.67242
140 0.67133
141 0.67025
142 0.66919
143 0.66813
144 0.66709
145 0.66605
146 0.66503
147 0.66401
148 0.66301
149 0.66202
150 0.66103
151 0.66006
152 0.65909
153 0.65813
154 0.65719
155 0.65625
156 0.65532
157 0.65440
158 0.65349
159 0.65258
160 0.65169
161 0.65080
162 0.64992
163 0.64905
164 0.64819
165 0.64734
166 0.64649
167 0.64565
168 0.64482
169 0.64400
170 0.64318
171 0.64237
172 0.64157
173 0.64078
174 0.63999
175 0.63921
176 0.63844
177 0.63767
178 0.63691
179 0.63616
180 0.63541
181 0.63467
182 0.63394
183 0.63321
184 0.63249
185 0.63178
186 0.63107
187 0.63037
188 0.62967
189 0.62898
190 0.62830
191 0.62762
192 0.62695
193 0.62629
194 0.62563
195 0.62497
196 0.62432
197 0.62368
198 0.62304
199 0.62241
200 0.62178
201 0.62116
202 0.62055
203 0.61993
204 0.61933
205 0.61873
206 0.61813
207 0.61754
208 0.61696
209 0.61638
210 0.61580
211 0.61523
212 0.61467
213 0.61411
214 0.61355
215 0.61300
216 0.61245
217 0.61191
218 0.61138
219 0.61084
220 0.61032
221 0.60979
222 0.60927
223 0.60876
224 0.60825
225 0.60774
226 0.60724
227 0.60675
228 0.60625
229 0.60577
230 0.60528
231 0.60480
232 0.60433
233 0.60386
234 0.60339
235 0.60293
236 0.60247
237 0.60201
238 0.60156
239 0.60111
240 0.60067
241 0.60023
242 0.59980
243 0.59937
244 0.59894
245 0.59851
246 0.59810
247 0.59768
248 0.59727
249 0.59686
250 0.59645
251 0.59605
252 0.59566
253 0.59526
254 0.59487
255 0.59448
256 0.59410
257 0.59372
258 0.59335
259 0.59297
260 0.59261
261 0.59224
262 0.59188
263 0.59152
264 0.59117
265 0.59081
266 0.59047
267 0.59012
268 0.58978
269 0.58944
270 0.58911
271 0.58877
272 0.58845
273 0.58812
274 0.58780
275 0.58748
276 0.58717
277 0.58685
278 0.58655
279 0.58624
280 0.58594
281 0.58564
282 0.58534
283 0.58505
284 0.58476
285 0.58447
286 0.58419
287 0.58391
288 0.58363
289 0.58335
290 0.58308
291 0.58281
292 0.58255
293 0.58229
294 0.58203
295 0.58177
296 0.58152
297 0.58126
298 0.58102
299 0.58077
300 0.58053
301 0.58029
302 0.58005
303 0.57982
304 0.57959
305 0.57936
306 0.57914
307 0.57891
308 0.57869
309 0.57848
310 0.57826
311 0.57805
312 0.57785
313 0.57764
314 0.57744
315 0.57724
316 0.57704
317 0.57685
318 0.57665
319 0.57646
320 0.57628
321 0.57609
322 0.57591
323 0.57573
324 0.57556
325 0.57539
326 0.57522
327 0.57505
328 0.57488
329 0.57472
330 0.57456
331 0.57440
332 0.57425
333 0.57410
334 0.57395
335 0.57380
336 0.57365
337 0.57351
338 0.57337
339 0.57324
340 0.57310
341 0.57297
342 0.57284
343 0.57272
344 0.57259
345 0.57247
346 0.57235
347 0.57223
348 0.57212
349 0.57201
350 0.57190
351 0.57179
352 0.57169
353 0.57159
354 0.57149
355 0.57139
356 0.57130
357 0.57120
358 0.57111
359 0.57103
360 0.57094
361 0.57086
362 0.57078
363 0.57070
364 0.57063
365 0.57056
366 0.57049
367 0.57042
368 0.57035
369 0.57029
370 0.57023
371 0.57017
372 0.57011
373 0.57006
374 0.57001
375 0.56996
376 0.56991
377 0.56987
378 0.56983
379 0.56979
380 0.56975
381 0.56972
382 0.56968
383 0.56965
384 0.56963
385 0.56960
386 0.56958
387 0.56956
388 0.56954
389 0.56952
390 0.56951
391 0.56950
392 0.56949
393 0.56948
394 0.56947
395 0.56947
396 0.56947
397 0.56947
398 0.56948
399 0.56948
400 0.56949
401 0.56951
402 0.56952
403 0.56953
404 0.56955
405 0.56957
406 0.56960
407 0.56962
408 0.56965
409 0.56968
410 0.56971
411 0.56974
412 0.56978
413 0.56982
414 0.56986
415 0.56990
416 0.56994
417 0.56999
418 0.57004
419 0.57009
420 0.57015
421 0.57020
422 0.57026
423 0.57032
424 0.57038
425 0.57045
426 0.57052
427 0.57059
428 0.57066
429 0.57073
430 0.57081
431 0.57089
432 0.57097
433 0.57105
434 0.57114
435 0.57122
436 0.57131
437 0.57140
438 0.57150
439 0.57159
440 0.57169
441 0.57179
442 0.57190
443 0.57200
444 0.57211
445 0.57222
446 0.57233
447 0.57244
448 0.57256
449 0.57268
450 0.57280
451 0.57292
452 0.57305
453 0.57317
454 0.57330
455 0.57343
456 0.57357
457 0.57370
458 0.57384
459 0.57398
460 0.57412
461 0.57427
462 0.57442
463 0.57456
464 0.57472
465 0.57487
466 0.57502
467 0.57518
468 0.57534
469 0.57551
470 0.57567
471 0.57584
472 0.57601
473 0.57618
474 0.57635
475 0.57653
476 0.57670
477 0.57688
478 0.57707
479 0.57725
480 0.57744
481 0.57763
482 0.57782
483 0.57801
484 0.57821
485 0.57840
486 0.57860
487 0.57881
488 0.57901
489 0.57922
490 0.57943
491 0.57964
492 0.57985
493 0.58007
494 0.58028
495 0.58050
496 0.58073
497 0.58095
498 0.58118
499 0.58141
500 0.58164
501 0.58187
502 0.58211
503 0.58234
504 0.58258
505 0.58283
506 0.58307
507 0.58332
508 0.58357
509 0.58382
510 0.58407
511 0.58433
512 0.58459
513 0.58485
514 0.58511
515 0.58537
516 0.58564
517 0.58591
518 0.58618
519 0.58646
520 0.58673
521 0.58701
522 0.58729
523 0.58758
524 0.58786
525 0.58815
526 0.58844
527 0.58873
528 0.58903
529 0.58932
530 0.58962
531 0.58992
532 0.59023
533 0.59053
534 0.59084
535 0.59115
536 0.59147
537 0.59178
538 0.59210
539 0.59242
540 0.59274
541 0.59307
542 0.59339
543 0.59372
544 0.59405
545 0.59439
546 0.59472
547 0.59506
548 0.59540
549 0.59575
550 0.59609
551 0.59644
552 0.59679
553 0.59714
554 0.59750
555 0.59786
556 0.59822
557 0.59858
558 0.59894
559 0.59931
560 0.59968
561 0.60005
562 0.60042
563 0.60080
564 0.60118
565 0.60156
566 0.60195
567 0.60233
568 0.60272
569 0.60311
570 0.60350
571 0.60390
572 0.60430
573 0.60470
574 0.60510
575 0.60551
576 0.60592
577 0.60633
578 0.60674
579 0.60716
580 0.60757
581 0.60799
582 0.60842
583 0.60884
584 0.60927
585 0.60970
586 0.61013
587 0.61057
588 0.61101
589 0.61145
590 0.61189
591 0.61233
592 0.61278
593 0.61323
594 0.61368
595 0.61414
596 0.61460
597 0.61506
598 0.61552
599 0.61599
600 0.61645
601 0.61693
602 0.61740
603 0.61787
604 0.61835
605 0.61883
606 0.61932
607 0.61980
608 0.62029
609 0.62078
610 0.62128
611 0.62177
612 0.62227
613 0.62277
614 0.62328
615 0.62378
616 0.62429
617 0.62481
618 0.62532
619 0.62584
620 0.62636
621 0.62688
622 0.62741
623 0.62793
624 0.62847
625 0.62900
626 0.62954
627 0.63007
628 0.63062
629 0.63116
630 0.63171
631 0.63226
632 0.63281
633 0.63336
634 0.63392
635 0.63448
636 0.63505
637 0.63561
638 0.63618
639 0.63675
640 0.63733
641 0.63790
642 0.63848
643 0.63907
644 0.63965
645 0.64024
646 0.64083
647 0.64142
648 0.64202
649 0.64262
650 0.64322
651 0.64383
652 0.64444
653 0.64505
654 0.64566
655 0.64628
656 0.64690
657 0.64752
658 0.64815
659 0.64877
660 0.64940
661 0.65004
662 0.65068
663 0.65132
664 0.65196
665 0.65260
666 0.65325
667 0.65390
668 0.65456
669 0.65522
670 0.65588
671 0.65654
672 0.65721
673 0.65788
674 0.65855
675 0.65922
676 0.65990
677 0.66058
678 0.66127
679 0.66196
680 0.66265
681 0.66334
682 0.66404
683 0.66474
684 0.66544
685 0.66615
686 0.66686
687 0.66757
688 0.66828
689 0.66900
690 0.66972
691 0.67045
692 0.67118
693 0.67191
694 0.67264
695 0.67338
696 0.67412
697 0.67486
698 0.67561
699 0.67636
700 0.67711
701 0.67787
702 0.67863
703 0.67939
704 0.68016
705 0.68093
706 0.68170
707 0.68248
708 0.68326
709 0.68404
710 0.68482
711 0.68561
712 0.68641
713 0.68720
714 0.68800
715 0.68880
716 0.68961
717 0.69042
718 0.69123
719 0.69205
720 0.69287
721 0.69369
722 0.69452
723 0.69535
724 0.69618
725 0.69702
726 0.69786
727 0.69870
728 0.69955
729 0.70040
730 0.70125
731 0.70211
732 0.70297
733 0.70383
734 0.70470
735 0.70557
736 0.70645
737 0.70733
738 0.70821
739 0.70910
740 0.70998
741 0.71088
742 0.71177
743 0.71267
744 0.71358
745 0.71449
746 0.71540
747 0.71631
748 0.71723
749 0.71815
750 0.71908
751 0.72001
752 0.72094
753 0.72188
754 0.72282
755 0.72376
756 0.72471
757 0.72567
758 0.72662
759 0.72758
760 0.72855
761 0.72951
762 0.73048
763 0.73146
764 0.73244
765 0.73342
766 0.73441
767 0.73540
768 0.73639
769 0.73739
770 0.73839
771 0.73940
772 0.74041
773 0.74143
774 0.74244
775 0.74347
776 0.74449
777 0.74552
778 0.74656
779 0.74760
780 0.74864
781 0.74969
782 0.75074
783 0.75179
784 0.75285
785 0.75391
786 0.75498
787 0.75605
788 0.75713
789 0.75821
790 0.75929
791 0.76038
792 0.76147
793 0.76257
794 0.76367
795 0.76477
796 0.76588
797 0.76700
798 0.76811
799 0.76924
800 0.77036
801 0.77149
802 0.77263
803 0.77377
804 0.77491
805 0.77606
806 0.77722
807 0.77837
808 0.77953
809 0.78070
810 0.78187
811 0.78305
812 0.78423
813 0.78541
814 0.78660
815 0.78779
816 0.78899
817 0.79019
818 0.79140
819 0.79261
820 0.79383
821 0.79505
822 0.79628
823 0.79751
824 0.79874
825 0.79998
826 0.80123
827 0.80247
828 0.80373
829 0.80499
830 0.80625
831 0.80752
832 0.80879
833 0.81007
834 0.81135
835 0.81264
836 0.81393
837 0.81523
838 0.81653
839 0.81784
840 0.81915
841 0.82047
842 0.82179
843 0.82312
844 0.82445
845 0.82579
846 0.82713
847 0.82848
848 0.82983
849 0.83119
850 0.83255
851 0.83392
852 0.83529
853 0.83667
854 0.83806
855 0.83945
856 0.84084
857 0.84224
858 0.84364
859 0.84505
860 0.84647
861 0.84789
862 0.84932
863 0.85075
864 0.85218
865 0.85363
866 0.85507
867 0.85653
868 0.85798
869 0.85945
870 0.86092
871 0.86239
872 0.86387
873 0.86536
874 0.86685
875 0.86835
876 0.86985
877 0.87136
878 0.87287
879 0.87439
880 0.87592
881 0.87745
882 0.87899
883 0.88053
884 0.88208
885 0.88363
886 0.88519
887 0.88676
888 0.88833
889 0.88991
890 0.89149
891 0.89308
892 0.89468
893 0.89628
894 0.89789
895 0.89950
896 0.90112
897 0.90275
898 0.90438
899 0.90602
900 0.90766
901 0.90931
902 0.91097
903 0.91263
904 0.91430
905 0.91598
906 0.91766
907 0.91934
908 0.92104
909 0.92274
910 0.92445
911 0.92616
912 0.92506
913 0.93119
914 0.93510
915 0.93771
916 0.93917
917 0.93992
918 0.94075
919 0.94165
920 0.94265
921 0.94378
922 0.94371
923 0.94363
924 0.94494
925 0.94487
926 0.94480
927 0.94636
928 0.94629
929 0.94622
930 0.94615
931 0.94809
932 0.94802
933 0.94796
934 0.94789
935 0.94782
936 0.94775
937 0.94769
938 0.95023
939 0.95017
940 0.95010
941 0.95004
942 0.94998
943 0.94991
944 0.94985
945 0.94978
946 0.94972
947 0.94966
948 0.94959
949 0.94953
950 0.95313
951 0.95307
952 0.95302
953 0.95296
954 0.95290
955 0.95284
956 0.95278
957 0.95272
958 0.95266
959 0.95260
960 0.95254
961 0.95248
962 0.95242
963 0.95236
964 0.95231
965 0.95225
966 0.95219
967 0.95213
968 0.95207
969 0.95201
970 0.95195
971 0.95189
972 0.95183
973 0.95761
974 0.95756
975 0.95751
976 0.95746
977 0.95740
978 0.95735
979 0.95730
980 0.95725
981 0.95720
982 0.95714
983 0.95709
984 0.95704
985 0.95699
986 0.95694
987 0.95688
988 0.95683
989 0.95678
990 0.95673
991 0.95667
992 0.95662
993 0.95657
994 0.95652
995 0.95647
996 0.95641
997 0.95636
998 0.95631
999 0.95626
1000 0.95621
1001 0.95615
1002 0.95610
1003 0.95605
1004 0.95600
1005 0.95594
1006 0.95589
1007 0.95584
1008 0.95579
1009 0.95573
1010 0.95568
1011 0.95563
1012 0.95558
1013 0.95552
1014 0.95547
1015 0.95542
1016 0.95537
1017 0.95532
1018 0.95526
1019 0.95521
1020 0.95516
1021 0.95511
1022 0.95505
1023 0.95500
1024 0.95495
1025 0.95490
1026 0.96648
1027 0.96644
1028 0.96640
1029 0.96636
1030 0.96633
1031 0.96629
1032 0.96625
1033 0.96621
1034 0.96617
1035 0.96613
1036 0.96609
1037 0.96605
1038 0.96601
1039 0.96597
1040 0.96594
1041 0.96590
1042 0.96586
1043 0.96582
1044 0.96578
1045 0.96574
1046 0.96570
1047 0.96566
1048 0.96562
1049 0.96558
1050 0.96555
1051 0.96551
1052 0.96547
1053 0.96543
1054 0.96539
1055 0.96535
1056 0.96531
1057 0.96527
1058 0.96523
1059 0.96519
1060 0.96515
1061 0.96512
1062 0.96508
1063 0.96504
1064 0.96500
1065 0.96496
1066 0.96492
1067 0.96488
1068 0.96484
1069 0.96480
1070 0.96476
1071 0.96472
1072 0.96468
1073 0.96464
1074 0.96461
1075 0.96457
1076 0.96453
1077 0.96449
1078 0.96445
1079 0.96441
1080 0.96437
1081 0.96433
1082 0.96429
1083 0.96425
1084 0.96421
1085 0.96417
1086 0.96413
1087 0.96409
1088 0.96406
1089 0.96402
1090 0.96398
1091 0.96394
1092 0.96390
1093 0.96386
1094 0.96382
1095 0.96378
1096 0.96374
1097 0.96370
1098 0.96366
1099 0.96362
1100 0.96358
1101 0.96354
1102 0.96350
1103 0.96346
1104 0.96343
1105 0.96339
1106 0.96335
1107 0.96331
1108 0.96327
1109 0.96323
1110 0.96319
1111 0.96315
1112 0.96311
1113 0.96307
1114 0.96303
1115 0.96299
1116 0.96295
1117 0.96291
1118 0.96287
1119 0.96283
1120 0.96279
1121 0.96275
1122 0.96271
1123 0.96268
1124 0.96264
1125 0.96260
1126 0.96256
1127 0.96252
1128 0.96248
1129 0.96244
1130 0.96240
1131 0.96236
1132 0.96232
1133 0.96228
1134 0.96224
1135 0.96220
1136 0.96216
1137 0.96212
1138 0.96208
1139 0.96204
1140 0.96200
1141 0.96196
1142 0.96192
1143 0.96188
1144 0.96184
1145 0.96180
1146 0.96176
1147 0.96172
1148 0.96168
1149 0.96164
1150 0.96161
1151 0.96157
1152 0.96153
1153 0.96149
1154 0.96145
1155 0.96141
1156 0.96137
1157 0.96133
1158 0.96129
1159 0.96125
1160 0.96121
1161 0.96117
1162 0.96113
1163 0.96109
1164 0.96105
1165 0.96101
1166 0.96097
1167 0.96093
1168 0.96089
1169 0.96085
1170 0.96081
1171 0.96077
1172 0.96073
1173 0.96069
1174 0.96065
1175 0.96061
1176 0.96057
1177 0.96053
1178 0.96049
1179 0.96045
1180 0.96041
1181 0.96037
1182 0.96033
1183 0.96029
1184 0.96025
1185 0.96021
1186 0.96017
1187 0.96013
1188 0.96009
1189 0.96005
1190 0.96001
1191 0.95997
1192 0.95993
1193 0.95989
1194 0.95985
1195 0.95981
1196 0.95977
1197 0.95973
1198 0.95969
1199 0.95965
1200 0.95961
1201 0.95957
1202 0.95953
1203 0.95949
1204 0.95945
1205 0.95941
1206 0.95937
1207 0.95933
1208 0.95929
1209 0.95925
1210 0.95921
1211 0.95917
1212 0.95913
1213 0.95909
1214 0.95905
1215 0.95901
1216 1.00000
