17 7.28233
18 6.04091
19 5.07618
20 4.31436
21 3.70416
22 3.20914
23 2.80295
24 2.46618
25 2.18434
26 1.94644
27 1.74406
28 1.57066
29 1.42110
30 1.29131
31 1.17805
32 1.07868
33 0.99108
34 0.91351
35 0.84451
36 0.78290
37 0.72768
38 0.67801
39 0.63319
40 0.59261
41 0.55577
42 0.52223
43 0.49161
44 0.46358
45 0.43787
46 0.41423
47 0.39245
48 0.37234
49 0.35373
50 0.33648
51 0.32046
52 0.30556
53 0.29168
54 0.27873
55 0.26662
56 0.25529
57 0.24467
58 0.23470
59 0.22534
60 0.21653
61 0.20823
62 0.20040
63 0.19301
64 0.18602
65 0.17941
66 0.17315
67 0.16722
68 0.16158
69 0.15624
70 0.15115
71 0.14632
72 0.14171
73 0.13732
74 0.13314
75 0.12914
76 0.12533
77 0.12168
78 0.11820
79 0.11486
80 0.11166
81 0.10860
82 0.10566
83 0.10285
84 0.10014
85 0.09754
86 0.09505
87 0.09265
88 0.09034
89 0.08811
90 0.08597
91 0.08391
92 0.08192
93 0.08000
94 0.07815
95 0.07636
96 0.07464
97 0.07297
98 0.07136
99 0.06980
100 0.06830
101 0.06684
102 0.06543
103 0.06406
104 0.06274
105 0.06145
106 0.06021
107 0.05900
108 0.05783
109 0.05670
110 0.05559
111 0.05452
112 0.05348
113 0.05247
114 0.05149
115 0.05054
116 0.04961
117 0.04871
118 0.04783
119 0.04698
120 0.04614
121 0.04533
122 0.04454
123 0.04378
124 0.04303
125 0.04230
126 0.04158
127 0.04089
128 0.04021
129 0.03955
130 0.03891
131 0.03828
132 0.03767
133 0.03707
134 0.03648
135 0.03591
136 0.03535
137 0.03480
138 0.03427
139 0.03375
140 0.03324
141 0.03274
142 0.03225
143 0.03177
144 0.03131
145 0.03085
146 0.03040
147 0.02997
148 0.02954
149 0.02912
150 0.02871
151 0.02830
152 0.02791
153 0.02752
154 0.02714
155 0.02677
156 0.02641
157 0.02605
158 0.02570
159 0.02536
160 0.02502
161 0.02469
162 0.02437
163 0.02405
164 0.02374
165 0.02343
166 0.02313
167 0.02283
168 0.02254
169 0.02226
170 0.02198
171 0.02170
172 0.02143
173 0.02117
174 0.02091
175 0.02065
176 0.02040
177 0.02015
178 0.01991
179 0.01967
180 0.01944
181 0.01921
182 0.01898
183 0.01876
184 0.01854
185 0.01832
186 0.01811
187 0.01790
188 0.01769
189 0.01749
190 0.01729
191 0.01710
192 0.01690
193 0.01671
194 0.01653
195 0.01634
196 0.01616
197 0.01598
198 0.01580
199 0.01563
200 0.01546
201 0.01529
202 0.01513
203 0.01496
204 0.01480
205 0.01464
206 0.01449
207 0.01433
208 0.01418
209 0.01403
210 0.01389
211 0.01374
212 0.01360
213 0.01346
214 0.01332
215 0.01318
216 0.01304
217 0.01291
218 0.01278
219 0.01265
220 0.01252
221 0.01239
222 0.01227
223 0.01214
224 0.01202
225 0.01190
226 0.01178
227 0.01167
228 0.01155
229 0.01144
230 0.01133
231 0.01122
232 0.01111
233 0.01100
234 0.01089
235 0.01079
236 0.01068
237 0.01058
238 0.01048
239 0.01038
240 0.01028
241 0.01018
242 0.01008
243 0.00999
244 0.00989
245 0.00980
246 0.00971
247 0.00962
248 0.00953
249 0.00944
250 0.00935
251 0.00927
252 0.00918
253 0.00910
254 0.00901
255 0.00893
256 0.00885
257 0.00877
258 0.00869
259 0.00861
260 0.00853
261 0.00845
262 0.00838
263 0.00830
264 0.00823
265 0.00816
266 0.00808
267 0.00801
268 0.00794
269 0.00787
270 0.00780
271 0.00773
272 0.00766
273 0.00760
274 0.00753
275 0.00746
276 0.00740
277 0.00733
278 0.00727
279 0.00721
280 0.00714
281 0.00708
282 0.00702
283 0.00696
284 0.00690
285 0.00684
286 0.00678
287 0.00672
288 0.00667
289 0.00661
290 0.00655
291 0.00650
292 0.00644
293 0.00639
294 0.00634
295 0.00628
296 0.00623
297 0.00618
298 0.00612
299 0.00607
300 0.00602
301 0.00597
302 0.00592
303 0.00587
304 0.00582
305 0.00578
306 0.00573
307 0.00568
308 0.00563
309 0.00559
310 0.00554
311 0.00550
312 0.00545
313 0.00541
314 0.00536
315 0.00532
316 0.00528
317 0.00523
318 0.00519
319 0.00515
320 0.00511
321 0.00506
322 0.00502
323 0.00498
324 0.00494
325 0.00490
326 0.00486
327 0.00482
328 0.00479
329 0.00475
330 0.00471
331 0.00467
332 0.00463
333 0.00460
334 0.00456
335 0.00453
336 0.00449
337 0.00445
338 0.00442
339 0.00438
340 0.00435
341 0.00431
342 0.00428
343 0.00425
344 0.00421
345 0.00418
346 0.00415
347 0.00411
348 0.00408
349 0.00405
350 0.00402
351 0.00399
352 0.00396
353 0.00393
354 0.00389
355 0.00386
356 0.00383
357 0.00380
358 0.00377
359 0.00374
360 0.00371
361 0.00369
362 0.00366
363 0.00363
364 0.00360
365 0.00357
366 0.00355
367 0.00352
368 0.00349
369 0.00347
370 0.00344
371 0.00341
372 0.00339
373 0.00336
374 0.00334
375 0.00331
376 0.00329
377 0.00326
378 0.00324
379 0.00321
380 0.00319
381 0.00317
382 0.00314
383 0.00312
384 0.00310
385 0.00307
386 0.00305
387 0.00303
388 0.00301
389 0.00299
390 0.00296
391 0.00294
392 0.00292
393 0.00290
394 0.00288
395 0.00286
396 0.00284
397 0.00282
398 0.00280
399 0.00278
400 0.00276
401 0.00274
402 0.00272
403 0.00270
404 0.00269
405 0.00267
406 0.00265
407 0.00263
408 0.00261
409 0.00259
410 0.00258
411 0.00256
412 0.00254
413 0.00252
414 0.00251
415 0.00249
416 0.00247
417 0.00246
418 0.00244
419 0.00243
420 0.00241
421 0.00239
422 0.00238
423 0.00236
424 0.00235
425 0.00233
426 0.00232
427 0.00230
428 0.00229
429 0.00227
430 0.00226
431 0.00225
432 0.00223
433 0.00222
434 0.00220
435 0.00219
436 0.00218
437 0.00216
438 0.00215
439 0.00214
440 0.00212
441 0.00211
442 0.00210
443 0.00209
444 0.00207
445 0.00206
446 0.00205
447 0.00204
448 0.00203
449 0.00202
450 0.00200
451 0.00199
452 0.00198
453 0.00197
454 0.00196
455 0.00195
456 0.00194
457 0.00193
458 0.00192
459 0.00191
460 0.00190
461 0.00188
462 0.00187
463 0.00186
464 0.00186
465 0.00185
466 0.00184
467 0.00183
468 0.00182
469 0.00181
470 0.00180
471 0.00179
472 0.00178
473 0.00177
474 0.00176
475 0.00175
476 0.00175
477 0.00174
478 0.00173
479 0.00172
480 0.00171
481 0.00170
482 0.00169
483 0.00169
484 0.00168
485 0.00167
486 0.00166
487 0.00165
488 0.00165
489 0.00163
490 0.00163
491 0.00162
492 0.00161
493 0.00160
494 0.00160
495 0.00159
496 0.00158
497 0.00158
498 0.00157
499 0.00156
500 0.00156
501 0.00155
502 0.00154
503 0.00154
504 0.00153
505 0.00152
506 0.00152
507 0.00151
508 0.00151
509 0.00150
510 0.00149
511 0.00149
512 0.00148
513 0.00148
514 0.00147
515 0.00147
516 0.00146
517 0.00146
518 0.00145
519 0.00145
520 0.00144
521 0.00144
522 0.00143
523 0.00143
524 0.00142
525 0.00142
526 0.00141
527 0.00141
528 0.00141
529 0.00140
530 0.00140
531 0.00139
532 0.00139
533 0.00139
534 0.00138
535 0.00138
536 0.00138
537 0.00137
538 0.00137
539 0.00137
540 0.00136
541 0.00136
542 0.00136
543 0.00135
544 0.00135
545 0.00135
546 0.00134
547 0.00134
548 0.00134
549 0.00134
550 0.00133
551 0.00133
552 0.00133
553 0.00133
554 0.00133
555 0.00132
556 0.00132
557 0.00132
558 0.00132
559 0.00132
560 0.00131
561 0.00131
562 0.00131
563 0.00131
564 0.00131
565 0.00131
566 0.00131
567 0.00131
568 0.00130
569 0.00130
570 0.00130
571 0.00130
572 0.00130
573 0.00130
574 0.00130
575 0.00130
576 0.00130
577 0.00130
578 0.00130
579 0.00130
580 0.00130
581 0.00130
582 0.00130
583 0.00130
584 0.00130
585 0.00130
586 0.00130
587 0.00130
588 0.00130
589 0.00130
590 0.00130
591 0.00130
592 0.00131
593 0.00131
594 0.00131
595 0.00131
596 0.00131
597 0.00131
598 0.00131
599 0.00131
600 0.00132
601 0.00132
602 0.00132
603 0.00132
604 0.00132
605 0.00133
606 0.00133
607 0.00133
608 0.00133
609 0.00134
610 0.00134
611 0.00134
612 0.00134
613 0.00135
614 0.00135
615 0.00135
616 0.00136
617 0.00136
618 0.00136
619 0.00137
620 0.00137
621 0.00137
622 0.00138
623 0.00138
624 0.00139
625 0.00139
626 0.00139
627 0.00140
628 0.00140
629 0.00141
630 0.00141
631 0.00142
632 0.00142
633 0.00143
634 0.00143
635 0.00144
636 0.00145
637 0.00145
638 0.00146
639 0.00146
640 0.00147
641 0.00148
642 0.00148
643 0.00149
644 0.00149
645 0.00150
646 0.00151
647 0.00152
648 0.00152
649 0.00153
650 0.00154
651 0.00155
652 0.00155
653 0.00156
654 0.00157
655 0.00158
656 0.00159
657 0.00160
658 0.00161
659 0.00161
660 0.00162
661 0.00163
662 0.00164
663 0.00165
664 0.00166
665 0.00167
666 0.00168
667 0.00169
668 0.00171
669 0.00172
670 0.00173
671 0.00174
672 0.00175
673 0.00176
674 0.00178
675 0.00179
676 0.00180
677 0.00181
678 0.00183
679 0.00184
680 0.00186
681 0.00187
682 0.00188
683 0.00190
684 0.00191
685 0.00193
686 0.00194
687 0.00196
688 0.00198
689 0.00199
690 0.00201
691 0.00203
692 0.00204
693 0.00206
694 0.00208
695 0.00210
696 0.00212
697 0.00214
698 0.00216
699 0.00218
700 0.00220
701 0.00222
702 0.00224
703 0.00226
704 0.00228
705 0.00230
706 0.00233
707 0.00235
708 0.00237
709 0.00240
710 0.00242
711 0.00245
712 0.00247
713 0.00250
714 0.00253
715 0.00256
716 0.00258
717 0.00261
718 0.00264
719 0.00267
720 0.00270
721 0.00273
722 0.00276
723 0.00279
724 0.00283
725 0.00286
726 0.00289
727 0.00293
728 0.00297
729 0.00300
730 0.00304
731 0.00308
732 0.00311
733 0.00315
734 0.00319
735 0.00324
736 0.00328
737 0.00332
738 0.00336
739 0.00341
740 0.00345
741 0.00350
742 0.00355
743 0.00360
744 0.00365
745 0.00370
746 0.00375
747 0.00380
748 0.00386
749 0.00391
750 0.00397
751 0.00403
752 0.00408
753 0.00414
754 0.00421
755 0.00427
756 0.00433
757 0.00440
758 0.00447
759 0.00454
760 0.00461
761 0.00468
762 0.00475
763 0.00483
764 0.00491
765 0.00499
766 0.00507
767 0.00515
768 0.00523
769 0.00532
770 0.00541
771 0.00550
772 0.00559
773 0.00569
774 0.00579
775 0.00589
776 0.00599
777 0.00610
778 0.00620
779 0.00631
780 0.00643
781 0.00654
782 0.00666
783 0.00678
784 0.00691
785 0.00703
786 0.00716
787 0.00730
788 0.00744
789 0.00758
790 0.00772
791 0.00787
792 0.00802
793 0.00818
794 0.00834
795 0.00850
796 0.00867
797 0.00884
798 0.00902
799 0.00920
800 0.00939
801 0.00958
802 0.00978
803 0.00998
804 0.01019
805 0.01040
806 0.01062
807 0.01085
808 0.01108
809 0.01132
810 0.01156
811 0.01181
812 0.01207
813 0.01234
814 0.01261
815 0.01289
816 0.01318
817 0.01348
818 0.01378
819 0.01409
820 0.01442
821 0.01475
822 0.01509
823 0.01544
824 0.01580
825 0.01618
826 0.01656
827 0.01695
828 0.01736
829 0.01778
830 0.01821
831 0.01865
832 0.01911
833 0.01958
834 0.02007
835 0.02057
836 0.02108
837 0.02161
838 0.02216
839 0.02273
840 0.02331
841 0.02391
842 0.02453
843 0.02516
844 0.02582
845 0.02650
846 0.02720
847 0.02793
848 0.02867
849 0.02944
850 0.03024
851 0.03106
852 0.03191
853 0.03278
854 0.03369
855 0.03462
856 0.03559
857 0.03658
858 0.03762
859 0.03868
860 0.03978
861 0.04092
862 0.04209
863 0.04331
864 0.04457
865 0.04587
866 0.04722
867 0.04861
868 0.05005
869 0.05154
870 0.05308
871 0.05468
872 0.05633
873 0.05804
874 0.05981
875 0.06165
876 0.06355
877 0.06552
878 0.06756
879 0.06967
880 0.07186
881 0.07414
882 0.07649
883 0.07893
884 0.08146
885 0.08408
886 0.08681
887 0.08963
888 0.09256
889 0.09560
890 0.09875
891 0.10202
892 0.10542
893 0.10895
894 0.11261
895 0.11642
896 0.12037
897 0.12447
898 0.12873
899 0.13316
900 0.13777
901 0.14255
902 0.14753
903 0.15270
904 0.15808
905 0.16367
906 0.16949
907 0.17554
908 0.18184
909 0.18839
910 0.19521
911 0.20231
912 0.20794
913 0.22919
914 0.24507
915 0.25713
916 0.26430
917 0.26788
918 0.27208
919 0.27707
920 0.28312
921 0.29058
922 0.28915
923 0.28772
924 0.29716
925 0.29572
926 0.29430
927 0.30661
928 0.30518
929 0.30374
930 0.30231
931 0.31909
932 0.31765
933 0.31621
934 0.31478
935 0.31335
936 0.31192
937 0.31049
938 0.33466
939 0.33322
940 0.33179
941 0.33035
942 0.32892
943 0.32750
944 0.32607
945 0.32464
946 0.32322
947 0.32180
948 0.32038
949 0.31897
950 0.35676
951 0.35534
952 0.35391
953 0.35249
954 0.35107
955 0.34965
956 0.34823
957 0.34682
958 0.34540
959 0.34399
960 0.34258
961 0.34117
962 0.33977
963 0.33836
964 0.33696
965 0.33556
966 0.33416
967 0.33276
968 0.33137
969 0.32997
970 0.32858
971 0.32719
972 0.32581
973 0.39310
974 0.39171
975 0.39032
976 0.38893
977 0.38755
978 0.38616
979 0.38477
980 0.38339
981 0.38200
982 0.38062
983 0.37924
984 0.37786
985 0.37648
986 0.37510
987 0.37373
988 0.37235
989 0.37098
990 0.36961
991 0.36824
992 0.36687
993 0.36550
994 0.36413
995 0.36277
996 0.36140
997 0.36004
998 0.35868
999 0.35732
1000 0.35596
1001 0.35461
1002 0.35325
1003 0.35190
1004 0.35055
1005 0.34920
1006 0.34785
1007 0.34650
1008 0.34516
1009 0.34381
1010 0.34247
1011 0.34113
1012 0.33979
1013 0.33846
1014 0.33712
1015 0.33579
1016 0.33446
1017 0.33313
1018 0.33180
1019 0.33047
1020 0.32915
1021 0.32783
1022 0.32650
1023 0.32519
1024 0.32387
1025 0.32255
1026 0.47578
1027 0.47451
1028 0.47324
1029 0.47196
1030 0.47069
1031 0.46942
1032 0.46815
1033 0.46688
1034 0.46560
1035 0.46433
1036 0.46306
1037 0.46179
1038 0.46052
1039 0.45925
1040 0.45798
1041 0.45671
1042 0.45544
1043 0.45417
1044 0.45290
1045 0.45163
1046 0.45036
1047 0.44909
1048 0.44782
1049 0.44655
1050 0.44528
1051 0.44402
1052 0.44275
1053 0.44148
1054 0.44022
1055 0.43895
1056 0.43769
1057 0.43642
1058 0.43516
1059 0.43389
1060 0.43263
1061 0.43136
1062 0.43010
1063 0.42884
1064 0.42758
1065 0.42632
1066 0.42506
1067 0.42380
1068 0.42254
1069 0.42128
1070 0.42002
1071 0.41876
1072 0.41750
1073 0.41625
1074 0.41499
1075 0.41374
1076 0.41248
1077 0.41123
1078 0.40997
1079 0.40872
1080 0.40747
1081 0.40622
1082 0.40497
1083 0.40372
1084 0.40247
1085 0.40122
1086 0.39997
1087 0.39873
1088 0.39748
1089 0.39624
1090 0.39499
1091 0.39375
1092 0.39251
1093 0.39126
1094 0.39002
1095 0.38878
1096 0.38755
1097 0.38631
1098 0.38507
1099 0.38383
1100 0.38260
1101 0.38136
1102 0.38013
1103 0.37890
1104 0.37767
1105 0.37644
1106 0.37521
1107 0.37398
1108 0.37275
1109 0.37153
1110 0.37030
1111 0.36908
1112 0.36785
1113 0.36663
1114 0.36541
1115 0.36419
1116 0.36297
1117 0.36176
1118 0.36054
1119 0.35933
1120 0.35811
1121 0.35690
1122 0.35569
1123 0.35448
1124 0.35327
1125 0.35206
1126 0.35085
1127 0.34965
1128 0.34844
1129 0.34724
1130 0.34604
1131 0.34484
1132 0.34364
1133 0.34244
1134 0.34125
1135 0.34005
1136 0.33886
1137 0.33767
1138 0.33648
1139 0.33529
1140 0.33410
1141 0.33291
1142 0.33173
1143 0.33054
1144 0.32936
1145 0.32818
1146 0.32700
1147 0.32582
1148 0.32465
1149 0.32347
1150 0.32230
1151 0.32113
1152 0.31996
1153 0.31879
1154 0.31762
1155 0.31646
1156 0.31529
1157 0.31413
1158 0.31297
1159 0.31181
1160 0.31065
1161 0.30950
1162 0.30834
1163 0.30719
1164 0.30604
1165 0.30489
1166 0.30374
1167 0.30259
1168 0.30145
1169 0.30031
1170 0.29917
1171 0.29803
1172 0.29689
1173 0.29575
1174 0.29462
1175 0.29349
1176 0.29236
1177 0.29123
1178 0.29010
1179 0.28898
1180 0.28785
1181 0.28673
1182 0.28561
1183 0.28449
1184 0.28338
1185 0.28226
1186 0.28115
1187 0.28004
1188 0.27893
1189 0.27782
1190 0.27672
1191 0.27562
1192 0.27451
1193 0.27342
1194 0.27232
1195 0.27122
1196 0.27013
1197 0.26904
1198 0.26795
1199 0.26686
1200 0.26578
1201 0.26469
1202 0.26361
1203 0.26253
1204 0.26145
1205 0.26038
1206 0.25931
1207 0.25823
1208 0.25716
1209 0.25610
1210 0.25503
1211 0.25397
1212 0.25291
1213 0.25185
1214 0.25079
1215 0.24974
1216 1.00000
