17 3.01428
18 2.70346
19 2.44293
20 2.22216
21 2.03326
22 1.87022
23 1.72838
24 1.60413
25 1.49456
26 1.39738
27 1.31073
28 1.23307
29 1.16316
30 1.09996
31 1.04259
32 0.99034
33 0.94258
34 0.89878
35 0.85851
36 0.82137
37 0.78703
38 0.75521
39 0.72564
40 0.69811
41 0.67242
42 0.64841
43 0.62592
44 0.60482
45 0.58500
46 0.56633
47 0.54874
48 0.53213
49 0.51642
50 0.50155
51 0.48746
52 0.47409
53 0.46138
54 0.44930
55 0.43779
56 0.42682
57 0.41636
58 0.40636
59 0.39681
60 0.38767
61 0.37892
62 0.37053
63 0.36249
64 0.35477
65 0.34735
66 0.34022
67 0.33336
68 0.32677
69 0.32041
70 0.31428
71 0.30838
72 0.30268
73 0.29717
74 0.29186
75 0.28672
76 0.28175
77 0.27695
78 0.27229
79 0.26779
80 0.26342
81 0.25919
82 0.25509
83 0.25111
84 0.24724
85 0.24349
86 0.23985
87 0.23631
88 0.23287
89 0.22952
90 0.22626
91 0.22310
92 0.22001
93 0.21701
94 0.21408
95 0.21123
96 0.20845
97 0.20574
98 0.20310
99 0.20052
100 0.19801
101 0.19555
102 0.19315
103 0.19081
104 0.18852
105 0.18629
106 0.18410
107 0.18197
108 0.17988
109 0.17784
110 0.17584
111 0.17388
112 0.17197
113 0.17009
114 0.16826
115 0.16646
116 0.16470
117 0.16297
118 0.16128
119 0.15963
120 0.15800
121 0.15641
122 0.15485
123 0.15332
124 0.15181
125 0.15034
126 0.14889
127 0.14747
128 0.14607
129 0.14470
130 0.14336
131 0.14204
132 0.14074
133 0.13947
134 0.13821
135 0.13698
136 0.13577
137 0.13458
138 0.13341
139 0.13226
140 0.13113
141 0.13002
142 0.12892
143 0.12784
144 0.12678
145 0.12574
146 0.12472
147 0.12370
148 0.12271
149 0.12173
150 0.12077
151 0.11982
152 0.11888
153 0.11796
154 0.11705
155 0.11616
156 0.11528
157 0.11441
158 0.11355
159 0.11271
160 0.11188
161 0.11106
162 0.11025
163 0.10945
164 0.10867
165 0.10789
166 0.10713
167 0.10638
168 0.10563
169 0.10490
170 0.10417
171 0.10346
172 0.10276
173 0.10206
174 0.10137
175 0.10070
176 0.10003
177 0.09937
178 0.09871
179 0.09807
180 0.09743
181 0.09681
182 0.09619
183 0.09557
184 0.09497
185 0.09437
186 0.09378
187 0.09320
188 0.09262
189 0.09205
190 0.09149
191 0.09094
192 0.09039
193 0.08984
194 0.08931
195 0.08878
196 0.08825
197 0.08773
198 0.08722
199 0.08671
200 0.08621
201 0.08572
202 0.08523
203 0.08474
204 0.08426
205 0.08379
206 0.08332
207 0.08286
208 0.08240
209 0.08194
210 0.08149
211 0.08105
212 0.08061
213 0.08018
214 0.07975
215 0.07932
216 0.07890
217 0.07848
218 0.07807
219 0.07766
220 0.07725
221 0.07685
222 0.07646
223 0.07606
224 0.07568
225 0.07529
226 0.07491
227 0.07453
228 0.07416
229 0.07379
230 0.07342
231 0.07306
232 0.07270
233 0.07235
234 0.07199
235 0.07164
236 0.07130
237 0.07096
238 0.07062
239 0.07028
240 0.06995
241 0.06962
242 0.06929
243 0.06897
244 0.06865
245 0.06833
246 0.06801
247 0.06770
248 0.06739
249 0.06708
250 0.06678
251 0.06648
252 0.06618
253 0.06588
254 0.06559
255 0.06530
256 0.06501
257 0.06473
258 0.06444
259 0.06416
260 0.06388
261 0.06361
262 0.06333
263 0.06306
264 0.06279
265 0.06253
266 0.06226
267 0.06200
268 0.06174
269 0.06148
270 0.06123
271 0.06097
272 0.06072
273 0.06047
274 0.06022
275 0.05998
276 0.05973
277 0.05949
278 0.05925
279 0.05902
280 0.05878
281 0.05855
282 0.05831
283 0.05808
284 0.05785
285 0.05763
286 0.05740
287 0.05718
288 0.05696
289 0.05674
290 0.05652
291 0.05630
292 0.05609
293 0.05588
294 0.05567
295 0.05546
296 0.05525
297 0.05504
298 0.05484
299 0.05463
300 0.05443
301 0.05423
302 0.05403
303 0.05383
304 0.05364
305 0.05344
306 0.05325
307 0.05306
308 0.05287
309 0.05268
310 0.05249
311 0.05231
312 0.05212
313 0.05194
314 0.05175
315 0.05157
316 0.05139
317 0.05122
318 0.05104
319 0.05086
320 0.05069
321 0.05052
322 0.05034
323 0.05017
324 0.05000
325 0.04983
326 0.04967
327 0.04950
328 0.04934
329 0.04917
330 0.04901
331 0.04885
332 0.04869
333 0.04853
334 0.04837
335 0.04821
336 0.04806
337 0.04790
338 0.04775
339 0.04759
340 0.04744
341 0.04729
342 0.04714
343 0.04699
344 0.04684
345 0.04670
346 0.04655
347 0.04641
348 0.04626
349 0.04612
350 0.04598
351 0.04583
352 0.04569
353 0.04555
354 0.04542
355 0.04528
356 0.04514
357 0.04501
358 0.04487
359 0.04474
360 0.04460
361 0.04447
362 0.04434
363 0.04421
364 0.04408
365 0.04395
366 0.04382
367 0.04369
368 0.04357
369 0.04344
370 0.04332
371 0.04319
372 0.04307
373 0.04295
374 0.04282
375 0.04270
376 0.04258
377 0.04246
378 0.04234
379 0.04223
380 0.04211
381 0.04199
382 0.04188
383 0.04176
384 0.04165
385 0.04153
386 0.04142
387 0.04131
388 0.04119
389 0.04108
390 0.04097
391 0.04086
392 0.04075
393 0.04064
394 0.04054
395 0.04043
396 0.04032
397 0.04022
398 0.04011
399 0.04001
400 0.03990
401 0.03980
402 0.03970
403 0.03959
404 0.03949
405 0.03939
406 0.03929
407 0.03919
408 0.03909
409 0.03899
410 0.03889
411 0.03880
412 0.03870
413 0.03860
414 0.03851
415 0.03841
416 0.03832
417 0.03822
418 0.03813
419 0.03804
420 0.03794
421 0.03785
422 0.03776
423 0.03767
424 0.03758
425 0.03749
426 0.03740
427 0.03731
428 0.03722
429 0.03713
430 0.03705
431 0.03696
432 0.03687
433 0.03679
434 0.03670
435 0.03662
436 0.03653
437 0.03643
438 0.03634
439 0.03626
440 0.03618
441 0.03609
442 0.03601
443 0.03593
444 0.03585
445 0.03577
446 0.03570
447 0.03562
448 0.03554
449 0.03547
450 0.03539
451 0.03532
452 0.03524
453 0.03517
454 0.03510
455 0.03502
456 0.03495
457 0.03488
458 0.03481
459 0.03474
460 0.03467
461 0.03461
462 0.03454
463 0.03447
464 0.03441
465 0.03434
466 0.03428
467 0.03421
468 0.03415
469 0.03409
470 0.03403
471 0.03397
472 0.03391
473 0.03385
474 0.03379
475 0.03373
476 0.03367
477 0.03361
478 0.03356
479 0.03350
480 0.03345
481 0.03340
482 0.03334
483 0.03329
484 0.03324
485 0.03319
486 0.03314
487 0.03309
488 0.03304
489 0.03299
490 0.03295
491 0.03290
492 0.03285
493 0.03281
494 0.03276
495 0.03272
496 0.03267
497 0.03263
498 0.03258
499 0.03254
500 0.03250
501 0.03246
502 0.03242
503 0.03238
504 0.03234
505 0.03230
506 0.03227
507 0.03223
508 0.03219
509 0.03216
510 0.03212
511 0.03209
512 0.03206
513 0.03203
514 0.03199
515 0.03196
516 0.03193
517 0.03190
518 0.03188
519 0.03185
520 0.03182
521 0.03180
522 0.03177
523 0.03175
524 0.03172
525 0.03170
526 0.03168
527 0.03165
528 0.03163
529 0.03161
530 0.03159
531 0.03157
532 0.03156
533 0.03154
534 0.03152
535 0.03151
536 0.03149
537 0.03148
538 0.03146
539 0.03145
540 0.03144
541 0.03143
542 0.03142
543 0.03141
544 0.03140
545 0.03139
546 0.03138
547 0.03138
548 0.03137
549 0.03137
550 0.03136
551 0.03136
552 0.03135
553 0.03135
554 0.03135
555 0.03135
556 0.03135
557 0.03135
558 0.03136
559 0.03136
560 0.03136
561 0.03137
562 0.03137
563 0.03138
564 0.03139
565 0.03139
566 0.03140
567 0.03141
568 0.03142
569 0.03143
570 0.03145
571 0.03146
572 0.03147
573 0.03149
574 0.03150
575 0.03152
576 0.03154
577 0.03155
578 0.03157
579 0.03159
580 0.03161
581 0.03164
582 0.03165
583 0.03167
584 0.03169
585 0.03171
586 0.03173
587 0.03175
588 0.03177
589 0.03180
590 0.03182
591 0.03184
592 0.03187
593 0.03190
594 0.03192
595 0.03189
596 0.03192
597 0.03195
598 0.03198
599 0.03201
600 0.03204
601 0.03208
602 0.03211
603 0.03215
604 0.03218
605 0.03222
606 0.03226
607 0.03230
608 0.03234
609 0.03238
610 0.03243
611 0.03247
612 0.03252
613 0.03256
614 0.03261
615 0.03266
616 0.03271
617 0.03276
618 0.03282
619 0.03287
620 0.03293
621 0.03299
622 0.03305
623 0.03311
624 0.03317
625 0.03323
626 0.03329
627 0.03336
628 0.03343
629 0.03349
630 0.03356
631 0.03364
632 0.03371
633 0.03378
634 0.03386
635 0.03393
636 0.03401
637 0.03409
638 0.03417
639 0.03426
640 0.03434
641 0.03443
642 0.03452
643 0.03461
644 0.03470
645 0.03479
646 0.03488
647 0.03498
648 0.03508
649 0.03518
650 0.03528
651 0.03538
652 0.03548
653 0.03559
654 0.03570
655 0.03581
656 0.03592
657 0.03603
658 0.03615
659 0.03627
660 0.03639
661 0.03651
662 0.03663
663 0.03676
664 0.03688
665 0.03701
666 0.03714
667 0.03728
668 0.03741
669 0.03755
670 0.03769
671 0.03783
672 0.03797
673 0.03812
674 0.03827
675 0.03842
676 0.03857
677 0.03873
678 0.03888
679 0.03904
680 0.03921
681 0.03937
682 0.03954
683 0.03971
684 0.03988
685 0.04005
686 0.04023
687 0.04041
688 0.04059
689 0.04078
690 0.04097
691 0.04116
692 0.04135
693 0.04155
694 0.04175
695 0.04195
696 0.04216
697 0.04236
698 0.04257
699 0.04279
700 0.04301
701 0.04323
702 0.04345
703 0.04368
704 0.04391
705 0.04414
706 0.04438
707 0.04462
708 0.04486
709 0.04511
710 0.04536
711 0.04562
712 0.04587
713 0.04614
714 0.04640
715 0.04667
716 0.04694
717 0.04722
718 0.04750
719 0.04779
720 0.04808
721 0.04837
722 0.04867
723 0.04897
724 0.04928
725 0.04959
726 0.04991
727 0.05023
728 0.05055
729 0.05088
730 0.05122
731 0.05155
732 0.05190
733 0.05225
734 0.05260
735 0.05296
736 0.05333
737 0.05370
738 0.05407
739 0.05445
740 0.05484
741 0.05523
742 0.05563
743 0.05603
744 0.05644
745 0.05686
746 0.05728
747 0.05771
748 0.05814
749 0.05858
750 0.05903
751 0.05949
752 0.05995
753 0.06041
754 0.06089
755 0.06137
756 0.06186
757 0.06236
758 0.06286
759 0.06337
760 0.06389
761 0.06442
762 0.06495
763 0.06550
764 0.06605
765 0.06661
766 0.06718
767 0.06775
768 0.06834
769 0.06893
770 0.06954
771 0.07015
772 0.07077
773 0.07141
774 0.07205
775 0.07270
776 0.07336
777 0.07404
778 0.07472
779 0.07542
780 0.07612
781 0.07684
782 0.07756
783 0.07830
784 0.07905
785 0.07982
786 0.08059
787 0.08138
788 0.08218
789 0.08299
790 0.08382
791 0.08466
792 0.08551
793 0.08637
794 0.08725
795 0.08815
796 0.08906
797 0.08998
798 0.09092
799 0.09188
800 0.09285
801 0.09383
802 0.09484
803 0.09586
804 0.09689
805 0.09795
806 0.09902
807 0.10011
808 0.10122
809 0.10234
810 0.10349
811 0.10465
812 0.10584
813 0.10704
814 0.10827
815 0.10952
816 0.11078
817 0.11207
818 0.11339
819 0.11472
820 0.11608
821 0.11746
822 0.11887
823 0.12030
824 0.12176
825 0.12324
826 0.12475
827 0.12628
828 0.12784
829 0.12943
830 0.13105
831 0.13270
832 0.13438
833 0.13609
834 0.13782
835 0.13959
836 0.14140
837 0.14323
838 0.14510
839 0.14700
840 0.14894
841 0.15092
842 0.15293
843 0.15497
844 0.15706
845 0.15918
846 0.16135
847 0.16355
848 0.16580
849 0.16809
850 0.17042
851 0.17280
852 0.17522
853 0.17769
854 0.18021
855 0.18278
856 0.18539
857 0.18806
858 0.19077
859 0.19354
860 0.19637
861 0.19925
862 0.20218
863 0.20518
864 0.20823
865 0.21134
866 0.21452
867 0.21776
868 0.22106
869 0.22443
870 0.22787
871 0.23138
872 0.23496
873 0.23861
874 0.24233
875 0.24614
876 0.25002
877 0.25398
878 0.25802
879 0.26214
880 0.26636
881 0.27065
882 0.27504
883 0.27952
884 0.28410
885 0.28877
886 0.29354
887 0.29841
888 0.30339
889 0.30847
890 0.31366
891 0.31896
892 0.32438
893 0.32991
894 0.33557
895 0.34134
896 0.34725
897 0.35328
898 0.35944
899 0.36574
900 0.37218
901 0.37876
902 0.38549
903 0.39237
904 0.39940
905 0.40659
906 0.41394
907 0.42146
908 0.42915
909 0.43701
910 0.44505
911 0.45328
912 0.45972
913 0.48456
914 0.50215
915 0.51496
916 0.52236
917 0.52603
918 0.53028
919 0.53524
920 0.54113
921 0.54827
922 0.54696
923 0.54565
924 0.55452
925 0.55323
926 0.55193
927 0.56328
928 0.56200
929 0.56072
930 0.55944
931 0.57455
932 0.57329
933 0.57203
934 0.57078
935 0.56952
936 0.56826
937 0.56699
938 0.58824
939 0.58702
940 0.58579
941 0.58456
942 0.58334
943 0.58211
944 0.58088
945 0.57965
946 0.57842
947 0.57718
948 0.57595
949 0.57472
950 0.60702
951 0.60585
952 0.60467
953 0.60349
954 0.60231
955 0.60113
956 0.59995
957 0.59877
958 0.59759
959 0.59640
960 0.59522
961 0.59403
962 0.59285
963 0.59166
964 0.59047
965 0.58928
966 0.58809
967 0.58690
968 0.58571
969 0.58451
970 0.58332
971 0.58212
972 0.58093
973 0.63647
974 0.63538
975 0.63428
976 0.63319
977 0.63210
978 0.63100
979 0.62990
980 0.62881
981 0.62771
982 0.62661
983 0.62551
984 0.62441
985 0.62330
986 0.62220
987 0.62109
988 0.61999
989 0.61888
990 0.61777
991 0.61666
992 0.61555
993 0.61444
994 0.61333
995 0.61221
996 0.61110
997 0.60998
998 0.60887
999 0.60775
1000 0.60663
1001 0.60551
1002 0.60439
1003 0.60327
1004 0.60215
1005 0.60103
1006 0.59990
1007 0.59878
1008 0.59765
1009 0.59653
1010 0.59540
1011 0.59427
1012 0.59314
1013 0.59201
1014 0.59088
1015 0.58975
1016 0.58862
1017 0.58748
1018 0.58635
1019 0.58522
1020 0.58408
1021 0.58294
1022 0.58181
1023 0.58067
1024 0.57953
1025 0.57839
1026 0.69827
1027 0.69737
1028 0.69647
1029 0.69556
1030 0.69465
1031 0.69374
1032 0.69284
1033 0.69192
1034 0.69101
1035 0.69010
1036 0.68919
1037 0.68827
1038 0.68735
1039 0.68644
1040 0.68552
1041 0.68460
1042 0.68368
1043 0.68275
1044 0.68183
1045 0.68091
1046 0.67998
1047 0.67905
1048 0.67813
1049 0.67720
1050 0.67627
1051 0.67534
1052 0.67440
1053 0.67347
1054 0.67254
1055 0.67160
1056 0.67066
1057 0.66973
1058 0.66879
1059 0.66785
1060 0.66691
1061 0.66596
1062 0.66502
1063 0.66408
1064 0.66313
1065 0.66219
1066 0.66124
1067 0.66029
1068 0.65934
1069 0.65839
1070 0.65744
1071 0.65649
1072 0.65553
1073 0.65458
1074 0.65362
1075 0.65267
1076 0.65171
1077 0.65075
1078 0.64979
1079 0.64883
1080 0.64787
1081 0.64691
1082 0.64594
1083 0.64498
1084 0.64401
1085 0.64305
1086 0.64208
1087 0.64111
1088 0.64014
1089 0.63917
1090 0.63820
1091 0.63723
1092 0.63626
1093 0.63528
1094 0.63431
1095 0.63333
1096 0.63236
1097 0.63138
1098 0.63040
1099 0.62942
1100 0.62844
1101 0.62746
1102 0.62648
1103 0.62550
1104 0.62451
1105 0.62353
1106 0.62255
1107 0.62156
1108 0.62057
1109 0.61959
1110 0.61860
1111 0.61761
1112 0.61662
1113 0.61563
1114 0.61464
1115 0.61364
1116 0.61265
1117 0.61166
1118 0.61066
1119 0.60967
1120 0.60867
1121 0.60767
1122 0.60667
1123 0.60568
1124 0.60468
1125 0.60368
1126 0.60267
1127 0.60167
1128 0.60067
1129 0.59967
1130 0.59866
1131 0.59766
1132 0.59665
1133 0.59565
1134 0.59464
1135 0.59363
1136 0.59263
1137 0.59162
1138 0.59061
1139 0.58960
1140 0.58859
1141 0.58758
1142 0.58656
1143 0.58555
1144 0.58454
1145 0.58352
1146 0.58251
1147 0.58150
1148 0.58048
1149 0.57946
1150 0.57845
1151 0.57743
1152 0.57641
1153 0.57539
1154 0.57437
1155 0.57335
1156 0.57233
1157 0.57131
1158 0.57029
1159 0.56927
1160 0.56825
1161 0.56722
1162 0.56620
1163 0.56517
1164 0.56415
1165 0.56312
1166 0.56210
1167 0.56107
1168 0.56005
1169 0.55902
1170 0.55799
1171 0.55696
1172 0.55593
1173 0.55491
1174 0.55388
1175 0.55285
1176 0.55182
1177 0.55078
1178 0.54975
1179 0.54872
1180 0.54769
1181 0.54666
1182 0.54562
1183 0.54459
1184 0.54356
1185 0.54252
1186 0.54149
1187 0.54045
1188 0.53942
1189 0.53838
1190 0.53735
1191 0.53631
1192 0.53527
1193 0.53424
1194 0.53320
1195 0.53216
1196 0.53112
1197 0.53008
1198 0.52905
1199 0.52801
1200 0.52697
1201 0.52593
1202 0.52489
1203 0.52385
1204 0.52281
1205 0.52177
1206 0.52073
1207 0.51969
1208 0.51864
1209 0.51760
1210 0.51656
1211 0.51552
1212 0.51448
1213 0.51343
1214 0.51239
1215 0.51135
1216 1.00000
