17 3.23938
18 2.88665
19 2.59284
20 2.34532
21 2.13469
22 1.95381
23 1.79723
24 1.66068
25 1.54079
26 1.43489
27 1.34082
28 1.25684
29 1.18150
30 1.11362
31 1.05221
32 0.99644
33 0.94563
34 0.89917
35 0.85656
36 0.81737
37 0.78123
38 0.74782
39 0.71685
40 0.68808
41 0.66131
42 0.63633
43 0.61299
44 0.59113
45 0.57063
46 0.55137
47 0.53325
48 0.51618
49 0.50006
50 0.48483
51 0.47042
52 0.45677
53 0.44382
54 0.43152
55 0.41983
56 0.40870
57 0.39810
58 0.38799
59 0.37834
60 0.36912
61 0.36030
62 0.35186
63 0.34378
64 0.33603
65 0.32860
66 0.32146
67 0.31461
68 0.30802
69 0.30168
70 0.29558
71 0.28970
72 0.28403
73 0.27857
74 0.27329
75 0.26820
76 0.26328
77 0.25853
78 0.25393
79 0.24949
80 0.24518
81 0.24101
82 0.23697
83 0.23306
84 0.22926
85 0.22558
86 0.22201
87 0.21854
88 0.21517
89 0.21189
90 0.20871
91 0.20562
92 0.20261
93 0.19968
94 0.19683
95 0.19405
96 0.19135
97 0.18872
98 0.18615
99 0.18365
100 0.18121
101 0.17883
102 0.17650
103 0.17424
104 0.17202
105 0.16986
106 0.16775
107 0.16569
108 0.16367
109 0.16170
110 0.15978
111 0.15790
112 0.15605
113 0.15425
114 0.15249
115 0.15076
116 0.14907
117 0.14741
118 0.14579
119 0.14421
120 0.14265
121 0.14112
122 0.13963
123 0.13816
124 0.13673
125 0.13532
126 0.13394
127 0.13258
128 0.13125
129 0.12994
130 0.12866
131 0.12741
132 0.12617
133 0.12496
134 0.12377
135 0.12259
136 0.12144
137 0.12031
138 0.11920
139 0.11811
140 0.11704
141 0.11599
142 0.11495
143 0.11393
144 0.11293
145 0.11194
146 0.11097
147 0.11001
148 0.10907
149 0.10815
150 0.10724
151 0.10634
152 0.10546
153 0.10459
154 0.10373
155 0.10289
156 0.10206
157 0.10124
158 0.10044
159 0.09964
160 0.09886
161 0.09809
162 0.09733
163 0.09658
164 0.09585
165 0.09512
166 0.09440
167 0.09369
168 0.09300
169 0.09231
170 0.09163
171 0.09096
172 0.09030
173 0.08965
174 0.08901
175 0.08837
176 0.08775
177 0.08713
178 0.08652
179 0.08592
180 0.08532
181 0.08474
182 0.08416
183 0.08359
184 0.08302
185 0.08246
186 0.08191
187 0.08137
188 0.08083
189 0.08030
190 0.07978
191 0.07926
192 0.07875
193 0.07824
194 0.07775
195 0.07725
196 0.07676
197 0.07628
198 0.07581
199 0.07533
200 0.07487
201 0.07441
202 0.07395
203 0.07350
204 0.07306
205 0.07262
206 0.07218
207 0.07175
208 0.07133
209 0.07091
210 0.07049
211 0.07008
212 0.06967
213 0.06927
214 0.06887
215 0.06848
216 0.06809
217 0.06770
218 0.06732
219 0.06694
220 0.06657
221 0.06619
222 0.06583
223 0.06547
224 0.06511
225 0.06475
226 0.06440
227 0.06405
228 0.06371
229 0.06336
230 0.06303
231 0.06269
232 0.06236
233 0.06203
234 0.06171
235 0.06138
236 0.06107
237 0.06075
238 0.06044
239 0.06013
240 0.05982
241 0.05952
242 0.05922
243 0.05892
244 0.05862
245 0.05833
246 0.05804
247 0.05775
248 0.05747
249 0.05718
250 0.05690
251 0.05663
252 0.05635
253 0.05608
254 0.05581
255 0.05554
256 0.05528
257 0.05502
258 0.05476
259 0.05450
260 0.05424
261 0.05399
262 0.05374
263 0.05349
264 0.05324
265 0.05300
266 0.05275
267 0.05251
268 0.05227
269 0.05204
270 0.05180
271 0.05157
272 0.05134
273 0.05111
274 0.05088
275 0.05066
276 0.05043
277 0.05021
278 0.04999
279 0.04977
280 0.04956
281 0.04934
282 0.04913
283 0.04892
284 0.04871
285 0.04850
286 0.04830
287 0.04809
288 0.04789
289 0.04769
290 0.04749
291 0.04729
292 0.04709
293 0.04690
294 0.04670
295 0.04651
296 0.04632
297 0.04613
298 0.04594
299 0.04576
300 0.04557
301 0.04539
302 0.04521
303 0.04503
304 0.04485
305 0.04467
306 0.04449
307 0.04432
308 0.04414
309 0.04397
310 0.04380
311 0.04363
312 0.04346
313 0.04329
314 0.04313
315 0.04296
316 0.04280
317 0.04263
318 0.04247
319 0.04231
320 0.04215
321 0.04199
322 0.04183
323 0.04168
324 0.04152
325 0.04137
326 0.04122
327 0.04106
328 0.04091
329 0.04076
330 0.04061
331 0.04047
332 0.04032
333 0.04017
334 0.04003
335 0.03989
336 0.03974
337 0.03960
338 0.03946
339 0.03932
340 0.03918
341 0.03904
342 0.03891
343 0.03877
344 0.03863
345 0.03850
346 0.03837
347 0.03823
348 0.03810
349 0.03797
350 0.03784
351 0.03771
352 0.03758
353 0.03746
354 0.03733
355 0.03720
356 0.03708
357 0.03695
358 0.03683
359 0.03671
360 0.03659
361 0.03646
362 0.03634
363 0.03622
364 0.03611
365 0.03599
366 0.03587
367 0.03575
368 0.03564
369 0.03552
370 0.03541
371 0.03529
372 0.03518
373 0.03507
374 0.03496
375 0.03485
376 0.03474
377 0.03463
378 0.03452
379 0.03441
380 0.03430
381 0.03420
382 0.03409
383 0.03398
384 0.03388
385 0.03377
386 0.03367
387 0.03357
388 0.03346
389 0.03336
390 0.03326
391 0.03316
392 0.03306
393 0.03296
394 0.03286
395 0.03276
396 0.03267
397 0.03257
398 0.03247
399 0.03238
400 0.03228
401 0.03219
402 0.03209
403 0.03200
404 0.03190
405 0.03181
406 0.03172
407 0.03163
408 0.03154
409 0.03145
410 0.03136
411 0.03127
412 0.03118
413 0.03109
414 0.03100
415 0.03091
416 0.03083
417 0.03074
418 0.03065
419 0.03057
420 0.03048
421 0.03040
422 0.03031
423 0.03023
424 0.03015
425 0.03006
426 0.02998
427 0.02988
428 0.02980
429 0.02972
430 0.02964
431 0.02956
432 0.02948
433 0.02940
434 0.02932
435 0.02925
436 0.02917
437 0.02909
438 0.02902
439 0.02894
440 0.02887
441 0.02879
442 0.02872
443 0.02865
444 0.02858
445 0.02851
446 0.02844
447 0.02837
448 0.02830
449 0.02823
450 0.02816
451 0.02809
452 0.02803
453 0.02796
454 0.02790
455 0.02783
456 0.02777
457 0.02771
458 0.02764
459 0.02758
460 0.02752
461 0.02746
462 0.02740
463 0.02734
464 0.02728
465 0.02722
466 0.02716
467 0.02710
468 0.02705
469 0.02699
470 0.02694
471 0.02688
472 0.02683
473 0.02677
474 0.02672
475 0.02667
476 0.02662
477 0.02657
478 0.02652
479 0.02647
480 0.02642
481 0.02637
482 0.02632
483 0.02627
484 0.02623
485 0.02618
486 0.02613
487 0.02609
488 0.02604
489 0.02600
490 0.02595
491 0.02591
492 0.02587
493 0.02582
494 0.02578
495 0.02574
496 0.02570
497 0.02566
498 0.02562
499 0.02558
500 0.02555
501 0.02551
502 0.02547
503 0.02544
504 0.02540
505 0.02537
506 0.02533
507 0.02530
508 0.02527
509 0.02524
510 0.02520
511 0.02517
512 0.02514
513 0.02511
514 0.02508
515 0.02506
516 0.02503
517 0.02500
518 0.02497
519 0.02495
520 0.02492
521 0.02490
522 0.02487
523 0.02485
524 0.02483
525 0.02480
526 0.02478
527 0.02476
528 0.02474
529 0.02472
530 0.02470
531 0.02468
532 0.02467
533 0.02465
534 0.02463
535 0.02462
536 0.02460
537 0.02459
538 0.02457
539 0.02456
540 0.02455
541 0.02454
542 0.02452
543 0.02451
544 0.02450
545 0.02449
546 0.02448
547 0.02448
548 0.02447
549 0.02446
550 0.02446
551 0.02445
552 0.02444
553 0.02444
554 0.02444
555 0.02443
556 0.02443
557 0.02443
558 0.02443
559 0.02443
560 0.02443
561 0.02443
562 0.02443
563 0.02444
564 0.02444
565 0.02444
566 0.02445
567 0.02445
568 0.02446
569 0.02446
570 0.02447
571 0.02447
572 0.02447
573 0.02448
574 0.02448
575 0.02449
576 0.02450
577 0.02451
578 0.02451
579 0.02452
580 0.02453
581 0.02454
582 0.02451
583 0.02452
584 0.02453
585 0.02454
586 0.02456
587 0.02457
588 0.02458
589 0.02460
590 0.02462
591 0.02463
592 0.02465
593 0.02467
594 0.02469
595 0.02471
596 0.02473
597 0.02476
598 0.02478
599 0.02480
600 0.02483
601 0.02486
602 0.02488
603 0.02491
604 0.02494
605 0.02497
606 0.02500
607 0.02504
608 0.02507
609 0.02510
610 0.02514
611 0.02517
612 0.02521
613 0.02525
614 0.02529
615 0.02533
616 0.02537
617 0.02541
618 0.02546
619 0.02550
620 0.02555
621 0.02559
622 0.02564
623 0.02569
624 0.02574
625 0.02579
626 0.02585
627 0.02590
628 0.02595
629 0.02601
630 0.02607
631 0.02613
632 0.02619
633 0.02625
634 0.02631
635 0.02637
636 0.02644
637 0.02650
638 0.02657
639 0.02664
640 0.02671
641 0.02678
642 0.02685
643 0.02693
644 0.02700
645 0.02708
646 0.02715
647 0.02723
648 0.02731
649 0.02740
650 0.02748
651 0.02757
652 0.02765
653 0.02774
654 0.02783
655 0.02792
656 0.02801
657 0.02811
658 0.02820
659 0.02830
660 0.02840
661 0.02850
662 0.02860
663 0.02871
664 0.02881
665 0.02892
666 0.02903
667 0.02914
668 0.02925
669 0.02937
670 0.02948
671 0.02960
672 0.02972
673 0.02984
674 0.02997
675 0.03009
676 0.03022
677 0.03035
678 0.03048
679 0.03061
680 0.03075
681 0.03089
682 0.03103
683 0.03117
684 0.03131
685 0.03146
686 0.03161
687 0.03176
688 0.03191
689 0.03207
690 0.03223
691 0.03239
692 0.03255
693 0.03272
694 0.03288
695 0.03305
696 0.03323
697 0.03340
698 0.03358
699 0.03376
700 0.03394
701 0.03413
702 0.03432
703 0.03451
704 0.03470
705 0.03490
706 0.03510
707 0.03531
708 0.03551
709 0.03572
710 0.03593
711 0.03615
712 0.03637
713 0.03659
714 0.03682
715 0.03705
716 0.03728
717 0.03751
718 0.03775
719 0.03800
720 0.03824
721 0.03849
722 0.03875
723 0.03900
724 0.03927
725 0.03953
726 0.03980
727 0.04007
728 0.04035
729 0.04063
730 0.04092
731 0.04121
732 0.04150
733 0.04180
734 0.04211
735 0.04242
736 0.04273
737 0.04305
738 0.04337
739 0.04370
740 0.04403
741 0.04436
742 0.04471
743 0.04506
744 0.04541
745 0.04577
746 0.04613
747 0.04650
748 0.04688
749 0.04726
750 0.04764
751 0.04804
752 0.04844
753 0.04884
754 0.04925
755 0.04967
756 0.05009
757 0.05053
758 0.05096
759 0.05141
760 0.05186
761 0.05232
762 0.05278
763 0.05326
764 0.05374
765 0.05423
766 0.05472
767 0.05523
768 0.05574
769 0.05626
770 0.05679
771 0.05733
772 0.05787
773 0.05843
774 0.05899
775 0.05957
776 0.06015
777 0.06074
778 0.06134
779 0.06195
780 0.06257
781 0.06321
782 0.06385
783 0.06450
784 0.06516
785 0.06584
786 0.06652
787 0.06722
788 0.06793
789 0.06865
790 0.06938
791 0.07013
792 0.07089
793 0.07166
794 0.07244
795 0.07324
796 0.07405
797 0.07488
798 0.07572
799 0.07657
800 0.07744
801 0.07832
802 0.07922
803 0.08014
804 0.08107
805 0.08201
806 0.08298
807 0.08396
808 0.08496
809 0.08597
810 0.08700
811 0.08806
812 0.08913
813 0.09022
814 0.09133
815 0.09246
816 0.09361
817 0.09478
818 0.09597
819 0.09719
820 0.09842
821 0.09968
822 0.10096
823 0.10227
824 0.10360
825 0.10495
826 0.10633
827 0.10774
828 0.10917
829 0.11063
830 0.11212
831 0.11363
832 0.11518
833 0.11675
834 0.11835
835 0.11999
836 0.12165
837 0.12335
838 0.12508
839 0.12684
840 0.12864
841 0.13047
842 0.13234
843 0.13424
844 0.13619
845 0.13817
846 0.14019
847 0.14225
848 0.14435
849 0.14649
850 0.14868
851 0.15091
852 0.15318
853 0.15550
854 0.15787
855 0.16029
856 0.16275
857 0.16527
858 0.16783
859 0.17045
860 0.17313
861 0.17586
862 0.17864
863 0.18149
864 0.18439
865 0.18736
866 0.19039
867 0.19348
868 0.19664
869 0.19986
870 0.20315
871 0.20652
872 0.20995
873 0.21346
874 0.21705
875 0.22071
876 0.22445
877 0.22828
878 0.23218
879 0.23618
880 0.24026
881 0.24443
882 0.24869
883 0.25305
884 0.25751
885 0.26206
886 0.26672
887 0.27148
888 0.27635
889 0.28133
890 0.28643
891 0.29163
892 0.29696
893 0.30241
894 0.30799
895 0.31369
896 0.31953
897 0.32550
898 0.33161
899 0.33787
900 0.34427
901 0.35082
902 0.35753
903 0.36439
904 0.37142
905 0.37862
906 0.38598
907 0.39353
908 0.40125
909 0.40916
910 0.41727
911 0.42557
912 0.43207
913 0.45709
914 0.47488
915 0.48789
916 0.49543
917 0.49917
918 0.50350
919 0.50856
920 0.51460
921 0.52192
922 0.52057
923 0.51922
924 0.52833
925 0.52699
926 0.52565
927 0.53734
928 0.53601
929 0.53469
930 0.53337
931 0.54895
932 0.54765
933 0.54635
934 0.54504
935 0.54374
936 0.54244
937 0.54114
938 0.56309
939 0.56182
940 0.56055
941 0.55928
942 0.55801
943 0.55674
944 0.55546
945 0.55419
946 0.55291
947 0.55164
948 0.55036
949 0.54909
950 0.58254
951 0.58132
952 0.58010
953 0.57887
954 0.57765
955 0.57642
956 0.57520
957 0.57397
958 0.57274
959 0.57152
960 0.57029
961 0.56906
962 0.56783
963 0.56660
964 0.56536
965 0.56413
966 0.56290
967 0.56166
968 0.56043
969 0.55919
970 0.55796
971 0.55672
972 0.55548
973 0.61316
974 0.61202
975 0.61088
976 0.60974
977 0.60860
978 0.60746
979 0.60632
980 0.60517
981 0.60403
982 0.60288
983 0.60174
984 0.60059
985 0.59944
986 0.59829
987 0.59714
988 0.59599
989 0.59484
990 0.59368
991 0.59253
992 0.59137
993 0.59022
994 0.58906
995 0.58790
996 0.58675
997 0.58559
998 0.58443
999 0.58327
1000 0.58210
1001 0.58094
1002 0.57978
1003 0.57861
1004 0.57745
1005 0.57628
1006 0.57512
1007 0.57395
1008 0.57278
1009 0.57161
1010 0.57044
1011 0.56927
1012 0.56810
1013 0.56693
1014 0.56576
1015 0.56459
1016 0.56341
1017 0.56224
1018 0.56106
1019 0.55989
1020 0.55871
1021 0.55753
1022 0.55636
1023 0.55518
1024 0.55400
1025 0.55282
1026 0.67784
1027 0.67689
1028 0.67594
1029 0.67499
1030 0.67404
1031 0.67308
1032 0.67213
1033 0.67117
1034 0.67022
1035 0.66926
1036 0.66830
1037 0.66734
1038 0.66637
1039 0.66541
1040 0.66445
1041 0.66348
1042 0.66251
1043 0.66155
1044 0.66058
1045 0.65961
1046 0.65864
1047 0.65767
1048 0.65669
1049 0.65572
1050 0.65474
1051 0.65377
1052 0.65279
1053 0.65181
1054 0.65083
1055 0.64985
1056 0.64887
1057 0.64789
1058 0.64691
1059 0.64592
1060 0.64494
1061 0.64395
1062 0.64296
1063 0.64198
1064 0.64099
1065 0.64000
1066 0.63900
1067 0.63801
1068 0.63702
1069 0.63603
1070 0.63503
1071 0.63403
1072 0.63304
1073 0.63204
1074 0.63104
1075 0.63004
1076 0.62904
1077 0.62804
1078 0.62704
1079 0.62603
1080 0.62503
1081 0.62402
1082 0.62302
1083 0.62201
1084 0.62100
1085 0.61999
1086 0.61898
1087 0.61797
1088 0.61696
1089 0.61595
1090 0.61494
1091 0.61392
1092 0.61291
1093 0.61189
1094 0.61088
1095 0.60986
1096 0.60884
1097 0.60782
1098 0.60680
1099 0.60578
1100 0.60476
1101 0.60374
1102 0.60272
1103 0.60169
1104 0.60067
1105 0.59965
1106 0.59862
1107 0.59759
1108 0.59657
1109 0.59554
1110 0.59451
1111 0.59348
1112 0.59245
1113 0.59142
1114 0.59039
1115 0.58936
1116 0.58832
1117 0.58729
1118 0.58626
1119 0.58522
1120 0.58419
1121 0.58315
1122 0.58211
1123 0.58108
1124 0.58004
1125 0.57900
1126 0.57796
1127 0.57692
1128 0.57588
1129 0.57484
1130 0.57380
1131 0.57275
1132 0.57171
1133 0.57067
1134 0.56962
1135 0.56858
1136 0.56753
1137 0.56649
1138 0.56544
1139 0.56439
1140 0.56335
1141 0.56230
1142 0.56125
1143 0.56020
1144 0.55915
1145 0.55810
1146 0.55705
1147 0.55600
1148 0.55495
1149 0.55390
1150 0.55285
1151 0.55179
1152 0.55074
1153 0.54969
1154 0.54863
1155 0.54758
1156 0.54652
1157 0.54547
1158 0.54441
1159 0.54335
1160 0.54230
1161 0.54124
1162 0.54018
1163 0.53912
1164 0.53807
1165 0.53701
1166 0.53595
1167 0.53489
1168 0.53383
1169 0.53277
1170 0.53171
1171 0.53065
1172 0.52959
1173 0.52853
1174 0.52747
1175 0.52640
1176 0.52534
1177 0.52428
1178 0.52322
1179 0.52215
1180 0.52109
1181 0.52003
1182 0.51896
1183 0.51790
1184 0.51683
1185 0.51577
1186 0.51470
1187 0.51364
1188 0.51257
1189 0.51151
1190 0.51044
1191 0.50938
1192 0.50831
1193 0.50724
1194 0.50618
1195 0.50511
1196 0.50405
1197 0.50298
1198 0.50191
1199 0.50084
1200 0.49978
1201 0.49871
1202 0.49764
1203 0.49658
1204 0.49551
1205 0.49444
1206 0.49337
1207 0.49230
1208 0.49124
1209 0.49017
1210 0.48910
1211 0.48803
1212 0.48696
1213 0.48590
1214 0.48483
1215 0.48376
1216 1.00000
