17 1.52029
18 1.45335
19 1.39365
20 1.34005
21 1.29162
22 1.24764
23 1.20750
24 1.17070
25 1.13683
26 1.10554
27 1.07653
28 1.04955
29 1.02439
30 1.00086
31 0.97880
32 0.95808
33 0.93856
34 0.92014
35 0.90273
36 0.88624
37 0.87059
38 0.85573
39 0.84158
40 0.82810
41 0.81523
42 0.80294
43 0.79118
44 0.77992
45 0.76912
46 0.75875
47 0.74880
48 0.73922
49 0.73000
50 0.72113
51 0.71256
52 0.70430
53 0.69633
54 0.68862
55 0.68116
56 0.67395
57 0.66697
58 0.66020
59 0.65364
60 0.64727
61 0.64109
62 0.63509
63 0.62926
64 0.62359
65 0.61808
66 0.61272
67 0.60749
68 0.60241
69 0.59745
70 0.59262
71 0.58791
72 0.58332
73 0.57883
74 0.57445
75 0.57018
76 0.56600
77 0.56192
78 0.55793
79 0.55403
80 0.55021
81 0.54648
82 0.54282
83 0.53924
84 0.53574
85 0.53230
86 0.52894
87 0.52564
88 0.52241
89 0.51924
90 0.51614
91 0.51309
92 0.51010
93 0.50716
94 0.50428
95 0.50145
96 0.49867
97 0.49594
98 0.49326
99 0.49062
100 0.48803
101 0.48549
102 0.48298
103 0.48052
104 0.47810
105 0.47572
106 0.47338
107 0.47108
108 0.46881
109 0.46658
110 0.46438
111 0.46222
112 0.46009
113 0.45799
114 0.45592
115 0.45389
116 0.45188
117 0.44991
118 0.44796
119 0.44604
120 0.44415
121 0.44229
122 0.44045
123 0.43864
124 0.43685
125 0.43509
126 0.43335
127 0.43164
128 0.42994
129 0.42827
130 0.42663
131 0.42500
132 0.42340
133 0.42182
134 0.42025
135 0.41871
136 0.41719
137 0.41568
138 0.41420
139 0.41273
140 0.41129
141 0.40986
142 0.40844
143 0.40705
144 0.40567
145 0.40431
146 0.40296
147 0.40163
148 0.40032
149 0.39902
150 0.39774
151 0.39647
152 0.39522
153 0.39398
154 0.39275
155 0.39154
156 0.39034
157 0.38916
158 0.38799
159 0.38683
160 0.38569
161 0.38456
162 0.38344
163 0.38233
164 0.38124
165 0.38015
166 0.37908
167 0.37802
168 0.37697
169 0.37594
170 0.37491
171 0.37390
172 0.37289
173 0.37190
174 0.37091
175 0.36994
176 0.36898
177 0.36802
178 0.36708
179 0.36615
180 0.36522
181 0.36431
182 0.36340
183 0.36251
184 0.36162
185 0.36074
186 0.35987
187 0.35901
188 0.35816
189 0.35732
190 0.35648
191 0.35565
192 0.35484
193 0.35403
194 0.35322
195 0.35243
196 0.35164
197 0.35086
198 0.35009
199 0.34933
200 0.34857
201 0.34782
202 0.34708
203 0.34634
204 0.34561
205 0.34489
206 0.34418
207 0.34347
208 0.34277
209 0.34208
210 0.34139
211 0.34071
212 0.34003
213 0.33937
214 0.33870
215 0.33805
216 0.33740
217 0.33676
218 0.33612
219 0.33549
220 0.33486
221 0.33424
222 0.33363
223 0.33302
224 0.33242
225 0.33183
226 0.33123
227 0.33065
228 0.33007
229 0.32950
230 0.32893
231 0.32836
232 0.32780
233 0.32725
234 0.32670
235 0.32616
236 0.32562
237 0.32509
238 0.32456
239 0.32404
240 0.32352
241 0.32301
242 0.32250
243 0.32199
244 0.32149
245 0.32100
246 0.32051
247 0.32003
248 0.31954
249 0.31907
250 0.31860
251 0.31813
252 0.31767
253 0.31721
254 0.31675
255 0.31630
256 0.31586
257 0.31542
258 0.31498
259 0.31455
260 0.31412
261 0.31369
262 0.31327
263 0.31286
264 0.31244
265 0.31203
266 0.31163
267 0.31123
268 0.31083
269 0.31044
270 0.31005
271 0.30966
272 0.30928
273 0.30890
274 0.30853
275 0.30816
276 0.30779
277 0.30743
278 0.30707
279 0.30671
280 0.30636
281 0.30601
282 0.30566
283 0.30532
284 0.30498
285 0.30465
286 0.30431
287 0.30399
288 0.30366
289 0.30334
290 0.30302
291 0.30270
292 0.30239
293 0.30208
294 0.30178
295 0.30148
296 0.30118
297 0.30088
298 0.30059
299 0.30030
300 0.30001
301 0.29973
302 0.29945
303 0.29917
304 0.29890
305 0.29863
306 0.29836
307 0.29809
308 0.29783
309 0.29757
310 0.29732
311 0.29706
312 0.29681
313 0.29657
314 0.29632
315 0.29608
316 0.29584
317 0.29560
318 0.29537
319 0.29514
320 0.29491
321 0.29469
322 0.29447
323 0.29425
324 0.29403
325 0.29382
326 0.29361
327 0.29340
328 0.29319
329 0.29299
330 0.29279
331 0.29259
332 0.29240
333 0.29221
334 0.29202
335 0.29183
336 0.29164
337 0.29146
338 0.29128
339 0.29111
340 0.29093
341 0.29076
342 0.29059
343 0.29042
344 0.29026
345 0.29010
346 0.28994
347 0.28978
348 0.28963
349 0.28948
350 0.28933
351 0.28918
352 0.28904
353 0.28890
354 0.28876
355 0.28862
356 0.28848
357 0.28835
358 0.28822
359 0.28809
360 0.28797
361 0.28785
362 0.28773
363 0.28761
364 0.28749
365 0.28738
366 0.28727
367 0.28716
368 0.28705
369 0.28695
370 0.28685
371 0.28675
372 0.28665
373 0.28655
374 0.28646
375 0.28637
376 0.28628
377 0.28620
378 0.28611
379 0.28603
380 0.28595
381 0.28587
382 0.28580
383 0.28573
384 0.28566
385 0.28559
386 0.28552
387 0.28546
388 0.28540
389 0.28534
390 0.28528
391 0.28522
392 0.28517
393 0.28512
394 0.28507
395 0.28502
396 0.28498
397 0.28494
398 0.28490
399 0.28486
400 0.28482
401 0.28479
402 0.28476
403 0.28473
404 0.28470
405 0.28467
406 0.28465
407 0.28463
408 0.28461
409 0.28459
410 0.28458
411 0.28456
412 0.28455
413 0.28454
414 0.28454
415 0.28453
416 0.28453
417 0.28453
418 0.28453
419 0.28453
420 0.28454
421 0.28455
422 0.28456
423 0.28457
424 0.28458
425 0.28460
426 0.28462
427 0.28464
428 0.28466
429 0.28468
430 0.28471
431 0.28474
432 0.28477
433 0.28480
434 0.28483
435 0.28487
436 0.28491
437 0.28495
438 0.28499
439 0.28503
440 0.28508
441 0.28513
442 0.28518
443 0.28523
444 0.28528
445 0.28534
446 0.28540
447 0.28546
448 0.28552
449 0.28559
450 0.28565
451 0.28572
452 0.28579
453 0.28586
454 0.28594
455 0.28601
456 0.28609
457 0.28617
458 0.28625
459 0.28634
460 0.28642
461 0.28651
462 0.28660
463 0.28669
464 0.28679
465 0.28688
466 0.28698
467 0.28708
468 0.28718
469 0.28729
470 0.28739
471 0.28750
472 0.28761
473 0.28772
474 0.28784
475 0.28795
476 0.28807
477 0.28819
478 0.28831
479 0.28844
480 0.28856
481 0.28869
482 0.28882
483 0.28895
484 0.28909
485 0.28922
486 0.28936
487 0.28950
488 0.28964
489 0.28979
490 0.28993
491 0.29008
492 0.29023
493 0.29038
494 0.29054
495 0.29069
496 0.29085
497 0.29101
498 0.29118
499 0.29134
500 0.29151
501 0.29167
502 0.29184
503 0.29202
504 0.29219
505 0.29237
506 0.29255
507 0.29273
508 0.29291
509 0.29309
510 0.29328
511 0.29347
512 0.29366
513 0.29385
514 0.29405
515 0.29424
516 0.29444
517 0.29464
518 0.29485
519 0.29505
520 0.29526
521 0.29547
522 0.29568
523 0.29589
524 0.29611
525 0.29632
526 0.29654
527 0.29677
528 0.29699
529 0.29722
530 0.29744
531 0.29767
532 0.29791
533 0.29814
534 0.29838
535 0.29861
536 0.29886
537 0.29910
538 0.29934
539 0.29959
540 0.29984
541 0.30009
542 0.30034
543 0.30060
544 0.30086
545 0.30112
546 0.30138
547 0.30164
548 0.30191
549 0.30218
550 0.30245
551 0.30272
552 0.30300
553 0.30327
554 0.30355
555 0.30384
556 0.30412
557 0.30441
558 0.30469
559 0.30498
560 0.30528
561 0.30557
562 0.30587
563 0.30617
564 0.30647
565 0.30677
566 0.30708
567 0.30739
568 0.30770
569 0.30801
570 0.30833
571 0.30865
572 0.30897
573 0.30929
574 0.30961
575 0.30994
576 0.31027
577 0.31060
578 0.31093
579 0.31127
580 0.31161
581 0.31195
582 0.31229
583 0.31264
584 0.31298
585 0.31333
586 0.31369
587 0.31404
588 0.31440
589 0.31476
590 0.31512
591 0.31548
592 0.31585
593 0.31622
594 0.31659
595 0.31696
596 0.31734
597 0.31772
598 0.31810
599 0.31848
600 0.31887
601 0.31926
602 0.31965
603 0.32004
604 0.32044
605 0.32084
606 0.32124
607 0.32164
608 0.32205
609 0.32246
610 0.32287
611 0.32328
612 0.32370
613 0.32412
614 0.32454
615 0.32496
616 0.32539
617 0.32582
618 0.32625
619 0.32668
620 0.32712
621 0.32756
622 0.32800
623 0.32845
624 0.32889
625 0.32934
626 0.32980
627 0.33005
628 0.33051
629 0.33097
630 0.33143
631 0.33190
632 0.33237
633 0.33284
634 0.33332
635 0.33380
636 0.33429
637 0.33477
638 0.33527
639 0.33576
640 0.33626
641 0.33677
642 0.33728
643 0.33779
644 0.33830
645 0.33883
646 0.33935
647 0.33988
648 0.34041
649 0.34095
650 0.34149
651 0.34204
652 0.34259
653 0.34314
654 0.34370
655 0.34426
656 0.34483
657 0.34540
658 0.34598
659 0.34656
660 0.34714
661 0.34773
662 0.34833
663 0.34893
664 0.34954
665 0.35015
666 0.35077
667 0.35139
668 0.35202
669 0.35265
670 0.35328
671 0.35391
672 0.35455
673 0.35520
674 0.35585
675 0.35651
676 0.35717
677 0.35784
678 0.35851
679 0.35919
680 0.35988
681 0.36057
682 0.36126
683 0.36196
684 0.36267
685 0.36338
686 0.36410
687 0.36483
688 0.36556
689 0.36630
690 0.36704
691 0.36779
692 0.36854
693 0.36931
694 0.37007
695 0.37085
696 0.37163
697 0.37241
698 0.37321
699 0.37401
700 0.37481
701 0.37562
702 0.37644
703 0.37727
704 0.37810
705 0.37894
706 0.37977
707 0.38060
708 0.38145
709 0.38230
710 0.38315
711 0.38401
712 0.38488
713 0.38576
714 0.38664
715 0.38753
716 0.38843
717 0.38933
718 0.39024
719 0.39116
720 0.39209
721 0.39302
722 0.39396
723 0.39491
724 0.39587
725 0.39683
726 0.39780
727 0.39878
728 0.39976
729 0.40076
730 0.40176
731 0.40277
732 0.40379
733 0.40481
734 0.40585
735 0.40689
736 0.40794
737 0.40899
738 0.41006
739 0.41114
740 0.41222
741 0.41331
742 0.41441
743 0.41552
744 0.41664
745 0.41776
746 0.41890
747 0.42004
748 0.42120
749 0.42236
750 0.42353
751 0.42471
752 0.42590
753 0.42710
754 0.42831
755 0.42953
756 0.43075
757 0.43199
758 0.43324
759 0.43449
760 0.43576
761 0.43704
762 0.43832
763 0.43962
764 0.44093
765 0.44224
766 0.44357
767 0.44491
768 0.44626
769 0.44762
770 0.44899
771 0.45037
772 0.45176
773 0.45316
774 0.45457
775 0.45600
776 0.45743
777 0.45888
778 0.46034
779 0.46181
780 0.46329
781 0.46478
782 0.46629
783 0.46781
784 0.46934
785 0.47088
786 0.47243
787 0.47400
788 0.47557
789 0.47717
790 0.47877
791 0.48038
792 0.48201
793 0.48366
794 0.48531
795 0.48698
796 0.48866
797 0.49036
798 0.49206
799 0.49379
800 0.49552
801 0.49727
802 0.49904
803 0.50081
804 0.50261
805 0.50441
806 0.50623
807 0.50807
808 0.50992
809 0.51179
810 0.51367
811 0.51556
812 0.51747
813 0.51940
814 0.52134
815 0.52330
816 0.52527
817 0.52726
818 0.52927
819 0.53129
820 0.53333
821 0.53538
822 0.53745
823 0.53954
824 0.54165
825 0.54377
826 0.54591
827 0.54807
828 0.55024
829 0.55244
830 0.55465
831 0.55688
832 0.55913
833 0.56139
834 0.56368
835 0.56598
836 0.56829
837 0.57055
838 0.57284
839 0.57514
840 0.57747
841 0.57981
842 0.58217
843 0.58455
844 0.58695
845 0.58937
846 0.59181
847 0.59427
848 0.59675
849 0.59925
850 0.60177
851 0.60431
852 0.60687
853 0.60945
854 0.61206
855 0.61352
856 0.61616
857 0.61881
858 0.62148
859 0.62418
860 0.62690
861 0.62964
862 0.63241
863 0.63520
864 0.63801
865 0.64085
866 0.64372
867 0.64661
868 0.64952
869 0.65247
870 0.65544
871 0.65843
872 0.66146
873 0.66451
874 0.66758
875 0.67069
876 0.67382
877 0.67699
878 0.68018
879 0.68340
880 0.68665
881 0.68993
882 0.69324
883 0.69658
884 0.69995
885 0.70335
886 0.70679
887 0.71025
888 0.71375
889 0.71728
890 0.72084
891 0.72444
892 0.72807
893 0.73173
894 0.73543
895 0.73916
896 0.74292
897 0.74672
898 0.75056
899 0.75443
900 0.75834
901 0.76229
902 0.76627
903 0.77029
904 0.77435
905 0.77845
906 0.78259
907 0.78676
908 0.79098
909 0.79524
910 0.79953
911 0.80387
912 0.80724
913 0.82112
914 0.83041
915 0.83686
916 0.84049
917 0.84228
918 0.84431
919 0.84662
920 0.84932
921 0.85250
922 0.85196
923 0.85143
924 0.85530
925 0.85477
926 0.85424
927 0.85908
928 0.85857
929 0.85805
930 0.85754
931 0.86382
932 0.86332
933 0.86283
934 0.86233
935 0.86183
936 0.86133
937 0.86082
938 0.86944
939 0.86896
940 0.86849
941 0.86801
942 0.86753
943 0.86705
944 0.86657
945 0.86609
946 0.86561
947 0.86512
948 0.86464
949 0.86415
950 0.87689
951 0.87645
952 0.87600
953 0.87556
954 0.87511
955 0.87466
956 0.87421
957 0.87376
958 0.87331
959 0.87286
960 0.87240
961 0.87195
962 0.87149
963 0.87103
964 0.87058
965 0.87012
966 0.86965
967 0.86919
968 0.86873
969 0.86826
970 0.86780
971 0.86733
972 0.86686
973 0.88811
974 0.88771
975 0.88731
976 0.88691
977 0.88651
978 0.88610
979 0.88570
980 0.88530
981 0.88489
982 0.88448
983 0.88408
984 0.88367
985 0.88326
986 0.88285
987 0.88244
988 0.88203
989 0.88162
990 0.88120
991 0.88079
992 0.88037
993 0.87996
994 0.87954
995 0.87912
996 0.87870
997 0.87828
998 0.87786
999 0.87744
1000 0.87702
1001 0.87659
1002 0.87617
1003 0.87574
1004 0.87532
1005 0.87489
1006 0.87446
1007 0.87403
1008 0.87360
1009 0.87317
1010 0.87274
1011 0.87231
1012 0.87187
1013 0.87144
1014 0.87100
1015 0.87056
1016 0.87013
1017 0.86969
1018 0.86925
1019 0.86881
1020 0.86837
1021 0.86792
1022 0.86748
1023 0.86704
1024 0.86659
1025 0.86615
1026 0.91016
1027 0.90985
1028 0.90954
1029 0.90923
1030 0.90892
1031 0.90861
1032 0.90830
1033 0.90799
1034 0.90768
1035 0.90736
1036 0.90705
1037 0.90674
1038 0.90642
1039 0.90610
1040 0.90579
1041 0.90547
1042 0.90515
1043 0.90483
1044 0.90451
1045 0.90419
1046 0.90387
1047 0.90355
1048 0.90323
1049 0.90291
1050 0.90258
1051 0.90226
1052 0.90193
1053 0.90161
1054 0.90128
1055 0.90095
1056 0.90062
1057 0.90029
1058 0.89996
1059 0.89963
1060 0.89930
1061 0.89897
1062 0.89864
1063 0.89831
1064 0.89797
1065 0.89764
1066 0.89730
1067 0.89697
1068 0.89663
1069 0.89629
1070 0.89595
1071 0.89562
1072 0.89528
1073 0.89494
1074 0.89459
1075 0.89425
1076 0.89391
1077 0.89357
1078 0.89322
1079 0.89288
1080 0.89253
1081 0.89219
1082 0.89184
1083 0.89149
1084 0.89114
1085 0.89079
1086 0.89044
1087 0.89009
1088 0.88974
1089 0.88939
1090 0.88904
1091 0.88868
1092 0.88833
1093 0.88798
1094 0.88762
1095 0.88726
1096 0.88691
1097 0.88655
1098 0.88619
1099 0.88583
1100 0.88547
1101 0.88511
1102 0.88475
1103 0.88439
1104 0.88402
1105 0.88366
1106 0.88329
1107 0.88293
1108 0.88256
1109 0.88220
1110 0.88183
1111 0.88146
1112 0.88109
1113 0.88072
1114 0.88035
1115 0.87998
1116 0.87961
1117 0.87924
1118 0.87886
1119 0.87849
1120 0.87811
1121 0.87774
1122 0.87736
1123 0.87699
1124 0.87661
1125 0.87623
1126 0.87585
1127 0.87547
1128 0.87509
1129 0.87471
1130 0.87433
1131 0.87394
1132 0.87356
1133 0.87317
1134 0.87279
1135 0.87240
1136 0.87202
1137 0.87163
1138 0.87124
1139 0.87085
1140 0.87046
1141 0.87007
1142 0.86968
1143 0.86928
1144 0.86889
1145 0.86850
1146 0.86810
1147 0.86771
1148 0.86731
1149 0.86691
1150 0.86651
1151 0.86611
1152 0.86571
1153 0.86531
1154 0.86491
1155 0.86451
1156 0.86411
1157 0.86370
1158 0.86330
1159 0.86289
1160 0.86249
1161 0.86208
1162 0.86167
1163 0.86127
1164 0.86086
1165 0.86045
1166 0.86004
1167 0.85963
1168 0.85922
1169 0.85880
1170 0.85839
1171 0.85798
1172 0.85756
1173 0.85714
1174 0.85673
1175 0.85631
1176 0.85589
1177 0.85547
1178 0.85506
1179 0.85464
1180 0.85421
1181 0.85379
1182 0.85337
1183 0.85295
1184 0.85252
1185 0.85210
1186 0.85167
1187 0.85125
1188 0.85082
1189 0.85039
1190 0.84996
1191 0.84954
1192 0.84911
1193 0.84867
1194 0.84824
1195 0.84781
1196 0.84738
1197 0.84694
1198 0.84651
1199 0.84607
1200 0.84564
1201 0.84520
1202 0.84476
1203 0.84433
1204 0.84389
1205 0.84345
1206 0.84301
1207 0.84257
1208 0.84212
1209 0.84168
1210 0.84124
1211 0.84079
1212 0.84035
1213 0.83990
1214 0.83946
1215 0.83901
1216 1.00000
