17 1.37648
18 1.32999
19 1.28808
20 1.25009
21 1.21545
22 1.18372
23 1.15452
24 1.12755
25 1.10254
26 1.07928
27 1.05757
28 1.03725
29 1.01819
30 1.00026
31 0.98336
32 0.96739
33 0.95228
34 0.93795
35 0.92434
36 0.91138
37 0.89904
38 0.88727
39 0.87601
40 0.86524
41 0.85493
42 0.84503
43 0.83553
44 0.82640
45 0.81762
46 0.80916
47 0.80100
48 0.79314
49 0.78554
50 0.77820
51 0.77110
52 0.76423
53 0.75758
54 0.75114
55 0.74489
56 0.73882
57 0.73293
58 0.72721
59 0.72166
60 0.71625
61 0.71099
62 0.70587
63 0.70089
64 0.69603
65 0.69129
66 0.68667
67 0.68217
68 0.67777
69 0.67348
70 0.66929
71 0.66519
72 0.66119
73 0.65727
74 0.65344
75 0.64969
76 0.64603
77 0.64244
78 0.63892
79 0.63548
80 0.63210
81 0.62879
82 0.62555
83 0.62237
84 0.61925
85 0.61619
86 0.61319
87 0.61024
88 0.60735
89 0.60451
90 0.60171
91 0.59897
92 0.59628
93 0.59363
94 0.59103
95 0.58847
96 0.58595
97 0.58347
98 0.58104
99 0.57864
100 0.57629
101 0.57397
102 0.57168
103 0.56943
104 0.56722
105 0.56504
106 0.56289
107 0.56077
108 0.55869
109 0.55664
110 0.55461
111 0.55262
112 0.55065
113 0.54871
114 0.54680
115 0.54492
116 0.54306
117 0.54122
118 0.53942
119 0.53763
120 0.53587
121 0.53413
122 0.53242
123 0.53073
124 0.52906
125 0.52741
126 0.52578
127 0.52418
128 0.52259
129 0.52102
130 0.51948
131 0.51795
132 0.51644
133 0.51495
134 0.51348
135 0.51202
136 0.51058
137 0.50916
138 0.50776
139 0.50637
140 0.50500
141 0.50364
142 0.50230
143 0.50098
144 0.49967
145 0.49838
146 0.49710
147 0.49583
148 0.49458
149 0.49334
150 0.49212
151 0.49091
152 0.48971
153 0.48853
154 0.48736
155 0.48620
156 0.48506
157 0.48392
158 0.48280
159 0.48169
160 0.48059
161 0.47951
162 0.47843
163 0.47737
164 0.47632
165 0.47527
166 0.47424
167 0.47322
168 0.47221
169 0.47121
170 0.47022
171 0.46924
172 0.46828
173 0.46732
174 0.46637
175 0.46543
176 0.46449
177 0.46357
178 0.46266
179 0.46176
180 0.46086
181 0.45997
182 0.45910
183 0.45823
184 0.45737
185 0.45652
186 0.45567
187 0.45484
188 0.45401
189 0.45319
190 0.45238
191 0.45158
192 0.45078
193 0.44999
194 0.44921
195 0.44844
196 0.44767
197 0.44691
198 0.44616
199 0.44542
200 0.44468
201 0.44395
202 0.44323
203 0.44251
204 0.44180
205 0.44110
206 0.44040
207 0.43971
208 0.43903
209 0.43835
210 0.43768
211 0.43701
212 0.43635
213 0.43570
214 0.43506
215 0.43442
216 0.43378
217 0.43316
218 0.43253
219 0.43192
220 0.43131
221 0.43070
222 0.43010
223 0.42951
224 0.42892
225 0.42834
226 0.42776
227 0.42719
228 0.42662
229 0.42606
230 0.42551
231 0.42496
232 0.42441
233 0.42387
234 0.42334
235 0.42281
236 0.42228
237 0.42176
238 0.42125
239 0.42073
240 0.42023
241 0.41973
242 0.41923
243 0.41874
244 0.41826
245 0.41777
246 0.41730
247 0.41682
248 0.41636
249 0.41589
250 0.41543
251 0.41498
252 0.41453
253 0.41408
254 0.41364
255 0.41321
256 0.41277
257 0.41234
258 0.41192
259 0.41150
260 0.41108
261 0.41067
262 0.41026
263 0.40986
264 0.40946
265 0.40907
266 0.40867
267 0.40829
268 0.40790
269 0.40752
270 0.40715
271 0.40678
272 0.40641
273 0.40604
274 0.40568
275 0.40533
276 0.40497
277 0.40463
278 0.40428
279 0.40394
280 0.40360
281 0.40327
282 0.40294
283 0.40261
284 0.40229
285 0.40197
286 0.40165
287 0.40134
288 0.40103
289 0.40072
290 0.40042
291 0.40012
292 0.39982
293 0.39953
294 0.39924
295 0.39896
296 0.39868
297 0.39840
298 0.39812
299 0.39785
300 0.39758
301 0.39732
302 0.39705
303 0.39680
304 0.39654
305 0.39629
306 0.39604
307 0.39579
308 0.39555
309 0.39531
310 0.39507
311 0.39484
312 0.39461
313 0.39438
314 0.39416
315 0.39394
316 0.39372
317 0.39350
318 0.39329
319 0.39308
320 0.39288
321 0.39267
322 0.39247
323 0.39228
324 0.39208
325 0.39189
326 0.39170
327 0.39152
328 0.39134
329 0.39116
330 0.39098
331 0.39081
332 0.39064
333 0.39047
334 0.39030
335 0.39014
336 0.38998
337 0.38982
338 0.38967
339 0.38952
340 0.38937
341 0.38923
342 0.38908
343 0.38894
344 0.38881
345 0.38867
346 0.38854
347 0.38841
348 0.38829
349 0.38816
350 0.38804
351 0.38792
352 0.38781
353 0.38769
354 0.38758
355 0.38748
356 0.38737
357 0.38727
358 0.38717
359 0.38707
360 0.38698
361 0.38689
362 0.38680
363 0.38671
364 0.38663
365 0.38655
366 0.38647
367 0.38639
368 0.38632
369 0.38625
370 0.38618
371 0.38611
372 0.38605
373 0.38599
374 0.38593
375 0.38588
376 0.38582
377 0.38577
378 0.38572
379 0.38568
380 0.38564
381 0.38560
382 0.38556
383 0.38552
384 0.38549
385 0.38546
386 0.38543
387 0.38540
388 0.38538
389 0.38536
390 0.38534
391 0.38533
392 0.38531
393 0.38530
394 0.38529
395 0.38529
396 0.38528
397 0.38528
398 0.38528
399 0.38529
400 0.38529
401 0.38530
402 0.38531
403 0.38533
404 0.38534
405 0.38536
406 0.38538
407 0.38540
408 0.38543
409 0.38546
410 0.38549
411 0.38552
412 0.38556
413 0.38559
414 0.38563
415 0.38567
416 0.38572
417 0.38577
418 0.38581
419 0.38587
420 0.38592
421 0.38598
422 0.38604
423 0.38610
424 0.38616
425 0.38623
426 0.38629
427 0.38636
428 0.38644
429 0.38651
430 0.38659
431 0.38667
432 0.38675
433 0.38684
434 0.38692
435 0.38701
436 0.38711
437 0.38720
438 0.38730
439 0.38739
440 0.38750
441 0.38760
442 0.38771
443 0.38781
444 0.38792
445 0.38804
446 0.38815
447 0.38827
448 0.38839
449 0.38851
450 0.38864
451 0.38876
452 0.38889
453 0.38902
454 0.38916
455 0.38929
456 0.38943
457 0.38957
458 0.38972
459 0.38986
460 0.39001
461 0.39016
462 0.39031
463 0.39047
464 0.39063
465 0.39079
466 0.39095
467 0.39111
468 0.39128
469 0.39145
470 0.39162
471 0.39179
472 0.39197
473 0.39215
474 0.39233
475 0.39251
476 0.39270
477 0.39289
478 0.39308
479 0.39327
480 0.39346
481 0.39366
482 0.39386
483 0.39406
484 0.39427
485 0.39448
486 0.39469
487 0.39490
488 0.39511
489 0.39533
490 0.39555
491 0.39577
492 0.39599
493 0.39622
494 0.39645
495 0.39668
496 0.39691
497 0.39715
498 0.39738
499 0.39762
500 0.39787
501 0.39811
502 0.39836
503 0.39861
504 0.39886
505 0.39912
506 0.39938
507 0.39964
508 0.39990
509 0.40016
510 0.40043
511 0.40070
512 0.40097
513 0.40125
514 0.40152
515 0.40180
516 0.40209
517 0.40237
518 0.40266
519 0.40295
520 0.40324
521 0.40353
522 0.40383
523 0.40413
524 0.40443
525 0.40473
526 0.40504
527 0.40535
528 0.40566
529 0.40598
530 0.40629
531 0.40661
532 0.40694
533 0.40726
534 0.40759
535 0.40792
536 0.40825
537 0.40858
538 0.40892
539 0.40926
540 0.40960
541 0.40995
542 0.41029
543 0.41064
544 0.41100
545 0.41135
546 0.41171
547 0.41207
548 0.41243
549 0.41280
550 0.41317
551 0.41354
552 0.41391
553 0.41429
554 0.41467
555 0.41505
556 0.41543
557 0.41582
558 0.41621
559 0.41660
560 0.41699
561 0.41739
562 0.41779
563 0.41819
564 0.41860
565 0.41901
566 0.41942
567 0.41983
568 0.42025
569 0.42067
570 0.42109
571 0.42151
572 0.42194
573 0.42237
574 0.42280
575 0.42324
576 0.42368
577 0.42412
578 0.42456
579 0.42501
580 0.42546
581 0.42591
582 0.42636
583 0.42682
584 0.42728
585 0.42775
586 0.42821
587 0.42868
588 0.42915
589 0.42963
590 0.43011
591 0.43059
592 0.43107
593 0.43156
594 0.43205
595 0.43254
596 0.43303
597 0.43353
598 0.43403
599 0.43454
600 0.43504
601 0.43555
602 0.43607
603 0.43658
604 0.43710
605 0.43762
606 0.43815
607 0.43868
608 0.43921
609 0.43974
610 0.44028
611 0.44082
612 0.44136
613 0.44191
614 0.44246
615 0.44301
616 0.44356
617 0.44412
618 0.44468
619 0.44525
620 0.44582
621 0.44639
622 0.44696
623 0.44754
624 0.44812
625 0.44870
626 0.44929
627 0.44988
628 0.45047
629 0.45107
630 0.45167
631 0.45227
632 0.45288
633 0.45348
634 0.45410
635 0.45471
636 0.45533
637 0.45595
638 0.45658
639 0.45721
640 0.45784
641 0.45848
642 0.45912
643 0.45976
644 0.46040
645 0.46105
646 0.46171
647 0.46236
648 0.46302
649 0.46368
650 0.46435
651 0.46502
652 0.46569
653 0.46637
654 0.46705
655 0.46773
656 0.46842
657 0.46911
658 0.46981
659 0.47050
660 0.47121
661 0.47191
662 0.47262
663 0.47333
664 0.47405
665 0.47477
666 0.47549
667 0.47622
668 0.47695
669 0.47768
670 0.47842
671 0.47916
672 0.47990
673 0.48065
674 0.48140
675 0.48216
676 0.48292
677 0.48368
678 0.48445
679 0.48522
680 0.48600
681 0.48678
682 0.48756
683 0.48835
684 0.48914
685 0.48993
686 0.49073
687 0.49153
688 0.49234
689 0.49315
690 0.49396
691 0.49478
692 0.49560
693 0.49643
694 0.49726
695 0.49809
696 0.49893
697 0.49977
698 0.50062
699 0.50147
700 0.50233
701 0.50319
702 0.50405
703 0.50492
704 0.50579
705 0.50666
706 0.50754
707 0.50843
708 0.50931
709 0.51021
710 0.51110
711 0.51200
712 0.51291
713 0.51382
714 0.51473
715 0.51565
716 0.51657
717 0.51718
718 0.51811
719 0.51905
720 0.51999
721 0.52093
722 0.52189
723 0.52284
724 0.52380
725 0.52477
726 0.52575
727 0.52672
728 0.52771
729 0.52870
730 0.52970
731 0.53070
732 0.53171
733 0.53272
734 0.53374
735 0.53477
736 0.53581
737 0.53685
738 0.53789
739 0.53894
740 0.54000
741 0.54107
742 0.54214
743 0.54322
744 0.54431
745 0.54540
746 0.54650
747 0.54761
748 0.54872
749 0.54984
750 0.55096
751 0.55209
752 0.55323
753 0.55438
754 0.55554
755 0.55670
756 0.55787
757 0.55905
758 0.56024
759 0.56143
760 0.56263
761 0.56384
762 0.56506
763 0.56629
764 0.56752
765 0.56875
766 0.56999
767 0.57124
768 0.57250
769 0.57376
770 0.57503
771 0.57632
772 0.57761
773 0.57890
774 0.58021
775 0.58153
776 0.58285
777 0.58418
778 0.58552
779 0.58688
780 0.58823
781 0.58960
782 0.59098
783 0.59237
784 0.59376
785 0.59517
786 0.59658
787 0.59801
788 0.59944
789 0.60088
790 0.60233
791 0.60379
792 0.60527
793 0.60675
794 0.60824
795 0.60974
796 0.61125
797 0.61277
798 0.61430
799 0.61584
800 0.61739
801 0.61895
802 0.62053
803 0.62211
804 0.62370
805 0.62530
806 0.62692
807 0.62852
808 0.63013
809 0.63175
810 0.63338
811 0.63503
812 0.63668
813 0.63835
814 0.64002
815 0.64171
816 0.64341
817 0.64512
818 0.64684
819 0.64857
820 0.65032
821 0.65207
822 0.65384
823 0.65562
824 0.65741
825 0.65922
826 0.66103
827 0.66286
828 0.66470
829 0.66655
830 0.66841
831 0.67029
832 0.67218
833 0.67408
834 0.67599
835 0.67792
836 0.67986
837 0.68181
838 0.68378
839 0.68575
840 0.68775
841 0.68975
842 0.69177
843 0.69380
844 0.69585
845 0.69791
846 0.69998
847 0.70207
848 0.70417
849 0.70629
850 0.70842
851 0.71056
852 0.71272
853 0.71490
854 0.71708
855 0.71929
856 0.72150
857 0.72374
858 0.72599
859 0.72825
860 0.73053
861 0.73282
862 0.73513
863 0.73746
864 0.73980
865 0.74216
866 0.74453
867 0.74692
868 0.74933
869 0.75175
870 0.75419
871 0.75665
872 0.75912
873 0.76161
874 0.76412
875 0.76664
876 0.76918
877 0.77174
878 0.77432
879 0.77691
880 0.77952
881 0.78215
882 0.78480
883 0.78747
884 0.79016
885 0.79286
886 0.79558
887 0.79832
888 0.80109
889 0.80387
890 0.80667
891 0.80948
892 0.81232
893 0.81518
894 0.81806
895 0.82096
896 0.82388
897 0.82682
898 0.82978
899 0.83276
900 0.83576
901 0.83879
902 0.84183
903 0.84490
904 0.84798
905 0.85109
906 0.85422
907 0.85738
908 0.86055
909 0.86375
910 0.86698
911 0.87022
912 0.86867
913 0.87926
914 0.88624
915 0.89103
916 0.89374
917 0.89513
918 0.89666
919 0.89839
920 0.90037
921 0.90266
922 0.90240
923 0.90215
924 0.90488
925 0.90464
926 0.90439
927 0.90775
928 0.90751
929 0.90727
930 0.90704
931 0.91133
932 0.91111
933 0.91088
934 0.91065
935 0.91043
936 0.91020
937 0.90997
938 0.91577
939 0.91556
940 0.91535
941 0.91515
942 0.91494
943 0.91473
944 0.91452
945 0.91431
946 0.91410
947 0.91389
948 0.91368
949 0.91347
950 0.92192
951 0.92174
952 0.92156
953 0.92137
954 0.92119
955 0.92101
956 0.92074
957 0.92045
958 0.92016
959 0.91986
960 0.91957
961 0.91928
962 0.91899
963 0.91869
964 0.91840
965 0.91810
966 0.91781
967 0.91751
968 0.91721
969 0.91691
970 0.91661
971 0.91631
972 0.91601
973 0.92981
974 0.92955
975 0.92930
976 0.92904
977 0.92879
978 0.92853
979 0.92827
980 0.92801
981 0.92775
982 0.92749
983 0.92723
984 0.92697
985 0.92671
986 0.92645
987 0.92619
988 0.92592
989 0.92566
990 0.92539
991 0.92513
992 0.92486
993 0.92460
994 0.92433
995 0.92406
996 0.92379
997 0.92352
998 0.92325
999 0.92298
1000 0.92271
1001 0.92244
1002 0.92217
1003 0.92189
1004 0.92162
1005 0.92135
1006 0.92107
1007 0.92080
1008 0.92052
1009 0.92024
1010 0.91996
1011 0.91969
1012 0.91941
1013 0.91913
1014 0.91885
1015 0.91857
1016 0.91828
1017 0.91800
1018 0.91772
1019 0.91744
1020 0.91715
1021 0.91687
1022 0.91658
1023 0.91630
1024 0.91601
1025 0.91572
1026 0.94401
1027 0.94381
1028 0.94362
1029 0.94342
1030 0.94323
1031 0.94303
1032 0.94283
1033 0.94263
1034 0.94243
1035 0.94224
1036 0.94204
1037 0.94184
1038 0.94164
1039 0.94144
1040 0.94124
1041 0.94103
1042 0.94083
1043 0.94063
1044 0.94043
1045 0.94022
1046 0.94002
1047 0.93981
1048 0.93961
1049 0.93940
1050 0.93920
1051 0.93899
1052 0.93878
1053 0.93858
1054 0.93837
1055 0.93816
1056 0.93795
1057 0.93774
1058 0.93753
1059 0.93732
1060 0.93711
1061 0.93690
1062 0.93669
1063 0.93648
1064 0.93626
1065 0.93605
1066 0.93584
1067 0.93562
1068 0.93541
1069 0.93519
1070 0.93498
1071 0.93476
1072 0.93454
1073 0.93433
1074 0.93411
1075 0.93389
1076 0.93367
1077 0.93345
1078 0.93323
1079 0.93301
1080 0.93279
1081 0.93257
1082 0.93235
1083 0.93213
1084 0.93191
1085 0.93168
1086 0.93146
1087 0.93124
1088 0.93101
1089 0.93079
1090 0.93056
1091 0.93033
1092 0.93011
1093 0.92988
1094 0.92965
1095 0.92942
1096 0.92920
1097 0.92897
1098 0.92874
1099 0.92851
1100 0.92828
1101 0.92804
1102 0.92781
1103 0.92758
1104 0.92735
1105 0.92712
1106 0.92688
1107 0.92665
1108 0.92641
1109 0.92618
1110 0.92594
1111 0.92571
1112 0.92547
1113 0.92523
1114 0.92499
1115 0.92476
1116 0.92452
1117 0.92428
1118 0.92404
1119 0.92380
1120 0.92356
1121 0.92331
1122 0.92307
1123 0.92283
1124 0.92259
1125 0.92234
1126 0.92210
1127 0.92186
1128 0.92161
1129 0.92137
1130 0.92112
1131 0.92087
1132 0.92063
1133 0.92038
1134 0.92013
1135 0.91988
1136 0.91963
1137 0.91938
1138 0.91913
1139 0.91888
1140 0.91863
1141 0.91838
1142 0.91813
1143 0.91787
1144 0.91762
1145 0.91737
1146 0.91711
1147 0.91686
1148 0.91660
1149 0.91635
1150 0.91609
1151 0.91583
1152 0.91557
1153 0.91532
1154 0.91506
1155 0.91480
1156 0.91454
1157 0.91428
1158 0.91402
1159 0.91376
1160 0.91349
1161 0.91323
1162 0.91297
1163 0.91271
1164 0.91244
1165 0.91218
1166 0.91191
1167 0.91165
1168 0.91138
1169 0.91111
1170 0.91085
1171 0.91058
1172 0.91031
1173 0.91004
1174 0.90977
1175 0.90950
1176 0.90923
1177 0.90896
1178 0.90869
1179 0.90842
1180 0.90815
1181 0.90787
1182 0.90760
1183 0.90732
1184 0.90705
1185 0.90677
1186 0.90650
1187 0.90622
1188 0.90595
1189 0.90567
1190 0.90539
1191 0.90511
1192 0.90483
1193 0.90455
1194 0.90427
1195 0.90399
1196 0.90371
1197 0.90343
1198 0.90315
1199 0.90286
1200 0.90258
1201 0.90230
1202 0.90201
1203 0.90173
1204 0.90144
1205 0.90116
1206 0.90087
1207 0.90058
1208 0.90029
1209 0.90001
1210 0.89972
1211 0.89943
1212 0.89914
1213 0.89885
1214 0.89856
1215 0.89826
1216 1.00000
