17 1.28917
18 1.25427
19 1.22260
20 1.19371
21 1.16721
22 1.14279
23 1.12021
24 1.09924
25 1.07970
26 1.06144
27 1.04433
28 1.02825
29 1.01311
30 0.99881
31 0.98528
32 0.97245
33 0.96027
34 0.94868
35 0.93764
36 0.92710
37 0.91703
38 0.90739
39 0.89816
40 0.88930
41 0.88079
42 0.87261
43 0.86473
44 0.85714
45 0.84983
46 0.84276
47 0.83594
48 0.82935
49 0.82296
50 0.81678
51 0.81080
52 0.80499
53 0.79936
54 0.79389
55 0.78858
56 0.78341
57 0.77839
58 0.77350
59 0.76874
60 0.76411
61 0.75959
62 0.75519
63 0.75089
64 0.74670
65 0.74261
66 0.73862
67 0.73471
68 0.73090
69 0.72716
70 0.72352
71 0.71994
72 0.71645
73 0.71303
74 0.70968
75 0.70640
76 0.70318
77 0.70003
78 0.69693
79 0.69390
80 0.69093
81 0.68801
82 0.68514
83 0.68233
84 0.67957
85 0.67686
86 0.67419
87 0.67157
88 0.66900
89 0.66647
90 0.66398
91 0.66154
92 0.65913
93 0.65676
94 0.65443
95 0.65214
96 0.64989
97 0.64766
98 0.64548
99 0.64332
100 0.64120
101 0.63911
102 0.63705
103 0.63502
104 0.63303
105 0.63105
106 0.62911
107 0.62720
108 0.62531
109 0.62345
110 0.62161
111 0.61980
112 0.61801
113 0.61625
114 0.61451
115 0.61279
116 0.61109
117 0.60942
118 0.60777
119 0.60614
120 0.60453
121 0.60294
122 0.60137
123 0.59982
124 0.59829
125 0.59678
126 0.59528
127 0.59381
128 0.59235
129 0.59091
130 0.58948
131 0.58807
132 0.58668
133 0.58531
134 0.58395
135 0.58260
136 0.58127
137 0.57996
138 0.57866
139 0.57738
140 0.57611
141 0.57485
142 0.57361
143 0.57238
144 0.57116
145 0.56996
146 0.56877
147 0.56760
148 0.56643
149 0.56528
150 0.56414
151 0.56301
152 0.56190
153 0.56079
154 0.55970
155 0.55862
156 0.55755
157 0.55649
158 0.55544
159 0.55440
160 0.55337
161 0.55236
162 0.55135
163 0.55035
164 0.54936
165 0.54839
166 0.54742
167 0.54646
168 0.54551
169 0.54457
170 0.54364
171 0.54272
172 0.54181
173 0.54091
174 0.54001
175 0.53912
176 0.53825
177 0.53738
178 0.53652
179 0.53566
180 0.53482
181 0.53398
182 0.53315
183 0.53233
184 0.53152
185 0.53071
186 0.52992
187 0.52912
188 0.52834
189 0.52757
190 0.52680
191 0.52604
192 0.52528
193 0.52453
194 0.52379
195 0.52306
196 0.52233
197 0.52161
198 0.52090
199 0.52019
200 0.51949
201 0.51880
202 0.51811
203 0.51743
204 0.51675
205 0.51608
206 0.51542
207 0.51476
208 0.51411
209 0.51347
210 0.51283
211 0.51219
212 0.51157
213 0.51095
214 0.51033
215 0.50972
216 0.50911
217 0.50852
218 0.50792
219 0.50733
220 0.50675
221 0.50617
222 0.50560
223 0.50503
224 0.50447
225 0.50392
226 0.50336
227 0.50282
228 0.50228
229 0.50174
230 0.50121
231 0.50068
232 0.50016
233 0.49964
234 0.49913
235 0.49862
236 0.49812
237 0.49762
238 0.49713
239 0.49664
240 0.49616
241 0.49568
242 0.49520
243 0.49473
244 0.49427
245 0.49381
246 0.49335
247 0.49290
248 0.49245
249 0.49200
250 0.49156
251 0.49113
252 0.49070
253 0.49027
254 0.48985
255 0.48943
256 0.48901
257 0.48860
258 0.48820
259 0.48779
260 0.48740
261 0.48700
262 0.48661
263 0.48622
264 0.48584
265 0.48546
266 0.48509
267 0.48472
268 0.48435
269 0.48398
270 0.48363
271 0.48327
272 0.48292
273 0.48257
274 0.48222
275 0.48188
276 0.48154
277 0.48121
278 0.48088
279 0.48055
280 0.48023
281 0.47991
282 0.47959
283 0.47928
284 0.47897
285 0.47867
286 0.47836
287 0.47807
288 0.47777
289 0.47748
290 0.47719
291 0.47690
292 0.47662
293 0.47634
294 0.47607
295 0.47580
296 0.47553
297 0.47526
298 0.47500
299 0.47474
300 0.47449
301 0.47423
302 0.47398
303 0.47374
304 0.47350
305 0.47326
306 0.47302
307 0.47279
308 0.47256
309 0.47233
310 0.47211
311 0.47188
312 0.47167
313 0.47145
314 0.47124
315 0.47103
316 0.47083
317 0.47062
318 0.47042
319 0.47023
320 0.47003
321 0.46984
322 0.46965
323 0.46947
324 0.46929
325 0.46911
326 0.46893
327 0.46876
328 0.46859
329 0.46842
330 0.46826
331 0.46810
332 0.46794
333 0.46778
334 0.46763
335 0.46748
336 0.46733
337 0.46719
338 0.46704
339 0.46691
340 0.46677
341 0.46664
342 0.46651
343 0.46638
344 0.46625
345 0.46613
346 0.46601
347 0.46589
348 0.46578
349 0.46567
350 0.46556
351 0.46545
352 0.46535
353 0.46525
354 0.46515
355 0.46506
356 0.46496
357 0.46487
358 0.46479
359 0.46470
360 0.46462
361 0.46454
362 0.46446
363 0.46439
364 0.46432
365 0.46425
366 0.46418
367 0.46412
368 0.46406
369 0.46400
370 0.46394
371 0.46389
372 0.46384
373 0.46379
374 0.46375
375 0.46370
376 0.46366
377 0.46363
378 0.46359
379 0.46356
380 0.46353
381 0.46350
382 0.46347
383 0.46345
384 0.46343
385 0.46341
386 0.46340
387 0.46339
388 0.46338
389 0.46337
390 0.46336
391 0.46336
392 0.46336
393 0.46336
394 0.46337
395 0.46338
396 0.46339
397 0.46340
398 0.46341
399 0.46343
400 0.46345
401 0.46347
402 0.46350
403 0.46352
404 0.46355
405 0.46359
406 0.46362
407 0.46366
408 0.46370
409 0.46374
410 0.46378
411 0.46383
412 0.46388
413 0.46393
414 0.46398
415 0.46404
416 0.46410
417 0.46416
418 0.46422
419 0.46429
420 0.46436
421 0.46443
422 0.46450
423 0.46458
424 0.46466
425 0.46474
426 0.46482
427 0.46491
428 0.46499
429 0.46509
430 0.46518
431 0.46527
432 0.46537
433 0.46547
434 0.46557
435 0.46568
436 0.46578
437 0.46589
438 0.46601
439 0.46612
440 0.46624
441 0.46636
442 0.46648
443 0.46660
444 0.46673
445 0.46686
446 0.46699
447 0.46712
448 0.46726
449 0.46740
450 0.46754
451 0.46768
452 0.46783
453 0.46797
454 0.46813
455 0.46828
456 0.46843
457 0.46859
458 0.46875
459 0.46891
460 0.46908
461 0.46925
462 0.46942
463 0.46959
464 0.46976
465 0.46994
466 0.47012
467 0.47030
468 0.47048
469 0.47067
470 0.47086
471 0.47105
472 0.47124
473 0.47144
474 0.47164
475 0.47184
476 0.47204
477 0.47225
478 0.47246
479 0.47267
480 0.47288
481 0.47310
482 0.47332
483 0.47354
484 0.47376
485 0.47398
486 0.47421
487 0.47444
488 0.47467
489 0.47491
490 0.47515
491 0.47539
492 0.47563
493 0.47587
494 0.47612
495 0.47637
496 0.47662
497 0.47688
498 0.47714
499 0.47740
500 0.47766
501 0.47792
502 0.47819
503 0.47846
504 0.47873
505 0.47900
506 0.47928
507 0.47956
508 0.47984
509 0.48013
510 0.48041
511 0.48070
512 0.48100
513 0.48129
514 0.48159
515 0.48189
516 0.48219
517 0.48249
518 0.48280
519 0.48311
520 0.48342
521 0.48374
522 0.48405
523 0.48437
524 0.48469
525 0.48502
526 0.48535
527 0.48568
528 0.48601
529 0.48634
530 0.48668
531 0.48702
532 0.48736
533 0.48771
534 0.48806
535 0.48841
536 0.48876
537 0.48912
538 0.48947
539 0.48984
540 0.49020
541 0.49056
542 0.49093
543 0.49130
544 0.49168
545 0.49205
546 0.49243
547 0.49282
548 0.49320
549 0.49359
550 0.49398
551 0.49437
552 0.49476
553 0.49516
554 0.49556
555 0.49596
556 0.49637
557 0.49678
558 0.49719
559 0.49760
560 0.49802
561 0.49844
562 0.49886
563 0.49929
564 0.49971
565 0.50014
566 0.50058
567 0.50101
568 0.50145
569 0.50189
570 0.50233
571 0.50278
572 0.50323
573 0.50368
574 0.50414
575 0.50460
576 0.50506
577 0.50552
578 0.50599
579 0.50645
580 0.50693
581 0.50740
582 0.50788
583 0.50836
584 0.50884
585 0.50933
586 0.50982
587 0.51031
588 0.51080
589 0.51130
590 0.51180
591 0.51230
592 0.51281
593 0.51332
594 0.51383
595 0.51434
596 0.51486
597 0.51538
598 0.51591
599 0.51643
600 0.51696
601 0.51749
602 0.51803
603 0.51857
604 0.51911
605 0.51965
606 0.52020
607 0.52075
608 0.52131
609 0.52186
610 0.52242
611 0.52298
612 0.52355
613 0.52412
614 0.52469
615 0.52526
616 0.52584
617 0.52642
618 0.52701
619 0.52759
620 0.52818
621 0.52878
622 0.52937
623 0.52997
624 0.53058
625 0.53118
626 0.53179
627 0.53240
628 0.53302
629 0.53364
630 0.53426
631 0.53488
632 0.53551
633 0.53614
634 0.53678
635 0.53741
636 0.53806
637 0.53870
638 0.53935
639 0.54000
640 0.54065
641 0.54131
642 0.54197
643 0.54264
644 0.54330
645 0.54397
646 0.54465
647 0.54533
648 0.54601
649 0.54669
650 0.54738
651 0.54807
652 0.54876
653 0.54946
654 0.55016
655 0.55087
656 0.55158
657 0.55229
658 0.55300
659 0.55372
660 0.55444
661 0.55517
662 0.55590
663 0.55663
664 0.55737
665 0.55811
666 0.55885
667 0.55960
668 0.56035
669 0.56110
670 0.56186
671 0.56262
672 0.56338
673 0.56415
674 0.56493
675 0.56570
676 0.56648
677 0.56726
678 0.56805
679 0.56884
680 0.56964
681 0.57043
682 0.57124
683 0.57204
684 0.57285
685 0.57366
686 0.57448
687 0.57530
688 0.57613
689 0.57695
690 0.57779
691 0.57862
692 0.57946
693 0.58031
694 0.58115
695 0.58200
696 0.58286
697 0.58372
698 0.58458
699 0.58545
700 0.58632
701 0.58720
702 0.58808
703 0.58896
704 0.58985
705 0.59074
706 0.59163
707 0.59253
708 0.59344
709 0.59435
710 0.59526
711 0.59617
712 0.59709
713 0.59802
714 0.59895
715 0.59988
716 0.60082
717 0.60176
718 0.60270
719 0.60365
720 0.60461
721 0.60556
722 0.60653
723 0.60749
724 0.60846
725 0.60944
726 0.61042
727 0.61140
728 0.61239
729 0.61338
730 0.61438
731 0.61538
732 0.61639
733 0.61740
734 0.61841
735 0.61943
736 0.62046
737 0.62149
738 0.62252
739 0.62356
740 0.62460
741 0.62565
742 0.62670
743 0.62776
744 0.62882
745 0.62988
746 0.63095
747 0.63203
748 0.63311
749 0.63419
750 0.63528
751 0.63637
752 0.63747
753 0.63858
754 0.63969
755 0.64080
756 0.64192
757 0.64304
758 0.64417
759 0.64530
760 0.64644
761 0.64758
762 0.64873
763 0.64988
764 0.65104
765 0.65220
766 0.65337
767 0.65454
768 0.65572
769 0.65690
770 0.65809
771 0.65928
772 0.66048
773 0.66169
774 0.66290
775 0.66411
776 0.66533
777 0.66655
778 0.66778
779 0.66902
780 0.67026
781 0.67151
782 0.67276
783 0.67401
784 0.67528
785 0.67654
786 0.67782
787 0.67910
788 0.68038
789 0.68167
790 0.68297
791 0.68427
792 0.68557
793 0.68688
794 0.68820
795 0.68953
796 0.69085
797 0.69219
798 0.69353
799 0.69488
800 0.69623
801 0.69759
802 0.69895
803 0.69989
804 0.70126
805 0.70264
806 0.70403
807 0.70542
808 0.70683
809 0.70823
810 0.70965
811 0.71107
812 0.71250
813 0.71393
814 0.71538
815 0.71683
816 0.71829
817 0.71975
818 0.72123
819 0.72271
820 0.72420
821 0.72570
822 0.72720
823 0.72872
824 0.73024
825 0.73177
826 0.73331
827 0.73485
828 0.73640
829 0.73797
830 0.73954
831 0.74112
832 0.74271
833 0.74431
834 0.74591
835 0.74753
836 0.74915
837 0.75078
838 0.75242
839 0.75407
840 0.75572
841 0.75739
842 0.75906
843 0.76075
844 0.76244
845 0.76415
846 0.76586
847 0.76759
848 0.76932
849 0.77107
850 0.77282
851 0.77459
852 0.77636
853 0.77815
854 0.77994
855 0.78175
856 0.78356
857 0.78537
858 0.78720
859 0.78903
860 0.79088
861 0.79273
862 0.79460
863 0.79648
864 0.79837
865 0.80027
866 0.80218
867 0.80410
868 0.80603
869 0.80797
870 0.80993
871 0.81190
872 0.81387
873 0.81586
874 0.81786
875 0.81988
876 0.82190
877 0.82394
878 0.82598
879 0.82804
880 0.83012
881 0.83220
882 0.83430
883 0.83641
884 0.83853
885 0.84066
886 0.84281
887 0.84496
888 0.84714
889 0.84932
890 0.85152
891 0.85373
892 0.85595
893 0.85818
894 0.86043
895 0.86270
896 0.86497
897 0.86726
898 0.86956
899 0.87188
900 0.87421
901 0.87655
902 0.87891
903 0.88127
904 0.88363
905 0.88599
906 0.88838
907 0.89078
908 0.89319
909 0.89561
910 0.89805
911 0.90051
912 0.89905
913 0.90758
914 0.91310
915 0.91681
916 0.91887
917 0.91992
918 0.92108
919 0.92236
920 0.92381
921 0.92548
922 0.92530
923 0.92511
924 0.92708
925 0.92690
926 0.92672
927 0.92911
928 0.92894
929 0.92877
930 0.92859
931 0.93161
932 0.93145
933 0.93128
934 0.93112
935 0.93095
936 0.93079
937 0.93063
938 0.93465
939 0.93450
940 0.93435
941 0.93420
942 0.93404
943 0.93389
944 0.93374
945 0.93359
946 0.93343
947 0.93328
948 0.93313
949 0.93297
950 0.93878
951 0.93864
952 0.93851
953 0.93838
954 0.93824
955 0.93811
956 0.93797
957 0.93784
958 0.93770
959 0.93756
960 0.93743
961 0.93729
962 0.93716
963 0.93702
964 0.93688
965 0.93674
966 0.93661
967 0.93647
968 0.93633
969 0.93619
970 0.93606
971 0.93592
972 0.93578
973 0.94524
974 0.94513
975 0.94503
976 0.94492
977 0.94481
978 0.94471
979 0.94460
980 0.94450
981 0.94439
982 0.94428
983 0.94417
984 0.94407
985 0.94396
986 0.94385
987 0.94374
988 0.94364
989 0.94353
990 0.94342
991 0.94331
992 0.94320
993 0.94309
994 0.94299
995 0.94288
996 0.94277
997 0.94266
998 0.94255
999 0.94244
1000 0.94233
1001 0.94222
1002 0.94211
1003 0.94200
1004 0.94189
1005 0.94178
1006 0.94167
1007 0.94155
1008 0.94144
1009 0.94133
1010 0.94122
1011 0.94111
1012 0.94100
1013 0.94088
1014 0.94077
1015 0.94066
1016 0.94055
1017 0.94043
1018 0.94032
1019 0.94021
1020 0.94010
1021 0.93998
1022 0.93987
1023 0.93976
1024 0.93964
1025 0.93953
1026 0.95875
1027 0.95871
1028 0.95866
1029 0.95861
1030 0.95856
1031 0.95851
1032 0.95847
1033 0.95842
1034 0.95837
1035 0.95832
1036 0.95828
1037 0.95823
1038 0.95818
1039 0.95813
1040 0.95808
1041 0.95804
1042 0.95799
1043 0.95794
1044 0.95789
1045 0.95784
1046 0.95780
1047 0.95775
1048 0.95770
1049 0.95765
1050 0.95760
1051 0.95756
1052 0.95751
1053 0.95746
1054 0.95741
1055 0.95737
1056 0.95732
1057 0.95727
1058 0.95722
1059 0.95717
1060 0.95712
1061 0.95708
1062 0.95703
1063 0.95698
1064 0.95693
1065 0.95688
1066 0.95684
1067 0.95679
1068 0.95674
1069 0.95669
1070 0.95663
1071 0.95648
1072 0.95633
1073 0.95619
1074 0.95604
1075 0.95589
1076 0.95575
1077 0.95560
1078 0.95545
1079 0.95530
1080 0.95515
1081 0.95500
1082 0.95486
1083 0.95471
1084 0.95456
1085 0.95440
1086 0.95425
1087 0.95410
1088 0.95395
1089 0.95380
1090 0.95365
1091 0.95349
1092 0.95334
1093 0.95319
1094 0.95303
1095 0.95288
1096 0.95273
1097 0.95257
1098 0.95242
1099 0.95226
1100 0.95211
1101 0.95195
1102 0.95179
1103 0.95164
1104 0.95148
1105 0.95132
1106 0.95116
1107 0.95100
1108 0.95085
1109 0.95069
1110 0.95053
1111 0.95037
1112 0.95021
1113 0.95005
1114 0.94989
1115 0.94973
1116 0.94956
1117 0.94940
1118 0.94924
1119 0.94908
1120 0.94891
1121 0.94875
1122 0.94859
1123 0.94842
1124 0.94826
1125 0.94809
1126 0.94793
1127 0.94776
1128 0.94760
1129 0.94743
1130 0.94726
1131 0.94710
1132 0.94693
1133 0.94676
1134 0.94659
1135 0.94643
1136 0.94626
1137 0.94609
1138 0.94592
1139 0.94575
1140 0.94558
1141 0.94541
1142 0.94524
1143 0.94507
1144 0.94489
1145 0.94472
1146 0.94455
1147 0.94438
1148 0.94420
1149 0.94403
1150 0.94385
1151 0.94368
1152 0.94351
1153 0.94333
1154 0.94315
1155 0.94298
1156 0.94280
1157 0.94263
1158 0.94245
1159 0.94227
1160 0.94209
1161 0.94192
1162 0.94174
1163 0.94156
1164 0.94138
1165 0.94120
1166 0.94102
1167 0.94084
1168 0.94066
1169 0.94048
1170 0.94030
1171 0.94011
1172 0.93993
1173 0.93975
1174 0.93956
1175 0.93938
1176 0.93920
1177 0.93901
1178 0.93883
1179 0.93864
1180 0.93846
1181 0.93827
1182 0.93809
1183 0.93790
1184 0.93771
1185 0.93753
1186 0.93734
1187 0.93715
1188 0.93696
1189 0.93677
1190 0.93658
1191 0.93639
1192 0.93620
1193 0.93601
1194 0.93582
1195 0.93563
1196 0.93544
1197 0.93525
1198 0.93505
1199 0.93486
1200 0.93467
1201 0.93447
1202 0.93428
1203 0.93409
1204 0.93389
1205 0.93370
1206 0.93350
1207 0.93330
1208 0.93311
1209 0.93291
1210 0.93271
1211 0.93252
1212 0.93232
1213 0.93212
1214 0.93192
1215 0.93172
1216 1.00000
