17 1.99297
18 1.85617
19 1.73722
20 1.63292
21 1.54077
22 1.45881
23 1.38547
24 1.31947
25 1.25979
26 1.20557
27 1.15609
28 1.11078
29 1.06913
30 1.03072
31 0.99519
32 0.96223
33 0.93157
34 0.90297
35 0.87625
36 0.85121
37 0.82771
38 0.80560
39 0.78478
40 0.76512
41 0.74653
42 0.72893
43 0.71224
44 0.69640
45 0.68133
46 0.66698
47 0.65330
48 0.64025
49 0.62778
50 0.61585
51 0.60443
52 0.59349
53 0.58299
54 0.57291
55 0.56323
56 0.55392
57 0.54496
58 0.53633
59 0.52801
60 0.51998
61 0.51224
62 0.50476
63 0.49753
64 0.49054
65 0.48378
66 0.47723
67 0.47088
68 0.46474
69 0.45877
70 0.45299
71 0.44738
72 0.44192
73 0.43663
74 0.43148
75 0.42647
76 0.42160
77 0.41686
78 0.41225
79 0.40776
80 0.40338
81 0.39911
82 0.39495
83 0.39089
84 0.38693
85 0.38307
86 0.37929
87 0.37561
88 0.37201
89 0.36849
90 0.36505
91 0.36169
92 0.35840
93 0.35519
94 0.35204
95 0.34896
96 0.34594
97 0.34299
98 0.34010
99 0.33726
100 0.33449
101 0.33176
102 0.32910
103 0.32648
104 0.32391
105 0.32140
106 0.31893
107 0.31650
108 0.31412
109 0.31179
110 0.30950
111 0.30724
112 0.30503
113 0.30286
114 0.30072
115 0.29862
116 0.29656
117 0.29453
118 0.29254
119 0.29058
120 0.28865
121 0.28675
122 0.28489
123 0.28305
124 0.28125
125 0.27947
126 0.27772
127 0.27599
128 0.27430
129 0.27263
130 0.27098
131 0.26936
132 0.26776
133 0.26619
134 0.26464
135 0.26312
136 0.26161
137 0.26013
138 0.25867
139 0.25722
140 0.25580
141 0.25440
142 0.25302
143 0.25166
144 0.25031
145 0.24899
146 0.24768
147 0.24639
148 0.24511
149 0.24386
150 0.24262
151 0.24139
152 0.24019
153 0.23899
154 0.23782
155 0.23665
156 0.23550
157 0.23437
158 0.23325
159 0.23215
160 0.23106
161 0.22998
162 0.22891
163 0.22786
164 0.22682
165 0.22579
166 0.22478
167 0.22377
168 0.22278
169 0.22180
170 0.22083
171 0.21988
172 0.21893
173 0.21800
174 0.21707
175 0.21616
176 0.21525
177 0.21436
178 0.21348
179 0.21260
180 0.21174
181 0.21088
182 0.21004
183 0.20920
184 0.20837
185 0.20756
186 0.20675
187 0.20595
188 0.20515
189 0.20437
190 0.20359
191 0.20283
192 0.20207
193 0.20132
194 0.20057
195 0.19984
196 0.19911
197 0.19839
198 0.19767
199 0.19697
200 0.19627
201 0.19557
202 0.19489
203 0.19421
204 0.19354
205 0.19287
206 0.19221
207 0.19156
208 0.19092
209 0.19028
210 0.18964
211 0.18902
212 0.18840
213 0.18778
214 0.18717
215 0.18657
216 0.18597
217 0.18538
218 0.18479
219 0.18421
220 0.18364
221 0.18307
222 0.18250
223 0.18194
224 0.18139
225 0.18084
226 0.18029
227 0.17976
228 0.17922
229 0.17869
230 0.17817
231 0.17765
232 0.17713
233 0.17662
234 0.17612
235 0.17562
236 0.17512
237 0.17463
238 0.17414
239 0.17366
240 0.17318
241 0.17270
242 0.17223
243 0.17177
244 0.17130
245 0.17085
246 0.17039
247 0.16994
248 0.16950
249 0.16905
250 0.16861
251 0.16818
252 0.16775
253 0.16732
254 0.16690
255 0.16648
256 0.16606
257 0.16565
258 0.16524
259 0.16483
260 0.16443
261 0.16403
262 0.16364
263 0.16325
264 0.16286
265 0.16247
266 0.16209
267 0.16171
268 0.16133
269 0.16096
270 0.16059
271 0.16023
272 0.15986
273 0.15950
274 0.15915
275 0.15879
276 0.15844
277 0.15809
278 0.15775
279 0.15740
280 0.15707
281 0.15673
282 0.15639
283 0.15606
284 0.15573
285 0.15541
286 0.15509
287 0.15477
288 0.15445
289 0.15413
290 0.15382
291 0.15351
292 0.15320
293 0.15290
294 0.15260
295 0.15230
296 0.15200
297 0.15170
298 0.15141
299 0.15112
300 0.15083
301 0.15055
302 0.15027
303 0.14999
304 0.14971
305 0.14943
306 0.14916
307 0.14889
308 0.14862
309 0.14835
310 0.14809
311 0.14782
312 0.14756
313 0.14731
314 0.14705
315 0.14680
316 0.14655
317 0.14630
318 0.14605
319 0.14580
320 0.14556
321 0.14532
322 0.14508
323 0.14484
324 0.14461
325 0.14437
326 0.14414
327 0.14391
328 0.14368
329 0.14346
330 0.14323
331 0.14301
332 0.14279
333 0.14257
334 0.14236
335 0.14214
336 0.14193
337 0.14172
338 0.14151
339 0.14130
340 0.14110
341 0.14090
342 0.14069
343 0.14049
344 0.14029
345 0.14010
346 0.13990
347 0.13971
348 0.13952
349 0.13933
350 0.13914
351 0.13895
352 0.13877
353 0.13858
354 0.13840
355 0.13822
356 0.13804
357 0.13787
358 0.13769
359 0.13752
360 0.13735
361 0.13718
362 0.13701
363 0.13684
364 0.13667
365 0.13651
366 0.13634
367 0.13618
368 0.13602
369 0.13586
370 0.13571
371 0.13555
372 0.13540
373 0.13525
374 0.13509
375 0.13494
376 0.13480
377 0.13465
378 0.13450
379 0.13436
380 0.13422
381 0.13407
382 0.13393
383 0.13380
384 0.13366
385 0.13352
386 0.13339
387 0.13326
388 0.13312
389 0.13299
390 0.13286
391 0.13274
392 0.13261
393 0.13248
394 0.13236
395 0.13224
396 0.13212
397 0.13200
398 0.13188
399 0.13176
400 0.13164
401 0.13153
402 0.13141
403 0.13130
404 0.13119
405 0.13108
406 0.13097
407 0.13086
408 0.13076
409 0.13065
410 0.13055
411 0.13045
412 0.13034
413 0.13024
414 0.13015
415 0.13005
416 0.12995
417 0.12986
418 0.12976
419 0.12967
420 0.12958
421 0.12948
422 0.12939
423 0.12931
424 0.12922
425 0.12913
426 0.12905
427 0.12896
428 0.12888
429 0.12880
430 0.12872
431 0.12864
432 0.12856
433 0.12848
434 0.12840
435 0.12833
436 0.12826
437 0.12818
438 0.12811
439 0.12804
440 0.12797
441 0.12790
442 0.12783
443 0.12777
444 0.12770
445 0.12764
446 0.12757
447 0.12751
448 0.12745
449 0.12739
450 0.12733
451 0.12727
452 0.12721
453 0.12716
454 0.12710
455 0.12705
456 0.12700
457 0.12694
458 0.12689
459 0.12684
460 0.12679
461 0.12675
462 0.12670
463 0.12665
464 0.12661
465 0.12657
466 0.12652
467 0.12648
468 0.12644
469 0.12640
470 0.12636
471 0.12632
472 0.12629
473 0.12625
474 0.12622
475 0.12618
476 0.12615
477 0.12612
478 0.12608
479 0.12605
480 0.12603
481 0.12600
482 0.12597
483 0.12594
484 0.12592
485 0.12589
486 0.12587
487 0.12585
488 0.12583
489 0.12581
490 0.12579
491 0.12577
492 0.12575
493 0.12573
494 0.12572
495 0.12570
496 0.12569
497 0.12568
498 0.12566
499 0.12565
500 0.12564
501 0.12563
502 0.12563
503 0.12562
504 0.12561
505 0.12561
506 0.12560
507 0.12560
508 0.12559
509 0.12559
510 0.12559
511 0.12559
512 0.12559
513 0.12559
514 0.12560
515 0.12552
516 0.12553
517 0.12553
518 0.12554
519 0.12555
520 0.12556
521 0.12557
522 0.12558
523 0.12560
524 0.12561
525 0.12563
526 0.12565
527 0.12567
528 0.12569
529 0.12571
530 0.12574
531 0.12576
532 0.12579
533 0.12582
534 0.12585
535 0.12589
536 0.12592
537 0.12596
538 0.12600
539 0.12603
540 0.12608
541 0.12612
542 0.12616
543 0.12621
544 0.12626
545 0.12631
546 0.12636
547 0.12642
548 0.12647
549 0.12653
550 0.12659
551 0.12665
552 0.12671
553 0.12677
554 0.12684
555 0.12691
556 0.12698
557 0.12705
558 0.12712
559 0.12720
560 0.12727
561 0.12735
562 0.12744
563 0.12752
564 0.12761
565 0.12769
566 0.12778
567 0.12788
568 0.12797
569 0.12807
570 0.12817
571 0.12827
572 0.12837
573 0.12848
574 0.12858
575 0.12869
576 0.12881
577 0.12892
578 0.12904
579 0.12915
580 0.12927
581 0.12938
582 0.12950
583 0.12962
584 0.12975
585 0.12987
586 0.13000
587 0.13013
588 0.13027
589 0.13040
590 0.13054
591 0.13068
592 0.13082
593 0.13097
594 0.13111
595 0.13126
596 0.13141
597 0.13157
598 0.13173
599 0.13189
600 0.13205
601 0.13221
602 0.13238
603 0.13255
604 0.13272
605 0.13290
606 0.13307
607 0.13325
608 0.13344
609 0.13362
610 0.13381
611 0.13400
612 0.13420
613 0.13439
614 0.13459
615 0.13479
616 0.13500
617 0.13521
618 0.13542
619 0.13563
620 0.13585
621 0.13606
622 0.13629
623 0.13651
624 0.13674
625 0.13697
626 0.13720
627 0.13744
628 0.13768
629 0.13792
630 0.13817
631 0.13842
632 0.13867
633 0.13893
634 0.13919
635 0.13945
636 0.13971
637 0.13998
638 0.14025
639 0.14053
640 0.14081
641 0.14109
642 0.14137
643 0.14166
644 0.14195
645 0.14225
646 0.14255
647 0.14285
648 0.14316
649 0.14347
650 0.14378
651 0.14410
652 0.14442
653 0.14474
654 0.14507
655 0.14540
656 0.14574
657 0.14608
658 0.14642
659 0.14677
660 0.14712
661 0.14747
662 0.14783
663 0.14819
664 0.14856
665 0.14893
666 0.14931
667 0.14969
668 0.15007
669 0.15046
670 0.15085
671 0.15125
672 0.15165
673 0.15205
674 0.15246
675 0.15288
676 0.15330
677 0.15372
678 0.15415
679 0.15458
680 0.15502
681 0.15546
682 0.15590
683 0.15636
684 0.15681
685 0.15727
686 0.15773
687 0.15818
688 0.15863
689 0.15908
690 0.15954
691 0.16001
692 0.16048
693 0.16095
694 0.16143
695 0.16192
696 0.16241
697 0.16290
698 0.16340
699 0.16391
700 0.16442
701 0.16493
702 0.16514
703 0.16567
704 0.16619
705 0.16673
706 0.16726
707 0.16781
708 0.16836
709 0.16891
710 0.16948
711 0.17005
712 0.17062
713 0.17121
714 0.17179
715 0.17239
716 0.17299
717 0.17360
718 0.17422
719 0.17484
720 0.17547
721 0.17611
722 0.17676
723 0.17741
724 0.17807
725 0.17874
726 0.17941
727 0.18010
728 0.18079
729 0.18149
730 0.18219
731 0.18291
732 0.18363
733 0.18436
734 0.18510
735 0.18585
736 0.18661
737 0.18737
738 0.18815
739 0.18893
740 0.18972
741 0.19052
742 0.19133
743 0.19215
744 0.19298
745 0.19382
746 0.19466
747 0.19552
748 0.19639
749 0.19726
750 0.19815
751 0.19905
752 0.19995
753 0.20087
754 0.20180
755 0.20273
756 0.20368
757 0.20464
758 0.20561
759 0.20659
760 0.20759
761 0.20859
762 0.20961
763 0.21063
764 0.21167
765 0.21272
766 0.21378
767 0.21486
768 0.21595
769 0.21705
770 0.21816
771 0.21928
772 0.22042
773 0.22157
774 0.22274
775 0.22391
776 0.22511
777 0.22631
778 0.22753
779 0.22876
780 0.23001
781 0.23127
782 0.23255
783 0.23384
784 0.23515
785 0.23647
786 0.23781
787 0.23916
788 0.24053
789 0.24191
790 0.24331
791 0.24473
792 0.24616
793 0.24761
794 0.24908
795 0.25056
796 0.25207
797 0.25358
798 0.25512
799 0.25668
800 0.25825
801 0.25985
802 0.26146
803 0.26309
804 0.26474
805 0.26641
806 0.26810
807 0.26981
808 0.27154
809 0.27329
810 0.27507
811 0.27686
812 0.27868
813 0.28051
814 0.28237
815 0.28426
816 0.28616
817 0.28809
818 0.29004
819 0.29202
820 0.29402
821 0.29604
822 0.29809
823 0.30017
824 0.30227
825 0.30439
826 0.30654
827 0.30872
828 0.31093
829 0.31316
830 0.31542
831 0.31771
832 0.32003
833 0.32237
834 0.32475
835 0.32716
836 0.32959
837 0.33206
838 0.33456
839 0.33709
840 0.33965
841 0.34224
842 0.34487
843 0.34753
844 0.35022
845 0.35295
846 0.35572
847 0.35852
848 0.36135
849 0.36422
850 0.36713
851 0.37008
852 0.37306
853 0.37609
854 0.37915
855 0.38226
856 0.38540
857 0.38858
858 0.39181
859 0.39508
860 0.39839
861 0.40175
862 0.40515
863 0.40860
864 0.41209
865 0.41563
866 0.41921
867 0.42284
868 0.42653
869 0.43026
870 0.43404
871 0.43787
872 0.44176
873 0.44570
874 0.44969
875 0.45373
876 0.45783
877 0.46199
878 0.46621
879 0.47048
880 0.47481
881 0.47920
882 0.48365
883 0.48816
884 0.49274
885 0.49738
886 0.50208
887 0.50685
888 0.51169
889 0.51660
890 0.52157
891 0.52662
892 0.53173
893 0.53692
894 0.54218
895 0.54752
896 0.55294
897 0.55843
898 0.56400
899 0.56965
900 0.57538
901 0.58120
902 0.58710
903 0.59308
904 0.59915
905 0.60531
906 0.61157
907 0.61791
908 0.62434
909 0.63088
910 0.63750
911 0.64423
912 0.64946
913 0.67024
914 0.68451
915 0.69464
916 0.70042
917 0.70327
918 0.70654
919 0.71031
920 0.71475
921 0.72005
922 0.71912
923 0.71817
924 0.72470
925 0.72378
926 0.72285
927 0.73110
928 0.73019
929 0.72929
930 0.72838
931 0.73922
932 0.73834
933 0.73746
934 0.73657
935 0.73569
936 0.73480
937 0.73391
938 0.74894
939 0.74810
940 0.74724
941 0.74639
942 0.74554
943 0.74468
944 0.74383
945 0.74297
946 0.74211
947 0.74125
948 0.74038
949 0.73952
950 0.76204
951 0.76124
952 0.76043
953 0.75963
954 0.75882
955 0.75801
956 0.75720
957 0.75639
958 0.75557
959 0.75476
960 0.75394
961 0.75313
962 0.75231
963 0.75149
964 0.75066
965 0.74984
966 0.74902
967 0.74819
968 0.74736
969 0.74654
970 0.74571
971 0.74487
972 0.74404
973 0.78210
974 0.78138
975 0.78064
976 0.77991
977 0.77918
978 0.77845
979 0.77771
980 0.77697
981 0.77623
982 0.77549
983 0.77475
984 0.77401
985 0.77327
986 0.77252
987 0.77177
988 0.77103
989 0.77028
990 0.76953
991 0.76878
992 0.76802
993 0.76727
994 0.76651
995 0.76576
996 0.76500
997 0.76424
998 0.76348
999 0.76272
1000 0.76195
1001 0.76119
1002 0.76042
1003 0.75965
1004 0.75889
1005 0.75812
1006 0.75735
1007 0.75657
1008 0.75580
1009 0.75502
1010 0.75425
1011 0.75347
1012 0.75269
1013 0.75191
1014 0.75113
1015 0.75035
1016 0.74956
1017 0.74878
1018 0.74799
1019 0.74721
1020 0.74642
1021 0.74563
1022 0.74484
1023 0.74404
1024 0.74325
1025 0.74245
1026 0.82267
1027 0.82210
1028 0.82152
1029 0.82093
1030 0.82035
1031 0.81977
1032 0.81919
1033 0.81860
1034 0.81801
1035 0.81743
1036 0.81684
1037 0.81625
1038 0.81566
1039 0.81507
1040 0.81447
1041 0.81388
1042 0.81328
1043 0.81269
1044 0.81209
1045 0.81149
1046 0.81089
1047 0.81029
1048 0.80969
1049 0.80909
1050 0.80848
1051 0.80788
1052 0.80727
1053 0.80666
1054 0.80605
1055 0.80545
1056 0.80483
1057 0.80422
1058 0.80361
1059 0.80300
1060 0.80238
1061 0.80177
1062 0.80115
1063 0.80053
1064 0.79991
1065 0.79929
1066 0.79867
1067 0.79805
1068 0.79742
1069 0.79680
1070 0.79617
1071 0.79554
1072 0.79492
1073 0.79429
1074 0.79366
1075 0.79303
1076 0.79239
1077 0.79176
1078 0.79113
1079 0.79049
1080 0.78985
1081 0.78922
1082 0.78858
1083 0.78794
1084 0.78730
1085 0.78665
1086 0.78601
1087 0.78537
1088 0.78472
1089 0.78408
1090 0.78343
1091 0.78278
1092 0.78213
1093 0.78148
1094 0.78083
1095 0.78017
1096 0.77952
1097 0.77887
1098 0.77821
1099 0.77755
1100 0.77690
1101 0.77624
1102 0.77558
1103 0.77492
1104 0.77425
1105 0.77359
1106 0.77293
1107 0.77226
1108 0.77159
1109 0.77093
1110 0.77026
1111 0.76959
1112 0.76892
1113 0.76825
1114 0.76757
1115 0.76690
1116 0.76622
1117 0.76555
1118 0.76487
1119 0.76419
1120 0.76352
1121 0.76284
1122 0.76215
1123 0.76147
1124 0.76079
1125 0.76011
1126 0.75942
1127 0.75873
1128 0.75805
1129 0.75736
1130 0.75667
1131 0.75598
1132 0.75529
1133 0.75460
1134 0.75390
1135 0.75321
1136 0.75251
1137 0.75182
1138 0.75112
1139 0.75042
1140 0.74972
1141 0.74902
1142 0.74832
1143 0.74762
1144 0.74692
1145 0.74621
1146 0.74551
1147 0.74480
1148 0.74409
1149 0.74339
1150 0.74268
1151 0.74197
1152 0.74126
1153 0.74054
1154 0.73983
1155 0.73912
1156 0.73840
1157 0.73769
1158 0.73697
1159 0.73625
1160 0.73553
1161 0.73481
1162 0.73409
1163 0.73337
1164 0.73265
1165 0.73192
1166 0.73120
1167 0.73047
1168 0.72975
1169 0.72902
1170 0.72829
1171 0.72756
1172 0.72683
1173 0.72610
1174 0.72537
1175 0.72463
1176 0.72390
1177 0.72316
1178 0.72243
1179 0.72169
1180 0.72095
1181 0.72021
1182 0.71947
1183 0.71873
1184 0.71799
1185 0.71725
1186 0.71651
1187 0.71576
1188 0.71502
1189 0.71427
1190 0.71352
1191 0.71277
1192 0.71203
1193 0.71128
1194 0.71052
1195 0.70977
1196 0.70902
1197 0.70827
1198 0.70751
1199 0.70676
1200 0.70600
1201 0.70524
1202 0.70449
1203 0.70373
1204 0.70297
1205 0.70221
1206 0.70145
1207 0.70068
1208 0.69992
1209 0.69916
1210 0.69839
1211 0.69763
1212 0.69686
1213 0.69609
1214 0.69532
1215 0.69455
1216 1.00000
