17 1.17526
18 1.15471
19 1.13588
20 1.11854
21 1.10250
22 1.08760
23 1.07371
24 1.06073
25 1.04854
26 1.03708
27 1.02626
28 1.01604
29 1.00636
30 0.99717
31 0.98842
32 0.98009
33 0.97214
34 0.96453
35 0.95726
36 0.95028
37 0.94358
38 0.93715
39 0.93096
40 0.92499
41 0.91924
42 0.91369
43 0.90833
44 0.90315
45 0.89813
46 0.89327
47 0.88856
48 0.88399
49 0.87956
50 0.87526
51 0.87107
52 0.86700
53 0.86304
54 0.85918
55 0.85543
56 0.85177
57 0.84820
58 0.84471
59 0.84131
60 0.83799
61 0.83475
62 0.83158
63 0.82848
64 0.82545
65 0.82248
66 0.81957
67 0.81673
68 0.81394
69 0.81121
70 0.80854
71 0.80591
72 0.80334
73 0.80081
74 0.79834
75 0.79590
76 0.79351
77 0.79117
78 0.78886
79 0.78660
80 0.78437
81 0.78218
82 0.78003
83 0.77792
84 0.77583
85 0.77379
86 0.77177
87 0.76978
88 0.76783
89 0.76591
90 0.76401
91 0.76214
92 0.76031
93 0.75849
94 0.75671
95 0.75495
96 0.75321
97 0.75150
98 0.74981
99 0.74815
100 0.74650
101 0.74488
102 0.74329
103 0.74171
104 0.74015
105 0.73861
106 0.73710
107 0.73560
108 0.73412
109 0.73266
110 0.73122
111 0.72979
112 0.72838
113 0.72699
114 0.72562
115 0.72426
116 0.72292
117 0.72159
118 0.72028
119 0.71899
120 0.71770
121 0.71644
122 0.71519
123 0.71395
124 0.71272
125 0.71151
126 0.71031
127 0.70913
128 0.70795
129 0.70679
130 0.70565
131 0.70451
132 0.70339
133 0.70228
134 0.70118
135 0.70009
136 0.69901
137 0.69794
138 0.69689
139 0.69584
140 0.69481
141 0.69378
142 0.69277
143 0.69176
144 0.69077
145 0.68978
146 0.68881
147 0.68784
148 0.68688
149 0.68594
150 0.68500
151 0.68407
152 0.68315
153 0.68224
154 0.68133
155 0.68044
156 0.67955
157 0.67867
158 0.67780
159 0.67694
160 0.67608
161 0.67524
162 0.67440
163 0.67357
164 0.67274
165 0.67192
166 0.67112
167 0.67031
168 0.66952
169 0.66873
170 0.66795
171 0.66717
172 0.66641
173 0.66565
174 0.66489
175 0.66415
176 0.66340
177 0.66267
178 0.66194
179 0.66122
180 0.66051
181 0.65980
182 0.65909
183 0.65840
184 0.65770
185 0.65702
186 0.65634
187 0.65567
188 0.65500
189 0.65434
190 0.65368
191 0.65303
192 0.65238
193 0.65174
194 0.65111
195 0.65048
196 0.64985
197 0.64924
198 0.64862
199 0.64801
200 0.64741
201 0.64681
202 0.64622
203 0.64563
204 0.64505
205 0.64447
206 0.64390
207 0.64333
208 0.64276
209 0.64220
210 0.64165
211 0.64110
212 0.64056
213 0.64001
214 0.63948
215 0.63895
216 0.63842
217 0.63790
218 0.63738
219 0.63686
220 0.63636
221 0.63585
222 0.63535
223 0.63485
224 0.63436
225 0.63387
226 0.63339
227 0.63291
228 0.63243
229 0.63196
230 0.63149
231 0.63103
232 0.63057
233 0.63011
234 0.62966
235 0.62921
236 0.62876
237 0.62832
238 0.62789
239 0.62745
240 0.62703
241 0.62660
242 0.62618
243 0.62576
244 0.62535
245 0.62493
246 0.62453
247 0.62412
248 0.62372
249 0.62333
250 0.62293
251 0.62254
252 0.62216
253 0.62178
254 0.62140
255 0.62102
256 0.62065
257 0.62028
258 0.61992
259 0.61955
260 0.61919
261 0.61884
262 0.61849
263 0.61814
264 0.61779
265 0.61745
266 0.61711
267 0.61678
268 0.61644
269 0.61611
270 0.61579
271 0.61546
272 0.61514
273 0.61483
274 0.61451
275 0.61420
276 0.61389
277 0.61359
278 0.61329
279 0.61299
280 0.61269
281 0.61240
282 0.61211
283 0.61183
284 0.61154
285 0.61126
286 0.61098
287 0.61071
288 0.61044
289 0.61017
290 0.60990
291 0.60964
292 0.60938
293 0.60912
294 0.60887
295 0.60862
296 0.60837
297 0.60812
298 0.60788
299 0.60764
300 0.60740
301 0.60717
302 0.60693
303 0.60670
304 0.60648
305 0.60625
306 0.60603
307 0.60581
308 0.60560
309 0.60538
310 0.60517
311 0.60497
312 0.60476
313 0.60456
314 0.60436
315 0.60416
316 0.60397
317 0.60377
318 0.60359
319 0.60340
320 0.60321
321 0.60303
322 0.60285
323 0.60268
324 0.60250
325 0.60233
326 0.60216
327 0.60200
328 0.60183
329 0.60167
330 0.60151
331 0.60136
332 0.60120
333 0.60105
334 0.60090
335 0.60076
336 0.60061
337 0.60047
338 0.60033
339 0.60020
340 0.60006
341 0.59993
342 0.59980
343 0.59967
344 0.59955
345 0.59943
346 0.59931
347 0.59919
348 0.59908
349 0.59896
350 0.59885
351 0.59875
352 0.59864
353 0.59854
354 0.59844
355 0.59834
356 0.59824
357 0.59815
358 0.59806
359 0.59797
360 0.59789
361 0.59780
362 0.59772
363 0.59764
364 0.59756
365 0.59749
366 0.59742
367 0.59735
368 0.59728
369 0.59721
370 0.59715
371 0.59709
372 0.59703
373 0.59697
374 0.59692
375 0.59687
376 0.59682
377 0.59677
378 0.59673
379 0.59668
380 0.59664
381 0.59660
382 0.59657
383 0.59654
384 0.59650
385 0.59647
386 0.59645
387 0.59642
388 0.59640
389 0.59638
390 0.59636
391 0.59635
392 0.59633
393 0.59632
394 0.59631
395 0.59630
396 0.59630
397 0.59630
398 0.59630
399 0.59630
400 0.59630
401 0.59631
402 0.59632
403 0.59633
404 0.59634
405 0.59635
406 0.59637
407 0.59639
408 0.59641
409 0.59643
410 0.59646
411 0.59649
412 0.59652
413 0.59655
414 0.59658
415 0.59662
416 0.59666
417 0.59670
418 0.59674
419 0.59679
420 0.59684
421 0.59689
422 0.59694
423 0.59699
424 0.59705
425 0.59711
426 0.59717
427 0.59723
428 0.59729
429 0.59736
430 0.59743
431 0.59750
432 0.59757
433 0.59765
434 0.59772
435 0.59780
436 0.59789
437 0.59797
438 0.59806
439 0.59814
440 0.59823
441 0.59833
442 0.59842
443 0.59852
444 0.59862
445 0.59872
446 0.59882
447 0.59892
448 0.59903
449 0.59914
450 0.59925
451 0.59937
452 0.59948
453 0.59960
454 0.59972
455 0.59984
456 0.59996
457 0.60009
458 0.60022
459 0.60035
460 0.60048
461 0.60062
462 0.60075
463 0.60089
464 0.60103
465 0.60118
466 0.60132
467 0.60147
468 0.60162
469 0.60177
470 0.60193
471 0.60208
472 0.60224
473 0.60240
474 0.60256
475 0.60273
476 0.60289
477 0.60306
478 0.60323
479 0.60341
480 0.60358
481 0.60376
482 0.60394
483 0.60412
484 0.60430
485 0.60449
486 0.60468
487 0.60487
488 0.60506
489 0.60525
490 0.60545
491 0.60565
492 0.60585
493 0.60605
494 0.60626
495 0.60647
496 0.60667
497 0.60689
498 0.60710
499 0.60732
500 0.60753
501 0.60775
502 0.60798
503 0.60820
504 0.60843
505 0.60866
506 0.60889
507 0.60912
508 0.60935
509 0.60959
510 0.60983
511 0.61007
512 0.61032
513 0.61056
514 0.61081
515 0.61106
516 0.61131
517 0.61157
518 0.61182
519 0.61208
520 0.61235
521 0.61261
522 0.61287
523 0.61314
524 0.61341
525 0.61368
526 0.61396
527 0.61423
528 0.61451
529 0.61479
530 0.61508
531 0.61536
532 0.61565
533 0.61594
534 0.61623
535 0.61653
536 0.61682
537 0.61712
538 0.61742
539 0.61772
540 0.61803
541 0.61834
542 0.61865
543 0.61896
544 0.61927
545 0.61959
546 0.61991
547 0.62023
548 0.62055
549 0.62088
550 0.62120
551 0.62153
552 0.62187
553 0.62220
554 0.62254
555 0.62288
556 0.62322
557 0.62356
558 0.62391
559 0.62425
560 0.62460
561 0.62496
562 0.62531
563 0.62567
564 0.62603
565 0.62639
566 0.62675
567 0.62712
568 0.62749
569 0.62786
570 0.62823
571 0.62861
572 0.62898
573 0.62936
574 0.62975
575 0.63013
576 0.63052
577 0.63091
578 0.63130
579 0.63169
580 0.63209
581 0.63249
582 0.63289
583 0.63329
584 0.63370
585 0.63411
586 0.63452
587 0.63493
588 0.63534
589 0.63576
590 0.63618
591 0.63660
592 0.63703
593 0.63746
594 0.63788
595 0.63832
596 0.63875
597 0.63919
598 0.63963
599 0.64007
600 0.64051
601 0.64096
602 0.64141
603 0.64186
604 0.64231
605 0.64277
606 0.64323
607 0.64369
608 0.64415
609 0.64462
610 0.64509
611 0.64556
612 0.64603
613 0.64650
614 0.64698
615 0.64746
616 0.64795
617 0.64843
618 0.64892
619 0.64941
620 0.64990
621 0.65040
622 0.65090
623 0.65140
624 0.65190
625 0.65241
626 0.65292
627 0.65343
628 0.65394
629 0.65446
630 0.65498
631 0.65550
632 0.65602
633 0.65655
634 0.65707
635 0.65761
636 0.65814
637 0.65868
638 0.65922
639 0.65976
640 0.66030
641 0.66085
642 0.66140
643 0.66195
644 0.66251
645 0.66306
646 0.66362
647 0.66419
648 0.66475
649 0.66532
650 0.66589
651 0.66646
652 0.66704
653 0.66762
654 0.66820
655 0.66878
656 0.66937
657 0.66996
658 0.67055
659 0.67115
660 0.67175
661 0.67235
662 0.67295
663 0.67355
664 0.67416
665 0.67477
666 0.67539
667 0.67601
668 0.67663
669 0.67725
670 0.67787
671 0.67850
672 0.67913
673 0.67977
674 0.68040
675 0.68104
676 0.68168
677 0.68233
678 0.68298
679 0.68363
680 0.68428
681 0.68494
682 0.68560
683 0.68626
684 0.68692
685 0.68759
686 0.68826
687 0.68894
688 0.68961
689 0.69029
690 0.69097
691 0.69166
692 0.69235
693 0.69304
694 0.69373
695 0.69443
696 0.69513
697 0.69583
698 0.69654
699 0.69725
700 0.69796
701 0.69867
702 0.69939
703 0.70011
704 0.70084
705 0.70156
706 0.70229
707 0.70303
708 0.70376
709 0.70450
710 0.70525
711 0.70599
712 0.70674
713 0.70749
714 0.70825
715 0.70900
716 0.70976
717 0.71053
718 0.71130
719 0.71207
720 0.71284
721 0.71362
722 0.71440
723 0.71518
724 0.71596
725 0.71675
726 0.71755
727 0.71834
728 0.71914
729 0.71994
730 0.72075
731 0.72156
732 0.72237
733 0.72318
734 0.72400
735 0.72482
736 0.72565
737 0.72648
738 0.72731
739 0.72814
740 0.72898
741 0.72982
742 0.73067
743 0.73152
744 0.73237
745 0.73322
746 0.73408
747 0.73494
748 0.73581
749 0.73668
750 0.73755
751 0.73843
752 0.73930
753 0.74019
754 0.74107
755 0.74196
756 0.74285
757 0.74375
758 0.74465
759 0.74555
760 0.74646
761 0.74737
762 0.74828
763 0.74920
764 0.75012
765 0.75105
766 0.75198
767 0.75291
768 0.75384
769 0.75478
770 0.75572
771 0.75667
772 0.75762
773 0.75857
774 0.75953
775 0.76049
776 0.76145
777 0.76242
778 0.76339
779 0.76437
780 0.76535
781 0.76633
782 0.76732
783 0.76831
784 0.76930
785 0.77030
786 0.77130
787 0.77231
788 0.77332
789 0.77433
790 0.77535
791 0.77637
792 0.77740
793 0.77842
794 0.77946
795 0.78049
796 0.78153
797 0.78258
798 0.78363
799 0.78468
800 0.78573
801 0.78680
802 0.78786
803 0.78893
804 0.79000
805 0.79108
806 0.79216
807 0.79324
808 0.79433
809 0.79542
810 0.79652
811 0.79762
812 0.79872
813 0.79983
814 0.80094
815 0.80206
816 0.80318
817 0.80431
818 0.80544
819 0.80657
820 0.80771
821 0.80885
822 0.81000
823 0.81115
824 0.81230
825 0.81346
826 0.81463
827 0.81579
828 0.81697
829 0.81814
830 0.81932
831 0.82051
832 0.82170
833 0.82289
834 0.82409
835 0.82529
836 0.82650
837 0.82771
838 0.82893
839 0.83015
840 0.83138
841 0.83260
842 0.83384
843 0.83508
844 0.83632
845 0.83757
846 0.83882
847 0.84008
848 0.84134
849 0.84261
850 0.84388
851 0.84515
852 0.84643
853 0.84772
854 0.84901
855 0.85030
856 0.85160
857 0.85290
858 0.85421
859 0.85553
860 0.85684
861 0.85817
862 0.85949
863 0.86083
864 0.86216
865 0.86351
866 0.86485
867 0.86621
868 0.86756
869 0.86893
870 0.87029
871 0.87166
872 0.87304
873 0.87442
874 0.87581
875 0.87720
876 0.87860
877 0.88000
878 0.88141
879 0.88282
880 0.88424
881 0.88566
882 0.88709
883 0.88852
884 0.88996
885 0.89140
886 0.89285
887 0.89431
888 0.89577
889 0.89723
890 0.89870
891 0.90017
892 0.90165
893 0.90314
894 0.90463
895 0.90613
896 0.90763
897 0.90914
898 0.91065
899 0.91217
900 0.91369
901 0.91522
902 0.91676
903 0.91830
904 0.91984
905 0.92139
906 0.92295
907 0.92451
908 0.92608
909 0.92766
910 0.92924
911 0.93082
912 0.92984
913 0.93545
914 0.93903
915 0.94143
916 0.94277
917 0.94347
918 0.94423
919 0.94507
920 0.94600
921 0.94705
922 0.94698
923 0.94691
924 0.94813
925 0.94806
926 0.94799
927 0.94945
928 0.94938
929 0.94932
930 0.94925
931 0.95107
932 0.95100
933 0.95094
934 0.95088
935 0.95081
936 0.95075
937 0.95069
938 0.95307
939 0.95301
940 0.95295
941 0.95289
942 0.95283
943 0.95277
944 0.95271
945 0.95265
946 0.95259
947 0.95253
948 0.95247
949 0.95241
950 0.95580
951 0.95574
952 0.95568
953 0.95563
954 0.95557
955 0.95552
956 0.95546
957 0.95541
958 0.95535
959 0.95529
960 0.95524
961 0.95518
962 0.95513
963 0.95507
964 0.95501
965 0.95496
966 0.95490
967 0.95485
968 0.95479
969 0.95473
970 0.95468
971 0.95462
972 0.95457
973 0.96001
974 0.95996
975 0.95991
976 0.95986
977 0.95981
978 0.95977
979 0.95972
980 0.95967
981 0.95962
982 0.95957
983 0.95952
984 0.95947
985 0.95942
986 0.95937
987 0.95932
988 0.95927
989 0.95922
990 0.95918
991 0.95913
992 0.95908
993 0.95903
994 0.95898
995 0.95893
996 0.95888
997 0.95883
998 0.95878
999 0.95873
1000 0.95868
1001 0.95863
1002 0.95858
1003 0.95853
1004 0.95849
1005 0.95844
1006 0.95839
1007 0.95834
1008 0.95829
1009 0.95824
1010 0.95819
1011 0.95814
1012 0.95809
1013 0.95804
1014 0.95799
1015 0.95794
1016 0.95789
1017 0.95784
1018 0.95779
1019 0.95774
1020 0.95769
1021 0.95764
1022 0.95760
1023 0.95755
1024 0.95750
1025 0.95745
1026 0.96837
1027 0.96834
1028 0.96830
1029 0.96826
1030 0.96823
1031 0.96819
1032 0.96815
1033 0.96812
1034 0.96808
1035 0.96804
1036 0.96801
1037 0.96797
1038 0.96793
1039 0.96790
1040 0.96786
1041 0.96782
1042 0.96779
1043 0.96775
1044 0.96771
1045 0.96768
1046 0.96764
1047 0.96760
1048 0.96756
1049 0.96753
1050 0.96749
1051 0.96745
1052 0.96742
1053 0.96738
1054 0.96734
1055 0.96731
1056 0.96727
1057 0.96723
1058 0.96720
1059 0.96716
1060 0.96712
1061 0.96708
1062 0.96705
1063 0.96701
1064 0.96697
1065 0.96694
1066 0.96690
1067 0.96686
1068 0.96683
1069 0.96679
1070 0.96675
1071 0.96671
1072 0.96668
1073 0.96664
1074 0.96660
1075 0.96657
1076 0.96653
1077 0.96649
1078 0.96646
1079 0.96642
1080 0.96638
1081 0.96634
1082 0.96631
1083 0.96627
1084 0.96623
1085 0.96620
1086 0.96616
1087 0.96612
1088 0.96608
1089 0.96605
1090 0.96601
1091 0.96597
1092 0.96594
1093 0.96590
1094 0.96586
1095 0.96582
1096 0.96579
1097 0.96575
1098 0.96571
1099 0.96568
1100 0.96564
1101 0.96560
1102 0.96556
1103 0.96553
1104 0.96549
1105 0.96545
1106 0.96542
1107 0.96538
1108 0.96534
1109 0.96530
1110 0.96527
1111 0.96523
1112 0.96519
1113 0.96515
1114 0.96512
1115 0.96508
1116 0.96504
1117 0.96501
1118 0.96497
1119 0.96493
1120 0.96489
1121 0.96486
1122 0.96482
1123 0.96478
1124 0.96474
1125 0.96471
1126 0.96467
1127 0.96463
1128 0.96459
1129 0.96456
1130 0.96452
1131 0.96448
1132 0.96444
1133 0.96441
1134 0.96437
1135 0.96433
1136 0.96430
1137 0.96426
1138 0.96422
1139 0.96418
1140 0.96415
1141 0.96411
1142 0.96407
1143 0.96403
1144 0.96400
1145 0.96396
1146 0.96392
1147 0.96388
1148 0.96385
1149 0.96381
1150 0.96377
1151 0.96373
1152 0.96370
1153 0.96366
1154 0.96362
1155 0.96358
1156 0.96355
1157 0.96351
1158 0.96347
1159 0.96343
1160 0.96340
1161 0.96336
1162 0.96332
1163 0.96328
1164 0.96325
1165 0.96321
1166 0.96317
1167 0.96313
1168 0.96309
1169 0.96306
1170 0.96302
1171 0.96298
1172 0.96294
1173 0.96291
1174 0.96287
1175 0.96283
1176 0.96279
1177 0.96276
1178 0.96272
1179 0.96268
1180 0.96264
1181 0.96261
1182 0.96257
1183 0.96253
1184 0.96249
1185 0.96245
1186 0.96242
1187 0.96238
1188 0.96234
1189 0.96230
1190 0.96227
1191 0.96223
1192 0.96219
1193 0.96215
1194 0.96212
1195 0.96208
1196 0.96204
1197 0.96200
1198 0.96196
1199 0.96193
1200 0.96189
1201 0.96185
1202 0.96181
1203 0.96178
1204 0.96174
1205 0.96170
1206 0.96166
1207 0.96162
1208 0.96159
1209 0.96155
1210 0.96151
1211 0.96147
1212 0.96144
1213 0.96140
1214 0.96136
1215 0.96132
1216 1.00000
