17 5.37446
18 4.57892
19 3.94448
20 3.43126
21 3.01079
22 2.66239
23 2.37074
24 2.12434
25 1.91442
26 1.73420
27 1.57840
28 1.44285
29 1.32421
30 1.21980
31 1.12746
32 1.04540
33 0.97216
34 0.90653
35 0.84748
36 0.79417
37 0.74588
38 0.70200
39 0.66201
40 0.62545
41 0.59195
42 0.56117
43 0.53283
44 0.50667
45 0.48247
46 0.46004
47 0.43921
48 0.41983
49 0.40177
50 0.38490
51 0.36913
52 0.35436
53 0.34051
54 0.32750
55 0.31526
56 0.30374
57 0.29287
58 0.28261
59 0.27291
60 0.26373
61 0.25503
62 0.24679
63 0.23896
64 0.23153
65 0.22446
66 0.21772
67 0.21131
68 0.20519
69 0.19936
70 0.19379
71 0.18846
72 0.18336
73 0.17849
74 0.17381
75 0.16934
76 0.16504
77 0.16092
78 0.15696
79 0.15315
80 0.14950
81 0.14598
82 0.14259
83 0.13933
84 0.13618
85 0.13315
86 0.13023
87 0.12741
88 0.12468
89 0.12205
90 0.11951
91 0.11705
92 0.11467
93 0.11237
94 0.11015
95 0.10799
96 0.10590
97 0.10387
98 0.10191
99 0.10000
100 0.09816
101 0.09636
102 0.09462
103 0.09293
104 0.09129
105 0.08969
106 0.08814
107 0.08663
108 0.08516
109 0.08373
110 0.08234
111 0.08098
112 0.07966
113 0.07838
114 0.07713
115 0.07590
116 0.07471
117 0.07355
118 0.07242
119 0.07132
120 0.07024
121 0.06919
122 0.06816
123 0.06716
124 0.06618
125 0.06522
126 0.06429
127 0.06337
128 0.06248
129 0.06161
130 0.06075
131 0.05992
132 0.05910
133 0.05830
134 0.05752
135 0.05675
136 0.05600
137 0.05526
138 0.05454
139 0.05384
140 0.05315
141 0.05247
142 0.05181
143 0.05116
144 0.05052
145 0.04989
146 0.04928
147 0.04868
148 0.04809
149 0.04751
150 0.04694
151 0.04638
152 0.04583
153 0.04530
154 0.04477
155 0.04425
156 0.04374
157 0.04324
158 0.04275
159 0.04227
160 0.04179
161 0.04133
162 0.04087
163 0.04042
164 0.03998
165 0.03954
166 0.03911
167 0.03869
168 0.03828
169 0.03787
170 0.03747
171 0.03708
172 0.03669
173 0.03631
174 0.03593
175 0.03556
176 0.03520
177 0.03484
178 0.03449
179 0.03414
180 0.03380
181 0.03346
182 0.03313
183 0.03280
184 0.03248
185 0.03217
186 0.03185
187 0.03155
188 0.03124
189 0.03094
190 0.03065
191 0.03036
192 0.03007
193 0.02979
194 0.02951
195 0.02923
196 0.02896
197 0.02870
198 0.02843
199 0.02817
200 0.02792
201 0.02766
202 0.02741
203 0.02717
204 0.02693
205 0.02669
206 0.02645
207 0.02622
208 0.02598
209 0.02576
210 0.02553
211 0.02531
212 0.02509
213 0.02488
214 0.02466
215 0.02445
216 0.02424
217 0.02404
218 0.02383
219 0.02363
220 0.02344
221 0.02324
222 0.02305
223 0.02286
224 0.02267
225 0.02248
226 0.02230
227 0.02211
228 0.02193
229 0.02176
230 0.02158
231 0.02141
232 0.02124
233 0.02107
234 0.02090
235 0.02073
236 0.02057
237 0.02041
238 0.02024
239 0.02009
240 0.01993
241 0.01977
242 0.01962
243 0.01947
244 0.01932
245 0.01917
246 0.01902
247 0.01888
248 0.01873
249 0.01859
250 0.01845
251 0.01831
252 0.01817
253 0.01804
254 0.01790
255 0.01777
256 0.01764
257 0.01751
258 0.01738
259 0.01725
260 0.01712
261 0.01700
262 0.01687
263 0.01675
264 0.01663
265 0.01651
266 0.01639
267 0.01627
268 0.01615
269 0.01604
270 0.01592
271 0.01581
272 0.01570
273 0.01559
274 0.01548
275 0.01537
276 0.01526
277 0.01515
278 0.01505
279 0.01494
280 0.01484
281 0.01473
282 0.01463
283 0.01453
284 0.01443
285 0.01433
286 0.01423
287 0.01414
288 0.01404
289 0.01394
290 0.01385
291 0.01375
292 0.01366
293 0.01357
294 0.01348
295 0.01339
296 0.01330
297 0.01321
298 0.01312
299 0.01303
300 0.01295
301 0.01286
302 0.01277
303 0.01269
304 0.01261
305 0.01252
306 0.01244
307 0.01236
308 0.01228
309 0.01220
310 0.01212
311 0.01204
312 0.01196
313 0.01188
314 0.01181
315 0.01173
316 0.01166
317 0.01158
318 0.01151
319 0.01143
320 0.01136
321 0.01129
322 0.01122
323 0.01115
324 0.01107
325 0.01100
326 0.01093
327 0.01087
328 0.01080
329 0.01073
330 0.01066
331 0.01060
332 0.01053
333 0.01046
334 0.01040
335 0.01033
336 0.01027
337 0.01021
338 0.01014
339 0.01008
340 0.01002
341 0.00996
342 0.00990
343 0.00983
344 0.00977
345 0.00971
346 0.00966
347 0.00960
348 0.00954
349 0.00948
350 0.00942
351 0.00937
352 0.00931
353 0.00925
354 0.00920
355 0.00914
356 0.00909
357 0.00903
358 0.00898
359 0.00892
360 0.00887
361 0.00882
362 0.00876
363 0.00871
364 0.00866
365 0.00861
366 0.00856
367 0.00851
368 0.00846
369 0.00841
370 0.00836
371 0.00831
372 0.00826
373 0.00821
374 0.00816
375 0.00812
376 0.00807
377 0.00802
378 0.00797
379 0.00792
380 0.00788
381 0.00783
382 0.00779
383 0.00774
384 0.00770
385 0.00765
386 0.00761
387 0.00756
388 0.00752
389 0.00748
390 0.00744
391 0.00739
392 0.00735
393 0.00731
394 0.00727
395 0.00723
396 0.00719
397 0.00715
398 0.00711
399 0.00707
400 0.00703
401 0.00699
402 0.00695
403 0.00692
404 0.00688
405 0.00684
406 0.00681
407 0.00677
408 0.00673
409 0.00670
410 0.00666
411 0.00663
412 0.00659
413 0.00656
414 0.00652
415 0.00649
416 0.00645
417 0.00642
418 0.00639
419 0.00636
420 0.00632
421 0.00629
422 0.00626
423 0.00623
424 0.00620
425 0.00617
426 0.00614
427 0.00611
428 0.00607
429 0.00604
430 0.00601
431 0.00599
432 0.00596
433 0.00593
434 0.00590
435 0.00587
436 0.00584
437 0.00581
438 0.00579
439 0.00576
440 0.00573
441 0.00571
442 0.00568
443 0.00565
444 0.00563
445 0.00560
446 0.00558
447 0.00555
448 0.00553
449 0.00550
450 0.00548
451 0.00545
452 0.00543
453 0.00540
454 0.00538
455 0.00536
456 0.00534
457 0.00531
458 0.00529
459 0.00527
460 0.00525
461 0.00522
462 0.00520
463 0.00518
464 0.00516
465 0.00514
466 0.00512
467 0.00510
468 0.00508
469 0.00506
470 0.00504
471 0.00502
472 0.00500
473 0.00498
474 0.00496
475 0.00494
476 0.00492
477 0.00491
478 0.00489
479 0.00487
480 0.00485
481 0.00483
482 0.00482
483 0.00480
484 0.00478
485 0.00477
486 0.00475
487 0.00473
488 0.00472
489 0.00470
490 0.00469
491 0.00467
492 0.00466
493 0.00464
494 0.00463
495 0.00461
496 0.00460
497 0.00458
498 0.00457
499 0.00455
500 0.00454
501 0.00453
502 0.00451
503 0.00450
504 0.00449
505 0.00447
506 0.00446
507 0.00445
508 0.00443
509 0.00442
510 0.00441
511 0.00440
512 0.00438
513 0.00437
514 0.00436
515 0.00435
516 0.00433
517 0.00431
518 0.00430
519 0.00429
520 0.00428
521 0.00427
522 0.00426
523 0.00425
524 0.00424
525 0.00423
526 0.00422
527 0.00421
528 0.00420
529 0.00419
530 0.00418
531 0.00417
532 0.00416
533 0.00415
534 0.00414
535 0.00414
536 0.00413
537 0.00412
538 0.00411
539 0.00410
540 0.00410
541 0.00409
542 0.00408
543 0.00408
544 0.00407
545 0.00406
546 0.00406
547 0.00405
548 0.00405
549 0.00404
550 0.00403
551 0.00403
552 0.00402
553 0.00402
554 0.00401
555 0.00401
556 0.00401
557 0.00400
558 0.00400
559 0.00399
560 0.00399
561 0.00399
562 0.00398
563 0.00398
564 0.00398
565 0.00398
566 0.00397
567 0.00397
568 0.00397
569 0.00397
570 0.00397
571 0.00397
572 0.00396
573 0.00396
574 0.00396
575 0.00396
576 0.00396
577 0.00396
578 0.00396
579 0.00396
580 0.00396
581 0.00396
582 0.00396
583 0.00397
584 0.00397
585 0.00397
586 0.00397
587 0.00397
588 0.00397
589 0.00398
590 0.00398
591 0.00398
592 0.00399
593 0.00399
594 0.00399
595 0.00400
596 0.00400
597 0.00400
598 0.00401
599 0.00401
600 0.00402
601 0.00402
602 0.00403
603 0.00403
604 0.00404
605 0.00405
606 0.00405
607 0.00406
608 0.00407
609 0.00407
610 0.00408
611 0.00409
612 0.00410
613 0.00410
614 0.00411
615 0.00412
616 0.00413
617 0.00414
618 0.00415
619 0.00416
620 0.00417
621 0.00418
622 0.00419
623 0.00420
624 0.00421
625 0.00422
626 0.00423
627 0.00424
628 0.00426
629 0.00427
630 0.00428
631 0.00429
632 0.00431
633 0.00432
634 0.00434
635 0.00435
636 0.00436
637 0.00438
638 0.00439
639 0.00441
640 0.00443
641 0.00444
642 0.00446
643 0.00448
644 0.00449
645 0.00451
646 0.00453
647 0.00455
648 0.00457
649 0.00459
650 0.00461
651 0.00463
652 0.00465
653 0.00467
654 0.00469
655 0.00471
656 0.00473
657 0.00475
658 0.00478
659 0.00480
660 0.00482
661 0.00485
662 0.00487
663 0.00490
664 0.00492
665 0.00495
666 0.00498
667 0.00500
668 0.00503
669 0.00506
670 0.00509
671 0.00512
672 0.00515
673 0.00518
674 0.00521
675 0.00524
676 0.00527
677 0.00530
678 0.00534
679 0.00537
680 0.00540
681 0.00544
682 0.00547
683 0.00551
684 0.00555
685 0.00558
686 0.00562
687 0.00566
688 0.00570
689 0.00574
690 0.00578
691 0.00582
692 0.00586
693 0.00591
694 0.00595
695 0.00600
696 0.00604
697 0.00609
698 0.00613
699 0.00618
700 0.00623
701 0.00628
702 0.00633
703 0.00638
704 0.00644
705 0.00649
706 0.00654
707 0.00660
708 0.00665
709 0.00671
710 0.00677
711 0.00683
712 0.00689
713 0.00695
714 0.00701
715 0.00708
716 0.00714
717 0.00721
718 0.00727
719 0.00734
720 0.00741
721 0.00748
722 0.00756
723 0.00763
724 0.00770
725 0.00778
726 0.00786
727 0.00794
728 0.00802
729 0.00810
730 0.00818
731 0.00827
732 0.00836
733 0.00845
734 0.00854
735 0.00863
736 0.00872
737 0.00882
738 0.00891
739 0.00901
740 0.00911
741 0.00922
742 0.00932
743 0.00943
744 0.00954
745 0.00965
746 0.00976
747 0.00988
748 0.00999
749 0.01011
750 0.01024
751 0.01036
752 0.01049
753 0.01062
754 0.01075
755 0.01088
756 0.01102
757 0.01116
758 0.01130
759 0.01145
760 0.01160
761 0.01175
762 0.01191
763 0.01206
764 0.01222
765 0.01239
766 0.01256
767 0.01273
768 0.01290
769 0.01308
770 0.01326
771 0.01345
772 0.01364
773 0.01383
774 0.01403
775 0.01423
776 0.01444
777 0.01465
778 0.01487
779 0.01509
780 0.01531
781 0.01554
782 0.01578
783 0.01602
784 0.01626
785 0.01651
786 0.01677
787 0.01703
788 0.01730
789 0.01757
790 0.01785
791 0.01813
792 0.01843
793 0.01872
794 0.01903
795 0.01934
796 0.01966
797 0.01999
798 0.02032
799 0.02066
800 0.02101
801 0.02137
802 0.02174
803 0.02211
804 0.02249
805 0.02288
806 0.02329
807 0.02370
808 0.02412
809 0.02455
810 0.02499
811 0.02544
812 0.02590
813 0.02637
814 0.02686
815 0.02736
816 0.02786
817 0.02839
818 0.02892
819 0.02947
820 0.03003
821 0.03060
822 0.03119
823 0.03179
824 0.03241
825 0.03305
826 0.03370
827 0.03436
828 0.03505
829 0.03575
830 0.03647
831 0.03721
832 0.03796
833 0.03874
834 0.03954
835 0.04035
836 0.04119
837 0.04205
838 0.04294
839 0.04384
840 0.04478
841 0.04573
842 0.04671
843 0.04772
844 0.04876
845 0.04982
846 0.05092
847 0.05204
848 0.05319
849 0.05438
850 0.05560
851 0.05685
852 0.05813
853 0.05946
854 0.06082
855 0.06221
856 0.06365
857 0.06513
858 0.06665
859 0.06821
860 0.06982
861 0.07148
862 0.07318
863 0.07493
864 0.07673
865 0.07859
866 0.08050
867 0.08247
868 0.08449
869 0.08657
870 0.08872
871 0.09093
872 0.09321
873 0.09555
874 0.09797
875 0.10046
876 0.10302
877 0.10567
878 0.10839
879 0.11120
880 0.11409
881 0.11708
882 0.12015
883 0.12332
884 0.12660
885 0.12997
886 0.13345
887 0.13704
888 0.14075
889 0.14457
890 0.14852
891 0.15259
892 0.15680
893 0.16114
894 0.16562
895 0.17025
896 0.17503
897 0.17996
898 0.18506
899 0.19033
900 0.19577
901 0.20139
902 0.20721
903 0.21321
904 0.21942
905 0.22584
906 0.23248
907 0.23934
908 0.24644
909 0.25378
910 0.26137
911 0.26922
912 0.27543
913 0.29894
914 0.31619
915 0.32912
916 0.33674
917 0.34053
918 0.34496
919 0.35020
920 0.35651
921 0.36424
922 0.36278
923 0.36132
924 0.37104
925 0.36958
926 0.36812
927 0.38074
928 0.37928
929 0.37782
930 0.37637
931 0.39342
932 0.39197
933 0.39052
934 0.38908
935 0.38763
936 0.38619
937 0.38474
938 0.40911
939 0.40768
940 0.40624
941 0.40481
942 0.40338
943 0.40195
944 0.40052
945 0.39909
946 0.39766
947 0.39624
948 0.39481
949 0.39339
950 0.43113
951 0.42972
952 0.42831
953 0.42691
954 0.42550
955 0.42410
956 0.42269
957 0.42129
958 0.41989
959 0.41849
960 0.41709
961 0.41569
962 0.41429
963 0.41289
964 0.41149
965 0.41009
966 0.40870
967 0.40730
968 0.40591
969 0.40452
970 0.40312
971 0.40173
972 0.40034
973 0.46673
974 0.46539
975 0.46404
976 0.46269
977 0.46134
978 0.45999
979 0.45864
980 0.45730
981 0.45595
982 0.45460
983 0.45326
984 0.45191
985 0.45056
986 0.44922
987 0.44787
988 0.44653
989 0.44518
990 0.44384
991 0.44250
992 0.44115
993 0.43981
994 0.43847
995 0.43713
996 0.43578
997 0.43444
998 0.43310
999 0.43176
1000 0.43042
1001 0.42909
1002 0.42775
1003 0.42641
1004 0.42507
1005 0.42374
1006 0.42240
1007 0.42107
1008 0.41973
1009 0.41840
1010 0.41706
1011 0.41573
1012 0.41440
1013 0.41307
1014 0.41174
1015 0.41041
1016 0.40908
1017 0.40775
1018 0.40643
1019 0.40510
1020 0.40378
1021 0.40245
1022 0.40113
1023 0.39980
1024 0.39848
1025 0.39716
1026 0.54549
1027 0.54430
1028 0.54311
1029 0.54192
1030 0.54072
1031 0.53953
1032 0.53834
1033 0.53714
1034 0.53595
1035 0.53475
1036 0.53356
1037 0.53236
1038 0.53117
1039 0.52997
1040 0.52878
1041 0.52758
1042 0.52638
1043 0.52518
1044 0.52398
1045 0.52279
1046 0.52159
1047 0.52039
1048 0.51919
1049 0.51799
1050 0.51679
1051 0.51559
1052 0.51439
1053 0.51319
1054 0.51198
1055 0.51078
1056 0.50958
1057 0.50838
1058 0.50718
1059 0.50597
1060 0.50477
1061 0.50357
1062 0.50237
1063 0.50116
1064 0.49996
1065 0.49876
1066 0.49755
1067 0.49635
1068 0.49514
1069 0.49394
1070 0.49274
1071 0.49153
1072 0.49033
1073 0.48912
1074 0.48792
1075 0.48671
1076 0.48551
1077 0.48430
1078 0.48310
1079 0.48190
1080 0.48069
1081 0.47949
1082 0.47828
1083 0.47708
1084 0.47587
1085 0.47467
1086 0.47346
1087 0.47226
1088 0.47106
1089 0.46985
1090 0.46865
1091 0.46744
1092 0.46624
1093 0.46504
1094 0.46383
1095 0.46263
1096 0.46143
1097 0.46022
1098 0.45902
1099 0.45782
1100 0.45662
1101 0.45541
1102 0.45421
1103 0.45301
1104 0.45181
1105 0.45061
1106 0.44941
1107 0.44821
1108 0.44701
1109 0.44581
1110 0.44461
1111 0.44341
1112 0.44221
1113 0.44101
1114 0.43981
1115 0.43861
1116 0.43741
1117 0.43622
1118 0.43502
1119 0.43382
1120 0.43263
1121 0.43143
1122 0.43024
1123 0.42904
1124 0.42785
1125 0.42665
1126 0.42546
1127 0.42427
1128 0.42308
1129 0.42188
1130 0.42069
1131 0.41950
1132 0.41831
1133 0.41712
1134 0.41593
1135 0.41474
1136 0.41356
1137 0.41237
1138 0.41118
1139 0.41000
1140 0.40881
1141 0.40763
1142 0.40644
1143 0.40526
1144 0.40408
1145 0.40289
1146 0.40171
1147 0.40053
1148 0.39935
1149 0.39817
1150 0.39699
1151 0.39581
1152 0.39464
1153 0.39346
1154 0.39228
1155 0.39111
1156 0.38994
1157 0.38876
1158 0.38759
1159 0.38642
1160 0.38525
1161 0.38408
1162 0.38291
1163 0.38174
1164 0.38057
1165 0.37941
1166 0.37824
1167 0.37707
1168 0.37591
1169 0.37475
1170 0.37359
1171 0.37242
1172 0.37126
1173 0.37010
1174 0.36895
1175 0.36779
1176 0.36663
1177 0.36548
1178 0.36432
1179 0.36317
1180 0.36202
1181 0.36087
1182 0.35972
1183 0.35857
1184 0.35742
1185 0.35627
1186 0.35513
1187 0.35398
1188 0.35284
1189 0.35169
1190 0.35055
1191 0.34941
1192 0.34827
1193 0.34713
1194 0.34600
1195 0.34486
1196 0.34373
1197 0.34259
1198 0.34146
1199 0.34033
1200 0.33920
1201 0.33807
1202 0.33694
1203 0.33582
1204 0.33469
1205 0.33357
1206 0.33245
1207 0.33133
1208 0.33021
1209 0.32909
1210 0.32797
1211 0.32686
1212 0.32574
1213 0.32463
1214 0.32352
1215 0.32241
1216 1.00000
