17 1.47806
18 1.41708
19 1.36253
20 1.31342
21 1.26896
22 1.22847
23 1.19144
24 1.15742
25 1.12605
26 1.09701
27 1.07004
28 1.04492
29 1.02145
30 0.99947
31 0.97884
32 0.95942
33 0.94111
34 0.92380
35 0.90743
36 0.89189
37 0.87714
38 0.86311
39 0.84974
40 0.83698
41 0.82480
42 0.81314
43 0.80198
44 0.79128
45 0.78102
46 0.77115
47 0.76167
48 0.75254
49 0.74375
50 0.73527
51 0.72709
52 0.71919
53 0.71155
54 0.70417
55 0.69702
56 0.69010
57 0.68340
58 0.67690
59 0.67059
60 0.66447
61 0.65852
62 0.65274
63 0.64712
64 0.64166
65 0.63634
66 0.63116
67 0.62612
68 0.62120
69 0.61641
70 0.61174
71 0.60718
72 0.60273
73 0.59838
74 0.59414
75 0.58999
76 0.58594
77 0.58198
78 0.57810
79 0.57431
80 0.57060
81 0.56697
82 0.56341
83 0.55992
84 0.55651
85 0.55317
86 0.54989
87 0.54667
88 0.54352
89 0.54043
90 0.53739
91 0.53442
92 0.53149
93 0.52862
94 0.52581
95 0.52304
96 0.52032
97 0.51765
98 0.51502
99 0.51244
100 0.50990
101 0.50741
102 0.50495
103 0.50254
104 0.50017
105 0.49783
106 0.49553
107 0.49327
108 0.49104
109 0.48885
110 0.48669
111 0.48456
112 0.48247
113 0.48041
114 0.47837
115 0.47637
116 0.47440
117 0.47245
118 0.47053
119 0.46864
120 0.46678
121 0.46494
122 0.46313
123 0.46134
124 0.45958
125 0.45784
126 0.45612
127 0.45443
128 0.45276
129 0.45111
130 0.44949
131 0.44788
132 0.44630
133 0.44473
134 0.44319
135 0.44166
136 0.44015
137 0.43867
138 0.43720
139 0.43575
140 0.43431
141 0.43290
142 0.43150
143 0.43012
144 0.42875
145 0.42740
146 0.42607
147 0.42475
148 0.42345
149 0.42216
150 0.42089
151 0.41963
152 0.41839
153 0.41716
154 0.41594
155 0.41474
156 0.41355
157 0.41238
158 0.41122
159 0.41007
160 0.40893
161 0.40781
162 0.40669
163 0.40560
164 0.40451
165 0.40343
166 0.40237
167 0.40131
168 0.40027
169 0.39924
170 0.39822
171 0.39721
172 0.39621
173 0.39522
174 0.39424
175 0.39327
176 0.39232
177 0.39137
178 0.39043
179 0.38950
180 0.38858
181 0.38767
182 0.38677
183 0.38588
184 0.38499
185 0.38412
186 0.38325
187 0.38239
188 0.38155
189 0.38071
190 0.37987
191 0.37905
192 0.37823
193 0.37743
194 0.37663
195 0.37584
196 0.37505
197 0.37427
198 0.37350
199 0.37274
200 0.37199
201 0.37124
202 0.37050
203 0.36977
204 0.36904
205 0.36832
206 0.36761
207 0.36691
208 0.36621
209 0.36552
210 0.36483
211 0.36415
212 0.36348
213 0.36281
214 0.36215
215 0.36150
216 0.36085
217 0.36021
218 0.35958
219 0.35895
220 0.35832
221 0.35771
222 0.35710
223 0.35649
224 0.35589
225 0.35529
226 0.35471
227 0.35412
228 0.35354
229 0.35297
230 0.35240
231 0.35184
232 0.35129
233 0.35073
234 0.35019
235 0.34965
236 0.34911
237 0.34858
238 0.34805
239 0.34753
240 0.34702
241 0.34650
242 0.34600
243 0.34550
244 0.34500
245 0.34451
246 0.34402
247 0.34353
248 0.34306
249 0.34258
250 0.34211
251 0.34165
252 0.34119
253 0.34073
254 0.34028
255 0.33983
256 0.33939
257 0.33895
258 0.33851
259 0.33808
260 0.33766
261 0.33723
262 0.33682
263 0.33640
264 0.33599
265 0.33559
266 0.33518
267 0.33478
268 0.33439
269 0.33400
270 0.33361
271 0.33323
272 0.33285
273 0.33248
274 0.33210
275 0.33174
276 0.33137
277 0.33101
278 0.33066
279 0.33030
280 0.32995
281 0.32961
282 0.32926
283 0.32893
284 0.32859
285 0.32826
286 0.32793
287 0.32761
288 0.32728
289 0.32697
290 0.32665
291 0.32634
292 0.32603
293 0.32573
294 0.32543
295 0.32513
296 0.32483
297 0.32454
298 0.32425
299 0.32397
300 0.32369
301 0.32341
302 0.32313
303 0.32286
304 0.32259
305 0.32232
306 0.32206
307 0.32180
308 0.32154
309 0.32129
310 0.32104
311 0.32079
312 0.32055
313 0.32030
314 0.32006
315 0.31983
316 0.31959
317 0.31936
318 0.31914
319 0.31891
320 0.31869
321 0.31847
322 0.31826
323 0.31804
324 0.31783
325 0.31762
326 0.31742
327 0.31722
328 0.31702
329 0.31682
330 0.31663
331 0.31644
332 0.31625
333 0.31606
334 0.31588
335 0.31570
336 0.31552
337 0.31535
338 0.31518
339 0.31501
340 0.31484
341 0.31468
342 0.31452
343 0.31436
344 0.31420
345 0.31405
346 0.31389
347 0.31375
348 0.31360
349 0.31346
350 0.31331
351 0.31318
352 0.31304
353 0.31291
354 0.31278
355 0.31265
356 0.31252
357 0.31240
358 0.31228
359 0.31216
360 0.31204
361 0.31193
362 0.31182
363 0.31171
364 0.31160
365 0.31150
366 0.31140
367 0.31130
368 0.31120
369 0.31110
370 0.31101
371 0.31092
372 0.31084
373 0.31075
374 0.31067
375 0.31059
376 0.31051
377 0.31043
378 0.31036
379 0.31029
380 0.31022
381 0.31015
382 0.31009
383 0.31003
384 0.30997
385 0.30991
386 0.30986
387 0.30980
388 0.30975
389 0.30971
390 0.30966
391 0.30962
392 0.30958
393 0.30954
394 0.30950
395 0.30946
396 0.30943
397 0.30940
398 0.30937
399 0.30935
400 0.30933
401 0.30930
402 0.30928
403 0.30927
404 0.30925
405 0.30924
406 0.30923
407 0.30922
408 0.30922
409 0.30921
410 0.30921
411 0.30921
412 0.30922
413 0.30922
414 0.30923
415 0.30924
416 0.30925
417 0.30926
418 0.30928
419 0.30930
420 0.30932
421 0.30934
422 0.30936
423 0.30939
424 0.30942
425 0.30945
426 0.30948
427 0.30952
428 0.30956
429 0.30959
430 0.30964
431 0.30968
432 0.30973
433 0.30977
434 0.30982
435 0.30988
436 0.30993
437 0.30999
438 0.31005
439 0.31011
440 0.31017
441 0.31023
442 0.31030
443 0.31037
444 0.31044
445 0.31051
446 0.31059
447 0.31067
448 0.31075
449 0.31083
450 0.31091
451 0.31100
452 0.31109
453 0.31118
454 0.31127
455 0.31137
456 0.31146
457 0.31156
458 0.31166
459 0.31176
460 0.31187
461 0.31198
462 0.31209
463 0.31220
464 0.31231
465 0.31243
466 0.31254
467 0.31266
468 0.31279
469 0.31291
470 0.31304
471 0.31316
472 0.31329
473 0.31343
474 0.31356
475 0.31370
476 0.31384
477 0.31398
478 0.31412
479 0.31427
480 0.31441
481 0.31456
482 0.31471
483 0.31487
484 0.31502
485 0.31518
486 0.31534
487 0.31550
488 0.31567
489 0.31583
490 0.31600
491 0.31617
492 0.31634
493 0.31652
494 0.31670
495 0.31688
496 0.31706
497 0.31724
498 0.31743
499 0.31761
500 0.31780
501 0.31800
502 0.31819
503 0.31839
504 0.31858
505 0.31879
506 0.31899
507 0.31919
508 0.31940
509 0.31961
510 0.31982
511 0.32003
512 0.32025
513 0.32047
514 0.32069
515 0.32091
516 0.32114
517 0.32136
518 0.32159
519 0.32182
520 0.32206
521 0.32229
522 0.32253
523 0.32277
524 0.32301
525 0.32326
526 0.32350
527 0.32375
528 0.32400
529 0.32426
530 0.32451
531 0.32477
532 0.32503
533 0.32529
534 0.32556
535 0.32582
536 0.32609
537 0.32637
538 0.32664
539 0.32692
540 0.32719
541 0.32747
542 0.32776
543 0.32804
544 0.32833
545 0.32862
546 0.32891
547 0.32921
548 0.32950
549 0.32980
550 0.33010
551 0.33041
552 0.33071
553 0.33102
554 0.33133
555 0.33164
556 0.33196
557 0.33228
558 0.33260
559 0.33292
560 0.33324
561 0.33357
562 0.33390
563 0.33423
564 0.33457
565 0.33490
566 0.33524
567 0.33558
568 0.33593
569 0.33627
570 0.33662
571 0.33697
572 0.33733
573 0.33768
574 0.33804
575 0.33840
576 0.33877
577 0.33913
578 0.33950
579 0.33987
580 0.34025
581 0.34062
582 0.34100
583 0.34138
584 0.34176
585 0.34215
586 0.34254
587 0.34293
588 0.34332
589 0.34372
590 0.34412
591 0.34452
592 0.34492
593 0.34533
594 0.34574
595 0.34615
596 0.34656
597 0.34698
598 0.34740
599 0.34782
600 0.34825
601 0.34867
602 0.34910
603 0.34954
604 0.34997
605 0.35041
606 0.35085
607 0.35129
608 0.35174
609 0.35219
610 0.35264
611 0.35309
612 0.35355
613 0.35401
614 0.35447
615 0.35494
616 0.35541
617 0.35588
618 0.35635
619 0.35683
620 0.35730
621 0.35779
622 0.35827
623 0.35876
624 0.35925
625 0.35974
626 0.36024
627 0.36074
628 0.36124
629 0.36174
630 0.36225
631 0.36276
632 0.36327
633 0.36379
634 0.36431
635 0.36483
636 0.36535
637 0.36588
638 0.36641
639 0.36695
640 0.36748
641 0.36802
642 0.36856
643 0.36911
644 0.36966
645 0.37021
646 0.37077
647 0.37132
648 0.37166
649 0.37222
650 0.37279
651 0.37336
652 0.37393
653 0.37451
654 0.37509
655 0.37568
656 0.37627
657 0.37687
658 0.37746
659 0.37807
660 0.37868
661 0.37929
662 0.37991
663 0.38053
664 0.38115
665 0.38178
666 0.38242
667 0.38306
668 0.38370
669 0.38435
670 0.38501
671 0.38567
672 0.38633
673 0.38700
674 0.38768
675 0.38835
676 0.38903
677 0.38972
678 0.39041
679 0.39111
680 0.39181
681 0.39252
682 0.39324
683 0.39396
684 0.39469
685 0.39542
686 0.39616
687 0.39690
688 0.39765
689 0.39840
690 0.39916
691 0.39992
692 0.40069
693 0.40146
694 0.40224
695 0.40302
696 0.40381
697 0.40460
698 0.40540
699 0.40621
700 0.40703
701 0.40785
702 0.40867
703 0.40950
704 0.41034
705 0.41119
706 0.41204
707 0.41290
708 0.41377
709 0.41464
710 0.41552
711 0.41640
712 0.41729
713 0.41819
714 0.41910
715 0.42001
716 0.42093
717 0.42186
718 0.42279
719 0.42373
720 0.42468
721 0.42564
722 0.42660
723 0.42757
724 0.42855
725 0.42953
726 0.43052
727 0.43152
728 0.43253
729 0.43353
730 0.43453
731 0.43554
732 0.43656
733 0.43759
734 0.43863
735 0.43967
736 0.44072
737 0.44178
738 0.44285
739 0.44392
740 0.44500
741 0.44609
742 0.44719
743 0.44830
744 0.44942
745 0.45054
746 0.45167
747 0.45282
748 0.45396
749 0.45512
750 0.45629
751 0.45747
752 0.45865
753 0.45984
754 0.46105
755 0.46226
756 0.46348
757 0.46471
758 0.46595
759 0.46720
760 0.46846
761 0.46972
762 0.47100
763 0.47229
764 0.47358
765 0.47489
766 0.47620
767 0.47753
768 0.47886
769 0.48021
770 0.48157
771 0.48293
772 0.48431
773 0.48569
774 0.48709
775 0.48850
776 0.48992
777 0.49135
778 0.49279
779 0.49424
780 0.49570
781 0.49717
782 0.49865
783 0.50015
784 0.50165
785 0.50317
786 0.50470
787 0.50624
788 0.50779
789 0.50936
790 0.51093
791 0.51252
792 0.51412
793 0.51573
794 0.51736
795 0.51899
796 0.52064
797 0.52230
798 0.52398
799 0.52567
800 0.52737
801 0.52908
802 0.53080
803 0.53254
804 0.53430
805 0.53606
806 0.53784
807 0.53963
808 0.54144
809 0.54326
810 0.54509
811 0.54694
812 0.54881
813 0.55068
814 0.55257
815 0.55448
816 0.55640
817 0.55834
818 0.56029
819 0.56225
820 0.56423
821 0.56623
822 0.56824
823 0.57027
824 0.57231
825 0.57437
826 0.57644
827 0.57853
828 0.58064
829 0.58276
830 0.58490
831 0.58706
832 0.58923
833 0.59142
834 0.59363
835 0.59585
836 0.59810
837 0.60036
838 0.60263
839 0.60493
840 0.60724
841 0.60957
842 0.61192
843 0.61429
844 0.61668
845 0.61909
846 0.62151
847 0.62395
848 0.62642
849 0.62890
850 0.63140
851 0.63393
852 0.63647
853 0.63903
854 0.64162
855 0.64422
856 0.64685
857 0.64949
858 0.65216
859 0.65485
860 0.65756
861 0.66029
862 0.66304
863 0.66580
864 0.66851
865 0.67125
866 0.67400
867 0.67678
868 0.67958
869 0.68241
870 0.68525
871 0.68812
872 0.69101
873 0.69393
874 0.69686
875 0.69983
876 0.70281
877 0.70582
878 0.70885
879 0.71191
880 0.71499
881 0.71810
882 0.72123
883 0.72302
884 0.72619
885 0.72938
886 0.73259
887 0.73583
888 0.73910
889 0.74239
890 0.74571
891 0.74907
892 0.75245
893 0.75586
894 0.75930
895 0.76276
896 0.76626
897 0.76979
898 0.77335
899 0.77695
900 0.78057
901 0.78423
902 0.78792
903 0.79164
904 0.79539
905 0.79918
906 0.80300
907 0.80685
908 0.81074
909 0.81467
910 0.81863
911 0.82262
912 0.82572
913 0.83859
914 0.84716
915 0.85311
916 0.85644
917 0.85809
918 0.85995
919 0.86207
920 0.86454
921 0.86744
922 0.86696
923 0.86647
924 0.87000
925 0.86952
926 0.86905
927 0.87345
928 0.87299
929 0.87252
930 0.87205
931 0.87776
932 0.87731
933 0.87686
934 0.87641
935 0.87596
936 0.87551
937 0.87506
938 0.88287
939 0.88244
940 0.88201
941 0.88158
942 0.88115
943 0.88071
944 0.88028
945 0.87985
946 0.87941
947 0.87897
948 0.87853
949 0.87809
950 0.88962
951 0.88922
952 0.88882
953 0.88842
954 0.88801
955 0.88761
956 0.88720
957 0.88680
958 0.88639
959 0.88598
960 0.88557
961 0.88516
962 0.88475
963 0.88433
964 0.88392
965 0.88351
966 0.88309
967 0.88267
968 0.88226
969 0.88184
970 0.88142
971 0.88100
972 0.88058
973 0.89977
974 0.89941
975 0.89905
976 0.89869
977 0.89833
978 0.89797
979 0.89761
980 0.89724
981 0.89688
982 0.89651
983 0.89615
984 0.89578
985 0.89541
986 0.89504
987 0.89468
988 0.89431
989 0.89393
990 0.89356
991 0.89319
992 0.89282
993 0.89244
994 0.89207
995 0.89169
996 0.89131
997 0.89093
998 0.89055
999 0.89017
1000 0.88979
1001 0.88941
1002 0.88902
1003 0.88864
1004 0.88826
1005 0.88787
1006 0.88748
1007 0.88709
1008 0.88671
1009 0.88632
1010 0.88593
1011 0.88554
1012 0.88514
1013 0.88475
1014 0.88436
1015 0.88396
1016 0.88357
1017 0.88317
1018 0.88277
1019 0.88238
1020 0.88198
1021 0.88158
1022 0.88118
1023 0.88078
1024 0.88037
1025 0.87997
1026 0.91965
1027 0.91937
1028 0.91910
1029 0.91882
1030 0.91854
1031 0.91826
1032 0.91798
1033 0.91770
1034 0.91742
1035 0.91714
1036 0.91686
1037 0.91657
1038 0.91629
1039 0.91601
1040 0.91572
1041 0.91544
1042 0.91515
1043 0.91486
1044 0.91458
1045 0.91429
1046 0.91400
1047 0.91371
1048 0.91342
1049 0.91313
1050 0.91284
1051 0.91255
1052 0.91225
1053 0.91196
1054 0.91167
1055 0.91137
1056 0.91108
1057 0.91078
1058 0.91048
1059 0.91019
1060 0.90989
1061 0.90959
1062 0.90929
1063 0.90899
1064 0.90869
1065 0.90839
1066 0.90809
1067 0.90778
1068 0.90748
1069 0.90718
1070 0.90687
1071 0.90657
1072 0.90626
1073 0.90596
1074 0.90565
1075 0.90534
1076 0.90503
1077 0.90472
1078 0.90441
1079 0.90410
1080 0.90379
1081 0.90348
1082 0.90317
1083 0.90285
1084 0.90254
1085 0.90223
1086 0.90191
1087 0.90160
1088 0.90128
1089 0.90096
1090 0.90064
1091 0.90033
1092 0.90001
1093 0.89969
1094 0.89937
1095 0.89904
1096 0.89872
1097 0.89840
1098 0.89808
1099 0.89775
1100 0.89743
1101 0.89710
1102 0.89678
1103 0.89645
1104 0.89612
1105 0.89580
1106 0.89547
1107 0.89514
1108 0.89481
1109 0.89448
1110 0.89415
1111 0.89381
1112 0.89348
1113 0.89315
1114 0.89281
1115 0.89248
1116 0.89214
1117 0.89181
1118 0.89147
1119 0.89113
1120 0.89079
1121 0.89046
1122 0.89012
1123 0.88978
1124 0.88943
1125 0.88909
1126 0.88875
1127 0.88841
1128 0.88806
1129 0.88772
1130 0.88737
1131 0.88703
1132 0.88668
1133 0.88634
1134 0.88599
1135 0.88564
1136 0.88529
1137 0.88494
1138 0.88459
1139 0.88424
1140 0.88389
1141 0.88353
1142 0.88318
1143 0.88283
1144 0.88247
1145 0.88212
1146 0.88176
1147 0.88140
1148 0.88105
1149 0.88069
1150 0.88033
1151 0.87997
1152 0.87961
1153 0.87925
1154 0.87889
1155 0.87852
1156 0.87816
1157 0.87780
1158 0.87743
1159 0.87707
1160 0.87670
1161 0.87634
1162 0.87597
1163 0.87560
1164 0.87523
1165 0.87486
1166 0.87449
1167 0.87412
1168 0.87375
1169 0.87338
1170 0.87301
1171 0.87263
1172 0.87226
1173 0.87188
1174 0.87151
1175 0.87113
1176 0.87075
1177 0.87038
1178 0.87000
1179 0.86962
1180 0.86924
1181 0.86885
1182 0.86847
1183 0.86809
1184 0.86771
1185 0.86732
1186 0.86694
1187 0.86655
1188 0.86616
1189 0.86578
1190 0.86539
1191 0.86500
1192 0.86461
1193 0.86422
1194 0.86383
1195 0.86344
1196 0.86305
1197 0.86265
1198 0.86226
1199 0.86187
1200 0.86147
1201 0.86108
1202 0.86068
1203 0.86028
1204 0.85988
1205 0.85949
1206 0.85909
1207 0.85869
1208 0.85829
1209 0.85788
1210 0.85748
1211 0.85708
1212 0.85668
1213 0.85627
1214 0.85587
1215 0.85546
1216 1.00000
