17 30.64901
18 22.43222
19 16.77619
20 12.78738
21 9.91320
22 7.80204
23 6.22439
24 5.02695
25 4.10520
26 3.38650
27 2.81953
28 2.36742
29 2.00333
30 1.70743
31 1.46491
32 1.26460
33 1.09792
34 0.95830
35 0.84059
36 0.74078
37 0.65566
38 0.58269
39 0.51984
40 0.46544
41 0.41816
42 0.37689
43 0.34073
44 0.30892
45 0.28085
46 0.25600
47 0.23391
48 0.21424
49 0.19666
50 0.18090
51 0.16674
52 0.15399
53 0.14248
54 0.13206
55 0.12261
56 0.11403
57 0.10620
58 0.09907
59 0.09254
60 0.08657
61 0.08108
62 0.07604
63 0.07141
64 0.06713
65 0.06318
66 0.05953
67 0.05615
68 0.05301
69 0.05010
70 0.04740
71 0.04488
72 0.04253
73 0.04034
74 0.03830
75 0.03639
76 0.03460
77 0.03292
78 0.03135
79 0.02987
80 0.02849
81 0.02718
82 0.02595
83 0.02480
84 0.02371
85 0.02268
86 0.02171
87 0.02079
88 0.01992
89 0.01910
90 0.01832
91 0.01758
92 0.01688
93 0.01621
94 0.01558
95 0.01498
96 0.01441
97 0.01387
98 0.01335
99 0.01286
100 0.01239
101 0.01194
102 0.01152
103 0.01111
104 0.01072
105 0.01035
106 0.00999
107 0.00965
108 0.00933
109 0.00902
110 0.00872
111 0.00843
112 0.00816
113 0.00790
114 0.00764
115 0.00740
116 0.00717
117 0.00695
118 0.00673
119 0.00652
120 0.00633
121 0.00614
122 0.00595
123 0.00578
124 0.00560
125 0.00544
126 0.00528
127 0.00513
128 0.00498
129 0.00484
130 0.00471
131 0.00457
132 0.00445
133 0.00432
134 0.00420
135 0.00409
136 0.00398
137 0.00387
138 0.00377
139 0.00367
140 0.00357
141 0.00348
142 0.00339
143 0.00330
144 0.00321
145 0.00313
146 0.00305
147 0.00297
148 0.00290
149 0.00283
150 0.00275
151 0.00269
152 0.00262
153 0.00256
154 0.00249
155 0.00243
156 0.00237
157 0.00232
158 0.00226
159 0.00221
160 0.00215
161 0.00210
162 0.00205
163 0.00201
164 0.00196
165 0.00191
166 0.00187
167 0.00183
168 0.00178
169 0.00174
170 0.00170
171 0.00167
172 0.00163
173 0.00159
174 0.00156
175 0.00152
176 0.00149
177 0.00145
178 0.00142
179 0.00139
180 0.00136
181 0.00133
182 0.00130
183 0.00127
184 0.00125
185 0.00122
186 0.00119
187 0.00117
188 0.00114
189 0.00112
190 0.00110
191 0.00107
192 0.00105
193 0.00103
194 0.00101
195 0.00099
196 0.00096
197 0.00094
198 0.00093
199 0.00091
200 0.00089
201 0.00087
202 0.00085
203 0.00083
204 0.00082
205 0.00080
206 0.00078
207 0.00077
208 0.00075
209 0.00074
210 0.00072
211 0.00071
212 0.00069
213 0.00068
214 0.00067
215 0.00065
216 0.00064
217 0.00063
218 0.00062
219 0.00060
220 0.00059
221 0.00058
222 0.00057
223 0.00056
224 0.00055
225 0.00054
226 0.00053
227 0.00052
228 0.00051
229 0.00050
230 0.00049
231 0.00048
232 0.00047
233 0.00046
234 0.00045
235 0.00044
236 0.00043
237 0.00043
238 0.00042
239 0.00041
240 0.00040
241 0.00039
242 0.00039
243 0.00038
244 0.00037
245 0.00037
246 0.00036
247 0.00035
248 0.00034
249 0.00034
250 0.00033
251 0.00033
252 0.00032
253 0.00031
254 0.00031
255 0.00030
256 0.00030
257 0.00029
258 0.00029
259 0.00028
260 0.00028
261 0.00027
262 0.00027
263 0.00026
264 0.00026
265 0.00025
266 0.00025
267 0.00024
268 0.00024
269 0.00023
270 0.00023
271 0.00022
272 0.00022
273 0.00022
274 0.00021
275 0.00021
276 0.00020
277 0.00020
278 0.00020
279 0.00019
280 0.00019
281 0.00019
282 0.00018
283 0.00018
284 0.00018
285 0.00017
286 0.00017
287 0.00017
288 0.00016
289 0.00016
290 0.00016
291 0.00016
292 0.00015
293 0.00015
294 0.00015
295 0.00014
296 0.00014
297 0.00014
298 0.00014
299 0.00013
300 0.00013
301 0.00013
302 0.00013
303 0.00012
304 0.00012
305 0.00012
306 0.00012
307 0.00012
308 0.00011
309 0.00011
310 0.00011
311 0.00011
312 0.00011
313 0.00010
314 0.00010
315 0.00010
316 0.00010
317 0.00010
318 0.00010
319 0.00009
320 0.00009
321 0.00009
322 0.00009
323 0.00009
324 0.00009
325 0.00008
326 0.00008
327 0.00008
328 0.00008
329 0.00008
330 0.00008
331 0.00008
332 0.00007
333 0.00007
334 0.00007
335 0.00007
336 0.00007
337 0.00007
338 0.00007
339 0.00007
340 0.00006
341 0.00006
342 0.00006
343 0.00006
344 0.00006
345 0.00006
346 0.00006
347 0.00006
348 0.00006
349 0.00006
350 0.00005
351 0.00005
352 0.00005
353 0.00005
354 0.00005
355 0.00005
356 0.00005
357 0.00005
358 0.00005
359 0.00005
360 0.00005
361 0.00004
362 0.00004
363 0.00004
364 0.00004
365 0.00004
366 0.00004
367 0.00004
368 0.00004
369 0.00004
370 0.00004
371 0.00004
372 0.00004
373 0.00004
374 0.00004
375 0.00004
376 0.00003
377 0.00003
378 0.00003
379 0.00003
380 0.00003
381 0.00003
382 0.00003
383 0.00003
384 0.00003
385 0.00003
386 0.00003
387 0.00003
388 0.00003
389 0.00003
390 0.00003
391 0.00003
392 0.00003
393 0.00003
394 0.00003
395 0.00003
396 0.00003
397 0.00002
398 0.00002
399 0.00002
400 0.00002
401 0.00002
402 0.00002
403 0.00002
404 0.00002
405 0.00002
406 0.00002
407 0.00002
408 0.00002
409 0.00002
410 0.00002
411 0.00002
412 0.00002
413 0.00002
414 0.00002
415 0.00002
416 0.00002
417 0.00002
418 0.00002
419 0.00002
420 0.00002
421 0.00002
422 0.00002
423 0.00002
424 0.00002
425 0.00002
426 0.00002
427 0.00002
428 0.00002
429 0.00002
430 0.00001
431 0.00001
432 0.00001
433 0.00001
434 0.00001
435 0.00001
436 0.00001
437 0.00001
438 0.00001
439 0.00001
440 0.00001
441 0.00001
442 0.00001
443 0.00001
444 0.00001
445 0.00001
446 0.00001
447 0.00001
448 0.00001
449 0.00001
450 0.00001
451 0.00001
452 0.00001
453 0.00001
454 0.00001
455 0.00001
456 0.00001
457 0.00001
458 0.00001
459 0.00001
460 0.00001
461 0.00001
462 0.00001
463 0.00001
464 0.00001
465 0.00001
466 0.00001
467 0.00001
468 0.00001
469 0.00001
470 0.00001
471 0.00001
472 0.00001
473 0.00001
474 0.00001
475 0.00001
476 0.00001
477 0.00001
478 0.00001
479 0.00001
480 0.00001
481 0.00001
482 0.00001
483 0.00001
484 0.00001
485 0.00001
486 0.00001
487 0.00001
488 0.00001
489 0.00001
490 0.00001
491 0.00001
492 0.00001
493 0.00001
494 0.00001
495 0.00001
496 0.00001
497 0.00001
498 0.00001
499 0.00001
500 0.00001
501 0.00001
502 0.00001
503 0.00001
504 0.00001
505 0.00001
506 0.00001
507 0.00001
508 0.00001
509 0.00001
510 0.00001
511 0.00001
512 0.00001
513 0.00001
514 0.00001
515 0.00001
516 0.00001
517 0.00001
518 0.00001
519 0.00001
520 0.00001
521 0.00001
522 0.00001
523 0.00000
524 0.00000
525 0.00000
526 0.00000
527 0.00000
528 0.00000
529 0.00000
530 0.00000
531 0.00000
532 0.00000
533 0.00000
534 0.00000
535 0.00000
536 0.00000
537 0.00000
538 0.00000
539 0.00000
540 0.00000
541 0.00000
542 0.00000
543 0.00000
544 0.00000
545 0.00000
546 0.00000
547 0.00000
548 0.00000
549 0.00000
550 0.00000
551 0.00000
552 0.00000
553 0.00000
554 0.00000
555 0.00000
556 0.00000
557 0.00000
558 0.00000
559 0.00000
560 0.00000
561 0.00000
562 0.00000
563 0.00000
564 0.00000
565 0.00000
566 0.00000
567 0.00000
568 0.00000
569 0.00000
570 0.00000
571 0.00000
572 0.00000
573 0.00000
574 0.00000
575 0.00000
576 0.00000
577 0.00000
578 0.00000
579 0.00000
580 0.00000
581 0.00000
582 0.00000
583 0.00000
584 0.00000
585 0.00000
586 0.00000
587 0.00000
588 0.00000
589 0.00000
590 0.00000
591 0.00000
592 0.00000
593 0.00000
594 0.00000
595 0.00000
596 0.00000
597 0.00000
598 0.00000
599 0.00000
600 0.00000
601 0.00000
602 0.00000
603 0.00000
604 0.00000
605 0.00000
606 0.00000
607 0.00000
608 0.00000
609 0.00000
610 0.00000
611 0.00000
612 0.00000
613 0.00000
614 0.00000
615 0.00000
616 0.00000
617 0.00000
618 0.00000
619 0.00000
620 0.00000
621 0.00000
622 0.00000
623 0.00000
624 0.00000
625 0.00000
626 0.00000
627 0.00000
628 0.00000
629 0.00000
630 0.00000
631 0.00000
632 0.00000
633 0.00000
634 0.00000
635 0.00000
636 0.00000
637 0.00000
638 0.00000
639 0.00000
640 0.00000
641 0.00000
642 0.00000
643 0.00000
644 0.00000
645 0.00000
646 0.00000
647 0.00000
648 0.00000
649 0.00000
650 0.00000
651 0.00000
652 0.00000
653 0.00000
654 0.00000
655 0.00000
656 0.00000
657 0.00000
658 0.00000
659 0.00000
660 0.00000
661 0.00000
662 0.00000
663 0.00000
664 0.00000
665 0.00000
666 0.00000
667 0.00000
668 0.00000
669 0.00000
670 0.00000
671 0.00000
672 0.00000
673 0.00001
674 0.00001
675 0.00001
676 0.00001
677 0.00001
678 0.00001
679 0.00001
680 0.00001
681 0.00001
682 0.00001
683 0.00001
684 0.00001
685 0.00001
686 0.00001
687 0.00001
688 0.00001
689 0.00001
690 0.00001
691 0.00001
692 0.00001
693 0.00001
694 0.00001
695 0.00001
696 0.00001
697 0.00001
698 0.00001
699 0.00001
700 0.00001
701 0.00001
702 0.00001
703 0.00001
704 0.00001
705 0.00001
706 0.00001
707 0.00001
708 0.00001
709 0.00001
710 0.00001
711 0.00001
712 0.00001
713 0.00001
714 0.00001
715 0.00001
716 0.00001
717 0.00001
718 0.00001
719 0.00001
720 0.00001
721 0.00001
722 0.00001
723 0.00001
724 0.00001
725 0.00001
726 0.00001
727 0.00001
728 0.00001
729 0.00001
730 0.00001
731 0.00001
732 0.00001
733 0.00001
734 0.00001
735 0.00001
736 0.00001
737 0.00001
738 0.00001
739 0.00001
740 0.00001
741 0.00001
742 0.00002
743 0.00002
744 0.00002
745 0.00002
746 0.00002
747 0.00002
748 0.00002
749 0.00002
750 0.00002
751 0.00002
752 0.00002
753 0.00002
754 0.00002
755 0.00002
756 0.00002
757 0.00002
758 0.00002
759 0.00002
760 0.00002
761 0.00002
762 0.00002
763 0.00003
764 0.00003
765 0.00003
766 0.00003
767 0.00003
768 0.00003
769 0.00003
770 0.00003
771 0.00003
772 0.00003
773 0.00003
774 0.00003
775 0.00004
776 0.00003
777 0.00004
778 0.00004
779 0.00004
780 0.00004
781 0.00004
782 0.00004
783 0.00004
784 0.00004
785 0.00005
786 0.00005
787 0.00005
788 0.00005
789 0.00005
790 0.00005
791 0.00006
792 0.00006
793 0.00006
794 0.00006
795 0.00006
796 0.00007
797 0.00007
798 0.00007
799 0.00007
800 0.00008
801 0.00008
802 0.00008
803 0.00008
804 0.00009
805 0.00009
806 0.00009
807 0.00010
808 0.00010
809 0.00010
810 0.00011
811 0.00011
812 0.00012
813 0.00012
814 0.00013
815 0.00013
816 0.00014
817 0.00014
818 0.00015
819 0.00016
820 0.00016
821 0.00017
822 0.00018
823 0.00018
824 0.00019
825 0.00020
826 0.00021
827 0.00022
828 0.00023
829 0.00024
830 0.00025
831 0.00026
832 0.00028
833 0.00029
834 0.00030
835 0.00032
836 0.00033
837 0.00035
838 0.00036
839 0.00038
840 0.00040
841 0.00042
842 0.00044
843 0.00046
844 0.00049
845 0.00051
846 0.00054
847 0.00057
848 0.00060
849 0.00063
850 0.00066
851 0.00070
852 0.00074
853 0.00078
854 0.00082
855 0.00086
856 0.00091
857 0.00096
858 0.00102
859 0.00108
860 0.00114
861 0.00120
862 0.00127
863 0.00135
864 0.00143
865 0.00152
866 0.00161
867 0.00170
868 0.00181
869 0.00192
870 0.00204
871 0.00216
872 0.00230
873 0.00244
874 0.00260
875 0.00276
876 0.00294
877 0.00313
878 0.00333
879 0.00354
880 0.00378
881 0.00403
882 0.00429
883 0.00458
884 0.00489
885 0.00522
886 0.00557
887 0.00596
888 0.00637
889 0.00681
890 0.00729
891 0.00781
892 0.00836
893 0.00896
894 0.00960
895 0.01030
896 0.01105
897 0.01186
898 0.01274
899 0.01369
900 0.01472
901 0.01583
902 0.01703
903 0.01833
904 0.01974
905 0.02127
906 0.02293
907 0.02473
908 0.02669
909 0.02881
910 0.03111
911 0.03362
912 0.03566
913 0.04274
914 0.04874
915 0.05380
916 0.05697
917 0.05855
918 0.06049
919 0.06292
920 0.06603
921 0.07009
922 0.06913
923 0.06818
924 0.07356
925 0.07257
926 0.07160
927 0.07901
928 0.07800
929 0.07699
930 0.07598
931 0.08672
932 0.08566
933 0.08460
934 0.08355
935 0.08251
936 0.08148
937 0.08045
938 0.09696
939 0.09584
940 0.09473
941 0.09362
942 0.09253
943 0.09144
944 0.09037
945 0.08930
946 0.08824
947 0.08719
948 0.08614
949 0.08511
950 0.11292
951 0.11174
952 0.11056
953 0.10940
954 0.10824
955 0.10709
956 0.10595
957 0.10481
958 0.10368
959 0.10256
960 0.10145
961 0.10035
962 0.09925
963 0.09816
964 0.09708
965 0.09601
966 0.09495
967 0.09389
968 0.09284
969 0.09180
970 0.09076
971 0.08974
972 0.08872
973 0.14335
974 0.14210
975 0.14086
976 0.13962
977 0.13839
978 0.13716
979 0.13594
980 0.13473
981 0.13352
982 0.13232
983 0.13113
984 0.12994
985 0.12876
986 0.12759
987 0.12642
988 0.12526
989 0.12411
990 0.12296
991 0.12182
992 0.12069
993 0.11956
994 0.11844
995 0.11732
996 0.11621
997 0.11511
998 0.11402
999 0.11293
1000 0.11184
1001 0.11077
1002 0.10970
1003 0.10864
1004 0.10758
1005 0.10653
1006 0.10549
1007 0.10445
1008 0.10342
1009 0.10240
1010 0.10138
1011 0.10037
1012 0.09937
1013 0.09837
1014 0.09738
1015 0.09639
1016 0.09542
1017 0.09445
1018 0.09348
1019 0.09252
1020 0.09157
1021 0.09063
1022 0.08969
1023 0.08875
1024 0.08783
1025 0.08691
1026 0.23670
1027 0.23547
1028 0.23425
1029 0.23302
1030 0.23181
1031 0.23059
1032 0.22938
1033 0.22817
1034 0.22697
1035 0.22539
1036 0.22361
1037 0.22184
1038 0.22008
1039 0.21832
1040 0.21657
1041 0.21483
1042 0.21309
1043 0.21136
1044 0.20964
1045 0.20792
1046 0.20621
1047 0.20450
1048 0.20281
1049 0.20112
1050 0.19944
1051 0.19776
1052 0.19609
1053 0.19443
1054 0.19277
1055 0.19113
1056 0.18949
1057 0.18785
1058 0.18623
1059 0.18461
1060 0.18300
1061 0.18139
1062 0.17980
1063 0.17821
1064 0.17662
1065 0.17505
1066 0.17348
1067 0.17192
1068 0.17037
1069 0.16883
1070 0.16729
1071 0.16576
1072 0.16424
1073 0.16272
1074 0.16122
1075 0.15972
1076 0.15823
1077 0.15674
1078 0.15527
1079 0.15380
1080 0.15234
1081 0.15089
1082 0.14945
1083 0.14801
1084 0.14658
1085 0.14516
1086 0.14375
1087 0.14234
1088 0.14095
1089 0.13956
1090 0.13818
1091 0.13681
1092 0.13544
1093 0.13409
1094 0.13274
1095 0.13140
1096 0.13007
1097 0.12874
1098 0.12743
1099 0.12612
1100 0.12482
1101 0.12353
1102 0.12225
1103 0.12097
1104 0.11971
1105 0.11845
1106 0.11720
1107 0.11595
1108 0.11472
1109 0.11349
1110 0.11228
1111 0.11107
1112 0.10987
1113 0.10867
1114 0.10749
1115 0.10631
1116 0.10514
1117 0.10398
1118 0.10283
1119 0.10169
1120 0.10055
1121 0.09943
1122 0.09831
1123 0.09720
1124 0.09609
1125 0.09500
1126 0.09391
1127 0.09283
1128 0.09176
1129 0.09070
1130 0.08965
1131 0.08860
1132 0.08756
1133 0.08653
1134 0.08551
1135 0.08450
1136 0.08349
1137 0.08250
1138 0.08151
1139 0.08053
1140 0.07955
1141 0.07859
1142 0.07763
1143 0.07668
1144 0.07574
1145 0.07481
1146 0.07388
1147 0.07296
1148 0.07205
1149 0.07115
1150 0.07026
1151 0.06937
1152 0.06849
1153 0.06762
1154 0.06676
1155 0.06590
1156 0.06506
1157 0.06422
1158 0.06338
1159 0.06256
1160 0.06174
1161 0.06093
1162 0.06013
1163 0.05934
1164 0.05855
1165 0.05777
1166 0.05700
1167 0.05623
1168 0.05547
1169 0.05472
1170 0.05398
1171 0.05325
1172 0.05252
1173 0.05180
1174 0.05108
1175 0.05038
1176 0.04968
1177 0.04898
1178 0.04830
1179 0.04762
1180 0.04695
1181 0.04629
1182 0.04563
1183 0.04498
1184 0.04433
1185 0.04370
1186 0.04307
1187 0.04244
1188 0.04183
1189 0.04122
1190 0.04061
1191 0.04002
1192 0.03943
1193 0.03884
1194 0.03827
1195 0.03769
1196 0.03713
1197 0.03657
1198 0.03602
1199 0.03548
1200 0.03494
1201 0.03440
1202 0.03388
1203 0.03336
1204 0.03284
1205 0.03233
1206 0.03183
1207 0.03133
1208 0.03084
1209 0.03036
1210 0.02988
1211 0.02941
1212 0.02894
1213 0.02848
1214 0.02802
1215 0.02757
1216 1.00000
