17 2.47734
18 2.26160
19 2.07763
20 1.91922
21 1.78163
22 1.66118
23 1.55500
24 1.46080
25 1.37675
26 1.30136
27 1.23341
28 1.17188
29 1.11595
30 1.06492
31 1.01818
32 0.97524
33 0.93566
34 0.89909
35 0.86520
36 0.83372
37 0.80440
38 0.77704
39 0.75145
40 0.72748
41 0.70497
42 0.68380
43 0.66386
44 0.64504
45 0.62726
46 0.61043
47 0.59449
48 0.57936
49 0.56498
50 0.55131
51 0.53829
52 0.52587
53 0.51403
54 0.50271
55 0.49188
56 0.48153
57 0.47160
58 0.46209
59 0.45296
60 0.44419
61 0.43576
62 0.42765
63 0.41985
64 0.41234
65 0.40509
66 0.39811
67 0.39137
68 0.38486
69 0.37857
70 0.37249
71 0.36661
72 0.36091
73 0.35540
74 0.35006
75 0.34489
76 0.33987
77 0.33500
78 0.33027
79 0.32568
80 0.32123
81 0.31689
82 0.31268
83 0.30859
84 0.30460
85 0.30072
86 0.29694
87 0.29326
88 0.28968
89 0.28619
90 0.28278
91 0.27946
92 0.27622
93 0.27305
94 0.26997
95 0.26695
96 0.26401
97 0.26113
98 0.25832
99 0.25557
100 0.25288
101 0.25026
102 0.24769
103 0.24517
104 0.24271
105 0.24030
106 0.23794
107 0.23563
108 0.23336
109 0.23114
110 0.22897
111 0.22684
112 0.22475
113 0.22270
114 0.22069
115 0.21872
116 0.21678
117 0.21488
118 0.21302
119 0.21119
120 0.20940
121 0.20763
122 0.20590
123 0.20420
124 0.20253
125 0.20088
126 0.19927
127 0.19768
128 0.19612
129 0.19459
130 0.19308
131 0.19160
132 0.19014
133 0.18870
134 0.18729
135 0.18590
136 0.18453
137 0.18319
138 0.18186
139 0.18056
140 0.17927
141 0.17801
142 0.17676
143 0.17553
144 0.17432
145 0.17313
146 0.17196
147 0.17080
148 0.16966
149 0.16854
150 0.16743
151 0.16634
152 0.16526
153 0.16420
154 0.16315
155 0.16212
156 0.16110
157 0.16009
158 0.15910
159 0.15813
160 0.15716
161 0.15621
162 0.15527
163 0.15434
164 0.15343
165 0.15252
166 0.15163
167 0.15075
168 0.14988
169 0.14902
170 0.14817
171 0.14734
172 0.14651
173 0.14569
174 0.14489
175 0.14409
176 0.14330
177 0.14252
178 0.14176
179 0.14100
180 0.14025
181 0.13950
182 0.13877
183 0.13805
184 0.13733
185 0.13662
186 0.13592
187 0.13523
188 0.13454
189 0.13387
190 0.13320
191 0.13254
192 0.13188
193 0.13124
194 0.13060
195 0.12996
196 0.12934
197 0.12872
198 0.12810
199 0.12750
200 0.12690
201 0.12630
202 0.12572
203 0.12514
204 0.12456
205 0.12399
206 0.12343
207 0.12287
208 0.12232
209 0.12177
210 0.12123
211 0.12070
212 0.12017
213 0.11964
214 0.11912
215 0.11861
216 0.11810
217 0.11760
218 0.11710
219 0.11660
220 0.11611
221 0.11563
222 0.11515
223 0.11467
224 0.11420
225 0.11374
226 0.11327
227 0.11282
228 0.11236
229 0.11191
230 0.11147
231 0.11103
232 0.11059
233 0.11016
234 0.10973
235 0.10930
236 0.10888
237 0.10847
238 0.10805
239 0.10764
240 0.10724
241 0.10683
242 0.10643
243 0.10604
244 0.10565
245 0.10526
246 0.10487
247 0.10449
248 0.10411
249 0.10374
250 0.10337
251 0.10300
252 0.10263
253 0.10227
254 0.10191
255 0.10156
256 0.10120
257 0.10085
258 0.10051
259 0.10016
260 0.09982
261 0.09948
262 0.09915
263 0.09881
264 0.09848
265 0.09816
266 0.09783
267 0.09751
268 0.09719
269 0.09687
270 0.09656
271 0.09625
272 0.09594
273 0.09563
274 0.09533
275 0.09503
276 0.09473
277 0.09443
278 0.09414
279 0.09385
280 0.09356
281 0.09327
282 0.09298
283 0.09270
284 0.09242
285 0.09214
286 0.09186
287 0.09159
288 0.09132
289 0.09105
290 0.09078
291 0.09051
292 0.09025
293 0.08999
294 0.08973
295 0.08947
296 0.08922
297 0.08896
298 0.08871
299 0.08846
300 0.08821
301 0.08797
302 0.08772
303 0.08748
304 0.08724
305 0.08700
306 0.08676
307 0.08653
308 0.08629
309 0.08606
310 0.08583
311 0.08560
312 0.08538
313 0.08515
314 0.08493
315 0.08471
316 0.08448
317 0.08427
318 0.08405
319 0.08383
320 0.08362
321 0.08341
322 0.08320
323 0.08299
324 0.08278
325 0.08257
326 0.08237
327 0.08217
328 0.08196
329 0.08176
330 0.08157
331 0.08137
332 0.08117
333 0.08098
334 0.08078
335 0.08059
336 0.08040
337 0.08021
338 0.08003
339 0.07984
340 0.07965
341 0.07947
342 0.07929
343 0.07911
344 0.07893
345 0.07875
346 0.07857
347 0.07839
348 0.07822
349 0.07805
350 0.07787
351 0.07770
352 0.07753
353 0.07736
354 0.07720
355 0.07703
356 0.07686
357 0.07670
358 0.07654
359 0.07637
360 0.07621
361 0.07605
362 0.07590
363 0.07574
364 0.07558
365 0.07543
366 0.07527
367 0.07512
368 0.07497
369 0.07482
370 0.07467
371 0.07452
372 0.07437
373 0.07422
374 0.07408
375 0.07393
376 0.07379
377 0.07364
378 0.07350
379 0.07336
380 0.07322
381 0.07308
382 0.07295
383 0.07281
384 0.07267
385 0.07254
386 0.07240
387 0.07227
388 0.07214
389 0.07201
390 0.07187
391 0.07175
392 0.07162
393 0.07149
394 0.07136
395 0.07124
396 0.07111
397 0.07099
398 0.07086
399 0.07074
400 0.07062
401 0.07050
402 0.07038
403 0.07026
404 0.07014
405 0.07002
406 0.06990
407 0.06979
408 0.06967
409 0.06956
410 0.06944
411 0.06933
412 0.06922
413 0.06911
414 0.06900
415 0.06889
416 0.06878
417 0.06867
418 0.06856
419 0.06846
420 0.06835
421 0.06825
422 0.06814
423 0.06804
424 0.06793
425 0.06783
426 0.06773
427 0.06763
428 0.06753
429 0.06743
430 0.06733
431 0.06723
432 0.06714
433 0.06704
434 0.06694
435 0.06685
436 0.06675
437 0.06666
438 0.06657
439 0.06647
440 0.06638
441 0.06629
442 0.06620
443 0.06611
444 0.06602
445 0.06593
446 0.06584
447 0.06576
448 0.06567
449 0.06558
450 0.06550
451 0.06541
452 0.06533
453 0.06525
454 0.06516
455 0.06508
456 0.06500
457 0.06492
458 0.06484
459 0.06476
460 0.06468
461 0.06460
462 0.06452
463 0.06444
464 0.06437
465 0.06429
466 0.06421
467 0.06410
468 0.06402
469 0.06395
470 0.06388
471 0.06380
472 0.06373
473 0.06366
474 0.06359
475 0.06352
476 0.06346
477 0.06339
478 0.06332
479 0.06326
480 0.06319
481 0.06313
482 0.06307
483 0.06301
484 0.06295
485 0.06289
486 0.06283
487 0.06277
488 0.06272
489 0.06266
490 0.06261
491 0.06255
492 0.06250
493 0.06245
494 0.06240
495 0.06235
496 0.06230
497 0.06226
498 0.06221
499 0.06216
500 0.06212
501 0.06207
502 0.06203
503 0.06199
504 0.06195
505 0.06191
506 0.06187
507 0.06183
508 0.06180
509 0.06176
510 0.06173
511 0.06170
512 0.06166
513 0.06163
514 0.06160
515 0.06158
516 0.06155
517 0.06152
518 0.06150
519 0.06147
520 0.06145
521 0.06143
522 0.06141
523 0.06139
524 0.06137
525 0.06136
526 0.06134
527 0.06132
528 0.06130
529 0.06129
530 0.06127
531 0.06126
532 0.06125
533 0.06124
534 0.06123
535 0.06122
536 0.06121
537 0.06120
538 0.06120
539 0.06120
540 0.06119
541 0.06119
542 0.06119
543 0.06119
544 0.06119
545 0.06120
546 0.06120
547 0.06121
548 0.06122
549 0.06122
550 0.06123
551 0.06124
552 0.06126
553 0.06127
554 0.06129
555 0.06130
556 0.06132
557 0.06134
558 0.06136
559 0.06138
560 0.06140
561 0.06142
562 0.06145
563 0.06147
564 0.06150
565 0.06153
566 0.06156
567 0.06159
568 0.06163
569 0.06166
570 0.06170
571 0.06173
572 0.06177
573 0.06181
574 0.06185
575 0.06190
576 0.06194
577 0.06198
578 0.06203
579 0.06208
580 0.06213
581 0.06218
582 0.06223
583 0.06229
584 0.06234
585 0.06240
586 0.06246
587 0.06252
588 0.06258
589 0.06264
590 0.06271
591 0.06277
592 0.06284
593 0.06291
594 0.06298
595 0.06305
596 0.06313
597 0.06320
598 0.06328
599 0.06336
600 0.06344
601 0.06352
602 0.06360
603 0.06369
604 0.06377
605 0.06386
606 0.06395
607 0.06405
608 0.06414
609 0.06423
610 0.06433
611 0.06443
612 0.06453
613 0.06463
614 0.06474
615 0.06484
616 0.06495
617 0.06506
618 0.06517
619 0.06529
620 0.06540
621 0.06552
622 0.06564
623 0.06575
624 0.06586
625 0.06597
626 0.06608
627 0.06620
628 0.06632
629 0.06644
630 0.06656
631 0.06669
632 0.06681
633 0.06694
634 0.06707
635 0.06720
636 0.06734
637 0.06735
638 0.06748
639 0.06762
640 0.06776
641 0.06790
642 0.06805
643 0.06819
644 0.06834
645 0.06850
646 0.06865
647 0.06881
648 0.06897
649 0.06913
650 0.06929
651 0.06946
652 0.06963
653 0.06980
654 0.06998
655 0.07015
656 0.07034
657 0.07052
658 0.07070
659 0.07089
660 0.07109
661 0.07128
662 0.07148
663 0.07168
664 0.07188
665 0.07209
666 0.07230
667 0.07251
668 0.07273
669 0.07295
670 0.07317
671 0.07339
672 0.07362
673 0.07385
674 0.07409
675 0.07433
676 0.07457
677 0.07481
678 0.07506
679 0.07531
680 0.07557
681 0.07583
682 0.07609
683 0.07636
684 0.07663
685 0.07690
686 0.07718
687 0.07746
688 0.07775
689 0.07803
690 0.07833
691 0.07862
692 0.07893
693 0.07923
694 0.07954
695 0.07985
696 0.08017
697 0.08049
698 0.08082
699 0.08115
700 0.08148
701 0.08182
702 0.08217
703 0.08251
704 0.08287
705 0.08322
706 0.08359
707 0.08395
708 0.08433
709 0.08470
710 0.08508
711 0.08547
712 0.08586
713 0.08626
714 0.08666
715 0.08707
716 0.08748
717 0.08790
718 0.08832
719 0.08875
720 0.08919
721 0.08963
722 0.09007
723 0.09053
724 0.09098
725 0.09145
726 0.09192
727 0.09239
728 0.09288
729 0.09337
730 0.09386
731 0.09436
732 0.09487
733 0.09539
734 0.09591
735 0.09644
736 0.09697
737 0.09751
738 0.09806
739 0.09862
740 0.09918
741 0.09975
742 0.10033
743 0.10092
744 0.10151
745 0.10212
746 0.10273
747 0.10334
748 0.10397
749 0.10460
750 0.10525
751 0.10590
752 0.10656
753 0.10723
754 0.10791
755 0.10859
756 0.10929
757 0.10999
758 0.11071
759 0.11143
760 0.11216
761 0.11291
762 0.11366
763 0.11443
764 0.11520
765 0.11598
766 0.11678
767 0.11758
768 0.11840
769 0.11923
770 0.12007
771 0.12092
772 0.12178
773 0.12265
774 0.12354
775 0.12443
776 0.12534
777 0.12627
778 0.12720
779 0.12815
780 0.12911
781 0.13008
782 0.13107
783 0.13207
784 0.13309
785 0.13411
786 0.13516
787 0.13622
788 0.13729
789 0.13838
790 0.13948
791 0.14060
792 0.14173
793 0.14288
794 0.14405
795 0.14523
796 0.14643
797 0.14765
798 0.14888
799 0.15013
800 0.15140
801 0.15269
802 0.15400
803 0.15532
804 0.15666
805 0.15803
806 0.15941
807 0.16082
808 0.16224
809 0.16368
810 0.16515
811 0.16664
812 0.16814
813 0.16968
814 0.17123
815 0.17281
816 0.17441
817 0.17603
818 0.17768
819 0.17935
820 0.18105
821 0.18277
822 0.18452
823 0.18629
824 0.18810
825 0.18992
826 0.19178
827 0.19367
828 0.19558
829 0.19752
830 0.19949
831 0.20150
832 0.20353
833 0.20560
834 0.20769
835 0.20982
836 0.21198
837 0.21418
838 0.21641
839 0.21868
840 0.22098
841 0.22331
842 0.22569
843 0.22810
844 0.23055
845 0.23304
846 0.23557
847 0.23813
848 0.24074
849 0.24340
850 0.24609
851 0.24883
852 0.25161
853 0.25443
854 0.25731
855 0.26023
856 0.26319
857 0.26621
858 0.26927
859 0.27239
860 0.27556
861 0.27878
862 0.28205
863 0.28538
864 0.28876
865 0.29220
866 0.29570
867 0.29926
868 0.30287
869 0.30655
870 0.31029
871 0.31409
872 0.31796
873 0.32190
874 0.32590
875 0.32997
876 0.33411
877 0.33833
878 0.34261
879 0.34697
880 0.35141
881 0.35593
882 0.36052
883 0.36519
884 0.36995
885 0.37479
886 0.37972
887 0.38473
888 0.38984
889 0.39503
890 0.40032
891 0.40570
892 0.41118
893 0.41676
894 0.42244
895 0.42822
896 0.43411
897 0.44011
898 0.44622
899 0.45244
900 0.45877
901 0.46522
902 0.47179
903 0.47848
904 0.48530
905 0.49225
906 0.49932
907 0.50653
908 0.51387
909 0.52136
910 0.52898
911 0.53675
912 0.54281
913 0.56647
914 0.58299
915 0.59489
916 0.60173
917 0.60511
918 0.60900
919 0.61353
920 0.61888
921 0.62534
922 0.62417
923 0.62300
924 0.63098
925 0.62983
926 0.62867
927 0.63883
928 0.63770
929 0.63656
930 0.63543
931 0.64887
932 0.64777
933 0.64666
934 0.64555
935 0.64443
936 0.64332
937 0.64221
938 0.66100
939 0.65992
940 0.65885
941 0.65777
942 0.65669
943 0.65561
944 0.65453
945 0.65345
946 0.65237
947 0.65128
948 0.65020
949 0.64911
950 0.67749
951 0.67646
952 0.67544
953 0.67441
954 0.67338
955 0.67235
956 0.67132
957 0.67029
958 0.66926
959 0.66823
960 0.66719
961 0.66615
962 0.66512
963 0.66408
964 0.66304
965 0.66199
966 0.66095
967 0.65991
968 0.65886
969 0.65781
970 0.65677
971 0.65572
972 0.65467
973 0.70306
974 0.70212
975 0.70118
976 0.70024
977 0.69930
978 0.69835
979 0.69741
980 0.69646
981 0.69551
982 0.69456
983 0.69361
984 0.69265
985 0.69170
986 0.69075
987 0.68979
988 0.68883
989 0.68787
990 0.68691
991 0.68595
992 0.68499
993 0.68402
994 0.68306
995 0.68209
996 0.68112
997 0.68015
998 0.67918
999 0.67821
1000 0.67724
1001 0.67626
1002 0.67529
1003 0.67431
1004 0.67333
1005 0.67235
1006 0.67137
1007 0.67039
1008 0.66941
1009 0.66842
1010 0.66744
1011 0.66645
1012 0.66547
1013 0.66448
1014 0.66349
1015 0.66250
1016 0.66150
1017 0.66051
1018 0.65952
1019 0.65852
1020 0.65752
1021 0.65653
1022 0.65553
1023 0.65453
1024 0.65353
1025 0.65253
1026 0.75582
1027 0.75506
1028 0.75429
1029 0.75353
1030 0.75276
1031 0.75200
1032 0.75123
1033 0.75046
1034 0.74969
1035 0.74892
1036 0.74814
1037 0.74737
1038 0.74659
1039 0.74581
1040 0.74504
1041 0.74426
1042 0.74348
1043 0.74269
1044 0.74191
1045 0.74113
1046 0.74034
1047 0.73956
1048 0.73877
1049 0.73798
1050 0.73719
1051 0.73640
1052 0.73561
1053 0.73481
1054 0.73402
1055 0.73322
1056 0.73242
1057 0.73163
1058 0.73083
1059 0.73003
1060 0.72922
1061 0.72842
1062 0.72762
1063 0.72681
1064 0.72600
1065 0.72520
1066 0.72439
1067 0.72358
1068 0.72277
1069 0.72196
1070 0.72114
1071 0.72033
1072 0.71951
1073 0.71870
1074 0.71788
1075 0.71706
1076 0.71624
1077 0.71542
1078 0.71459
1079 0.71377
1080 0.71295
1081 0.71212
1082 0.71129
1083 0.71047
1084 0.70964
1085 0.70881
1086 0.70798
1087 0.70715
1088 0.70631
1089 0.70548
1090 0.70464
1091 0.70381
1092 0.70297
1093 0.70213
1094 0.70129
1095 0.70045
1096 0.69961
1097 0.69876
1098 0.69792
1099 0.69708
1100 0.69623
1101 0.69538
1102 0.69453
1103 0.69369
1104 0.69284
1105 0.69198
1106 0.69113
1107 0.69028
1108 0.68942
1109 0.68857
1110 0.68771
1111 0.68686
1112 0.68600
1113 0.68514
1114 0.68428
1115 0.68342
1116 0.68255
1117 0.68169
1118 0.68083
1119 0.67996
1120 0.67909
1121 0.67823
1122 0.67736
1123 0.67649
1124 0.67562
1125 0.67475
1126 0.67388
1127 0.67300
1128 0.67213
1129 0.67125
1130 0.67038
1131 0.66950
1132 0.66862
1133 0.66774
1134 0.66687
1135 0.66598
1136 0.66510
1137 0.66422
1138 0.66334
1139 0.66245
1140 0.66157
1141 0.66068
1142 0.65979
1143 0.65891
1144 0.65802
1145 0.65713
1146 0.65624
1147 0.65535
1148 0.65445
1149 0.65356
1150 0.65267
1151 0.65177
1152 0.65088
1153 0.64998
1154 0.64908
1155 0.64818
1156 0.64728
1157 0.64638
1158 0.64548
1159 0.64458
1160 0.64368
1161 0.64277
1162 0.64187
1163 0.64096
1164 0.64006
1165 0.63915
1166 0.63824
1167 0.63734
1168 0.63643
1169 0.63552
1170 0.63461
1171 0.63369
1172 0.63278
1173 0.63187
1174 0.63096
1175 0.63004
1176 0.62913
1177 0.62821
1178 0.62729
1179 0.62637
1180 0.62546
1181 0.62454
1182 0.62362
1183 0.62270
1184 0.62177
1185 0.62085
1186 0.61993
1187 0.61901
1188 0.61808
1189 0.61716
1190 0.61623
1191 0.61530
1192 0.61438
1193 0.61345
1194 0.61252
1195 0.61159
1196 0.61066
1197 0.60973
1198 0.60880
1199 0.60787
1200 0.60693
1201 0.60600
1202 0.60507
1203 0.60413
1204 0.60320
1205 0.60226
1206 0.60132
1207 0.60039
1208 0.59945
1209 0.59851
1210 0.59757
1211 0.59663
1212 0.59569
1213 0.59475
1214 0.59381
1215 0.59287
1216 1.00000
