17 0.88364
18 0.87400
19 0.86421
20 0.85429
21 0.84425
22 0.83410
23 0.82386
24 0.81355
25 0.80316
26 0.79271
27 0.78222
28 0.77170
29 0.76114
30 0.75057
31 0.73998
32 0.72939
33 0.71881
34 0.70824
35 0.69770
36 0.68717
37 0.67668
38 0.66623
39 0.65582
40 0.64546
41 0.63516
42 0.62491
43 0.61473
44 0.60461
45 0.59457
46 0.58460
47 0.57470
48 0.56489
49 0.55517
50 0.54553
51 0.53599
52 0.52653
53 0.51717
54 0.50791
55 0.49875
56 0.48969
57 0.48073
58 0.47187
59 0.46312
60 0.45448
61 0.44594
62 0.43751
63 0.42919
64 0.42098
65 0.41288
66 0.40489
67 0.39701
68 0.38925
69 0.38159
70 0.37405
71 0.36662
72 0.35930
73 0.35209
74 0.34499
75 0.33800
76 0.33112
77 0.32435
78 0.31769
79 0.31114
80 0.30470
81 0.29837
82 0.29214
83 0.28602
84 0.28000
85 0.27409
86 0.26828
87 0.26257
88 0.25696
89 0.25146
90 0.24605
91 0.24075
92 0.23554
93 0.23042
94 0.22540
95 0.22048
96 0.21565
97 0.21091
98 0.20626
99 0.20170
100 0.19723
101 0.19285
102 0.18855
103 0.18434
104 0.18021
105 0.17616
106 0.17220
107 0.16831
108 0.16451
109 0.16078
110 0.15712
111 0.15355
112 0.15004
113 0.14661
114 0.14325
115 0.13996
116 0.13674
117 0.13359
118 0.13051
119 0.12749
120 0.12453
121 0.12164
122 0.11881
123 0.11605
124 0.11334
125 0.11069
126 0.10810
127 0.10557
128 0.10309
129 0.10067
130 0.09830
131 0.09598
132 0.09371
133 0.09150
134 0.08933
135 0.08722
136 0.08515
137 0.08313
138 0.08115
139 0.07922
140 0.07733
141 0.07549
142 0.07369
143 0.07193
144 0.07021
145 0.06853
146 0.06688
147 0.06528
148 0.06371
149 0.06218
150 0.06069
151 0.05923
152 0.05781
153 0.05641
154 0.05506
155 0.05373
156 0.05243
157 0.05117
158 0.04993
159 0.04873
160 0.04755
161 0.04640
162 0.04528
163 0.04418
164 0.04311
165 0.04207
166 0.04105
167 0.04006
168 0.03909
169 0.03814
170 0.03721
171 0.03631
172 0.03543
173 0.03457
174 0.03374
175 0.03292
176 0.03212
177 0.03134
178 0.03058
179 0.02984
180 0.02912
181 0.02841
182 0.02772
183 0.02705
184 0.02640
185 0.02576
186 0.02513
187 0.02452
188 0.02393
189 0.02335
190 0.02279
191 0.02224
192 0.02170
193 0.02117
194 0.02066
195 0.02016
196 0.01968
197 0.01920
198 0.01874
199 0.01829
200 0.01785
201 0.01742
202 0.01700
203 0.01659
204 0.01619
205 0.01580
206 0.01542
207 0.01505
208 0.01469
209 0.01434
210 0.01400
211 0.01366
212 0.01334
213 0.01302
214 0.01271
215 0.01241
216 0.01211
217 0.01182
218 0.01154
219 0.01127
220 0.01100
221 0.01074
222 0.01049
223 0.01024
224 0.01000
225 0.00976
226 0.00953
227 0.00931
228 0.00909
229 0.00887
230 0.00866
231 0.00846
232 0.00826
233 0.00807
234 0.00788
235 0.00770
236 0.00752
237 0.00734
238 0.00717
239 0.00701
240 0.00684
241 0.00669
242 0.00653
243 0.00638
244 0.00623
245 0.00609
246 0.00595
247 0.00581
248 0.00568
249 0.00555
250 0.00542
251 0.00530
252 0.00518
253 0.00506
254 0.00495
255 0.00484
256 0.00473
257 0.00462
258 0.00452
259 0.00441
260 0.00431
261 0.00422
262 0.00412
263 0.00403
264 0.00394
265 0.00385
266 0.00377
267 0.00369
268 0.00360
269 0.00352
270 0.00345
271 0.00337
272 0.00330
273 0.00322
274 0.00315
275 0.00309
276 0.00302
277 0.00295
278 0.00289
279 0.00283
280 0.00277
281 0.00271
282 0.00265
283 0.00259
284 0.00254
285 0.00248
286 0.00243
287 0.00238
288 0.00233
289 0.00228
290 0.00223
291 0.00218
292 0.00214
293 0.00209
294 0.00205
295 0.00201
296 0.00196
297 0.00192
298 0.00188
299 0.00184
300 0.00181
301 0.00177
302 0.00173
303 0.00170
304 0.00166
305 0.00163
306 0.00160
307 0.00156
308 0.00153
309 0.00150
310 0.00147
311 0.00144
312 0.00141
313 0.00139
314 0.00136
315 0.00133
316 0.00131
317 0.00128
318 0.00126
319 0.00123
320 0.00121
321 0.00118
322 0.00116
323 0.00114
324 0.00112
325 0.00110
326 0.00107
327 0.00105
328 0.00103
329 0.00101
330 0.00100
331 0.00098
332 0.00096
333 0.00094
334 0.00092
335 0.00091
336 0.00089
337 0.00087
338 0.00086
339 0.00084
340 0.00083
341 0.00081
342 0.00080
343 0.00078
344 0.00077
345 0.00076
346 0.00074
347 0.00073
348 0.00072
349 0.00070
350 0.00069
351 0.00068
352 0.00067
353 0.00066
354 0.00064
355 0.00063
356 0.00062
357 0.00061
358 0.00060
359 0.00059
360 0.00058
361 0.00057
362 0.00056
363 0.00055
364 0.00054
365 0.00054
366 0.00053
367 0.00052
368 0.00051
369 0.00050
370 0.00049
371 0.00049
372 0.00048
373 0.00047
374 0.00046
375 0.00046
376 0.00045
377 0.00044
378 0.00043
379 0.00043
380 0.00042
381 0.00041
382 0.00041
383 0.00040
384 0.00040
385 0.00039
386 0.00038
387 0.00038
388 0.00037
389 0.00037
390 0.00036
391 0.00036
392 0.00035
393 0.00035
394 0.00034
395 0.00034
396 0.00033
397 0.00033
398 0.00032
399 0.00032
400 0.00031
401 0.00031
402 0.00031
403 0.00030
404 0.00030
405 0.00029
406 0.00029
407 0.00029
408 0.00028
409 0.00028
410 0.00027
411 0.00027
412 0.00027
413 0.00026
414 0.00026
415 0.00026
416 0.00025
417 0.00025
418 0.00025
419 0.00024
420 0.00024
421 0.00024
422 0.00024
423 0.00023
424 0.00023
425 0.00023
426 0.00023
427 0.00022
428 0.00022
429 0.00022
430 0.00021
431 0.00021
432 0.00021
433 0.00021
434 0.00021
435 0.00020
436 0.00020
437 0.00020
438 0.00020
439 0.00019
440 0.00019
441 0.00019
442 0.00019
443 0.00019
444 0.00018
445 0.00018
446 0.00018
447 0.00018
448 0.00018
449 0.00018
450 0.00017
451 0.00017
452 0.00017
453 0.00017
454 0.00017
455 0.00017
456 0.00016
457 0.00016
458 0.00016
459 0.00016
460 0.00016
461 0.00016
462 0.00016
463 0.00015
464 0.00015
465 0.00015
466 0.00015
467 0.00015
468 0.00015
469 0.00015
470 0.00015
471 0.00015
472 0.00014
473 0.00014
474 0.00014
475 0.00014
476 0.00014
477 0.00014
478 0.00014
479 0.00014
480 0.00014
481 0.00014
482 0.00013
483 0.00013
484 0.00013
485 0.00013
486 0.00013
487 0.00013
488 0.00013
489 0.00013
490 0.00013
491 0.00013
492 0.00013
493 0.00013
494 0.00012
495 0.00012
496 0.00012
497 0.00012
498 0.00012
499 0.00012
500 0.00012
501 0.00012
502 0.00012
503 0.00012
504 0.00012
505 0.00012
506 0.00012
507 0.00012
508 0.00012
509 0.00012
510 0.00012
511 0.00011
512 0.00011
513 0.00011
514 0.00011
515 0.00011
516 0.00011
517 0.00011
518 0.00011
519 0.00011
520 0.00011
521 0.00011
522 0.00011
523 0.00011
524 0.00011
525 0.00011
526 0.00011
527 0.00011
528 0.00011
529 0.00011
530 0.00011
531 0.00011
532 0.00011
533 0.00011
534 0.00011
535 0.00011
536 0.00011
537 0.00011
538 0.00011
539 0.00011
540 0.00011
541 0.00011
542 0.00011
543 0.00011
544 0.00011
545 0.00011
546 0.00011
547 0.00011
548 0.00011
549 0.00011
550 0.00011
551 0.00011
552 0.00011
553 0.00011
554 0.00011
555 0.00011
556 0.00011
557 0.00011
558 0.00011
559 0.00011
560 0.00011
561 0.00011
562 0.00011
563 0.00011
564 0.00011
565 0.00011
566 0.00011
567 0.00011
568 0.00011
569 0.00011
570 0.00011
571 0.00011
572 0.00011
573 0.00011
574 0.00011
575 0.00011
576 0.00011
577 0.00011
578 0.00011
579 0.00011
580 0.00011
581 0.00011
582 0.00011
583 0.00011
584 0.00011
585 0.00011
586 0.00011
587 0.00011
588 0.00011
589 0.00012
590 0.00012
591 0.00012
592 0.00012
593 0.00012
594 0.00012
595 0.00012
596 0.00012
597 0.00012
598 0.00012
599 0.00012
600 0.00012
601 0.00012
602 0.00012
603 0.00012
604 0.00012
605 0.00013
606 0.00013
607 0.00013
608 0.00013
609 0.00013
610 0.00013
611 0.00013
612 0.00013
613 0.00013
614 0.00013
615 0.00013
616 0.00013
617 0.00014
618 0.00014
619 0.00014
620 0.00014
621 0.00014
622 0.00014
623 0.00014
624 0.00014
625 0.00014
626 0.00015
627 0.00015
628 0.00015
629 0.00015
630 0.00015
631 0.00015
632 0.00015
633 0.00016
634 0.00016
635 0.00016
636 0.00016
637 0.00016
638 0.00016
639 0.00016
640 0.00017
641 0.00017
642 0.00017
643 0.00017
644 0.00017
645 0.00018
646 0.00018
647 0.00018
648 0.00018
649 0.00018
650 0.00018
651 0.00019
652 0.00019
653 0.00019
654 0.00019
655 0.00020
656 0.00020
657 0.00020
658 0.00020
659 0.00021
660 0.00021
661 0.00021
662 0.00021
663 0.00022
664 0.00022
665 0.00022
666 0.00022
667 0.00023
668 0.00023
669 0.00023
670 0.00024
671 0.00024
672 0.00024
673 0.00025
674 0.00025
675 0.00025
676 0.00026
677 0.00026
678 0.00027
679 0.00027
680 0.00027
681 0.00028
682 0.00028
683 0.00029
684 0.00029
685 0.00030
686 0.00030
687 0.00030
688 0.00031
689 0.00031
690 0.00032
691 0.00032
692 0.00033
693 0.00034
694 0.00034
695 0.00035
696 0.00035
697 0.00036
698 0.00036
699 0.00037
700 0.00038
701 0.00038
702 0.00039
703 0.00040
704 0.00040
705 0.00041
706 0.00042
707 0.00043
708 0.00044
709 0.00044
710 0.00045
711 0.00046
712 0.00047
713 0.00048
714 0.00049
715 0.00050
716 0.00051
717 0.00052
718 0.00053
719 0.00054
720 0.00055
721 0.00056
722 0.00057
723 0.00058
724 0.00059
725 0.00061
726 0.00062
727 0.00063
728 0.00064
729 0.00066
730 0.00067
731 0.00069
732 0.00070
733 0.00072
734 0.00073
735 0.00075
736 0.00076
737 0.00078
738 0.00080
739 0.00082
740 0.00083
741 0.00085
742 0.00087
743 0.00089
744 0.00091
745 0.00093
746 0.00096
747 0.00098
748 0.00100
749 0.00103
750 0.00105
751 0.00108
752 0.00110
753 0.00113
754 0.00116
755 0.00118
756 0.00121
757 0.00124
758 0.00127
759 0.00131
760 0.00134
761 0.00137
762 0.00141
763 0.00144
764 0.00148
765 0.00152
766 0.00156
767 0.00160
768 0.00164
769 0.00169
770 0.00173
771 0.00178
772 0.00182
773 0.00187
774 0.00192
775 0.00198
776 0.00203
777 0.00209
778 0.00214
779 0.00220
780 0.00227
781 0.00233
782 0.00239
783 0.00246
784 0.00253
785 0.00260
786 0.00268
787 0.00276
788 0.00284
789 0.00292
790 0.00301
791 0.00309
792 0.00319
793 0.00328
794 0.00338
795 0.00348
796 0.00358
797 0.00369
798 0.00380
799 0.00392
800 0.00404
801 0.00416
802 0.00429
803 0.00443
804 0.00457
805 0.00471
806 0.00486
807 0.00501
808 0.00517
809 0.00533
810 0.00551
811 0.00568
812 0.00587
813 0.00606
814 0.00625
815 0.00646
816 0.00667
817 0.00689
818 0.00712
819 0.00736
820 0.00760
821 0.00786
822 0.00813
823 0.00840
824 0.00869
825 0.00898
826 0.00929
827 0.00961
828 0.00994
829 0.01029
830 0.01065
831 0.01102
832 0.01141
833 0.01181
834 0.01223
835 0.01267
836 0.01312
837 0.01359
838 0.01408
839 0.01459
840 0.01512
841 0.01567
842 0.01624
843 0.01684
844 0.01746
845 0.01811
846 0.01878
847 0.01948
848 0.02021
849 0.02097
850 0.02177
851 0.02259
852 0.02345
853 0.02435
854 0.02528
855 0.02625
856 0.02727
857 0.02832
858 0.02943
859 0.03058
860 0.03178
861 0.03303
862 0.03433
863 0.03569
864 0.03711
865 0.03860
866 0.04014
867 0.04176
868 0.04345
869 0.04521
870 0.04705
871 0.04897
872 0.05097
873 0.05307
874 0.05526
875 0.05755
876 0.05994
877 0.06245
878 0.06506
879 0.06779
880 0.07065
881 0.07364
882 0.07677
883 0.08004
884 0.08346
885 0.08705
886 0.09079
887 0.09472
888 0.09882
889 0.10312
890 0.10763
891 0.11234
892 0.11728
893 0.12245
894 0.12787
895 0.13355
896 0.13950
897 0.14574
898 0.15228
899 0.15913
900 0.16632
901 0.17385
902 0.18176
903 0.19005
904 0.19874
905 0.20787
906 0.21744
907 0.22749
908 0.23804
909 0.24912
910 0.26074
911 0.27295
912 0.28287
913 0.28785
914 0.29362
915 0.29938
916 0.30321
917 0.30506
918 0.30751
919 0.31072
920 0.31495
921 0.32056
922 0.31912
923 0.31768
924 0.32522
925 0.32378
926 0.32235
927 0.33272
928 0.33128
929 0.32985
930 0.32842
931 0.34317
932 0.34174
933 0.34032
934 0.33889
935 0.33746
936 0.33604
937 0.33462
938 0.35666
939 0.35524
940 0.35382
941 0.35240
942 0.35099
943 0.34957
944 0.34816
945 0.34675
946 0.34534
947 0.34393
948 0.34252
949 0.34111
950 0.37661
951 0.37520
952 0.37380
953 0.37240
954 0.37101
955 0.36961
956 0.36821
957 0.36682
958 0.36543
959 0.36403
960 0.36264
961 0.36125
962 0.35986
963 0.35848
964 0.35709
965 0.35571
966 0.35432
967 0.35294
968 0.35156
969 0.35018
970 0.34880
971 0.34742
972 0.34605
973 0.41065
974 0.40930
975 0.40794
976 0.40658
977 0.40523
978 0.40387
979 0.40252
980 0.40117
981 0.39981
982 0.39846
983 0.39711
984 0.39576
985 0.39441
986 0.39307
987 0.39172
988 0.39037
989 0.38903
990 0.38768
991 0.38634
992 0.38499
993 0.38365
994 0.38231
995 0.38097
996 0.37963
997 0.37829
998 0.37696
999 0.37562
1000 0.37428
1001 0.37295
1002 0.37161
1003 0.37028
1004 0.36895
1005 0.36762
1006 0.36629
1007 0.36496
1008 0.36363
1009 0.36230
1010 0.36098
1011 0.35965
1012 0.35833
1013 0.35701
1014 0.35568
1015 0.35436
1016 0.35304
1017 0.35172
1018 0.35040
1019 0.34909
1020 0.34777
1021 0.34646
1022 0.34514
1023 0.34383
1024 0.34252
1025 0.34121
1026 0.49049
1027 0.48927
1028 0.48804
1029 0.48681
1030 0.48558
1031 0.48435
1032 0.48313
1033 0.48190
1034 0.48067
1035 0.47944
1036 0.47821
1037 0.47699
1038 0.47576
1039 0.47453
1040 0.47330
1041 0.47208
1042 0.47085
1043 0.46962
1044 0.46839
1045 0.46717
1046 0.46594
1047 0.46471
1048 0.46349
1049 0.46226
1050 0.46104
1051 0.45981
1052 0.45858
1053 0.45736
1054 0.45613
1055 0.45491
1056 0.45368
1057 0.45246
1058 0.45123
1059 0.45001
1060 0.44879
1061 0.44756
1062 0.44634
1063 0.44512
1064 0.44390
1065 0.44267
1066 0.44145
1067 0.44023
1068 0.43901
1069 0.43779
1070 0.43657
1071 0.43535
1072 0.43413
1073 0.43291
1074 0.43169
1075 0.43048
1076 0.42926
1077 0.42804
1078 0.42682
1079 0.42561
1080 0.42439
1081 0.42318
1082 0.42196
1083 0.42075
1084 0.41954
1085 0.41832
1086 0.41711
1087 0.41590
1088 0.41469
1089 0.41348
1090 0.41227
1091 0.41106
1092 0.40985
1093 0.40864
1094 0.40743
1095 0.40623
1096 0.40502
1097 0.40382
1098 0.40261
1099 0.40141
1100 0.40020
1101 0.39900
1102 0.39780
1103 0.39660
1104 0.39540
1105 0.39420
1106 0.39300
1107 0.39180
1108 0.39060
1109 0.38940
1110 0.38821
1111 0.38701
1112 0.38582
1113 0.38463
1114 0.38343
1115 0.38224
1116 0.38105
1117 0.37986
1118 0.37867
1119 0.37748
1120 0.37629
1121 0.37511
1122 0.37392
1123 0.37273
1124 0.37155
1125 0.37037
1126 0.36918
1127 0.36800
1128 0.36682
1129 0.36564
1130 0.36446
1131 0.36328
1132 0.36211
1133 0.36093
1134 0.35976
1135 0.35858
1136 0.35741
1137 0.35624
1138 0.35507
1139 0.35390
1140 0.35273
1141 0.35156
1142 0.35039
1143 0.34922
1144 0.34806
1145 0.34690
1146 0.34573
1147 0.34457
1148 0.34341
1149 0.34225
1150 0.34109
1151 0.33993
1152 0.33877
1153 0.33762
1154 0.33646
1155 0.33531
1156 0.33416
1157 0.33300
1158 0.33185
1159 0.33070
1160 0.32955
1161 0.32841
1162 0.32726
1163 0.32611
1164 0.32497
1165 0.32383
1166 0.32268
1167 0.32154
1168 0.32040
1169 0.31926
1170 0.31813
1171 0.31699
1172 0.31585
1173 0.31472
1174 0.31358
1175 0.31245
1176 0.31132
1177 0.31019
1178 0.30906
1179 0.30793
1180 0.30680
1181 0.30568
1182 0.30455
1183 0.30343
1184 0.30230
1185 0.30118
1186 0.30006
1187 0.29894
1188 0.29782
1189 0.29670
1190 0.29558
1191 0.29447
1192 0.29335
1193 0.29224
1194 0.29112
1195 0.29001
1196 0.28890
1197 0.28779
1198 0.28668
1199 0.28557
1200 0.28446
1201 0.28336
1202 0.28225
1203 0.28114
1204 0.28004
1205 0.27894
1206 0.27783
1207 0.27673
1208 0.27563
1209 0.27453
1210 0.27343
1211 0.27233
1212 0.27123
1213 0.27014
1214 0.26904
1215 0.26794
1216 1.00000
