17 0.97398
18 0.97171
19 0.96938
20 0.96700
21 0.96456
22 0.96208
23 0.95955
24 0.95698
25 0.95436
26 0.95170
27 0.94901
28 0.94627
29 0.94350
30 0.94069
31 0.93785
32 0.93497
33 0.93206
34 0.92912
35 0.92616
36 0.92316
37 0.92014
38 0.91709
39 0.91402
40 0.91092
41 0.90780
42 0.90466
43 0.90150
44 0.89831
45 0.89511
46 0.89189
47 0.88865
48 0.88540
49 0.88213
50 0.87884
51 0.87554
52 0.87222
53 0.86889
54 0.86555
55 0.86220
56 0.85883
57 0.85546
58 0.85207
59 0.84868
60 0.84528
61 0.84187
62 0.83845
63 0.83502
64 0.83159
65 0.82815
66 0.82471
67 0.82126
68 0.81780
69 0.81435
70 0.81088
71 0.80742
72 0.80395
73 0.80049
74 0.79702
75 0.79354
76 0.79007
77 0.78660
78 0.78312
79 0.77965
80 0.77618
81 0.77271
82 0.76924
83 0.76577
84 0.76230
85 0.75884
86 0.75538
87 0.75192
88 0.74846
89 0.74501
90 0.74157
91 0.73812
92 0.73468
93 0.73125
94 0.72782
95 0.72440
96 0.72098
97 0.71757
98 0.71416
99 0.71076
100 0.70737
101 0.70399
102 0.70061
103 0.69724
104 0.69387
105 0.69052
106 0.68717
107 0.68383
108 0.68049
109 0.67717
110 0.67386
111 0.67055
112 0.66725
113 0.66396
114 0.66069
115 0.65742
116 0.65416
117 0.65091
118 0.64767
119 0.64444
120 0.64122
121 0.63801
122 0.63481
123 0.63162
124 0.62844
125 0.62528
126 0.62212
127 0.61898
128 0.61584
129 0.61272
130 0.60961
131 0.60651
132 0.60342
133 0.60034
134 0.59728
135 0.59423
136 0.59119
137 0.58816
138 0.58514
139 0.58214
140 0.57914
141 0.57616
142 0.57319
143 0.57024
144 0.56730
145 0.56436
146 0.56145
147 0.55854
148 0.55565
149 0.55277
150 0.54990
151 0.54705
152 0.54420
153 0.54137
154 0.53856
155 0.53576
156 0.53296
157 0.53019
158 0.52742
159 0.52467
160 0.52193
161 0.51921
162 0.51650
163 0.51380
164 0.51111
165 0.50844
166 0.50578
167 0.50313
168 0.50050
169 0.49788
170 0.49527
171 0.49268
172 0.49010
173 0.48753
174 0.48497
175 0.48243
176 0.47991
177 0.47739
178 0.47489
179 0.47240
180 0.46992
181 0.46746
182 0.46501
183 0.46258
184 0.46015
185 0.45774
186 0.45535
187 0.45296
188 0.45059
189 0.44823
190 0.44589
191 0.44356
192 0.44124
193 0.43893
194 0.43664
195 0.43436
196 0.43209
197 0.42983
198 0.42759
199 0.42536
200 0.42315
201 0.42094
202 0.41875
203 0.41657
204 0.41441
205 0.41225
206 0.41011
207 0.40798
208 0.40587
209 0.40376
210 0.40167
211 0.39959
212 0.39753
213 0.39547
214 0.39343
215 0.39140
216 0.38938
217 0.38738
218 0.38538
219 0.38340
220 0.38143
221 0.37947
222 0.37753
223 0.37559
224 0.37367
225 0.37176
226 0.36986
227 0.36797
228 0.36610
229 0.36423
230 0.36238
231 0.36054
232 0.35871
233 0.35689
234 0.35509
235 0.35329
236 0.35151
237 0.34974
238 0.34797
239 0.34622
240 0.34448
241 0.34276
242 0.34104
243 0.33933
244 0.33764
245 0.33595
246 0.33428
247 0.33262
248 0.33096
249 0.32932
250 0.32769
251 0.32607
252 0.32446
253 0.32286
254 0.32127
255 0.31969
256 0.31813
257 0.31657
258 0.31502
259 0.31348
260 0.31195
261 0.31044
262 0.30893
263 0.30743
264 0.30594
265 0.30447
266 0.30300
267 0.30154
268 0.30009
269 0.29865
270 0.29722
271 0.29580
272 0.29439
273 0.29299
274 0.29160
275 0.29022
276 0.28885
277 0.28749
278 0.28613
279 0.28479
280 0.28345
281 0.28212
282 0.28081
283 0.27950
284 0.27820
285 0.27691
286 0.27563
287 0.27436
288 0.27309
289 0.27184
290 0.27059
291 0.26935
292 0.26812
293 0.26690
294 0.26569
295 0.26448
296 0.26329
297 0.26210
298 0.26092
299 0.25975
300 0.25859
301 0.25744
302 0.25629
303 0.25515
304 0.25402
305 0.25290
306 0.25179
307 0.25068
308 0.24958
309 0.24849
310 0.24741
311 0.24633
312 0.24527
313 0.24421
314 0.24315
315 0.24211
316 0.24107
317 0.24004
318 0.23902
319 0.23801
320 0.23700
321 0.23600
322 0.23500
323 0.23402
324 0.23304
325 0.23207
326 0.23111
327 0.23015
328 0.22920
329 0.22825
330 0.22732
331 0.22639
332 0.22547
333 0.22455
334 0.22364
335 0.22274
336 0.22185
337 0.22096
338 0.22007
339 0.21920
340 0.21833
341 0.21747
342 0.21661
343 0.21576
344 0.21492
345 0.21408
346 0.21325
347 0.21243
348 0.21161
349 0.21080
350 0.20999
351 0.20919
352 0.20840
353 0.20761
354 0.20683
355 0.20606
356 0.20529
357 0.20453
358 0.20377
359 0.20302
360 0.20227
361 0.20153
362 0.20080
363 0.20007
364 0.19935
365 0.19863
366 0.19792
367 0.19722
368 0.19652
369 0.19582
370 0.19513
371 0.19445
372 0.19377
373 0.19310
374 0.19243
375 0.19177
376 0.19112
377 0.19046
378 0.18982
379 0.18918
380 0.18854
381 0.18791
382 0.18729
383 0.18667
384 0.18606
385 0.18545
386 0.18484
387 0.18424
388 0.18365
389 0.18306
390 0.18248
391 0.18190
392 0.18132
393 0.18075
394 0.18019
395 0.17963
396 0.17908
397 0.17853
398 0.17798
399 0.17744
400 0.17690
401 0.17637
402 0.17585
403 0.17532
404 0.17481
405 0.17429
406 0.17379
407 0.17328
408 0.17278
409 0.17229
410 0.17180
411 0.17131
412 0.17083
413 0.17036
414 0.16988
415 0.16942
416 0.16895
417 0.16849
418 0.16804
419 0.16759
420 0.16714
421 0.16670
422 0.16626
423 0.16583
424 0.16540
425 0.16497
426 0.16455
427 0.16413
428 0.16372
429 0.16331
430 0.16291
431 0.16251
432 0.16211
433 0.16172
434 0.16133
435 0.16094
436 0.16056
437 0.16019
438 0.15981
439 0.15945
440 0.15908
441 0.15872
442 0.15836
443 0.15801
444 0.15766
445 0.15731
446 0.15697
447 0.15663
448 0.15630
449 0.15597
450 0.15564
451 0.15532
452 0.15500
453 0.15469
454 0.15437
455 0.15407
456 0.15376
457 0.15346
458 0.15316
459 0.15287
460 0.15258
461 0.15229
462 0.15201
463 0.15173
464 0.15146
465 0.15118
466 0.15092
467 0.15065
468 0.15039
469 0.15013
470 0.14988
471 0.14963
472 0.14938
473 0.14914
474 0.14890
475 0.14866
476 0.14843
477 0.14820
478 0.14797
479 0.14775
480 0.14753
481 0.14731
482 0.14710
483 0.14689
484 0.14668
485 0.14648
486 0.14628
487 0.14608
488 0.14589
489 0.14570
490 0.14552
491 0.14533
492 0.14515
493 0.14498
494 0.14480
495 0.14464
496 0.14447
497 0.14431
498 0.14415
499 0.14399
500 0.14384
501 0.14369
502 0.14354
503 0.14340
504 0.14326
505 0.14312
506 0.14299
507 0.14286
508 0.14273
509 0.14261
510 0.14249
511 0.14237
512 0.14226
513 0.14215
514 0.14204
515 0.14194
516 0.14184
517 0.14174
518 0.14164
519 0.14155
520 0.14146
521 0.14138
522 0.14130
523 0.14122
524 0.14114
525 0.14107
526 0.14100
527 0.14094
528 0.14088
529 0.14082
530 0.14076
531 0.14071
532 0.14066
533 0.14061
534 0.14057
535 0.14053
536 0.14049
537 0.14046
538 0.14043
539 0.14040
540 0.14038
541 0.14036
542 0.14034
543 0.14033
544 0.14032
545 0.14031
546 0.14031
547 0.14031
548 0.14031
549 0.14032
550 0.14033
551 0.14034
552 0.14035
553 0.14037
554 0.14040
555 0.14042
556 0.14045
557 0.14048
558 0.14052
559 0.14056
560 0.14060
561 0.14065
562 0.14070
563 0.14075
564 0.14080
565 0.14086
566 0.14093
567 0.14099
568 0.14106
569 0.14113
570 0.14121
571 0.14129
572 0.14137
573 0.14146
574 0.14155
575 0.14164
576 0.14174
577 0.14184
578 0.14195
579 0.14205
580 0.14217
581 0.14228
582 0.14240
583 0.14252
584 0.14265
585 0.14278
586 0.14291
587 0.14305
588 0.14319
589 0.14333
590 0.14348
591 0.14363
592 0.14378
593 0.14394
594 0.14410
595 0.14427
596 0.14444
597 0.14461
598 0.14479
599 0.14497
600 0.14516
601 0.14535
602 0.14554
603 0.14574
604 0.14594
605 0.14614
606 0.14635
607 0.14657
608 0.14678
609 0.14700
610 0.14723
611 0.14746
612 0.14769
613 0.14793
614 0.14817
615 0.14842
616 0.14867
617 0.14892
618 0.14918
619 0.14944
620 0.14971
621 0.14998
622 0.15026
623 0.15054
624 0.15082
625 0.15111
626 0.15140
627 0.15170
628 0.15200
629 0.15230
630 0.15261
631 0.15292
632 0.15324
633 0.15356
634 0.15389
635 0.15422
636 0.15455
637 0.15489
638 0.15524
639 0.15558
640 0.15594
641 0.15629
642 0.15666
643 0.15702
644 0.15740
645 0.15777
646 0.15815
647 0.15854
648 0.15893
649 0.15933
650 0.15973
651 0.16013
652 0.16054
653 0.16096
654 0.16138
655 0.16180
656 0.16224
657 0.16267
658 0.16311
659 0.16356
660 0.16402
661 0.16447
662 0.16494
663 0.16541
664 0.16588
665 0.16637
666 0.16685
667 0.16734
668 0.16784
669 0.16834
670 0.16885
671 0.16936
672 0.16988
673 0.17041
674 0.17094
675 0.17148
676 0.17202
677 0.17257
678 0.17313
679 0.17369
680 0.17426
681 0.17484
682 0.17542
683 0.17601
684 0.17661
685 0.17721
686 0.17783
687 0.17844
688 0.17907
689 0.17970
690 0.18034
691 0.18098
692 0.18164
693 0.18230
694 0.18296
695 0.18364
696 0.18432
697 0.18501
698 0.18571
699 0.18641
700 0.18713
701 0.18785
702 0.18858
703 0.18931
704 0.19005
705 0.19079
706 0.19155
707 0.19231
708 0.19308
709 0.19386
710 0.19464
711 0.19544
712 0.19624
713 0.19705
714 0.19788
715 0.19871
716 0.19955
717 0.20039
718 0.20125
719 0.20212
720 0.20299
721 0.20388
722 0.20477
723 0.20568
724 0.20659
725 0.20752
726 0.20845
727 0.20940
728 0.21035
729 0.21131
730 0.21229
731 0.21327
732 0.21427
733 0.21528
734 0.21629
735 0.21732
736 0.21836
737 0.21941
738 0.22047
739 0.22155
740 0.22263
741 0.22373
742 0.22483
743 0.22595
744 0.22708
745 0.22823
746 0.22938
747 0.23055
748 0.23173
749 0.23293
750 0.23413
751 0.23535
752 0.23658
753 0.23783
754 0.23909
755 0.24036
756 0.24165
757 0.24295
758 0.24426
759 0.24559
760 0.24693
761 0.24829
762 0.24966
763 0.25104
764 0.25245
765 0.25386
766 0.25529
767 0.25674
768 0.25820
769 0.25968
770 0.26117
771 0.26269
772 0.26421
773 0.26576
774 0.26732
775 0.26889
776 0.27049
777 0.27210
778 0.27373
779 0.27538
780 0.27704
781 0.27872
782 0.28043
783 0.28215
784 0.28388
785 0.28564
786 0.28742
787 0.28922
788 0.29103
789 0.29287
790 0.29473
791 0.29661
792 0.29850
793 0.30042
794 0.30236
795 0.30433
796 0.30631
797 0.30832
798 0.31034
799 0.31239
800 0.31447
801 0.31656
802 0.31869
803 0.32083
804 0.32300
805 0.32519
806 0.32741
807 0.32965
808 0.33192
809 0.33421
810 0.33653
811 0.33887
812 0.34124
813 0.34364
814 0.34607
815 0.34852
816 0.35100
817 0.35351
818 0.35605
819 0.35862
820 0.36121
821 0.36384
822 0.36649
823 0.36918
824 0.37190
825 0.37465
826 0.37743
827 0.38024
828 0.38309
829 0.38597
830 0.38888
831 0.39182
832 0.39478
833 0.39776
834 0.40075
835 0.40377
836 0.40682
837 0.40991
838 0.41303
839 0.41619
840 0.41938
841 0.42261
842 0.42588
843 0.42919
844 0.43253
845 0.43592
846 0.43934
847 0.44281
848 0.44631
849 0.44985
850 0.45344
851 0.45707
852 0.46074
853 0.46446
854 0.46822
855 0.47202
856 0.47587
857 0.47977
858 0.48371
859 0.48770
860 0.49173
861 0.49582
862 0.49995
863 0.50414
864 0.50837
865 0.51265
866 0.51699
867 0.52138
868 0.52582
869 0.53032
870 0.53487
871 0.53948
872 0.54414
873 0.54886
874 0.55364
875 0.55847
876 0.56337
877 0.56832
878 0.57334
879 0.57842
880 0.58356
881 0.58877
882 0.59404
883 0.59938
884 0.60478
885 0.61025
886 0.61579
887 0.62140
888 0.62707
889 0.63282
890 0.63865
891 0.64454
892 0.65051
893 0.65656
894 0.66268
895 0.66888
896 0.67516
897 0.68152
898 0.68796
899 0.69448
900 0.70109
901 0.70778
902 0.71456
903 0.72143
904 0.72838
905 0.73543
906 0.74256
907 0.74979
908 0.75712
909 0.76454
910 0.77205
911 0.77967
912 0.78569
913 0.80057
914 0.81057
915 0.81753
916 0.82146
917 0.82340
918 0.82560
919 0.82812
920 0.83105
921 0.83452
922 0.83394
923 0.83336
924 0.83758
925 0.83701
926 0.83644
927 0.84173
928 0.84117
929 0.84061
930 0.84005
931 0.84693
932 0.84639
933 0.84585
934 0.84531
935 0.84476
936 0.84422
937 0.84367
938 0.85311
939 0.85259
940 0.85207
941 0.85155
942 0.85103
943 0.85051
944 0.84999
945 0.84946
946 0.84894
947 0.84841
948 0.84789
949 0.84736
950 0.86134
951 0.86086
952 0.86037
953 0.85988
954 0.85939
955 0.85890
956 0.85841
957 0.85792
958 0.85743
959 0.85694
960 0.85644
961 0.85595
962 0.85545
963 0.85495
964 0.85445
965 0.85395
966 0.85345
967 0.85295
968 0.85245
969 0.85194
970 0.85144
971 0.85093
972 0.85043
973 0.87378
974 0.87335
975 0.87291
976 0.87247
977 0.87204
978 0.87160
979 0.87116
980 0.87072
981 0.87028
982 0.86983
983 0.86939
984 0.86895
985 0.86850
986 0.86806
987 0.86761
988 0.86716
989 0.86671
990 0.86626
991 0.86581
992 0.86536
993 0.86491
994 0.86445
995 0.86400
996 0.86354
997 0.86309
998 0.86263
999 0.86217
1000 0.86171
1001 0.86125
1002 0.86079
1003 0.86033
1004 0.85986
1005 0.85940
1006 0.85894
1007 0.85847
1008 0.85800
1009 0.85753
1010 0.85707
1011 0.85660
1012 0.85613
1013 0.85565
1014 0.85518
1015 0.85471
1016 0.85423
1017 0.85376
1018 0.85328
1019 0.85280
1020 0.85233
1021 0.85185
1022 0.85137
1023 0.85089
1024 0.85040
1025 0.84992
1026 0.89843
1027 0.89809
1028 0.89775
1029 0.89742
1030 0.89708
1031 0.89674
1032 0.89640
1033 0.89606
1034 0.89571
1035 0.89537
1036 0.89503
1037 0.89468
1038 0.89434
1039 0.89399
1040 0.89365
1041 0.89330
1042 0.89295
1043 0.89261
1044 0.89226
1045 0.89191
1046 0.89156
1047 0.89120
1048 0.89085
1049 0.89050
1050 0.89015
1051 0.88979
1052 0.88944
1053 0.88908
1054 0.88873
1055 0.88837
1056 0.88801
1057 0.88765
1058 0.88729
1059 0.88693
1060 0.88657
1061 0.88621
1062 0.88585
1063 0.88548
1064 0.88512
1065 0.88476
1066 0.88439
1067 0.88402
1068 0.88366
1069 0.88329
1070 0.88292
1071 0.88255
1072 0.88218
1073 0.88181
1074 0.88144
1075 0.88107
1076 0.88070
1077 0.88032
1078 0.87995
1079 0.87957
1080 0.87920
1081 0.87882
1082 0.87845
1083 0.87807
1084 0.87769
1085 0.87731
1086 0.87693
1087 0.87655
1088 0.87617
1089 0.87578
1090 0.87540
1091 0.87502
1092 0.87463
1093 0.87425
1094 0.87386
1095 0.87348
1096 0.87309
1097 0.87270
1098 0.87231
1099 0.87192
1100 0.87153
1101 0.87114
1102 0.87075
1103 0.87035
1104 0.86996
1105 0.86957
1106 0.86917
1107 0.86877
1108 0.86838
1109 0.86798
1110 0.86758
1111 0.86718
1112 0.86678
1113 0.86638
1114 0.86597
1115 0.86557
1116 0.86517
1117 0.86476
1118 0.86436
1119 0.86395
1120 0.86354
1121 0.86314
1122 0.86273
1123 0.86232
1124 0.86191
1125 0.86150
1126 0.86109
1127 0.86068
1128 0.86026
1129 0.85985
1130 0.85944
1131 0.85902
1132 0.85861
1133 0.85819
1134 0.85777
1135 0.85735
1136 0.85694
1137 0.85652
1138 0.85610
1139 0.85567
1140 0.85525
1141 0.85483
1142 0.85441
1143 0.85398
1144 0.85356
1145 0.85313
1146 0.85271
1147 0.85228
1148 0.85185
1149 0.85142
1150 0.85099
1151 0.85056
1152 0.85013
1153 0.84970
1154 0.84927
1155 0.84884
1156 0.84840
1157 0.84797
1158 0.84753
1159 0.84710
1160 0.84666
1161 0.84622
1162 0.84578
1163 0.84534
1164 0.84490
1165 0.84446
1166 0.84402
1167 0.84358
1168 0.84314
1169 0.84269
1170 0.84225
1171 0.84180
1172 0.84136
1173 0.84091
1174 0.84046
1175 0.84002
1176 0.83957
1177 0.83912
1178 0.83867
1179 0.83821
1180 0.83776
1181 0.83731
1182 0.83686
1183 0.83640
1184 0.83595
1185 0.83549
1186 0.83504
1187 0.83458
1188 0.83412
1189 0.83366
1190 0.83320
1191 0.83274
1192 0.83228
1193 0.83182
1194 0.83136
1195 0.83089
1196 0.83043
1197 0.82997
1198 0.82950
1199 0.82903
1200 0.82857
1201 0.82810
1202 0.82763
1203 0.82716
1204 0.82669
1205 0.82622
1206 0.82575
1207 0.82528
1208 0.82480
1209 0.82433
1210 0.82386
1211 0.82338
1212 0.82290
1213 0.82243
1214 0.82195
1215 0.82147
1216 1.00000
