17 0.93684
18 0.93144
19 0.92592
20 0.92030
21 0.91458
22 0.90876
23 0.90286
24 0.89688
25 0.89082
26 0.88469
27 0.87850
28 0.87224
29 0.86593
30 0.85956
31 0.85315
32 0.84668
33 0.84018
34 0.83364
35 0.82707
36 0.82046
37 0.81383
38 0.80718
39 0.80050
40 0.79380
41 0.78709
42 0.78037
43 0.77363
44 0.76689
45 0.76014
46 0.75339
47 0.74663
48 0.73988
49 0.73313
50 0.72639
51 0.71965
52 0.71293
53 0.70621
54 0.69951
55 0.69282
56 0.68615
57 0.67950
58 0.67286
59 0.66625
60 0.65966
61 0.65309
62 0.64654
63 0.64003
64 0.63353
65 0.62707
66 0.62064
67 0.61423
68 0.60786
69 0.60152
70 0.59522
71 0.58894
72 0.58271
73 0.57651
74 0.57034
75 0.56421
76 0.55812
77 0.55207
78 0.54606
79 0.54009
80 0.53415
81 0.52826
82 0.52241
83 0.51660
84 0.51084
85 0.50511
86 0.49943
87 0.49379
88 0.48820
89 0.48265
90 0.47714
91 0.47168
92 0.46626
93 0.46089
94 0.45556
95 0.45028
96 0.44504
97 0.43985
98 0.43470
99 0.42960
100 0.42455
101 0.41954
102 0.41458
103 0.40966
104 0.40479
105 0.39996
106 0.39518
107 0.39045
108 0.38576
109 0.38111
110 0.37652
111 0.37196
112 0.36746
113 0.36299
114 0.35858
115 0.35420
116 0.34988
117 0.34559
118 0.34135
119 0.33716
120 0.33301
121 0.32890
122 0.32484
123 0.32082
124 0.31684
125 0.31291
126 0.30902
127 0.30517
128 0.30136
129 0.29760
130 0.29388
131 0.29020
132 0.28656
133 0.28296
134 0.27940
135 0.27588
136 0.27240
137 0.26897
138 0.26557
139 0.26221
140 0.25889
141 0.25561
142 0.25237
143 0.24916
144 0.24599
145 0.24286
146 0.23977
147 0.23672
148 0.23370
149 0.23071
150 0.22777
151 0.22485
152 0.22198
153 0.21914
154 0.21633
155 0.21356
156 0.21082
157 0.20811
158 0.20544
159 0.20280
160 0.20020
161 0.19762
162 0.19508
163 0.19257
164 0.19010
165 0.18765
166 0.18523
167 0.18285
168 0.18049
169 0.17816
170 0.17587
171 0.17360
172 0.17136
173 0.16915
174 0.16697
175 0.16482
176 0.16269
177 0.16059
178 0.15852
179 0.15648
180 0.15446
181 0.15247
182 0.15050
183 0.14856
184 0.14665
185 0.14476
186 0.14289
187 0.14105
188 0.13924
189 0.13744
190 0.13567
191 0.13393
192 0.13221
193 0.13051
194 0.12883
195 0.12717
196 0.12554
197 0.12393
198 0.12234
199 0.12077
200 0.11922
201 0.11769
202 0.11619
203 0.11470
204 0.11323
205 0.11178
206 0.11036
207 0.10895
208 0.10756
209 0.10619
210 0.10483
211 0.10350
212 0.10218
213 0.10088
214 0.09960
215 0.09834
216 0.09709
217 0.09586
218 0.09465
219 0.09345
220 0.09227
221 0.09111
222 0.08996
223 0.08883
224 0.08771
225 0.08661
226 0.08552
227 0.08445
228 0.08339
229 0.08235
230 0.08132
231 0.08030
232 0.07930
233 0.07831
234 0.07734
235 0.07638
236 0.07543
237 0.07449
238 0.07357
239 0.07266
240 0.07177
241 0.07088
242 0.07001
243 0.06915
244 0.06830
245 0.06746
246 0.06664
247 0.06582
248 0.06502
249 0.06423
250 0.06344
251 0.06267
252 0.06191
253 0.06116
254 0.06042
255 0.05969
256 0.05897
257 0.05827
258 0.05757
259 0.05688
260 0.05619
261 0.05552
262 0.05486
263 0.05421
264 0.05356
265 0.05293
266 0.05230
267 0.05168
268 0.05107
269 0.05047
270 0.04988
271 0.04929
272 0.04872
273 0.04815
274 0.04759
275 0.04703
276 0.04649
277 0.04595
278 0.04542
279 0.04489
280 0.04438
281 0.04387
282 0.04337
283 0.04287
284 0.04238
285 0.04190
286 0.04142
287 0.04095
288 0.04049
289 0.04003
290 0.03958
291 0.03914
292 0.03870
293 0.03827
294 0.03784
295 0.03742
296 0.03701
297 0.03660
298 0.03619
299 0.03579
300 0.03540
301 0.03501
302 0.03463
303 0.03425
304 0.03388
305 0.03352
306 0.03315
307 0.03280
308 0.03244
309 0.03210
310 0.03175
311 0.03142
312 0.03108
313 0.03075
314 0.03043
315 0.03011
316 0.02979
317 0.02948
318 0.02917
319 0.02887
320 0.02857
321 0.02827
322 0.02798
323 0.02770
324 0.02741
325 0.02713
326 0.02686
327 0.02658
328 0.02631
329 0.02605
330 0.02579
331 0.02553
332 0.02527
333 0.02502
334 0.02478
335 0.02453
336 0.02429
337 0.02405
338 0.02382
339 0.02358
340 0.02335
341 0.02313
342 0.02291
343 0.02269
344 0.02247
345 0.02226
346 0.02204
347 0.02184
348 0.02163
349 0.02143
350 0.02123
351 0.02103
352 0.02083
353 0.02064
354 0.02045
355 0.02026
356 0.02008
357 0.01990
358 0.01972
359 0.01954
360 0.01936
361 0.01919
362 0.01902
363 0.01885
364 0.01869
365 0.01852
366 0.01836
367 0.01820
368 0.01804
369 0.01789
370 0.01773
371 0.01758
372 0.01743
373 0.01728
374 0.01714
375 0.01699
376 0.01685
377 0.01671
378 0.01657
379 0.01644
380 0.01630
381 0.01617
382 0.01604
383 0.01591
384 0.01578
385 0.01566
386 0.01553
387 0.01541
388 0.01529
389 0.01517
390 0.01505
391 0.01493
392 0.01482
393 0.01471
394 0.01459
395 0.01448
396 0.01437
397 0.01427
398 0.01416
399 0.01406
400 0.01395
401 0.01385
402 0.01375
403 0.01365
404 0.01355
405 0.01346
406 0.01336
407 0.01327
408 0.01317
409 0.01308
410 0.01299
411 0.01290
412 0.01281
413 0.01273
414 0.01264
415 0.01256
416 0.01247
417 0.01239
418 0.01231
419 0.01223
420 0.01215
421 0.01207
422 0.01200
423 0.01192
424 0.01184
425 0.01177
426 0.01170
427 0.01163
428 0.01156
429 0.01149
430 0.01142
431 0.01135
432 0.01128
433 0.01122
434 0.01115
435 0.01109
436 0.01102
437 0.01096
438 0.01090
439 0.01084
440 0.01078
441 0.01072
442 0.01066
443 0.01060
444 0.01055
445 0.01049
446 0.01044
447 0.01038
448 0.01033
449 0.01027
450 0.01022
451 0.01017
452 0.01012
453 0.01007
454 0.01002
455 0.00998
456 0.00993
457 0.00988
458 0.00983
459 0.00979
460 0.00974
461 0.00970
462 0.00966
463 0.00961
464 0.00957
465 0.00953
466 0.00949
467 0.00945
468 0.00941
469 0.00937
470 0.00933
471 0.00929
472 0.00926
473 0.00922
474 0.00918
475 0.00915
476 0.00911
477 0.00908
478 0.00905
479 0.00901
480 0.00898
481 0.00895
482 0.00892
483 0.00889
484 0.00886
485 0.00883
486 0.00880
487 0.00877
488 0.00874
489 0.00871
490 0.00868
491 0.00866
492 0.00863
493 0.00861
494 0.00858
495 0.00856
496 0.00853
497 0.00851
498 0.00849
499 0.00846
500 0.00844
501 0.00842
502 0.00840
503 0.00838
504 0.00836
505 0.00834
506 0.00832
507 0.00830
508 0.00828
509 0.00826
510 0.00825
511 0.00823
512 0.00821
513 0.00820
514 0.00818
515 0.00817
516 0.00815
517 0.00814
518 0.00813
519 0.00811
520 0.00810
521 0.00809
522 0.00808
523 0.00806
524 0.00805
525 0.00804
526 0.00803
527 0.00802
528 0.00801
529 0.00800
530 0.00800
531 0.00799
532 0.00798
533 0.00797
534 0.00797
535 0.00796
536 0.00796
537 0.00795
538 0.00795
539 0.00794
540 0.00794
541 0.00793
542 0.00793
543 0.00793
544 0.00793
545 0.00792
546 0.00792
547 0.00792
548 0.00792
549 0.00792
550 0.00792
551 0.00792
552 0.00793
553 0.00793
554 0.00793
555 0.00793
556 0.00794
557 0.00794
558 0.00794
559 0.00795
560 0.00795
561 0.00796
562 0.00797
563 0.00797
564 0.00798
565 0.00799
566 0.00799
567 0.00800
568 0.00801
569 0.00802
570 0.00803
571 0.00804
572 0.00805
573 0.00806
574 0.00807
575 0.00809
576 0.00810
577 0.00811
578 0.00813
579 0.00814
580 0.00816
581 0.00817
582 0.00819
583 0.00820
584 0.00822
585 0.00824
586 0.00826
587 0.00827
588 0.00829
589 0.00831
590 0.00833
591 0.00835
592 0.00837
593 0.00840
594 0.00842
595 0.00844
596 0.00846
597 0.00849
598 0.00851
599 0.00854
600 0.00856
601 0.00859
602 0.00862
603 0.00864
604 0.00867
605 0.00870
606 0.00873
607 0.00876
608 0.00879
609 0.00882
610 0.00885
611 0.00889
612 0.00892
613 0.00895
614 0.00898
615 0.00901
616 0.00905
617 0.00908
618 0.00912
619 0.00915
620 0.00919
621 0.00923
622 0.00926
623 0.00930
624 0.00934
625 0.00938
626 0.00942
627 0.00947
628 0.00951
629 0.00955
630 0.00959
631 0.00964
632 0.00968
633 0.00973
634 0.00978
635 0.00983
636 0.00988
637 0.00992
638 0.00998
639 0.01003
640 0.01008
641 0.01013
642 0.01019
643 0.01024
644 0.01030
645 0.01035
646 0.01041
647 0.01047
648 0.01053
649 0.01059
650 0.01065
651 0.01071
652 0.01078
653 0.01084
654 0.01091
655 0.01098
656 0.01104
657 0.01111
658 0.01118
659 0.01126
660 0.01133
661 0.01140
662 0.01148
663 0.01155
664 0.01163
665 0.01171
666 0.01179
667 0.01187
668 0.01195
669 0.01204
670 0.01212
671 0.01221
672 0.01230
673 0.01239
674 0.01248
675 0.01257
676 0.01267
677 0.01276
678 0.01286
679 0.01296
680 0.01306
681 0.01316
682 0.01326
683 0.01337
684 0.01347
685 0.01358
686 0.01369
687 0.01380
688 0.01392
689 0.01403
690 0.01415
691 0.01427
692 0.01439
693 0.01452
694 0.01464
695 0.01477
696 0.01490
697 0.01503
698 0.01516
699 0.01530
700 0.01544
701 0.01558
702 0.01572
703 0.01587
704 0.01601
705 0.01616
706 0.01632
707 0.01647
708 0.01663
709 0.01679
710 0.01695
711 0.01712
712 0.01728
713 0.01746
714 0.01763
715 0.01781
716 0.01799
717 0.01817
718 0.01835
719 0.01854
720 0.01874
721 0.01893
722 0.01913
723 0.01933
724 0.01954
725 0.01975
726 0.01996
727 0.02017
728 0.02039
729 0.02062
730 0.02085
731 0.02108
732 0.02131
733 0.02155
734 0.02179
735 0.02204
736 0.02229
737 0.02255
738 0.02281
739 0.02308
740 0.02335
741 0.02362
742 0.02390
743 0.02419
744 0.02448
745 0.02477
746 0.02507
747 0.02538
748 0.02569
749 0.02601
750 0.02633
751 0.02666
752 0.02699
753 0.02733
754 0.02768
755 0.02803
756 0.02839
757 0.02875
758 0.02913
759 0.02951
760 0.02989
761 0.03029
762 0.03069
763 0.03109
764 0.03151
765 0.03193
766 0.03236
767 0.03280
768 0.03325
769 0.03371
770 0.03417
771 0.03464
772 0.03513
773 0.03562
774 0.03612
775 0.03663
776 0.03715
777 0.03768
778 0.03822
779 0.03877
780 0.03933
781 0.03991
782 0.04049
783 0.04109
784 0.04169
785 0.04231
786 0.04294
787 0.04359
788 0.04424
789 0.04491
790 0.04559
791 0.04629
792 0.04700
793 0.04772
794 0.04846
795 0.04922
796 0.04999
797 0.05077
798 0.05157
799 0.05239
800 0.05322
801 0.05407
802 0.05494
803 0.05583
804 0.05673
805 0.05765
806 0.05860
807 0.05956
808 0.06054
809 0.06154
810 0.06257
811 0.06361
812 0.06468
813 0.06577
814 0.06688
815 0.06802
816 0.06918
817 0.07037
818 0.07158
819 0.07282
820 0.07408
821 0.07537
822 0.07669
823 0.07804
824 0.07942
825 0.08083
826 0.08227
827 0.08374
828 0.08524
829 0.08678
830 0.08835
831 0.08995
832 0.09159
833 0.09327
834 0.09499
835 0.09674
836 0.09853
837 0.10037
838 0.10224
839 0.10416
840 0.10612
841 0.10813
842 0.11019
843 0.11229
844 0.11443
845 0.11663
846 0.11888
847 0.12118
848 0.12354
849 0.12595
850 0.12842
851 0.13094
852 0.13352
853 0.13617
854 0.13888
855 0.14165
856 0.14449
857 0.14739
858 0.15037
859 0.15342
860 0.15654
861 0.15973
862 0.16301
863 0.16636
864 0.16979
865 0.17331
866 0.17691
867 0.18061
868 0.18439
869 0.18827
870 0.19224
871 0.19631
872 0.20048
873 0.20476
874 0.20914
875 0.21363
876 0.21824
877 0.22296
878 0.22780
879 0.23276
880 0.23785
881 0.24307
882 0.24843
883 0.25392
884 0.25955
885 0.26532
886 0.27125
887 0.27732
888 0.28356
889 0.28996
890 0.29652
891 0.30326
892 0.31017
893 0.31726
894 0.32454
895 0.33202
896 0.33969
897 0.34756
898 0.35565
899 0.36395
900 0.37247
901 0.38122
902 0.39021
903 0.39944
904 0.40892
905 0.41866
906 0.42866
907 0.43893
908 0.44949
909 0.46033
910 0.47147
911 0.48292
912 0.49204
913 0.51672
914 0.53405
915 0.54659
916 0.55382
917 0.55740
918 0.56153
919 0.56634
920 0.57203
921 0.57890
922 0.57767
923 0.57644
924 0.58494
925 0.58373
926 0.58251
927 0.59335
928 0.59215
929 0.59095
930 0.58976
931 0.60412
932 0.60295
933 0.60178
934 0.60060
935 0.59943
936 0.59825
937 0.59707
938 0.61719
939 0.61605
940 0.61491
941 0.61377
942 0.61263
943 0.61149
944 0.61034
945 0.60920
946 0.60805
947 0.60690
948 0.60575
949 0.60460
950 0.63507
951 0.63398
952 0.63289
953 0.63179
954 0.63070
955 0.62961
956 0.62851
957 0.62741
958 0.62632
959 0.62522
960 0.62412
961 0.62301
962 0.62191
963 0.62081
964 0.61970
965 0.61860
966 0.61749
967 0.61639
968 0.61528
969 0.61417
970 0.61306
971 0.61195
972 0.61084
973 0.66300
974 0.66199
975 0.66098
976 0.65997
977 0.65896
978 0.65795
979 0.65694
980 0.65592
981 0.65491
982 0.65389
983 0.65287
984 0.65185
985 0.65083
986 0.64981
987 0.64879
988 0.64777
989 0.64674
990 0.64572
991 0.64469
992 0.64366
993 0.64264
994 0.64161
995 0.64058
996 0.63954
997 0.63851
998 0.63748
999 0.63644
1000 0.63541
1001 0.63437
1002 0.63333
1003 0.63230
1004 0.63126
1005 0.63022
1006 0.62917
1007 0.62813
1008 0.62709
1009 0.62604
1010 0.62500
1011 0.62395
1012 0.62291
1013 0.62186
1014 0.62081
1015 0.61976
1016 0.61871
1017 0.61766
1018 0.61660
1019 0.61555
1020 0.61450
1021 0.61344
1022 0.61238
1023 0.61133
1024 0.61027
1025 0.60921
1026 0.72125
1027 0.72043
1028 0.71960
1029 0.71877
1030 0.71794
1031 0.71710
1032 0.71627
1033 0.71544
1034 0.71460
1035 0.71376
1036 0.71293
1037 0.71209
1038 0.71125
1039 0.71041
1040 0.70957
1041 0.70872
1042 0.70788
1043 0.70703
1044 0.70619
1045 0.70534
1046 0.70449
1047 0.70364
1048 0.70279
1049 0.70194
1050 0.70108
1051 0.70023
1052 0.69938
1053 0.69852
1054 0.69766
1055 0.69680
1056 0.69594
1057 0.69508
1058 0.69422
1059 0.69336
1060 0.69250
1061 0.69163
1062 0.69077
1063 0.68990
1064 0.68903
1065 0.68816
1066 0.68729
1067 0.68642
1068 0.68555
1069 0.68468
1070 0.68380
1071 0.68293
1072 0.68205
1073 0.68118
1074 0.68030
1075 0.67942
1076 0.67854
1077 0.67766
1078 0.67678
1079 0.67589
1080 0.67501
1081 0.67413
1082 0.67324
1083 0.67235
1084 0.67147
1085 0.67058
1086 0.66969
1087 0.66880
1088 0.66791
1089 0.66701
1090 0.66612
1091 0.66523
1092 0.66433
1093 0.66343
1094 0.66254
1095 0.66164
1096 0.66074
1097 0.65984
1098 0.65894
1099 0.65804
1100 0.65714
1101 0.65623
1102 0.65533
1103 0.65442
1104 0.65352
1105 0.65261
1106 0.65170
1107 0.65079
1108 0.64988
1109 0.64897
1110 0.64806
1111 0.64715
1112 0.64624
1113 0.64532
1114 0.64441
1115 0.64349
1116 0.64258
1117 0.64166
1118 0.64074
1119 0.63982
1120 0.63890
1121 0.63798
1122 0.63706
1123 0.63614
1124 0.63522
1125 0.63429
1126 0.63337
1127 0.63244
1128 0.63152
1129 0.63059
1130 0.62966
1131 0.62874
1132 0.62781
1133 0.62688
1134 0.62595
1135 0.62502
1136 0.62408
1137 0.62315
1138 0.62222
1139 0.62128
1140 0.62035
1141 0.61941
1142 0.61848
1143 0.61754
1144 0.61660
1145 0.61566
1146 0.61472
1147 0.61378
1148 0.61284
1149 0.61190
1150 0.61096
1151 0.61002
1152 0.60907
1153 0.60813
1154 0.60718
1155 0.60624
1156 0.60529
1157 0.60435
1158 0.60340
1159 0.60245
1160 0.60150
1161 0.60055
1162 0.59960
1163 0.59865
1164 0.59770
1165 0.59675
1166 0.59580
1167 0.59485
1168 0.59389
1169 0.59294
1170 0.59198
1171 0.59103
1172 0.59007
1173 0.58912
1174 0.58816
1175 0.58720
1176 0.58624
1177 0.58528
1178 0.58433
1179 0.58337
1180 0.58241
1181 0.58144
1182 0.58048
1183 0.57952
1184 0.57856
1185 0.57760
1186 0.57663
1187 0.57567
1188 0.57470
1189 0.57374
1190 0.57277
1191 0.57181
1192 0.57084
1193 0.56988
1194 0.56891
1195 0.56794
1196 0.56697
1197 0.56600
1198 0.56503
1199 0.56406
1200 0.56309
1201 0.56212
1202 0.56115
1203 0.56018
1204 0.55921
1205 0.55824
1206 0.55727
1207 0.55629
1208 0.55532
1209 0.55435
1210 0.55337
1211 0.55240
1212 0.55142
1213 0.55045
1214 0.54947
1215 0.54850
1216 1.00000
