17 0.90519
18 0.89723
19 0.88913
20 0.88090
21 0.87255
22 0.86410
23 0.85554
24 0.84690
25 0.83818
26 0.82939
27 0.82054
28 0.81164
29 0.80268
30 0.79369
31 0.78466
32 0.77561
33 0.76653
34 0.75744
35 0.74834
36 0.73923
37 0.73013
38 0.72103
39 0.71194
40 0.70287
41 0.69381
42 0.68478
43 0.67578
44 0.66681
45 0.65787
46 0.64897
47 0.64010
48 0.63129
49 0.62252
50 0.61380
51 0.60513
52 0.59651
53 0.58796
54 0.57946
55 0.57102
56 0.56265
57 0.55434
58 0.54609
59 0.53792
60 0.52982
61 0.52178
62 0.51382
63 0.50593
64 0.49812
65 0.49038
66 0.48272
67 0.47514
68 0.46763
69 0.46021
70 0.45286
71 0.44560
72 0.43841
73 0.43131
74 0.42429
75 0.41734
76 0.41049
77 0.40371
78 0.39702
79 0.39041
80 0.38388
81 0.37743
82 0.37107
83 0.36479
84 0.35859
85 0.35248
86 0.34644
87 0.34049
88 0.33462
89 0.32883
90 0.32312
91 0.31749
92 0.31194
93 0.30647
94 0.30108
95 0.29576
96 0.29053
97 0.28537
98 0.28029
99 0.27528
100 0.27035
101 0.26550
102 0.26072
103 0.25601
104 0.25138
105 0.24682
106 0.24233
107 0.23791
108 0.23356
109 0.22929
110 0.22508
111 0.22094
112 0.21686
113 0.21285
114 0.20891
115 0.20504
116 0.20123
117 0.19748
118 0.19379
119 0.19017
120 0.18661
121 0.18311
122 0.17966
123 0.17628
124 0.17296
125 0.16969
126 0.16648
127 0.16333
128 0.16023
129 0.15718
130 0.15419
131 0.15125
132 0.14837
133 0.14553
134 0.14275
135 0.14002
136 0.13733
137 0.13469
138 0.13211
139 0.12956
140 0.12707
141 0.12462
142 0.12221
143 0.11985
144 0.11754
145 0.11526
146 0.11303
147 0.11084
148 0.10869
149 0.10658
150 0.10451
151 0.10247
152 0.10048
153 0.09852
154 0.09660
155 0.09472
156 0.09287
157 0.09106
158 0.08928
159 0.08754
160 0.08583
161 0.08415
162 0.08251
163 0.08089
164 0.07931
165 0.07776
166 0.07623
167 0.07474
168 0.07327
169 0.07184
170 0.07043
171 0.06905
172 0.06770
173 0.06637
174 0.06507
175 0.06379
176 0.06254
177 0.06131
178 0.06011
179 0.05893
180 0.05778
181 0.05664
182 0.05553
183 0.05444
184 0.05338
185 0.05233
186 0.05131
187 0.05030
188 0.04932
189 0.04835
190 0.04740
191 0.04648
192 0.04557
193 0.04468
194 0.04380
195 0.04295
196 0.04211
197 0.04129
198 0.04048
199 0.03969
200 0.03892
201 0.03816
202 0.03742
203 0.03669
204 0.03598
205 0.03528
206 0.03459
207 0.03392
208 0.03326
209 0.03262
210 0.03199
211 0.03137
212 0.03076
213 0.03017
214 0.02958
215 0.02901
216 0.02845
217 0.02791
218 0.02737
219 0.02684
220 0.02633
221 0.02582
222 0.02533
223 0.02484
224 0.02437
225 0.02390
226 0.02345
227 0.02300
228 0.02256
229 0.02213
230 0.02171
231 0.02130
232 0.02089
233 0.02050
234 0.02011
235 0.01973
236 0.01936
237 0.01899
238 0.01864
239 0.01829
240 0.01794
241 0.01761
242 0.01728
243 0.01696
244 0.01664
245 0.01633
246 0.01602
247 0.01573
248 0.01544
249 0.01515
250 0.01487
251 0.01459
252 0.01433
253 0.01406
254 0.01380
255 0.01355
256 0.01330
257 0.01306
258 0.01282
259 0.01259
260 0.01236
261 0.01213
262 0.01191
263 0.01170
264 0.01149
265 0.01128
266 0.01108
267 0.01088
268 0.01068
269 0.01049
270 0.01030
271 0.01012
272 0.00994
273 0.00976
274 0.00959
275 0.00942
276 0.00926
277 0.00909
278 0.00893
279 0.00878
280 0.00862
281 0.00847
282 0.00832
283 0.00818
284 0.00804
285 0.00790
286 0.00776
287 0.00763
288 0.00750
289 0.00737
290 0.00724
291 0.00712
292 0.00700
293 0.00688
294 0.00676
295 0.00665
296 0.00654
297 0.00643
298 0.00632
299 0.00621
300 0.00611
301 0.00601
302 0.00591
303 0.00581
304 0.00572
305 0.00562
306 0.00553
307 0.00544
308 0.00535
309 0.00526
310 0.00518
311 0.00509
312 0.00501
313 0.00493
314 0.00485
315 0.00477
316 0.00470
317 0.00462
318 0.00455
319 0.00448
320 0.00441
321 0.00434
322 0.00427
323 0.00420
324 0.00414
325 0.00407
326 0.00401
327 0.00395
328 0.00389
329 0.00383
330 0.00377
331 0.00371
332 0.00366
333 0.00360
334 0.00355
335 0.00349
336 0.00344
337 0.00339
338 0.00334
339 0.00329
340 0.00324
341 0.00320
342 0.00315
343 0.00310
344 0.00306
345 0.00301
346 0.00297
347 0.00293
348 0.00289
349 0.00284
350 0.00280
351 0.00276
352 0.00273
353 0.00269
354 0.00265
355 0.00261
356 0.00258
357 0.00254
358 0.00251
359 0.00247
360 0.00244
361 0.00241
362 0.00237
363 0.00234
364 0.00231
365 0.00228
366 0.00225
367 0.00222
368 0.00219
369 0.00216
370 0.00213
371 0.00210
372 0.00208
373 0.00205
374 0.00202
375 0.00200
376 0.00197
377 0.00195
378 0.00192
379 0.00190
380 0.00188
381 0.00185
382 0.00183
383 0.00181
384 0.00179
385 0.00176
386 0.00174
387 0.00172
388 0.00170
389 0.00168
390 0.00166
391 0.00164
392 0.00162
393 0.00160
394 0.00159
395 0.00157
396 0.00155
397 0.00153
398 0.00151
399 0.00150
400 0.00148
401 0.00146
402 0.00145
403 0.00143
404 0.00142
405 0.00140
406 0.00139
407 0.00137
408 0.00136
409 0.00134
410 0.00133
411 0.00131
412 0.00130
413 0.00129
414 0.00127
415 0.00126
416 0.00125
417 0.00124
418 0.00122
419 0.00121
420 0.00120
421 0.00119
422 0.00118
423 0.00116
424 0.00115
425 0.00114
426 0.00113
427 0.00112
428 0.00111
429 0.00110
430 0.00109
431 0.00108
432 0.00107
433 0.00106
434 0.00105
435 0.00104
436 0.00103
437 0.00102
438 0.00101
439 0.00101
440 0.00100
441 0.00099
442 0.00098
443 0.00097
444 0.00096
445 0.00096
446 0.00095
447 0.00094
448 0.00093
449 0.00093
450 0.00092
451 0.00091
452 0.00090
453 0.00090
454 0.00089
455 0.00088
456 0.00088
457 0.00087
458 0.00086
459 0.00086
460 0.00085
461 0.00085
462 0.00084
463 0.00083
464 0.00083
465 0.00082
466 0.00082
467 0.00081
468 0.00081
469 0.00080
470 0.00080
471 0.00079
472 0.00079
473 0.00078
474 0.00078
475 0.00077
476 0.00077
477 0.00076
478 0.00076
479 0.00075
480 0.00075
481 0.00075
482 0.00074
483 0.00074
484 0.00073
485 0.00073
486 0.00073
487 0.00072
488 0.00072
489 0.00072
490 0.00071
491 0.00071
492 0.00070
493 0.00070
494 0.00070
495 0.00070
496 0.00069
497 0.00069
498 0.00069
499 0.00068
500 0.00068
501 0.00068
502 0.00068
503 0.00067
504 0.00067
505 0.00067
506 0.00067
507 0.00066
508 0.00066
509 0.00066
510 0.00066
511 0.00065
512 0.00065
513 0.00065
514 0.00065
515 0.00065
516 0.00064
517 0.00064
518 0.00064
519 0.00064
520 0.00064
521 0.00064
522 0.00064
523 0.00063
524 0.00063
525 0.00063
526 0.00063
527 0.00063
528 0.00063
529 0.00063
530 0.00063
531 0.00062
532 0.00062
533 0.00062
534 0.00062
535 0.00062
536 0.00062
537 0.00062
538 0.00062
539 0.00062
540 0.00062
541 0.00062
542 0.00062
543 0.00062
544 0.00061
545 0.00061
546 0.00061
547 0.00061
548 0.00061
549 0.00061
550 0.00061
551 0.00061
552 0.00061
553 0.00061
554 0.00061
555 0.00061
556 0.00061
557 0.00061
558 0.00061
559 0.00061
560 0.00061
561 0.00062
562 0.00062
563 0.00062
564 0.00062
565 0.00062
566 0.00062
567 0.00062
568 0.00062
569 0.00062
570 0.00062
571 0.00062
572 0.00062
573 0.00062
574 0.00063
575 0.00063
576 0.00063
577 0.00063
578 0.00063
579 0.00063
580 0.00063
581 0.00064
582 0.00064
583 0.00064
584 0.00064
585 0.00064
586 0.00064
587 0.00065
588 0.00065
589 0.00065
590 0.00065
591 0.00065
592 0.00066
593 0.00066
594 0.00066
595 0.00066
596 0.00067
597 0.00067
598 0.00067
599 0.00067
600 0.00068
601 0.00068
602 0.00068
603 0.00069
604 0.00069
605 0.00069
606 0.00070
607 0.00070
608 0.00070
609 0.00071
610 0.00071
611 0.00071
612 0.00072
613 0.00072
614 0.00072
615 0.00073
616 0.00073
617 0.00074
618 0.00074
619 0.00075
620 0.00075
621 0.00075
622 0.00076
623 0.00076
624 0.00077
625 0.00077
626 0.00078
627 0.00078
628 0.00079
629 0.00079
630 0.00080
631 0.00081
632 0.00081
633 0.00082
634 0.00082
635 0.00083
636 0.00083
637 0.00084
638 0.00085
639 0.00085
640 0.00086
641 0.00087
642 0.00087
643 0.00088
644 0.00089
645 0.00090
646 0.00090
647 0.00091
648 0.00092
649 0.00093
650 0.00094
651 0.00094
652 0.00095
653 0.00096
654 0.00097
655 0.00098
656 0.00099
657 0.00100
658 0.00101
659 0.00102
660 0.00103
661 0.00104
662 0.00105
663 0.00106
664 0.00107
665 0.00108
666 0.00109
667 0.00110
668 0.00111
669 0.00112
670 0.00114
671 0.00115
672 0.00116
673 0.00117
674 0.00119
675 0.00120
676 0.00121
677 0.00123
678 0.00124
679 0.00126
680 0.00127
681 0.00129
682 0.00130
683 0.00132
684 0.00133
685 0.00135
686 0.00137
687 0.00138
688 0.00140
689 0.00142
690 0.00144
691 0.00145
692 0.00147
693 0.00149
694 0.00151
695 0.00153
696 0.00155
697 0.00157
698 0.00159
699 0.00161
700 0.00164
701 0.00166
702 0.00168
703 0.00171
704 0.00173
705 0.00175
706 0.00178
707 0.00181
708 0.00183
709 0.00186
710 0.00189
711 0.00191
712 0.00194
713 0.00197
714 0.00200
715 0.00203
716 0.00206
717 0.00209
718 0.00213
719 0.00216
720 0.00219
721 0.00223
722 0.00226
723 0.00230
724 0.00234
725 0.00237
726 0.00241
727 0.00245
728 0.00249
729 0.00253
730 0.00258
731 0.00262
732 0.00266
733 0.00271
734 0.00276
735 0.00280
736 0.00285
737 0.00290
738 0.00295
739 0.00300
740 0.00306
741 0.00311
742 0.00317
743 0.00323
744 0.00328
745 0.00334
746 0.00341
747 0.00347
748 0.00353
749 0.00360
750 0.00367
751 0.00374
752 0.00381
753 0.00388
754 0.00396
755 0.00403
756 0.00411
757 0.00419
758 0.00427
759 0.00436
760 0.00444
761 0.00453
762 0.00462
763 0.00472
764 0.00481
765 0.00491
766 0.00501
767 0.00511
768 0.00522
769 0.00533
770 0.00544
771 0.00555
772 0.00567
773 0.00579
774 0.00592
775 0.00604
776 0.00617
777 0.00631
778 0.00645
779 0.00659
780 0.00673
781 0.00688
782 0.00703
783 0.00719
784 0.00735
785 0.00752
786 0.00769
787 0.00786
788 0.00804
789 0.00823
790 0.00842
791 0.00861
792 0.00881
793 0.00902
794 0.00923
795 0.00945
796 0.00967
797 0.00990
798 0.01014
799 0.01039
800 0.01064
801 0.01090
802 0.01116
803 0.01143
804 0.01172
805 0.01201
806 0.01230
807 0.01261
808 0.01293
809 0.01325
810 0.01359
811 0.01393
812 0.01429
813 0.01466
814 0.01503
815 0.01542
816 0.01582
817 0.01623
818 0.01666
819 0.01710
820 0.01755
821 0.01801
822 0.01849
823 0.01899
824 0.01950
825 0.02002
826 0.02057
827 0.02112
828 0.02170
829 0.02230
830 0.02291
831 0.02354
832 0.02420
833 0.02487
834 0.02557
835 0.02629
836 0.02703
837 0.02779
838 0.02858
839 0.02940
840 0.03024
841 0.03111
842 0.03201
843 0.03294
844 0.03390
845 0.03489
846 0.03591
847 0.03697
848 0.03807
849 0.03920
850 0.04036
851 0.04157
852 0.04282
853 0.04411
854 0.04545
855 0.04683
856 0.04826
857 0.04973
858 0.05126
859 0.05284
860 0.05448
861 0.05617
862 0.05793
863 0.05974
864 0.06162
865 0.06356
866 0.06557
867 0.06766
868 0.06982
869 0.07205
870 0.07437
871 0.07676
872 0.07925
873 0.08182
874 0.08449
875 0.08725
876 0.09012
877 0.09309
878 0.09617
879 0.09936
880 0.10267
881 0.10610
882 0.10966
883 0.11335
884 0.11718
885 0.12115
886 0.12527
887 0.12955
888 0.13398
889 0.13859
890 0.14337
891 0.14833
892 0.15348
893 0.15883
894 0.16438
895 0.17015
896 0.17614
897 0.18236
898 0.18883
899 0.19554
900 0.20252
901 0.20977
902 0.21731
903 0.22514
904 0.23329
905 0.24175
906 0.25055
907 0.25971
908 0.26922
909 0.27912
910 0.28942
911 0.30013
912 0.30874
913 0.33333
914 0.35118
915 0.36444
916 0.37220
917 0.37608
918 0.38058
919 0.38587
920 0.39222
921 0.39995
922 0.39853
923 0.39711
924 0.40679
925 0.40537
926 0.40396
927 0.41646
928 0.41505
929 0.41364
930 0.41223
931 0.42903
932 0.42763
933 0.42624
934 0.42484
935 0.42344
936 0.42205
937 0.42065
938 0.44454
939 0.44316
940 0.44178
941 0.44040
942 0.43902
943 0.43765
944 0.43627
945 0.43489
946 0.43352
947 0.43214
948 0.43077
949 0.42939
950 0.46618
951 0.46484
952 0.46349
953 0.46215
954 0.46080
955 0.45946
956 0.45811
957 0.45677
958 0.45542
959 0.45408
960 0.45274
961 0.45139
962 0.45005
963 0.44871
964 0.44736
965 0.44602
966 0.44468
967 0.44334
968 0.44200
969 0.44066
970 0.43932
971 0.43798
972 0.43664
973 0.50096
974 0.49968
975 0.49840
976 0.49712
977 0.49584
978 0.49456
979 0.49328
980 0.49200
981 0.49072
982 0.48944
983 0.48816
984 0.48687
985 0.48559
986 0.48431
987 0.48303
988 0.48175
989 0.48047
990 0.47919
991 0.47791
992 0.47663
993 0.47534
994 0.47406
995 0.47278
996 0.47150
997 0.47022
998 0.46894
999 0.46766
1000 0.46638
1001 0.46510
1002 0.46382
1003 0.46254
1004 0.46126
1005 0.45998
1006 0.45870
1007 0.45743
1008 0.45615
1009 0.45487
1010 0.45359
1011 0.45231
1012 0.45104
1013 0.44976
1014 0.44848
1015 0.44720
1016 0.44593
1017 0.44465
1018 0.44338
1019 0.44210
1020 0.44083
1021 0.43955
1022 0.43828
1023 0.43701
1024 0.43573
1025 0.43446
1026 0.57702
1027 0.57590
1028 0.57479
1029 0.57368
1030 0.57256
1031 0.57144
1032 0.57033
1033 0.56921
1034 0.56809
1035 0.56697
1036 0.56585
1037 0.56473
1038 0.56361
1039 0.56249
1040 0.56137
1041 0.56025
1042 0.55912
1043 0.55800
1044 0.55688
1045 0.55575
1046 0.55463
1047 0.55350
1048 0.55238
1049 0.55125
1050 0.55012
1051 0.54899
1052 0.54787
1053 0.54674
1054 0.54561
1055 0.54448
1056 0.54335
1057 0.54222
1058 0.54109
1059 0.53996
1060 0.53883
1061 0.53770
1062 0.53656
1063 0.53543
1064 0.53430
1065 0.53316
1066 0.53203
1067 0.53090
1068 0.52976
1069 0.52863
1070 0.52749
1071 0.52636
1072 0.52522
1073 0.52408
1074 0.52295
1075 0.52181
1076 0.52067
1077 0.51954
1078 0.51840
1079 0.51726
1080 0.51612
1081 0.51499
1082 0.51385
1083 0.51271
1084 0.51157
1085 0.51043
1086 0.50929
1087 0.50815
1088 0.50701
1089 0.50587
1090 0.50473
1091 0.50359
1092 0.50245
1093 0.50131
1094 0.50017
1095 0.49903
1096 0.49789
1097 0.49675
1098 0.49561
1099 0.49447
1100 0.49333
1101 0.49219
1102 0.49105
1103 0.48991
1104 0.48876
1105 0.48762
1106 0.48648
1107 0.48534
1108 0.48420
1109 0.48306
1110 0.48192
1111 0.48078
1112 0.47963
1113 0.47849
1114 0.47735
1115 0.47621
1116 0.47507
1117 0.47393
1118 0.47279
1119 0.47165
1120 0.47051
1121 0.46937
1122 0.46823
1123 0.46709
1124 0.46595
1125 0.46481
1126 0.46367
1127 0.46253
1128 0.46139
1129 0.46025
1130 0.45911
1131 0.45797
1132 0.45683
1133 0.45569
1134 0.45455
1135 0.45342
1136 0.45228
1137 0.45114
1138 0.45000
1139 0.44887
1140 0.44773
1141 0.44659
1142 0.44546
1143 0.44432
1144 0.44318
1145 0.44205
1146 0.44091
1147 0.43978
1148 0.43864
1149 0.43751
1150 0.43638
1151 0.43524
1152 0.43411
1153 0.43298
1154 0.43184
1155 0.43071
1156 0.42958
1157 0.42845
1158 0.42732
1159 0.42619
1160 0.42506
1161 0.42393
1162 0.42280
1163 0.42167
1164 0.42054
1165 0.41942
1166 0.41829
1167 0.41716
1168 0.41604
1169 0.41491
1170 0.41379
1171 0.41266
1172 0.41154
1173 0.41041
1174 0.40929
1175 0.40817
1176 0.40705
1177 0.40593
1178 0.40481
1179 0.40369
1180 0.40257
1181 0.40145
1182 0.40033
1183 0.39921
1184 0.39809
1185 0.39698
1186 0.39586
1187 0.39475
1188 0.39363
1189 0.39252
1190 0.39140
1191 0.39029
1192 0.38918
1193 0.38807
1194 0.38696
1195 0.38585
1196 0.38474
1197 0.38363
1198 0.38252
1199 0.38142
1200 0.38031
1201 0.37920
1202 0.37810
1203 0.37699
1204 0.37589
1205 0.37479
1206 0.37369
1207 0.37259
1208 0.37149
1209 0.37039
1210 0.36929
1211 0.36819
1212 0.36709
1213 0.36600
1214 0.36490
1215 0.36381
1216 1.00000
