17 0.99459
18 0.99409
19 0.99357
20 0.99303
21 0.99248
22 0.99191
23 0.99133
24 0.99073
25 0.99012
26 0.98949
27 0.98885
28 0.98820
29 0.98753
30 0.98685
31 0.98616
32 0.98546
33 0.98474
34 0.98401
35 0.98327
36 0.98252
37 0.98176
38 0.98098
39 0.98019
40 0.97940
41 0.97859
42 0.97777
43 0.97694
44 0.97610
45 0.97525
46 0.97439
47 0.97352
48 0.97264
49 0.97175
50 0.97085
51 0.96994
52 0.96902
53 0.96810
54 0.96716
55 0.96622
56 0.96526
57 0.96430
58 0.96333
59 0.96235
60 0.96137
61 0.96037
62 0.95937
63 0.95836
64 0.95734
65 0.95631
66 0.95528
67 0.95424
68 0.95319
69 0.95214
70 0.95107
71 0.95000
72 0.94893
73 0.94784
74 0.94675
75 0.94566
76 0.94455
77 0.94344
78 0.94233
79 0.94121
80 0.94008
81 0.93894
82 0.93780
83 0.93666
84 0.93551
85 0.93435
86 0.93319
87 0.93202
88 0.93085
89 0.92967
90 0.92848
91 0.92729
92 0.92610
93 0.92490
94 0.92370
95 0.92249
96 0.92127
97 0.92006
98 0.91883
99 0.91761
100 0.91637
101 0.91514
102 0.91390
103 0.91265
104 0.91141
105 0.91015
106 0.90890
107 0.90764
108 0.90637
109 0.90511
110 0.90384
111 0.90256
112 0.90128
113 0.90000
114 0.89872
115 0.89743
116 0.89614
117 0.89484
118 0.89354
119 0.89224
120 0.89094
121 0.88963
122 0.88832
123 0.88701
124 0.88570
125 0.88438
126 0.88306
127 0.88174
128 0.88041
129 0.87909
130 0.87776
131 0.87643
132 0.87509
133 0.87376
134 0.87242
135 0.87108
136 0.86974
137 0.86839
138 0.86705
139 0.86570
140 0.86435
141 0.86300
142 0.86165
143 0.86030
144 0.85894
145 0.85758
146 0.85623
147 0.85487
148 0.85351
149 0.85214
150 0.85078
151 0.84942
152 0.84805
153 0.84669
154 0.84532
155 0.84395
156 0.84258
157 0.84121
158 0.83984
159 0.83847
160 0.83710
161 0.83573
162 0.83436
163 0.83298
164 0.83161
165 0.83023
166 0.82886
167 0.82748
168 0.82611
169 0.82473
170 0.82336
171 0.82198
172 0.82061
173 0.81923
174 0.81786
175 0.81648
176 0.81510
177 0.81373
178 0.81235
179 0.81098
180 0.80960
181 0.80823
182 0.80685
183 0.80548
184 0.80410
185 0.80273
186 0.80136
187 0.79999
188 0.79861
189 0.79724
190 0.79587
191 0.79450
192 0.79313
193 0.79177
194 0.79040
195 0.78903
196 0.78766
197 0.78630
198 0.78494
199 0.78357
200 0.78221
201 0.78085
202 0.77949
203 0.77813
204 0.77677
205 0.77541
206 0.77406
207 0.77270
208 0.77135
209 0.77000
210 0.76865
211 0.76730
212 0.76595
213 0.76461
214 0.76326
215 0.76192
216 0.76057
217 0.75923
218 0.75790
219 0.75656
220 0.75522
221 0.75389
222 0.75256
223 0.75122
224 0.74990
225 0.74857
226 0.74724
227 0.74592
228 0.74460
229 0.74328
230 0.74196
231 0.74064
232 0.73933
233 0.73802
234 0.73671
235 0.73540
236 0.73409
237 0.73279
238 0.73148
239 0.73018
240 0.72889
241 0.72759
242 0.72630
243 0.72501
244 0.72372
245 0.72243
246 0.72115
247 0.71986
248 0.71858
249 0.71730
250 0.71603
251 0.71476
252 0.71349
253 0.71222
254 0.71095
255 0.70969
256 0.70843
257 0.70717
258 0.70591
259 0.70466
260 0.70341
261 0.70216
262 0.70091
263 0.69967
264 0.69843
265 0.69719
266 0.69596
267 0.69473
268 0.69350
269 0.69227
270 0.69104
271 0.68982
272 0.68860
273 0.68739
274 0.68617
275 0.68496
276 0.68376
277 0.68255
278 0.68135
279 0.68015
280 0.67895
281 0.67776
282 0.67657
283 0.67538
284 0.67420
285 0.67302
286 0.67184
287 0.67066
288 0.66949
289 0.66832
290 0.66715
291 0.66599
292 0.66483
293 0.66367
294 0.66252
295 0.66137
296 0.66022
297 0.65907
298 0.65793
299 0.65679
300 0.65566
301 0.65453
302 0.65340
303 0.65227
304 0.65115
305 0.65003
306 0.64891
307 0.64780
308 0.64669
309 0.64558
310 0.64448
311 0.64338
312 0.64228
313 0.64119
314 0.64010
315 0.63901
316 0.63793
317 0.63685
318 0.63577
319 0.63470
320 0.63363
321 0.63256
322 0.63150
323 0.63044
324 0.62938
325 0.62833
326 0.62728
327 0.62623
328 0.62519
329 0.62415
330 0.62311
331 0.62208
332 0.62105
333 0.62002
334 0.61900
335 0.61798
336 0.61697
337 0.61596
338 0.61495
339 0.61394
340 0.61294
341 0.61194
342 0.61095
343 0.60996
344 0.60897
345 0.60799
346 0.60701
347 0.60603
348 0.60506
349 0.60409
350 0.60313
351 0.60216
352 0.60121
353 0.60025
354 0.59930
355 0.59835
356 0.59741
357 0.59647
358 0.59553
359 0.59460
360 0.59367
361 0.59274
362 0.59182
363 0.59090
364 0.58999
365 0.58908
366 0.58817
367 0.58727
368 0.58637
369 0.58547
370 0.58458
371 0.58369
372 0.58280
373 0.58192
374 0.58105
375 0.58017
376 0.57930
377 0.57843
378 0.57757
379 0.57671
380 0.57586
381 0.57501
382 0.57416
383 0.57331
384 0.57247
385 0.57164
386 0.57080
387 0.56998
388 0.56915
389 0.56833
390 0.56751
391 0.56670
392 0.56589
393 0.56508
394 0.56428
395 0.56348
396 0.56269
397 0.56189
398 0.56111
399 0.56032
400 0.55954
401 0.55877
402 0.55800
403 0.55723
404 0.55646
405 0.55570
406 0.55495
407 0.55419
408 0.55345
409 0.55270
410 0.55196
411 0.55122
412 0.55049
413 0.54976
414 0.54903
415 0.54831
416 0.54759
417 0.54688
418 0.54617
419 0.54546
420 0.54476
421 0.54406
422 0.54337
423 0.54267
424 0.54199
425 0.54130
426 0.54063
427 0.53995
428 0.53928
429 0.53861
430 0.53795
431 0.53729
432 0.53663
433 0.53598
434 0.53533
435 0.53469
436 0.53405
437 0.53341
438 0.53278
439 0.53215
440 0.53153
441 0.53091
442 0.53029
443 0.52968
444 0.52907
445 0.52846
446 0.52786
447 0.52727
448 0.52667
449 0.52609
450 0.52550
451 0.52492
452 0.52434
453 0.52377
454 0.52320
455 0.52264
456 0.52207
457 0.52152
458 0.52096
459 0.52042
460 0.51987
461 0.51933
462 0.51879
463 0.51826
464 0.51773
465 0.51720
466 0.51668
467 0.51617
468 0.51565
469 0.51514
470 0.51464
471 0.51414
472 0.51364
473 0.51315
474 0.51266
475 0.51217
476 0.51169
477 0.51122
478 0.51074
479 0.51028
480 0.50981
481 0.50935
482 0.50889
483 0.50844
484 0.50799
485 0.50755
486 0.50711
487 0.50667
488 0.50624
489 0.50581
490 0.50539
491 0.50497
492 0.50455
493 0.50414
494 0.50374
495 0.50333
496 0.50293
497 0.50254
498 0.50215
499 0.50176
500 0.50138
501 0.50100
502 0.50063
503 0.50026
504 0.49989
505 0.49953
506 0.49917
507 0.49882
508 0.49847
509 0.49812
510 0.49778
511 0.49744
512 0.49711
513 0.49678
514 0.49646
515 0.49614
516 0.49582
517 0.49551
518 0.49520
519 0.49490
520 0.49460
521 0.49431
522 0.49402
523 0.49373
524 0.49345
525 0.49317
526 0.49290
527 0.49263
528 0.49237
529 0.49210
530 0.49185
531 0.49160
532 0.49135
533 0.49111
534 0.49087
535 0.49063
536 0.49040
537 0.49018
538 0.48996
539 0.48974
540 0.48953
541 0.48932
542 0.48911
543 0.48891
544 0.48872
545 0.48853
546 0.48834
547 0.48816
548 0.48798
549 0.48781
550 0.48764
551 0.48748
552 0.48732
553 0.48716
554 0.48701
555 0.48686
556 0.48672
557 0.48658
558 0.48645
559 0.48632
560 0.48620
561 0.48608
562 0.48597
563 0.48586
564 0.48575
565 0.48565
566 0.48555
567 0.48546
568 0.48537
569 0.48529
570 0.48521
571 0.48514
572 0.48507
573 0.48501
574 0.48495
575 0.48489
576 0.48485
577 0.48480
578 0.48476
579 0.48472
580 0.48469
581 0.48467
582 0.48465
583 0.48463
584 0.48462
585 0.48461
586 0.48461
587 0.48461
588 0.48462
589 0.48463
590 0.48465
591 0.48467
592 0.48470
593 0.48473
594 0.48476
595 0.48481
596 0.48485
597 0.48490
598 0.48496
599 0.48502
600 0.48509
601 0.48516
602 0.48524
603 0.48532
604 0.48540
605 0.48550
606 0.48559
607 0.48570
608 0.48580
609 0.48591
610 0.48603
611 0.48615
612 0.48628
613 0.48642
614 0.48655
615 0.48670
616 0.48685
617 0.48700
618 0.48716
619 0.48732
620 0.48749
621 0.48767
622 0.48785
623 0.48803
624 0.48823
625 0.48842
626 0.48862
627 0.48883
628 0.48905
629 0.48926
630 0.48949
631 0.48972
632 0.48995
633 0.49019
634 0.49044
635 0.49069
636 0.49095
637 0.49121
638 0.49148
639 0.49176
640 0.49204
641 0.49232
642 0.49261
643 0.49291
644 0.49322
645 0.49353
646 0.49384
647 0.49416
648 0.49449
649 0.49482
650 0.49516
651 0.49551
652 0.49586
653 0.49621
654 0.49658
655 0.49695
656 0.49732
657 0.49770
658 0.49809
659 0.49848
660 0.49888
661 0.49929
662 0.49970
663 0.50012
664 0.50054
665 0.50098
666 0.50141
667 0.50186
668 0.50231
669 0.50277
670 0.50323
671 0.50370
672 0.50418
673 0.50466
674 0.50515
675 0.50565
676 0.50615
677 0.50666
678 0.50718
679 0.50770
680 0.50823
681 0.50877
682 0.50931
683 0.50986
684 0.51042
685 0.51098
686 0.51156
687 0.51213
688 0.51272
689 0.51331
690 0.51391
691 0.51452
692 0.51514
693 0.51576
694 0.51639
695 0.51702
696 0.51767
697 0.51832
698 0.51898
699 0.51964
700 0.52032
701 0.52100
702 0.52169
703 0.52239
704 0.52309
705 0.52380
706 0.52452
707 0.52525
708 0.52599
709 0.52673
710 0.52748
711 0.52824
712 0.52901
713 0.52978
714 0.53057
715 0.53136
716 0.53216
717 0.53297
718 0.53379
719 0.53461
720 0.53545
721 0.53629
722 0.53714
723 0.53800
724 0.53887
725 0.53974
726 0.54063
727 0.54152
728 0.54242
729 0.54334
730 0.54426
731 0.54519
732 0.54613
733 0.54707
734 0.54803
735 0.54900
736 0.54997
737 0.55096
738 0.55195
739 0.55296
740 0.55397
741 0.55499
742 0.55603
743 0.55707
744 0.55812
745 0.55918
746 0.56025
747 0.56133
748 0.56243
749 0.56353
750 0.56464
751 0.56576
752 0.56689
753 0.56804
754 0.56919
755 0.57035
756 0.57153
757 0.57271
758 0.57391
759 0.57511
760 0.57633
761 0.57756
762 0.57879
763 0.58004
764 0.58130
765 0.58258
766 0.58386
767 0.58515
768 0.58646
769 0.58778
770 0.58911
771 0.59045
772 0.59180
773 0.59316
774 0.59454
775 0.59593
776 0.59733
777 0.59874
778 0.60016
779 0.60160
780 0.60305
781 0.60451
782 0.60599
783 0.60747
784 0.60897
785 0.61049
786 0.61201
787 0.61355
788 0.61510
789 0.61667
790 0.61824
791 0.61984
792 0.62144
793 0.62306
794 0.62469
795 0.62634
796 0.62800
797 0.62967
798 0.63136
799 0.63307
800 0.63478
801 0.63651
802 0.63826
803 0.64002
804 0.64180
805 0.64359
806 0.64539
807 0.64721
808 0.64905
809 0.65090
810 0.65277
811 0.65465
812 0.65655
813 0.65846
814 0.66039
815 0.66234
816 0.66430
817 0.66628
818 0.66828
819 0.67029
820 0.67232
821 0.67436
822 0.67642
823 0.67850
824 0.68060
825 0.68271
826 0.68485
827 0.68699
828 0.68916
829 0.69135
830 0.69355
831 0.69577
832 0.69801
833 0.70027
834 0.70255
835 0.70484
836 0.70716
837 0.70949
838 0.71185
839 0.71422
840 0.71661
841 0.71903
842 0.72146
843 0.72391
844 0.72638
845 0.72888
846 0.73139
847 0.73393
848 0.73648
849 0.73906
850 0.74166
851 0.74428
852 0.74692
853 0.74958
854 0.75227
855 0.75498
856 0.75771
857 0.76046
858 0.76324
859 0.76604
860 0.76886
861 0.77171
862 0.77458
863 0.77747
864 0.78039
865 0.78333
866 0.78629
867 0.78929
868 0.79230
869 0.79534
870 0.79841
871 0.80150
872 0.80462
873 0.80776
874 0.81093
875 0.81413
876 0.81735
877 0.82060
878 0.82388
879 0.82719
880 0.83052
881 0.83388
882 0.83727
883 0.84069
884 0.84413
885 0.84761
886 0.85111
887 0.85465
888 0.85821
889 0.86180
890 0.86543
891 0.86908
892 0.87277
893 0.87648
894 0.88023
895 0.88401
896 0.88782
897 0.89167
898 0.89555
899 0.89946
900 0.90340
901 0.90737
902 0.91139
903 0.91543
904 0.91951
905 0.92362
906 0.92777
907 0.93196
908 0.93618
909 0.94044
910 0.94473
911 0.94906
912 0.95254
913 0.95305
914 0.95362
915 0.95418
916 0.95457
917 0.95478
918 0.95504
919 0.95536
920 0.95577
921 0.95628
922 0.95621
923 0.95615
924 0.95681
925 0.95674
926 0.95668
927 0.95755
928 0.95749
929 0.95742
930 0.95736
931 0.95856
932 0.95849
933 0.95843
934 0.95837
935 0.95831
936 0.95824
937 0.95818
938 0.95990
939 0.95984
940 0.95978
941 0.95972
942 0.95966
943 0.95960
944 0.95954
945 0.95948
946 0.95942
947 0.95936
948 0.95930
949 0.95924
950 0.96188
951 0.96182
952 0.96177
953 0.96171
954 0.96165
955 0.96160
956 0.96154
957 0.96148
958 0.96143
959 0.96137
960 0.96131
961 0.96126
962 0.96120
963 0.96114
964 0.96109
965 0.96103
966 0.96097
967 0.96092
968 0.96086
969 0.96080
970 0.96075
971 0.96069
972 0.96063
973 0.96517
974 0.96512
975 0.96507
976 0.96502
977 0.96497
978 0.96492
979 0.96487
980 0.96482
981 0.96477
982 0.96472
983 0.96467
984 0.96462
985 0.96457
986 0.96452
987 0.96447
988 0.96442
989 0.96437
990 0.96432
991 0.96426
992 0.96421
993 0.96416
994 0.96411
995 0.96406
996 0.96401
997 0.96396
998 0.96391
999 0.96386
1000 0.96381
1001 0.96376
1002 0.96371
1003 0.96366
1004 0.96360
1005 0.96355
1006 0.96350
1007 0.96345
1008 0.96340
1009 0.96335
1010 0.96330
1011 0.96325
1012 0.96320
1013 0.96315
1014 0.96309
1015 0.96304
1016 0.96299
1017 0.96294
1018 0.96289
1019 0.96284
1020 0.96279
1021 0.96274
1022 0.96269
1023 0.96263
1024 0.96258
1025 0.96253
1026 0.97215
1027 0.97211
1028 0.97208
1029 0.97204
1030 0.97200
1031 0.97196
1032 0.97192
1033 0.97188
1034 0.97185
1035 0.97181
1036 0.97177
1037 0.97173
1038 0.97169
1039 0.97165
1040 0.97161
1041 0.97158
1042 0.97154
1043 0.97150
1044 0.97146
1045 0.97142
1046 0.97138
1047 0.97134
1048 0.97131
1049 0.97127
1050 0.97123
1051 0.97119
1052 0.97115
1053 0.97111
1054 0.97107
1055 0.97104
1056 0.97100
1057 0.97096
1058 0.97092
1059 0.97088
1060 0.97084
1061 0.97080
1062 0.97076
1063 0.97073
1064 0.97069
1065 0.97065
1066 0.97061
1067 0.97057
1068 0.97053
1069 0.97049
1070 0.97045
1071 0.97042
1072 0.97038
1073 0.97034
1074 0.97030
1075 0.97026
1076 0.97022
1077 0.97018
1078 0.97014
1079 0.97010
1080 0.97006
1081 0.97003
1082 0.96999
1083 0.96995
1084 0.96991
1085 0.96987
1086 0.96983
1087 0.96979
1088 0.96975
1089 0.96971
1090 0.96967
1091 0.96963
1092 0.96959
1093 0.96956
1094 0.96952
1095 0.96948
1096 0.96944
1097 0.96940
1098 0.96936
1099 0.96932
1100 0.96928
1101 0.96924
1102 0.96920
1103 0.96916
1104 0.96912
1105 0.96908
1106 0.96904
1107 0.96901
1108 0.96897
1109 0.96893
1110 0.96889
1111 0.96885
1112 0.96881
1113 0.96877
1114 0.96873
1115 0.96869
1116 0.96865
1117 0.96861
1118 0.96857
1119 0.96853
1120 0.96849
1121 0.96845
1122 0.96841
1123 0.96837
1124 0.96833
1125 0.96829
1126 0.96825
1127 0.96821
1128 0.96817
1129 0.96813
1130 0.96810
1131 0.96806
1132 0.96802
1133 0.96798
1134 0.96794
1135 0.96790
1136 0.96786
1137 0.96782
1138 0.96778
1139 0.96774
1140 0.96770
1141 0.96766
1142 0.96762
1143 0.96758
1144 0.96754
1145 0.96750
1146 0.96746
1147 0.96742
1148 0.96738
1149 0.96734
1150 0.96730
1151 0.96726
1152 0.96722
1153 0.96718
1154 0.96714
1155 0.96710
1156 0.96706
1157 0.96702
1158 0.96698
1159 0.96694
1160 0.96690
1161 0.96686
1162 0.96682
1163 0.96678
1164 0.96674
1165 0.96670
1166 0.96666
1167 0.96662
1168 0.96658
1169 0.96654
1170 0.96650
1171 0.96646
1172 0.96641
1173 0.96637
1174 0.96633
1175 0.96629
1176 0.96625
1177 0.96621
1178 0.96617
1179 0.96613
1180 0.96609
1181 0.96605
1182 0.96601
1183 0.96597
1184 0.96593
1185 0.96589
1186 0.96585
1187 0.96581
1188 0.96577
1189 0.96573
1190 0.96569
1191 0.96565
1192 0.96561
1193 0.96557
1194 0.96553
1195 0.96548
1196 0.96544
1197 0.96540
1198 0.96536
1199 0.96532
1200 0.96528
1201 0.96524
1202 0.96520
1203 0.96516
1204 0.96512
1205 0.96508
1206 0.96504
1207 0.96500
1208 0.96496
1209 0.96492
1210 0.96487
1211 0.96483
1212 0.96479
1213 0.96475
1214 0.96471
1215 0.96467
1216 1.00000
