17 0.94077
18 0.93569
19 0.93050
20 0.92522
21 0.91983
22 0.91436
23 0.90880
24 0.90317
25 0.89746
26 0.89168
27 0.88584
28 0.87993
29 0.87397
30 0.86796
31 0.86190
32 0.85579
33 0.84964
34 0.84345
35 0.83723
36 0.83097
37 0.82469
38 0.81838
39 0.81204
40 0.80569
41 0.79931
42 0.79293
43 0.78652
44 0.78011
45 0.77368
46 0.76726
47 0.76082
48 0.75438
49 0.74795
50 0.74151
51 0.73508
52 0.72865
53 0.72223
54 0.71582
55 0.70942
56 0.70303
57 0.69665
58 0.69029
59 0.68394
60 0.67761
61 0.67130
62 0.66501
63 0.65874
64 0.65249
65 0.64626
66 0.64006
67 0.63388
68 0.62773
69 0.62161
70 0.61551
71 0.60945
72 0.60341
73 0.59740
74 0.59143
75 0.58548
76 0.57957
77 0.57370
78 0.56785
79 0.56205
80 0.55627
81 0.55053
82 0.54483
83 0.53917
84 0.53354
85 0.52795
86 0.52239
87 0.51688
88 0.51140
89 0.50597
90 0.50057
91 0.49521
92 0.48989
93 0.48461
94 0.47938
95 0.47418
96 0.46902
97 0.46391
98 0.45883
99 0.45380
100 0.44881
101 0.44385
102 0.43895
103 0.43408
104 0.42925
105 0.42447
106 0.41972
107 0.41502
108 0.41036
109 0.40574
110 0.40117
111 0.39663
112 0.39214
113 0.38769
114 0.38328
115 0.37891
116 0.37458
117 0.37029
118 0.36605
119 0.36184
120 0.35768
121 0.35356
122 0.34947
123 0.34543
124 0.34143
125 0.33747
126 0.33355
127 0.32966
128 0.32582
129 0.32202
130 0.31825
131 0.31453
132 0.31084
133 0.30719
134 0.30358
135 0.30001
136 0.29647
137 0.29298
138 0.28952
139 0.28610
140 0.28271
141 0.27936
142 0.27605
143 0.27278
144 0.26954
145 0.26633
146 0.26316
147 0.26003
148 0.25693
149 0.25386
150 0.25083
151 0.24784
152 0.24488
153 0.24195
154 0.23905
155 0.23619
156 0.23336
157 0.23056
158 0.22780
159 0.22506
160 0.22236
161 0.21969
162 0.21705
163 0.21444
164 0.21187
165 0.20932
166 0.20680
167 0.20431
168 0.20185
169 0.19942
170 0.19702
171 0.19465
172 0.19231
173 0.18999
174 0.18770
175 0.18544
176 0.18321
177 0.18100
178 0.17882
179 0.17667
180 0.17454
181 0.17244
182 0.17036
183 0.16831
184 0.16628
185 0.16428
186 0.16230
187 0.16035
188 0.15842
189 0.15652
190 0.15464
191 0.15278
192 0.15094
193 0.14913
194 0.14734
195 0.14557
196 0.14383
197 0.14210
198 0.14040
199 0.13872
200 0.13706
201 0.13542
202 0.13380
203 0.13220
204 0.13062
205 0.12907
206 0.12753
207 0.12601
208 0.12451
209 0.12303
210 0.12156
211 0.12012
212 0.11869
213 0.11728
214 0.11589
215 0.11452
216 0.11317
217 0.11183
218 0.11051
219 0.10920
220 0.10792
221 0.10665
222 0.10539
223 0.10415
224 0.10293
225 0.10172
226 0.10053
227 0.09935
228 0.09819
229 0.09705
230 0.09591
231 0.09480
232 0.09369
233 0.09260
234 0.09153
235 0.09047
236 0.08942
237 0.08839
238 0.08737
239 0.08636
240 0.08536
241 0.08438
242 0.08341
243 0.08246
244 0.08151
245 0.08058
246 0.07966
247 0.07875
248 0.07786
249 0.07697
250 0.07610
251 0.07523
252 0.07438
253 0.07354
254 0.07271
255 0.07190
256 0.07109
257 0.07029
258 0.06950
259 0.06873
260 0.06796
261 0.06720
262 0.06645
263 0.06572
264 0.06499
265 0.06427
266 0.06356
267 0.06286
268 0.06217
269 0.06149
270 0.06081
271 0.06015
272 0.05949
273 0.05885
274 0.05821
275 0.05758
276 0.05695
277 0.05634
278 0.05573
279 0.05513
280 0.05454
281 0.05396
282 0.05338
283 0.05281
284 0.05225
285 0.05170
286 0.05115
287 0.05061
288 0.05008
289 0.04955
290 0.04903
291 0.04852
292 0.04801
293 0.04751
294 0.04702
295 0.04653
296 0.04605
297 0.04558
298 0.04511
299 0.04465
300 0.04419
301 0.04374
302 0.04329
303 0.04286
304 0.04242
305 0.04199
306 0.04157
307 0.04116
308 0.04074
309 0.04034
310 0.03994
311 0.03954
312 0.03915
313 0.03876
314 0.03838
315 0.03801
316 0.03763
317 0.03727
318 0.03691
319 0.03655
320 0.03620
321 0.03585
322 0.03550
323 0.03516
324 0.03483
325 0.03450
326 0.03417
327 0.03385
328 0.03353
329 0.03322
330 0.03291
331 0.03260
332 0.03230
333 0.03200
334 0.03170
335 0.03141
336 0.03112
337 0.03084
338 0.03056
339 0.03028
340 0.03001
341 0.02974
342 0.02947
343 0.02921
344 0.02895
345 0.02870
346 0.02844
347 0.02819
348 0.02795
349 0.02770
350 0.02746
351 0.02722
352 0.02699
353 0.02676
354 0.02653
355 0.02630
356 0.02608
357 0.02586
358 0.02564
359 0.02543
360 0.02522
361 0.02501
362 0.02480
363 0.02460
364 0.02439
365 0.02420
366 0.02400
367 0.02381
368 0.02361
369 0.02342
370 0.02324
371 0.02305
372 0.02287
373 0.02269
374 0.02251
375 0.02234
376 0.02217
377 0.02199
378 0.02183
379 0.02166
380 0.02149
381 0.02133
382 0.02117
383 0.02101
384 0.02086
385 0.02070
386 0.02055
387 0.02040
388 0.02025
389 0.02010
390 0.01996
391 0.01982
392 0.01967
393 0.01954
394 0.01940
395 0.01926
396 0.01913
397 0.01899
398 0.01886
399 0.01873
400 0.01861
401 0.01848
402 0.01836
403 0.01823
404 0.01811
405 0.01799
406 0.01788
407 0.01776
408 0.01764
409 0.01753
410 0.01742
411 0.01731
412 0.01720
413 0.01709
414 0.01698
415 0.01688
416 0.01678
417 0.01667
418 0.01657
419 0.01647
420 0.01637
421 0.01628
422 0.01618
423 0.01609
424 0.01599
425 0.01590
426 0.01581
427 0.01572
428 0.01563
429 0.01554
430 0.01546
431 0.01537
432 0.01529
433 0.01521
434 0.01513
435 0.01505
436 0.01497
437 0.01489
438 0.01481
439 0.01473
440 0.01466
441 0.01459
442 0.01451
443 0.01444
444 0.01437
445 0.01430
446 0.01423
447 0.01416
448 0.01410
449 0.01403
450 0.01396
451 0.01390
452 0.01384
453 0.01377
454 0.01371
455 0.01365
456 0.01359
457 0.01353
458 0.01348
459 0.01342
460 0.01336
461 0.01331
462 0.01325
463 0.01320
464 0.01315
465 0.01310
466 0.01305
467 0.01300
468 0.01295
469 0.01290
470 0.01285
471 0.01280
472 0.01276
473 0.01271
474 0.01267
475 0.01262
476 0.01258
477 0.01253
478 0.01249
479 0.01245
480 0.01241
481 0.01237
482 0.01233
483 0.01229
484 0.01226
485 0.01222
486 0.01218
487 0.01215
488 0.01211
489 0.01208
490 0.01204
491 0.01201
492 0.01198
493 0.01194
494 0.01191
495 0.01188
496 0.01185
497 0.01182
498 0.01180
499 0.01177
500 0.01174
501 0.01171
502 0.01169
503 0.01166
504 0.01164
505 0.01161
506 0.01159
507 0.01157
508 0.01154
509 0.01152
510 0.01150
511 0.01148
512 0.01146
513 0.01144
514 0.01142
515 0.01140
516 0.01139
517 0.01137
518 0.01135
519 0.01134
520 0.01132
521 0.01131
522 0.01129
523 0.01128
524 0.01127
525 0.01126
526 0.01124
527 0.01123
528 0.01122
529 0.01121
530 0.01120
531 0.01119
532 0.01118
533 0.01118
534 0.01117
535 0.01116
536 0.01116
537 0.01115
538 0.01115
539 0.01114
540 0.01114
541 0.01113
542 0.01113
543 0.01113
544 0.01113
545 0.01113
546 0.01113
547 0.01113
548 0.01113
549 0.01113
550 0.01113
551 0.01113
552 0.01114
553 0.01114
554 0.01115
555 0.01115
556 0.01116
557 0.01116
558 0.01117
559 0.01118
560 0.01118
561 0.01119
562 0.01120
563 0.01121
564 0.01122
565 0.01123
566 0.01125
567 0.01126
568 0.01127
569 0.01129
570 0.01130
571 0.01131
572 0.01133
573 0.01135
574 0.01136
575 0.01138
576 0.01140
577 0.01142
578 0.01144
579 0.01146
580 0.01148
581 0.01150
582 0.01152
583 0.01155
584 0.01157
585 0.01159
586 0.01162
587 0.01164
588 0.01167
589 0.01170
590 0.01172
591 0.01175
592 0.01178
593 0.01181
594 0.01184
595 0.01188
596 0.01191
597 0.01194
598 0.01197
599 0.01201
600 0.01204
601 0.01208
602 0.01212
603 0.01216
604 0.01219
605 0.01223
606 0.01227
607 0.01231
608 0.01236
609 0.01240
610 0.01244
611 0.01249
612 0.01253
613 0.01258
614 0.01263
615 0.01267
616 0.01272
617 0.01277
618 0.01282
619 0.01288
620 0.01293
621 0.01298
622 0.01304
623 0.01309
624 0.01315
625 0.01321
626 0.01326
627 0.01332
628 0.01338
629 0.01344
630 0.01350
631 0.01356
632 0.01362
633 0.01369
634 0.01375
635 0.01382
636 0.01389
637 0.01395
638 0.01402
639 0.01409
640 0.01416
641 0.01424
642 0.01431
643 0.01439
644 0.01446
645 0.01454
646 0.01462
647 0.01470
648 0.01478
649 0.01487
650 0.01495
651 0.01504
652 0.01512
653 0.01521
654 0.01530
655 0.01539
656 0.01549
657 0.01558
658 0.01568
659 0.01577
660 0.01587
661 0.01597
662 0.01608
663 0.01618
664 0.01629
665 0.01639
666 0.01650
667 0.01661
668 0.01672
669 0.01684
670 0.01695
671 0.01707
672 0.01719
673 0.01731
674 0.01743
675 0.01756
676 0.01769
677 0.01782
678 0.01795
679 0.01808
680 0.01822
681 0.01835
682 0.01849
683 0.01863
684 0.01878
685 0.01892
686 0.01907
687 0.01922
688 0.01938
689 0.01953
690 0.01969
691 0.01985
692 0.02002
693 0.02018
694 0.02035
695 0.02052
696 0.02069
697 0.02087
698 0.02105
699 0.02123
700 0.02142
701 0.02160
702 0.02180
703 0.02199
704 0.02219
705 0.02239
706 0.02259
707 0.02280
708 0.02301
709 0.02322
710 0.02344
711 0.02366
712 0.02388
713 0.02411
714 0.02434
715 0.02458
716 0.02482
717 0.02506
718 0.02530
719 0.02556
720 0.02581
721 0.02607
722 0.02633
723 0.02660
724 0.02687
725 0.02715
726 0.02743
727 0.02772
728 0.02801
729 0.02830
730 0.02860
731 0.02891
732 0.02922
733 0.02953
734 0.02985
735 0.03018
736 0.03051
737 0.03085
738 0.03119
739 0.03154
740 0.03190
741 0.03226
742 0.03262
743 0.03300
744 0.03338
745 0.03376
746 0.03416
747 0.03456
748 0.03496
749 0.03538
750 0.03580
751 0.03623
752 0.03666
753 0.03711
754 0.03756
755 0.03802
756 0.03848
757 0.03896
758 0.03944
759 0.03994
760 0.04044
761 0.04095
762 0.04147
763 0.04200
764 0.04254
765 0.04308
766 0.04364
767 0.04421
768 0.04479
769 0.04538
770 0.04598
771 0.04659
772 0.04721
773 0.04784
774 0.04849
775 0.04915
776 0.04981
777 0.05050
778 0.05119
779 0.05190
780 0.05262
781 0.05335
782 0.05410
783 0.05486
784 0.05564
785 0.05643
786 0.05724
787 0.05806
788 0.05889
789 0.05975
790 0.06062
791 0.06150
792 0.06241
793 0.06333
794 0.06427
795 0.06523
796 0.06620
797 0.06720
798 0.06821
799 0.06925
800 0.07030
801 0.07138
802 0.07247
803 0.07359
804 0.07473
805 0.07590
806 0.07709
807 0.07830
808 0.07953
809 0.08079
810 0.08208
811 0.08339
812 0.08473
813 0.08610
814 0.08749
815 0.08892
816 0.09037
817 0.09185
818 0.09336
819 0.09491
820 0.09648
821 0.09809
822 0.09974
823 0.10141
824 0.10313
825 0.10488
826 0.10666
827 0.10849
828 0.11035
829 0.11225
830 0.11419
831 0.11618
832 0.11820
833 0.12027
834 0.12239
835 0.12455
836 0.12676
837 0.12902
838 0.13132
839 0.13368
840 0.13608
841 0.13854
842 0.14106
843 0.14363
844 0.14626
845 0.14894
846 0.15169
847 0.15449
848 0.15736
849 0.16030
850 0.16330
851 0.16637
852 0.16951
853 0.17271
854 0.17600
855 0.17935
856 0.18279
857 0.18630
858 0.18989
859 0.19357
860 0.19733
861 0.20118
862 0.20512
863 0.20915
864 0.21327
865 0.21750
866 0.22182
867 0.22624
868 0.23076
869 0.23540
870 0.24014
871 0.24500
872 0.24997
873 0.25506
874 0.26028
875 0.26562
876 0.27109
877 0.27669
878 0.28242
879 0.28830
880 0.29432
881 0.30049
882 0.30681
883 0.31328
884 0.31991
885 0.32671
886 0.33367
887 0.34081
888 0.34813
889 0.35563
890 0.36331
891 0.37119
892 0.37927
893 0.38755
894 0.39604
895 0.40474
896 0.41367
897 0.42282
898 0.43221
899 0.44184
900 0.45172
901 0.46185
902 0.47224
903 0.48290
904 0.49383
905 0.50506
906 0.51657
907 0.52839
908 0.54051
909 0.55295
910 0.56573
911 0.57883
912 0.58932
913 0.59364
914 0.59858
915 0.60345
916 0.60666
917 0.60821
918 0.61025
919 0.61291
920 0.61638
921 0.62093
922 0.61977
923 0.61861
924 0.62469
925 0.62355
926 0.62240
927 0.63067
928 0.62954
929 0.62841
930 0.62728
931 0.63888
932 0.63777
933 0.63666
934 0.63555
935 0.63444
936 0.63332
937 0.63221
938 0.64926
939 0.64818
940 0.64710
941 0.64602
942 0.64494
943 0.64386
944 0.64277
945 0.64169
946 0.64060
947 0.63951
948 0.63842
949 0.63733
950 0.66420
951 0.66316
952 0.66213
953 0.66110
954 0.66006
955 0.65902
956 0.65799
957 0.65695
958 0.65591
959 0.65487
960 0.65382
961 0.65278
962 0.65173
963 0.65069
964 0.64964
965 0.64859
966 0.64754
967 0.64649
968 0.64544
969 0.64439
970 0.64333
971 0.64228
972 0.64122
973 0.68868
974 0.68772
975 0.68677
976 0.68581
977 0.68486
978 0.68390
979 0.68294
980 0.68198
981 0.68102
982 0.68006
983 0.67910
984 0.67813
985 0.67717
986 0.67620
987 0.67523
988 0.67426
989 0.67329
990 0.67232
991 0.67135
992 0.67038
993 0.66940
994 0.66843
995 0.66745
996 0.66647
997 0.66549
998 0.66451
999 0.66353
1000 0.66255
1001 0.66156
1002 0.66058
1003 0.65959
1004 0.65860
1005 0.65762
1006 0.65663
1007 0.65564
1008 0.65464
1009 0.65365
1010 0.65266
1011 0.65166
1012 0.65067
1013 0.64967
1014 0.64867
1015 0.64768
1016 0.64668
1017 0.64568
1018 0.64467
1019 0.64367
1020 0.64267
1021 0.64166
1022 0.64066
1023 0.63965
1024 0.63864
1025 0.63763
1026 0.74185
1027 0.74107
1028 0.74029
1029 0.73951
1030 0.73872
1031 0.73794
1032 0.73715
1033 0.73637
1034 0.73558
1035 0.73479
1036 0.73400
1037 0.73321
1038 0.73242
1039 0.73163
1040 0.73084
1041 0.73004
1042 0.72925
1043 0.72845
1044 0.72765
1045 0.72685
1046 0.72605
1047 0.72525
1048 0.72445
1049 0.72364
1050 0.72284
1051 0.72203
1052 0.72122
1053 0.72042
1054 0.71961
1055 0.71880
1056 0.71798
1057 0.71717
1058 0.71636
1059 0.71554
1060 0.71473
1061 0.71391
1062 0.71309
1063 0.71227
1064 0.71145
1065 0.71063
1066 0.70981
1067 0.70899
1068 0.70816
1069 0.70734
1070 0.70651
1071 0.70568
1072 0.70485
1073 0.70402
1074 0.70319
1075 0.70236
1076 0.70153
1077 0.70070
1078 0.69986
1079 0.69903
1080 0.69819
1081 0.69735
1082 0.69651
1083 0.69567
1084 0.69483
1085 0.69399
1086 0.69315
1087 0.69230
1088 0.69146
1089 0.69061
1090 0.68977
1091 0.68892
1092 0.68807
1093 0.68722
1094 0.68637
1095 0.68552
1096 0.68466
1097 0.68381
1098 0.68296
1099 0.68210
1100 0.68124
1101 0.68039
1102 0.67953
1103 0.67867
1104 0.67781
1105 0.67695
1106 0.67609
1107 0.67522
1108 0.67436
1109 0.67349
1110 0.67263
1111 0.67176
1112 0.67089
1113 0.67002
1114 0.66915
1115 0.66828
1116 0.66741
1117 0.66654
1118 0.66567
1119 0.66479
1120 0.66392
1121 0.66304
1122 0.66217
1123 0.66129
1124 0.66041
1125 0.65953
1126 0.65865
1127 0.65777
1128 0.65689
1129 0.65601
1130 0.65512
1131 0.65424
1132 0.65335
1133 0.65247
1134 0.65158
1135 0.65069
1136 0.64980
1137 0.64891
1138 0.64802
1139 0.64713
1140 0.64624
1141 0.64535
1142 0.64446
1143 0.64356
1144 0.64267
1145 0.64177
1146 0.64087
1147 0.63998
1148 0.63908
1149 0.63818
1150 0.63728
1151 0.63638
1152 0.63548
1153 0.63458
1154 0.63367
1155 0.63277
1156 0.63187
1157 0.63096
1158 0.63005
1159 0.62915
1160 0.62824
1161 0.62733
1162 0.62642
1163 0.62552
1164 0.62461
1165 0.62369
1166 0.62278
1167 0.62187
1168 0.62096
1169 0.62004
1170 0.61913
1171 0.61822
1172 0.61730
1173 0.61638
1174 0.61547
1175 0.61455
1176 0.61363
1177 0.61271
1178 0.61179
1179 0.61087
1180 0.60995
1181 0.60903
1182 0.60811
1183 0.60718
1184 0.60626
1185 0.60534
1186 0.60441
1187 0.60349
1188 0.60256
1189 0.60163
1190 0.60071
1191 0.59978
1192 0.59885
1193 0.59792
1194 0.59699
1195 0.59606
1196 0.59513
1197 0.59420
1198 0.59327
1199 0.59234
1200 0.59140
1201 0.59047
1202 0.58954
1203 0.58860
1204 0.58767
1205 0.58673
1206 0.58579
1207 0.58486
1208 0.58392
1209 0.58298
1210 0.58204
1211 0.58110
1212 0.58017
1213 0.57923
1214 0.57829
1215 0.57734
1216 1.00000
