17 0.99547
18 0.99507
19 0.99466
20 0.99424
21 0.99381
22 0.99337
23 0.99292
24 0.99246
25 0.99200
26 0.99152
27 0.99104
28 0.99054
29 0.99004
30 0.98954
31 0.98902
32 0.98850
33 0.98797
34 0.98743
35 0.98689
36 0.98634
37 0.98579
38 0.98522
39 0.98466
40 0.98408
41 0.98350
42 0.98291
43 0.98232
44 0.98173
45 0.98112
46 0.98051
47 0.97990
48 0.97928
49 0.97866
50 0.97803
51 0.97740
52 0.97676
53 0.97612
54 0.97547
55 0.97482
56 0.97417
57 0.97351
58 0.97284
59 0.97217
60 0.97150
61 0.97083
62 0.97015
63 0.96946
64 0.96878
65 0.96809
66 0.96739
67 0.96670
68 0.96599
69 0.96529
70 0.96458
71 0.96387
72 0.96316
73 0.96244
74 0.96172
75 0.96100
76 0.96028
77 0.95955
78 0.95882
79 0.95808
80 0.95735
81 0.95661
82 0.95587
83 0.95512
84 0.95438
85 0.95363
86 0.95288
87 0.95213
88 0.95137
89 0.95062
90 0.94986
91 0.94910
92 0.94833
93 0.94757
94 0.94680
95 0.94603
96 0.94526
97 0.94449
98 0.94372
99 0.94294
100 0.94216
101 0.94139
102 0.94061
103 0.93982
104 0.93904
105 0.93826
106 0.93747
107 0.93668
108 0.93590
109 0.93511
110 0.93432
111 0.93352
112 0.93273
113 0.93194
114 0.93114
115 0.93034
116 0.92955
117 0.92875
118 0.92795
119 0.92715
120 0.92635
121 0.92555
122 0.92475
123 0.92394
124 0.92314
125 0.92234
126 0.92153
127 0.92073
128 0.91992
129 0.91911
130 0.91831
131 0.91750
132 0.91669
133 0.91588
134 0.91507
135 0.91427
136 0.91346
137 0.91265
138 0.91184
139 0.91103
140 0.91022
141 0.90941
142 0.90859
143 0.90778
144 0.90697
145 0.90616
146 0.90535
147 0.90454
148 0.90373
149 0.90292
150 0.90211
151 0.90130
152 0.90048
153 0.89967
154 0.89886
155 0.89805
156 0.89724
157 0.89643
158 0.89562
159 0.89481
160 0.89400
161 0.89320
162 0.89239
163 0.89158
164 0.89077
165 0.88996
166 0.88916
167 0.88835
168 0.88754
169 0.88674
170 0.88593
171 0.88513
172 0.88432
173 0.88352
174 0.88272
175 0.88192
176 0.88111
177 0.88031
178 0.87951
179 0.87871
180 0.87791
181 0.87712
182 0.87632
183 0.87552
184 0.87473
185 0.87393
186 0.87314
187 0.87234
188 0.87155
189 0.87076
190 0.86997
191 0.86918
192 0.86839
193 0.86760
194 0.86681
195 0.86602
196 0.86524
197 0.86445
198 0.86367
199 0.86289
200 0.86211
201 0.86133
202 0.86055
203 0.85977
204 0.85899
205 0.85821
206 0.85744
207 0.85667
208 0.85589
209 0.85512
210 0.85435
211 0.85358
212 0.85281
213 0.85205
214 0.85128
215 0.85052
216 0.84975
217 0.84899
218 0.84823
219 0.84747
220 0.84671
221 0.84595
222 0.84520
223 0.84445
224 0.84369
225 0.84294
226 0.84219
227 0.84144
228 0.84069
229 0.83995
230 0.83920
231 0.83846
232 0.83772
233 0.83698
234 0.83624
235 0.83550
236 0.83477
237 0.83403
238 0.83330
239 0.83257
240 0.83184
241 0.83111
242 0.83038
243 0.82966
244 0.82894
245 0.82821
246 0.82749
247 0.82677
248 0.82606
249 0.82534
250 0.82463
251 0.82391
252 0.82320
253 0.82249
254 0.82179
255 0.82108
256 0.82038
257 0.81967
258 0.81897
259 0.81827
260 0.81758
261 0.81688
262 0.81619
263 0.81549
264 0.81480
265 0.81411
266 0.81343
267 0.81274
268 0.81206
269 0.81138
270 0.81070
271 0.81002
272 0.80934
273 0.80867
274 0.80799
275 0.80732
276 0.80665
277 0.80599
278 0.80532
279 0.80466
280 0.80400
281 0.80334
282 0.80268
283 0.80202
284 0.80137
285 0.80071
286 0.80006
287 0.79942
288 0.79877
289 0.79812
290 0.79748
291 0.79684
292 0.79620
293 0.79556
294 0.79493
295 0.79429
296 0.79366
297 0.79303
298 0.79241
299 0.79178
300 0.79116
301 0.79054
302 0.78992
303 0.78930
304 0.78868
305 0.78807
306 0.78746
307 0.78685
308 0.78624
309 0.78564
310 0.78503
311 0.78443
312 0.78383
313 0.78323
314 0.78264
315 0.78205
316 0.78145
317 0.78087
318 0.78028
319 0.77969
320 0.77911
321 0.77853
322 0.77795
323 0.77737
324 0.77680
325 0.77623
326 0.77566
327 0.77509
328 0.77452
329 0.77396
330 0.77340
331 0.77284
332 0.77228
333 0.77172
334 0.77117
335 0.77062
336 0.77007
337 0.76952
338 0.76898
339 0.76844
340 0.76790
341 0.76736
342 0.76682
343 0.76629
344 0.76576
345 0.76523
346 0.76470
347 0.76417
348 0.76365
349 0.76313
350 0.76261
351 0.76209
352 0.76158
353 0.76107
354 0.76056
355 0.76005
356 0.75954
357 0.75904
358 0.75854
359 0.75804
360 0.75755
361 0.75705
362 0.75656
363 0.75607
364 0.75558
365 0.75510
366 0.75461
367 0.75413
368 0.75365
369 0.75318
370 0.75270
371 0.75223
372 0.75176
373 0.75130
374 0.75083
375 0.75037
376 0.74991
377 0.74945
378 0.74899
379 0.74854
380 0.74809
381 0.74764
382 0.74719
383 0.74675
384 0.74631
385 0.74587
386 0.74543
387 0.74499
388 0.74456
389 0.74413
390 0.74370
391 0.74328
392 0.74285
393 0.74243
394 0.74201
395 0.74160
396 0.74118
397 0.74077
398 0.74036
399 0.73996
400 0.73955
401 0.73915
402 0.73875
403 0.73835
404 0.73795
405 0.73756
406 0.73717
407 0.73678
408 0.73640
409 0.73601
410 0.73563
411 0.73525
412 0.73488
413 0.73450
414 0.73413
415 0.73376
416 0.73340
417 0.73303
418 0.73267
419 0.73231
420 0.73195
421 0.73160
422 0.73124
423 0.73089
424 0.73055
425 0.73020
426 0.72986
427 0.72952
428 0.72918
429 0.72884
430 0.72851
431 0.72818
432 0.72785
433 0.72753
434 0.72720
435 0.72688
436 0.72656
437 0.72625
438 0.72593
439 0.72562
440 0.72531
441 0.72501
442 0.72470
443 0.72440
444 0.72410
445 0.72380
446 0.72351
447 0.72322
448 0.72293
449 0.72264
450 0.72236
451 0.72208
452 0.72180
453 0.72152
454 0.72125
455 0.72097
456 0.72070
457 0.72044
458 0.72017
459 0.71991
460 0.71965
461 0.71939
462 0.71914
463 0.71889
464 0.71864
465 0.71839
466 0.71815
467 0.71791
468 0.71767
469 0.71743
470 0.71719
471 0.71696
472 0.71673
473 0.71651
474 0.71628
475 0.71606
476 0.71584
477 0.71562
478 0.71541
479 0.71520
480 0.71499
481 0.71478
482 0.71458
483 0.71438
484 0.71418
485 0.71398
486 0.71379
487 0.71360
488 0.71341
489 0.71322
490 0.71304
491 0.71286
492 0.71268
493 0.71250
494 0.71233
495 0.71216
496 0.71199
497 0.71183
498 0.71166
499 0.71150
500 0.71134
501 0.71119
502 0.71104
503 0.71089
504 0.71074
505 0.71059
506 0.71045
507 0.71031
508 0.71018
509 0.71004
510 0.70991
511 0.70978
512 0.70965
513 0.70953
514 0.70941
515 0.70929
516 0.70918
517 0.70906
518 0.70895
519 0.70884
520 0.70874
521 0.70864
522 0.70854
523 0.70844
524 0.70834
525 0.70825
526 0.70816
527 0.70808
528 0.70799
529 0.70791
530 0.70783
531 0.70776
532 0.70768
533 0.70761
534 0.70754
535 0.70748
536 0.70742
537 0.70736
538 0.70730
539 0.70725
540 0.70720
541 0.70715
542 0.70710
543 0.70706
544 0.70702
545 0.70698
546 0.70694
547 0.70691
548 0.70688
549 0.70685
550 0.70683
551 0.70681
552 0.70679
553 0.70677
554 0.70676
555 0.70675
556 0.70674
557 0.70674
558 0.70674
559 0.70674
560 0.70674
561 0.70675
562 0.70676
563 0.70677
564 0.70678
565 0.70680
566 0.70682
567 0.70685
568 0.70687
569 0.70690
570 0.70693
571 0.70697
572 0.70700
573 0.70704
574 0.70709
575 0.70713
576 0.70718
577 0.70723
578 0.70729
579 0.70735
580 0.70741
581 0.70747
582 0.70754
583 0.70760
584 0.70768
585 0.70775
586 0.70783
587 0.70791
588 0.70799
589 0.70808
590 0.70817
591 0.70826
592 0.70836
593 0.70846
594 0.70856
595 0.70866
596 0.70877
597 0.70888
598 0.70899
599 0.70911
600 0.70923
601 0.70935
602 0.70947
603 0.70960
604 0.70973
605 0.70986
606 0.71000
607 0.71014
608 0.71028
609 0.71043
610 0.71058
611 0.71073
612 0.71089
613 0.71104
614 0.71121
615 0.71137
616 0.71154
617 0.71171
618 0.71188
619 0.71206
620 0.71224
621 0.71242
622 0.71260
623 0.71279
624 0.71299
625 0.71318
626 0.71338
627 0.71358
628 0.71378
629 0.71399
630 0.71420
631 0.71442
632 0.71463
633 0.71485
634 0.71508
635 0.71530
636 0.71553
637 0.71577
638 0.71600
639 0.71624
640 0.71648
641 0.71673
642 0.71698
643 0.71723
644 0.71749
645 0.71775
646 0.71801
647 0.71827
648 0.71854
649 0.71881
650 0.71909
651 0.71937
652 0.71965
653 0.71993
654 0.72022
655 0.72051
656 0.72081
657 0.72111
658 0.72141
659 0.72171
660 0.72202
661 0.72233
662 0.72265
663 0.72297
664 0.72329
665 0.72361
666 0.72394
667 0.72427
668 0.72461
669 0.72495
670 0.72529
671 0.72564
672 0.72598
673 0.72634
674 0.72669
675 0.72705
676 0.72742
677 0.72778
678 0.72815
679 0.72853
680 0.72890
681 0.72928
682 0.72967
683 0.73006
684 0.73045
685 0.73084
686 0.73124
687 0.73164
688 0.73205
689 0.73246
690 0.73287
691 0.73329
692 0.73371
693 0.73413
694 0.73456
695 0.73499
696 0.73542
697 0.73586
698 0.73630
699 0.73675
700 0.73720
701 0.73765
702 0.73811
703 0.73857
704 0.73903
705 0.73950
706 0.73997
707 0.74045
708 0.74093
709 0.74141
710 0.74190
711 0.74239
712 0.74288
713 0.74338
714 0.74388
715 0.74439
716 0.74490
717 0.74541
718 0.74593
719 0.74645
720 0.74698
721 0.74751
722 0.74804
723 0.74858
724 0.74912
725 0.74966
726 0.75021
727 0.75077
728 0.75132
729 0.75189
730 0.75245
731 0.75302
732 0.75359
733 0.75417
734 0.75475
735 0.75534
736 0.75593
737 0.75652
738 0.75712
739 0.75772
740 0.75833
741 0.75894
742 0.75955
743 0.76017
744 0.76080
745 0.76142
746 0.76205
747 0.76269
748 0.76333
749 0.76397
750 0.76462
751 0.76528
752 0.76593
753 0.76659
754 0.76726
755 0.76793
756 0.76861
757 0.76928
758 0.76997
759 0.77066
760 0.77135
761 0.77204
762 0.77275
763 0.77345
764 0.77416
765 0.77488
766 0.77559
767 0.77632
768 0.77705
769 0.77778
770 0.77852
771 0.77926
772 0.78000
773 0.78076
774 0.78151
775 0.78227
776 0.78304
777 0.78381
778 0.78458
779 0.78536
780 0.78614
781 0.78693
782 0.78773
783 0.78852
784 0.78933
785 0.79013
786 0.79095
787 0.79176
788 0.79259
789 0.79341
790 0.79425
791 0.79508
792 0.79592
793 0.79677
794 0.79762
795 0.79848
796 0.79934
797 0.80021
798 0.80108
799 0.80196
800 0.80284
801 0.80373
802 0.80462
803 0.80551
804 0.80642
805 0.80732
806 0.80824
807 0.80915
808 0.81008
809 0.81101
810 0.81194
811 0.81288
812 0.81382
813 0.81477
814 0.81573
815 0.81669
816 0.81765
817 0.81862
818 0.81960
819 0.82058
820 0.82157
821 0.82256
822 0.82356
823 0.82457
824 0.82557
825 0.82659
826 0.82761
827 0.82864
828 0.82967
829 0.83071
830 0.83175
831 0.83280
832 0.83385
833 0.83491
834 0.83598
835 0.83705
836 0.83813
837 0.83921
838 0.84030
839 0.84140
840 0.84250
841 0.84360
842 0.84472
843 0.84584
844 0.84696
845 0.84809
846 0.84923
847 0.85037
848 0.85152
849 0.85268
850 0.85384
851 0.85500
852 0.85618
853 0.85736
854 0.85854
855 0.85974
856 0.86094
857 0.86214
858 0.86335
859 0.86457
860 0.86579
861 0.86702
862 0.86826
863 0.86951
864 0.87076
865 0.87201
866 0.87327
867 0.87454
868 0.87582
869 0.87710
870 0.87839
871 0.87969
872 0.88099
873 0.88230
874 0.88362
875 0.88494
876 0.88627
877 0.88761
878 0.88895
879 0.89030
880 0.89166
881 0.89303
882 0.89440
883 0.89578
884 0.89716
885 0.89856
886 0.89996
887 0.90136
888 0.90278
889 0.90420
890 0.90563
891 0.90706
892 0.90851
893 0.90996
894 0.91142
895 0.91288
896 0.91436
897 0.91584
898 0.91733
899 0.91882
900 0.92032
901 0.92184
902 0.92335
903 0.92488
904 0.92641
905 0.92796
906 0.92951
907 0.93106
908 0.93263
909 0.93420
910 0.93578
911 0.93737
912 0.93863
913 0.94327
914 0.94626
915 0.94828
916 0.94941
917 0.95000
918 0.95065
919 0.95136
920 0.95216
921 0.95308
922 0.95300
923 0.95293
924 0.95400
925 0.95393
926 0.95386
927 0.95515
928 0.95508
929 0.95502
930 0.95495
931 0.95657
932 0.95650
933 0.95644
934 0.95637
935 0.95630
936 0.95624
937 0.95617
938 0.95832
939 0.95826
940 0.95820
941 0.95813
942 0.95807
943 0.95801
944 0.95794
945 0.95788
946 0.95782
947 0.95775
948 0.95769
949 0.95763
950 0.96071
951 0.96065
952 0.96060
953 0.96054
954 0.96048
955 0.96042
956 0.96036
957 0.96030
958 0.96024
959 0.96018
960 0.96012
961 0.96007
962 0.96001
963 0.95995
964 0.95989
965 0.95983
966 0.95977
967 0.95971
968 0.95965
969 0.95959
970 0.95953
971 0.95948
972 0.95942
973 0.96441
974 0.96436
975 0.96431
976 0.96426
977 0.96421
978 0.96416
979 0.96410
980 0.96405
981 0.96400
982 0.96395
983 0.96390
984 0.96384
985 0.96379
986 0.96374
987 0.96369
988 0.96364
989 0.96358
990 0.96353
991 0.96348
992 0.96343
993 0.96337
994 0.96332
995 0.96327
996 0.96322
997 0.96317
998 0.96311
999 0.96306
1000 0.96301
1001 0.96296
1002 0.96290
1003 0.96285
1004 0.96280
1005 0.96275
1006 0.96269
1007 0.96264
1008 0.96259
1009 0.96254
1010 0.96248
1011 0.96243
1012 0.96238
1013 0.96233
1014 0.96227
1015 0.96222
1016 0.96217
1017 0.96212
1018 0.96206
1019 0.96201
1020 0.96196
1021 0.96190
1022 0.96185
1023 0.96180
1024 0.96175
1025 0.96169
1026 0.97179
1027 0.97175
1028 0.97171
1029 0.97167
1030 0.97163
1031 0.97159
1032 0.97155
1033 0.97152
1034 0.97148
1035 0.97144
1036 0.97140
1037 0.97136
1038 0.97132
1039 0.97128
1040 0.97124
1041 0.97120
1042 0.97116
1043 0.97112
1044 0.97109
1045 0.97105
1046 0.97101
1047 0.97097
1048 0.97093
1049 0.97089
1050 0.97085
1051 0.97081
1052 0.97077
1053 0.97073
1054 0.97069
1055 0.97065
1056 0.97061
1057 0.97057
1058 0.97053
1059 0.97050
1060 0.97046
1061 0.97042
1062 0.97038
1063 0.97034
1064 0.97030
1065 0.97026
1066 0.97022
1067 0.97018
1068 0.97014
1069 0.97010
1070 0.97006
1071 0.97002
1072 0.96998
1073 0.96994
1074 0.96990
1075 0.96986
1076 0.96982
1077 0.96978
1078 0.96974
1079 0.96970
1080 0.96966
1081 0.96962
1082 0.96958
1083 0.96954
1084 0.96950
1085 0.96946
1086 0.96942
1087 0.96938
1088 0.96934
1089 0.96930
1090 0.96926
1091 0.96922
1092 0.96919
1093 0.96915
1094 0.96911
1095 0.96907
1096 0.96903
1097 0.96899
1098 0.96895
1099 0.96891
1100 0.96887
1101 0.96882
1102 0.96878
1103 0.96874
1104 0.96870
1105 0.96866
1106 0.96862
1107 0.96858
1108 0.96854
1109 0.96850
1110 0.96846
1111 0.96842
1112 0.96838
1113 0.96834
1114 0.96830
1115 0.96826
1116 0.96822
1117 0.96818
1118 0.96814
1119 0.96810
1120 0.96806
1121 0.96802
1122 0.96798
1123 0.96794
1124 0.96790
1125 0.96786
1126 0.96782
1127 0.96778
1128 0.96774
1129 0.96770
1130 0.96766
1131 0.96762
1132 0.96758
1133 0.96754
1134 0.96749
1135 0.96745
1136 0.96741
1137 0.96737
1138 0.96733
1139 0.96729
1140 0.96725
1141 0.96721
1142 0.96717
1143 0.96713
1144 0.96709
1145 0.96705
1146 0.96701
1147 0.96697
1148 0.96693
1149 0.96689
1150 0.96684
1151 0.96680
1152 0.96676
1153 0.96672
1154 0.96668
1155 0.96664
1156 0.96660
1157 0.96656
1158 0.96652
1159 0.96648
1160 0.96644
1161 0.96640
1162 0.96635
1163 0.96631
1164 0.96627
1165 0.96623
1166 0.96619
1167 0.96615
1168 0.96611
1169 0.96607
1170 0.96603
1171 0.96599
1172 0.96594
1173 0.96590
1174 0.96586
1175 0.96582
1176 0.96578
1177 0.96574
1178 0.96570
1179 0.96566
1180 0.96562
1181 0.96557
1182 0.96553
1183 0.96549
1184 0.96545
1185 0.96541
1186 0.96537
1187 0.96533
1188 0.96529
1189 0.96524
1190 0.96520
1191 0.96516
1192 0.96512
1193 0.96508
1194 0.96504
1195 0.96500
1196 0.96495
1197 0.96491
1198 0.96487
1199 0.96483
1200 0.96479
1201 0.96475
1202 0.96471
1203 0.96466
1204 0.96462
1205 0.96458
1206 0.96454
1207 0.96450
1208 0.96446
1209 0.96442
1210 0.96437
1211 0.96433
1212 0.96429
1213 0.96425
1214 0.96421
1215 0.96417
1216 1.00000
