17 0.98170
18 0.98003
19 0.97830
20 0.97654
21 0.97472
22 0.97286
23 0.97096
24 0.96902
25 0.96703
26 0.96501
27 0.96294
28 0.96084
29 0.95870
30 0.95653
31 0.95432
32 0.95208
33 0.94980
34 0.94749
35 0.94515
36 0.94278
37 0.94038
38 0.93795
39 0.93549
40 0.93301
41 0.93050
42 0.92796
43 0.92540
44 0.92281
45 0.92020
46 0.91756
47 0.91490
48 0.91222
49 0.90952
50 0.90680
51 0.90405
52 0.90129
53 0.89851
54 0.89571
55 0.89289
56 0.89005
57 0.88719
58 0.88432
59 0.88143
60 0.87853
61 0.87561
62 0.87268
63 0.86973
64 0.86677
65 0.86380
66 0.86081
67 0.85781
68 0.85480
69 0.85178
70 0.84875
71 0.84570
72 0.84265
73 0.83959
74 0.83651
75 0.83343
76 0.83034
77 0.82724
78 0.82414
79 0.82102
80 0.81790
81 0.81478
82 0.81164
83 0.80850
84 0.80536
85 0.80221
86 0.79905
87 0.79589
88 0.79273
89 0.78956
90 0.78639
91 0.78321
92 0.78004
93 0.77686
94 0.77367
95 0.77049
96 0.76730
97 0.76411
98 0.76093
99 0.75774
100 0.75454
101 0.75135
102 0.74816
103 0.74497
104 0.74178
105 0.73859
106 0.73540
107 0.73221
108 0.72903
109 0.72584
110 0.72266
111 0.71948
112 0.71630
113 0.71312
114 0.70995
115 0.70678
116 0.70361
117 0.70045
118 0.69729
119 0.69413
120 0.69098
121 0.68783
122 0.68469
123 0.68155
124 0.67841
125 0.67528
126 0.67216
127 0.66904
128 0.66593
129 0.66282
130 0.65971
131 0.65662
132 0.65353
133 0.65044
134 0.64737
135 0.64430
136 0.64123
137 0.63817
138 0.63512
139 0.63208
140 0.62904
141 0.62601
142 0.62299
143 0.61998
144 0.61697
145 0.61397
146 0.61098
147 0.60800
148 0.60503
149 0.60206
150 0.59911
151 0.59616
152 0.59322
153 0.59029
154 0.58736
155 0.58445
156 0.58155
157 0.57865
158 0.57577
159 0.57289
160 0.57002
161 0.56716
162 0.56432
163 0.56148
164 0.55865
165 0.55583
166 0.55302
167 0.55022
168 0.54743
169 0.54465
170 0.54188
171 0.53912
172 0.53637
173 0.53364
174 0.53091
175 0.52819
176 0.52548
177 0.52279
178 0.52010
179 0.51742
180 0.51476
181 0.51210
182 0.50946
183 0.50683
184 0.50420
185 0.50159
186 0.49899
187 0.49640
188 0.49382
189 0.49126
190 0.48870
191 0.48615
192 0.48362
193 0.48109
194 0.47858
195 0.47608
196 0.47359
197 0.47111
198 0.46864
199 0.46619
200 0.46374
201 0.46131
202 0.45888
203 0.45647
204 0.45407
205 0.45168
206 0.44930
207 0.44694
208 0.44458
209 0.44224
210 0.43990
211 0.43758
212 0.43527
213 0.43297
214 0.43068
215 0.42841
216 0.42614
217 0.42389
218 0.42165
219 0.41941
220 0.41719
221 0.41498
222 0.41279
223 0.41060
224 0.40843
225 0.40626
226 0.40411
227 0.40197
228 0.39984
229 0.39772
230 0.39561
231 0.39351
232 0.39143
233 0.38935
234 0.38729
235 0.38524
236 0.38319
237 0.38116
238 0.37914
239 0.37714
240 0.37514
241 0.37315
242 0.37118
243 0.36921
244 0.36726
245 0.36531
246 0.36338
247 0.36146
248 0.35955
249 0.35765
250 0.35576
251 0.35388
252 0.35202
253 0.35016
254 0.34831
255 0.34648
256 0.34465
257 0.34284
258 0.34103
259 0.33924
260 0.33745
261 0.33568
262 0.33392
263 0.33217
264 0.33042
265 0.32869
266 0.32697
267 0.32526
268 0.32356
269 0.32187
270 0.32019
271 0.31852
272 0.31686
273 0.31521
274 0.31357
275 0.31193
276 0.31031
277 0.30870
278 0.30710
279 0.30551
280 0.30393
281 0.30236
282 0.30079
283 0.29924
284 0.29770
285 0.29617
286 0.29464
287 0.29313
288 0.29162
289 0.29013
290 0.28864
291 0.28716
292 0.28570
293 0.28424
294 0.28279
295 0.28135
296 0.27992
297 0.27850
298 0.27708
299 0.27568
300 0.27429
301 0.27290
302 0.27152
303 0.27016
304 0.26880
305 0.26745
306 0.26611
307 0.26477
308 0.26345
309 0.26213
310 0.26083
311 0.25953
312 0.25824
313 0.25696
314 0.25569
315 0.25442
316 0.25317
317 0.25192
318 0.25068
319 0.24945
320 0.24822
321 0.24701
322 0.24580
323 0.24460
324 0.24341
325 0.24223
326 0.24106
327 0.23989
328 0.23873
329 0.23758
330 0.23644
331 0.23530
332 0.23418
333 0.23306
334 0.23194
335 0.23084
336 0.22974
337 0.22865
338 0.22757
339 0.22650
340 0.22543
341 0.22437
342 0.22332
343 0.22227
344 0.22124
345 0.22021
346 0.21918
347 0.21817
348 0.21716
349 0.21616
350 0.21516
351 0.21417
352 0.21319
353 0.21222
354 0.21125
355 0.21029
356 0.20934
357 0.20839
358 0.20745
359 0.20652
360 0.20559
361 0.20468
362 0.20376
363 0.20286
364 0.20196
365 0.20106
366 0.20018
367 0.19930
368 0.19842
369 0.19756
370 0.19670
371 0.19584
372 0.19499
373 0.19415
374 0.19331
375 0.19249
376 0.19166
377 0.19084
378 0.19003
379 0.18923
380 0.18843
381 0.18764
382 0.18685
383 0.18607
384 0.18529
385 0.18452
386 0.18376
387 0.18300
388 0.18225
389 0.18150
390 0.18076
391 0.18003
392 0.17930
393 0.17857
394 0.17786
395 0.17714
396 0.17644
397 0.17573
398 0.17504
399 0.17435
400 0.17366
401 0.17298
402 0.17231
403 0.17164
404 0.17098
405 0.17032
406 0.16966
407 0.16902
408 0.16837
409 0.16773
410 0.16710
411 0.16647
412 0.16585
413 0.16524
414 0.16462
415 0.16402
416 0.16341
417 0.16282
418 0.16222
419 0.16164
420 0.16105
421 0.16048
422 0.15990
423 0.15934
424 0.15877
425 0.15821
426 0.15766
427 0.15711
428 0.15657
429 0.15603
430 0.15549
431 0.15496
432 0.15443
433 0.15391
434 0.15340
435 0.15288
436 0.15238
437 0.15187
438 0.15137
439 0.15088
440 0.15039
441 0.14990
442 0.14942
443 0.14895
444 0.14847
445 0.14801
446 0.14754
447 0.14708
448 0.14663
449 0.14618
450 0.14573
451 0.14529
452 0.14485
453 0.14441
454 0.14398
455 0.14356
456 0.14314
457 0.14272
458 0.14230
459 0.14189
460 0.14149
461 0.14109
462 0.14069
463 0.14030
464 0.13991
465 0.13952
466 0.13914
467 0.13876
468 0.13839
469 0.13802
470 0.13765
471 0.13729
472 0.13693
473 0.13657
474 0.13622
475 0.13588
476 0.13553
477 0.13519
478 0.13486
479 0.13452
480 0.13420
481 0.13387
482 0.13355
483 0.13323
484 0.13292
485 0.13261
486 0.13230
487 0.13200
488 0.13170
489 0.13141
490 0.13111
491 0.13083
492 0.13054
493 0.13026
494 0.12998
495 0.12971
496 0.12944
497 0.12917
498 0.12891
499 0.12865
500 0.12839
501 0.12814
502 0.12789
503 0.12764
504 0.12740
505 0.12716
506 0.12693
507 0.12669
508 0.12647
509 0.12624
510 0.12602
511 0.12580
512 0.12558
513 0.12537
514 0.12516
515 0.12496
516 0.12476
517 0.12456
518 0.12436
519 0.12417
520 0.12399
521 0.12380
522 0.12362
523 0.12344
524 0.12327
525 0.12309
526 0.12293
527 0.12276
528 0.12260
529 0.12244
530 0.12229
531 0.12213
532 0.12199
533 0.12184
534 0.12170
535 0.12156
536 0.12143
537 0.12129
538 0.12116
539 0.12104
540 0.12092
541 0.12080
542 0.12068
543 0.12057
544 0.12046
545 0.12036
546 0.12025
547 0.12015
548 0.12006
549 0.11996
550 0.11988
551 0.11979
552 0.11971
553 0.11963
554 0.11955
555 0.11948
556 0.11941
557 0.11934
558 0.11928
559 0.11922
560 0.11916
561 0.11911
562 0.11906
563 0.11901
564 0.11897
565 0.11893
566 0.11889
567 0.11886
568 0.11883
569 0.11880
570 0.11878
571 0.11876
572 0.11874
573 0.11873
574 0.11872
575 0.11871
576 0.11871
577 0.11871
578 0.11871
579 0.11872
580 0.11873
581 0.11875
582 0.11876
583 0.11878
584 0.11881
585 0.11884
586 0.11887
587 0.11890
588 0.11894
589 0.11898
590 0.11903
591 0.11908
592 0.11913
593 0.11919
594 0.11925
595 0.11931
596 0.11938
597 0.11945
598 0.11952
599 0.11960
600 0.11968
601 0.11976
602 0.11985
603 0.11995
604 0.12004
605 0.12014
606 0.12025
607 0.12035
608 0.12047
609 0.12058
610 0.12070
611 0.12082
612 0.12095
613 0.12108
614 0.12121
615 0.12135
616 0.12150
617 0.12164
618 0.12179
619 0.12195
620 0.12211
621 0.12227
622 0.12244
623 0.12261
624 0.12278
625 0.12296
626 0.12314
627 0.12333
628 0.12352
629 0.12372
630 0.12392
631 0.12412
632 0.12433
633 0.12455
634 0.12477
635 0.12499
636 0.12522
637 0.12545
638 0.12568
639 0.12592
640 0.12617
641 0.12642
642 0.12667
643 0.12693
644 0.12720
645 0.12747
646 0.12774
647 0.12802
648 0.12830
649 0.12859
650 0.12888
651 0.12918
652 0.12949
653 0.12979
654 0.13011
655 0.13043
656 0.13075
657 0.13108
658 0.13142
659 0.13176
660 0.13210
661 0.13245
662 0.13281
663 0.13317
664 0.13354
665 0.13391
666 0.13429
667 0.13468
668 0.13507
669 0.13546
670 0.13587
671 0.13627
672 0.13669
673 0.13711
674 0.13754
675 0.13797
676 0.13841
677 0.13885
678 0.13931
679 0.13976
680 0.14023
681 0.14070
682 0.14118
683 0.14166
684 0.14215
685 0.14265
686 0.14316
687 0.14367
688 0.14419
689 0.14472
690 0.14525
691 0.14579
692 0.14634
693 0.14689
694 0.14746
695 0.14803
696 0.14861
697 0.14919
698 0.14979
699 0.15039
700 0.15100
701 0.15162
702 0.15224
703 0.15288
704 0.15352
705 0.15417
706 0.15483
707 0.15550
708 0.15618
709 0.15687
710 0.15756
711 0.15826
712 0.15898
713 0.15970
714 0.16043
715 0.16117
716 0.16193
717 0.16269
718 0.16346
719 0.16424
720 0.16503
721 0.16583
722 0.16664
723 0.16746
724 0.16829
725 0.16914
726 0.16999
727 0.17085
728 0.17173
729 0.17262
730 0.17351
731 0.17442
732 0.17535
733 0.17628
734 0.17722
735 0.17818
736 0.17915
737 0.18013
738 0.18112
739 0.18213
740 0.18315
741 0.18418
742 0.18522
743 0.18628
744 0.18735
745 0.18843
746 0.18953
747 0.19064
748 0.19176
749 0.19290
750 0.19405
751 0.19522
752 0.19640
753 0.19760
754 0.19881
755 0.20004
756 0.20128
757 0.20254
758 0.20381
759 0.20510
760 0.20641
761 0.20773
762 0.20907
763 0.21043
764 0.21181
765 0.21320
766 0.21461
767 0.21604
768 0.21748
769 0.21895
770 0.22043
771 0.22193
772 0.22346
773 0.22500
774 0.22656
775 0.22814
776 0.22974
777 0.23137
778 0.23301
779 0.23468
780 0.23637
781 0.23808
782 0.23981
783 0.24157
784 0.24335
785 0.24515
786 0.24697
787 0.24882
788 0.25069
789 0.25258
790 0.25450
791 0.25645
792 0.25842
793 0.26042
794 0.26244
795 0.26450
796 0.26658
797 0.26868
798 0.27082
799 0.27298
800 0.27518
801 0.27740
802 0.27966
803 0.28194
804 0.28426
805 0.28660
806 0.28898
807 0.29139
808 0.29384
809 0.29631
810 0.29883
811 0.30137
812 0.30395
813 0.30657
814 0.30923
815 0.31192
816 0.31464
817 0.31741
818 0.32021
819 0.32306
820 0.32594
821 0.32886
822 0.33183
823 0.33483
824 0.33788
825 0.34097
826 0.34411
827 0.34729
828 0.35051
829 0.35377
830 0.35708
831 0.36043
832 0.36383
833 0.36728
834 0.37078
835 0.37432
836 0.37792
837 0.38158
838 0.38528
839 0.38904
840 0.39285
841 0.39672
842 0.40064
843 0.40463
844 0.40867
845 0.41277
846 0.41693
847 0.42115
848 0.42543
849 0.42978
850 0.43419
851 0.43867
852 0.44322
853 0.44783
854 0.45251
855 0.45727
856 0.46209
857 0.46699
858 0.47196
859 0.47700
860 0.48213
861 0.48733
862 0.49261
863 0.49797
864 0.50341
865 0.50894
866 0.51455
867 0.52025
868 0.52603
869 0.53191
870 0.53788
871 0.54394
872 0.55009
873 0.55634
874 0.56269
875 0.56914
876 0.57569
877 0.58235
878 0.58911
879 0.59598
880 0.60295
881 0.61004
882 0.61724
883 0.62456
884 0.63199
885 0.63954
886 0.64722
887 0.65502
888 0.66294
889 0.67100
890 0.67918
891 0.68750
892 0.69596
893 0.70455
894 0.71329
895 0.72217
896 0.73119
897 0.74037
898 0.74970
899 0.75918
900 0.76882
901 0.77863
902 0.78859
903 0.79873
904 0.80903
905 0.81951
906 0.83017
907 0.84100
908 0.85203
909 0.86324
910 0.87464
911 0.88623
912 0.89559
913 0.89695
914 0.89848
915 0.89998
916 0.90099
917 0.90152
918 0.90219
919 0.90303
920 0.90411
921 0.90549
922 0.90523
923 0.90498
924 0.90679
925 0.90654
926 0.90629
927 0.90872
928 0.90848
929 0.90824
930 0.90800
931 0.91135
932 0.91112
933 0.91089
934 0.91066
935 0.91043
936 0.91020
937 0.90997
938 0.91481
939 0.91460
940 0.91438
941 0.91417
942 0.91395
943 0.91374
944 0.91352
945 0.91330
946 0.91309
947 0.91287
948 0.91265
949 0.91243
950 0.91994
951 0.91975
952 0.91955
953 0.91936
954 0.91917
955 0.91898
956 0.91879
957 0.91859
958 0.91840
959 0.91820
960 0.91801
961 0.91782
962 0.91762
963 0.91743
964 0.91723
965 0.91703
966 0.91684
967 0.91664
968 0.91644
969 0.91625
970 0.91605
971 0.91585
972 0.91565
973 0.92866
974 0.92851
975 0.92835
976 0.92820
977 0.92805
978 0.92789
979 0.92774
980 0.92759
981 0.92743
982 0.92720
983 0.92694
984 0.92668
985 0.92642
986 0.92616
987 0.92590
988 0.92564
989 0.92538
990 0.92512
991 0.92486
992 0.92459
993 0.92433
994 0.92406
995 0.92380
996 0.92353
997 0.92327
998 0.92300
999 0.92273
1000 0.92247
1001 0.92220
1002 0.92193
1003 0.92166
1004 0.92139
1005 0.92112
1006 0.92084
1007 0.92057
1008 0.92030
1009 0.92002
1010 0.91975
1011 0.91948
1012 0.91920
1013 0.91892
1014 0.91865
1015 0.91837
1016 0.91809
1017 0.91781
1018 0.91753
1019 0.91725
1020 0.91697
1021 0.91669
1022 0.91641
1023 0.91613
1024 0.91584
1025 0.91556
1026 0.94314
1027 0.94294
1028 0.94275
1029 0.94255
1030 0.94236
1031 0.94216
1032 0.94197
1033 0.94177
1034 0.94157
1035 0.94137
1036 0.94118
1037 0.94098
1038 0.94078
1039 0.94058
1040 0.94038
1041 0.94018
1042 0.93998
1043 0.93977
1044 0.93957
1045 0.93937
1046 0.93917
1047 0.93896
1048 0.93876
1049 0.93856
1050 0.93835
1051 0.93815
1052 0.93794
1053 0.93773
1054 0.93753
1055 0.93732
1056 0.93711
1057 0.93690
1058 0.93670
1059 0.93649
1060 0.93628
1061 0.93607
1062 0.93586
1063 0.93565
1064 0.93544
1065 0.93522
1066 0.93501
1067 0.93480
1068 0.93459
1069 0.93437
1070 0.93416
1071 0.93394
1072 0.93373
1073 0.93351
1074 0.93330
1075 0.93308
1076 0.93286
1077 0.93265
1078 0.93243
1079 0.93221
1080 0.93199
1081 0.93177
1082 0.93155
1083 0.93133
1084 0.93111
1085 0.93089
1086 0.93067
1087 0.93044
1088 0.93022
1089 0.93000
1090 0.92978
1091 0.92955
1092 0.92933
1093 0.92910
1094 0.92888
1095 0.92865
1096 0.92842
1097 0.92820
1098 0.92797
1099 0.92774
1100 0.92751
1101 0.92728
1102 0.92705
1103 0.92682
1104 0.92659
1105 0.92636
1106 0.92613
1107 0.92590
1108 0.92567
1109 0.92543
1110 0.92520
1111 0.92497
1112 0.92473
1113 0.92450
1114 0.92426
1115 0.92403
1116 0.92379
1117 0.92355
1118 0.92332
1119 0.92308
1120 0.92284
1121 0.92260
1122 0.92236
1123 0.92212
1124 0.92188
1125 0.92164
1126 0.92140
1127 0.92116
1128 0.92092
1129 0.92067
1130 0.92043
1131 0.92019
1132 0.91994
1133 0.91970
1134 0.91945
1135 0.91921
1136 0.91896
1137 0.91871
1138 0.91847
1139 0.91822
1140 0.91797
1141 0.91772
1142 0.91747
1143 0.91722
1144 0.91697
1145 0.91672
1146 0.91647
1147 0.91622
1148 0.91597
1149 0.91571
1150 0.91546
1151 0.91521
1152 0.91495
1153 0.91470
1154 0.91444
1155 0.91419
1156 0.91393
1157 0.91367
1158 0.91342
1159 0.91316
1160 0.91290
1161 0.91264
1162 0.91238
1163 0.91212
1164 0.91186
1165 0.91160
1166 0.91134
1167 0.91108
1168 0.91082
1169 0.91055
1170 0.91029
1171 0.91003
1172 0.90976
1173 0.90950
1174 0.90923
1175 0.90897
1176 0.90870
1177 0.90843
1178 0.90816
1179 0.90790
1180 0.90763
1181 0.90736
1182 0.90709
1183 0.90682
1184 0.90655
1185 0.90628
1186 0.90601
1187 0.90573
1188 0.90546
1189 0.90519
1190 0.90491
1191 0.90464
1192 0.90437
1193 0.90409
1194 0.90382
1195 0.90354
1196 0.90326
1197 0.90298
1198 0.90271
1199 0.90243
1200 0.90215
1201 0.90187
1202 0.90159
1203 0.90131
1204 0.90103
1205 0.90075
1206 0.90047
1207 0.90018
1208 0.89990
1209 0.89962
1210 0.89933
1211 0.89905
1212 0.89876
1213 0.89848
1214 0.89819
1215 0.89791
1216 1.00000
