17 0.99822
18 0.99806
19 0.99790
20 0.99774
21 0.99757
22 0.99739
23 0.99722
24 0.99704
25 0.99685
26 0.99667
27 0.99648
28 0.99628
29 0.99608
30 0.99588
31 0.99568
32 0.99548
33 0.99527
34 0.99506
35 0.99484
36 0.99462
37 0.99440
38 0.99418
39 0.99396
40 0.99373
41 0.99350
42 0.99327
43 0.99304
44 0.99280
45 0.99256
46 0.99232
47 0.99208
48 0.99183
49 0.99158
50 0.99134
51 0.99108
52 0.99083
53 0.99058
54 0.99032
55 0.99006
56 0.98980
57 0.98954
58 0.98927
59 0.98901
60 0.98874
61 0.98847
62 0.98820
63 0.98793
64 0.98765
65 0.98738
66 0.98710
67 0.98682
68 0.98654
69 0.98626
70 0.98598
71 0.98569
72 0.98541
73 0.98512
74 0.98483
75 0.98454
76 0.98425
77 0.98396
78 0.98367
79 0.98337
80 0.98308
81 0.98278
82 0.98248
83 0.98219
84 0.98189
85 0.98158
86 0.98128
87 0.98098
88 0.98067
89 0.98037
90 0.98006
91 0.97976
92 0.97945
93 0.97914
94 0.97883
95 0.97852
96 0.97821
97 0.97789
98 0.97758
99 0.97726
100 0.97695
101 0.97663
102 0.97632
103 0.97600
104 0.97568
105 0.97536
106 0.97504
107 0.97472
108 0.97440
109 0.97408
110 0.97376
111 0.97343
112 0.97311
113 0.97279
114 0.97246
115 0.97214
116 0.97181
117 0.97148
118 0.97116
119 0.97083
120 0.97050
121 0.97017
122 0.96984
123 0.96951
124 0.96918
125 0.96885
126 0.96852
127 0.96819
128 0.96786
129 0.96753
130 0.96720
131 0.96686
132 0.96653
133 0.96620
134 0.96586
135 0.96553
136 0.96519
137 0.96486
138 0.96452
139 0.96419
140 0.96385
141 0.96352
142 0.96318
143 0.96284
144 0.96251
145 0.96217
146 0.96183
147 0.96150
148 0.96116
149 0.96082
150 0.96048
151 0.96014
152 0.95981
153 0.95947
154 0.95913
155 0.95879
156 0.95845
157 0.95811
158 0.95777
159 0.95744
160 0.95710
161 0.95676
162 0.95642
163 0.95608
164 0.95574
165 0.95540
166 0.95506
167 0.95472
168 0.95438
169 0.95404
170 0.95370
171 0.95337
172 0.95303
173 0.95269
174 0.95235
175 0.95201
176 0.95167
177 0.95133
178 0.95099
179 0.95065
180 0.95031
181 0.94998
182 0.94964
183 0.94930
184 0.94896
185 0.94862
186 0.94829
187 0.94795
188 0.94761
189 0.94727
190 0.94694
191 0.94660
192 0.94626
193 0.94593
194 0.94559
195 0.94525
196 0.94492
197 0.94458
198 0.94424
199 0.94391
200 0.94357
201 0.94324
202 0.94291
203 0.94257
204 0.94224
205 0.94190
206 0.94157
207 0.94124
208 0.94090
209 0.94057
210 0.94024
211 0.93991
212 0.93958
213 0.93924
214 0.93891
215 0.93858
216 0.93825
217 0.93792
218 0.93759
219 0.93726
220 0.93693
221 0.93661
222 0.93628
223 0.93595
224 0.93562
225 0.93530
226 0.93497
227 0.93464
228 0.93432
229 0.93399
230 0.93367
231 0.93334
232 0.93302
233 0.93270
234 0.93237
235 0.93205
236 0.93173
237 0.93141
238 0.93109
239 0.93076
240 0.93044
241 0.93012
242 0.92981
243 0.92949
244 0.92917
245 0.92885
246 0.92853
247 0.92822
248 0.92790
249 0.92759
250 0.92727
251 0.92696
252 0.92664
253 0.92633
254 0.92602
255 0.92570
256 0.92539
257 0.92508
258 0.92477
259 0.92446
260 0.92415
261 0.92384
262 0.92353
263 0.92322
264 0.92292
265 0.92261
266 0.92230
267 0.92200
268 0.92169
269 0.92139
270 0.92109
271 0.92078
272 0.92048
273 0.92018
274 0.91988
275 0.91958
276 0.91928
277 0.91898
278 0.91868
279 0.91838
280 0.91809
281 0.91779
282 0.91750
283 0.91720
284 0.91691
285 0.91661
286 0.91632
287 0.91603
288 0.91574
289 0.91544
290 0.91515
291 0.91487
292 0.91458
293 0.91429
294 0.91400
295 0.91371
296 0.91343
297 0.91314
298 0.91286
299 0.91258
300 0.91229
301 0.91201
302 0.91173
303 0.91145
304 0.91117
305 0.91089
306 0.91061
307 0.91033
308 0.91006
309 0.90978
310 0.90951
311 0.90923
312 0.90896
313 0.90868
314 0.90841
315 0.90814
316 0.90787
317 0.90760
318 0.90733
319 0.90706
320 0.90680
321 0.90653
322 0.90626
323 0.90600
324 0.90573
325 0.90547
326 0.90521
327 0.90495
328 0.90469
329 0.90443
330 0.90417
331 0.90391
332 0.90365
333 0.90339
334 0.90314
335 0.90288
336 0.90263
337 0.90238
338 0.90213
339 0.90187
340 0.90162
341 0.90137
342 0.90112
343 0.90088
344 0.90063
345 0.90038
346 0.90014
347 0.89989
348 0.89965
349 0.89941
350 0.89917
351 0.89893
352 0.89869
353 0.89845
354 0.89821
355 0.89797
356 0.89774
357 0.89750
358 0.89727
359 0.89703
360 0.89680
361 0.89657
362 0.89634
363 0.89611
364 0.89588
365 0.89565
366 0.89542
367 0.89520
368 0.89497
369 0.89475
370 0.89453
371 0.89430
372 0.89408
373 0.89386
374 0.89364
375 0.89342
376 0.89321
377 0.89299
378 0.89278
379 0.89256
380 0.89235
381 0.89213
382 0.89192
383 0.89171
384 0.89150
385 0.89129
386 0.89109
387 0.89088
388 0.89067
389 0.89047
390 0.89027
391 0.89006
392 0.88986
393 0.88966
394 0.88946
395 0.88926
396 0.88907
397 0.88887
398 0.88867
399 0.88848
400 0.88829
401 0.88809
402 0.88790
403 0.88771
404 0.88752
405 0.88733
406 0.88715
407 0.88696
408 0.88678
409 0.88659
410 0.88641
411 0.88623
412 0.88604
413 0.88586
414 0.88569
415 0.88551
416 0.88533
417 0.88516
418 0.88498
419 0.88481
420 0.88463
421 0.88446
422 0.88429
423 0.88412
424 0.88395
425 0.88379
426 0.88362
427 0.88346
428 0.88329
429 0.88313
430 0.88297
431 0.88281
432 0.88265
433 0.88249
434 0.88233
435 0.88217
436 0.88202
437 0.88186
438 0.88171
439 0.88156
440 0.88141
441 0.88126
442 0.88111
443 0.88096
444 0.88082
445 0.88067
446 0.88053
447 0.88038
448 0.88024
449 0.88010
450 0.87996
451 0.87982
452 0.87969
453 0.87955
454 0.87941
455 0.87928
456 0.87915
457 0.87901
458 0.87888
459 0.87875
460 0.87863
461 0.87850
462 0.87837
463 0.87825
464 0.87812
465 0.87800
466 0.87788
467 0.87776
468 0.87764
469 0.87752
470 0.87741
471 0.87729
472 0.87718
473 0.87706
474 0.87695
475 0.87684
476 0.87673
477 0.87662
478 0.87651
479 0.87641
480 0.87630
481 0.87620
482 0.87610
483 0.87599
484 0.87589
485 0.87579
486 0.87570
487 0.87560
488 0.87550
489 0.87541
490 0.87532
491 0.87522
492 0.87513
493 0.87504
494 0.87496
495 0.87487
496 0.87478
497 0.87470
498 0.87461
499 0.87453
500 0.87445
501 0.87437
502 0.87429
503 0.87421
504 0.87414
505 0.87406
506 0.87399
507 0.87392
508 0.87385
509 0.87378
510 0.87371
511 0.87364
512 0.87357
513 0.87351
514 0.87344
515 0.87338
516 0.87332
517 0.87326
518 0.87320
519 0.87314
520 0.87309
521 0.87303
522 0.87298
523 0.87293
524 0.87287
525 0.87282
526 0.87278
527 0.87273
528 0.87268
529 0.87264
530 0.87259
531 0.87255
532 0.87251
533 0.87247
534 0.87243
535 0.87239
536 0.87236
537 0.87232
538 0.87229
539 0.87226
540 0.87223
541 0.87220
542 0.87217
543 0.87214
544 0.87211
545 0.87209
546 0.87207
547 0.87204
548 0.87202
549 0.87200
550 0.87199
551 0.87197
552 0.87195
553 0.87194
554 0.87193
555 0.87192
556 0.87191
557 0.87190
558 0.87189
559 0.87188
560 0.87188
561 0.87188
562 0.87187
563 0.87187
564 0.87187
565 0.87188
566 0.87188
567 0.87188
568 0.87189
569 0.87190
570 0.87190
571 0.87191
572 0.87193
573 0.87194
574 0.87195
575 0.87197
576 0.87198
577 0.87200
578 0.87202
579 0.87204
580 0.87206
581 0.87209
582 0.87211
583 0.87214
584 0.87217
585 0.87220
586 0.87223
587 0.87226
588 0.87229
589 0.87233
590 0.87236
591 0.87240
592 0.87244
593 0.87248
594 0.87252
595 0.87256
596 0.87261
597 0.87265
598 0.87270
599 0.87275
600 0.87280
601 0.87285
602 0.87290
603 0.87295
604 0.87301
605 0.87307
606 0.87312
607 0.87318
608 0.87325
609 0.87331
610 0.87337
611 0.87344
612 0.87350
613 0.87357
614 0.87364
615 0.87371
616 0.87379
617 0.87386
618 0.87393
619 0.87401
620 0.87409
621 0.87417
622 0.87425
623 0.87433
624 0.87442
625 0.87450
626 0.87459
627 0.87468
628 0.87477
629 0.87486
630 0.87495
631 0.87505
632 0.87514
633 0.87524
634 0.87534
635 0.87544
636 0.87554
637 0.87564
638 0.87575
639 0.87585
640 0.87596
641 0.87607
642 0.87618
643 0.87629
644 0.87641
645 0.87652
646 0.87664
647 0.87676
648 0.87688
649 0.87700
650 0.87712
651 0.87724
652 0.87737
653 0.87750
654 0.87762
655 0.87775
656 0.87789
657 0.87802
658 0.87815
659 0.87829
660 0.87843
661 0.87857
662 0.87871
663 0.87885
664 0.87899
665 0.87914
666 0.87929
667 0.87944
668 0.87959
669 0.87974
670 0.87989
671 0.88004
672 0.88020
673 0.88036
674 0.88052
675 0.88068
676 0.88084
677 0.88101
678 0.88117
679 0.88134
680 0.88151
681 0.88168
682 0.88185
683 0.88202
684 0.88220
685 0.88238
686 0.88255
687 0.88273
688 0.88292
689 0.88310
690 0.88328
691 0.88347
692 0.88366
693 0.88385
694 0.88404
695 0.88423
696 0.88443
697 0.88462
698 0.88482
699 0.88502
700 0.88522
701 0.88542
702 0.88563
703 0.88583
704 0.88604
705 0.88625
706 0.88646
707 0.88667
708 0.88689
709 0.88710
710 0.88732
711 0.88754
712 0.88776
713 0.88798
714 0.88821
715 0.88844
716 0.88866
717 0.88889
718 0.88912
719 0.88936
720 0.88959
721 0.88983
722 0.89006
723 0.89030
724 0.89054
725 0.89079
726 0.89103
727 0.89128
728 0.89152
729 0.89177
730 0.89203
731 0.89228
732 0.89253
733 0.89279
734 0.89305
735 0.89331
736 0.89357
737 0.89383
738 0.89410
739 0.89437
740 0.89463
741 0.89490
742 0.89518
743 0.89545
744 0.89573
745 0.89600
746 0.89628
747 0.89656
748 0.89685
749 0.89713
750 0.89742
751 0.89771
752 0.89800
753 0.89829
754 0.89858
755 0.89888
756 0.89917
757 0.89947
758 0.89977
759 0.90007
760 0.90038
761 0.90068
762 0.90099
763 0.90130
764 0.90161
765 0.90193
766 0.90224
767 0.90256
768 0.90288
769 0.90320
770 0.90352
771 0.90385
772 0.90417
773 0.90450
774 0.90483
775 0.90516
776 0.90550
777 0.90583
778 0.90617
779 0.90651
780 0.90685
781 0.90719
782 0.90754
783 0.90789
784 0.90823
785 0.90859
786 0.90894
787 0.90929
788 0.90965
789 0.91001
790 0.91037
791 0.91073
792 0.91109
793 0.91146
794 0.91183
795 0.91220
796 0.91257
797 0.91294
798 0.91332
799 0.91370
800 0.91408
801 0.91446
802 0.91484
803 0.91523
804 0.91562
805 0.91601
806 0.91640
807 0.91679
808 0.91719
809 0.91758
810 0.91798
811 0.91838
812 0.91879
813 0.91919
814 0.91960
815 0.92001
816 0.92042
817 0.92084
818 0.92125
819 0.92167
820 0.92209
821 0.92251
822 0.92293
823 0.92336
824 0.92379
825 0.92422
826 0.92465
827 0.92509
828 0.92552
829 0.92596
830 0.92640
831 0.92684
832 0.92729
833 0.92773
834 0.92818
835 0.92863
836 0.92909
837 0.92954
838 0.93000
839 0.93046
840 0.93092
841 0.93138
842 0.93185
843 0.93232
844 0.93279
845 0.93326
846 0.93373
847 0.93421
848 0.93469
849 0.93517
850 0.93565
851 0.93614
852 0.93662
853 0.93711
854 0.93761
855 0.93810
856 0.93860
857 0.93909
858 0.93960
859 0.94010
860 0.94060
861 0.94111
862 0.94162
863 0.94213
864 0.94265
865 0.94316
866 0.94368
867 0.94420
868 0.94472
869 0.94525
870 0.94578
871 0.94631
872 0.94684
873 0.94737
874 0.94791
875 0.94845
876 0.94899
877 0.94953
878 0.95008
879 0.95063
880 0.95118
881 0.95173
882 0.95229
883 0.95285
884 0.95341
885 0.95397
886 0.95453
887 0.95510
888 0.95567
889 0.95624
890 0.95681
891 0.95739
892 0.95797
893 0.95855
894 0.95914
895 0.95972
896 0.96031
897 0.96090
898 0.96149
899 0.96209
900 0.96269
901 0.96329
902 0.96389
903 0.96450
904 0.96511
905 0.96572
906 0.96633
907 0.96695
908 0.96756
909 0.96819
910 0.96881
911 0.96943
912 0.96993
913 0.97025
914 0.97062
915 0.97098
916 0.97122
917 0.97136
918 0.97153
919 0.97173
920 0.97199
921 0.97232
922 0.97228
923 0.97223
924 0.97266
925 0.97261
926 0.97257
927 0.97313
928 0.97309
929 0.97305
930 0.97301
931 0.97377
932 0.97373
933 0.97369
934 0.97365
935 0.97361
936 0.97357
937 0.97353
938 0.97463
939 0.97459
940 0.97455
941 0.97451
942 0.97448
943 0.97444
944 0.97440
945 0.97436
946 0.97432
947 0.97428
948 0.97425
949 0.97421
950 0.97589
951 0.97585
952 0.97582
953 0.97578
954 0.97575
955 0.97571
956 0.97567
957 0.97564
958 0.97560
959 0.97557
960 0.97553
961 0.97549
962 0.97546
963 0.97542
964 0.97539
965 0.97535
966 0.97531
967 0.97528
968 0.97524
969 0.97521
970 0.97517
971 0.97513
972 0.97510
973 0.97799
974 0.97796
975 0.97792
976 0.97789
977 0.97786
978 0.97783
979 0.97780
980 0.97776
981 0.97773
982 0.97770
983 0.97767
984 0.97763
985 0.97760
986 0.97757
987 0.97754
988 0.97751
989 0.97747
990 0.97744
991 0.97741
992 0.97738
993 0.97735
994 0.97731
995 0.97728
996 0.97725
997 0.97722
998 0.97718
999 0.97715
1000 0.97712
1001 0.97709
1002 0.97705
1003 0.97702
1004 0.97699
1005 0.97696
1006 0.97692
1007 0.97689
1008 0.97686
1009 0.97683
1010 0.97679
1011 0.97676
1012 0.97673
1013 0.97670
1014 0.97667
1015 0.97663
1016 0.97660
1017 0.97657
1018 0.97653
1019 0.97650
1020 0.97647
1021 0.97644
1022 0.97640
1023 0.97637
1024 0.97634
1025 0.97631
1026 0.98242
1027 0.98240
1028 0.98237
1029 0.98235
1030 0.98232
1031 0.98230
1032 0.98228
1033 0.98225
1034 0.98223
1035 0.98220
1036 0.98218
1037 0.98215
1038 0.98213
1039 0.98211
1040 0.98208
1041 0.98206
1042 0.98203
1043 0.98201
1044 0.98198
1045 0.98196
1046 0.98193
1047 0.98191
1048 0.98189
1049 0.98186
1050 0.98184
1051 0.98181
1052 0.98179
1053 0.98176
1054 0.98174
1055 0.98171
1056 0.98169
1057 0.98166
1058 0.98164
1059 0.98162
1060 0.98159
1061 0.98157
1062 0.98154
1063 0.98152
1064 0.98149
1065 0.98147
1066 0.98144
1067 0.98142
1068 0.98139
1069 0.98137
1070 0.98134
1071 0.98132
1072 0.98129
1073 0.98127
1074 0.98125
1075 0.98122
1076 0.98120
1077 0.98117
1078 0.98115
1079 0.98112
1080 0.98110
1081 0.98107
1082 0.98105
1083 0.98102
1084 0.98100
1085 0.98097
1086 0.98095
1087 0.98092
1088 0.98090
1089 0.98087
1090 0.98085
1091 0.98082
1092 0.98080
1093 0.98077
1094 0.98075
1095 0.98072
1096 0.98070
1097 0.98067
1098 0.98065
1099 0.98062
1100 0.98060
1101 0.98057
1102 0.98055
1103 0.98052
1104 0.98050
1105 0.98047
1106 0.98045
1107 0.98042
1108 0.98040
1109 0.98037
1110 0.98035
1111 0.98032
1112 0.98030
1113 0.98027
1114 0.98025
1115 0.98022
1116 0.98020
1117 0.98017
1118 0.98015
1119 0.98012
1120 0.98010
1121 0.98007
1122 0.98005
1123 0.98002
1124 0.98000
1125 0.97997
1126 0.97995
1127 0.97992
1128 0.97990
1129 0.97987
1130 0.97985
1131 0.97982
1132 0.97980
1133 0.97977
1134 0.97974
1135 0.97972
1136 0.97969
1137 0.97967
1138 0.97964
1139 0.97962
1140 0.97959
1141 0.97957
1142 0.97954
1143 0.97952
1144 0.97949
1145 0.97947
1146 0.97944
1147 0.97942
1148 0.97939
1149 0.97936
1150 0.97934
1151 0.97931
1152 0.97929
1153 0.97926
1154 0.97924
1155 0.97921
1156 0.97919
1157 0.97916
1158 0.97914
1159 0.97911
1160 0.97908
1161 0.97906
1162 0.97903
1163 0.97901
1164 0.97898
1165 0.97896
1166 0.97893
1167 0.97891
1168 0.97888
1169 0.97885
1170 0.97883
1171 0.97880
1172 0.97878
1173 0.97875
1174 0.97873
1175 0.97870
1176 0.97868
1177 0.97865
1178 0.97862
1179 0.97860
1180 0.97857
1181 0.97855
1182 0.97852
1183 0.97850
1184 0.97847
1185 0.97844
1186 0.97842
1187 0.97839
1188 0.97837
1189 0.97834
1190 0.97832
1191 0.97829
1192 0.97826
1193 0.97824
1194 0.97821
1195 0.97819
1196 0.97816
1197 0.97813
1198 0.97811
1199 0.97808
1200 0.97806
1201 0.97803
1202 0.97801
1203 0.97798
1204 0.97795
1205 0.97793
1206 0.97790
1207 0.97788
1208 0.97785
1209 0.97782
1210 0.97780
1211 0.97777
1212 0.97775
1213 0.97772
1214 0.97769
1215 0.97767
1216 1.00000
