17 0.91974
18 0.91294
19 0.90601
20 0.89897
21 0.89181
22 0.88454
23 0.87719
24 0.86974
25 0.86222
26 0.85462
27 0.84695
28 0.83923
29 0.83145
30 0.82362
31 0.81575
32 0.80784
33 0.79989
34 0.79192
35 0.78392
36 0.77591
37 0.76788
38 0.75984
39 0.75179
40 0.74374
41 0.73568
42 0.72764
43 0.71960
44 0.71157
45 0.70355
46 0.69555
47 0.68757
48 0.67961
49 0.67168
50 0.66377
51 0.65589
52 0.64805
53 0.64024
54 0.63246
55 0.62472
56 0.61702
57 0.60936
58 0.60175
59 0.59418
60 0.58666
61 0.57918
62 0.57176
63 0.56438
64 0.55706
65 0.54979
66 0.54257
67 0.53541
68 0.52830
69 0.52125
70 0.51426
71 0.50733
72 0.50045
73 0.49364
74 0.48689
75 0.48019
76 0.47356
77 0.46700
78 0.46049
79 0.45405
80 0.44767
81 0.44135
82 0.43510
83 0.42891
84 0.42279
85 0.41673
86 0.41074
87 0.40481
88 0.39894
89 0.39314
90 0.38741
91 0.38173
92 0.37613
93 0.37059
94 0.36511
95 0.35970
96 0.35435
97 0.34906
98 0.34384
99 0.33868
100 0.33359
101 0.32855
102 0.32358
103 0.31868
104 0.31383
105 0.30905
106 0.30433
107 0.29966
108 0.29506
109 0.29052
110 0.28604
111 0.28162
112 0.27726
113 0.27296
114 0.26871
115 0.26452
116 0.26039
117 0.25632
118 0.25230
119 0.24834
120 0.24443
121 0.24058
122 0.23678
123 0.23303
124 0.22934
125 0.22570
126 0.22212
127 0.21858
128 0.21510
129 0.21166
130 0.20828
131 0.20495
132 0.20166
133 0.19843
134 0.19524
135 0.19210
136 0.18901
137 0.18596
138 0.18296
139 0.18000
140 0.17709
141 0.17422
142 0.17140
143 0.16862
144 0.16588
145 0.16318
146 0.16053
147 0.15791
148 0.15534
149 0.15281
150 0.15032
151 0.14786
152 0.14545
153 0.14307
154 0.14073
155 0.13842
156 0.13616
157 0.13393
158 0.13173
159 0.12957
160 0.12744
161 0.12535
162 0.12329
163 0.12127
164 0.11927
165 0.11731
166 0.11538
167 0.11349
168 0.11162
169 0.10978
170 0.10798
171 0.10620
172 0.10445
173 0.10273
174 0.10104
175 0.09938
176 0.09774
177 0.09613
178 0.09455
179 0.09299
180 0.09146
181 0.08995
182 0.08847
183 0.08702
184 0.08559
185 0.08418
186 0.08279
187 0.08143
188 0.08009
189 0.07878
190 0.07748
191 0.07621
192 0.07496
193 0.07373
194 0.07252
195 0.07133
196 0.07016
197 0.06901
198 0.06788
199 0.06677
200 0.06568
201 0.06461
202 0.06355
203 0.06251
204 0.06149
205 0.06049
206 0.05950
207 0.05853
208 0.05758
209 0.05665
210 0.05572
211 0.05482
212 0.05393
213 0.05306
214 0.05220
215 0.05135
216 0.05052
217 0.04971
218 0.04890
219 0.04811
220 0.04734
221 0.04658
222 0.04583
223 0.04509
224 0.04437
225 0.04366
226 0.04296
227 0.04227
228 0.04160
229 0.04093
230 0.04028
231 0.03964
232 0.03901
233 0.03839
234 0.03778
235 0.03718
236 0.03659
237 0.03601
238 0.03545
239 0.03489
240 0.03434
241 0.03380
242 0.03327
243 0.03275
244 0.03223
245 0.03173
246 0.03124
247 0.03075
248 0.03027
249 0.02980
250 0.02934
251 0.02888
252 0.02844
253 0.02800
254 0.02757
255 0.02714
256 0.02673
257 0.02632
258 0.02591
259 0.02552
260 0.02513
261 0.02475
262 0.02437
263 0.02400
264 0.02364
265 0.02328
266 0.02293
267 0.02258
268 0.02224
269 0.02191
270 0.02158
271 0.02126
272 0.02094
273 0.02063
274 0.02033
275 0.02003
276 0.01973
277 0.01944
278 0.01915
279 0.01887
280 0.01859
281 0.01832
282 0.01805
283 0.01779
284 0.01753
285 0.01728
286 0.01703
287 0.01678
288 0.01654
289 0.01630
290 0.01607
291 0.01584
292 0.01562
293 0.01539
294 0.01518
295 0.01496
296 0.01475
297 0.01454
298 0.01434
299 0.01414
300 0.01394
301 0.01375
302 0.01355
303 0.01337
304 0.01318
305 0.01300
306 0.01282
307 0.01265
308 0.01247
309 0.01230
310 0.01214
311 0.01197
312 0.01181
313 0.01165
314 0.01149
315 0.01134
316 0.01119
317 0.01104
318 0.01089
319 0.01075
320 0.01061
321 0.01047
322 0.01033
323 0.01020
324 0.01006
325 0.00993
326 0.00980
327 0.00968
328 0.00955
329 0.00943
330 0.00931
331 0.00919
332 0.00908
333 0.00896
334 0.00885
335 0.00874
336 0.00863
337 0.00852
338 0.00842
339 0.00831
340 0.00821
341 0.00811
342 0.00801
343 0.00791
344 0.00782
345 0.00772
346 0.00763
347 0.00754
348 0.00745
349 0.00736
350 0.00727
351 0.00718
352 0.00710
353 0.00702
354 0.00693
355 0.00685
356 0.00677
357 0.00670
358 0.00662
359 0.00654
360 0.00647
361 0.00640
362 0.00632
363 0.00625
364 0.00618
365 0.00611
366 0.00605
367 0.00598
368 0.00591
369 0.00585
370 0.00579
371 0.00572
372 0.00566
373 0.00560
374 0.00554
375 0.00548
376 0.00542
377 0.00537
378 0.00531
379 0.00525
380 0.00520
381 0.00515
382 0.00509
383 0.00504
384 0.00499
385 0.00494
386 0.00489
387 0.00484
388 0.00479
389 0.00475
390 0.00470
391 0.00465
392 0.00461
393 0.00456
394 0.00452
395 0.00448
396 0.00443
397 0.00439
398 0.00435
399 0.00431
400 0.00427
401 0.00423
402 0.00419
403 0.00415
404 0.00412
405 0.00408
406 0.00404
407 0.00401
408 0.00397
409 0.00394
410 0.00390
411 0.00387
412 0.00383
413 0.00380
414 0.00377
415 0.00374
416 0.00371
417 0.00368
418 0.00364
419 0.00362
420 0.00359
421 0.00356
422 0.00353
423 0.00350
424 0.00347
425 0.00344
426 0.00342
427 0.00339
428 0.00336
429 0.00334
430 0.00331
431 0.00329
432 0.00326
433 0.00324
434 0.00322
435 0.00319
436 0.00317
437 0.00315
438 0.00312
439 0.00310
440 0.00308
441 0.00306
442 0.00304
443 0.00302
444 0.00300
445 0.00298
446 0.00296
447 0.00294
448 0.00292
449 0.00290
450 0.00288
451 0.00286
452 0.00284
453 0.00283
454 0.00281
455 0.00279
456 0.00277
457 0.00276
458 0.00274
459 0.00272
460 0.00271
461 0.00269
462 0.00268
463 0.00266
464 0.00265
465 0.00263
466 0.00262
467 0.00260
468 0.00259
469 0.00258
470 0.00256
471 0.00255
472 0.00254
473 0.00252
474 0.00251
475 0.00250
476 0.00249
477 0.00248
478 0.00246
479 0.00245
480 0.00244
481 0.00243
482 0.00242
483 0.00241
484 0.00240
485 0.00239
486 0.00238
487 0.00237
488 0.00236
489 0.00235
490 0.00234
491 0.00233
492 0.00232
493 0.00231
494 0.00230
495 0.00230
496 0.00229
497 0.00228
498 0.00227
499 0.00226
500 0.00226
501 0.00225
502 0.00224
503 0.00224
504 0.00223
505 0.00222
506 0.00222
507 0.00221
508 0.00220
509 0.00220
510 0.00219
511 0.00219
512 0.00218
513 0.00218
514 0.00217
515 0.00217
516 0.00216
517 0.00216
518 0.00215
519 0.00215
520 0.00214
521 0.00214
522 0.00214
523 0.00213
524 0.00213
525 0.00213
526 0.00212
527 0.00212
528 0.00212
529 0.00211
530 0.00211
531 0.00211
532 0.00211
533 0.00211
534 0.00210
535 0.00210
536 0.00210
537 0.00210
538 0.00210
539 0.00210
540 0.00209
541 0.00209
542 0.00209
543 0.00209
544 0.00209
545 0.00209
546 0.00209
547 0.00209
548 0.00209
549 0.00209
550 0.00209
551 0.00209
552 0.00209
553 0.00210
554 0.00210
555 0.00210
556 0.00210
557 0.00210
558 0.00210
559 0.00210
560 0.00211
561 0.00211
562 0.00211
563 0.00211
564 0.00211
565 0.00212
566 0.00212
567 0.00212
568 0.00213
569 0.00213
570 0.00213
571 0.00214
572 0.00214
573 0.00214
574 0.00215
575 0.00215
576 0.00215
577 0.00216
578 0.00216
579 0.00217
580 0.00217
581 0.00218
582 0.00218
583 0.00219
584 0.00219
585 0.00220
586 0.00221
587 0.00221
588 0.00222
589 0.00223
590 0.00223
591 0.00224
592 0.00225
593 0.00225
594 0.00226
595 0.00227
596 0.00228
597 0.00228
598 0.00229
599 0.00230
600 0.00231
601 0.00232
602 0.00233
603 0.00234
604 0.00235
605 0.00236
606 0.00237
607 0.00238
608 0.00239
609 0.00240
610 0.00241
611 0.00242
612 0.00243
613 0.00244
614 0.00245
615 0.00247
616 0.00248
617 0.00249
618 0.00250
619 0.00252
620 0.00253
621 0.00254
622 0.00256
623 0.00257
624 0.00259
625 0.00260
626 0.00262
627 0.00263
628 0.00265
629 0.00266
630 0.00268
631 0.00270
632 0.00271
633 0.00273
634 0.00275
635 0.00277
636 0.00278
637 0.00280
638 0.00282
639 0.00284
640 0.00286
641 0.00288
642 0.00290
643 0.00292
644 0.00294
645 0.00296
646 0.00299
647 0.00301
648 0.00303
649 0.00305
650 0.00308
651 0.00310
652 0.00313
653 0.00315
654 0.00318
655 0.00320
656 0.00323
657 0.00326
658 0.00328
659 0.00331
660 0.00334
661 0.00337
662 0.00340
663 0.00343
664 0.00346
665 0.00349
666 0.00352
667 0.00355
668 0.00358
669 0.00362
670 0.00365
671 0.00369
672 0.00372
673 0.00376
674 0.00379
675 0.00383
676 0.00387
677 0.00391
678 0.00395
679 0.00398
680 0.00403
681 0.00407
682 0.00411
683 0.00415
684 0.00420
685 0.00424
686 0.00429
687 0.00433
688 0.00438
689 0.00443
690 0.00448
691 0.00452
692 0.00458
693 0.00463
694 0.00468
695 0.00473
696 0.00479
697 0.00484
698 0.00490
699 0.00496
700 0.00502
701 0.00508
702 0.00514
703 0.00520
704 0.00526
705 0.00533
706 0.00539
707 0.00546
708 0.00553
709 0.00560
710 0.00567
711 0.00574
712 0.00582
713 0.00589
714 0.00597
715 0.00605
716 0.00613
717 0.00621
718 0.00629
719 0.00638
720 0.00647
721 0.00655
722 0.00664
723 0.00674
724 0.00683
725 0.00693
726 0.00702
727 0.00712
728 0.00723
729 0.00733
730 0.00744
731 0.00754
732 0.00765
733 0.00777
734 0.00788
735 0.00800
736 0.00812
737 0.00824
738 0.00837
739 0.00850
740 0.00863
741 0.00876
742 0.00889
743 0.00903
744 0.00918
745 0.00932
746 0.00947
747 0.00962
748 0.00977
749 0.00993
750 0.01009
751 0.01026
752 0.01043
753 0.01060
754 0.01077
755 0.01095
756 0.01114
757 0.01133
758 0.01152
759 0.01171
760 0.01191
761 0.01212
762 0.01233
763 0.01254
764 0.01276
765 0.01299
766 0.01322
767 0.01345
768 0.01369
769 0.01394
770 0.01419
771 0.01445
772 0.01471
773 0.01498
774 0.01526
775 0.01554
776 0.01583
777 0.01612
778 0.01643
779 0.01674
780 0.01705
781 0.01738
782 0.01771
783 0.01805
784 0.01840
785 0.01876
786 0.01912
787 0.01950
788 0.01988
789 0.02028
790 0.02068
791 0.02109
792 0.02151
793 0.02195
794 0.02239
795 0.02285
796 0.02332
797 0.02379
798 0.02429
799 0.02479
800 0.02530
801 0.02583
802 0.02638
803 0.02693
804 0.02750
805 0.02809
806 0.02869
807 0.02930
808 0.02994
809 0.03058
810 0.03125
811 0.03193
812 0.03263
813 0.03335
814 0.03409
815 0.03485
816 0.03563
817 0.03642
818 0.03724
819 0.03809
820 0.03895
821 0.03984
822 0.04075
823 0.04169
824 0.04265
825 0.04364
826 0.04465
827 0.04570
828 0.04677
829 0.04787
830 0.04900
831 0.05017
832 0.05136
833 0.05259
834 0.05386
835 0.05516
836 0.05649
837 0.05787
838 0.05928
839 0.06074
840 0.06223
841 0.06377
842 0.06535
843 0.06698
844 0.06865
845 0.07038
846 0.07215
847 0.07398
848 0.07586
849 0.07779
850 0.07978
851 0.08183
852 0.08394
853 0.08611
854 0.08835
855 0.09066
856 0.09303
857 0.09547
858 0.09799
859 0.10059
860 0.10326
861 0.10601
862 0.10885
863 0.11178
864 0.11479
865 0.11790
866 0.12110
867 0.12440
868 0.12781
869 0.13132
870 0.13494
871 0.13867
872 0.14252
873 0.14649
874 0.15059
875 0.15481
876 0.15917
877 0.16367
878 0.16832
879 0.17311
880 0.17805
881 0.18315
882 0.18842
883 0.19386
884 0.19948
885 0.20527
886 0.21126
887 0.21745
888 0.22383
889 0.23043
890 0.23724
891 0.24428
892 0.25155
893 0.25907
894 0.26683
895 0.27486
896 0.28315
897 0.29173
898 0.30059
899 0.30976
900 0.31923
901 0.32903
902 0.33916
903 0.34963
904 0.36047
905 0.37168
906 0.38328
907 0.39528
908 0.40769
909 0.42053
910 0.43383
911 0.44759
912 0.45866
913 0.46361
914 0.46931
915 0.47496
916 0.47869
917 0.48049
918 0.48287
919 0.48597
920 0.49003
921 0.49537
922 0.49401
923 0.49265
924 0.49981
925 0.49845
926 0.49710
927 0.50687
928 0.50553
929 0.50419
930 0.50285
931 0.51663
932 0.51531
933 0.51398
934 0.51266
935 0.51134
936 0.51002
937 0.50869
938 0.52905
939 0.52775
940 0.52646
941 0.52516
942 0.52387
943 0.52257
944 0.52127
945 0.51998
946 0.51868
947 0.51738
948 0.51608
949 0.51478
950 0.54709
951 0.54583
952 0.54458
953 0.54333
954 0.54207
955 0.54082
956 0.53956
957 0.53831
958 0.53705
959 0.53579
960 0.53454
961 0.53328
962 0.53202
963 0.53076
964 0.52950
965 0.52825
966 0.52699
967 0.52573
968 0.52446
969 0.52320
970 0.52194
971 0.52068
972 0.51942
973 0.57707
974 0.57589
975 0.57471
976 0.57354
977 0.57236
978 0.57118
979 0.57000
980 0.56882
981 0.56764
982 0.56646
983 0.56528
984 0.56409
985 0.56291
986 0.56172
987 0.56054
988 0.55935
989 0.55817
990 0.55698
991 0.55579
992 0.55461
993 0.55342
994 0.55223
995 0.55104
996 0.54985
997 0.54866
998 0.54747
999 0.54628
1000 0.54508
1001 0.54389
1002 0.54270
1003 0.54150
1004 0.54031
1005 0.53911
1006 0.53792
1007 0.53672
1008 0.53553
1009 0.53433
1010 0.53313
1011 0.53194
1012 0.53074
1013 0.52954
1014 0.52834
1015 0.52714
1016 0.52595
1017 0.52475
1018 0.52355
1019 0.52235
1020 0.52115
1021 0.51994
1022 0.51874
1023 0.51754
1024 0.51634
1025 0.51514
1026 0.64393
1027 0.64293
1028 0.64193
1029 0.64093
1030 0.63994
1031 0.63894
1032 0.63793
1033 0.63693
1034 0.63593
1035 0.63492
1036 0.63392
1037 0.63291
1038 0.63191
1039 0.63090
1040 0.62989
1041 0.62888
1042 0.62787
1043 0.62686
1044 0.62585
1045 0.62483
1046 0.62382
1047 0.62280
1048 0.62179
1049 0.62077
1050 0.61975
1051 0.61874
1052 0.61772
1053 0.61670
1054 0.61567
1055 0.61465
1056 0.61363
1057 0.61261
1058 0.61158
1059 0.61056
1060 0.60953
1061 0.60850
1062 0.60748
1063 0.60645
1064 0.60542
1065 0.60439
1066 0.60336
1067 0.60233
1068 0.60130
1069 0.60026
1070 0.59923
1071 0.59820
1072 0.59716
1073 0.59613
1074 0.59509
1075 0.59405
1076 0.59301
1077 0.59198
1078 0.59094
1079 0.58990
1080 0.58886
1081 0.58781
1082 0.58677
1083 0.58573
1084 0.58469
1085 0.58364
1086 0.58260
1087 0.58155
1088 0.58051
1089 0.57946
1090 0.57841
1091 0.57737
1092 0.57632
1093 0.57527
1094 0.57422
1095 0.57317
1096 0.57212
1097 0.57107
1098 0.57002
1099 0.56896
1100 0.56791
1101 0.56686
1102 0.56580
1103 0.56475
1104 0.56369
1105 0.56264
1106 0.56158
1107 0.56053
1108 0.55947
1109 0.55841
1110 0.55735
1111 0.55630
1112 0.55524
1113 0.55418
1114 0.55312
1115 0.55206
1116 0.55100
1117 0.54994
1118 0.54887
1119 0.54781
1120 0.54675
1121 0.54569
1122 0.54462
1123 0.54356
1124 0.54250
1125 0.54143
1126 0.54037
1127 0.53930
1128 0.53824
1129 0.53717
1130 0.53611
1131 0.53504
1132 0.53397
1133 0.53291
1134 0.53184
1135 0.53077
1136 0.52970
1137 0.52863
1138 0.52756
1139 0.52650
1140 0.52543
1141 0.52436
1142 0.52329
1143 0.52222
1144 0.52115
1145 0.52008
1146 0.51901
1147 0.51794
1148 0.51686
1149 0.51579
1150 0.51472
1151 0.51365
1152 0.51258
1153 0.51150
1154 0.51043
1155 0.50936
1156 0.50829
1157 0.50721
1158 0.50614
1159 0.50507
1160 0.50400
1161 0.50292
1162 0.50185
1163 0.50077
1164 0.49970
1165 0.49863
1166 0.49755
1167 0.49648
1168 0.49541
1169 0.49433
1170 0.49326
1171 0.49218
1172 0.49111
1173 0.49003
1174 0.48896
1175 0.48788
1176 0.48681
1177 0.48574
1178 0.48466
1179 0.48359
1180 0.48251
1181 0.48144
1182 0.48036
1183 0.47929
1184 0.47821
1185 0.47714
1186 0.47607
1187 0.47499
1188 0.47392
1189 0.47284
1190 0.47177
1191 0.47070
1192 0.46962
1193 0.46855
1194 0.46747
1195 0.46640
1196 0.46533
1197 0.46425
1198 0.46318
1199 0.46211
1200 0.46104
1201 0.45996
1202 0.45889
1203 0.45782
1204 0.45675
1205 0.45567
1206 0.45460
1207 0.45353
1208 0.45246
1209 0.45139
1210 0.45032
1211 0.44925
1212 0.44818
1213 0.44711
1214 0.44604
1215 0.44497
1216 1.00000
