17 0.83281
18 0.81940
19 0.80586
20 0.79222
21 0.77848
22 0.76468
23 0.75084
24 0.73697
25 0.72310
26 0.70924
27 0.69540
28 0.68160
29 0.66785
30 0.65418
31 0.64058
32 0.62707
33 0.61366
34 0.60036
35 0.58718
36 0.57413
37 0.56122
38 0.54844
39 0.53581
40 0.52334
41 0.51103
42 0.49889
43 0.48691
44 0.47510
45 0.46347
46 0.45203
47 0.44076
48 0.42968
49 0.41878
50 0.40808
51 0.39756
52 0.38723
53 0.37709
54 0.36715
55 0.35739
56 0.34783
57 0.33846
58 0.32928
59 0.32029
60 0.31148
61 0.30287
62 0.29444
63 0.28620
64 0.27814
65 0.27026
66 0.26256
67 0.25504
68 0.24769
69 0.24052
70 0.23352
71 0.22669
72 0.22003
73 0.21353
74 0.20719
75 0.20102
76 0.19500
77 0.18913
78 0.18341
79 0.17785
80 0.17243
81 0.16715
82 0.16202
83 0.15702
84 0.15216
85 0.14743
86 0.14283
87 0.13836
88 0.13402
89 0.12979
90 0.12569
91 0.12170
92 0.11782
93 0.11406
94 0.11041
95 0.10686
96 0.10341
97 0.10007
98 0.09682
99 0.09368
100 0.09062
101 0.08766
102 0.08479
103 0.08200
104 0.07930
105 0.07668
106 0.07414
107 0.07168
108 0.06929
109 0.06698
110 0.06474
111 0.06258
112 0.06048
113 0.05844
114 0.05647
115 0.05457
116 0.05272
117 0.05093
118 0.04920
119 0.04753
120 0.04591
121 0.04434
122 0.04283
123 0.04136
124 0.03994
125 0.03857
126 0.03724
127 0.03596
128 0.03471
129 0.03351
130 0.03235
131 0.03123
132 0.03015
133 0.02910
134 0.02809
135 0.02711
136 0.02616
137 0.02525
138 0.02437
139 0.02352
140 0.02269
141 0.02190
142 0.02113
143 0.02039
144 0.01967
145 0.01898
146 0.01831
147 0.01766
148 0.01704
149 0.01644
150 0.01586
151 0.01530
152 0.01476
153 0.01423
154 0.01373
155 0.01324
156 0.01277
157 0.01232
158 0.01188
159 0.01146
160 0.01105
161 0.01066
162 0.01028
163 0.00992
164 0.00956
165 0.00922
166 0.00889
167 0.00858
168 0.00827
169 0.00798
170 0.00769
171 0.00742
172 0.00716
173 0.00690
174 0.00665
175 0.00642
176 0.00619
177 0.00597
178 0.00576
179 0.00555
180 0.00535
181 0.00516
182 0.00498
183 0.00480
184 0.00463
185 0.00446
186 0.00431
187 0.00415
188 0.00400
189 0.00386
190 0.00372
191 0.00359
192 0.00346
193 0.00334
194 0.00322
195 0.00311
196 0.00300
197 0.00289
198 0.00279
199 0.00269
200 0.00260
201 0.00250
202 0.00242
203 0.00233
204 0.00225
205 0.00217
206 0.00209
207 0.00202
208 0.00195
209 0.00188
210 0.00181
211 0.00175
212 0.00169
213 0.00163
214 0.00157
215 0.00152
216 0.00146
217 0.00141
218 0.00136
219 0.00131
220 0.00127
221 0.00122
222 0.00118
223 0.00114
224 0.00110
225 0.00106
226 0.00103
227 0.00099
228 0.00096
229 0.00092
230 0.00089
231 0.00086
232 0.00083
233 0.00080
234 0.00078
235 0.00075
236 0.00072
237 0.00070
238 0.00067
239 0.00065
240 0.00063
241 0.00061
242 0.00059
243 0.00057
244 0.00055
245 0.00053
246 0.00051
247 0.00049
248 0.00048
249 0.00046
250 0.00045
251 0.00043
252 0.00042
253 0.00040
254 0.00039
255 0.00038
256 0.00036
257 0.00035
258 0.00034
259 0.00033
260 0.00032
261 0.00031
262 0.00030
263 0.00029
264 0.00028
265 0.00027
266 0.00026
267 0.00025
268 0.00024
269 0.00024
270 0.00023
271 0.00022
272 0.00021
273 0.00021
274 0.00020
275 0.00019
276 0.00019
277 0.00018
278 0.00018
279 0.00017
280 0.00016
281 0.00016
282 0.00015
283 0.00015
284 0.00014
285 0.00014
286 0.00014
287 0.00013
288 0.00013
289 0.00012
290 0.00012
291 0.00012
292 0.00011
293 0.00011
294 0.00011
295 0.00010
296 0.00010
297 0.00010
298 0.00009
299 0.00009
300 0.00009
301 0.00009
302 0.00008
303 0.00008
304 0.00008
305 0.00008
306 0.00007
307 0.00007
308 0.00007
309 0.00007
310 0.00006
311 0.00006
312 0.00006
313 0.00006
314 0.00006
315 0.00006
316 0.00005
317 0.00005
318 0.00005
319 0.00005
320 0.00005
321 0.00005
322 0.00005
323 0.00004
324 0.00004
325 0.00004
326 0.00004
327 0.00004
328 0.00004
329 0.00004
330 0.00004
331 0.00004
332 0.00003
333 0.00003
334 0.00003
335 0.00003
336 0.00003
337 0.00003
338 0.00003
339 0.00003
340 0.00003
341 0.00003
342 0.00003
343 0.00003
344 0.00002
345 0.00002
346 0.00002
347 0.00002
348 0.00002
349 0.00002
350 0.00002
351 0.00002
352 0.00002
353 0.00002
354 0.00002
355 0.00002
356 0.00002
357 0.00002
358 0.00002
359 0.00002
360 0.00002
361 0.00002
362 0.00002
363 0.00002
364 0.00001
365 0.00001
366 0.00001
367 0.00001
368 0.00001
369 0.00001
370 0.00001
371 0.00001
372 0.00001
373 0.00001
374 0.00001
375 0.00001
376 0.00001
377 0.00001
378 0.00001
379 0.00001
380 0.00001
381 0.00001
382 0.00001
383 0.00001
384 0.00001
385 0.00001
386 0.00001
387 0.00001
388 0.00001
389 0.00001
390 0.00001
391 0.00001
392 0.00001
393 0.00001
394 0.00001
395 0.00001
396 0.00001
397 0.00001
398 0.00001
399 0.00001
400 0.00001
401 0.00001
402 0.00001
403 0.00001
404 0.00001
405 0.00001
406 0.00001
407 0.00001
408 0.00001
409 0.00001
410 0.00001
411 0.00001
412 0.00001
413 0.00001
414 0.00000
415 0.00000
416 0.00000
417 0.00000
418 0.00000
419 0.00000
420 0.00000
421 0.00000
422 0.00000
423 0.00000
424 0.00000
425 0.00000
426 0.00000
427 0.00000
428 0.00000
429 0.00000
430 0.00000
431 0.00000
432 0.00000
433 0.00000
434 0.00000
435 0.00000
436 0.00000
437 0.00000
438 0.00000
439 0.00000
440 0.00000
441 0.00000
442 0.00000
443 0.00000
444 0.00000
445 0.00000
446 0.00000
447 0.00000
448 0.00000
449 0.00000
450 0.00000
451 0.00000
452 0.00000
453 0.00000
454 0.00000
455 0.00000
456 0.00000
457 0.00000
458 0.00000
459 0.00000
460 0.00000
461 0.00000
462 0.00000
463 0.00000
464 0.00000
465 0.00000
466 0.00000
467 0.00000
468 0.00000
469 0.00000
470 0.00000
471 0.00000
472 0.00000
473 0.00000
474 0.00000
475 0.00000
476 0.00000
477 0.00000
478 0.00000
479 0.00000
480 0.00000
481 0.00000
482 0.00000
483 0.00000
484 0.00000
485 0.00000
486 0.00000
487 0.00000
488 0.00000
489 0.00000
490 0.00000
491 0.00000
492 0.00000
493 0.00000
494 0.00000
495 0.00000
496 0.00000
497 0.00000
498 0.00000
499 0.00000
500 0.00000
501 0.00000
502 0.00000
503 0.00000
504 0.00000
505 0.00000
506 0.00000
507 0.00000
508 0.00000
509 0.00000
510 0.00000
511 0.00000
512 0.00000
513 0.00000
514 0.00000
515 0.00000
516 0.00000
517 0.00000
518 0.00000
519 0.00000
520 0.00000
521 0.00000
522 0.00000
523 0.00000
524 0.00000
525 0.00000
526 0.00000
527 0.00000
528 0.00000
529 0.00000
530 0.00000
531 0.00000
532 0.00000
533 0.00000
534 0.00000
535 0.00000
536 0.00000
537 0.00000
538 0.00000
539 0.00000
540 0.00000
541 0.00000
542 0.00000
543 0.00000
544 0.00000
545 0.00000
546 0.00000
547 0.00000
548 0.00000
549 0.00000
550 0.00000
551 0.00000
552 0.00000
553 0.00000
554 0.00000
555 0.00000
556 0.00000
557 0.00000
558 0.00000
559 0.00000
560 0.00000
561 0.00000
562 0.00000
563 0.00000
564 0.00000
565 0.00000
566 0.00000
567 0.00000
568 0.00000
569 0.00000
570 0.00000
571 0.00000
572 0.00000
573 0.00000
574 0.00000
575 0.00000
576 0.00000
577 0.00000
578 0.00000
579 0.00000
580 0.00000
581 0.00000
582 0.00000
583 0.00000
584 0.00000
585 0.00000
586 0.00000
587 0.00000
588 0.00000
589 0.00000
590 0.00000
591 0.00000
592 0.00000
593 0.00000
594 0.00000
595 0.00000
596 0.00000
597 0.00000
598 0.00000
599 0.00000
600 0.00000
601 0.00000
602 0.00000
603 0.00000
604 0.00000
605 0.00000
606 0.00000
607 0.00000
608 0.00000
609 0.00000
610 0.00000
611 0.00000
612 0.00000
613 0.00000
614 0.00000
615 0.00000
616 0.00000
617 0.00000
618 0.00000
619 0.00000
620 0.00000
621 0.00000
622 0.00000
623 0.00000
624 0.00000
625 0.00000
626 0.00000
627 0.00000
628 0.00000
629 0.00000
630 0.00000
631 0.00000
632 0.00000
633 0.00000
634 0.00000
635 0.00000
636 0.00000
637 0.00000
638 0.00000
639 0.00000
640 0.00000
641 0.00000
642 0.00000
643 0.00000
644 0.00000
645 0.00000
646 0.00000
647 0.00000
648 0.00000
649 0.00000
650 0.00000
651 0.00000
652 0.00000
653 0.00000
654 0.00000
655 0.00000
656 0.00000
657 0.00000
658 0.00000
659 0.00000
660 0.00000
661 0.00000
662 0.00000
663 0.00000
664 0.00000
665 0.00000
666 0.00000
667 0.00000
668 0.00000
669 0.00000
670 0.00000
671 0.00000
672 0.00000
673 0.00000
674 0.00000
675 0.00000
676 0.00000
677 0.00000
678 0.00000
679 0.00000
680 0.00000
681 0.00001
682 0.00001
683 0.00001
684 0.00001
685 0.00001
686 0.00001
687 0.00001
688 0.00001
689 0.00001
690 0.00001
691 0.00001
692 0.00001
693 0.00001
694 0.00001
695 0.00001
696 0.00001
697 0.00001
698 0.00001
699 0.00001
700 0.00001
701 0.00001
702 0.00001
703 0.00001
704 0.00001
705 0.00001
706 0.00001
707 0.00001
708 0.00001
709 0.00001
710 0.00001
711 0.00001
712 0.00001
713 0.00001
714 0.00001
715 0.00001
716 0.00001
717 0.00001
718 0.00001
719 0.00001
720 0.00001
721 0.00001
722 0.00001
723 0.00001
724 0.00002
725 0.00002
726 0.00002
727 0.00002
728 0.00002
729 0.00002
730 0.00002
731 0.00002
732 0.00002
733 0.00002
734 0.00002
735 0.00002
736 0.00002
737 0.00002
738 0.00002
739 0.00002
740 0.00003
741 0.00003
742 0.00003
743 0.00003
744 0.00003
745 0.00003
746 0.00003
747 0.00003
748 0.00003
749 0.00003
750 0.00004
751 0.00004
752 0.00004
753 0.00004
754 0.00004
755 0.00004
756 0.00004
757 0.00005
758 0.00005
759 0.00005
760 0.00005
761 0.00005
762 0.00005
763 0.00006
764 0.00006
765 0.00006
766 0.00006
767 0.00007
768 0.00007
769 0.00007
770 0.00007
771 0.00008
772 0.00008
773 0.00008
774 0.00009
775 0.00009
776 0.00009
777 0.00010
778 0.00010
779 0.00011
780 0.00011
781 0.00011
782 0.00012
783 0.00012
784 0.00013
785 0.00013
786 0.00014
787 0.00015
788 0.00015
789 0.00016
790 0.00017
791 0.00017
792 0.00018
793 0.00019
794 0.00020
795 0.00021
796 0.00021
797 0.00022
798 0.00023
799 0.00024
800 0.00026
801 0.00027
802 0.00028
803 0.00029
804 0.00031
805 0.00032
806 0.00033
807 0.00035
808 0.00037
809 0.00038
810 0.00040
811 0.00042
812 0.00044
813 0.00046
814 0.00048
815 0.00051
816 0.00053
817 0.00056
818 0.00059
819 0.00061
820 0.00064
821 0.00068
822 0.00071
823 0.00075
824 0.00078
825 0.00082
826 0.00086
827 0.00091
828 0.00095
829 0.00100
830 0.00105
831 0.00111
832 0.00117
833 0.00123
834 0.00129
835 0.00136
836 0.00143
837 0.00150
838 0.00158
839 0.00167
840 0.00176
841 0.00185
842 0.00195
843 0.00205
844 0.00216
845 0.00228
846 0.00241
847 0.00254
848 0.00268
849 0.00282
850 0.00298
851 0.00315
852 0.00332
853 0.00351
854 0.00370
855 0.00391
856 0.00413
857 0.00437
858 0.00461
859 0.00488
860 0.00516
861 0.00545
862 0.00576
863 0.00610
864 0.00645
865 0.00683
866 0.00722
867 0.00765
868 0.00810
869 0.00857
870 0.00908
871 0.00962
872 0.01019
873 0.01080
874 0.01144
875 0.01213
876 0.01286
877 0.01363
878 0.01446
879 0.01534
880 0.01627
881 0.01726
882 0.01832
883 0.01945
884 0.02064
885 0.02192
886 0.02328
887 0.02472
888 0.02626
889 0.02790
890 0.02965
891 0.03151
892 0.03350
893 0.03561
894 0.03786
895 0.04027
896 0.04283
897 0.04556
898 0.04848
899 0.05159
900 0.05491
901 0.05845
902 0.06223
903 0.06626
904 0.07057
905 0.07516
906 0.08007
907 0.08531
908 0.09091
909 0.09689
910 0.10328
911 0.11010
912 0.11564
913 0.11948
914 0.12403
915 0.12867
916 0.13175
917 0.13318
918 0.13514
919 0.13777
920 0.14132
921 0.14613
922 0.14473
923 0.14334
924 0.14993
925 0.14852
926 0.14712
927 0.15638
928 0.15496
929 0.15354
930 0.15213
931 0.16563
932 0.16419
933 0.16276
934 0.16133
935 0.15990
936 0.15847
937 0.15705
938 0.17775
939 0.17630
940 0.17485
941 0.17341
942 0.17196
943 0.17052
944 0.16908
945 0.16764
946 0.16620
947 0.16477
948 0.16334
949 0.16191
950 0.19630
951 0.19484
952 0.19338
953 0.19192
954 0.19047
955 0.18901
956 0.18756
957 0.18610
958 0.18465
959 0.18320
960 0.18175
961 0.18030
962 0.17885
963 0.17741
964 0.17597
965 0.17452
966 0.17308
967 0.17165
968 0.17021
969 0.16877
970 0.16734
971 0.16591
972 0.16448
973 0.22966
974 0.22821
975 0.22675
976 0.22530
977 0.22385
978 0.22239
979 0.22094
980 0.21949
981 0.21803
982 0.21658
983 0.21513
984 0.21368
985 0.21223
986 0.21078
987 0.20933
988 0.20788
989 0.20643
990 0.20498
991 0.20353
992 0.20208
993 0.20064
994 0.19919
995 0.19775
996 0.19631
997 0.19486
998 0.19342
999 0.19198
1000 0.19054
1001 0.18911
1002 0.18767
1003 0.18624
1004 0.18481
1005 0.18338
1006 0.18195
1007 0.18052
1008 0.17910
1009 0.17768
1010 0.17626
1011 0.17484
1012 0.17343
1013 0.17201
1014 0.17060
1015 0.16920
1016 0.16779
1017 0.16639
1018 0.16499
1019 0.16360
1020 0.16221
1021 0.16082
1022 0.15943
1023 0.15805
1024 0.15667
1025 0.15530
1026 0.31520
1027 0.31391
1028 0.31261
1029 0.31132
1030 0.31003
1031 0.30874
1032 0.30745
1033 0.30616
1034 0.30487
1035 0.30359
1036 0.30230
1037 0.30102
1038 0.29974
1039 0.29846
1040 0.29718
1041 0.29590
1042 0.29463
1043 0.29335
1044 0.29208
1045 0.29081
1046 0.28954
1047 0.28827
1048 0.28700
1049 0.28573
1050 0.28446
1051 0.28320
1052 0.28193
1053 0.28067
1054 0.27941
1055 0.27815
1056 0.27689
1057 0.27563
1058 0.27437
1059 0.27312
1060 0.27186
1061 0.27061
1062 0.26935
1063 0.26810
1064 0.26685
1065 0.26560
1066 0.26435
1067 0.26310
1068 0.26185
1069 0.26060
1070 0.25936
1071 0.25811
1072 0.25686
1073 0.25562
1074 0.25438
1075 0.25313
1076 0.25189
1077 0.25065
1078 0.24940
1079 0.24816
1080 0.24692
1081 0.24568
1082 0.24444
1083 0.24320
1084 0.24196
1085 0.24072
1086 0.23948
1087 0.23824
1088 0.23700
1089 0.23576
1090 0.23452
1091 0.23328
1092 0.23204
1093 0.23080
1094 0.22956
1095 0.22832
1096 0.22707
1097 0.22583
1098 0.22459
1099 0.22335
1100 0.22211
1101 0.22086
1102 0.21962
1103 0.21837
1104 0.21713
1105 0.21588
1106 0.21464
1107 0.21339
1108 0.21214
1109 0.21089
1110 0.20964
1111 0.20839
1112 0.20714
1113 0.20588
1114 0.20463
1115 0.20337
1116 0.20212
1117 0.20086
1118 0.19960
1119 0.19834
1120 0.19708
1121 0.19581
1122 0.19455
1123 0.19328
1124 0.19201
1125 0.19075
1126 0.18947
1127 0.18820
1128 0.18693
1129 0.18565
1130 0.18438
1131 0.18310
1132 0.18182
1133 0.18054
1134 0.17925
1135 0.17797
1136 0.17668
1137 0.17539
1138 0.17410
1139 0.17281
1140 0.17152
1141 0.17023
1142 0.16893
1143 0.16763
1144 0.16633
1145 0.16504
1146 0.16373
1147 0.16243
1148 0.16113
1149 0.15982
1150 0.15852
1151 0.15721
1152 0.15590
1153 0.15459
1154 0.15328
1155 0.15197
1156 0.15066
1157 0.14935
1158 0.14804
1159 0.14672
1160 0.14541
1161 0.14410
1162 0.14278
1163 0.14147
1164 0.14016
1165 0.13885
1166 0.13753
1167 0.13622
1168 0.13491
1169 0.13360
1170 0.13229
1171 0.13098
1172 0.12967
1173 0.12837
1174 0.12706
1175 0.12576
1176 0.12446
1177 0.12316
1178 0.12186
1179 0.12056
1180 0.11927
1181 0.11798
1182 0.11669
1183 0.11541
1184 0.11413
1185 0.11285
1186 0.11157
1187 0.11030
1188 0.10903
1189 0.10777
1190 0.10651
1191 0.10525
1192 0.10400
1193 0.10275
1194 0.10151
1195 0.10027
1196 0.09904
1197 0.09781
1198 0.09659
1199 0.09537
1200 0.09416
1201 0.09295
1202 0.09175
1203 0.09056
1204 0.08937
1205 0.08819
1206 0.08702
1207 0.08585
1208 0.08469
1209 0.08353
1210 0.08239
1211 0.08125
1212 0.08011
1213 0.07899
1214 0.07787
1215 0.07676
1216 1.00000
