17 0.98207
18 0.98050
19 0.97889
20 0.97724
21 0.97555
22 0.97383
23 0.97207
24 0.97028
25 0.96846
26 0.96661
27 0.96473
28 0.96282
29 0.96088
30 0.95892
31 0.95693
32 0.95491
33 0.95287
34 0.95081
35 0.94873
36 0.94662
37 0.94449
38 0.94235
39 0.94018
40 0.93799
41 0.93579
42 0.93356
43 0.93132
44 0.92907
45 0.92679
46 0.92450
47 0.92220
48 0.91988
49 0.91755
50 0.91520
51 0.91284
52 0.91046
53 0.90808
54 0.90568
55 0.90327
56 0.90085
57 0.89842
58 0.89598
59 0.89353
60 0.89107
61 0.88860
62 0.88612
63 0.88364
64 0.88114
65 0.87864
66 0.87613
67 0.87362
68 0.87110
69 0.86857
70 0.86603
71 0.86349
72 0.86095
73 0.85840
74 0.85584
75 0.85328
76 0.85072
77 0.84815
78 0.84558
79 0.84300
80 0.84042
81 0.83784
82 0.83526
83 0.83267
84 0.83008
85 0.82749
86 0.82490
87 0.82231
88 0.81971
89 0.81712
90 0.81452
91 0.81192
92 0.80932
93 0.80673
94 0.80413
95 0.80153
96 0.79893
97 0.79634
98 0.79374
99 0.79115
100 0.78855
101 0.78596
102 0.78337
103 0.78078
104 0.77819
105 0.77561
106 0.77302
107 0.77044
108 0.76787
109 0.76529
110 0.76272
111 0.76015
112 0.75758
113 0.75501
114 0.75245
115 0.74989
116 0.74734
117 0.74479
118 0.74224
119 0.73970
120 0.73716
121 0.73463
122 0.73210
123 0.72957
124 0.72705
125 0.72453
126 0.72202
127 0.71951
128 0.71701
129 0.71451
130 0.71202
131 0.70953
132 0.70705
133 0.70457
134 0.70210
135 0.69964
136 0.69718
137 0.69472
138 0.69227
139 0.68983
140 0.68740
141 0.68497
142 0.68254
143 0.68012
144 0.67771
145 0.67530
146 0.67291
147 0.67051
148 0.66813
149 0.66575
150 0.66337
151 0.66101
152 0.65865
153 0.65629
154 0.65395
155 0.65161
156 0.64928
157 0.64695
158 0.64463
159 0.64232
160 0.64002
161 0.63772
162 0.63543
163 0.63315
164 0.63088
165 0.62861
166 0.62635
167 0.62410
168 0.62185
169 0.61961
170 0.61738
171 0.61516
172 0.61295
173 0.61074
174 0.60854
175 0.60635
176 0.60416
177 0.60199
178 0.59982
179 0.59766
180 0.59550
181 0.59336
182 0.59122
183 0.58909
184 0.58697
185 0.58486
186 0.58275
187 0.58066
188 0.57857
189 0.57648
190 0.57441
191 0.57235
192 0.57029
193 0.56824
194 0.56620
195 0.56416
196 0.56214
197 0.56012
198 0.55811
199 0.55611
200 0.55412
201 0.55214
202 0.55016
203 0.54819
204 0.54623
205 0.54428
206 0.54234
207 0.54040
208 0.53847
209 0.53655
210 0.53464
211 0.53274
212 0.53084
213 0.52896
214 0.52708
215 0.52521
216 0.52335
217 0.52149
218 0.51965
219 0.51781
220 0.51598
221 0.51416
222 0.51234
223 0.51054
224 0.50874
225 0.50695
226 0.50517
227 0.50340
228 0.50164
229 0.49988
230 0.49813
231 0.49639
232 0.49466
233 0.49293
234 0.49122
235 0.48951
236 0.48781
237 0.48612
238 0.48443
239 0.48275
240 0.48109
241 0.47943
242 0.47777
243 0.47613
244 0.47449
245 0.47286
246 0.47124
247 0.46963
248 0.46802
249 0.46643
250 0.46484
251 0.46326
252 0.46168
253 0.46012
254 0.45856
255 0.45701
256 0.45546
257 0.45393
258 0.45240
259 0.45088
260 0.44937
261 0.44786
262 0.44637
263 0.44488
264 0.44340
265 0.44192
266 0.44046
267 0.43900
268 0.43755
269 0.43610
270 0.43466
271 0.43324
272 0.43181
273 0.43040
274 0.42899
275 0.42759
276 0.42620
277 0.42482
278 0.42344
279 0.42207
280 0.42071
281 0.41935
282 0.41800
283 0.41666
284 0.41533
285 0.41400
286 0.41268
287 0.41137
288 0.41007
289 0.40877
290 0.40748
291 0.40619
292 0.40492
293 0.40365
294 0.40238
295 0.40113
296 0.39988
297 0.39864
298 0.39740
299 0.39617
300 0.39495
301 0.39374
302 0.39253
303 0.39133
304 0.39014
305 0.38895
306 0.38777
307 0.38660
308 0.38543
309 0.38427
310 0.38311
311 0.38197
312 0.38083
313 0.37969
314 0.37857
315 0.37745
316 0.37633
317 0.37522
318 0.37412
319 0.37303
320 0.37194
321 0.37086
322 0.36978
323 0.36871
324 0.36765
325 0.36659
326 0.36554
327 0.36450
328 0.36346
329 0.36243
330 0.36141
331 0.36039
332 0.35938
333 0.35837
334 0.35737
335 0.35638
336 0.35539
337 0.35441
338 0.35343
339 0.35246
340 0.35150
341 0.35054
342 0.34959
343 0.34864
344 0.34770
345 0.34677
346 0.34584
347 0.34492
348 0.34400
349 0.34309
350 0.34219
351 0.34129
352 0.34040
353 0.33951
354 0.33863
355 0.33775
356 0.33688
357 0.33602
358 0.33516
359 0.33431
360 0.33346
361 0.33262
362 0.33178
363 0.33095
364 0.33013
365 0.32931
366 0.32849
367 0.32769
368 0.32688
369 0.32609
370 0.32529
371 0.32451
372 0.32373
373 0.32295
374 0.32218
375 0.32142
376 0.32066
377 0.31990
378 0.31915
379 0.31841
380 0.31767
381 0.31694
382 0.31621
383 0.31549
384 0.31477
385 0.31406
386 0.31335
387 0.31265
388 0.31195
389 0.31126
390 0.31057
391 0.30989
392 0.30922
393 0.30854
394 0.30788
395 0.30722
396 0.30656
397 0.30591
398 0.30526
399 0.30462
400 0.30399
401 0.30335
402 0.30273
403 0.30211
404 0.30149
405 0.30088
406 0.30027
407 0.29967
408 0.29907
409 0.29848
410 0.29789
411 0.29731
412 0.29673
413 0.29616
414 0.29559
415 0.29502
416 0.29446
417 0.29391
418 0.29336
419 0.29281
420 0.29227
421 0.29174
422 0.29121
423 0.29068
424 0.29016
425 0.28964
426 0.28913
427 0.28862
428 0.28812
429 0.28762
430 0.28712
431 0.28663
432 0.28615
433 0.28566
434 0.28519
435 0.28472
436 0.28425
437 0.28379
438 0.28333
439 0.28287
440 0.28242
441 0.28198
442 0.28154
443 0.28110
444 0.28067
445 0.28024
446 0.27982
447 0.27940
448 0.27898
449 0.27857
450 0.27817
451 0.27777
452 0.27737
453 0.27697
454 0.27659
455 0.27620
456 0.27582
457 0.27545
458 0.27507
459 0.27471
460 0.27434
461 0.27398
462 0.27363
463 0.27328
464 0.27293
465 0.27259
466 0.27225
467 0.27192
468 0.27159
469 0.27127
470 0.27094
471 0.27063
472 0.27031
473 0.27001
474 0.26970
475 0.26940
476 0.26910
477 0.26881
478 0.26853
479 0.26824
480 0.26796
481 0.26769
482 0.26741
483 0.26715
484 0.26688
485 0.26663
486 0.26637
487 0.26612
488 0.26587
489 0.26563
490 0.26539
491 0.26516
492 0.26493
493 0.26470
494 0.26448
495 0.26426
496 0.26404
497 0.26383
498 0.26363
499 0.26343
500 0.26323
501 0.26303
502 0.26284
503 0.26266
504 0.26247
505 0.26230
506 0.26212
507 0.26195
508 0.26179
509 0.26163
510 0.26147
511 0.26131
512 0.26116
513 0.26102
514 0.26088
515 0.26074
516 0.26061
517 0.26048
518 0.26035
519 0.26023
520 0.26011
521 0.26000
522 0.25989
523 0.25978
524 0.25968
525 0.25958
526 0.25949
527 0.25940
528 0.25932
529 0.25924
530 0.25916
531 0.25908
532 0.25902
533 0.25895
534 0.25889
535 0.25883
536 0.25878
537 0.25873
538 0.25869
539 0.25865
540 0.25861
541 0.25858
542 0.25855
543 0.25852
544 0.25850
545 0.25849
546 0.25848
547 0.25847
548 0.25847
549 0.25847
550 0.25847
551 0.25848
552 0.25849
553 0.25851
554 0.25853
555 0.25856
556 0.25858
557 0.25862
558 0.25866
559 0.25870
560 0.25874
561 0.25880
562 0.25885
563 0.25891
564 0.25897
565 0.25904
566 0.25911
567 0.25919
568 0.25927
569 0.25935
570 0.25944
571 0.25953
572 0.25963
573 0.25973
574 0.25984
575 0.25995
576 0.26006
577 0.26018
578 0.26031
579 0.26043
580 0.26057
581 0.26070
582 0.26084
583 0.26099
584 0.26114
585 0.26129
586 0.26145
587 0.26162
588 0.26178
589 0.26196
590 0.26213
591 0.26232
592 0.26250
593 0.26269
594 0.26289
595 0.26309
596 0.26329
597 0.26350
598 0.26372
599 0.26393
600 0.26416
601 0.26438
602 0.26462
603 0.26485
604 0.26510
605 0.26534
606 0.26560
607 0.26585
608 0.26611
609 0.26638
610 0.26665
611 0.26693
612 0.26721
613 0.26749
614 0.26778
615 0.26808
616 0.26838
617 0.26869
618 0.26900
619 0.26931
620 0.26964
621 0.26996
622 0.27029
623 0.27063
624 0.27097
625 0.27132
626 0.27167
627 0.27203
628 0.27239
629 0.27276
630 0.27313
631 0.27351
632 0.27389
633 0.27428
634 0.27468
635 0.27508
636 0.27548
637 0.27590
638 0.27631
639 0.27674
640 0.27716
641 0.27760
642 0.27804
643 0.27848
644 0.27893
645 0.27939
646 0.27985
647 0.28032
648 0.28079
649 0.28127
650 0.28176
651 0.28225
652 0.28275
653 0.28325
654 0.28376
655 0.28428
656 0.28480
657 0.28533
658 0.28586
659 0.28640
660 0.28695
661 0.28750
662 0.28806
663 0.28863
664 0.28920
665 0.28978
666 0.29037
667 0.29096
668 0.29156
669 0.29216
670 0.29277
671 0.29339
672 0.29402
673 0.29465
674 0.29529
675 0.29594
676 0.29659
677 0.29725
678 0.29792
679 0.29859
680 0.29927
681 0.29996
682 0.30065
683 0.30136
684 0.30207
685 0.30278
686 0.30351
687 0.30424
688 0.30498
689 0.30573
690 0.30648
691 0.30725
692 0.30802
693 0.30879
694 0.30958
695 0.31037
696 0.31118
697 0.31198
698 0.31280
699 0.31363
700 0.31446
701 0.31530
702 0.31616
703 0.31701
704 0.31788
705 0.31876
706 0.31964
707 0.32054
708 0.32144
709 0.32235
710 0.32327
711 0.32420
712 0.32513
713 0.32608
714 0.32703
715 0.32799
716 0.32896
717 0.32993
718 0.33092
719 0.33192
720 0.33292
721 0.33393
722 0.33495
723 0.33599
724 0.33703
725 0.33808
726 0.33913
727 0.34020
728 0.34128
729 0.34237
730 0.34347
731 0.34458
732 0.34569
733 0.34682
734 0.34796
735 0.34910
736 0.35026
737 0.35143
738 0.35261
739 0.35380
740 0.35500
741 0.35621
742 0.35743
743 0.35866
744 0.35990
745 0.36116
746 0.36242
747 0.36370
748 0.36499
749 0.36629
750 0.36760
751 0.36892
752 0.37026
753 0.37161
754 0.37297
755 0.37434
756 0.37573
757 0.37712
758 0.37853
759 0.37995
760 0.38138
761 0.38282
762 0.38428
763 0.38574
764 0.38723
765 0.38872
766 0.39023
767 0.39175
768 0.39329
769 0.39484
770 0.39640
771 0.39798
772 0.39957
773 0.40118
774 0.40280
775 0.40444
776 0.40609
777 0.40775
778 0.40943
779 0.41113
780 0.41284
781 0.41457
782 0.41631
783 0.41807
784 0.41984
785 0.42163
786 0.42344
787 0.42526
788 0.42710
789 0.42896
790 0.43083
791 0.43272
792 0.43463
793 0.43655
794 0.43849
795 0.44045
796 0.44243
797 0.44442
798 0.44644
799 0.44847
800 0.45051
801 0.45256
802 0.45463
803 0.45672
804 0.45883
805 0.46095
806 0.46310
807 0.46526
808 0.46745
809 0.46966
810 0.47188
811 0.47413
812 0.47639
813 0.47868
814 0.48099
815 0.48331
816 0.48566
817 0.48804
818 0.49043
819 0.49284
820 0.49528
821 0.49774
822 0.50022
823 0.50273
824 0.50526
825 0.50781
826 0.51038
827 0.51298
828 0.51560
829 0.51825
830 0.52092
831 0.52361
832 0.52633
833 0.52908
834 0.53185
835 0.53465
836 0.53747
837 0.54032
838 0.54319
839 0.54610
840 0.54903
841 0.55198
842 0.55497
843 0.55798
844 0.56102
845 0.56409
846 0.56719
847 0.57031
848 0.57347
849 0.57665
850 0.57987
851 0.58311
852 0.58639
853 0.58970
854 0.59304
855 0.59641
856 0.59981
857 0.60324
858 0.60671
859 0.61021
860 0.61374
861 0.61731
862 0.62091
863 0.62455
864 0.62822
865 0.63192
866 0.63566
867 0.63944
868 0.64325
869 0.64710
870 0.65099
871 0.65491
872 0.65887
873 0.66287
874 0.66691
875 0.67099
876 0.67511
877 0.67926
878 0.68346
879 0.68770
880 0.69198
881 0.69630
882 0.70066
883 0.70507
884 0.70952
885 0.71401
886 0.71855
887 0.72313
888 0.72776
889 0.73243
890 0.73715
891 0.74192
892 0.74673
893 0.75159
894 0.75650
895 0.76146
896 0.76647
897 0.77152
898 0.77663
899 0.78179
900 0.78700
901 0.79226
902 0.79758
903 0.80294
904 0.80837
905 0.81384
906 0.81938
907 0.82496
908 0.83061
909 0.83631
910 0.84207
911 0.84789
912 0.85251
913 0.86377
914 0.87124
915 0.87640
916 0.87933
917 0.88083
918 0.88250
919 0.88439
920 0.88655
921 0.88907
922 0.88877
923 0.88848
924 0.89151
925 0.89122
926 0.89093
927 0.89467
928 0.89439
929 0.89412
930 0.89384
931 0.89864
932 0.89837
933 0.89811
934 0.89785
935 0.89759
936 0.89732
937 0.89706
938 0.90356
939 0.90332
940 0.90307
941 0.90283
942 0.90258
943 0.90234
944 0.90210
945 0.90185
946 0.90160
947 0.90136
948 0.90105
949 0.90070
950 0.91012
951 0.90980
952 0.90947
953 0.90915
954 0.90883
955 0.90851
956 0.90818
957 0.90786
958 0.90753
959 0.90720
960 0.90687
961 0.90655
962 0.90622
963 0.90589
964 0.90556
965 0.90522
966 0.90489
967 0.90456
968 0.90423
969 0.90389
970 0.90356
971 0.90322
972 0.90288
973 0.91849
974 0.91820
975 0.91792
976 0.91763
977 0.91734
978 0.91705
979 0.91676
980 0.91647
981 0.91618
982 0.91589
983 0.91559
984 0.91530
985 0.91501
986 0.91471
987 0.91442
988 0.91412
989 0.91382
990 0.91353
991 0.91323
992 0.91293
993 0.91263
994 0.91233
995 0.91203
996 0.91173
997 0.91143
998 0.91112
999 0.91082
1000 0.91052
1001 0.91021
1002 0.90991
1003 0.90960
1004 0.90929
1005 0.90898
1006 0.90868
1007 0.90837
1008 0.90806
1009 0.90775
1010 0.90744
1011 0.90712
1012 0.90681
1013 0.90650
1014 0.90618
1015 0.90587
1016 0.90555
1017 0.90524
1018 0.90492
1019 0.90461
1020 0.90429
1021 0.90397
1022 0.90365
1023 0.90333
1024 0.90301
1025 0.90269
1026 0.93482
1027 0.93460
1028 0.93438
1029 0.93415
1030 0.93393
1031 0.93371
1032 0.93349
1033 0.93326
1034 0.93304
1035 0.93282
1036 0.93259
1037 0.93237
1038 0.93214
1039 0.93191
1040 0.93169
1041 0.93146
1042 0.93123
1043 0.93100
1044 0.93077
1045 0.93054
1046 0.93032
1047 0.93008
1048 0.92985
1049 0.92962
1050 0.92939
1051 0.92916
1052 0.92892
1053 0.92869
1054 0.92846
1055 0.92822
1056 0.92799
1057 0.92775
1058 0.92752
1059 0.92728
1060 0.92704
1061 0.92680
1062 0.92657
1063 0.92633
1064 0.92609
1065 0.92585
1066 0.92561
1067 0.92537
1068 0.92513
1069 0.92488
1070 0.92464
1071 0.92440
1072 0.92416
1073 0.92391
1074 0.92367
1075 0.92342
1076 0.92318
1077 0.92293
1078 0.92268
1079 0.92244
1080 0.92219
1081 0.92194
1082 0.92169
1083 0.92144
1084 0.92119
1085 0.92094
1086 0.92069
1087 0.92044
1088 0.92019
1089 0.91994
1090 0.91968
1091 0.91943
1092 0.91918
1093 0.91892
1094 0.91867
1095 0.91841
1096 0.91816
1097 0.91790
1098 0.91764
1099 0.91738
1100 0.91713
1101 0.91687
1102 0.91661
1103 0.91635
1104 0.91609
1105 0.91583
1106 0.91557
1107 0.91530
1108 0.91504
1109 0.91478
1110 0.91451
1111 0.91425
1112 0.91398
1113 0.91372
1114 0.91345
1115 0.91319
1116 0.91292
1117 0.91265
1118 0.91239
1119 0.91212
1120 0.91185
1121 0.91158
1122 0.91131
1123 0.91104
1124 0.91077
1125 0.91049
1126 0.91022
1127 0.90995
1128 0.90968
1129 0.90940
1130 0.90913
1131 0.90885
1132 0.90858
1133 0.90830
1134 0.90802
1135 0.90775
1136 0.90747
1137 0.90719
1138 0.90691
1139 0.90663
1140 0.90635
1141 0.90607
1142 0.90579
1143 0.90551
1144 0.90523
1145 0.90494
1146 0.90466
1147 0.90438
1148 0.90409
1149 0.90381
1150 0.90352
1151 0.90323
1152 0.90295
1153 0.90266
1154 0.90237
1155 0.90208
1156 0.90180
1157 0.90151
1158 0.90122
1159 0.90093
1160 0.90063
1161 0.90034
1162 0.90005
1163 0.89976
1164 0.89946
1165 0.89917
1166 0.89888
1167 0.89858
1168 0.89829
1169 0.89799
1170 0.89769
1171 0.89740
1172 0.89710
1173 0.89680
1174 0.89650
1175 0.89620
1176 0.89590
1177 0.89560
1178 0.89530
1179 0.89500
1180 0.89470
1181 0.89439
1182 0.89409
1183 0.89378
1184 0.89348
1185 0.89318
1186 0.89287
1187 0.89256
1188 0.89226
1189 0.89195
1190 0.89164
1191 0.89133
1192 0.89102
1193 0.89071
1194 0.89040
1195 0.89009
1196 0.88978
1197 0.88947
1198 0.88916
1199 0.88884
1200 0.88853
1201 0.88822
1202 0.88790
1203 0.88759
1204 0.88727
1205 0.88695
1206 0.88664
1207 0.88632
1208 0.88600
1209 0.88568
1210 0.88536
1211 0.88504
1212 0.88472
1213 0.88440
1214 0.88408
1215 0.88376
1216 1.00000
