17 0.89316
18 0.88404
19 0.87475
20 0.86531
21 0.85572
22 0.84601
23 0.83618
24 0.82624
25 0.81621
26 0.80610
27 0.79591
28 0.78566
29 0.77536
30 0.76502
31 0.75464
32 0.74423
33 0.73380
34 0.72336
35 0.71292
36 0.70248
37 0.69205
38 0.68164
39 0.67125
40 0.66088
41 0.65055
42 0.64026
43 0.63002
44 0.61982
45 0.60968
46 0.59959
47 0.58957
48 0.57961
49 0.56972
50 0.55991
51 0.55017
52 0.54052
53 0.53094
54 0.52145
55 0.51205
56 0.50274
57 0.49353
58 0.48441
59 0.47538
60 0.46646
61 0.45763
62 0.44891
63 0.44029
64 0.43177
65 0.42336
66 0.41506
67 0.40686
68 0.39878
69 0.39080
70 0.38293
71 0.37517
72 0.36752
73 0.35998
74 0.35256
75 0.34524
76 0.33803
77 0.33094
78 0.32395
79 0.31708
80 0.31031
81 0.30366
82 0.29711
83 0.29068
84 0.28435
85 0.27813
86 0.27201
87 0.26600
88 0.26010
89 0.25430
90 0.24861
91 0.24302
92 0.23753
93 0.23214
94 0.22685
95 0.22166
96 0.21657
97 0.21158
98 0.20668
99 0.20188
100 0.19717
101 0.19256
102 0.18803
103 0.18360
104 0.17925
105 0.17499
106 0.17082
107 0.16674
108 0.16274
109 0.15882
110 0.15499
111 0.15123
112 0.14756
113 0.14396
114 0.14044
115 0.13700
116 0.13363
117 0.13034
118 0.12711
119 0.12396
120 0.12088
121 0.11787
122 0.11492
123 0.11204
124 0.10923
125 0.10648
126 0.10379
127 0.10116
128 0.09859
129 0.09609
130 0.09364
131 0.09125
132 0.08891
133 0.08663
134 0.08440
135 0.08223
136 0.08010
137 0.07803
138 0.07601
139 0.07403
140 0.07211
141 0.07023
142 0.06839
143 0.06660
144 0.06486
145 0.06316
146 0.06149
147 0.05987
148 0.05829
149 0.05675
150 0.05525
151 0.05379
152 0.05236
153 0.05096
154 0.04961
155 0.04828
156 0.04699
157 0.04574
158 0.04451
159 0.04332
160 0.04216
161 0.04102
162 0.03992
163 0.03884
164 0.03779
165 0.03677
166 0.03578
167 0.03481
168 0.03387
169 0.03295
170 0.03205
171 0.03118
172 0.03033
173 0.02951
174 0.02870
175 0.02792
176 0.02716
177 0.02642
178 0.02570
179 0.02499
180 0.02431
181 0.02364
182 0.02299
183 0.02236
184 0.02175
185 0.02115
186 0.02057
187 0.02000
188 0.01945
189 0.01892
190 0.01840
191 0.01789
192 0.01740
193 0.01692
194 0.01645
195 0.01600
196 0.01555
197 0.01512
198 0.01471
199 0.01430
200 0.01390
201 0.01352
202 0.01315
203 0.01278
204 0.01243
205 0.01208
206 0.01175
207 0.01142
208 0.01111
209 0.01080
210 0.01050
211 0.01021
212 0.00993
213 0.00965
214 0.00939
215 0.00913
216 0.00887
217 0.00863
218 0.00839
219 0.00816
220 0.00793
221 0.00771
222 0.00750
223 0.00729
224 0.00709
225 0.00689
226 0.00670
227 0.00652
228 0.00634
229 0.00616
230 0.00599
231 0.00583
232 0.00567
233 0.00551
234 0.00536
235 0.00521
236 0.00507
237 0.00493
238 0.00479
239 0.00466
240 0.00453
241 0.00441
242 0.00429
243 0.00417
244 0.00406
245 0.00394
246 0.00384
247 0.00373
248 0.00363
249 0.00353
250 0.00343
251 0.00334
252 0.00325
253 0.00316
254 0.00308
255 0.00299
256 0.00291
257 0.00283
258 0.00275
259 0.00268
260 0.00261
261 0.00254
262 0.00247
263 0.00240
264 0.00234
265 0.00227
266 0.00221
267 0.00215
268 0.00210
269 0.00204
270 0.00199
271 0.00193
272 0.00188
273 0.00183
274 0.00178
275 0.00173
276 0.00169
277 0.00164
278 0.00160
279 0.00156
280 0.00152
281 0.00148
282 0.00144
283 0.00140
284 0.00136
285 0.00133
286 0.00129
287 0.00126
288 0.00123
289 0.00119
290 0.00116
291 0.00113
292 0.00110
293 0.00107
294 0.00105
295 0.00102
296 0.00099
297 0.00097
298 0.00094
299 0.00092
300 0.00090
301 0.00087
302 0.00085
303 0.00083
304 0.00081
305 0.00079
306 0.00077
307 0.00075
308 0.00073
309 0.00071
310 0.00069
311 0.00068
312 0.00066
313 0.00064
314 0.00063
315 0.00061
316 0.00059
317 0.00058
318 0.00057
319 0.00055
320 0.00054
321 0.00053
322 0.00051
323 0.00050
324 0.00049
325 0.00048
326 0.00046
327 0.00045
328 0.00044
329 0.00043
330 0.00042
331 0.00041
332 0.00040
333 0.00039
334 0.00038
335 0.00037
336 0.00036
337 0.00036
338 0.00035
339 0.00034
340 0.00033
341 0.00032
342 0.00032
343 0.00031
344 0.00030
345 0.00029
346 0.00029
347 0.00028
348 0.00027
349 0.00027
350 0.00026
351 0.00026
352 0.00025
353 0.00024
354 0.00024
355 0.00023
356 0.00023
357 0.00022
358 0.00022
359 0.00021
360 0.00021
361 0.00020
362 0.00020
363 0.00020
364 0.00019
365 0.00019
366 0.00018
367 0.00018
368 0.00018
369 0.00017
370 0.00017
371 0.00016
372 0.00016
373 0.00016
374 0.00015
375 0.00015
376 0.00015
377 0.00014
378 0.00014
379 0.00014
380 0.00014
381 0.00013
382 0.00013
383 0.00013
384 0.00012
385 0.00012
386 0.00012
387 0.00012
388 0.00012
389 0.00011
390 0.00011
391 0.00011
392 0.00011
393 0.00010
394 0.00010
395 0.00010
396 0.00010
397 0.00010
398 0.00009
399 0.00009
400 0.00009
401 0.00009
402 0.00009
403 0.00009
404 0.00008
405 0.00008
406 0.00008
407 0.00008
408 0.00008
409 0.00008
410 0.00008
411 0.00007
412 0.00007
413 0.00007
414 0.00007
415 0.00007
416 0.00007
417 0.00007
418 0.00007
419 0.00006
420 0.00006
421 0.00006
422 0.00006
423 0.00006
424 0.00006
425 0.00006
426 0.00006
427 0.00006
428 0.00005
429 0.00005
430 0.00005
431 0.00005
432 0.00005
433 0.00005
434 0.00005
435 0.00005
436 0.00005
437 0.00005
438 0.00005
439 0.00005
440 0.00005
441 0.00004
442 0.00004
443 0.00004
444 0.00004
445 0.00004
446 0.00004
447 0.00004
448 0.00004
449 0.00004
450 0.00004
451 0.00004
452 0.00004
453 0.00004
454 0.00004
455 0.00004
456 0.00004
457 0.00004
458 0.00003
459 0.00003
460 0.00003
461 0.00003
462 0.00003
463 0.00003
464 0.00003
465 0.00003
466 0.00003
467 0.00003
468 0.00003
469 0.00003
470 0.00003
471 0.00003
472 0.00003
473 0.00003
474 0.00003
475 0.00003
476 0.00003
477 0.00003
478 0.00003
479 0.00003
480 0.00003
481 0.00003
482 0.00003
483 0.00003
484 0.00003
485 0.00003
486 0.00002
487 0.00002
488 0.00002
489 0.00002
490 0.00002
491 0.00002
492 0.00002
493 0.00002
494 0.00002
495 0.00002
496 0.00002
497 0.00002
498 0.00002
499 0.00002
500 0.00002
501 0.00002
502 0.00002
503 0.00002
504 0.00002
505 0.00002
506 0.00002
507 0.00002
508 0.00002
509 0.00002
510 0.00002
511 0.00002
512 0.00002
513 0.00002
514 0.00002
515 0.00002
516 0.00002
517 0.00002
518 0.00002
519 0.00002
520 0.00002
521 0.00002
522 0.00002
523 0.00002
524 0.00002
525 0.00002
526 0.00002
527 0.00002
528 0.00002
529 0.00002
530 0.00002
531 0.00002
532 0.00002
533 0.00002
534 0.00002
535 0.00002
536 0.00002
537 0.00002
538 0.00002
539 0.00002
540 0.00002
541 0.00002
542 0.00002
543 0.00002
544 0.00002
545 0.00002
546 0.00002
547 0.00002
548 0.00002
549 0.00002
550 0.00002
551 0.00002
552 0.00002
553 0.00002
554 0.00002
555 0.00002
556 0.00002
557 0.00002
558 0.00002
559 0.00002
560 0.00002
561 0.00002
562 0.00002
563 0.00002
564 0.00002
565 0.00002
566 0.00002
567 0.00002
568 0.00002
569 0.00002
570 0.00002
571 0.00002
572 0.00002
573 0.00002
574 0.00002
575 0.00002
576 0.00002
577 0.00002
578 0.00002
579 0.00002
580 0.00002
581 0.00002
582 0.00002
583 0.00002
584 0.00002
585 0.00002
586 0.00002
587 0.00002
588 0.00002
589 0.00002
590 0.00002
591 0.00002
592 0.00002
593 0.00002
594 0.00002
595 0.00002
596 0.00002
597 0.00002
598 0.00002
599 0.00002
600 0.00002
601 0.00002
602 0.00002
603 0.00002
604 0.00002
605 0.00002
606 0.00002
607 0.00002
608 0.00002
609 0.00002
610 0.00002
611 0.00002
612 0.00002
613 0.00002
614 0.00002
615 0.00002
616 0.00002
617 0.00002
618 0.00002
619 0.00002
620 0.00002
621 0.00002
622 0.00002
623 0.00002
624 0.00002
625 0.00002
626 0.00002
627 0.00002
628 0.00002
629 0.00002
630 0.00002
631 0.00002
632 0.00002
633 0.00002
634 0.00002
635 0.00002
636 0.00002
637 0.00002
638 0.00002
639 0.00002
640 0.00002
641 0.00002
642 0.00002
643 0.00002
644 0.00002
645 0.00002
646 0.00002
647 0.00002
648 0.00002
649 0.00002
650 0.00002
651 0.00003
652 0.00003
653 0.00003
654 0.00003
655 0.00003
656 0.00003
657 0.00003
658 0.00003
659 0.00003
660 0.00003
661 0.00003
662 0.00003
663 0.00003
664 0.00003
665 0.00003
666 0.00003
667 0.00003
668 0.00003
669 0.00003
670 0.00003
671 0.00003
672 0.00003
673 0.00003
674 0.00003
675 0.00004
676 0.00004
677 0.00004
678 0.00004
679 0.00004
680 0.00004
681 0.00004
682 0.00004
683 0.00004
684 0.00004
685 0.00004
686 0.00004
687 0.00004
688 0.00004
689 0.00005
690 0.00005
691 0.00005
692 0.00005
693 0.00005
694 0.00005
695 0.00005
696 0.00005
697 0.00005
698 0.00005
699 0.00006
700 0.00006
701 0.00006
702 0.00006
703 0.00006
704 0.00006
705 0.00006
706 0.00006
707 0.00007
708 0.00007
709 0.00007
710 0.00007
711 0.00007
712 0.00007
713 0.00007
714 0.00008
715 0.00008
716 0.00008
717 0.00008
718 0.00008
719 0.00009
720 0.00009
721 0.00009
722 0.00009
723 0.00009
724 0.00010
725 0.00010
726 0.00010
727 0.00010
728 0.00011
729 0.00011
730 0.00011
731 0.00012
732 0.00012
733 0.00012
734 0.00013
735 0.00013
736 0.00013
737 0.00014
738 0.00014
739 0.00014
740 0.00015
741 0.00015
742 0.00016
743 0.00016
744 0.00017
745 0.00017
746 0.00018
747 0.00018
748 0.00019
749 0.00019
750 0.00020
751 0.00020
752 0.00021
753 0.00022
754 0.00022
755 0.00023
756 0.00024
757 0.00024
758 0.00025
759 0.00026
760 0.00027
761 0.00028
762 0.00029
763 0.00030
764 0.00031
765 0.00032
766 0.00033
767 0.00034
768 0.00035
769 0.00036
770 0.00037
771 0.00039
772 0.00040
773 0.00041
774 0.00043
775 0.00044
776 0.00046
777 0.00047
778 0.00049
779 0.00051
780 0.00053
781 0.00055
782 0.00057
783 0.00059
784 0.00061
785 0.00063
786 0.00065
787 0.00068
788 0.00070
789 0.00073
790 0.00076
791 0.00079
792 0.00082
793 0.00085
794 0.00088
795 0.00092
796 0.00095
797 0.00099
798 0.00103
799 0.00107
800 0.00112
801 0.00116
802 0.00121
803 0.00126
804 0.00131
805 0.00136
806 0.00142
807 0.00148
808 0.00154
809 0.00161
810 0.00168
811 0.00175
812 0.00182
813 0.00190
814 0.00198
815 0.00207
816 0.00216
817 0.00225
818 0.00235
819 0.00246
820 0.00257
821 0.00268
822 0.00280
823 0.00293
824 0.00306
825 0.00320
826 0.00335
827 0.00351
828 0.00367
829 0.00384
830 0.00402
831 0.00421
832 0.00441
833 0.00462
834 0.00484
835 0.00507
836 0.00531
837 0.00557
838 0.00584
839 0.00612
840 0.00642
841 0.00674
842 0.00707
843 0.00742
844 0.00780
845 0.00819
846 0.00860
847 0.00903
848 0.00949
849 0.00998
850 0.01049
851 0.01103
852 0.01160
853 0.01220
854 0.01284
855 0.01352
856 0.01423
857 0.01498
858 0.01578
859 0.01662
860 0.01751
861 0.01845
862 0.01945
863 0.02050
864 0.02162
865 0.02281
866 0.02406
867 0.02539
868 0.02680
869 0.02829
870 0.02987
871 0.03155
872 0.03333
873 0.03522
874 0.03722
875 0.03934
876 0.04160
877 0.04400
878 0.04654
879 0.04924
880 0.05211
881 0.05516
882 0.05841
883 0.06185
884 0.06552
885 0.06941
886 0.07356
887 0.07797
888 0.08267
889 0.08766
890 0.09299
891 0.09865
892 0.10469
893 0.11112
894 0.11797
895 0.12527
896 0.13306
897 0.14136
898 0.15021
899 0.15966
900 0.16974
901 0.18050
902 0.19198
903 0.20424
904 0.21733
905 0.23132
906 0.24627
907 0.26224
908 0.27931
909 0.29756
910 0.31708
911 0.33796
912 0.35542
913 0.36052
914 0.36642
915 0.37228
916 0.37617
917 0.37805
918 0.38053
919 0.38378
920 0.38805
921 0.39368
922 0.39224
923 0.39080
924 0.39836
925 0.39693
926 0.39550
927 0.40586
928 0.40443
929 0.40301
930 0.40158
931 0.41626
932 0.41484
933 0.41343
934 0.41202
935 0.41061
936 0.40920
937 0.40779
938 0.42959
939 0.42820
940 0.42680
941 0.42541
942 0.42401
943 0.42262
944 0.42123
945 0.41983
946 0.41844
947 0.41705
948 0.41566
949 0.41427
950 0.44914
951 0.44778
952 0.44641
953 0.44505
954 0.44369
955 0.44232
956 0.44096
957 0.43960
958 0.43824
959 0.43687
960 0.43551
961 0.43415
962 0.43279
963 0.43143
964 0.43007
965 0.42872
966 0.42736
967 0.42600
968 0.42464
969 0.42329
970 0.42193
971 0.42058
972 0.41922
973 0.48211
974 0.48080
975 0.47950
976 0.47820
977 0.47689
978 0.47559
979 0.47428
980 0.47298
981 0.47168
982 0.47037
983 0.46907
984 0.46777
985 0.46647
986 0.46516
987 0.46386
988 0.46256
989 0.46126
990 0.45995
991 0.45865
992 0.45735
993 0.45605
994 0.45475
995 0.45345
996 0.45215
997 0.45085
998 0.44955
999 0.44825
1000 0.44695
1001 0.44565
1002 0.44435
1003 0.44305
1004 0.44176
1005 0.44046
1006 0.43916
1007 0.43787
1008 0.43657
1009 0.43527
1010 0.43398
1011 0.43268
1012 0.43139
1013 0.43010
1014 0.42880
1015 0.42751
1016 0.42622
1017 0.42493
1018 0.42363
1019 0.42234
1020 0.42105
1021 0.41976
1022 0.41847
1023 0.41719
1024 0.41590
1025 0.41461
1026 0.55761
1027 0.55647
1028 0.55532
1029 0.55418
1030 0.55303
1031 0.55188
1032 0.55074
1033 0.54959
1034 0.54844
1035 0.54729
1036 0.54614
1037 0.54499
1038 0.54384
1039 0.54269
1040 0.54154
1041 0.54039
1042 0.53924
1043 0.53809
1044 0.53693
1045 0.53578
1046 0.53463
1047 0.53347
1048 0.53232
1049 0.53116
1050 0.53001
1051 0.52885
1052 0.52770
1053 0.52654
1054 0.52538
1055 0.52423
1056 0.52307
1057 0.52191
1058 0.52075
1059 0.51960
1060 0.51844
1061 0.51728
1062 0.51612
1063 0.51496
1064 0.51380
1065 0.51264
1066 0.51148
1067 0.51032
1068 0.50916
1069 0.50800
1070 0.50684
1071 0.50568
1072 0.50452
1073 0.50336
1074 0.50220
1075 0.50104
1076 0.49988
1077 0.49871
1078 0.49755
1079 0.49639
1080 0.49523
1081 0.49407
1082 0.49291
1083 0.49174
1084 0.49058
1085 0.48942
1086 0.48826
1087 0.48710
1088 0.48593
1089 0.48477
1090 0.48361
1091 0.48245
1092 0.48128
1093 0.48012
1094 0.47896
1095 0.47780
1096 0.47664
1097 0.47547
1098 0.47431
1099 0.47315
1100 0.47199
1101 0.47083
1102 0.46967
1103 0.46850
1104 0.46734
1105 0.46618
1106 0.46502
1107 0.46386
1108 0.46270
1109 0.46154
1110 0.46038
1111 0.45922
1112 0.45806
1113 0.45690
1114 0.45574
1115 0.45458
1116 0.45342
1117 0.45226
1118 0.45110
1119 0.44995
1120 0.44879
1121 0.44763
1122 0.44647
1123 0.44531
1124 0.44416
1125 0.44300
1126 0.44185
1127 0.44069
1128 0.43953
1129 0.43838
1130 0.43722
1131 0.43607
1132 0.43491
1133 0.43376
1134 0.43261
1135 0.43145
1136 0.43030
1137 0.42915
1138 0.42800
1139 0.42685
1140 0.42570
1141 0.42455
1142 0.42340
1143 0.42225
1144 0.42110
1145 0.41995
1146 0.41880
1147 0.41765
1148 0.41651
1149 0.41536
1150 0.41421
1151 0.41307
1152 0.41192
1153 0.41078
1154 0.40963
1155 0.40849
1156 0.40735
1157 0.40621
1158 0.40506
1159 0.40392
1160 0.40278
1161 0.40164
1162 0.40050
1163 0.39937
1164 0.39823
1165 0.39709
1166 0.39595
1167 0.39482
1168 0.39368
1169 0.39255
1170 0.39141
1171 0.39028
1172 0.38915
1173 0.38802
1174 0.38689
1175 0.38576
1176 0.38463
1177 0.38350
1178 0.38237
1179 0.38124
1180 0.38011
1181 0.37899
1182 0.37786
1183 0.37674
1184 0.37561
1185 0.37449
1186 0.37337
1187 0.37225
1188 0.37113
1189 0.37001
1190 0.36889
1191 0.36777
1192 0.36665
1193 0.36554
1194 0.36442
1195 0.36331
1196 0.36219
1197 0.36108
1198 0.35997
1199 0.35886
1200 0.35774
1201 0.35663
1202 0.35553
1203 0.35442
1204 0.35331
1205 0.35220
1206 0.35110
1207 0.35000
1208 0.34889
1209 0.34779
1210 0.34669
1211 0.34559
1212 0.34449
1213 0.34339
1214 0.34229
1215 0.34119
1216 1.00000
