17 0.85944
18 0.84797
19 0.83635
20 0.82460
21 0.81275
22 0.80080
23 0.78878
24 0.77670
25 0.76457
26 0.75241
27 0.74023
28 0.72804
29 0.71586
30 0.70370
31 0.69156
32 0.67946
33 0.66741
34 0.65541
35 0.64347
36 0.63160
37 0.61981
38 0.60810
39 0.59648
40 0.58496
41 0.57354
42 0.56222
43 0.55102
44 0.53993
45 0.52896
46 0.51812
47 0.50740
48 0.49681
49 0.48635
50 0.47603
51 0.46584
52 0.45579
53 0.44589
54 0.43612
55 0.42650
56 0.41703
57 0.40770
58 0.39851
59 0.38948
60 0.38059
61 0.37184
62 0.36325
63 0.35480
64 0.34651
65 0.33835
66 0.33035
67 0.32249
68 0.31478
69 0.30721
70 0.29978
71 0.29250
72 0.28535
73 0.27835
74 0.27149
75 0.26477
76 0.25818
77 0.25173
78 0.24541
79 0.23922
80 0.23316
81 0.22724
82 0.22144
83 0.21576
84 0.21021
85 0.20479
86 0.19948
87 0.19429
88 0.18922
89 0.18426
90 0.17942
91 0.17469
92 0.17006
93 0.16555
94 0.16114
95 0.15684
96 0.15264
97 0.14853
98 0.14453
99 0.14063
100 0.13681
101 0.13310
102 0.12947
103 0.12593
104 0.12248
105 0.11912
106 0.11584
107 0.11265
108 0.10953
109 0.10650
110 0.10354
111 0.10065
112 0.09785
113 0.09511
114 0.09245
115 0.08985
116 0.08732
117 0.08486
118 0.08247
119 0.08013
120 0.07786
121 0.07565
122 0.07350
123 0.07141
124 0.06937
125 0.06739
126 0.06546
127 0.06358
128 0.06176
129 0.05998
130 0.05826
131 0.05658
132 0.05494
133 0.05336
134 0.05181
135 0.05031
136 0.04885
137 0.04743
138 0.04605
139 0.04471
140 0.04341
141 0.04214
142 0.04091
143 0.03972
144 0.03856
145 0.03743
146 0.03633
147 0.03527
148 0.03423
149 0.03323
150 0.03225
151 0.03130
152 0.03038
153 0.02949
154 0.02862
155 0.02777
156 0.02695
157 0.02616
158 0.02539
159 0.02464
160 0.02391
161 0.02320
162 0.02252
163 0.02185
164 0.02120
165 0.02057
166 0.01997
167 0.01937
168 0.01880
169 0.01824
170 0.01770
171 0.01718
172 0.01667
173 0.01617
174 0.01569
175 0.01523
176 0.01478
177 0.01434
178 0.01391
179 0.01350
180 0.01310
181 0.01271
182 0.01233
183 0.01197
184 0.01161
185 0.01127
186 0.01094
187 0.01061
188 0.01030
189 0.00999
190 0.00970
191 0.00941
192 0.00913
193 0.00886
194 0.00860
195 0.00835
196 0.00810
197 0.00786
198 0.00763
199 0.00740
200 0.00719
201 0.00697
202 0.00677
203 0.00657
204 0.00638
205 0.00619
206 0.00601
207 0.00583
208 0.00566
209 0.00549
210 0.00533
211 0.00518
212 0.00503
213 0.00488
214 0.00474
215 0.00460
216 0.00446
217 0.00433
218 0.00421
219 0.00409
220 0.00397
221 0.00385
222 0.00374
223 0.00363
224 0.00353
225 0.00343
226 0.00333
227 0.00323
228 0.00314
229 0.00305
230 0.00296
231 0.00288
232 0.00279
233 0.00271
234 0.00264
235 0.00256
236 0.00249
237 0.00242
238 0.00235
239 0.00228
240 0.00222
241 0.00215
242 0.00209
243 0.00203
244 0.00198
245 0.00192
246 0.00187
247 0.00181
248 0.00176
249 0.00171
250 0.00167
251 0.00162
252 0.00157
253 0.00153
254 0.00149
255 0.00145
256 0.00141
257 0.00137
258 0.00133
259 0.00129
260 0.00126
261 0.00122
262 0.00119
263 0.00116
264 0.00113
265 0.00109
266 0.00106
267 0.00104
268 0.00101
269 0.00098
270 0.00095
271 0.00093
272 0.00090
273 0.00088
274 0.00086
275 0.00083
276 0.00081
277 0.00079
278 0.00077
279 0.00075
280 0.00073
281 0.00071
282 0.00069
283 0.00067
284 0.00065
285 0.00064
286 0.00062
287 0.00060
288 0.00059
289 0.00057
290 0.00056
291 0.00054
292 0.00053
293 0.00052
294 0.00050
295 0.00049
296 0.00048
297 0.00047
298 0.00045
299 0.00044
300 0.00043
301 0.00042
302 0.00041
303 0.00040
304 0.00039
305 0.00038
306 0.00037
307 0.00036
308 0.00035
309 0.00034
310 0.00034
311 0.00033
312 0.00032
313 0.00031
314 0.00030
315 0.00030
316 0.00029
317 0.00028
318 0.00028
319 0.00027
320 0.00026
321 0.00026
322 0.00025
323 0.00024
324 0.00024
325 0.00023
326 0.00023
327 0.00022
328 0.00022
329 0.00021
330 0.00021
331 0.00020
332 0.00020
333 0.00019
334 0.00019
335 0.00018
336 0.00018
337 0.00018
338 0.00017
339 0.00017
340 0.00016
341 0.00016
342 0.00016
343 0.00015
344 0.00015
345 0.00015
346 0.00014
347 0.00014
348 0.00014
349 0.00014
350 0.00013
351 0.00013
352 0.00013
353 0.00012
354 0.00012
355 0.00012
356 0.00012
357 0.00011
358 0.00011
359 0.00011
360 0.00011
361 0.00010
362 0.00010
363 0.00010
364 0.00010
365 0.00010
366 0.00009
367 0.00009
368 0.00009
369 0.00009
370 0.00009
371 0.00009
372 0.00008
373 0.00008
374 0.00008
375 0.00008
376 0.00008
377 0.00008
378 0.00007
379 0.00007
380 0.00007
381 0.00007
382 0.00007
383 0.00007
384 0.00007
385 0.00007
386 0.00006
387 0.00006
388 0.00006
389 0.00006
390 0.00006
391 0.00006
392 0.00006
393 0.00006
394 0.00006
395 0.00005
396 0.00005
397 0.00005
398 0.00005
399 0.00005
400 0.00005
401 0.00005
402 0.00005
403 0.00005
404 0.00005
405 0.00005
406 0.00004
407 0.00004
408 0.00004
409 0.00004
410 0.00004
411 0.00004
412 0.00004
413 0.00004
414 0.00004
415 0.00004
416 0.00004
417 0.00004
418 0.00004
419 0.00004
420 0.00004
421 0.00004
422 0.00003
423 0.00003
424 0.00003
425 0.00003
426 0.00003
427 0.00003
428 0.00003
429 0.00003
430 0.00003
431 0.00003
432 0.00003
433 0.00003
434 0.00003
435 0.00003
436 0.00003
437 0.00003
438 0.00003
439 0.00003
440 0.00003
441 0.00003
442 0.00003
443 0.00003
444 0.00003
445 0.00003
446 0.00003
447 0.00002
448 0.00002
449 0.00002
450 0.00002
451 0.00002
452 0.00002
453 0.00002
454 0.00002
455 0.00002
456 0.00002
457 0.00002
458 0.00002
459 0.00002
460 0.00002
461 0.00002
462 0.00002
463 0.00002
464 0.00002
465 0.00002
466 0.00002
467 0.00002
468 0.00002
469 0.00002
470 0.00002
471 0.00002
472 0.00002
473 0.00002
474 0.00002
475 0.00002
476 0.00002
477 0.00002
478 0.00002
479 0.00002
480 0.00002
481 0.00002
482 0.00002
483 0.00002
484 0.00002
485 0.00002
486 0.00002
487 0.00002
488 0.00002
489 0.00002
490 0.00002
491 0.00002
492 0.00002
493 0.00002
494 0.00002
495 0.00002
496 0.00002
497 0.00002
498 0.00002
499 0.00002
500 0.00001
501 0.00001
502 0.00001
503 0.00001
504 0.00001
505 0.00001
506 0.00001
507 0.00001
508 0.00001
509 0.00001
510 0.00001
511 0.00001
512 0.00001
513 0.00001
514 0.00001
515 0.00001
516 0.00001
517 0.00001
518 0.00001
519 0.00001
520 0.00001
521 0.00001
522 0.00001
523 0.00001
524 0.00001
525 0.00001
526 0.00001
527 0.00001
528 0.00001
529 0.00001
530 0.00001
531 0.00001
532 0.00001
533 0.00001
534 0.00001
535 0.00001
536 0.00001
537 0.00001
538 0.00001
539 0.00001
540 0.00001
541 0.00001
542 0.00001
543 0.00001
544 0.00001
545 0.00001
546 0.00001
547 0.00001
548 0.00001
549 0.00001
550 0.00001
551 0.00001
552 0.00001
553 0.00001
554 0.00001
555 0.00001
556 0.00001
557 0.00001
558 0.00001
559 0.00001
560 0.00001
561 0.00001
562 0.00001
563 0.00001
564 0.00001
565 0.00001
566 0.00001
567 0.00001
568 0.00001
569 0.00001
570 0.00001
571 0.00001
572 0.00001
573 0.00001
574 0.00001
575 0.00001
576 0.00001
577 0.00001
578 0.00001
579 0.00001
580 0.00001
581 0.00001
582 0.00001
583 0.00001
584 0.00001
585 0.00001
586 0.00001
587 0.00001
588 0.00001
589 0.00001
590 0.00001
591 0.00001
592 0.00001
593 0.00001
594 0.00001
595 0.00001
596 0.00001
597 0.00001
598 0.00001
599 0.00001
600 0.00001
601 0.00001
602 0.00001
603 0.00001
604 0.00001
605 0.00001
606 0.00001
607 0.00002
608 0.00002
609 0.00002
610 0.00002
611 0.00002
612 0.00002
613 0.00002
614 0.00002
615 0.00002
616 0.00002
617 0.00002
618 0.00002
619 0.00002
620 0.00002
621 0.00002
622 0.00002
623 0.00002
624 0.00002
625 0.00002
626 0.00002
627 0.00002
628 0.00002
629 0.00002
630 0.00002
631 0.00002
632 0.00002
633 0.00002
634 0.00002
635 0.00002
636 0.00002
637 0.00002
638 0.00002
639 0.00002
640 0.00002
641 0.00002
642 0.00002
643 0.00002
644 0.00002
645 0.00002
646 0.00002
647 0.00002
648 0.00002
649 0.00002
650 0.00002
651 0.00002
652 0.00002
653 0.00002
654 0.00002
655 0.00002
656 0.00003
657 0.00003
658 0.00003
659 0.00003
660 0.00003
661 0.00003
662 0.00003
663 0.00003
664 0.00003
665 0.00003
666 0.00003
667 0.00003
668 0.00003
669 0.00003
670 0.00003
671 0.00003
672 0.00003
673 0.00003
674 0.00003
675 0.00003
676 0.00003
677 0.00004
678 0.00004
679 0.00004
680 0.00004
681 0.00004
682 0.00004
683 0.00004
684 0.00004
685 0.00004
686 0.00004
687 0.00004
688 0.00004
689 0.00004
690 0.00004
691 0.00005
692 0.00005
693 0.00005
694 0.00005
695 0.00005
696 0.00005
697 0.00005
698 0.00005
699 0.00005
700 0.00005
701 0.00006
702 0.00006
703 0.00006
704 0.00006
705 0.00006
706 0.00006
707 0.00006
708 0.00006
709 0.00007
710 0.00007
711 0.00007
712 0.00007
713 0.00007
714 0.00007
715 0.00007
716 0.00008
717 0.00008
718 0.00008
719 0.00008
720 0.00008
721 0.00009
722 0.00009
723 0.00009
724 0.00009
725 0.00009
726 0.00010
727 0.00010
728 0.00010
729 0.00010
730 0.00011
731 0.00011
732 0.00011
733 0.00011
734 0.00012
735 0.00012
736 0.00012
737 0.00013
738 0.00013
739 0.00013
740 0.00014
741 0.00014
742 0.00015
743 0.00015
744 0.00015
745 0.00016
746 0.00016
747 0.00017
748 0.00017
749 0.00018
750 0.00018
751 0.00019
752 0.00019
753 0.00020
754 0.00020
755 0.00021
756 0.00022
757 0.00022
758 0.00023
759 0.00023
760 0.00024
761 0.00025
762 0.00026
763 0.00026
764 0.00027
765 0.00028
766 0.00029
767 0.00030
768 0.00031
769 0.00032
770 0.00033
771 0.00034
772 0.00035
773 0.00036
774 0.00037
775 0.00038
776 0.00040
777 0.00041
778 0.00042
779 0.00044
780 0.00045
781 0.00047
782 0.00048
783 0.00050
784 0.00052
785 0.00053
786 0.00055
787 0.00057
788 0.00059
789 0.00061
790 0.00063
791 0.00065
792 0.00068
793 0.00070
794 0.00073
795 0.00075
796 0.00078
797 0.00081
798 0.00084
799 0.00087
800 0.00090
801 0.00093
802 0.00097
803 0.00100
804 0.00104
805 0.00108
806 0.00112
807 0.00116
808 0.00121
809 0.00125
810 0.00130
811 0.00135
812 0.00140
813 0.00146
814 0.00151
815 0.00157
816 0.00164
817 0.00170
818 0.00177
819 0.00184
820 0.00191
821 0.00199
822 0.00207
823 0.00215
824 0.00224
825 0.00233
826 0.00243
827 0.00253
828 0.00263
829 0.00274
830 0.00286
831 0.00298
832 0.00310
833 0.00323
834 0.00337
835 0.00351
836 0.00366
837 0.00382
838 0.00398
839 0.00416
840 0.00434
841 0.00453
842 0.00472
843 0.00493
844 0.00515
845 0.00538
846 0.00562
847 0.00587
848 0.00613
849 0.00641
850 0.00670
851 0.00700
852 0.00732
853 0.00765
854 0.00800
855 0.00837
856 0.00876
857 0.00917
858 0.00959
859 0.01004
860 0.01051
861 0.01101
862 0.01153
863 0.01208
864 0.01265
865 0.01326
866 0.01389
867 0.01456
868 0.01526
869 0.01600
870 0.01678
871 0.01760
872 0.01847
873 0.01937
874 0.02033
875 0.02134
876 0.02240
877 0.02351
878 0.02469
879 0.02593
880 0.02724
881 0.02862
882 0.03007
883 0.03160
884 0.03321
885 0.03492
886 0.03671
887 0.03861
888 0.04061
889 0.04272
890 0.04495
891 0.04730
892 0.04978
893 0.05240
894 0.05517
895 0.05809
896 0.06118
897 0.06444
898 0.06789
899 0.07153
900 0.07538
901 0.07945
902 0.08375
903 0.08831
904 0.09312
905 0.09821
906 0.10360
907 0.10930
908 0.11533
909 0.12171
910 0.12847
911 0.13562
912 0.14142
913 0.15949
914 0.17331
915 0.18400
916 0.19041
917 0.19361
918 0.19739
919 0.20193
920 0.20747
921 0.21437
922 0.21300
923 0.21164
924 0.22043
925 0.21906
926 0.21769
927 0.22927
928 0.22789
929 0.22651
930 0.22513
931 0.24107
932 0.23967
933 0.23828
934 0.23689
935 0.23550
936 0.23411
937 0.23273
938 0.25596
939 0.25455
940 0.25316
941 0.25176
942 0.25036
943 0.24897
944 0.24757
945 0.24618
946 0.24479
947 0.24340
948 0.24201
949 0.24062
950 0.27743
951 0.27603
952 0.27463
953 0.27323
954 0.27183
955 0.27044
956 0.26904
957 0.26765
958 0.26626
959 0.26487
960 0.26348
961 0.26209
962 0.26070
963 0.25931
964 0.25793
965 0.25654
966 0.25516
967 0.25377
968 0.25239
969 0.25101
970 0.24963
971 0.24825
972 0.24687
973 0.31353
974 0.31215
975 0.31077
976 0.30939
977 0.30801
978 0.30664
979 0.30526
980 0.30389
981 0.30252
982 0.30115
983 0.29977
984 0.29840
985 0.29704
986 0.29567
987 0.29430
988 0.29293
989 0.29157
990 0.29020
991 0.28884
992 0.28748
993 0.28611
994 0.28475
995 0.28339
996 0.28203
997 0.28067
998 0.27931
999 0.27795
1000 0.27659
1001 0.27524
1002 0.27388
1003 0.27252
1004 0.27117
1005 0.26981
1006 0.26846
1007 0.26710
1008 0.26575
1009 0.26439
1010 0.26304
1011 0.26169
1012 0.26033
1013 0.25898
1014 0.25763
1015 0.25627
1016 0.25492
1017 0.25357
1018 0.25222
1019 0.25087
1020 0.24952
1021 0.24817
1022 0.24681
1023 0.24546
1024 0.24411
1025 0.24276
1026 0.39827
1027 0.39698
1028 0.39569
1029 0.39440
1030 0.39312
1031 0.39183
1032 0.39055
1033 0.38927
1034 0.38798
1035 0.38670
1036 0.38542
1037 0.38414
1038 0.38286
1039 0.38159
1040 0.38031
1041 0.37903
1042 0.37776
1043 0.37649
1044 0.37521
1045 0.37394
1046 0.37267
1047 0.37140
1048 0.37013
1049 0.36887
1050 0.36760
1051 0.36633
1052 0.36507
1053 0.36381
1054 0.36254
1055 0.36128
1056 0.36002
1057 0.35876
1058 0.35751
1059 0.35625
1060 0.35499
1061 0.35374
1062 0.35249
1063 0.35123
1064 0.34998
1065 0.34873
1066 0.34749
1067 0.34624
1068 0.34499
1069 0.34375
1070 0.34250
1071 0.34126
1072 0.34002
1073 0.33878
1074 0.33754
1075 0.33630
1076 0.33507
1077 0.33383
1078 0.33260
1079 0.33136
1080 0.33013
1081 0.32890
1082 0.32767
1083 0.32645
1084 0.32522
1085 0.32399
1086 0.32277
1087 0.32155
1088 0.32033
1089 0.31911
1090 0.31789
1091 0.31667
1092 0.31545
1093 0.31424
1094 0.31302
1095 0.31181
1096 0.31060
1097 0.30939
1098 0.30818
1099 0.30697
1100 0.30577
1101 0.30456
1102 0.30336
1103 0.30215
1104 0.30095
1105 0.29975
1106 0.29855
1107 0.29735
1108 0.29616
1109 0.29496
1110 0.29377
1111 0.29257
1112 0.29138
1113 0.29019
1114 0.28900
1115 0.28781
1116 0.28662
1117 0.28544
1118 0.28425
1119 0.28307
1120 0.28188
1121 0.28070
1122 0.27952
1123 0.27834
1124 0.27716
1125 0.27598
1126 0.27481
1127 0.27363
1128 0.27246
1129 0.27128
1130 0.27011
1131 0.26894
1132 0.26776
1133 0.26659
1134 0.26542
1135 0.26426
1136 0.26309
1137 0.26192
1138 0.26075
1139 0.25959
1140 0.25842
1141 0.25726
1142 0.25609
1143 0.25493
1144 0.25377
1145 0.25261
1146 0.25144
1147 0.25028
1148 0.24912
1149 0.24796
1150 0.24680
1151 0.24564
1152 0.24449
1153 0.24333
1154 0.24217
1155 0.24101
1156 0.23985
1157 0.23870
1158 0.23754
1159 0.23638
1160 0.23523
1161 0.23407
1162 0.23291
1163 0.23176
1164 0.23060
1165 0.22944
1166 0.22828
1167 0.22713
1168 0.22597
1169 0.22481
1170 0.22365
1171 0.22250
1172 0.22134
1173 0.22018
1174 0.21902
1175 0.21786
1176 0.21670
1177 0.21554
1178 0.21438
1179 0.21322
1180 0.21205
1181 0.21089
1182 0.20973
1183 0.20856
1184 0.20740
1185 0.20623
1186 0.20507
1187 0.20390
1188 0.20273
1189 0.20156
1190 0.20039
1191 0.19922
1192 0.19804
1193 0.19687
1194 0.19570
1195 0.19452
1196 0.19334
1197 0.19216
1198 0.19098
1199 0.18980
1200 0.18862
1201 0.18744
1202 0.18625
1203 0.18507
1204 0.18388
1205 0.18269
1206 0.18150
1207 0.18031
1208 0.17912
1209 0.17793
1210 0.17673
1211 0.17553
1212 0.17434
1213 0.17314
1214 0.17194
1215 0.17074
1216 1.00000
