17 0.99858
18 0.99846
19 0.99833
20 0.99820
21 0.99806
22 0.99792
23 0.99778
24 0.99764
25 0.99749
26 0.99734
27 0.99719
28 0.99704
29 0.99688
30 0.99672
31 0.99656
32 0.99640
33 0.99623
34 0.99606
35 0.99589
36 0.99572
37 0.99554
38 0.99537
39 0.99519
40 0.99501
41 0.99482
42 0.99464
43 0.99445
44 0.99426
45 0.99407
46 0.99388
47 0.99369
48 0.99349
49 0.99330
50 0.99310
51 0.99290
52 0.99270
53 0.99249
54 0.99229
55 0.99208
56 0.99187
57 0.99166
58 0.99145
59 0.99124
60 0.99103
61 0.99081
62 0.99060
63 0.99038
64 0.99016
65 0.98994
66 0.98972
67 0.98950
68 0.98927
69 0.98905
70 0.98882
71 0.98860
72 0.98837
73 0.98814
74 0.98791
75 0.98768
76 0.98745
77 0.98721
78 0.98698
79 0.98674
80 0.98651
81 0.98627
82 0.98603
83 0.98579
84 0.98556
85 0.98531
86 0.98507
87 0.98483
88 0.98459
89 0.98434
90 0.98410
91 0.98385
92 0.98361
93 0.98336
94 0.98311
95 0.98286
96 0.98261
97 0.98236
98 0.98211
99 0.98186
100 0.98161
101 0.98136
102 0.98110
103 0.98085
104 0.98059
105 0.98034
106 0.98008
107 0.97983
108 0.97957
109 0.97931
110 0.97906
111 0.97880
112 0.97854
113 0.97828
114 0.97802
115 0.97776
116 0.97750
117 0.97723
118 0.97697
119 0.97671
120 0.97645
121 0.97618
122 0.97592
123 0.97566
124 0.97539
125 0.97513
126 0.97486
127 0.97460
128 0.97433
129 0.97406
130 0.97380
131 0.97353
132 0.97326
133 0.97300
134 0.97273
135 0.97246
136 0.97219
137 0.97192
138 0.97165
139 0.97138
140 0.97112
141 0.97085
142 0.97058
143 0.97031
144 0.97004
145 0.96977
146 0.96949
147 0.96922
148 0.96895
149 0.96868
150 0.96841
151 0.96814
152 0.96787
153 0.96759
154 0.96732
155 0.96705
156 0.96678
157 0.96651
158 0.96623
159 0.96596
160 0.96569
161 0.96542
162 0.96514
163 0.96487
164 0.96460
165 0.96433
166 0.96405
167 0.96378
168 0.96351
169 0.96323
170 0.96296
171 0.96269
172 0.96241
173 0.96214
174 0.96187
175 0.96160
176 0.96132
177 0.96105
178 0.96078
179 0.96050
180 0.96023
181 0.95996
182 0.95969
183 0.95941
184 0.95914
185 0.95887
186 0.95860
187 0.95832
188 0.95805
189 0.95778
190 0.95751
191 0.95724
192 0.95697
193 0.95669
194 0.95642
195 0.95615
196 0.95588
197 0.95561
198 0.95534
199 0.95507
200 0.95480
201 0.95453
202 0.95426
203 0.95399
204 0.95372
205 0.95345
206 0.95318
207 0.95291
208 0.95264
209 0.95237
210 0.95210
211 0.95184
212 0.95157
213 0.95130
214 0.95103
215 0.95077
216 0.95050
217 0.95023
218 0.94997
219 0.94970
220 0.94943
221 0.94917
222 0.94890
223 0.94864
224 0.94837
225 0.94811
226 0.94785
227 0.94758
228 0.94732
229 0.94706
230 0.94679
231 0.94653
232 0.94627
233 0.94601
234 0.94574
235 0.94548
236 0.94522
237 0.94496
238 0.94470
239 0.94444
240 0.94418
241 0.94392
242 0.94367
243 0.94341
244 0.94315
245 0.94289
246 0.94263
247 0.94238
248 0.94212
249 0.94187
250 0.94161
251 0.94136
252 0.94110
253 0.94085
254 0.94059
255 0.94034
256 0.94009
257 0.93983
258 0.93958
259 0.93933
260 0.93908
261 0.93883
262 0.93858
263 0.93833
264 0.93808
265 0.93783
266 0.93758
267 0.93733
268 0.93708
269 0.93684
270 0.93659
271 0.93635
272 0.93610
273 0.93585
274 0.93561
275 0.93537
276 0.93512
277 0.93488
278 0.93464
279 0.93439
280 0.93415
281 0.93391
282 0.93367
283 0.93343
284 0.93319
285 0.93295
286 0.93271
287 0.93248
288 0.93224
289 0.93200
290 0.93177
291 0.93153
292 0.93130
293 0.93106
294 0.93083
295 0.93059
296 0.93036
297 0.93013
298 0.92990
299 0.92967
300 0.92943
301 0.92920
302 0.92898
303 0.92875
304 0.92852
305 0.92829
306 0.92806
307 0.92784
308 0.92761
309 0.92739
310 0.92716
311 0.92694
312 0.92671
313 0.92649
314 0.92627
315 0.92605
316 0.92583
317 0.92561
318 0.92539
319 0.92517
320 0.92495
321 0.92473
322 0.92451
323 0.92430
324 0.92408
325 0.92387
326 0.92365
327 0.92344
328 0.92323
329 0.92301
330 0.92280
331 0.92259
332 0.92238
333 0.92217
334 0.92196
335 0.92175
336 0.92154
337 0.92134
338 0.92113
339 0.92092
340 0.92072
341 0.92051
342 0.92031
343 0.92011
344 0.91991
345 0.91970
346 0.91950
347 0.91930
348 0.91910
349 0.91890
350 0.91871
351 0.91851
352 0.91831
353 0.91812
354 0.91792
355 0.91773
356 0.91753
357 0.91734
358 0.91715
359 0.91696
360 0.91677
361 0.91658
362 0.91639
363 0.91620
364 0.91601
365 0.91582
366 0.91564
367 0.91545
368 0.91527
369 0.91508
370 0.91490
371 0.91472
372 0.91453
373 0.91435
374 0.91417
375 0.91399
376 0.91381
377 0.91364
378 0.91346
379 0.91328
380 0.91311
381 0.91293
382 0.91276
383 0.91258
384 0.91241
385 0.91224
386 0.91207
387 0.91190
388 0.91173
389 0.91156
390 0.91139
391 0.91123
392 0.91106
393 0.91089
394 0.91073
395 0.91057
396 0.91040
397 0.91024
398 0.91008
399 0.90992
400 0.90976
401 0.90960
402 0.90944
403 0.90928
404 0.90913
405 0.90897
406 0.90882
407 0.90866
408 0.90851
409 0.90836
410 0.90821
411 0.90806
412 0.90791
413 0.90776
414 0.90761
415 0.90746
416 0.90732
417 0.90717
418 0.90703
419 0.90688
420 0.90674
421 0.90660
422 0.90646
423 0.90632
424 0.90618
425 0.90604
426 0.90590
427 0.90576
428 0.90563
429 0.90549
430 0.90536
431 0.90522
432 0.90509
433 0.90496
434 0.90483
435 0.90470
436 0.90457
437 0.90444
438 0.90431
439 0.90419
440 0.90406
441 0.90394
442 0.90381
443 0.90369
444 0.90357
445 0.90345
446 0.90333
447 0.90321
448 0.90309
449 0.90297
450 0.90286
451 0.90274
452 0.90263
453 0.90251
454 0.90240
455 0.90229
456 0.90218
457 0.90207
458 0.90196
459 0.90185
460 0.90174
461 0.90163
462 0.90153
463 0.90142
464 0.90132
465 0.90122
466 0.90112
467 0.90102
468 0.90092
469 0.90082
470 0.90072
471 0.90062
472 0.90052
473 0.90043
474 0.90034
475 0.90024
476 0.90015
477 0.90006
478 0.89997
479 0.89988
480 0.89979
481 0.89970
482 0.89961
483 0.89953
484 0.89944
485 0.89936
486 0.89928
487 0.89920
488 0.89911
489 0.89904
490 0.89896
491 0.89888
492 0.89880
493 0.89872
494 0.89865
495 0.89858
496 0.89850
497 0.89843
498 0.89836
499 0.89829
500 0.89822
501 0.89815
502 0.89808
503 0.89802
504 0.89795
505 0.89789
506 0.89783
507 0.89776
508 0.89770
509 0.89764
510 0.89758
511 0.89752
512 0.89747
513 0.89741
514 0.89736
515 0.89730
516 0.89725
517 0.89720
518 0.89714
519 0.89709
520 0.89704
521 0.89700
522 0.89695
523 0.89690
524 0.89686
525 0.89681
526 0.89677
527 0.89673
528 0.89669
529 0.89665
530 0.89661
531 0.89657
532 0.89653
533 0.89650
534 0.89646
535 0.89643
536 0.89640
537 0.89636
538 0.89633
539 0.89630
540 0.89628
541 0.89625
542 0.89622
543 0.89620
544 0.89617
545 0.89615
546 0.89613
547 0.89610
548 0.89608
549 0.89607
550 0.89605
551 0.89603
552 0.89601
553 0.89600
554 0.89599
555 0.89597
556 0.89596
557 0.89595
558 0.89594
559 0.89593
560 0.89592
561 0.89592
562 0.89591
563 0.89591
564 0.89591
565 0.89590
566 0.89590
567 0.89590
568 0.89590
569 0.89591
570 0.89591
571 0.89591
572 0.89592
573 0.89593
574 0.89593
575 0.89594
576 0.89595
577 0.89596
578 0.89598
579 0.89599
580 0.89600
581 0.89602
582 0.89604
583 0.89605
584 0.89607
585 0.89609
586 0.89611
587 0.89614
588 0.89616
589 0.89618
590 0.89621
591 0.89624
592 0.89626
593 0.89629
594 0.89632
595 0.89635
596 0.89639
597 0.89642
598 0.89645
599 0.89649
600 0.89653
601 0.89656
602 0.89660
603 0.89664
604 0.89668
605 0.89673
606 0.89677
607 0.89682
608 0.89686
609 0.89691
610 0.89696
611 0.89701
612 0.89706
613 0.89711
614 0.89716
615 0.89721
616 0.89727
617 0.89733
618 0.89738
619 0.89744
620 0.89750
621 0.89756
622 0.89763
623 0.89769
624 0.89775
625 0.89782
626 0.89789
627 0.89795
628 0.89802
629 0.89809
630 0.89816
631 0.89824
632 0.89831
633 0.89839
634 0.89846
635 0.89854
636 0.89862
637 0.89870
638 0.89878
639 0.89886
640 0.89895
641 0.89903
642 0.89912
643 0.89920
644 0.89929
645 0.89938
646 0.89947
647 0.89956
648 0.89966
649 0.89975
650 0.89985
651 0.89994
652 0.90004
653 0.90014
654 0.90024
655 0.90034
656 0.90045
657 0.90055
658 0.90066
659 0.90076
660 0.90087
661 0.90098
662 0.90109
663 0.90120
664 0.90131
665 0.90143
666 0.90154
667 0.90166
668 0.90178
669 0.90190
670 0.90202
671 0.90214
672 0.90226
673 0.90239
674 0.90251
675 0.90264
676 0.90277
677 0.90289
678 0.90302
679 0.90316
680 0.90329
681 0.90342
682 0.90356
683 0.90370
684 0.90383
685 0.90397
686 0.90411
687 0.90426
688 0.90440
689 0.90454
690 0.90469
691 0.90484
692 0.90498
693 0.90513
694 0.90528
695 0.90544
696 0.90559
697 0.90574
698 0.90590
699 0.90606
700 0.90622
701 0.90638
702 0.90654
703 0.90670
704 0.90687
705 0.90703
706 0.90720
707 0.90736
708 0.90753
709 0.90770
710 0.90788
711 0.90805
712 0.90822
713 0.90840
714 0.90858
715 0.90876
716 0.90894
717 0.90912
718 0.90930
719 0.90948
720 0.90967
721 0.90986
722 0.91004
723 0.91023
724 0.91042
725 0.91062
726 0.91081
727 0.91100
728 0.91120
729 0.91140
730 0.91160
731 0.91180
732 0.91200
733 0.91220
734 0.91241
735 0.91261
736 0.91282
737 0.91303
738 0.91324
739 0.91345
740 0.91366
741 0.91388
742 0.91409
743 0.91431
744 0.91453
745 0.91475
746 0.91497
747 0.91519
748 0.91542
749 0.91564
750 0.91587
751 0.91610
752 0.91633
753 0.91656
754 0.91679
755 0.91702
756 0.91726
757 0.91750
758 0.91773
759 0.91797
760 0.91821
761 0.91846
762 0.91870
763 0.91895
764 0.91919
765 0.91944
766 0.91969
767 0.91994
768 0.92020
769 0.92045
770 0.92071
771 0.92096
772 0.92122
773 0.92148
774 0.92174
775 0.92201
776 0.92227
777 0.92254
778 0.92280
779 0.92307
780 0.92334
781 0.92362
782 0.92389
783 0.92416
784 0.92444
785 0.92472
786 0.92500
787 0.92528
788 0.92556
789 0.92584
790 0.92613
791 0.92642
792 0.92671
793 0.92700
794 0.92729
795 0.92758
796 0.92788
797 0.92817
798 0.92847
799 0.92877
800 0.92907
801 0.92937
802 0.92968
803 0.92998
804 0.93029
805 0.93060
806 0.93091
807 0.93122
808 0.93153
809 0.93185
810 0.93216
811 0.93248
812 0.93280
813 0.93312
814 0.93344
815 0.93377
816 0.93409
817 0.93442
818 0.93475
819 0.93508
820 0.93541
821 0.93575
822 0.93608
823 0.93642
824 0.93676
825 0.93710
826 0.93744
827 0.93778
828 0.93813
829 0.93847
830 0.93882
831 0.93917
832 0.93952
833 0.93988
834 0.94023
835 0.94059
836 0.94095
837 0.94131
838 0.94167
839 0.94203
840 0.94240
841 0.94276
842 0.94313
843 0.94350
844 0.94387
845 0.94425
846 0.94462
847 0.94500
848 0.94538
849 0.94576
850 0.94614
851 0.94652
852 0.94690
853 0.94729
854 0.94768
855 0.94807
856 0.94846
857 0.94886
858 0.94925
859 0.94965
860 0.95005
861 0.95045
862 0.95085
863 0.95125
864 0.95166
865 0.95207
866 0.95247
867 0.95289
868 0.95330
869 0.95371
870 0.95413
871 0.95455
872 0.95497
873 0.95539
874 0.95581
875 0.95624
876 0.95666
877 0.95709
878 0.95752
879 0.95795
880 0.95839
881 0.95882
882 0.95926
883 0.95970
884 0.96014
885 0.96058
886 0.96103
887 0.96148
888 0.96192
889 0.96237
890 0.96283
891 0.96328
892 0.96374
893 0.96419
894 0.96465
895 0.96511
896 0.96558
897 0.96604
898 0.96651
899 0.96698
900 0.96745
901 0.96792
902 0.96839
903 0.96887
904 0.96935
905 0.96983
906 0.97031
907 0.97079
908 0.97128
909 0.97177
910 0.97226
911 0.97275
912 0.97314
913 0.97343
914 0.97376
915 0.97408
916 0.97430
917 0.97442
918 0.97457
919 0.97475
920 0.97498
921 0.97528
922 0.97524
923 0.97520
924 0.97558
925 0.97554
926 0.97550
927 0.97600
928 0.97597
929 0.97593
930 0.97589
931 0.97658
932 0.97654
933 0.97650
934 0.97647
935 0.97643
936 0.97640
937 0.97636
938 0.97734
939 0.97731
940 0.97727
941 0.97724
942 0.97720
943 0.97717
944 0.97714
945 0.97710
946 0.97707
947 0.97703
948 0.97700
949 0.97696
950 0.97847
951 0.97844
952 0.97841
953 0.97837
954 0.97834
955 0.97831
956 0.97828
957 0.97824
958 0.97821
959 0.97818
960 0.97815
961 0.97812
962 0.97808
963 0.97805
964 0.97802
965 0.97799
966 0.97795
967 0.97792
968 0.97789
969 0.97786
970 0.97783
971 0.97779
972 0.97776
973 0.98034
974 0.98032
975 0.98029
976 0.98026
977 0.98023
978 0.98020
979 0.98017
980 0.98014
981 0.98012
982 0.98009
983 0.98006
984 0.98003
985 0.98000
986 0.97997
987 0.97994
988 0.97991
989 0.97989
990 0.97986
991 0.97983
992 0.97980
993 0.97977
994 0.97974
995 0.97971
996 0.97968
997 0.97965
998 0.97963
999 0.97960
1000 0.97957
1001 0.97954
1002 0.97951
1003 0.97948
1004 0.97945
1005 0.97942
1006 0.97939
1007 0.97937
1008 0.97934
1009 0.97931
1010 0.97928
1011 0.97925
1012 0.97922
1013 0.97919
1014 0.97916
1015 0.97913
1016 0.97910
1017 0.97907
1018 0.97905
1019 0.97902
1020 0.97899
1021 0.97896
1022 0.97893
1023 0.97890
1024 0.97887
1025 0.97884
1026 0.98431
1027 0.98429
1028 0.98426
1029 0.98424
1030 0.98422
1031 0.98420
1032 0.98418
1033 0.98416
1034 0.98413
1035 0.98411
1036 0.98409
1037 0.98407
1038 0.98405
1039 0.98403
1040 0.98400
1041 0.98398
1042 0.98396
1043 0.98394
1044 0.98392
1045 0.98389
1046 0.98387
1047 0.98385
1048 0.98383
1049 0.98381
1050 0.98378
1051 0.98376
1052 0.98374
1053 0.98372
1054 0.98370
1055 0.98368
1056 0.98365
1057 0.98363
1058 0.98361
1059 0.98359
1060 0.98357
1061 0.98354
1062 0.98352
1063 0.98350
1064 0.98348
1065 0.98346
1066 0.98343
1067 0.98341
1068 0.98339
1069 0.98337
1070 0.98335
1071 0.98332
1072 0.98330
1073 0.98328
1074 0.98326
1075 0.98323
1076 0.98321
1077 0.98319
1078 0.98317
1079 0.98315
1080 0.98312
1081 0.98310
1082 0.98308
1083 0.98306
1084 0.98304
1085 0.98301
1086 0.98299
1087 0.98297
1088 0.98295
1089 0.98292
1090 0.98290
1091 0.98288
1092 0.98286
1093 0.98284
1094 0.98281
1095 0.98279
1096 0.98277
1097 0.98275
1098 0.98272
1099 0.98270
1100 0.98268
1101 0.98266
1102 0.98263
1103 0.98261
1104 0.98259
1105 0.98257
1106 0.98255
1107 0.98252
1108 0.98250
1109 0.98248
1110 0.98246
1111 0.98243
1112 0.98241
1113 0.98239
1114 0.98237
1115 0.98234
1116 0.98232
1117 0.98230
1118 0.98228
1119 0.98225
1120 0.98223
1121 0.98221
1122 0.98219
1123 0.98216
1124 0.98214
1125 0.98212
1126 0.98210
1127 0.98207
1128 0.98205
1129 0.98203
1130 0.98201
1131 0.98198
1132 0.98196
1133 0.98194
1134 0.98192
1135 0.98189
1136 0.98187
1137 0.98185
1138 0.98183
1139 0.98180
1140 0.98178
1141 0.98176
1142 0.98173
1143 0.98171
1144 0.98169
1145 0.98167
1146 0.98164
1147 0.98162
1148 0.98160
1149 0.98158
1150 0.98155
1151 0.98153
1152 0.98151
1153 0.98148
1154 0.98146
1155 0.98144
1156 0.98142
1157 0.98139
1158 0.98137
1159 0.98135
1160 0.98133
1161 0.98130
1162 0.98128
1163 0.98126
1164 0.98123
1165 0.98121
1166 0.98119
1167 0.98117
1168 0.98114
1169 0.98112
1170 0.98110
1171 0.98107
1172 0.98105
1173 0.98103
1174 0.98101
1175 0.98098
1176 0.98096
1177 0.98094
1178 0.98091
1179 0.98089
1180 0.98087
1181 0.98084
1182 0.98082
1183 0.98080
1184 0.98078
1185 0.98075
1186 0.98073
1187 0.98071
1188 0.98068
1189 0.98066
1190 0.98064
1191 0.98061
1192 0.98059
1193 0.98057
1194 0.98055
1195 0.98052
1196 0.98050
1197 0.98048
1198 0.98045
1199 0.98043
1200 0.98041
1201 0.98038
1202 0.98036
1203 0.98034
1204 0.98031
1205 0.98029
1206 0.98027
1207 0.98024
1208 0.98022
1209 0.98020
1210 0.98018
1211 0.98015
1212 0.98013
1213 0.98011
1214 0.98008
1215 0.98006
1216 1.00000
