17 0.97621
18 0.97412
19 0.97199
20 0.96981
21 0.96758
22 0.96531
23 0.96299
24 0.96063
25 0.95823
26 0.95579
27 0.95332
28 0.95081
29 0.94826
30 0.94569
31 0.94308
32 0.94044
33 0.93777
34 0.93507
35 0.93234
36 0.92959
37 0.92681
38 0.92401
39 0.92118
40 0.91833
41 0.91546
42 0.91257
43 0.90965
44 0.90672
45 0.90377
46 0.90080
47 0.89782
48 0.89481
49 0.89180
50 0.88876
51 0.88571
52 0.88265
53 0.87958
54 0.87649
55 0.87339
56 0.87028
57 0.86716
58 0.86403
59 0.86089
60 0.85774
61 0.85458
62 0.85141
63 0.84823
64 0.84505
65 0.84186
66 0.83867
67 0.83547
68 0.83226
69 0.82905
70 0.82584
71 0.82262
72 0.81939
73 0.81617
74 0.81294
75 0.80971
76 0.80648
77 0.80324
78 0.80000
79 0.79677
80 0.79353
81 0.79029
82 0.78705
83 0.78382
84 0.78058
85 0.77734
86 0.77411
87 0.77088
88 0.76764
89 0.76442
90 0.76119
91 0.75797
92 0.75474
93 0.75153
94 0.74831
95 0.74510
96 0.74190
97 0.73869
98 0.73550
99 0.73230
100 0.72912
101 0.72593
102 0.72275
103 0.71958
104 0.71642
105 0.71326
106 0.71010
107 0.70695
108 0.70381
109 0.70068
110 0.69755
111 0.69443
112 0.69131
113 0.68821
114 0.68511
115 0.68202
116 0.67893
117 0.67586
118 0.67279
119 0.66973
120 0.66668
121 0.66364
122 0.66060
123 0.65758
124 0.65456
125 0.65156
126 0.64856
127 0.64557
128 0.64259
129 0.63962
130 0.63666
131 0.63371
132 0.63077
133 0.62784
134 0.62491
135 0.62200
136 0.61910
137 0.61621
138 0.61333
139 0.61046
140 0.60760
141 0.60475
142 0.60191
143 0.59908
144 0.59626
145 0.59345
146 0.59066
147 0.58787
148 0.58510
149 0.58233
150 0.57958
151 0.57684
152 0.57411
153 0.57139
154 0.56868
155 0.56598
156 0.56330
157 0.56062
158 0.55796
159 0.55531
160 0.55267
161 0.55004
162 0.54742
163 0.54481
164 0.54222
165 0.53964
166 0.53706
167 0.53450
168 0.53195
169 0.52942
170 0.52689
171 0.52438
172 0.52188
173 0.51939
174 0.51691
175 0.51444
176 0.51199
177 0.50954
178 0.50711
179 0.50469
180 0.50228
181 0.49988
182 0.49750
183 0.49512
184 0.49276
185 0.49041
186 0.48807
187 0.48575
188 0.48343
189 0.48113
190 0.47884
191 0.47656
192 0.47429
193 0.47203
194 0.46978
195 0.46755
196 0.46533
197 0.46312
198 0.46092
199 0.45873
200 0.45655
201 0.45439
202 0.45224
203 0.45009
204 0.44796
205 0.44584
206 0.44374
207 0.44164
208 0.43955
209 0.43748
210 0.43542
211 0.43337
212 0.43133
213 0.42930
214 0.42728
215 0.42528
216 0.42328
217 0.42130
218 0.41932
219 0.41736
220 0.41541
221 0.41347
222 0.41154
223 0.40962
224 0.40771
225 0.40582
226 0.40393
227 0.40206
228 0.40019
229 0.39834
230 0.39650
231 0.39467
232 0.39284
233 0.39103
234 0.38923
235 0.38744
236 0.38566
237 0.38389
238 0.38214
239 0.38039
240 0.37865
241 0.37692
242 0.37521
243 0.37350
244 0.37180
245 0.37011
246 0.36844
247 0.36677
248 0.36511
249 0.36347
250 0.36183
251 0.36021
252 0.35859
253 0.35698
254 0.35538
255 0.35380
256 0.35222
257 0.35065
258 0.34909
259 0.34754
260 0.34600
261 0.34447
262 0.34295
263 0.34144
264 0.33994
265 0.33845
266 0.33697
267 0.33549
268 0.33403
269 0.33257
270 0.33113
271 0.32969
272 0.32826
273 0.32684
274 0.32543
275 0.32403
276 0.32264
277 0.32126
278 0.31989
279 0.31852
280 0.31716
281 0.31582
282 0.31448
283 0.31315
284 0.31182
285 0.31051
286 0.30920
287 0.30791
288 0.30662
289 0.30534
290 0.30407
291 0.30281
292 0.30155
293 0.30031
294 0.29907
295 0.29784
296 0.29661
297 0.29540
298 0.29419
299 0.29300
300 0.29181
301 0.29062
302 0.28945
303 0.28828
304 0.28713
305 0.28598
306 0.28483
307 0.28370
308 0.28257
309 0.28145
310 0.28034
311 0.27923
312 0.27813
313 0.27704
314 0.27596
315 0.27489
316 0.27382
317 0.27276
318 0.27171
319 0.27066
320 0.26962
321 0.26859
322 0.26756
323 0.26655
324 0.26554
325 0.26453
326 0.26354
327 0.26255
328 0.26157
329 0.26059
330 0.25962
331 0.25866
332 0.25771
333 0.25676
334 0.25582
335 0.25488
336 0.25395
337 0.25303
338 0.25212
339 0.25121
340 0.25031
341 0.24941
342 0.24852
343 0.24764
344 0.24676
345 0.24589
346 0.24503
347 0.24417
348 0.24332
349 0.24248
350 0.24164
351 0.24081
352 0.23998
353 0.23916
354 0.23834
355 0.23754
356 0.23673
357 0.23594
358 0.23515
359 0.23436
360 0.23359
361 0.23281
362 0.23205
363 0.23129
364 0.23053
365 0.22978
366 0.22904
367 0.22830
368 0.22757
369 0.22684
370 0.22612
371 0.22541
372 0.22470
373 0.22399
374 0.22329
375 0.22260
376 0.22191
377 0.22123
378 0.22055
379 0.21988
380 0.21921
381 0.21855
382 0.21790
383 0.21725
384 0.21660
385 0.21596
386 0.21533
387 0.21470
388 0.21407
389 0.21345
390 0.21284
391 0.21223
392 0.21162
393 0.21103
394 0.21043
395 0.20984
396 0.20926
397 0.20868
398 0.20810
399 0.20753
400 0.20697
401 0.20641
402 0.20585
403 0.20530
404 0.20476
405 0.20422
406 0.20368
407 0.20315
408 0.20262
409 0.20210
410 0.20158
411 0.20107
412 0.20056
413 0.20006
414 0.19956
415 0.19907
416 0.19858
417 0.19809
418 0.19761
419 0.19713
420 0.19666
421 0.19620
422 0.19573
423 0.19527
424 0.19482
425 0.19437
426 0.19392
427 0.19348
428 0.19305
429 0.19261
430 0.19219
431 0.19176
432 0.19134
433 0.19093
434 0.19052
435 0.19011
436 0.18971
437 0.18931
438 0.18891
439 0.18852
440 0.18814
441 0.18775
442 0.18737
443 0.18700
444 0.18663
445 0.18627
446 0.18590
447 0.18555
448 0.18519
449 0.18484
450 0.18450
451 0.18415
452 0.18382
453 0.18348
454 0.18315
455 0.18283
456 0.18250
457 0.18219
458 0.18187
459 0.18156
460 0.18126
461 0.18095
462 0.18065
463 0.18036
464 0.18007
465 0.17978
466 0.17950
467 0.17922
468 0.17894
469 0.17867
470 0.17840
471 0.17814
472 0.17788
473 0.17762
474 0.17736
475 0.17711
476 0.17687
477 0.17663
478 0.17639
479 0.17615
480 0.17592
481 0.17569
482 0.17547
483 0.17525
484 0.17503
485 0.17482
486 0.17461
487 0.17441
488 0.17420
489 0.17401
490 0.17381
491 0.17362
492 0.17343
493 0.17325
494 0.17307
495 0.17289
496 0.17272
497 0.17255
498 0.17238
499 0.17222
500 0.17206
501 0.17191
502 0.17176
503 0.17161
504 0.17146
505 0.17132
506 0.17118
507 0.17105
508 0.17092
509 0.17079
510 0.17067
511 0.17055
512 0.17043
513 0.17032
514 0.17021
515 0.17011
516 0.17001
517 0.16991
518 0.16981
519 0.16972
520 0.16963
521 0.16955
522 0.16947
523 0.16939
524 0.16932
525 0.16925
526 0.16918
527 0.16912
528 0.16906
529 0.16900
530 0.16895
531 0.16890
532 0.16885
533 0.16881
534 0.16877
535 0.16874
536 0.16871
537 0.16868
538 0.16866
539 0.16864
540 0.16862
541 0.16861
542 0.16860
543 0.16859
544 0.16859
545 0.16859
546 0.16859
547 0.16860
548 0.16861
549 0.16863
550 0.16865
551 0.16867
552 0.16870
553 0.16873
554 0.16876
555 0.16880
556 0.16884
557 0.16888
558 0.16893
559 0.16898
560 0.16904
561 0.16910
562 0.16916
563 0.16923
564 0.16930
565 0.16938
566 0.16945
567 0.16954
568 0.16962
569 0.16971
570 0.16980
571 0.16990
572 0.17000
573 0.17011
574 0.17022
575 0.17033
576 0.17044
577 0.17056
578 0.17069
579 0.17082
580 0.17095
581 0.17108
582 0.17122
583 0.17137
584 0.17152
585 0.17167
586 0.17182
587 0.17198
588 0.17215
589 0.17231
590 0.17249
591 0.17266
592 0.17284
593 0.17303
594 0.17322
595 0.17341
596 0.17360
597 0.17381
598 0.17401
599 0.17422
600 0.17443
601 0.17465
602 0.17487
603 0.17510
604 0.17533
605 0.17557
606 0.17581
607 0.17605
608 0.17630
609 0.17655
610 0.17681
611 0.17707
612 0.17734
613 0.17761
614 0.17788
615 0.17817
616 0.17845
617 0.17874
618 0.17903
619 0.17933
620 0.17964
621 0.17994
622 0.18026
623 0.18057
624 0.18090
625 0.18122
626 0.18156
627 0.18189
628 0.18224
629 0.18258
630 0.18294
631 0.18329
632 0.18366
633 0.18402
634 0.18440
635 0.18477
636 0.18516
637 0.18555
638 0.18594
639 0.18634
640 0.18674
641 0.18715
642 0.18757
643 0.18799
644 0.18841
645 0.18884
646 0.18928
647 0.18972
648 0.19017
649 0.19062
650 0.19107
651 0.19154
652 0.19200
653 0.19247
654 0.19295
655 0.19344
656 0.19393
657 0.19442
658 0.19492
659 0.19543
660 0.19594
661 0.19646
662 0.19698
663 0.19751
664 0.19804
665 0.19859
666 0.19913
667 0.19969
668 0.20025
669 0.20082
670 0.20139
671 0.20197
672 0.20255
673 0.20314
674 0.20374
675 0.20435
676 0.20496
677 0.20558
678 0.20620
679 0.20683
680 0.20747
681 0.20812
682 0.20877
683 0.20943
684 0.21010
685 0.21078
686 0.21146
687 0.21215
688 0.21284
689 0.21354
690 0.21425
691 0.21497
692 0.21569
693 0.21643
694 0.21717
695 0.21791
696 0.21867
697 0.21943
698 0.22021
699 0.22099
700 0.22178
701 0.22257
702 0.22338
703 0.22419
704 0.22502
705 0.22585
706 0.22669
707 0.22754
708 0.22840
709 0.22926
710 0.23014
711 0.23102
712 0.23192
713 0.23282
714 0.23374
715 0.23466
716 0.23559
717 0.23654
718 0.23749
719 0.23845
720 0.23942
721 0.24041
722 0.24140
723 0.24240
724 0.24342
725 0.24444
726 0.24546
727 0.24650
728 0.24754
729 0.24860
730 0.24967
731 0.25074
732 0.25183
733 0.25293
734 0.25405
735 0.25517
736 0.25631
737 0.25745
738 0.25861
739 0.25978
740 0.26096
741 0.26216
742 0.26337
743 0.26458
744 0.26582
745 0.26706
746 0.26832
747 0.26959
748 0.27087
749 0.27217
750 0.27348
751 0.27480
752 0.27614
753 0.27749
754 0.27886
755 0.28023
756 0.28163
757 0.28303
758 0.28446
759 0.28589
760 0.28734
761 0.28881
762 0.29029
763 0.29179
764 0.29330
765 0.29483
766 0.29637
767 0.29793
768 0.29950
769 0.30110
770 0.30271
771 0.30433
772 0.30597
773 0.30763
774 0.30931
775 0.31100
776 0.31271
777 0.31444
778 0.31619
779 0.31795
780 0.31974
781 0.32154
782 0.32336
783 0.32520
784 0.32706
785 0.32894
786 0.33083
787 0.33275
788 0.33469
789 0.33665
790 0.33863
791 0.34063
792 0.34265
793 0.34469
794 0.34676
795 0.34884
796 0.35095
797 0.35308
798 0.35523
799 0.35741
800 0.35961
801 0.36183
802 0.36408
803 0.36635
804 0.36864
805 0.37096
806 0.37330
807 0.37567
808 0.37806
809 0.38048
810 0.38293
811 0.38540
812 0.38790
813 0.39042
814 0.39298
815 0.39555
816 0.39816
817 0.40080
818 0.40346
819 0.40616
820 0.40888
821 0.41163
822 0.41442
823 0.41723
824 0.42007
825 0.42295
826 0.42585
827 0.42879
828 0.43176
829 0.43477
830 0.43780
831 0.44087
832 0.44398
833 0.44711
834 0.45029
835 0.45350
836 0.45674
837 0.46002
838 0.46334
839 0.46669
840 0.47008
841 0.47351
842 0.47698
843 0.48048
844 0.48403
845 0.48761
846 0.49124
847 0.49491
848 0.49862
849 0.50237
850 0.50616
851 0.51000
852 0.51388
853 0.51780
854 0.52177
855 0.52578
856 0.52985
857 0.53395
858 0.53811
859 0.54228
860 0.54646
861 0.55069
862 0.55497
863 0.55929
864 0.56367
865 0.56809
866 0.57257
867 0.57710
868 0.58168
869 0.58631
870 0.59100
871 0.59574
872 0.60053
873 0.60538
874 0.61029
875 0.61526
876 0.62028
877 0.62536
878 0.63050
879 0.63571
880 0.64097
881 0.64629
882 0.65168
883 0.65713
884 0.66265
885 0.66823
886 0.67388
887 0.67959
888 0.68537
889 0.69123
890 0.69715
891 0.70314
892 0.70920
893 0.71534
894 0.72155
895 0.72784
896 0.73420
897 0.74064
898 0.74716
899 0.75375
900 0.76043
901 0.76719
902 0.77403
903 0.78095
904 0.78796
905 0.79505
906 0.80223
907 0.80950
908 0.81686
909 0.82431
910 0.83185
911 0.83949
912 0.84556
913 0.84751
914 0.84975
915 0.85193
916 0.85337
917 0.85406
918 0.85497
919 0.85615
920 0.85768
921 0.85969
922 0.85918
923 0.85867
924 0.86134
925 0.86083
926 0.86033
927 0.86394
928 0.86345
929 0.86296
930 0.86246
931 0.86749
932 0.86702
933 0.86654
934 0.86606
935 0.86558
936 0.86509
937 0.86461
938 0.87194
939 0.87148
940 0.87102
941 0.87056
942 0.87010
943 0.86963
944 0.86917
945 0.86870
946 0.86823
947 0.86777
948 0.86730
949 0.86683
950 0.87826
951 0.87782
952 0.87739
953 0.87695
954 0.87652
955 0.87608
956 0.87564
957 0.87520
958 0.87476
959 0.87432
960 0.87388
961 0.87344
962 0.87299
963 0.87255
964 0.87210
965 0.87166
966 0.87121
967 0.87076
968 0.87031
969 0.86986
970 0.86941
971 0.86896
972 0.86850
973 0.88840
974 0.88801
975 0.88762
976 0.88723
977 0.88683
978 0.88644
979 0.88605
980 0.88565
981 0.88526
982 0.88486
983 0.88446
984 0.88406
985 0.88366
986 0.88326
987 0.88286
988 0.88246
989 0.88206
990 0.88165
991 0.88125
992 0.88084
993 0.88043
994 0.88003
995 0.87962
996 0.87921
997 0.87880
998 0.87839
999 0.87798
1000 0.87756
1001 0.87715
1002 0.87674
1003 0.87632
1004 0.87590
1005 0.87549
1006 0.87507
1007 0.87465
1008 0.87423
1009 0.87381
1010 0.87339
1011 0.87296
1012 0.87254
1013 0.87212
1014 0.87169
1015 0.87127
1016 0.87084
1017 0.87041
1018 0.86998
1019 0.86955
1020 0.86912
1021 0.86869
1022 0.86826
1023 0.86783
1024 0.86739
1025 0.86696
1026 0.90961
1027 0.90931
1028 0.90900
1029 0.90870
1030 0.90839
1031 0.90809
1032 0.90778
1033 0.90747
1034 0.90717
1035 0.90686
1036 0.90655
1037 0.90624
1038 0.90593
1039 0.90562
1040 0.90531
1041 0.90499
1042 0.90468
1043 0.90437
1044 0.90405
1045 0.90374
1046 0.90342
1047 0.90310
1048 0.90279
1049 0.90247
1050 0.90215
1051 0.90183
1052 0.90151
1053 0.90119
1054 0.90087
1055 0.90055
1056 0.90022
1057 0.89990
1058 0.89958
1059 0.89925
1060 0.89893
1061 0.89860
1062 0.89827
1063 0.89795
1064 0.89762
1065 0.89729
1066 0.89696
1067 0.89663
1068 0.89630
1069 0.89597
1070 0.89563
1071 0.89530
1072 0.89497
1073 0.89463
1074 0.89430
1075 0.89396
1076 0.89363
1077 0.89329
1078 0.89295
1079 0.89261
1080 0.89227
1081 0.89193
1082 0.89159
1083 0.89125
1084 0.89091
1085 0.89057
1086 0.89022
1087 0.88988
1088 0.88954
1089 0.88919
1090 0.88884
1091 0.88850
1092 0.88815
1093 0.88780
1094 0.88745
1095 0.88710
1096 0.88675
1097 0.88640
1098 0.88605
1099 0.88570
1100 0.88535
1101 0.88499
1102 0.88464
1103 0.88428
1104 0.88393
1105 0.88357
1106 0.88321
1107 0.88286
1108 0.88250
1109 0.88214
1110 0.88178
1111 0.88142
1112 0.88106
1113 0.88069
1114 0.88033
1115 0.87997
1116 0.87960
1117 0.87924
1118 0.87887
1119 0.87851
1120 0.87814
1121 0.87777
1122 0.87740
1123 0.87703
1124 0.87667
1125 0.87629
1126 0.87592
1127 0.87555
1128 0.87518
1129 0.87481
1130 0.87443
1131 0.87406
1132 0.87368
1133 0.87331
1134 0.87293
1135 0.87255
1136 0.87217
1137 0.87179
1138 0.87141
1139 0.87103
1140 0.87065
1141 0.87027
1142 0.86989
1143 0.86951
1144 0.86912
1145 0.86874
1146 0.86835
1147 0.86797
1148 0.86758
1149 0.86719
1150 0.86680
1151 0.86642
1152 0.86603
1153 0.86564
1154 0.86525
1155 0.86485
1156 0.86446
1157 0.86407
1158 0.86367
1159 0.86328
1160 0.86289
1161 0.86249
1162 0.86209
1163 0.86170
1164 0.86130
1165 0.86090
1166 0.86050
1167 0.86010
1168 0.85970
1169 0.85930
1170 0.85890
1171 0.85849
1172 0.85809
1173 0.85768
1174 0.85728
1175 0.85687
1176 0.85647
1177 0.85606
1178 0.85565
1179 0.85524
1180 0.85483
1181 0.85442
1182 0.85401
1183 0.85360
1184 0.85319
1185 0.85278
1186 0.85236
1187 0.85195
1188 0.85153
1189 0.85112
1190 0.85070
1191 0.85029
1192 0.84987
1193 0.84945
1194 0.84903
1195 0.84861
1196 0.84819
1197 0.84777
1198 0.84735
1199 0.84692
1200 0.84650
1201 0.84608
1202 0.84565
1203 0.84523
1204 0.84480
1205 0.84437
1206 0.84395
1207 0.84352
1208 0.84309
1209 0.84266
1210 0.84223
1211 0.84180
1212 0.84136
1213 0.84093
1214 0.84050
1215 0.84006
1216 1.00000
