17 0.99856
18 0.99842
19 0.99828
20 0.99813
21 0.99798
22 0.99783
23 0.99767
24 0.99750
25 0.99733
26 0.99716
27 0.99698
28 0.99680
29 0.99661
30 0.99642
31 0.99623
32 0.99603
33 0.99583
34 0.99562
35 0.99541
36 0.99520
37 0.99499
38 0.99477
39 0.99454
40 0.99431
41 0.99408
42 0.99385
43 0.99361
44 0.99337
45 0.99313
46 0.99288
47 0.99263
48 0.99237
49 0.99212
50 0.99186
51 0.99159
52 0.99132
53 0.99105
54 0.99078
55 0.99051
56 0.99023
57 0.98994
58 0.98966
59 0.98937
60 0.98908
61 0.98879
62 0.98849
63 0.98819
64 0.98789
65 0.98759
66 0.98728
67 0.98697
68 0.98665
69 0.98634
70 0.98602
71 0.98570
72 0.98538
73 0.98505
74 0.98472
75 0.98439
76 0.98406
77 0.98372
78 0.98339
79 0.98305
80 0.98270
81 0.98236
82 0.98201
83 0.98166
84 0.98131
85 0.98095
86 0.98060
87 0.98024
88 0.97988
89 0.97951
90 0.97915
91 0.97878
92 0.97841
93 0.97804
94 0.97767
95 0.97729
96 0.97691
97 0.97653
98 0.97615
99 0.97577
100 0.97538
101 0.97499
102 0.97460
103 0.97421
104 0.97382
105 0.97342
106 0.97302
107 0.97262
108 0.97222
109 0.97182
110 0.97142
111 0.97101
112 0.97060
113 0.97019
114 0.96978
115 0.96937
116 0.96895
117 0.96854
118 0.96812
119 0.96770
120 0.96728
121 0.96686
122 0.96643
123 0.96601
124 0.96558
125 0.96515
126 0.96472
127 0.96429
128 0.96385
129 0.96342
130 0.96298
131 0.96255
132 0.96211
133 0.96167
134 0.96123
135 0.96078
136 0.96034
137 0.95989
138 0.95945
139 0.95900
140 0.95855
141 0.95810
142 0.95765
143 0.95719
144 0.95674
145 0.95628
146 0.95583
147 0.95537
148 0.95491
149 0.95445
150 0.95399
151 0.95353
152 0.95306
153 0.95260
154 0.95213
155 0.95167
156 0.95120
157 0.95073
158 0.95026
159 0.94979
160 0.94932
161 0.94885
162 0.94838
163 0.94790
164 0.94743
165 0.94695
166 0.94647
167 0.94600
168 0.94552
169 0.94504
170 0.94456
171 0.94408
172 0.94360
173 0.94311
174 0.94263
175 0.94215
176 0.94166
177 0.94118
178 0.94069
179 0.94020
180 0.93972
181 0.93923
182 0.93874
183 0.93825
184 0.93776
185 0.93727
186 0.93678
187 0.93629
188 0.93579
189 0.93530
190 0.93481
191 0.93431
192 0.93382
193 0.93332
194 0.93283
195 0.93233
196 0.93184
197 0.93134
198 0.93084
199 0.93034
200 0.92984
201 0.92935
202 0.92885
203 0.92835
204 0.92785
205 0.92735
206 0.92685
207 0.92635
208 0.92585
209 0.92534
210 0.92484
211 0.92434
212 0.92384
213 0.92333
214 0.92283
215 0.92233
216 0.92183
217 0.92132
218 0.92082
219 0.92031
220 0.91981
221 0.91931
222 0.91880
223 0.91830
224 0.91779
225 0.91729
226 0.91678
227 0.91628
228 0.91577
229 0.91527
230 0.91476
231 0.91426
232 0.91375
233 0.91325
234 0.91274
235 0.91223
236 0.91173
237 0.91122
238 0.91072
239 0.91021
240 0.90971
241 0.90920
242 0.90870
243 0.90819
244 0.90769
245 0.90718
246 0.90668
247 0.90617
248 0.90567
249 0.90516
250 0.90466
251 0.90415
252 0.90365
253 0.90315
254 0.90264
255 0.90214
256 0.90164
257 0.90113
258 0.90063
259 0.90013
260 0.89962
261 0.89912
262 0.89862
263 0.89812
264 0.89762
265 0.89712
266 0.89662
267 0.89612
268 0.89562
269 0.89512
270 0.89462
271 0.89412
272 0.89362
273 0.89312
274 0.89262
275 0.89212
276 0.89163
277 0.89113
278 0.89063
279 0.89014
280 0.88964
281 0.88915
282 0.88865
283 0.88816
284 0.88767
285 0.88717
286 0.88668
287 0.88619
288 0.88570
289 0.88521
290 0.88471
291 0.88422
292 0.88373
293 0.88325
294 0.88276
295 0.88227
296 0.88178
297 0.88130
298 0.88081
299 0.88032
300 0.87984
301 0.87935
302 0.87887
303 0.87839
304 0.87791
305 0.87742
306 0.87694
307 0.87646
308 0.87598
309 0.87550
310 0.87503
311 0.87455
312 0.87407
313 0.87360
314 0.87312
315 0.87265
316 0.87217
317 0.87170
318 0.87123
319 0.87075
320 0.87028
321 0.86981
322 0.86934
323 0.86888
324 0.86841
325 0.86794
326 0.86747
327 0.86701
328 0.86655
329 0.86608
330 0.86562
331 0.86516
332 0.86470
333 0.86424
334 0.86378
335 0.86332
336 0.86286
337 0.86241
338 0.86195
339 0.86150
340 0.86104
341 0.86059
342 0.86014
343 0.85969
344 0.85924
345 0.85879
346 0.85834
347 0.85789
348 0.85745
349 0.85700
350 0.85656
351 0.85612
352 0.85567
353 0.85523
354 0.85479
355 0.85435
356 0.85392
357 0.85348
358 0.85304
359 0.85261
360 0.85218
361 0.85174
362 0.85131
363 0.85088
364 0.85045
365 0.85003
366 0.84960
367 0.84917
368 0.84875
369 0.84833
370 0.84790
371 0.84748
372 0.84706
373 0.84664
374 0.84623
375 0.84581
376 0.84539
377 0.84498
378 0.84457
379 0.84416
380 0.84375
381 0.84334
382 0.84293
383 0.84252
384 0.84212
385 0.84171
386 0.84131
387 0.84091
388 0.84051
389 0.84011
390 0.83971
391 0.83931
392 0.83892
393 0.83852
394 0.83813
395 0.83774
396 0.83735
397 0.83696
398 0.83657
399 0.83619
400 0.83580
401 0.83542
402 0.83504
403 0.83466
404 0.83428
405 0.83390
406 0.83353
407 0.83315
408 0.83278
409 0.83240
410 0.83203
411 0.83166
412 0.83130
413 0.83093
414 0.83056
415 0.83020
416 0.82984
417 0.82948
418 0.82912
419 0.82876
420 0.82841
421 0.82805
422 0.82770
423 0.82735
424 0.82699
425 0.82665
426 0.82630
427 0.82595
428 0.82561
429 0.82527
430 0.82492
431 0.82459
432 0.82425
433 0.82391
434 0.82358
435 0.82324
436 0.82291
437 0.82258
438 0.82225
439 0.82192
440 0.82160
441 0.82127
442 0.82095
443 0.82063
444 0.82031
445 0.81999
446 0.81968
447 0.81936
448 0.81905
449 0.81874
450 0.81843
451 0.81812
452 0.81782
453 0.81751
454 0.81721
455 0.81691
456 0.81661
457 0.81631
458 0.81602
459 0.81572
460 0.81543
461 0.81514
462 0.81485
463 0.81457
464 0.81428
465 0.81400
466 0.81371
467 0.81343
468 0.81316
469 0.81288
470 0.81260
471 0.81233
472 0.81206
473 0.81179
474 0.81152
475 0.81126
476 0.81099
477 0.81073
478 0.81047
479 0.81021
480 0.80995
481 0.80970
482 0.80945
483 0.80920
484 0.80895
485 0.80870
486 0.80845
487 0.80821
488 0.80797
489 0.80773
490 0.80749
491 0.80725
492 0.80702
493 0.80679
494 0.80655
495 0.80633
496 0.80610
497 0.80587
498 0.80565
499 0.80543
500 0.80521
501 0.80499
502 0.80478
503 0.80457
504 0.80436
505 0.80415
506 0.80394
507 0.80373
508 0.80353
509 0.80333
510 0.80313
511 0.80293
512 0.80274
513 0.80254
514 0.80235
515 0.80216
516 0.80198
517 0.80179
518 0.80161
519 0.80143
520 0.80125
521 0.80107
522 0.80090
523 0.80073
524 0.80056
525 0.80039
526 0.80022
527 0.80006
528 0.79990
529 0.79974
530 0.79958
531 0.79942
532 0.79927
533 0.79912
534 0.79897
535 0.79882
536 0.79868
537 0.79853
538 0.79839
539 0.79825
540 0.79812
541 0.79798
542 0.79785
543 0.79772
544 0.79760
545 0.79747
546 0.79735
547 0.79723
548 0.79711
549 0.79699
550 0.79688
551 0.79677
552 0.79666
553 0.79655
554 0.79645
555 0.79634
556 0.79624
557 0.79614
558 0.79605
559 0.79595
560 0.79586
561 0.79577
562 0.79569
563 0.79560
564 0.79552
565 0.79544
566 0.79537
567 0.79529
568 0.79522
569 0.79515
570 0.79508
571 0.79502
572 0.79495
573 0.79489
574 0.79483
575 0.79478
576 0.79473
577 0.79467
578 0.79463
579 0.79458
580 0.79454
581 0.79450
582 0.79446
583 0.79442
584 0.79439
585 0.79436
586 0.79433
587 0.79430
588 0.79428
589 0.79426
590 0.79424
591 0.79422
592 0.79421
593 0.79420
594 0.79419
595 0.79418
596 0.79418
597 0.79418
598 0.79418
599 0.79418
600 0.79419
601 0.79420
602 0.79421
603 0.79423
604 0.79424
605 0.79426
606 0.79429
607 0.79431
608 0.79434
609 0.79437
610 0.79440
611 0.79444
612 0.79448
613 0.79452
614 0.79456
615 0.79461
616 0.79466
617 0.79471
618 0.79476
619 0.79482
620 0.79488
621 0.79494
622 0.79501
623 0.79508
624 0.79515
625 0.79522
626 0.79530
627 0.79538
628 0.79546
629 0.79554
630 0.79563
631 0.79572
632 0.79581
633 0.79591
634 0.79601
635 0.79611
636 0.79622
637 0.79632
638 0.79643
639 0.79655
640 0.79666
641 0.79678
642 0.79691
643 0.79703
644 0.79716
645 0.79729
646 0.79742
647 0.79756
648 0.79770
649 0.79784
650 0.79799
651 0.79814
652 0.79829
653 0.79844
654 0.79860
655 0.79876
656 0.79892
657 0.79909
658 0.79926
659 0.79943
660 0.79961
661 0.79979
662 0.79997
663 0.80015
664 0.80034
665 0.80053
666 0.80073
667 0.80093
668 0.80113
669 0.80133
670 0.80154
671 0.80175
672 0.80196
673 0.80218
674 0.80240
675 0.80262
676 0.80285
677 0.80308
678 0.80331
679 0.80354
680 0.80378
681 0.80403
682 0.80427
683 0.80452
684 0.80477
685 0.80503
686 0.80529
687 0.80555
688 0.80581
689 0.80608
690 0.80636
691 0.80663
692 0.80691
693 0.80719
694 0.80748
695 0.80777
696 0.80806
697 0.80836
698 0.80865
699 0.80896
700 0.80926
701 0.80957
702 0.80989
703 0.81020
704 0.81052
705 0.81085
706 0.81117
707 0.81151
708 0.81184
709 0.81218
710 0.81252
711 0.81286
712 0.81321
713 0.81357
714 0.81392
715 0.81428
716 0.81464
717 0.81501
718 0.81538
719 0.81576
720 0.81613
721 0.81652
722 0.81690
723 0.81729
724 0.81768
725 0.81808
726 0.81848
727 0.81888
728 0.81929
729 0.81970
730 0.82012
731 0.82054
732 0.82096
733 0.82139
734 0.82182
735 0.82225
736 0.82269
737 0.82314
738 0.82358
739 0.82403
740 0.82449
741 0.82495
742 0.82541
743 0.82588
744 0.82635
745 0.82682
746 0.82730
747 0.82778
748 0.82827
749 0.82876
750 0.82925
751 0.82975
752 0.83025
753 0.83076
754 0.83127
755 0.83179
756 0.83231
757 0.83283
758 0.83336
759 0.83389
760 0.83443
761 0.83497
762 0.83551
763 0.83606
764 0.83662
765 0.83717
766 0.83774
767 0.83830
768 0.83887
769 0.83945
770 0.84003
771 0.84061
772 0.84120
773 0.84179
774 0.84239
775 0.84299
776 0.84360
777 0.84421
778 0.84482
779 0.84544
780 0.84607
781 0.84670
782 0.84733
783 0.84797
784 0.84861
785 0.84926
786 0.84991
787 0.85057
788 0.85123
789 0.85189
790 0.85257
791 0.85324
792 0.85392
793 0.85461
794 0.85530
795 0.85599
796 0.85669
797 0.85740
798 0.85810
799 0.85882
800 0.85954
801 0.86026
802 0.86099
803 0.86172
804 0.86246
805 0.86321
806 0.86396
807 0.86471
808 0.86547
809 0.86623
810 0.86700
811 0.86778
812 0.86856
813 0.86934
814 0.87013
815 0.87093
816 0.87173
817 0.87253
818 0.87334
819 0.87416
820 0.87498
821 0.87581
822 0.87664
823 0.87748
824 0.87832
825 0.87917
826 0.88002
827 0.88088
828 0.88174
829 0.88261
830 0.88349
831 0.88437
832 0.88526
833 0.88615
834 0.88705
835 0.88795
836 0.88886
837 0.88978
838 0.89070
839 0.89162
840 0.89255
841 0.89349
842 0.89444
843 0.89539
844 0.89634
845 0.89730
846 0.89827
847 0.89924
848 0.90022
849 0.90121
850 0.90220
851 0.90320
852 0.90420
853 0.90521
854 0.90622
855 0.90724
856 0.90827
857 0.90931
858 0.91035
859 0.91139
860 0.91244
861 0.91350
862 0.91457
863 0.91564
864 0.91672
865 0.91780
866 0.91889
867 0.91999
868 0.92109
869 0.92220
870 0.92332
871 0.92444
872 0.92557
873 0.92671
874 0.92785
875 0.92900
876 0.93016
877 0.93132
878 0.93249
879 0.93367
880 0.93485
881 0.93604
882 0.93724
883 0.93845
884 0.93966
885 0.94088
886 0.94210
887 0.94333
888 0.94457
889 0.94582
890 0.94707
891 0.94833
892 0.94960
893 0.95088
894 0.95216
895 0.95345
896 0.95475
897 0.95605
898 0.95736
899 0.95868
900 0.96001
901 0.96135
902 0.96269
903 0.96404
904 0.96540
905 0.96676
906 0.96813
907 0.96951
908 0.97090
909 0.97230
910 0.97370
911 0.97511
912 0.97624
913 0.97650
914 0.97679
915 0.97707
916 0.97727
917 0.97738
918 0.97751
919 0.97767
920 0.97788
921 0.97814
922 0.97810
923 0.97807
924 0.97840
925 0.97837
926 0.97834
927 0.97878
928 0.97875
929 0.97872
930 0.97868
931 0.97929
932 0.97926
933 0.97922
934 0.97919
935 0.97916
936 0.97913
937 0.97910
938 0.97997
939 0.97994
940 0.97990
941 0.97987
942 0.97984
943 0.97981
944 0.97978
945 0.97975
946 0.97972
947 0.97969
948 0.97966
949 0.97963
950 0.98096
951 0.98094
952 0.98091
953 0.98088
954 0.98085
955 0.98082
956 0.98079
957 0.98077
958 0.98074
959 0.98071
960 0.98068
961 0.98065
962 0.98062
963 0.98059
964 0.98057
965 0.98054
966 0.98051
967 0.98048
968 0.98045
969 0.98042
970 0.98039
971 0.98037
972 0.98034
973 0.98262
974 0.98260
975 0.98257
976 0.98255
977 0.98252
978 0.98250
979 0.98247
980 0.98245
981 0.98242
982 0.98240
983 0.98237
984 0.98235
985 0.98232
986 0.98229
987 0.98227
988 0.98224
989 0.98222
990 0.98219
991 0.98217
992 0.98214
993 0.98212
994 0.98209
995 0.98206
996 0.98204
997 0.98201
998 0.98199
999 0.98196
1000 0.98194
1001 0.98191
1002 0.98189
1003 0.98186
1004 0.98183
1005 0.98181
1006 0.98178
1007 0.98176
1008 0.98173
1009 0.98171
1010 0.98168
1011 0.98165
1012 0.98163
1013 0.98160
1014 0.98158
1015 0.98155
1016 0.98153
1017 0.98150
1018 0.98147
1019 0.98145
1020 0.98142
1021 0.98140
1022 0.98137
1023 0.98135
1024 0.98132
1025 0.98129
1026 0.98613
1027 0.98611
1028 0.98609
1029 0.98607
1030 0.98605
1031 0.98604
1032 0.98602
1033 0.98600
1034 0.98598
1035 0.98596
1036 0.98594
1037 0.98592
1038 0.98590
1039 0.98588
1040 0.98586
1041 0.98584
1042 0.98582
1043 0.98580
1044 0.98578
1045 0.98577
1046 0.98575
1047 0.98573
1048 0.98571
1049 0.98569
1050 0.98567
1051 0.98565
1052 0.98563
1053 0.98561
1054 0.98559
1055 0.98557
1056 0.98555
1057 0.98553
1058 0.98551
1059 0.98549
1060 0.98547
1061 0.98545
1062 0.98544
1063 0.98542
1064 0.98540
1065 0.98538
1066 0.98536
1067 0.98534
1068 0.98532
1069 0.98530
1070 0.98528
1071 0.98526
1072 0.98524
1073 0.98522
1074 0.98520
1075 0.98518
1076 0.98516
1077 0.98514
1078 0.98512
1079 0.98510
1080 0.98508
1081 0.98506
1082 0.98504
1083 0.98502
1084 0.98501
1085 0.98499
1086 0.98497
1087 0.98495
1088 0.98493
1089 0.98491
1090 0.98489
1091 0.98487
1092 0.98485
1093 0.98483
1094 0.98481
1095 0.98479
1096 0.98477
1097 0.98475
1098 0.98473
1099 0.98471
1100 0.98469
1101 0.98467
1102 0.98465
1103 0.98463
1104 0.98461
1105 0.98459
1106 0.98457
1107 0.98455
1108 0.98453
1109 0.98451
1110 0.98449
1111 0.98447
1112 0.98445
1113 0.98443
1114 0.98441
1115 0.98439
1116 0.98437
1117 0.98435
1118 0.98433
1119 0.98431
1120 0.98429
1121 0.98427
1122 0.98425
1123 0.98423
1124 0.98421
1125 0.98419
1126 0.98417
1127 0.98415
1128 0.98413
1129 0.98411
1130 0.98409
1131 0.98407
1132 0.98405
1133 0.98403
1134 0.98401
1135 0.98399
1136 0.98397
1137 0.98395
1138 0.98393
1139 0.98391
1140 0.98389
1141 0.98387
1142 0.98385
1143 0.98383
1144 0.98381
1145 0.98379
1146 0.98377
1147 0.98375
1148 0.98373
1149 0.98371
1150 0.98369
1151 0.98367
1152 0.98365
1153 0.98363
1154 0.98361
1155 0.98359
1156 0.98357
1157 0.98355
1158 0.98353
1159 0.98351
1160 0.98349
1161 0.98347
1162 0.98345
1163 0.98343
1164 0.98341
1165 0.98339
1166 0.98337
1167 0.98335
1168 0.98333
1169 0.98331
1170 0.98329
1171 0.98327
1172 0.98325
1173 0.98323
1174 0.98321
1175 0.98319
1176 0.98317
1177 0.98315
1178 0.98313
1179 0.98311
1180 0.98309
1181 0.98307
1182 0.98305
1183 0.98303
1184 0.98301
1185 0.98299
1186 0.98296
1187 0.98294
1188 0.98292
1189 0.98290
1190 0.98288
1191 0.98286
1192 0.98284
1193 0.98282
1194 0.98280
1195 0.98278
1196 0.98276
1197 0.98274
1198 0.98272
1199 0.98270
1200 0.98268
1201 0.98266
1202 0.98264
1203 0.98262
1204 0.98260
1205 0.98258
1206 0.98256
1207 0.98254
1208 0.98252
1209 0.98249
1210 0.98247
1211 0.98245
1212 0.98243
1213 0.98241
1214 0.98239
1215 0.98237
1216 1.00000
