17 0.97619
18 0.97411
19 0.97197
20 0.96979
21 0.96756
22 0.96528
23 0.96296
24 0.96060
25 0.95820
26 0.95576
27 0.95328
28 0.95077
29 0.94822
30 0.94564
31 0.94303
32 0.94038
33 0.93771
34 0.93501
35 0.93228
36 0.92952
37 0.92674
38 0.92393
39 0.92110
40 0.91825
41 0.91537
42 0.91248
43 0.90956
44 0.90662
45 0.90367
46 0.90070
47 0.89771
48 0.89470
49 0.89168
50 0.88864
51 0.88559
52 0.88252
53 0.87944
54 0.87635
55 0.87324
56 0.87013
57 0.86700
58 0.86387
59 0.86072
60 0.85756
61 0.85440
62 0.85123
63 0.84805
64 0.84486
65 0.84166
66 0.83846
67 0.83526
68 0.83205
69 0.82883
70 0.82561
71 0.82239
72 0.81916
73 0.81593
74 0.81269
75 0.80945
76 0.80622
77 0.80297
78 0.79973
79 0.79649
80 0.79325
81 0.79000
82 0.78676
83 0.78351
84 0.78027
85 0.77703
86 0.77379
87 0.77055
88 0.76731
89 0.76408
90 0.76084
91 0.75761
92 0.75439
93 0.75116
94 0.74794
95 0.74473
96 0.74151
97 0.73831
98 0.73510
99 0.73190
100 0.72871
101 0.72552
102 0.72233
103 0.71916
104 0.71598
105 0.71282
106 0.70966
107 0.70650
108 0.70335
109 0.70021
110 0.69708
111 0.69395
112 0.69083
113 0.68772
114 0.68461
115 0.68151
116 0.67842
117 0.67534
118 0.67227
119 0.66920
120 0.66614
121 0.66310
122 0.66006
123 0.65702
124 0.65400
125 0.65099
126 0.64798
127 0.64499
128 0.64200
129 0.63903
130 0.63606
131 0.63310
132 0.63015
133 0.62722
134 0.62429
135 0.62137
136 0.61846
137 0.61556
138 0.61268
139 0.60980
140 0.60693
141 0.60408
142 0.60123
143 0.59840
144 0.59557
145 0.59276
146 0.58996
147 0.58716
148 0.58438
149 0.58161
150 0.57885
151 0.57610
152 0.57337
153 0.57064
154 0.56793
155 0.56522
156 0.56253
157 0.55985
158 0.55718
159 0.55452
160 0.55188
161 0.54924
162 0.54662
163 0.54400
164 0.54140
165 0.53881
166 0.53624
167 0.53367
168 0.53112
169 0.52857
170 0.52604
171 0.52352
172 0.52101
173 0.51852
174 0.51603
175 0.51356
176 0.51110
177 0.50865
178 0.50621
179 0.50379
180 0.50137
181 0.49897
182 0.49658
183 0.49420
184 0.49183
185 0.48948
186 0.48713
187 0.48480
188 0.48248
189 0.48017
190 0.47787
191 0.47558
192 0.47331
193 0.47105
194 0.46880
195 0.46656
196 0.46433
197 0.46211
198 0.45991
199 0.45772
200 0.45553
201 0.45336
202 0.45121
203 0.44906
204 0.44692
205 0.44480
206 0.44269
207 0.44058
208 0.43849
209 0.43641
210 0.43435
211 0.43229
212 0.43025
213 0.42821
214 0.42619
215 0.42418
216 0.42218
217 0.42019
218 0.41821
219 0.41624
220 0.41429
221 0.41234
222 0.41041
223 0.40849
224 0.40657
225 0.40467
226 0.40278
227 0.40090
228 0.39903
229 0.39717
230 0.39533
231 0.39349
232 0.39166
233 0.38985
234 0.38804
235 0.38625
236 0.38447
237 0.38269
238 0.38093
239 0.37918
240 0.37743
241 0.37570
242 0.37398
243 0.37227
244 0.37057
245 0.36888
246 0.36719
247 0.36552
248 0.36386
249 0.36221
250 0.36057
251 0.35894
252 0.35732
253 0.35571
254 0.35410
255 0.35251
256 0.35093
257 0.34936
258 0.34780
259 0.34624
260 0.34470
261 0.34317
262 0.34164
263 0.34013
264 0.33862
265 0.33712
266 0.33564
267 0.33416
268 0.33269
269 0.33123
270 0.32978
271 0.32834
272 0.32691
273 0.32549
274 0.32407
275 0.32267
276 0.32127
277 0.31988
278 0.31851
279 0.31714
280 0.31578
281 0.31442
282 0.31308
283 0.31175
284 0.31042
285 0.30910
286 0.30779
287 0.30649
288 0.30520
289 0.30392
290 0.30264
291 0.30138
292 0.30012
293 0.29887
294 0.29763
295 0.29639
296 0.29517
297 0.29395
298 0.29274
299 0.29154
300 0.29034
301 0.28916
302 0.28798
303 0.28681
304 0.28565
305 0.28449
306 0.28335
307 0.28221
308 0.28108
309 0.27995
310 0.27884
311 0.27773
312 0.27663
313 0.27553
314 0.27445
315 0.27337
316 0.27230
317 0.27123
318 0.27017
319 0.26912
320 0.26808
321 0.26705
322 0.26602
323 0.26500
324 0.26398
325 0.26298
326 0.26198
327 0.26098
328 0.26000
329 0.25902
330 0.25805
331 0.25708
332 0.25612
333 0.25517
334 0.25423
335 0.25329
336 0.25236
337 0.25143
338 0.25051
339 0.24960
340 0.24869
341 0.24779
342 0.24690
343 0.24602
344 0.24514
345 0.24426
346 0.24340
347 0.24253
348 0.24168
349 0.24083
350 0.23999
351 0.23915
352 0.23832
353 0.23750
354 0.23668
355 0.23587
356 0.23506
357 0.23426
358 0.23347
359 0.23268
360 0.23190
361 0.23112
362 0.23035
363 0.22959
364 0.22883
365 0.22808
366 0.22733
367 0.22659
368 0.22585
369 0.22512
370 0.22440
371 0.22368
372 0.22296
373 0.22226
374 0.22155
375 0.22086
376 0.22017
377 0.21948
378 0.21880
379 0.21812
380 0.21745
381 0.21679
382 0.21613
383 0.21547
384 0.21482
385 0.21418
386 0.21354
387 0.21291
388 0.21228
389 0.21166
390 0.21104
391 0.21042
392 0.20982
393 0.20921
394 0.20861
395 0.20802
396 0.20743
397 0.20685
398 0.20627
399 0.20570
400 0.20513
401 0.20456
402 0.20400
403 0.20345
404 0.20290
405 0.20235
406 0.20181
407 0.20128
408 0.20075
409 0.20022
410 0.19970
411 0.19918
412 0.19867
413 0.19816
414 0.19766
415 0.19716
416 0.19667
417 0.19618
418 0.19569
419 0.19521
420 0.19473
421 0.19426
422 0.19379
423 0.19333
424 0.19287
425 0.19242
426 0.19197
427 0.19152
428 0.19108
429 0.19064
430 0.19021
431 0.18978
432 0.18936
433 0.18894
434 0.18852
435 0.18811
436 0.18770
437 0.18730
438 0.18690
439 0.18650
440 0.18611
441 0.18572
442 0.18534
443 0.18496
444 0.18459
445 0.18422
446 0.18385
447 0.18349
448 0.18313
449 0.18277
450 0.18242
451 0.18207
452 0.18173
453 0.18139
454 0.18106
455 0.18072
456 0.18040
457 0.18007
458 0.17975
459 0.17944
460 0.17912
461 0.17882
462 0.17851
463 0.17821
464 0.17791
465 0.17762
466 0.17733
467 0.17705
468 0.17676
469 0.17649
470 0.17621
471 0.17594
472 0.17567
473 0.17541
474 0.17515
475 0.17490
476 0.17464
477 0.17439
478 0.17415
479 0.17391
480 0.17367
481 0.17344
482 0.17321
483 0.17298
484 0.17276
485 0.17254
486 0.17232
487 0.17211
488 0.17190
489 0.17170
490 0.17149
491 0.17130
492 0.17110
493 0.17091
494 0.17072
495 0.17054
496 0.17036
497 0.17018
498 0.17001
499 0.16984
500 0.16968
501 0.16951
502 0.16935
503 0.16920
504 0.16905
505 0.16890
506 0.16875
507 0.16861
508 0.16847
509 0.16834
510 0.16821
511 0.16808
512 0.16796
513 0.16784
514 0.16772
515 0.16760
516 0.16749
517 0.16739
518 0.16728
519 0.16719
520 0.16709
521 0.16700
522 0.16691
523 0.16682
524 0.16674
525 0.16666
526 0.16658
527 0.16651
528 0.16644
529 0.16638
530 0.16632
531 0.16626
532 0.16620
533 0.16615
534 0.16611
535 0.16606
536 0.16602
537 0.16598
538 0.16595
539 0.16592
540 0.16589
541 0.16587
542 0.16585
543 0.16584
544 0.16582
545 0.16581
546 0.16581
547 0.16581
548 0.16581
549 0.16581
550 0.16582
551 0.16583
552 0.16585
553 0.16587
554 0.16589
555 0.16592
556 0.16595
557 0.16598
558 0.16602
559 0.16606
560 0.16610
561 0.16615
562 0.16620
563 0.16626
564 0.16632
565 0.16638
566 0.16645
567 0.16652
568 0.16659
569 0.16667
570 0.16675
571 0.16683
572 0.16692
573 0.16701
574 0.16711
575 0.16721
576 0.16731
577 0.16742
578 0.16753
579 0.16765
580 0.16776
581 0.16789
582 0.16801
583 0.16814
584 0.16828
585 0.16842
586 0.16856
587 0.16870
588 0.16885
589 0.16901
590 0.16916
591 0.16933
592 0.16949
593 0.16966
594 0.16983
595 0.17001
596 0.17019
597 0.17038
598 0.17057
599 0.17076
600 0.17096
601 0.17116
602 0.17137
603 0.17158
604 0.17179
605 0.17201
606 0.17224
607 0.17246
608 0.17269
609 0.17293
610 0.17317
611 0.17342
612 0.17367
613 0.17392
614 0.17418
615 0.17444
616 0.17471
617 0.17498
618 0.17525
619 0.17553
620 0.17582
621 0.17611
622 0.17640
623 0.17670
624 0.17700
625 0.17731
626 0.17762
627 0.17794
628 0.17826
629 0.17859
630 0.17892
631 0.17926
632 0.17960
633 0.17995
634 0.18030
635 0.18066
636 0.18102
637 0.18139
638 0.18176
639 0.18213
640 0.18252
641 0.18290
642 0.18330
643 0.18369
644 0.18410
645 0.18450
646 0.18492
647 0.18533
648 0.18576
649 0.18618
650 0.18662
651 0.18705
652 0.18750
653 0.18794
654 0.18840
655 0.18885
656 0.18932
657 0.18979
658 0.19026
659 0.19074
660 0.19123
661 0.19172
662 0.19221
663 0.19272
664 0.19322
665 0.19374
666 0.19426
667 0.19478
668 0.19532
669 0.19586
670 0.19640
671 0.19695
672 0.19751
673 0.19807
674 0.19863
675 0.19921
676 0.19979
677 0.20038
678 0.20097
679 0.20157
680 0.20218
681 0.20279
682 0.20342
683 0.20404
684 0.20468
685 0.20532
686 0.20597
687 0.20663
688 0.20729
689 0.20795
690 0.20863
691 0.20931
692 0.21000
693 0.21069
694 0.21140
695 0.21211
696 0.21283
697 0.21356
698 0.21429
699 0.21503
700 0.21578
701 0.21654
702 0.21731
703 0.21809
704 0.21887
705 0.21966
706 0.22046
707 0.22127
708 0.22209
709 0.22291
710 0.22375
711 0.22459
712 0.22544
713 0.22630
714 0.22717
715 0.22805
716 0.22894
717 0.22984
718 0.23075
719 0.23166
720 0.23259
721 0.23352
722 0.23447
723 0.23542
724 0.23639
725 0.23736
726 0.23834
727 0.23932
728 0.24032
729 0.24132
730 0.24234
731 0.24337
732 0.24440
733 0.24545
734 0.24651
735 0.24758
736 0.24866
737 0.24975
738 0.25086
739 0.25197
740 0.25310
741 0.25424
742 0.25539
743 0.25655
744 0.25772
745 0.25891
746 0.26010
747 0.26131
748 0.26253
749 0.26377
750 0.26502
751 0.26628
752 0.26755
753 0.26884
754 0.27013
755 0.27145
756 0.27277
757 0.27411
758 0.27547
759 0.27683
760 0.27822
761 0.27961
762 0.28102
763 0.28245
764 0.28389
765 0.28534
766 0.28681
767 0.28829
768 0.28979
769 0.29131
770 0.29284
771 0.29439
772 0.29595
773 0.29753
774 0.29912
775 0.30073
776 0.30236
777 0.30401
778 0.30567
779 0.30735
780 0.30905
781 0.31076
782 0.31249
783 0.31424
784 0.31601
785 0.31780
786 0.31961
787 0.32143
788 0.32328
789 0.32514
790 0.32702
791 0.32892
792 0.33085
793 0.33279
794 0.33475
795 0.33674
796 0.33874
797 0.34077
798 0.34281
799 0.34488
800 0.34697
801 0.34909
802 0.35122
803 0.35338
804 0.35556
805 0.35776
806 0.35999
807 0.36224
808 0.36452
809 0.36682
810 0.36914
811 0.37149
812 0.37386
813 0.37626
814 0.37869
815 0.38114
816 0.38362
817 0.38612
818 0.38866
819 0.39121
820 0.39380
821 0.39642
822 0.39906
823 0.40173
824 0.40443
825 0.40716
826 0.40992
827 0.41271
828 0.41553
829 0.41838
830 0.42127
831 0.42418
832 0.42713
833 0.43011
834 0.43312
835 0.43617
836 0.43924
837 0.44236
838 0.44550
839 0.44869
840 0.45190
841 0.45516
842 0.45845
843 0.46178
844 0.46514
845 0.46854
846 0.47198
847 0.47546
848 0.47898
849 0.48253
850 0.48613
851 0.48977
852 0.49345
853 0.49717
854 0.50093
855 0.50474
856 0.50858
857 0.51247
858 0.51639
859 0.52033
860 0.52427
861 0.52826
862 0.53229
863 0.53637
864 0.54049
865 0.54466
866 0.54888
867 0.55315
868 0.55746
869 0.56182
870 0.56623
871 0.57070
872 0.57521
873 0.57978
874 0.58439
875 0.58906
876 0.59379
877 0.59857
878 0.60340
879 0.60829
880 0.61324
881 0.61824
882 0.62331
883 0.62843
884 0.63361
885 0.63885
886 0.64416
887 0.64952
888 0.65495
889 0.66045
890 0.66601
891 0.67163
892 0.67732
893 0.68308
894 0.68891
895 0.69480
896 0.70077
897 0.70681
898 0.71292
899 0.71910
900 0.72536
901 0.73169
902 0.73810
903 0.74459
904 0.75116
905 0.75780
906 0.76453
907 0.77134
908 0.77823
909 0.78520
910 0.79226
911 0.79941
912 0.80506
913 0.81892
914 0.82819
915 0.83464
916 0.83827
917 0.84006
918 0.84209
919 0.84441
920 0.84711
921 0.85030
922 0.84977
923 0.84923
924 0.85311
925 0.85259
926 0.85207
927 0.85691
928 0.85640
929 0.85589
930 0.85538
931 0.86167
932 0.86118
933 0.86068
934 0.86019
935 0.85970
936 0.85920
937 0.85870
938 0.86732
939 0.86685
940 0.86638
941 0.86591
942 0.86544
943 0.86496
944 0.86449
945 0.86401
946 0.86353
947 0.86305
948 0.86258
949 0.86209
950 0.87484
951 0.87440
952 0.87396
953 0.87352
954 0.87308
955 0.87263
956 0.87219
957 0.87174
958 0.87130
959 0.87085
960 0.87040
961 0.86995
962 0.86950
963 0.86905
964 0.86859
965 0.86814
966 0.86768
967 0.86722
968 0.86677
969 0.86631
970 0.86585
971 0.86539
972 0.86492
973 0.88618
974 0.88579
975 0.88539
976 0.88499
977 0.88460
978 0.88420
979 0.88380
980 0.88340
981 0.88300
982 0.88259
983 0.88219
984 0.88179
985 0.88138
986 0.88098
987 0.88057
988 0.88017
989 0.87976
990 0.87935
991 0.87894
992 0.87853
993 0.87812
994 0.87770
995 0.87729
996 0.87688
997 0.87646
998 0.87605
999 0.87563
1000 0.87521
1001 0.87479
1002 0.87437
1003 0.87395
1004 0.87353
1005 0.87311
1006 0.87269
1007 0.87226
1008 0.87184
1009 0.87141
1010 0.87099
1011 0.87056
1012 0.87013
1013 0.86970
1014 0.86927
1015 0.86884
1016 0.86841
1017 0.86797
1018 0.86754
1019 0.86711
1020 0.86667
1021 0.86623
1022 0.86580
1023 0.86536
1024 0.86492
1025 0.86448
1026 0.90854
1027 0.90823
1028 0.90793
1029 0.90762
1030 0.90731
1031 0.90701
1032 0.90670
1033 0.90639
1034 0.90608
1035 0.90577
1036 0.90546
1037 0.90515
1038 0.90484
1039 0.90452
1040 0.90421
1041 0.90389
1042 0.90358
1043 0.90326
1044 0.90295
1045 0.90263
1046 0.90231
1047 0.90200
1048 0.90168
1049 0.90136
1050 0.90104
1051 0.90072
1052 0.90039
1053 0.90007
1054 0.89975
1055 0.89942
1056 0.89910
1057 0.89877
1058 0.89845
1059 0.89812
1060 0.89780
1061 0.89747
1062 0.89714
1063 0.89681
1064 0.89648
1065 0.89615
1066 0.89582
1067 0.89549
1068 0.89515
1069 0.89482
1070 0.89449
1071 0.89415
1072 0.89382
1073 0.89348
1074 0.89314
1075 0.89281
1076 0.89247
1077 0.89213
1078 0.89179
1079 0.89145
1080 0.89111
1081 0.89077
1082 0.89043
1083 0.89008
1084 0.88974
1085 0.88939
1086 0.88905
1087 0.88870
1088 0.88836
1089 0.88801
1090 0.88766
1091 0.88731
1092 0.88696
1093 0.88662
1094 0.88626
1095 0.88591
1096 0.88556
1097 0.88521
1098 0.88486
1099 0.88450
1100 0.88415
1101 0.88379
1102 0.88344
1103 0.88308
1104 0.88272
1105 0.88236
1106 0.88200
1107 0.88164
1108 0.88128
1109 0.88092
1110 0.88056
1111 0.88020
1112 0.87984
1113 0.87947
1114 0.87911
1115 0.87874
1116 0.87838
1117 0.87801
1118 0.87764
1119 0.87728
1120 0.87691
1121 0.87654
1122 0.87617
1123 0.87580
1124 0.87543
1125 0.87505
1126 0.87468
1127 0.87431
1128 0.87393
1129 0.87356
1130 0.87318
1131 0.87281
1132 0.87243
1133 0.87205
1134 0.87167
1135 0.87129
1136 0.87091
1137 0.87053
1138 0.87015
1139 0.86977
1140 0.86939
1141 0.86900
1142 0.86862
1143 0.86823
1144 0.86784
1145 0.86746
1146 0.86707
1147 0.86668
1148 0.86629
1149 0.86590
1150 0.86551
1151 0.86512
1152 0.86473
1153 0.86433
1154 0.86394
1155 0.86354
1156 0.86315
1157 0.86275
1158 0.86236
1159 0.86196
1160 0.86156
1161 0.86116
1162 0.86076
1163 0.86036
1164 0.85996
1165 0.85956
1166 0.85916
1167 0.85876
1168 0.85835
1169 0.85795
1170 0.85754
1171 0.85714
1172 0.85673
1173 0.85632
1174 0.85592
1175 0.85551
1176 0.85510
1177 0.85469
1178 0.85428
1179 0.85387
1180 0.85345
1181 0.85304
1182 0.85263
1183 0.85221
1184 0.85180
1185 0.85138
1186 0.85097
1187 0.85055
1188 0.85013
1189 0.84971
1190 0.84929
1191 0.84887
1192 0.84845
1193 0.84803
1194 0.84761
1195 0.84719
1196 0.84676
1197 0.84634
1198 0.84592
1199 0.84549
1200 0.84506
1201 0.84464
1202 0.84421
1203 0.84378
1204 0.84335
1205 0.84292
1206 0.84249
1207 0.84206
1208 0.84163
1209 0.84120
1210 0.84076
1211 0.84033
1212 0.83989
1213 0.83946
1214 0.83902
1215 0.83858
1216 1.00000
