17 0.83966
18 0.82674
19 0.81369
20 0.80052
21 0.78725
22 0.77392
23 0.76053
24 0.74710
25 0.73366
26 0.72021
27 0.70678
28 0.69337
29 0.68001
30 0.66669
31 0.65345
32 0.64027
33 0.62718
34 0.61419
35 0.60130
36 0.58852
37 0.57587
38 0.56333
39 0.55093
40 0.53867
41 0.52656
42 0.51459
43 0.50278
44 0.49112
45 0.47963
46 0.46830
47 0.45714
48 0.44615
49 0.43533
50 0.42469
51 0.41422
52 0.40393
53 0.39382
54 0.38389
55 0.37413
56 0.36456
57 0.35517
58 0.34595
59 0.33692
60 0.32806
61 0.31938
62 0.31088
63 0.30256
64 0.29441
65 0.28643
66 0.27863
67 0.27099
68 0.26353
69 0.25623
70 0.24910
71 0.24213
72 0.23532
73 0.22867
74 0.22218
75 0.21585
76 0.20966
77 0.20363
78 0.19774
79 0.19200
80 0.18640
81 0.18095
82 0.17563
83 0.17045
84 0.16540
85 0.16048
86 0.15569
87 0.15103
88 0.14649
89 0.14207
90 0.13778
91 0.13359
92 0.12952
93 0.12556
94 0.12171
95 0.11797
96 0.11433
97 0.11080
98 0.10736
99 0.10402
100 0.10077
101 0.09762
102 0.09456
103 0.09158
104 0.08870
105 0.08589
106 0.08317
107 0.08053
108 0.07797
109 0.07548
110 0.07306
111 0.07072
112 0.06845
113 0.06625
114 0.06411
115 0.06204
116 0.06003
117 0.05808
118 0.05620
119 0.05437
120 0.05259
121 0.05087
122 0.04921
123 0.04759
124 0.04603
125 0.04452
126 0.04305
127 0.04163
128 0.04026
129 0.03892
130 0.03763
131 0.03638
132 0.03518
133 0.03401
134 0.03287
135 0.03178
136 0.03072
137 0.02969
138 0.02870
139 0.02773
140 0.02680
141 0.02590
142 0.02503
143 0.02419
144 0.02338
145 0.02259
146 0.02183
147 0.02109
148 0.02038
149 0.01969
150 0.01902
151 0.01838
152 0.01776
153 0.01716
154 0.01657
155 0.01601
156 0.01547
157 0.01494
158 0.01444
159 0.01394
160 0.01347
161 0.01301
162 0.01257
163 0.01214
164 0.01173
165 0.01133
166 0.01094
167 0.01057
168 0.01021
169 0.00986
170 0.00952
171 0.00920
172 0.00888
173 0.00858
174 0.00829
175 0.00801
176 0.00773
177 0.00747
178 0.00721
179 0.00697
180 0.00673
181 0.00650
182 0.00628
183 0.00606
184 0.00586
185 0.00566
186 0.00546
187 0.00528
188 0.00510
189 0.00492
190 0.00476
191 0.00459
192 0.00444
193 0.00429
194 0.00414
195 0.00400
196 0.00386
197 0.00373
198 0.00361
199 0.00348
200 0.00337
201 0.00325
202 0.00314
203 0.00304
204 0.00293
205 0.00283
206 0.00274
207 0.00265
208 0.00256
209 0.00247
210 0.00239
211 0.00231
212 0.00223
213 0.00215
214 0.00208
215 0.00201
216 0.00194
217 0.00188
218 0.00182
219 0.00176
220 0.00170
221 0.00164
222 0.00159
223 0.00153
224 0.00148
225 0.00143
226 0.00138
227 0.00134
228 0.00129
229 0.00125
230 0.00121
231 0.00117
232 0.00113
233 0.00109
234 0.00106
235 0.00102
236 0.00099
237 0.00096
238 0.00093
239 0.00090
240 0.00087
241 0.00084
242 0.00081
243 0.00078
244 0.00076
245 0.00073
246 0.00071
247 0.00069
248 0.00067
249 0.00064
250 0.00062
251 0.00060
252 0.00058
253 0.00057
254 0.00055
255 0.00053
256 0.00051
257 0.00050
258 0.00048
259 0.00047
260 0.00045
261 0.00044
262 0.00042
263 0.00041
264 0.00040
265 0.00038
266 0.00037
267 0.00036
268 0.00035
269 0.00034
270 0.00033
271 0.00032
272 0.00031
273 0.00030
274 0.00029
275 0.00028
276 0.00027
277 0.00026
278 0.00026
279 0.00025
280 0.00024
281 0.00023
282 0.00023
283 0.00022
284 0.00021
285 0.00021
286 0.00020
287 0.00019
288 0.00019
289 0.00018
290 0.00018
291 0.00017
292 0.00017
293 0.00016
294 0.00016
295 0.00015
296 0.00015
297 0.00014
298 0.00014
299 0.00014
300 0.00013
301 0.00013
302 0.00012
303 0.00012
304 0.00012
305 0.00011
306 0.00011
307 0.00011
308 0.00010
309 0.00010
310 0.00010
311 0.00010
312 0.00009
313 0.00009
314 0.00009
315 0.00009
316 0.00008
317 0.00008
318 0.00008
319 0.00008
320 0.00007
321 0.00007
322 0.00007
323 0.00007
324 0.00007
325 0.00006
326 0.00006
327 0.00006
328 0.00006
329 0.00006
330 0.00006
331 0.00005
332 0.00005
333 0.00005
334 0.00005
335 0.00005
336 0.00005
337 0.00005
338 0.00005
339 0.00004
340 0.00004
341 0.00004
342 0.00004
343 0.00004
344 0.00004
345 0.00004
346 0.00004
347 0.00004
348 0.00004
349 0.00003
350 0.00003
351 0.00003
352 0.00003
353 0.00003
354 0.00003
355 0.00003
356 0.00003
357 0.00003
358 0.00003
359 0.00003
360 0.00003
361 0.00003
362 0.00002
363 0.00002
364 0.00002
365 0.00002
366 0.00002
367 0.00002
368 0.00002
369 0.00002
370 0.00002
371 0.00002
372 0.00002
373 0.00002
374 0.00002
375 0.00002
376 0.00002
377 0.00002
378 0.00002
379 0.00002
380 0.00002
381 0.00002
382 0.00002
383 0.00002
384 0.00002
385 0.00001
386 0.00001
387 0.00001
388 0.00001
389 0.00001
390 0.00001
391 0.00001
392 0.00001
393 0.00001
394 0.00001
395 0.00001
396 0.00001
397 0.00001
398 0.00001
399 0.00001
400 0.00001
401 0.00001
402 0.00001
403 0.00001
404 0.00001
405 0.00001
406 0.00001
407 0.00001
408 0.00001
409 0.00001
410 0.00001
411 0.00001
412 0.00001
413 0.00001
414 0.00001
415 0.00001
416 0.00001
417 0.00001
418 0.00001
419 0.00001
420 0.00001
421 0.00001
422 0.00001
423 0.00001
424 0.00001
425 0.00001
426 0.00001
427 0.00001
428 0.00001
429 0.00001
430 0.00001
431 0.00001
432 0.00001
433 0.00001
434 0.00001
435 0.00001
436 0.00001
437 0.00001
438 0.00001
439 0.00001
440 0.00001
441 0.00001
442 0.00001
443 0.00001
444 0.00001
445 0.00000
446 0.00000
447 0.00000
448 0.00000
449 0.00000
450 0.00000
451 0.00000
452 0.00000
453 0.00000
454 0.00000
455 0.00000
456 0.00000
457 0.00000
458 0.00000
459 0.00000
460 0.00000
461 0.00000
462 0.00000
463 0.00000
464 0.00000
465 0.00000
466 0.00000
467 0.00000
468 0.00000
469 0.00000
470 0.00000
471 0.00000
472 0.00000
473 0.00000
474 0.00000
475 0.00000
476 0.00000
477 0.00000
478 0.00000
479 0.00000
480 0.00000
481 0.00000
482 0.00000
483 0.00000
484 0.00000
485 0.00000
486 0.00000
487 0.00000
488 0.00000
489 0.00000
490 0.00000
491 0.00000
492 0.00000
493 0.00000
494 0.00000
495 0.00000
496 0.00000
497 0.00000
498 0.00000
499 0.00000
500 0.00000
501 0.00000
502 0.00000
503 0.00000
504 0.00000
505 0.00000
506 0.00000
507 0.00000
508 0.00000
509 0.00000
510 0.00000
511 0.00000
512 0.00000
513 0.00000
514 0.00000
515 0.00000
516 0.00000
517 0.00000
518 0.00000
519 0.00000
520 0.00000
521 0.00000
522 0.00000
523 0.00000
524 0.00000
525 0.00000
526 0.00000
527 0.00000
528 0.00000
529 0.00000
530 0.00000
531 0.00000
532 0.00000
533 0.00000
534 0.00000
535 0.00000
536 0.00000
537 0.00000
538 0.00000
539 0.00000
540 0.00000
541 0.00000
542 0.00000
543 0.00000
544 0.00000
545 0.00000
546 0.00000
547 0.00000
548 0.00000
549 0.00000
550 0.00000
551 0.00000
552 0.00000
553 0.00000
554 0.00000
555 0.00000
556 0.00000
557 0.00000
558 0.00000
559 0.00000
560 0.00000
561 0.00000
562 0.00000
563 0.00000
564 0.00000
565 0.00000
566 0.00000
567 0.00000
568 0.00000
569 0.00000
570 0.00000
571 0.00000
572 0.00000
573 0.00000
574 0.00000
575 0.00000
576 0.00000
577 0.00000
578 0.00000
579 0.00000
580 0.00000
581 0.00000
582 0.00000
583 0.00000
584 0.00000
585 0.00000
586 0.00000
587 0.00000
588 0.00000
589 0.00000
590 0.00000
591 0.00000
592 0.00000
593 0.00000
594 0.00000
595 0.00000
596 0.00000
597 0.00000
598 0.00000
599 0.00000
600 0.00000
601 0.00000
602 0.00000
603 0.00000
604 0.00000
605 0.00000
606 0.00000
607 0.00000
608 0.00000
609 0.00000
610 0.00000
611 0.00000
612 0.00000
613 0.00000
614 0.00000
615 0.00000
616 0.00000
617 0.00000
618 0.00000
619 0.00000
620 0.00000
621 0.00000
622 0.00000
623 0.00000
624 0.00000
625 0.00000
626 0.00000
627 0.00000
628 0.00000
629 0.00000
630 0.00000
631 0.00000
632 0.00000
633 0.00000
634 0.00000
635 0.00000
636 0.00000
637 0.00000
638 0.00000
639 0.00000
640 0.00000
641 0.00000
642 0.00000
643 0.00000
644 0.00000
645 0.00000
646 0.00000
647 0.00000
648 0.00000
649 0.00000
650 0.00000
651 0.00000
652 0.00000
653 0.00000
654 0.00000
655 0.00000
656 0.00000
657 0.00000
658 0.00001
659 0.00001
660 0.00001
661 0.00001
662 0.00001
663 0.00001
664 0.00001
665 0.00001
666 0.00001
667 0.00001
668 0.00001
669 0.00001
670 0.00001
671 0.00001
672 0.00001
673 0.00001
674 0.00001
675 0.00001
676 0.00001
677 0.00001
678 0.00001
679 0.00001
680 0.00001
681 0.00001
682 0.00001
683 0.00001
684 0.00001
685 0.00001
686 0.00001
687 0.00001
688 0.00001
689 0.00001
690 0.00001
691 0.00001
692 0.00001
693 0.00001
694 0.00001
695 0.00001
696 0.00001
697 0.00001
698 0.00001
699 0.00001
700 0.00001
701 0.00001
702 0.00001
703 0.00001
704 0.00001
705 0.00001
706 0.00001
707 0.00001
708 0.00001
709 0.00001
710 0.00001
711 0.00002
712 0.00002
713 0.00002
714 0.00002
715 0.00002
716 0.00002
717 0.00002
718 0.00002
719 0.00002
720 0.00002
721 0.00002
722 0.00002
723 0.00002
724 0.00002
725 0.00002
726 0.00002
727 0.00002
728 0.00002
729 0.00002
730 0.00003
731 0.00003
732 0.00003
733 0.00003
734 0.00003
735 0.00003
736 0.00003
737 0.00003
738 0.00003
739 0.00003
740 0.00003
741 0.00004
742 0.00004
743 0.00004
744 0.00004
745 0.00004
746 0.00004
747 0.00004
748 0.00004
749 0.00005
750 0.00005
751 0.00005
752 0.00005
753 0.00005
754 0.00005
755 0.00005
756 0.00006
757 0.00006
758 0.00006
759 0.00006
760 0.00006
761 0.00007
762 0.00007
763 0.00007
764 0.00007
765 0.00008
766 0.00008
767 0.00008
768 0.00009
769 0.00009
770 0.00009
771 0.00010
772 0.00010
773 0.00010
774 0.00011
775 0.00011
776 0.00011
777 0.00012
778 0.00012
779 0.00013
780 0.00013
781 0.00014
782 0.00014
783 0.00015
784 0.00015
785 0.00016
786 0.00017
787 0.00017
788 0.00018
789 0.00019
790 0.00020
791 0.00020
792 0.00021
793 0.00022
794 0.00023
795 0.00024
796 0.00025
797 0.00026
798 0.00027
799 0.00028
800 0.00029
801 0.00031
802 0.00032
803 0.00033
804 0.00035
805 0.00036
806 0.00038
807 0.00039
808 0.00041
809 0.00043
810 0.00045
811 0.00047
812 0.00049
813 0.00051
814 0.00053
815 0.00056
816 0.00058
817 0.00061
818 0.00064
819 0.00067
820 0.00070
821 0.00073
822 0.00076
823 0.00080
824 0.00084
825 0.00087
826 0.00092
827 0.00096
828 0.00100
829 0.00105
830 0.00110
831 0.00116
832 0.00121
833 0.00127
834 0.00133
835 0.00140
836 0.00147
837 0.00154
838 0.00162
839 0.00170
840 0.00178
841 0.00187
842 0.00196
843 0.00206
844 0.00217
845 0.00228
846 0.00239
847 0.00252
848 0.00265
849 0.00278
850 0.00293
851 0.00308
852 0.00324
853 0.00341
854 0.00359
855 0.00378
856 0.00398
857 0.00419
858 0.00442
859 0.00465
860 0.00490
861 0.00517
862 0.00545
863 0.00574
864 0.00606
865 0.00639
866 0.00674
867 0.00711
868 0.00750
869 0.00792
870 0.00836
871 0.00882
872 0.00932
873 0.00984
874 0.01039
875 0.01098
876 0.01160
877 0.01226
878 0.01296
879 0.01370
880 0.01449
881 0.01533
882 0.01621
883 0.01715
884 0.01815
885 0.01920
886 0.02033
887 0.02152
888 0.02278
889 0.02413
890 0.02555
891 0.02707
892 0.02868
893 0.03039
894 0.03221
895 0.03414
896 0.03620
897 0.03838
898 0.04070
899 0.04317
900 0.04580
901 0.04859
902 0.05156
903 0.05472
904 0.05809
905 0.06167
906 0.06548
907 0.06954
908 0.07386
909 0.07846
910 0.08336
911 0.08858
912 0.09279
913 0.10697
914 0.11820
915 0.12712
916 0.13254
917 0.13523
918 0.13846
919 0.14239
920 0.14728
921 0.15346
922 0.15212
923 0.15078
924 0.15878
925 0.15743
926 0.15607
927 0.16679
928 0.16541
929 0.16404
930 0.16266
931 0.17767
932 0.17627
933 0.17487
934 0.17348
935 0.17209
936 0.17070
937 0.16931
938 0.19155
939 0.19014
940 0.18872
941 0.18731
942 0.18590
943 0.18449
944 0.18308
945 0.18168
946 0.18027
947 0.17887
948 0.17747
949 0.17607
950 0.21198
951 0.21056
952 0.20913
953 0.20771
954 0.20628
955 0.20486
956 0.20343
957 0.20201
958 0.20059
959 0.19917
960 0.19775
961 0.19634
962 0.19492
963 0.19350
964 0.19209
965 0.19067
966 0.18926
967 0.18785
968 0.18644
969 0.18503
970 0.18362
971 0.18221
972 0.18081
973 0.24729
974 0.24587
975 0.24445
976 0.24303
977 0.24161
978 0.24020
979 0.23878
980 0.23736
981 0.23594
982 0.23452
983 0.23311
984 0.23169
985 0.23027
986 0.22885
987 0.22744
988 0.22602
989 0.22460
990 0.22319
991 0.22177
992 0.22035
993 0.21894
994 0.21752
995 0.21610
996 0.21469
997 0.21327
998 0.21186
999 0.21045
1000 0.20903
1001 0.20762
1002 0.20621
1003 0.20479
1004 0.20338
1005 0.20197
1006 0.20056
1007 0.19915
1008 0.19775
1009 0.19634
1010 0.19493
1011 0.19353
1012 0.19213
1013 0.19072
1014 0.18932
1015 0.18792
1016 0.18652
1017 0.18513
1018 0.18373
1019 0.18234
1020 0.18095
1021 0.17956
1022 0.17817
1023 0.17678
1024 0.17540
1025 0.17402
1026 0.33346
1027 0.33217
1028 0.33087
1029 0.32958
1030 0.32829
1031 0.32700
1032 0.32571
1033 0.32442
1034 0.32314
1035 0.32185
1036 0.32057
1037 0.31929
1038 0.31801
1039 0.31673
1040 0.31545
1041 0.31418
1042 0.31290
1043 0.31163
1044 0.31036
1045 0.30909
1046 0.30782
1047 0.30655
1048 0.30528
1049 0.30402
1050 0.30275
1051 0.30149
1052 0.30023
1053 0.29897
1054 0.29771
1055 0.29646
1056 0.29520
1057 0.29395
1058 0.29269
1059 0.29144
1060 0.29019
1061 0.28894
1062 0.28769
1063 0.28645
1064 0.28520
1065 0.28396
1066 0.28271
1067 0.28147
1068 0.28023
1069 0.27899
1070 0.27775
1071 0.27651
1072 0.27528
1073 0.27404
1074 0.27281
1075 0.27158
1076 0.27034
1077 0.26911
1078 0.26788
1079 0.26665
1080 0.26542
1081 0.26420
1082 0.26297
1083 0.26174
1084 0.26052
1085 0.25930
1086 0.25807
1087 0.25685
1088 0.25563
1089 0.25441
1090 0.25319
1091 0.25197
1092 0.25075
1093 0.24953
1094 0.24831
1095 0.24709
1096 0.24588
1097 0.24466
1098 0.24344
1099 0.24223
1100 0.24101
1101 0.23980
1102 0.23858
1103 0.23737
1104 0.23615
1105 0.23494
1106 0.23372
1107 0.23251
1108 0.23129
1109 0.23008
1110 0.22886
1111 0.22765
1112 0.22643
1113 0.22522
1114 0.22400
1115 0.22279
1116 0.22157
1117 0.22035
1118 0.21914
1119 0.21792
1120 0.21670
1121 0.21548
1122 0.21426
1123 0.21304
1124 0.21182
1125 0.21060
1126 0.20938
1127 0.20816
1128 0.20693
1129 0.20571
1130 0.20448
1131 0.20325
1132 0.20203
1133 0.20080
1134 0.19957
1135 0.19834
1136 0.19710
1137 0.19587
1138 0.19464
1139 0.19340
1140 0.19216
1141 0.19092
1142 0.18969
1143 0.18844
1144 0.18720
1145 0.18596
1146 0.18471
1147 0.18346
1148 0.18222
1149 0.18097
1150 0.17972
1151 0.17846
1152 0.17721
1153 0.17595
1154 0.17470
1155 0.17344
1156 0.17218
1157 0.17092
1158 0.16965
1159 0.16839
1160 0.16712
1161 0.16586
1162 0.16459
1163 0.16332
1164 0.16205
1165 0.16078
1166 0.15950
1167 0.15823
1168 0.15696
1169 0.15568
1170 0.15440
1171 0.15313
1172 0.15185
1173 0.15057
1174 0.14929
1175 0.14801
1176 0.14673
1177 0.14545
1178 0.14417
1179 0.14288
1180 0.14160
1181 0.14032
1182 0.13904
1183 0.13776
1184 0.13648
1185 0.13520
1186 0.13392
1187 0.13264
1188 0.13136
1189 0.13009
1190 0.12881
1191 0.12754
1192 0.12626
1193 0.12499
1194 0.12372
1195 0.12245
1196 0.12119
1197 0.11992
1198 0.11866
1199 0.11740
1200 0.11614
1201 0.11489
1202 0.11364
1203 0.11239
1204 0.11114
1205 0.10990
1206 0.10866
1207 0.10743
1208 0.10620
1209 0.10497
1210 0.10375
1211 0.10253
1212 0.10131
1213 0.10010
1214 0.09890
1215 0.09770
1216 1.00000
