17 0.79355
18 0.77713
19 0.76059
20 0.74397
21 0.72730
22 0.71061
23 0.69392
24 0.67727
25 0.66067
26 0.64416
27 0.62775
28 0.61146
29 0.59531
30 0.57931
31 0.56349
32 0.54786
33 0.53243
34 0.51721
35 0.50221
36 0.48744
37 0.47291
38 0.45864
39 0.44461
40 0.43085
41 0.41736
42 0.40413
43 0.39118
44 0.37851
45 0.36611
46 0.35400
47 0.34217
48 0.33062
49 0.31935
50 0.30836
51 0.29765
52 0.28723
53 0.27707
54 0.26720
55 0.25759
56 0.24826
57 0.23919
58 0.23038
59 0.22183
60 0.21354
61 0.20550
62 0.19771
63 0.19016
64 0.18284
65 0.17576
66 0.16891
67 0.16229
68 0.15588
69 0.14969
70 0.14370
71 0.13792
72 0.13235
73 0.12696
74 0.12177
75 0.11676
76 0.11193
77 0.10727
78 0.10279
79 0.09847
80 0.09431
81 0.09031
82 0.08646
83 0.08275
84 0.07919
85 0.07576
86 0.07247
87 0.06930
88 0.06627
89 0.06335
90 0.06055
91 0.05786
92 0.05528
93 0.05280
94 0.05043
95 0.04816
96 0.04597
97 0.04388
98 0.04188
99 0.03996
100 0.03813
101 0.03637
102 0.03469
103 0.03307
104 0.03153
105 0.03006
106 0.02865
107 0.02730
108 0.02601
109 0.02478
110 0.02361
111 0.02248
112 0.02141
113 0.02038
114 0.01940
115 0.01847
116 0.01758
117 0.01673
118 0.01592
119 0.01514
120 0.01440
121 0.01370
122 0.01303
123 0.01239
124 0.01178
125 0.01119
126 0.01064
127 0.01011
128 0.00961
129 0.00913
130 0.00868
131 0.00824
132 0.00783
133 0.00744
134 0.00706
135 0.00670
136 0.00637
137 0.00604
138 0.00574
139 0.00545
140 0.00517
141 0.00491
142 0.00466
143 0.00442
144 0.00419
145 0.00398
146 0.00377
147 0.00358
148 0.00339
149 0.00322
150 0.00305
151 0.00289
152 0.00274
153 0.00260
154 0.00247
155 0.00234
156 0.00222
157 0.00210
158 0.00199
159 0.00189
160 0.00179
161 0.00169
162 0.00161
163 0.00152
164 0.00144
165 0.00137
166 0.00129
167 0.00123
168 0.00116
169 0.00110
170 0.00104
171 0.00099
172 0.00093
173 0.00088
174 0.00084
175 0.00079
176 0.00075
177 0.00071
178 0.00067
179 0.00064
180 0.00060
181 0.00057
182 0.00054
183 0.00051
184 0.00049
185 0.00046
186 0.00043
187 0.00041
188 0.00039
189 0.00037
190 0.00035
191 0.00033
192 0.00031
193 0.00030
194 0.00028
195 0.00027
196 0.00025
197 0.00024
198 0.00022
199 0.00021
200 0.00020
201 0.00019
202 0.00018
203 0.00017
204 0.00016
205 0.00015
206 0.00014
207 0.00014
208 0.00013
209 0.00012
210 0.00012
211 0.00011
212 0.00010
213 0.00010
214 0.00009
215 0.00009
216 0.00008
217 0.00008
218 0.00007
219 0.00007
220 0.00007
221 0.00006
222 0.00006
223 0.00006
224 0.00005
225 0.00005
226 0.00005
227 0.00005
228 0.00004
229 0.00004
230 0.00004
231 0.00004
232 0.00003
233 0.00003
234 0.00003
235 0.00003
236 0.00003
237 0.00003
238 0.00003
239 0.00002
240 0.00002
241 0.00002
242 0.00002
243 0.00002
244 0.00002
245 0.00002
246 0.00002
247 0.00002
248 0.00001
249 0.00001
250 0.00001
251 0.00001
252 0.00001
253 0.00001
254 0.00001
255 0.00001
256 0.00001
257 0.00001
258 0.00001
259 0.00001
260 0.00001
261 0.00001
262 0.00001
263 0.00001
264 0.00001
265 0.00001
266 0.00001
267 0.00001
268 0.00000
269 0.00000
270 0.00000
271 0.00000
272 0.00000
273 0.00000
274 0.00000
275 0.00000
276 0.00000
277 0.00000
278 0.00000
279 0.00000
280 0.00000
281 0.00000
282 0.00000
283 0.00000
284 0.00000
285 0.00000
286 0.00000
287 0.00000
288 0.00000
289 0.00000
290 0.00000
291 0.00000
292 0.00000
293 0.00000
294 0.00000
295 0.00000
296 0.00000
297 0.00000
298 0.00000
299 0.00000
300 0.00000
301 0.00000
302 0.00000
303 0.00000
304 0.00000
305 0.00000
306 0.00000
307 0.00000
308 0.00000
309 0.00000
310 0.00000
311 0.00000
312 0.00000
313 0.00000
314 0.00000
315 0.00000
316 0.00000
317 0.00000
318 0.00000
319 0.00000
320 0.00000
321 0.00000
322 0.00000
323 0.00000
324 0.00000
325 0.00000
326 0.00000
327 0.00000
328 0.00000
329 0.00000
330 0.00000
331 0.00000
332 0.00000
333 0.00000
334 0.00000
335 0.00000
336 0.00000
337 0.00000
338 0.00000
339 0.00000
340 0.00000
341 0.00000
342 0.00000
343 0.00000
344 0.00000
345 0.00000
346 0.00000
347 0.00000
348 0.00000
349 0.00000
350 0.00000
351 0.00000
352 0.00000
353 0.00000
354 0.00000
355 0.00000
356 0.00000
357 0.00000
358 0.00000
359 0.00000
360 0.00000
361 0.00000
362 0.00000
363 0.00000
364 0.00000
365 0.00000
366 0.00000
367 0.00000
368 0.00000
369 0.00000
370 0.00000
371 0.00000
372 0.00000
373 0.00000
374 0.00000
375 0.00000
376 0.00000
377 0.00000
378 0.00000
379 0.00000
380 0.00000
381 0.00000
382 0.00000
383 0.00000
384 0.00000
385 0.00000
386 0.00000
387 0.00000
388 0.00000
389 0.00000
390 0.00000
391 0.00000
392 0.00000
393 0.00000
394 0.00000
395 0.00000
396 0.00000
397 0.00000
398 0.00000
399 0.00000
400 0.00000
401 0.00000
402 0.00000
403 0.00000
404 0.00000
405 0.00000
406 0.00000
407 0.00000
408 0.00000
409 0.00000
410 0.00000
411 0.00000
412 0.00000
413 0.00000
414 0.00000
415 0.00000
416 0.00000
417 0.00000
418 0.00000
419 0.00000
420 0.00000
421 0.00000
422 0.00000
423 0.00000
424 0.00000
425 0.00000
426 0.00000
427 0.00000
428 0.00000
429 0.00000
430 0.00000
431 0.00000
432 0.00000
433 0.00000
434 0.00000
435 0.00000
436 0.00000
437 0.00000
438 0.00000
439 0.00000
440 0.00000
441 0.00000
442 0.00000
443 0.00000
444 0.00000
445 0.00000
446 0.00000
447 0.00000
448 0.00000
449 0.00000
450 0.00000
451 0.00000
452 0.00000
453 0.00000
454 0.00000
455 0.00000
456 0.00000
457 0.00000
458 0.00000
459 0.00000
460 0.00000
461 0.00000
462 0.00000
463 0.00000
464 0.00000
465 0.00000
466 0.00000
467 0.00000
468 0.00000
469 0.00000
470 0.00000
471 0.00000
472 0.00000
473 0.00000
474 0.00000
475 0.00000
476 0.00000
477 0.00000
478 0.00000
479 0.00000
480 0.00000
481 0.00000
482 0.00000
483 0.00000
484 0.00000
485 0.00000
486 0.00000
487 0.00000
488 0.00000
489 0.00000
490 0.00000
491 0.00000
492 0.00000
493 0.00000
494 0.00000
495 0.00000
496 0.00000
497 0.00000
498 0.00000
499 0.00000
500 0.00000
501 0.00000
502 0.00000
503 0.00000
504 0.00000
505 0.00000
506 0.00000
507 0.00000
508 0.00000
509 0.00000
510 0.00000
511 0.00000
512 0.00000
513 0.00000
514 0.00000
515 0.00000
516 0.00000
517 0.00000
518 0.00000
519 0.00000
520 0.00000
521 0.00000
522 0.00000
523 0.00000
524 0.00000
525 0.00000
526 0.00000
527 0.00000
528 0.00000
529 0.00000
530 0.00000
531 0.00000
532 0.00000
533 0.00000
534 0.00000
535 0.00000
536 0.00000
537 0.00000
538 0.00000
539 0.00000
540 0.00000
541 0.00000
542 0.00000
543 0.00000
544 0.00000
545 0.00000
546 0.00000
547 0.00000
548 0.00000
549 0.00000
550 0.00000
551 0.00000
552 0.00000
553 0.00000
554 0.00000
555 0.00000
556 0.00000
557 0.00000
558 0.00000
559 0.00000
560 0.00000
561 0.00000
562 0.00000
563 0.00000
564 0.00000
565 0.00000
566 0.00000
567 0.00000
568 0.00000
569 0.00000
570 0.00000
571 0.00000
572 0.00000
573 0.00000
574 0.00000
575 0.00000
576 0.00000
577 0.00000
578 0.00000
579 0.00000
580 0.00000
581 0.00000
582 0.00000
583 0.00000
584 0.00000
585 0.00000
586 0.00000
587 0.00000
588 0.00000
589 0.00000
590 0.00000
591 0.00000
592 0.00000
593 0.00000
594 0.00000
595 0.00000
596 0.00000
597 0.00000
598 0.00000
599 0.00000
600 0.00000
601 0.00000
602 0.00000
603 0.00000
604 0.00000
605 0.00000
606 0.00000
607 0.00000
608 0.00000
609 0.00000
610 0.00000
611 0.00000
612 0.00000
613 0.00000
614 0.00000
615 0.00000
616 0.00000
617 0.00000
618 0.00000
619 0.00000
620 0.00000
621 0.00000
622 0.00000
623 0.00000
624 0.00000
625 0.00000
626 0.00000
627 0.00000
628 0.00000
629 0.00000
630 0.00000
631 0.00000
632 0.00000
633 0.00000
634 0.00000
635 0.00000
636 0.00000
637 0.00000
638 0.00000
639 0.00000
640 0.00000
641 0.00000
642 0.00000
643 0.00000
644 0.00000
645 0.00000
646 0.00000
647 0.00000
648 0.00000
649 0.00000
650 0.00000
651 0.00000
652 0.00000
653 0.00000
654 0.00000
655 0.00000
656 0.00000
657 0.00000
658 0.00000
659 0.00000
660 0.00000
661 0.00000
662 0.00000
663 0.00000
664 0.00000
665 0.00000
666 0.00000
667 0.00000
668 0.00000
669 0.00000
670 0.00000
671 0.00000
672 0.00000
673 0.00000
674 0.00000
675 0.00000
676 0.00000
677 0.00000
678 0.00000
679 0.00000
680 0.00000
681 0.00000
682 0.00000
683 0.00000
684 0.00000
685 0.00000
686 0.00000
687 0.00000
688 0.00000
689 0.00000
690 0.00000
691 0.00000
692 0.00000
693 0.00000
694 0.00000
695 0.00000
696 0.00000
697 0.00000
698 0.00000
699 0.00000
700 0.00000
701 0.00000
702 0.00000
703 0.00000
704 0.00000
705 0.00000
706 0.00000
707 0.00000
708 0.00000
709 0.00000
710 0.00000
711 0.00000
712 0.00000
713 0.00000
714 0.00000
715 0.00000
716 0.00000
717 0.00000
718 0.00000
719 0.00000
720 0.00000
721 0.00000
722 0.00000
723 0.00000
724 0.00000
725 0.00000
726 0.00000
727 0.00000
728 0.00000
729 0.00000
730 0.00000
731 0.00000
732 0.00000
733 0.00000
734 0.00000
735 0.00000
736 0.00000
737 0.00000
738 0.00000
739 0.00000
740 0.00000
741 0.00000
742 0.00000
743 0.00000
744 0.00000
745 0.00000
746 0.00000
747 0.00000
748 0.00000
749 0.00000
750 0.00000
751 0.00000
752 0.00000
753 0.00000
754 0.00000
755 0.00000
756 0.00000
757 0.00000
758 0.00000
759 0.00000
760 0.00000
761 0.00000
762 0.00000
763 0.00000
764 0.00000
765 0.00000
766 0.00000
767 0.00000
768 0.00000
769 0.00000
770 0.00000
771 0.00000
772 0.00000
773 0.00000
774 0.00000
775 0.00000
776 0.00000
777 0.00000
778 0.00000
779 0.00000
780 0.00000
781 0.00000
782 0.00000
783 0.00000
784 0.00000
785 0.00000
786 0.00000
787 0.00000
788 0.00000
789 0.00000
790 0.00000
791 0.00000
792 0.00000
793 0.00000
794 0.00000
795 0.00000
796 0.00000
797 0.00000
798 0.00000
799 0.00000
800 0.00000
801 0.00000
802 0.00000
803 0.00000
804 0.00000
805 0.00000
806 0.00000
807 0.00000
808 0.00000
809 0.00000
810 0.00000
811 0.00000
812 0.00000
813 0.00000
814 0.00000
815 0.00000
816 0.00000
817 0.00001
818 0.00001
819 0.00001
820 0.00001
821 0.00001
822 0.00001
823 0.00001
824 0.00001
825 0.00001
826 0.00001
827 0.00001
828 0.00001
829 0.00001
830 0.00002
831 0.00002
832 0.00002
833 0.00002
834 0.00002
835 0.00002
836 0.00003
837 0.00003
838 0.00003
839 0.00003
840 0.00004
841 0.00004
842 0.00004
843 0.00005
844 0.00005
845 0.00006
846 0.00006
847 0.00007
848 0.00008
849 0.00008
850 0.00009
851 0.00010
852 0.00011
853 0.00012
854 0.00013
855 0.00015
856 0.00016
857 0.00018
858 0.00019
859 0.00021
860 0.00024
861 0.00026
862 0.00028
863 0.00031
864 0.00035
865 0.00038
866 0.00042
867 0.00046
868 0.00051
869 0.00056
870 0.00062
871 0.00069
872 0.00076
873 0.00084
874 0.00093
875 0.00102
876 0.00113
877 0.00125
878 0.00138
879 0.00153
880 0.00170
881 0.00188
882 0.00208
883 0.00231
884 0.00256
885 0.00284
886 0.00315
887 0.00350
888 0.00388
889 0.00431
890 0.00479
891 0.00533
892 0.00592
893 0.00658
894 0.00733
895 0.00815
896 0.00907
897 0.01010
898 0.01125
899 0.01254
900 0.01398
901 0.01558
902 0.01738
903 0.01939
904 0.02164
905 0.02416
906 0.02698
907 0.03014
908 0.03367
909 0.03764
910 0.04209
911 0.04708
912 0.05131
913 0.05392
914 0.05709
915 0.06038
916 0.06258
917 0.06358
918 0.06498
919 0.06689
920 0.06953
921 0.07318
922 0.07204
923 0.07090
924 0.07597
925 0.07481
926 0.07365
927 0.08092
928 0.07973
929 0.07854
930 0.07736
931 0.08822
932 0.08698
933 0.08574
934 0.08452
935 0.08330
936 0.08209
937 0.08089
938 0.09798
939 0.09669
940 0.09540
941 0.09413
942 0.09286
943 0.09160
944 0.09034
945 0.08910
946 0.08786
947 0.08663
948 0.08541
949 0.08420
950 0.11349
951 0.11214
952 0.11079
953 0.10945
954 0.10811
955 0.10679
956 0.10547
957 0.10415
958 0.10285
959 0.10155
960 0.10026
961 0.09898
962 0.09770
963 0.09643
964 0.09517
965 0.09392
966 0.09268
967 0.09144
968 0.09022
969 0.08900
970 0.08779
971 0.08659
972 0.08539
973 0.14336
974 0.14194
975 0.14052
976 0.13912
977 0.13772
978 0.13632
979 0.13493
980 0.13354
981 0.13216
982 0.13079
983 0.12942
984 0.12806
985 0.12670
986 0.12535
987 0.12401
988 0.12267
989 0.12134
990 0.12001
991 0.11869
992 0.11738
993 0.11608
994 0.11478
995 0.11348
996 0.11220
997 0.11092
998 0.10965
999 0.10838
1000 0.10712
1001 0.10587
1002 0.10463
1003 0.10339
1004 0.10216
1005 0.10094
1006 0.09972
1007 0.09852
1008 0.09732
1009 0.09612
1010 0.09494
1011 0.09376
1012 0.09259
1013 0.09142
1014 0.09027
1015 0.08912
1016 0.08798
1017 0.08684
1018 0.08572
1019 0.08460
1020 0.08349
1021 0.08239
1022 0.08129
1023 0.08020
1024 0.07913
1025 0.07805
1026 0.23436
1027 0.23304
1028 0.23173
1029 0.23041
1030 0.22909
1031 0.22777
1032 0.22645
1033 0.22513
1034 0.22381
1035 0.22249
1036 0.22117
1037 0.21985
1038 0.21853
1039 0.21721
1040 0.21588
1041 0.21456
1042 0.21323
1043 0.21191
1044 0.21058
1045 0.20925
1046 0.20792
1047 0.20659
1048 0.20526
1049 0.20392
1050 0.20259
1051 0.20125
1052 0.19991
1053 0.19858
1054 0.19723
1055 0.19589
1056 0.19455
1057 0.19320
1058 0.19186
1059 0.19051
1060 0.18916
1061 0.18780
1062 0.18645
1063 0.18509
1064 0.18374
1065 0.18238
1066 0.18102
1067 0.17965
1068 0.17829
1069 0.17692
1070 0.17555
1071 0.17418
1072 0.17281
1073 0.17144
1074 0.17006
1075 0.16869
1076 0.16731
1077 0.16593
1078 0.16455
1079 0.16316
1080 0.16178
1081 0.16039
1082 0.15901
1083 0.15762
1084 0.15623
1085 0.15484
1086 0.15345
1087 0.15205
1088 0.15066
1089 0.14927
1090 0.14787
1091 0.14648
1092 0.14508
1093 0.14369
1094 0.14229
1095 0.14090
1096 0.13950
1097 0.13811
1098 0.13671
1099 0.13532
1100 0.13393
1101 0.13253
1102 0.13114
1103 0.12975
1104 0.12837
1105 0.12698
1106 0.12560
1107 0.12421
1108 0.12283
1109 0.12145
1110 0.12008
1111 0.11871
1112 0.11734
1113 0.11597
1114 0.11461
1115 0.11325
1116 0.11189
1117 0.11054
1118 0.10919
1119 0.10785
1120 0.10651
1121 0.10517
1122 0.10384
1123 0.10252
1124 0.10120
1125 0.09989
1126 0.09858
1127 0.09728
1128 0.09598
1129 0.09469
1130 0.09341
1131 0.09213
1132 0.09086
1133 0.08960
1134 0.08834
1135 0.08709
1136 0.08585
1137 0.08462
1138 0.08339
1139 0.08217
1140 0.08096
1141 0.07976
1142 0.07857
1143 0.07738
1144 0.07621
1145 0.07504
1146 0.07388
1147 0.07273
1148 0.07159
1149 0.07046
1150 0.06934
1151 0.06823
1152 0.06712
1153 0.06603
1154 0.06495
1155 0.06388
1156 0.06281
1157 0.06176
1158 0.06072
1159 0.05968
1160 0.05866
1161 0.05765
1162 0.05665
1163 0.05566
1164 0.05468
1165 0.05371
1166 0.05275
1167 0.05180
1168 0.05086
1169 0.04993
1170 0.04902
1171 0.04811
1172 0.04722
1173 0.04633
1174 0.04546
1175 0.04460
1176 0.04374
1177 0.04290
1178 0.04207
1179 0.04125
1180 0.04044
1181 0.03964
1182 0.03886
1183 0.03808
1184 0.03731
1185 0.03656
1186 0.03581
1187 0.03508
1188 0.03436
1189 0.03364
1190 0.03294
1191 0.03225
1192 0.03157
1193 0.03089
1194 0.03023
1195 0.02958
1196 0.02894
1197 0.02831
1198 0.02769
1199 0.02708
1200 0.02648
1201 0.02588
1202 0.02530
1203 0.02473
1204 0.02417
1205 0.02362
1206 0.02307
1207 0.02254
1208 0.02201
1209 0.02150
1210 0.02099
1211 0.02050
1212 0.02001
1213 0.01953
1214 0.01906
1215 0.01860
1216 1.00000
