17 0.92426
18 0.91783
19 0.91127
20 0.90459
21 0.89781
22 0.89092
23 0.88395
24 0.87688
25 0.86974
26 0.86252
27 0.85524
28 0.84789
29 0.84049
30 0.83304
31 0.82554
32 0.81800
33 0.81042
34 0.80282
35 0.79518
36 0.78753
37 0.77985
38 0.77216
39 0.76446
40 0.75675
41 0.74903
42 0.74132
43 0.73360
44 0.72590
45 0.71819
46 0.71050
47 0.70283
48 0.69517
49 0.68752
50 0.67990
51 0.67230
52 0.66473
53 0.65718
54 0.64967
55 0.64218
56 0.63473
57 0.62731
58 0.61993
59 0.61258
60 0.60528
61 0.59801
62 0.59079
63 0.58362
64 0.57648
65 0.56940
66 0.56236
67 0.55537
68 0.54842
69 0.54153
70 0.53469
71 0.52790
72 0.52117
73 0.51448
74 0.50786
75 0.50128
76 0.49476
77 0.48830
78 0.48189
79 0.47554
80 0.46925
81 0.46302
82 0.45684
83 0.45072
84 0.44466
85 0.43866
86 0.43272
87 0.42683
88 0.42101
89 0.41524
90 0.40954
91 0.40389
92 0.39830
93 0.39278
94 0.38731
95 0.38190
96 0.37655
97 0.37126
98 0.36603
99 0.36086
100 0.35575
101 0.35069
102 0.34570
103 0.34076
104 0.33588
105 0.33106
106 0.32629
107 0.32159
108 0.31694
109 0.31234
110 0.30781
111 0.30332
112 0.29890
113 0.29453
114 0.29021
115 0.28595
116 0.28175
117 0.27760
118 0.27350
119 0.26945
120 0.26546
121 0.26152
122 0.25763
123 0.25379
124 0.25000
125 0.24627
126 0.24258
127 0.23895
128 0.23536
129 0.23182
130 0.22833
131 0.22489
132 0.22149
133 0.21815
134 0.21485
135 0.21159
136 0.20838
137 0.20522
138 0.20210
139 0.19902
140 0.19599
141 0.19300
142 0.19005
143 0.18715
144 0.18429
145 0.18147
146 0.17869
147 0.17595
148 0.17325
149 0.17058
150 0.16796
151 0.16538
152 0.16283
153 0.16033
154 0.15786
155 0.15542
156 0.15303
157 0.15066
158 0.14834
159 0.14605
160 0.14379
161 0.14156
162 0.13937
163 0.13722
164 0.13509
165 0.13300
166 0.13094
167 0.12891
168 0.12692
169 0.12495
170 0.12301
171 0.12111
172 0.11923
173 0.11738
174 0.11556
175 0.11377
176 0.11200
177 0.11026
178 0.10855
179 0.10687
180 0.10521
181 0.10358
182 0.10198
183 0.10040
184 0.09884
185 0.09731
186 0.09580
187 0.09432
188 0.09286
189 0.09142
190 0.09001
191 0.08861
192 0.08724
193 0.08589
194 0.08457
195 0.08326
196 0.08198
197 0.08071
198 0.07947
199 0.07824
200 0.07703
201 0.07585
202 0.07468
203 0.07353
204 0.07240
205 0.07129
206 0.07020
207 0.06912
208 0.06806
209 0.06702
210 0.06599
211 0.06498
212 0.06399
213 0.06301
214 0.06205
215 0.06110
216 0.06017
217 0.05926
218 0.05836
219 0.05747
220 0.05660
221 0.05574
222 0.05490
223 0.05406
224 0.05325
225 0.05244
226 0.05165
227 0.05087
228 0.05011
229 0.04936
230 0.04861
231 0.04789
232 0.04717
233 0.04646
234 0.04577
235 0.04509
236 0.04441
237 0.04375
238 0.04310
239 0.04246
240 0.04183
241 0.04121
242 0.04060
243 0.04000
244 0.03941
245 0.03883
246 0.03826
247 0.03770
248 0.03715
249 0.03661
250 0.03607
251 0.03555
252 0.03503
253 0.03452
254 0.03402
255 0.03352
256 0.03304
257 0.03256
258 0.03209
259 0.03163
260 0.03118
261 0.03073
262 0.03029
263 0.02986
264 0.02943
265 0.02901
266 0.02860
267 0.02820
268 0.02780
269 0.02740
270 0.02702
271 0.02664
272 0.02626
273 0.02590
274 0.02553
275 0.02518
276 0.02483
277 0.02448
278 0.02414
279 0.02381
280 0.02348
281 0.02316
282 0.02284
283 0.02252
284 0.02222
285 0.02191
286 0.02161
287 0.02132
288 0.02103
289 0.02075
290 0.02047
291 0.02019
292 0.01992
293 0.01965
294 0.01939
295 0.01913
296 0.01888
297 0.01863
298 0.01838
299 0.01814
300 0.01790
301 0.01767
302 0.01743
303 0.01721
304 0.01698
305 0.01676
306 0.01655
307 0.01633
308 0.01612
309 0.01592
310 0.01571
311 0.01551
312 0.01531
313 0.01512
314 0.01493
315 0.01474
316 0.01455
317 0.01437
318 0.01419
319 0.01402
320 0.01384
321 0.01367
322 0.01350
323 0.01334
324 0.01317
325 0.01301
326 0.01285
327 0.01270
328 0.01254
329 0.01239
330 0.01224
331 0.01210
332 0.01195
333 0.01181
334 0.01167
335 0.01153
336 0.01140
337 0.01126
338 0.01113
339 0.01100
340 0.01087
341 0.01075
342 0.01062
343 0.01050
344 0.01038
345 0.01026
346 0.01015
347 0.01003
348 0.00992
349 0.00981
350 0.00970
351 0.00959
352 0.00948
353 0.00938
354 0.00928
355 0.00917
356 0.00907
357 0.00898
358 0.00888
359 0.00878
360 0.00869
361 0.00860
362 0.00850
363 0.00841
364 0.00833
365 0.00824
366 0.00815
367 0.00807
368 0.00798
369 0.00790
370 0.00782
371 0.00774
372 0.00766
373 0.00758
374 0.00751
375 0.00743
376 0.00736
377 0.00729
378 0.00721
379 0.00714
380 0.00707
381 0.00700
382 0.00694
383 0.00687
384 0.00680
385 0.00674
386 0.00668
387 0.00661
388 0.00655
389 0.00649
390 0.00643
391 0.00637
392 0.00631
393 0.00625
394 0.00620
395 0.00614
396 0.00609
397 0.00603
398 0.00598
399 0.00593
400 0.00587
401 0.00582
402 0.00577
403 0.00572
404 0.00567
405 0.00563
406 0.00558
407 0.00553
408 0.00549
409 0.00544
410 0.00540
411 0.00535
412 0.00531
413 0.00527
414 0.00522
415 0.00518
416 0.00514
417 0.00510
418 0.00506
419 0.00502
420 0.00498
421 0.00495
422 0.00491
423 0.00487
424 0.00483
425 0.00480
426 0.00476
427 0.00473
428 0.00469
429 0.00466
430 0.00463
431 0.00460
432 0.00456
433 0.00453
434 0.00450
435 0.00447
436 0.00444
437 0.00441
438 0.00438
439 0.00435
440 0.00432
441 0.00429
442 0.00427
443 0.00424
444 0.00421
445 0.00418
446 0.00416
447 0.00413
448 0.00411
449 0.00408
450 0.00406
451 0.00403
452 0.00401
453 0.00398
454 0.00396
455 0.00394
456 0.00392
457 0.00389
458 0.00387
459 0.00385
460 0.00383
461 0.00381
462 0.00379
463 0.00377
464 0.00375
465 0.00373
466 0.00371
467 0.00369
468 0.00367
469 0.00365
470 0.00364
471 0.00362
472 0.00360
473 0.00359
474 0.00357
475 0.00355
476 0.00354
477 0.00352
478 0.00350
479 0.00349
480 0.00347
481 0.00346
482 0.00345
483 0.00343
484 0.00342
485 0.00340
486 0.00339
487 0.00338
488 0.00336
489 0.00335
490 0.00334
491 0.00333
492 0.00331
493 0.00330
494 0.00329
495 0.00328
496 0.00327
497 0.00326
498 0.00325
499 0.00324
500 0.00323
501 0.00322
502 0.00321
503 0.00320
504 0.00319
505 0.00318
506 0.00317
507 0.00316
508 0.00316
509 0.00315
510 0.00314
511 0.00313
512 0.00313
513 0.00312
514 0.00311
515 0.00311
516 0.00310
517 0.00309
518 0.00309
519 0.00308
520 0.00308
521 0.00307
522 0.00307
523 0.00306
524 0.00306
525 0.00305
526 0.00305
527 0.00304
528 0.00304
529 0.00304
530 0.00303
531 0.00303
532 0.00303
533 0.00302
534 0.00302
535 0.00302
536 0.00302
537 0.00301
538 0.00301
539 0.00301
540 0.00301
541 0.00301
542 0.00301
543 0.00301
544 0.00301
545 0.00301
546 0.00301
547 0.00301
548 0.00301
549 0.00301
550 0.00301
551 0.00301
552 0.00301
553 0.00301
554 0.00301
555 0.00301
556 0.00302
557 0.00302
558 0.00302
559 0.00302
560 0.00303
561 0.00303
562 0.00303
563 0.00304
564 0.00304
565 0.00304
566 0.00305
567 0.00305
568 0.00306
569 0.00306
570 0.00307
571 0.00307
572 0.00308
573 0.00308
574 0.00309
575 0.00309
576 0.00310
577 0.00310
578 0.00311
579 0.00312
580 0.00312
581 0.00313
582 0.00314
583 0.00314
584 0.00315
585 0.00316
586 0.00317
587 0.00318
588 0.00318
589 0.00319
590 0.00320
591 0.00321
592 0.00322
593 0.00323
594 0.00324
595 0.00325
596 0.00326
597 0.00327
598 0.00329
599 0.00330
600 0.00331
601 0.00332
602 0.00333
603 0.00335
604 0.00336
605 0.00337
606 0.00338
607 0.00340
608 0.00341
609 0.00343
610 0.00344
611 0.00346
612 0.00347
613 0.00349
614 0.00350
615 0.00352
616 0.00354
617 0.00355
618 0.00357
619 0.00359
620 0.00361
621 0.00362
622 0.00364
623 0.00366
624 0.00368
625 0.00370
626 0.00372
627 0.00374
628 0.00376
629 0.00379
630 0.00381
631 0.00383
632 0.00385
633 0.00388
634 0.00390
635 0.00392
636 0.00395
637 0.00397
638 0.00400
639 0.00402
640 0.00405
641 0.00408
642 0.00410
643 0.00413
644 0.00416
645 0.00419
646 0.00422
647 0.00425
648 0.00428
649 0.00431
650 0.00434
651 0.00437
652 0.00440
653 0.00444
654 0.00447
655 0.00450
656 0.00454
657 0.00457
658 0.00461
659 0.00465
660 0.00468
661 0.00472
662 0.00476
663 0.00480
664 0.00484
665 0.00488
666 0.00492
667 0.00496
668 0.00501
669 0.00505
670 0.00510
671 0.00514
672 0.00519
673 0.00523
674 0.00528
675 0.00533
676 0.00538
677 0.00543
678 0.00548
679 0.00553
680 0.00559
681 0.00564
682 0.00570
683 0.00575
684 0.00581
685 0.00587
686 0.00593
687 0.00599
688 0.00605
689 0.00611
690 0.00617
691 0.00624
692 0.00630
693 0.00637
694 0.00644
695 0.00651
696 0.00658
697 0.00665
698 0.00673
699 0.00680
700 0.00688
701 0.00695
702 0.00703
703 0.00711
704 0.00719
705 0.00728
706 0.00736
707 0.00745
708 0.00754
709 0.00763
710 0.00772
711 0.00781
712 0.00791
713 0.00800
714 0.00810
715 0.00820
716 0.00831
717 0.00841
718 0.00852
719 0.00862
720 0.00874
721 0.00885
722 0.00896
723 0.00908
724 0.00920
725 0.00932
726 0.00944
727 0.00957
728 0.00970
729 0.00983
730 0.00997
731 0.01010
732 0.01024
733 0.01038
734 0.01053
735 0.01068
736 0.01083
737 0.01098
738 0.01114
739 0.01130
740 0.01146
741 0.01163
742 0.01180
743 0.01197
744 0.01215
745 0.01233
746 0.01251
747 0.01270
748 0.01289
749 0.01309
750 0.01329
751 0.01350
752 0.01370
753 0.01392
754 0.01414
755 0.01436
756 0.01458
757 0.01482
758 0.01505
759 0.01529
760 0.01554
761 0.01579
762 0.01605
763 0.01631
764 0.01658
765 0.01686
766 0.01714
767 0.01743
768 0.01772
769 0.01802
770 0.01833
771 0.01864
772 0.01896
773 0.01929
774 0.01962
775 0.01996
776 0.02031
777 0.02067
778 0.02103
779 0.02141
780 0.02179
781 0.02218
782 0.02258
783 0.02299
784 0.02341
785 0.02384
786 0.02428
787 0.02472
788 0.02518
789 0.02565
790 0.02613
791 0.02662
792 0.02713
793 0.02764
794 0.02817
795 0.02871
796 0.02926
797 0.02983
798 0.03041
799 0.03100
800 0.03161
801 0.03223
802 0.03287
803 0.03352
804 0.03419
805 0.03488
806 0.03558
807 0.03630
808 0.03704
809 0.03779
810 0.03857
811 0.03936
812 0.04017
813 0.04101
814 0.04186
815 0.04274
816 0.04364
817 0.04456
818 0.04550
819 0.04647
820 0.04746
821 0.04848
822 0.04953
823 0.05060
824 0.05170
825 0.05283
826 0.05399
827 0.05518
828 0.05640
829 0.05765
830 0.05893
831 0.06025
832 0.06160
833 0.06299
834 0.06442
835 0.06588
836 0.06739
837 0.06893
838 0.07052
839 0.07215
840 0.07382
841 0.07554
842 0.07730
843 0.07912
844 0.08098
845 0.08289
846 0.08486
847 0.08688
848 0.08896
849 0.09110
850 0.09329
851 0.09555
852 0.09787
853 0.10026
854 0.10271
855 0.10523
856 0.10783
857 0.11050
858 0.11324
859 0.11607
860 0.11897
861 0.12196
862 0.12503
863 0.12820
864 0.13145
865 0.13481
866 0.13825
867 0.14180
868 0.14546
869 0.14922
870 0.15310
871 0.15708
872 0.16119
873 0.16542
874 0.16978
875 0.17426
876 0.17888
877 0.18365
878 0.18855
879 0.19360
880 0.19881
881 0.20418
882 0.20971
883 0.21541
884 0.22128
885 0.22734
886 0.23359
887 0.24002
888 0.24666
889 0.25351
890 0.26056
891 0.26784
892 0.27535
893 0.28310
894 0.29109
895 0.29934
896 0.30784
897 0.31662
898 0.32568
899 0.33503
900 0.34467
901 0.35464
902 0.36492
903 0.37553
904 0.38649
905 0.39781
906 0.40950
907 0.42157
908 0.43403
909 0.44691
910 0.46021
911 0.47395
912 0.48500
913 0.48986
914 0.49545
915 0.50098
916 0.50463
917 0.50640
918 0.50872
919 0.51175
920 0.51572
921 0.52094
922 0.51961
923 0.51828
924 0.52527
925 0.52395
926 0.52263
927 0.53216
928 0.53085
929 0.52955
930 0.52824
931 0.54166
932 0.54037
933 0.53909
934 0.53780
935 0.53651
936 0.53522
937 0.53393
938 0.55374
939 0.55248
940 0.55122
941 0.54996
942 0.54870
943 0.54744
944 0.54618
945 0.54492
946 0.54365
947 0.54239
948 0.54113
949 0.53986
950 0.57124
951 0.57003
952 0.56881
953 0.56760
954 0.56638
955 0.56517
956 0.56395
957 0.56273
958 0.56151
959 0.56029
960 0.55907
961 0.55785
962 0.55663
963 0.55540
964 0.55418
965 0.55296
966 0.55173
967 0.55051
968 0.54928
969 0.54806
970 0.54683
971 0.54560
972 0.54438
973 0.60025
974 0.59911
975 0.59798
976 0.59684
977 0.59570
978 0.59456
979 0.59342
980 0.59228
981 0.59114
982 0.59000
983 0.58885
984 0.58771
985 0.58657
986 0.58542
987 0.58427
988 0.58313
989 0.58198
990 0.58083
991 0.57968
992 0.57853
993 0.57738
994 0.57623
995 0.57507
996 0.57392
997 0.57277
998 0.57161
999 0.57046
1000 0.56930
1001 0.56815
1002 0.56699
1003 0.56583
1004 0.56467
1005 0.56351
1006 0.56235
1007 0.56119
1008 0.56003
1009 0.55887
1010 0.55771
1011 0.55655
1012 0.55538
1013 0.55422
1014 0.55305
1015 0.55189
1016 0.55072
1017 0.54956
1018 0.54839
1019 0.54722
1020 0.54606
1021 0.54489
1022 0.54372
1023 0.54255
1024 0.54138
1025 0.54021
1026 0.66456
1027 0.66360
1028 0.66264
1029 0.66169
1030 0.66073
1031 0.65977
1032 0.65881
1033 0.65785
1034 0.65689
1035 0.65593
1036 0.65496
1037 0.65400
1038 0.65303
1039 0.65206
1040 0.65110
1041 0.65013
1042 0.64916
1043 0.64819
1044 0.64721
1045 0.64624
1046 0.64527
1047 0.64429
1048 0.64332
1049 0.64234
1050 0.64136
1051 0.64038
1052 0.63940
1053 0.63842
1054 0.63744
1055 0.63646
1056 0.63548
1057 0.63449
1058 0.63351
1059 0.63252
1060 0.63154
1061 0.63055
1062 0.62956
1063 0.62857
1064 0.62758
1065 0.62659
1066 0.62560
1067 0.62461
1068 0.62361
1069 0.62262
1070 0.62162
1071 0.62063
1072 0.61963
1073 0.61863
1074 0.61763
1075 0.61663
1076 0.61563
1077 0.61463
1078 0.61363
1079 0.61263
1080 0.61162
1081 0.61062
1082 0.60962
1083 0.60861
1084 0.60760
1085 0.60660
1086 0.60559
1087 0.60458
1088 0.60357
1089 0.60256
1090 0.60155
1091 0.60054
1092 0.59953
1093 0.59851
1094 0.59750
1095 0.59648
1096 0.59547
1097 0.59445
1098 0.59344
1099 0.59242
1100 0.59140
1101 0.59038
1102 0.58937
1103 0.58835
1104 0.58733
1105 0.58630
1106 0.58528
1107 0.58426
1108 0.58324
1109 0.58221
1110 0.58119
1111 0.58017
1112 0.57914
1113 0.57811
1114 0.57709
1115 0.57606
1116 0.57503
1117 0.57401
1118 0.57298
1119 0.57195
1120 0.57092
1121 0.56989
1122 0.56886
1123 0.56783
1124 0.56679
1125 0.56576
1126 0.56473
1127 0.56369
1128 0.56266
1129 0.56163
1130 0.56059
1131 0.55956
1132 0.55852
1133 0.55748
1134 0.55645
1135 0.55541
1136 0.55437
1137 0.55333
1138 0.55230
1139 0.55126
1140 0.55022
1141 0.54918
1142 0.54814
1143 0.54710
1144 0.54606
1145 0.54502
1146 0.54397
1147 0.54293
1148 0.54189
1149 0.54085
1150 0.53980
1151 0.53876
1152 0.53772
1153 0.53667
1154 0.53563
1155 0.53458
1156 0.53354
1157 0.53249
1158 0.53145
1159 0.53040
1160 0.52935
1161 0.52831
1162 0.52726
1163 0.52621
1164 0.52516
1165 0.52412
1166 0.52307
1167 0.52202
1168 0.52097
1169 0.51992
1170 0.51887
1171 0.51783
1172 0.51678
1173 0.51573
1174 0.51468
1175 0.51363
1176 0.51258
1177 0.51153
1178 0.51048
1179 0.50943
1180 0.50838
1181 0.50732
1182 0.50627
1183 0.50522
1184 0.50417
1185 0.50312
1186 0.50207
1187 0.50102
1188 0.49996
1189 0.49891
1190 0.49786
1191 0.49681
1192 0.49576
1193 0.49470
1194 0.49365
1195 0.49260
1196 0.49155
1197 0.49049
1198 0.48944
1199 0.48839
1200 0.48734
1201 0.48628
1202 0.48523
1203 0.48418
1204 0.48313
1205 0.48207
1206 0.48102
1207 0.47997
1208 0.47892
1209 0.47786
1210 0.47681
1211 0.47576
1212 0.47471
1213 0.47365
1214 0.47260
1215 0.47155
1216 1.00000
