17 0.95152
18 0.94734
19 0.94306
20 0.93870
21 0.93425
22 0.92972
23 0.92512
24 0.92045
25 0.91571
26 0.91091
27 0.90605
28 0.90113
29 0.89615
30 0.89113
31 0.88606
32 0.88095
33 0.87579
34 0.87059
35 0.86536
36 0.86009
37 0.85479
38 0.84946
39 0.84410
40 0.83872
41 0.83331
42 0.82788
43 0.82243
44 0.81697
45 0.81149
46 0.80599
47 0.80048
48 0.79496
49 0.78944
50 0.78390
51 0.77836
52 0.77281
53 0.76726
54 0.76171
55 0.75615
56 0.75060
57 0.74505
58 0.73950
59 0.73396
60 0.72842
61 0.72289
62 0.71737
63 0.71185
64 0.70635
65 0.70085
66 0.69537
67 0.68990
68 0.68444
69 0.67899
70 0.67356
71 0.66815
72 0.66275
73 0.65738
74 0.65201
75 0.64667
76 0.64135
77 0.63604
78 0.63076
79 0.62550
80 0.62026
81 0.61504
82 0.60984
83 0.60467
84 0.59952
85 0.59440
86 0.58930
87 0.58423
88 0.57918
89 0.57415
90 0.56916
91 0.56419
92 0.55925
93 0.55433
94 0.54944
95 0.54458
96 0.53975
97 0.53495
98 0.53017
99 0.52543
100 0.52071
101 0.51603
102 0.51137
103 0.50674
104 0.50214
105 0.49758
106 0.49304
107 0.48853
108 0.48406
109 0.47961
110 0.47520
111 0.47082
112 0.46646
113 0.46214
114 0.45785
115 0.45359
116 0.44936
117 0.44517
118 0.44100
119 0.43687
120 0.43276
121 0.42869
122 0.42465
123 0.42064
124 0.41666
125 0.41272
126 0.40880
127 0.40492
128 0.40106
129 0.39724
130 0.39345
131 0.38969
132 0.38596
133 0.38226
134 0.37860
135 0.37496
136 0.37135
137 0.36778
138 0.36423
139 0.36072
140 0.35723
141 0.35378
142 0.35035
143 0.34696
144 0.34359
145 0.34026
146 0.33695
147 0.33367
148 0.33043
149 0.32721
150 0.32402
151 0.32086
152 0.31773
153 0.31462
154 0.31155
155 0.30850
156 0.30548
157 0.30249
158 0.29953
159 0.29659
160 0.29368
161 0.29080
162 0.28795
163 0.28512
164 0.28232
165 0.27955
166 0.27680
167 0.27408
168 0.27139
169 0.26872
170 0.26607
171 0.26346
172 0.26086
173 0.25830
174 0.25575
175 0.25324
176 0.25074
177 0.24828
178 0.24583
179 0.24341
180 0.24102
181 0.23865
182 0.23630
183 0.23397
184 0.23167
185 0.22939
186 0.22714
187 0.22490
188 0.22269
189 0.22050
190 0.21834
191 0.21619
192 0.21407
193 0.21197
194 0.20989
195 0.20783
196 0.20579
197 0.20378
198 0.20178
199 0.19981
200 0.19785
201 0.19592
202 0.19400
203 0.19211
204 0.19023
205 0.18837
206 0.18654
207 0.18472
208 0.18292
209 0.18114
210 0.17938
211 0.17764
212 0.17591
213 0.17421
214 0.17252
215 0.17085
216 0.16919
217 0.16756
218 0.16594
219 0.16434
220 0.16275
221 0.16118
222 0.15963
223 0.15810
224 0.15658
225 0.15508
226 0.15359
227 0.15212
228 0.15067
229 0.14923
230 0.14780
231 0.14639
232 0.14500
233 0.14362
234 0.14226
235 0.14091
236 0.13957
237 0.13825
238 0.13695
239 0.13565
240 0.13437
241 0.13311
242 0.13186
243 0.13062
244 0.12940
245 0.12819
246 0.12699
247 0.12580
248 0.12463
249 0.12347
250 0.12232
251 0.12119
252 0.12007
253 0.11896
254 0.11786
255 0.11677
256 0.11570
257 0.11463
258 0.11358
259 0.11254
260 0.11152
261 0.11050
262 0.10949
263 0.10850
264 0.10751
265 0.10654
266 0.10557
267 0.10462
268 0.10368
269 0.10275
270 0.10183
271 0.10091
272 0.10001
273 0.09912
274 0.09824
275 0.09737
276 0.09650
277 0.09565
278 0.09480
279 0.09397
280 0.09314
281 0.09233
282 0.09152
283 0.09072
284 0.08993
285 0.08915
286 0.08837
287 0.08761
288 0.08685
289 0.08610
290 0.08536
291 0.08463
292 0.08391
293 0.08319
294 0.08249
295 0.08178
296 0.08109
297 0.08041
298 0.07973
299 0.07906
300 0.07840
301 0.07774
302 0.07709
303 0.07645
304 0.07582
305 0.07519
306 0.07457
307 0.07396
308 0.07335
309 0.07275
310 0.07216
311 0.07157
312 0.07099
313 0.07041
314 0.06985
315 0.06928
316 0.06873
317 0.06818
318 0.06764
319 0.06710
320 0.06657
321 0.06604
322 0.06552
323 0.06501
324 0.06450
325 0.06399
326 0.06350
327 0.06300
328 0.06252
329 0.06204
330 0.06156
331 0.06109
332 0.06062
333 0.06016
334 0.05971
335 0.05926
336 0.05881
337 0.05837
338 0.05793
339 0.05750
340 0.05708
341 0.05665
342 0.05624
343 0.05583
344 0.05542
345 0.05501
346 0.05462
347 0.05422
348 0.05383
349 0.05344
350 0.05306
351 0.05268
352 0.05231
353 0.05194
354 0.05158
355 0.05122
356 0.05086
357 0.05051
358 0.05016
359 0.04981
360 0.04947
361 0.04913
362 0.04880
363 0.04847
364 0.04814
365 0.04782
366 0.04750
367 0.04718
368 0.04687
369 0.04656
370 0.04625
371 0.04595
372 0.04565
373 0.04536
374 0.04506
375 0.04477
376 0.04449
377 0.04421
378 0.04393
379 0.04365
380 0.04338
381 0.04311
382 0.04284
383 0.04257
384 0.04231
385 0.04205
386 0.04180
387 0.04155
388 0.04130
389 0.04105
390 0.04081
391 0.04056
392 0.04033
393 0.04009
394 0.03986
395 0.03963
396 0.03940
397 0.03917
398 0.03895
399 0.03873
400 0.03851
401 0.03830
402 0.03808
403 0.03787
404 0.03766
405 0.03746
406 0.03725
407 0.03705
408 0.03686
409 0.03666
410 0.03646
411 0.03627
412 0.03608
413 0.03590
414 0.03571
415 0.03553
416 0.03535
417 0.03517
418 0.03499
419 0.03482
420 0.03465
421 0.03448
422 0.03431
423 0.03414
424 0.03398
425 0.03381
426 0.03365
427 0.03350
428 0.03334
429 0.03318
430 0.03303
431 0.03288
432 0.03273
433 0.03259
434 0.03244
435 0.03230
436 0.03215
437 0.03202
438 0.03188
439 0.03174
440 0.03161
441 0.03147
442 0.03134
443 0.03121
444 0.03108
445 0.03096
446 0.03083
447 0.03071
448 0.03059
449 0.03047
450 0.03035
451 0.03024
452 0.03012
453 0.03001
454 0.02990
455 0.02979
456 0.02968
457 0.02957
458 0.02946
459 0.02936
460 0.02926
461 0.02916
462 0.02906
463 0.02896
464 0.02886
465 0.02877
466 0.02867
467 0.02858
468 0.02849
469 0.02840
470 0.02831
471 0.02822
472 0.02814
473 0.02805
474 0.02797
475 0.02789
476 0.02781
477 0.02773
478 0.02765
479 0.02758
480 0.02750
481 0.02743
482 0.02736
483 0.02728
484 0.02721
485 0.02715
486 0.02708
487 0.02701
488 0.02695
489 0.02688
490 0.02682
491 0.02676
492 0.02670
493 0.02664
494 0.02658
495 0.02653
496 0.02647
497 0.02642
498 0.02637
499 0.02631
500 0.02626
501 0.02621
502 0.02617
503 0.02612
504 0.02607
505 0.02603
506 0.02599
507 0.02594
508 0.02590
509 0.02586
510 0.02582
511 0.02578
512 0.02574
513 0.02571
514 0.02567
515 0.02564
516 0.02560
517 0.02557
518 0.02554
519 0.02551
520 0.02548
521 0.02545
522 0.02543
523 0.02540
524 0.02538
525 0.02535
526 0.02533
527 0.02531
528 0.02529
529 0.02527
530 0.02525
531 0.02523
532 0.02521
533 0.02520
534 0.02519
535 0.02517
536 0.02516
537 0.02515
538 0.02514
539 0.02513
540 0.02512
541 0.02511
542 0.02511
543 0.02510
544 0.02510
545 0.02509
546 0.02509
547 0.02509
548 0.02509
549 0.02509
550 0.02510
551 0.02510
552 0.02510
553 0.02511
554 0.02512
555 0.02513
556 0.02513
557 0.02514
558 0.02516
559 0.02517
560 0.02518
561 0.02520
562 0.02521
563 0.02523
564 0.02525
565 0.02527
566 0.02529
567 0.02531
568 0.02533
569 0.02535
570 0.02537
571 0.02540
572 0.02542
573 0.02545
574 0.02548
575 0.02551
576 0.02554
577 0.02557
578 0.02560
579 0.02564
580 0.02567
581 0.02571
582 0.02575
583 0.02579
584 0.02583
585 0.02587
586 0.02591
587 0.02595
588 0.02600
589 0.02605
590 0.02609
591 0.02614
592 0.02619
593 0.02624
594 0.02630
595 0.02635
596 0.02641
597 0.02646
598 0.02652
599 0.02658
600 0.02664
601 0.02670
602 0.02677
603 0.02683
604 0.02690
605 0.02697
606 0.02704
607 0.02711
608 0.02718
609 0.02725
610 0.02733
611 0.02740
612 0.02748
613 0.02756
614 0.02764
615 0.02773
616 0.02781
617 0.02790
618 0.02798
619 0.02807
620 0.02816
621 0.02825
622 0.02835
623 0.02844
624 0.02854
625 0.02864
626 0.02874
627 0.02884
628 0.02895
629 0.02905
630 0.02916
631 0.02927
632 0.02938
633 0.02949
634 0.02961
635 0.02972
636 0.02984
637 0.02996
638 0.03009
639 0.03021
640 0.03034
641 0.03046
642 0.03060
643 0.03073
644 0.03086
645 0.03100
646 0.03114
647 0.03128
648 0.03142
649 0.03157
650 0.03171
651 0.03186
652 0.03201
653 0.03217
654 0.03233
655 0.03248
656 0.03265
657 0.03281
658 0.03297
659 0.03314
660 0.03331
661 0.03349
662 0.03366
663 0.03384
664 0.03402
665 0.03421
666 0.03439
667 0.03458
668 0.03478
669 0.03497
670 0.03517
671 0.03536
672 0.03556
673 0.03576
674 0.03596
675 0.03616
676 0.03637
677 0.03658
678 0.03679
679 0.03701
680 0.03723
681 0.03745
682 0.03768
683 0.03791
684 0.03814
685 0.03837
686 0.03861
687 0.03886
688 0.03910
689 0.03935
690 0.03960
691 0.03986
692 0.04012
693 0.04038
694 0.04065
695 0.04092
696 0.04120
697 0.04148
698 0.04176
699 0.04204
700 0.04234
701 0.04263
702 0.04293
703 0.04323
704 0.04354
705 0.04385
706 0.04417
707 0.04449
708 0.04482
709 0.04515
710 0.04548
711 0.04582
712 0.04617
713 0.04652
714 0.04687
715 0.04723
716 0.04760
717 0.04797
718 0.04834
719 0.04872
720 0.04911
721 0.04950
722 0.04990
723 0.05030
724 0.05071
725 0.05112
726 0.05155
727 0.05197
728 0.05241
729 0.05285
730 0.05329
731 0.05374
732 0.05420
733 0.05467
734 0.05514
735 0.05562
736 0.05611
737 0.05660
738 0.05710
739 0.05761
740 0.05813
741 0.05865
742 0.05918
743 0.05972
744 0.06027
745 0.06082
746 0.06139
747 0.06196
748 0.06254
749 0.06313
750 0.06373
751 0.06434
752 0.06495
753 0.06558
754 0.06621
755 0.06686
756 0.06751
757 0.06818
758 0.06885
759 0.06954
760 0.07023
761 0.07094
762 0.07166
763 0.07239
764 0.07312
765 0.07388
766 0.07464
767 0.07541
768 0.07620
769 0.07700
770 0.07781
771 0.07863
772 0.07947
773 0.08032
774 0.08118
775 0.08206
776 0.08295
777 0.08386
778 0.08477
779 0.08571
780 0.08666
781 0.08762
782 0.08860
783 0.08960
784 0.09061
785 0.09163
786 0.09268
787 0.09374
788 0.09482
789 0.09591
790 0.09703
791 0.09816
792 0.09931
793 0.10048
794 0.10167
795 0.10288
796 0.10410
797 0.10535
798 0.10662
799 0.10791
800 0.10922
801 0.11056
802 0.11191
803 0.11329
804 0.11469
805 0.11612
806 0.11757
807 0.11904
808 0.12054
809 0.12207
810 0.12362
811 0.12520
812 0.12680
813 0.12843
814 0.13009
815 0.13178
816 0.13350
817 0.13525
818 0.13703
819 0.13884
820 0.14068
821 0.14255
822 0.14446
823 0.14640
824 0.14837
825 0.15038
826 0.15242
827 0.15450
828 0.15662
829 0.15878
830 0.16097
831 0.16320
832 0.16548
833 0.16779
834 0.17015
835 0.17255
836 0.17499
837 0.17748
838 0.18001
839 0.18259
840 0.18522
841 0.18789
842 0.19062
843 0.19339
844 0.19621
845 0.19909
846 0.20202
847 0.20501
848 0.20805
849 0.21115
850 0.21431
851 0.21752
852 0.22080
853 0.22414
854 0.22754
855 0.23101
856 0.23454
857 0.23815
858 0.24182
859 0.24556
860 0.24937
861 0.25325
862 0.25722
863 0.26125
864 0.26537
865 0.26957
866 0.27384
867 0.27821
868 0.28265
869 0.28719
870 0.29181
871 0.29653
872 0.30134
873 0.30625
874 0.31125
875 0.31635
876 0.32156
877 0.32686
878 0.33228
879 0.33781
880 0.34344
881 0.34919
882 0.35506
883 0.36105
884 0.36716
885 0.37339
886 0.37975
887 0.38625
888 0.39287
889 0.39964
890 0.40654
891 0.41359
892 0.42078
893 0.42812
894 0.43562
895 0.44327
896 0.45108
897 0.45906
898 0.46721
899 0.47553
900 0.48402
901 0.49270
902 0.50156
903 0.51061
904 0.51985
905 0.52930
906 0.53894
907 0.54879
908 0.55886
909 0.56915
910 0.57965
911 0.59039
912 0.59891
913 0.62130
914 0.63676
915 0.64779
916 0.65411
917 0.65723
918 0.66081
919 0.66496
920 0.66984
921 0.67568
922 0.67466
923 0.67363
924 0.68083
925 0.67981
926 0.67880
927 0.68792
928 0.68693
929 0.68593
930 0.68493
931 0.69694
932 0.69597
933 0.69500
934 0.69403
935 0.69306
936 0.69208
937 0.69111
938 0.70781
939 0.70687
940 0.70593
941 0.70499
942 0.70405
943 0.70311
944 0.70217
945 0.70123
946 0.70028
947 0.69933
948 0.69839
949 0.69744
950 0.72252
951 0.72163
952 0.72074
953 0.71985
954 0.71896
955 0.71806
956 0.71717
957 0.71627
958 0.71538
959 0.71448
960 0.71358
961 0.71268
962 0.71177
963 0.71087
964 0.70996
965 0.70906
966 0.70815
967 0.70724
968 0.70633
969 0.70542
970 0.70451
971 0.70359
972 0.70268
973 0.74521
974 0.74440
975 0.74359
976 0.74278
977 0.74196
978 0.74115
979 0.74033
980 0.73951
981 0.73869
982 0.73787
983 0.73705
984 0.73623
985 0.73540
986 0.73458
987 0.73375
988 0.73292
989 0.73209
990 0.73126
991 0.73043
992 0.72960
993 0.72876
994 0.72793
995 0.72709
996 0.72625
997 0.72541
998 0.72457
999 0.72373
1000 0.72289
1001 0.72205
1002 0.72120
1003 0.72035
1004 0.71951
1005 0.71866
1006 0.71781
1007 0.71696
1008 0.71611
1009 0.71525
1010 0.71440
1011 0.71354
1012 0.71268
1013 0.71183
1014 0.71097
1015 0.71011
1016 0.70924
1017 0.70838
1018 0.70752
1019 0.70665
1020 0.70579
1021 0.70492
1022 0.70405
1023 0.70318
1024 0.70231
1025 0.70144
1026 0.79157
1027 0.79092
1028 0.79027
1029 0.78962
1030 0.78897
1031 0.78831
1032 0.78766
1033 0.78700
1034 0.78635
1035 0.78569
1036 0.78503
1037 0.78437
1038 0.78371
1039 0.78304
1040 0.78238
1041 0.78171
1042 0.78105
1043 0.78038
1044 0.77971
1045 0.77904
1046 0.77837
1047 0.77770
1048 0.77703
1049 0.77635
1050 0.77568
1051 0.77500
1052 0.77433
1053 0.77365
1054 0.77297
1055 0.77229
1056 0.77161
1057 0.77092
1058 0.77024
1059 0.76956
1060 0.76887
1061 0.76818
1062 0.76750
1063 0.76681
1064 0.76612
1065 0.76543
1066 0.76473
1067 0.76404
1068 0.76335
1069 0.76265
1070 0.76196
1071 0.76126
1072 0.76056
1073 0.75986
1074 0.75916
1075 0.75846
1076 0.75776
1077 0.75705
1078 0.75635
1079 0.75564
1080 0.75493
1081 0.75423
1082 0.75352
1083 0.75281
1084 0.75210
1085 0.75139
1086 0.75067
1087 0.74996
1088 0.74924
1089 0.74853
1090 0.74781
1091 0.74709
1092 0.74637
1093 0.74565
1094 0.74493
1095 0.74421
1096 0.74349
1097 0.74276
1098 0.74204
1099 0.74131
1100 0.74058
1101 0.73985
1102 0.73912
1103 0.73839
1104 0.73766
1105 0.73693
1106 0.73620
1107 0.73546
1108 0.73473
1109 0.73399
1110 0.73325
1111 0.73252
1112 0.73178
1113 0.73104
1114 0.73030
1115 0.72955
1116 0.72881
1117 0.72807
1118 0.72732
1119 0.72658
1120 0.72583
1121 0.72508
1122 0.72433
1123 0.72358
1124 0.72283
1125 0.72208
1126 0.72133
1127 0.72057
1128 0.71982
1129 0.71906
1130 0.71831
1131 0.71755
1132 0.71679
1133 0.71603
1134 0.71527
1135 0.71451
1136 0.71375
1137 0.71298
1138 0.71222
1139 0.71145
1140 0.71069
1141 0.70992
1142 0.70915
1143 0.70838
1144 0.70762
1145 0.70684
1146 0.70607
1147 0.70530
1148 0.70453
1149 0.70375
1150 0.70298
1151 0.70220
1152 0.70143
1153 0.70065
1154 0.69987
1155 0.69909
1156 0.69831
1157 0.69753
1158 0.69675
1159 0.69596
1160 0.69518
1161 0.69439
1162 0.69361
1163 0.69282
1164 0.69204
1165 0.69125
1166 0.69046
1167 0.68967
1168 0.68888
1169 0.68809
1170 0.68729
1171 0.68650
1172 0.68571
1173 0.68491
1174 0.68411
1175 0.68332
1176 0.68252
1177 0.68172
1178 0.68092
1179 0.68012
1180 0.67932
1181 0.67852
1182 0.67772
1183 0.67691
1184 0.67611
1185 0.67530
1186 0.67450
1187 0.67369
1188 0.67289
1189 0.67208
1190 0.67127
1191 0.67046
1192 0.66965
1193 0.66884
1194 0.66802
1195 0.66721
1196 0.66640
1197 0.66558
1198 0.66477
1199 0.66395
1200 0.66314
1201 0.66232
1202 0.66150
1203 0.66068
1204 0.65986
1205 0.65904
1206 0.65822
1207 0.65740
1208 0.65657
1209 0.65575
1210 0.65493
1211 0.65410
1212 0.65328
1213 0.65245
1214 0.65162
1215 0.65079
1216 1.00000
