17 0.91019
18 0.90263
19 0.89492
20 0.88710
21 0.87915
22 0.87110
23 0.86295
24 0.85472
25 0.84640
26 0.83801
27 0.82956
28 0.82105
29 0.81249
30 0.80389
31 0.79525
32 0.78658
33 0.77788
34 0.76916
35 0.76043
36 0.75168
37 0.74293
38 0.73418
39 0.72544
40 0.71670
41 0.70798
42 0.69927
43 0.69058
44 0.68191
45 0.67327
46 0.66466
47 0.65609
48 0.64755
49 0.63904
50 0.63058
51 0.62217
52 0.61380
53 0.60547
54 0.59720
55 0.58898
56 0.58082
57 0.57271
58 0.56466
59 0.55668
60 0.54875
61 0.54088
62 0.53308
63 0.52535
64 0.51768
65 0.51008
66 0.50255
67 0.49509
68 0.48770
69 0.48038
70 0.47313
71 0.46596
72 0.45886
73 0.45183
74 0.44488
75 0.43800
76 0.43119
77 0.42447
78 0.41782
79 0.41124
80 0.40474
81 0.39832
82 0.39197
83 0.38570
84 0.37951
85 0.37339
86 0.36735
87 0.36138
88 0.35549
89 0.34967
90 0.34394
91 0.33827
92 0.33268
93 0.32717
94 0.32173
95 0.31636
96 0.31107
97 0.30585
98 0.30070
99 0.29563
100 0.29062
101 0.28569
102 0.28083
103 0.27604
104 0.27131
105 0.26666
106 0.26208
107 0.25756
108 0.25311
109 0.24873
110 0.24441
111 0.24016
112 0.23598
113 0.23186
114 0.22780
115 0.22380
116 0.21987
117 0.21600
118 0.21219
119 0.20844
120 0.20475
121 0.20112
122 0.19754
123 0.19403
124 0.19057
125 0.18717
126 0.18382
127 0.18053
128 0.17729
129 0.17411
130 0.17097
131 0.16789
132 0.16487
133 0.16189
134 0.15896
135 0.15608
136 0.15325
137 0.15047
138 0.14774
139 0.14505
140 0.14241
141 0.13982
142 0.13727
143 0.13476
144 0.13230
145 0.12988
146 0.12750
147 0.12516
148 0.12287
149 0.12061
150 0.11840
151 0.11622
152 0.11408
153 0.11198
154 0.10992
155 0.10790
156 0.10591
157 0.10395
158 0.10203
159 0.10015
160 0.09830
161 0.09648
162 0.09470
163 0.09295
164 0.09123
165 0.08954
166 0.08788
167 0.08626
168 0.08466
169 0.08309
170 0.08155
171 0.08004
172 0.07855
173 0.07710
174 0.07567
175 0.07427
176 0.07289
177 0.07154
178 0.07021
179 0.06891
180 0.06763
181 0.06638
182 0.06515
183 0.06394
184 0.06276
185 0.06159
186 0.06045
187 0.05933
188 0.05824
189 0.05716
190 0.05610
191 0.05506
192 0.05404
193 0.05305
194 0.05207
195 0.05110
196 0.05016
197 0.04923
198 0.04833
199 0.04744
200 0.04656
201 0.04570
202 0.04486
203 0.04404
204 0.04323
205 0.04243
206 0.04166
207 0.04089
208 0.04014
209 0.03941
210 0.03868
211 0.03798
212 0.03728
213 0.03660
214 0.03593
215 0.03528
216 0.03464
217 0.03400
218 0.03339
219 0.03278
220 0.03218
221 0.03160
222 0.03103
223 0.03047
224 0.02992
225 0.02938
226 0.02885
227 0.02833
228 0.02782
229 0.02732
230 0.02682
231 0.02634
232 0.02587
233 0.02541
234 0.02495
235 0.02451
236 0.02407
237 0.02364
238 0.02322
239 0.02281
240 0.02240
241 0.02201
242 0.02162
243 0.02124
244 0.02086
245 0.02049
246 0.02013
247 0.01978
248 0.01943
249 0.01909
250 0.01876
251 0.01843
252 0.01811
253 0.01780
254 0.01749
255 0.01718
256 0.01689
257 0.01659
258 0.01631
259 0.01603
260 0.01575
261 0.01548
262 0.01522
263 0.01495
264 0.01470
265 0.01445
266 0.01420
267 0.01396
268 0.01373
269 0.01349
270 0.01327
271 0.01304
272 0.01282
273 0.01261
274 0.01240
275 0.01219
276 0.01199
277 0.01179
278 0.01159
279 0.01140
280 0.01121
281 0.01103
282 0.01084
283 0.01067
284 0.01049
285 0.01032
286 0.01015
287 0.00999
288 0.00982
289 0.00966
290 0.00951
291 0.00935
292 0.00920
293 0.00906
294 0.00891
295 0.00877
296 0.00863
297 0.00849
298 0.00836
299 0.00823
300 0.00810
301 0.00797
302 0.00784
303 0.00772
304 0.00760
305 0.00748
306 0.00737
307 0.00725
308 0.00714
309 0.00703
310 0.00692
311 0.00682
312 0.00671
313 0.00661
314 0.00651
315 0.00641
316 0.00632
317 0.00622
318 0.00613
319 0.00604
320 0.00595
321 0.00586
322 0.00577
323 0.00569
324 0.00560
325 0.00552
326 0.00544
327 0.00536
328 0.00528
329 0.00521
330 0.00513
331 0.00506
332 0.00498
333 0.00491
334 0.00484
335 0.00477
336 0.00471
337 0.00464
338 0.00458
339 0.00451
340 0.00445
341 0.00439
342 0.00433
343 0.00427
344 0.00421
345 0.00415
346 0.00409
347 0.00404
348 0.00398
349 0.00393
350 0.00388
351 0.00383
352 0.00377
353 0.00372
354 0.00368
355 0.00363
356 0.00358
357 0.00353
358 0.00349
359 0.00344
360 0.00340
361 0.00335
362 0.00331
363 0.00327
364 0.00323
365 0.00319
366 0.00315
367 0.00311
368 0.00307
369 0.00303
370 0.00299
371 0.00296
372 0.00292
373 0.00289
374 0.00285
375 0.00282
376 0.00278
377 0.00275
378 0.00272
379 0.00268
380 0.00265
381 0.00262
382 0.00259
383 0.00256
384 0.00253
385 0.00250
386 0.00247
387 0.00245
388 0.00242
389 0.00239
390 0.00237
391 0.00234
392 0.00231
393 0.00229
394 0.00226
395 0.00224
396 0.00221
397 0.00219
398 0.00217
399 0.00214
400 0.00212
401 0.00210
402 0.00208
403 0.00206
404 0.00203
405 0.00201
406 0.00199
407 0.00197
408 0.00195
409 0.00193
410 0.00191
411 0.00190
412 0.00188
413 0.00186
414 0.00184
415 0.00182
416 0.00181
417 0.00179
418 0.00177
419 0.00175
420 0.00174
421 0.00172
422 0.00171
423 0.00169
424 0.00167
425 0.00166
426 0.00164
427 0.00163
428 0.00162
429 0.00160
430 0.00159
431 0.00157
432 0.00156
433 0.00155
434 0.00153
435 0.00152
436 0.00151
437 0.00150
438 0.00148
439 0.00147
440 0.00146
441 0.00145
442 0.00144
443 0.00143
444 0.00141
445 0.00140
446 0.00139
447 0.00138
448 0.00137
449 0.00136
450 0.00135
451 0.00134
452 0.00133
453 0.00132
454 0.00131
455 0.00130
456 0.00129
457 0.00129
458 0.00128
459 0.00127
460 0.00126
461 0.00125
462 0.00124
463 0.00123
464 0.00123
465 0.00122
466 0.00121
467 0.00120
468 0.00120
469 0.00119
470 0.00118
471 0.00117
472 0.00117
473 0.00116
474 0.00115
475 0.00115
476 0.00114
477 0.00113
478 0.00113
479 0.00112
480 0.00112
481 0.00111
482 0.00110
483 0.00110
484 0.00109
485 0.00109
486 0.00108
487 0.00108
488 0.00107
489 0.00107
490 0.00106
491 0.00106
492 0.00105
493 0.00105
494 0.00104
495 0.00104
496 0.00104
497 0.00103
498 0.00103
499 0.00102
500 0.00102
501 0.00102
502 0.00101
503 0.00101
504 0.00100
505 0.00100
506 0.00100
507 0.00099
508 0.00099
509 0.00099
510 0.00098
511 0.00098
512 0.00098
513 0.00098
514 0.00097
515 0.00097
516 0.00097
517 0.00097
518 0.00096
519 0.00096
520 0.00096
521 0.00096
522 0.00096
523 0.00095
524 0.00095
525 0.00095
526 0.00095
527 0.00095
528 0.00094
529 0.00094
530 0.00094
531 0.00094
532 0.00094
533 0.00094
534 0.00094
535 0.00094
536 0.00093
537 0.00093
538 0.00093
539 0.00093
540 0.00093
541 0.00093
542 0.00093
543 0.00093
544 0.00093
545 0.00093
546 0.00093
547 0.00093
548 0.00093
549 0.00093
550 0.00093
551 0.00093
552 0.00093
553 0.00093
554 0.00093
555 0.00093
556 0.00093
557 0.00093
558 0.00093
559 0.00093
560 0.00093
561 0.00093
562 0.00093
563 0.00093
564 0.00093
565 0.00093
566 0.00093
567 0.00093
568 0.00094
569 0.00094
570 0.00094
571 0.00094
572 0.00094
573 0.00094
574 0.00094
575 0.00095
576 0.00095
577 0.00095
578 0.00095
579 0.00095
580 0.00096
581 0.00096
582 0.00096
583 0.00096
584 0.00097
585 0.00097
586 0.00097
587 0.00097
588 0.00098
589 0.00098
590 0.00098
591 0.00099
592 0.00099
593 0.00099
594 0.00100
595 0.00100
596 0.00100
597 0.00101
598 0.00101
599 0.00101
600 0.00102
601 0.00102
602 0.00103
603 0.00103
604 0.00103
605 0.00104
606 0.00104
607 0.00105
608 0.00105
609 0.00106
610 0.00106
611 0.00107
612 0.00107
613 0.00108
614 0.00109
615 0.00109
616 0.00110
617 0.00110
618 0.00111
619 0.00111
620 0.00112
621 0.00113
622 0.00113
623 0.00114
624 0.00115
625 0.00115
626 0.00116
627 0.00117
628 0.00118
629 0.00118
630 0.00119
631 0.00120
632 0.00121
633 0.00122
634 0.00122
635 0.00123
636 0.00124
637 0.00125
638 0.00126
639 0.00127
640 0.00128
641 0.00129
642 0.00130
643 0.00131
644 0.00132
645 0.00133
646 0.00134
647 0.00135
648 0.00136
649 0.00137
650 0.00138
651 0.00139
652 0.00141
653 0.00142
654 0.00143
655 0.00144
656 0.00146
657 0.00147
658 0.00148
659 0.00150
660 0.00151
661 0.00152
662 0.00154
663 0.00155
664 0.00157
665 0.00158
666 0.00160
667 0.00161
668 0.00163
669 0.00165
670 0.00166
671 0.00168
672 0.00170
673 0.00171
674 0.00173
675 0.00175
676 0.00177
677 0.00179
678 0.00181
679 0.00183
680 0.00185
681 0.00187
682 0.00189
683 0.00191
684 0.00193
685 0.00196
686 0.00198
687 0.00200
688 0.00202
689 0.00205
690 0.00207
691 0.00210
692 0.00212
693 0.00215
694 0.00218
695 0.00220
696 0.00223
697 0.00226
698 0.00229
699 0.00232
700 0.00235
701 0.00238
702 0.00241
703 0.00244
704 0.00247
705 0.00251
706 0.00254
707 0.00258
708 0.00261
709 0.00265
710 0.00268
711 0.00272
712 0.00276
713 0.00280
714 0.00284
715 0.00288
716 0.00292
717 0.00296
718 0.00301
719 0.00305
720 0.00310
721 0.00314
722 0.00319
723 0.00324
724 0.00329
725 0.00334
726 0.00339
727 0.00344
728 0.00349
729 0.00355
730 0.00361
731 0.00366
732 0.00372
733 0.00378
734 0.00384
735 0.00391
736 0.00397
737 0.00404
738 0.00410
739 0.00417
740 0.00424
741 0.00431
742 0.00439
743 0.00446
744 0.00454
745 0.00462
746 0.00470
747 0.00478
748 0.00486
749 0.00495
750 0.00504
751 0.00513
752 0.00522
753 0.00531
754 0.00541
755 0.00551
756 0.00561
757 0.00571
758 0.00582
759 0.00593
760 0.00604
761 0.00615
762 0.00627
763 0.00639
764 0.00651
765 0.00664
766 0.00677
767 0.00690
768 0.00703
769 0.00717
770 0.00731
771 0.00746
772 0.00761
773 0.00776
774 0.00792
775 0.00808
776 0.00824
777 0.00841
778 0.00858
779 0.00876
780 0.00894
781 0.00913
782 0.00932
783 0.00952
784 0.00972
785 0.00993
786 0.01014
787 0.01036
788 0.01058
789 0.01081
790 0.01105
791 0.01129
792 0.01154
793 0.01180
794 0.01206
795 0.01233
796 0.01261
797 0.01289
798 0.01318
799 0.01348
800 0.01379
801 0.01411
802 0.01443
803 0.01477
804 0.01511
805 0.01546
806 0.01583
807 0.01620
808 0.01658
809 0.01698
810 0.01738
811 0.01780
812 0.01823
813 0.01867
814 0.01913
815 0.01959
816 0.02007
817 0.02057
818 0.02108
819 0.02160
820 0.02214
821 0.02270
822 0.02327
823 0.02385
824 0.02446
825 0.02508
826 0.02573
827 0.02639
828 0.02707
829 0.02777
830 0.02849
831 0.02924
832 0.03000
833 0.03079
834 0.03161
835 0.03245
836 0.03331
837 0.03420
838 0.03512
839 0.03607
840 0.03705
841 0.03806
842 0.03910
843 0.04017
844 0.04127
845 0.04241
846 0.04359
847 0.04480
848 0.04606
849 0.04735
850 0.04868
851 0.05006
852 0.05148
853 0.05295
854 0.05446
855 0.05603
856 0.05764
857 0.05931
858 0.06103
859 0.06281
860 0.06465
861 0.06655
862 0.06851
863 0.07054
864 0.07263
865 0.07480
866 0.07704
867 0.07935
868 0.08174
869 0.08421
870 0.08677
871 0.08942
872 0.09215
873 0.09498
874 0.09790
875 0.10093
876 0.10406
877 0.10730
878 0.11066
879 0.11413
880 0.11772
881 0.12144
882 0.12529
883 0.12927
884 0.13340
885 0.13767
886 0.14210
887 0.14668
888 0.15143
889 0.15635
890 0.16144
891 0.16672
892 0.17219
893 0.17786
894 0.18374
895 0.18983
896 0.19615
897 0.20269
898 0.20948
899 0.21652
900 0.22383
901 0.23140
902 0.23925
903 0.24740
904 0.25586
905 0.26463
906 0.27374
907 0.28318
908 0.29299
909 0.30317
910 0.31374
911 0.32471
912 0.33351
913 0.35847
914 0.37649
915 0.38982
916 0.39760
917 0.40148
918 0.40599
919 0.41128
920 0.41761
921 0.42531
922 0.42390
923 0.42249
924 0.43212
925 0.43071
926 0.42931
927 0.44171
928 0.44031
929 0.43892
930 0.43753
931 0.45416
932 0.45278
933 0.45140
934 0.45002
935 0.44864
936 0.44726
937 0.44589
938 0.46948
939 0.46812
940 0.46676
941 0.46540
942 0.46405
943 0.46269
944 0.46133
945 0.45997
946 0.45862
947 0.45726
948 0.45590
949 0.45455
950 0.49079
951 0.48947
952 0.48815
953 0.48682
954 0.48550
955 0.48418
956 0.48286
957 0.48154
958 0.48022
959 0.47890
960 0.47758
961 0.47625
962 0.47493
963 0.47361
964 0.47229
965 0.47097
966 0.46965
967 0.46833
968 0.46701
969 0.46569
970 0.46437
971 0.46305
972 0.46173
973 0.52488
974 0.52362
975 0.52237
976 0.52112
977 0.51987
978 0.51862
979 0.51737
980 0.51611
981 0.51486
982 0.51361
983 0.51235
984 0.51110
985 0.50985
986 0.50859
987 0.50734
988 0.50608
989 0.50483
990 0.50357
991 0.50232
992 0.50106
993 0.49981
994 0.49855
995 0.49729
996 0.49604
997 0.49478
998 0.49353
999 0.49227
1000 0.49101
1001 0.48976
1002 0.48850
1003 0.48724
1004 0.48599
1005 0.48473
1006 0.48347
1007 0.48222
1008 0.48096
1009 0.47970
1010 0.47845
1011 0.47719
1012 0.47594
1013 0.47468
1014 0.47342
1015 0.47217
1016 0.47091
1017 0.46966
1018 0.46840
1019 0.46714
1020 0.46589
1021 0.46463
1022 0.46338
1023 0.46212
1024 0.46087
1025 0.45961
1026 0.59884
1027 0.59777
1028 0.59669
1029 0.59561
1030 0.59453
1031 0.59345
1032 0.59237
1033 0.59128
1034 0.59020
1035 0.58912
1036 0.58803
1037 0.58695
1038 0.58586
1039 0.58477
1040 0.58369
1041 0.58260
1042 0.58151
1043 0.58042
1044 0.57933
1045 0.57824
1046 0.57715
1047 0.57605
1048 0.57496
1049 0.57387
1050 0.57277
1051 0.57168
1052 0.57058
1053 0.56949
1054 0.56839
1055 0.56729
1056 0.56620
1057 0.56510
1058 0.56400
1059 0.56290
1060 0.56180
1061 0.56070
1062 0.55960
1063 0.55850
1064 0.55740
1065 0.55629
1066 0.55519
1067 0.55409
1068 0.55298
1069 0.55188
1070 0.55077
1071 0.54967
1072 0.54856
1073 0.54745
1074 0.54635
1075 0.54524
1076 0.54413
1077 0.54302
1078 0.54192
1079 0.54081
1080 0.53970
1081 0.53859
1082 0.53748
1083 0.53637
1084 0.53526
1085 0.53414
1086 0.53303
1087 0.53192
1088 0.53081
1089 0.52970
1090 0.52858
1091 0.52747
1092 0.52636
1093 0.52524
1094 0.52413
1095 0.52301
1096 0.52190
1097 0.52078
1098 0.51967
1099 0.51855
1100 0.51744
1101 0.51632
1102 0.51521
1103 0.51409
1104 0.51297
1105 0.51186
1106 0.51074
1107 0.50962
1108 0.50850
1109 0.50739
1110 0.50627
1111 0.50515
1112 0.50403
1113 0.50291
1114 0.50180
1115 0.50068
1116 0.49956
1117 0.49844
1118 0.49732
1119 0.49620
1120 0.49508
1121 0.49397
1122 0.49285
1123 0.49173
1124 0.49061
1125 0.48949
1126 0.48837
1127 0.48725
1128 0.48613
1129 0.48501
1130 0.48389
1131 0.48277
1132 0.48165
1133 0.48053
1134 0.47942
1135 0.47830
1136 0.47718
1137 0.47606
1138 0.47494
1139 0.47382
1140 0.47270
1141 0.47158
1142 0.47046
1143 0.46934
1144 0.46823
1145 0.46711
1146 0.46599
1147 0.46487
1148 0.46375
1149 0.46264
1150 0.46152
1151 0.46040
1152 0.45928
1153 0.45817
1154 0.45705
1155 0.45593
1156 0.45482
1157 0.45370
1158 0.45258
1159 0.45147
1160 0.45035
1161 0.44924
1162 0.44812
1163 0.44701
1164 0.44589
1165 0.44478
1166 0.44366
1167 0.44255
1168 0.44144
1169 0.44032
1170 0.43921
1171 0.43810
1172 0.43699
1173 0.43587
1174 0.43476
1175 0.43365
1176 0.43254
1177 0.43143
1178 0.43032
1179 0.42921
1180 0.42810
1181 0.42699
1182 0.42589
1183 0.42478
1184 0.42367
1185 0.42256
1186 0.42146
1187 0.42035
1188 0.41924
1189 0.41814
1190 0.41703
1191 0.41593
1192 0.41483
1193 0.41372
1194 0.41262
1195 0.41152
1196 0.41041
1197 0.40931
1198 0.40821
1199 0.40711
1200 0.40601
1201 0.40491
1202 0.40381
1203 0.40272
1204 0.40162
1205 0.40052
1206 0.39943
1207 0.39833
1208 0.39724
1209 0.39614
1210 0.39505
1211 0.39395
1212 0.39286
1213 0.39177
1214 0.39068
1215 0.38959
1216 1.00000
