17 0.82575
18 0.81185
19 0.79781
20 0.78368
21 0.76947
22 0.75520
23 0.74090
24 0.72659
25 0.71228
26 0.69799
27 0.68375
28 0.66956
29 0.65543
30 0.64139
31 0.62745
32 0.61361
33 0.59988
34 0.58628
35 0.57282
36 0.55950
37 0.54634
38 0.53333
39 0.52049
40 0.50782
41 0.49532
42 0.48301
43 0.47088
44 0.45894
45 0.44719
46 0.43564
47 0.42428
48 0.41312
49 0.40217
50 0.39141
51 0.38086
52 0.37051
53 0.36037
54 0.35043
55 0.34069
56 0.33116
57 0.32183
58 0.31270
59 0.30377
60 0.29504
61 0.28650
62 0.27816
63 0.27002
64 0.26207
65 0.25430
66 0.24673
67 0.23933
68 0.23213
69 0.22510
70 0.21825
71 0.21157
72 0.20507
73 0.19873
74 0.19257
75 0.18656
76 0.18072
77 0.17503
78 0.16950
79 0.16412
80 0.15889
81 0.15381
82 0.14887
83 0.14407
84 0.13940
85 0.13487
86 0.13047
87 0.12620
88 0.12206
89 0.11803
90 0.11413
91 0.11034
92 0.10667
93 0.10310
94 0.09965
95 0.09630
96 0.09305
97 0.08991
98 0.08686
99 0.08391
100 0.08105
101 0.07828
102 0.07559
103 0.07299
104 0.07048
105 0.06805
106 0.06569
107 0.06341
108 0.06120
109 0.05907
110 0.05701
111 0.05501
112 0.05308
113 0.05121
114 0.04941
115 0.04766
116 0.04598
117 0.04435
118 0.04277
119 0.04125
120 0.03978
121 0.03836
122 0.03699
123 0.03566
124 0.03438
125 0.03315
126 0.03196
127 0.03080
128 0.02969
129 0.02862
130 0.02758
131 0.02658
132 0.02562
133 0.02469
134 0.02379
135 0.02292
136 0.02209
137 0.02128
138 0.02050
139 0.01975
140 0.01903
141 0.01833
142 0.01766
143 0.01701
144 0.01638
145 0.01578
146 0.01520
147 0.01464
148 0.01410
149 0.01358
150 0.01308
151 0.01259
152 0.01213
153 0.01168
154 0.01125
155 0.01083
156 0.01043
157 0.01004
158 0.00967
159 0.00931
160 0.00896
161 0.00863
162 0.00831
163 0.00800
164 0.00770
165 0.00742
166 0.00714
167 0.00688
168 0.00662
169 0.00637
170 0.00614
171 0.00591
172 0.00569
173 0.00547
174 0.00527
175 0.00507
176 0.00489
177 0.00470
178 0.00453
179 0.00436
180 0.00420
181 0.00404
182 0.00389
183 0.00375
184 0.00361
185 0.00347
186 0.00334
187 0.00322
188 0.00310
189 0.00298
190 0.00287
191 0.00277
192 0.00266
193 0.00256
194 0.00247
195 0.00238
196 0.00229
197 0.00220
198 0.00212
199 0.00204
200 0.00197
201 0.00190
202 0.00183
203 0.00176
204 0.00169
205 0.00163
206 0.00157
207 0.00151
208 0.00146
209 0.00140
210 0.00135
211 0.00130
212 0.00125
213 0.00121
214 0.00116
215 0.00112
216 0.00108
217 0.00104
218 0.00100
219 0.00097
220 0.00093
221 0.00090
222 0.00086
223 0.00083
224 0.00080
225 0.00077
226 0.00075
227 0.00072
228 0.00069
229 0.00067
230 0.00064
231 0.00062
232 0.00060
233 0.00058
234 0.00056
235 0.00054
236 0.00052
237 0.00050
238 0.00048
239 0.00046
240 0.00045
241 0.00043
242 0.00042
243 0.00040
244 0.00039
245 0.00037
246 0.00036
247 0.00035
248 0.00033
249 0.00032
250 0.00031
251 0.00030
252 0.00029
253 0.00028
254 0.00027
255 0.00026
256 0.00025
257 0.00024
258 0.00023
259 0.00023
260 0.00022
261 0.00021
262 0.00020
263 0.00020
264 0.00019
265 0.00018
266 0.00018
267 0.00017
268 0.00017
269 0.00016
270 0.00015
271 0.00015
272 0.00014
273 0.00014
274 0.00013
275 0.00013
276 0.00013
277 0.00012
278 0.00012
279 0.00011
280 0.00011
281 0.00011
282 0.00010
283 0.00010
284 0.00010
285 0.00009
286 0.00009
287 0.00009
288 0.00008
289 0.00008
290 0.00008
291 0.00008
292 0.00007
293 0.00007
294 0.00007
295 0.00007
296 0.00006
297 0.00006
298 0.00006
299 0.00006
300 0.00006
301 0.00006
302 0.00005
303 0.00005
304 0.00005
305 0.00005
306 0.00005
307 0.00005
308 0.00004
309 0.00004
310 0.00004
311 0.00004
312 0.00004
313 0.00004
314 0.00004
315 0.00004
316 0.00003
317 0.00003
318 0.00003
319 0.00003
320 0.00003
321 0.00003
322 0.00003
323 0.00003
324 0.00003
325 0.00003
326 0.00003
327 0.00002
328 0.00002
329 0.00002
330 0.00002
331 0.00002
332 0.00002
333 0.00002
334 0.00002
335 0.00002
336 0.00002
337 0.00002
338 0.00002
339 0.00002
340 0.00002
341 0.00002
342 0.00002
343 0.00002
344 0.00002
345 0.00001
346 0.00001
347 0.00001
348 0.00001
349 0.00001
350 0.00001
351 0.00001
352 0.00001
353 0.00001
354 0.00001
355 0.00001
356 0.00001
357 0.00001
358 0.00001
359 0.00001
360 0.00001
361 0.00001
362 0.00001
363 0.00001
364 0.00001
365 0.00001
366 0.00001
367 0.00001
368 0.00001
369 0.00001
370 0.00001
371 0.00001
372 0.00001
373 0.00001
374 0.00001
375 0.00001
376 0.00001
377 0.00001
378 0.00001
379 0.00001
380 0.00001
381 0.00001
382 0.00001
383 0.00001
384 0.00001
385 0.00001
386 0.00001
387 0.00001
388 0.00000
389 0.00000
390 0.00000
391 0.00000
392 0.00000
393 0.00000
394 0.00000
395 0.00000
396 0.00000
397 0.00000
398 0.00000
399 0.00000
400 0.00000
401 0.00000
402 0.00000
403 0.00000
404 0.00000
405 0.00000
406 0.00000
407 0.00000
408 0.00000
409 0.00000
410 0.00000
411 0.00000
412 0.00000
413 0.00000
414 0.00000
415 0.00000
416 0.00000
417 0.00000
418 0.00000
419 0.00000
420 0.00000
421 0.00000
422 0.00000
423 0.00000
424 0.00000
425 0.00000
426 0.00000
427 0.00000
428 0.00000
429 0.00000
430 0.00000
431 0.00000
432 0.00000
433 0.00000
434 0.00000
435 0.00000
436 0.00000
437 0.00000
438 0.00000
439 0.00000
440 0.00000
441 0.00000
442 0.00000
443 0.00000
444 0.00000
445 0.00000
446 0.00000
447 0.00000
448 0.00000
449 0.00000
450 0.00000
451 0.00000
452 0.00000
453 0.00000
454 0.00000
455 0.00000
456 0.00000
457 0.00000
458 0.00000
459 0.00000
460 0.00000
461 0.00000
462 0.00000
463 0.00000
464 0.00000
465 0.00000
466 0.00000
467 0.00000
468 0.00000
469 0.00000
470 0.00000
471 0.00000
472 0.00000
473 0.00000
474 0.00000
475 0.00000
476 0.00000
477 0.00000
478 0.00000
479 0.00000
480 0.00000
481 0.00000
482 0.00000
483 0.00000
484 0.00000
485 0.00000
486 0.00000
487 0.00000
488 0.00000
489 0.00000
490 0.00000
491 0.00000
492 0.00000
493 0.00000
494 0.00000
495 0.00000
496 0.00000
497 0.00000
498 0.00000
499 0.00000
500 0.00000
501 0.00000
502 0.00000
503 0.00000
504 0.00000
505 0.00000
506 0.00000
507 0.00000
508 0.00000
509 0.00000
510 0.00000
511 0.00000
512 0.00000
513 0.00000
514 0.00000
515 0.00000
516 0.00000
517 0.00000
518 0.00000
519 0.00000
520 0.00000
521 0.00000
522 0.00000
523 0.00000
524 0.00000
525 0.00000
526 0.00000
527 0.00000
528 0.00000
529 0.00000
530 0.00000
531 0.00000
532 0.00000
533 0.00000
534 0.00000
535 0.00000
536 0.00000
537 0.00000
538 0.00000
539 0.00000
540 0.00000
541 0.00000
542 0.00000
543 0.00000
544 0.00000
545 0.00000
546 0.00000
547 0.00000
548 0.00000
549 0.00000
550 0.00000
551 0.00000
552 0.00000
553 0.00000
554 0.00000
555 0.00000
556 0.00000
557 0.00000
558 0.00000
559 0.00000
560 0.00000
561 0.00000
562 0.00000
563 0.00000
564 0.00000
565 0.00000
566 0.00000
567 0.00000
568 0.00000
569 0.00000
570 0.00000
571 0.00000
572 0.00000
573 0.00000
574 0.00000
575 0.00000
576 0.00000
577 0.00000
578 0.00000
579 0.00000
580 0.00000
581 0.00000
582 0.00000
583 0.00000
584 0.00000
585 0.00000
586 0.00000
587 0.00000
588 0.00000
589 0.00000
590 0.00000
591 0.00000
592 0.00000
593 0.00000
594 0.00000
595 0.00000
596 0.00000
597 0.00000
598 0.00000
599 0.00000
600 0.00000
601 0.00000
602 0.00000
603 0.00000
604 0.00000
605 0.00000
606 0.00000
607 0.00000
608 0.00000
609 0.00000
610 0.00000
611 0.00000
612 0.00000
613 0.00000
614 0.00000
615 0.00000
616 0.00000
617 0.00000
618 0.00000
619 0.00000
620 0.00000
621 0.00000
622 0.00000
623 0.00000
624 0.00000
625 0.00000
626 0.00000
627 0.00000
628 0.00000
629 0.00000
630 0.00000
631 0.00000
632 0.00000
633 0.00000
634 0.00000
635 0.00000
636 0.00000
637 0.00000
638 0.00000
639 0.00000
640 0.00000
641 0.00000
642 0.00000
643 0.00000
644 0.00000
645 0.00000
646 0.00000
647 0.00000
648 0.00000
649 0.00000
650 0.00000
651 0.00000
652 0.00000
653 0.00000
654 0.00000
655 0.00000
656 0.00000
657 0.00000
658 0.00000
659 0.00000
660 0.00000
661 0.00000
662 0.00000
663 0.00000
664 0.00000
665 0.00000
666 0.00000
667 0.00000
668 0.00000
669 0.00000
670 0.00000
671 0.00000
672 0.00000
673 0.00000
674 0.00000
675 0.00000
676 0.00000
677 0.00000
678 0.00000
679 0.00000
680 0.00000
681 0.00000
682 0.00000
683 0.00000
684 0.00000
685 0.00000
686 0.00000
687 0.00000
688 0.00000
689 0.00000
690 0.00000
691 0.00000
692 0.00000
693 0.00000
694 0.00000
695 0.00000
696 0.00000
697 0.00000
698 0.00000
699 0.00000
700 0.00000
701 0.00000
702 0.00000
703 0.00000
704 0.00001
705 0.00001
706 0.00001
707 0.00001
708 0.00001
709 0.00001
710 0.00001
711 0.00001
712 0.00001
713 0.00001
714 0.00001
715 0.00001
716 0.00001
717 0.00001
718 0.00001
719 0.00001
720 0.00001
721 0.00001
722 0.00001
723 0.00001
724 0.00001
725 0.00001
726 0.00001
727 0.00001
728 0.00001
729 0.00001
730 0.00001
731 0.00001
732 0.00001
733 0.00001
734 0.00001
735 0.00001
736 0.00001
737 0.00001
738 0.00001
739 0.00001
740 0.00002
741 0.00002
742 0.00002
743 0.00002
744 0.00002
745 0.00002
746 0.00002
747 0.00002
748 0.00002
749 0.00002
750 0.00002
751 0.00002
752 0.00002
753 0.00002
754 0.00003
755 0.00003
756 0.00003
757 0.00003
758 0.00003
759 0.00003
760 0.00003
761 0.00003
762 0.00003
763 0.00004
764 0.00004
765 0.00004
766 0.00004
767 0.00004
768 0.00004
769 0.00005
770 0.00005
771 0.00005
772 0.00005
773 0.00005
774 0.00006
775 0.00006
776 0.00006
777 0.00006
778 0.00007
779 0.00007
780 0.00007
781 0.00007
782 0.00008
783 0.00008
784 0.00008
785 0.00009
786 0.00009
787 0.00010
788 0.00010
789 0.00010
790 0.00011
791 0.00011
792 0.00012
793 0.00012
794 0.00013
795 0.00014
796 0.00014
797 0.00015
798 0.00016
799 0.00016
800 0.00017
801 0.00018
802 0.00019
803 0.00020
804 0.00021
805 0.00022
806 0.00023
807 0.00024
808 0.00025
809 0.00026
810 0.00027
811 0.00029
812 0.00030
813 0.00032
814 0.00033
815 0.00035
816 0.00037
817 0.00039
818 0.00041
819 0.00043
820 0.00045
821 0.00047
822 0.00050
823 0.00052
824 0.00055
825 0.00058
826 0.00061
827 0.00064
828 0.00068
829 0.00071
830 0.00075
831 0.00079
832 0.00083
833 0.00088
834 0.00093
835 0.00098
836 0.00103
837 0.00109
838 0.00115
839 0.00121
840 0.00128
841 0.00135
842 0.00142
843 0.00150
844 0.00159
845 0.00168
846 0.00177
847 0.00187
848 0.00198
849 0.00209
850 0.00221
851 0.00234
852 0.00248
853 0.00262
854 0.00277
855 0.00294
856 0.00311
857 0.00329
858 0.00349
859 0.00369
860 0.00391
861 0.00415
862 0.00439
863 0.00466
864 0.00494
865 0.00523
866 0.00555
867 0.00589
868 0.00625
869 0.00663
870 0.00704
871 0.00747
872 0.00793
873 0.00842
874 0.00894
875 0.00950
876 0.01009
877 0.01072
878 0.01139
879 0.01211
880 0.01287
881 0.01369
882 0.01455
883 0.01548
884 0.01647
885 0.01752
886 0.01864
887 0.01984
888 0.02112
889 0.02248
890 0.02394
891 0.02549
892 0.02715
893 0.02893
894 0.03082
895 0.03284
896 0.03500
897 0.03731
898 0.03978
899 0.04242
900 0.04523
901 0.04825
902 0.05147
903 0.05491
904 0.05860
905 0.06254
906 0.06675
907 0.07126
908 0.07609
909 0.08126
910 0.08679
911 0.09271
912 0.09749
913 0.10108
914 0.10536
915 0.10973
916 0.11264
917 0.11398
918 0.11582
919 0.11832
920 0.12170
921 0.12630
922 0.12493
923 0.12357
924 0.12990
925 0.12852
926 0.12714
927 0.13608
928 0.13468
929 0.13328
930 0.13189
931 0.14498
932 0.14356
933 0.14214
934 0.14073
935 0.13932
936 0.13792
937 0.13652
938 0.15670
939 0.15526
940 0.15382
941 0.15238
942 0.15095
943 0.14952
944 0.14809
945 0.14667
946 0.14525
947 0.14383
948 0.14242
949 0.14101
950 0.17475
951 0.17329
952 0.17182
953 0.17037
954 0.16891
955 0.16745
956 0.16600
957 0.16455
958 0.16310
959 0.16166
960 0.16021
961 0.15877
962 0.15733
963 0.15590
964 0.15446
965 0.15303
966 0.15161
967 0.15018
968 0.14876
969 0.14735
970 0.14593
971 0.14452
972 0.14312
973 0.20758
974 0.20611
975 0.20464
976 0.20317
977 0.20170
978 0.20023
979 0.19876
980 0.19730
981 0.19583
982 0.19437
983 0.19290
984 0.19144
985 0.18998
986 0.18852
987 0.18707
988 0.18561
989 0.18416
990 0.18271
991 0.18126
992 0.17981
993 0.17837
994 0.17692
995 0.17548
996 0.17405
997 0.17261
998 0.17118
999 0.16975
1000 0.16832
1001 0.16690
1002 0.16547
1003 0.16406
1004 0.16264
1005 0.16123
1006 0.15982
1007 0.15842
1008 0.15702
1009 0.15562
1010 0.15423
1011 0.15284
1012 0.15145
1013 0.15007
1014 0.14869
1015 0.14732
1016 0.14595
1017 0.14459
1018 0.14323
1019 0.14187
1020 0.14052
1021 0.13918
1022 0.13784
1023 0.13650
1024 0.13517
1025 0.13385
1026 0.29459
1027 0.29329
1028 0.29200
1029 0.29071
1030 0.28942
1031 0.28813
1032 0.28684
1033 0.28555
1034 0.28427
1035 0.28298
1036 0.28170
1037 0.28041
1038 0.27913
1039 0.27785
1040 0.27657
1041 0.27530
1042 0.27402
1043 0.27274
1044 0.27147
1045 0.27020
1046 0.26892
1047 0.26765
1048 0.26638
1049 0.26511
1050 0.26384
1051 0.26257
1052 0.26130
1053 0.26004
1054 0.25877
1055 0.25751
1056 0.25624
1057 0.25498
1058 0.25371
1059 0.25245
1060 0.25119
1061 0.24993
1062 0.24867
1063 0.24740
1064 0.24614
1065 0.24488
1066 0.24362
1067 0.24236
1068 0.24110
1069 0.23984
1070 0.23859
1071 0.23733
1072 0.23607
1073 0.23481
1074 0.23355
1075 0.23229
1076 0.23103
1077 0.22977
1078 0.22851
1079 0.22725
1080 0.22599
1081 0.22473
1082 0.22347
1083 0.22220
1084 0.22094
1085 0.21968
1086 0.21841
1087 0.21715
1088 0.21588
1089 0.21462
1090 0.21335
1091 0.21208
1092 0.21081
1093 0.20954
1094 0.20827
1095 0.20700
1096 0.20573
1097 0.20445
1098 0.20318
1099 0.20190
1100 0.20062
1101 0.19934
1102 0.19806
1103 0.19678
1104 0.19550
1105 0.19421
1106 0.19293
1107 0.19164
1108 0.19035
1109 0.18906
1110 0.18776
1111 0.18647
1112 0.18517
1113 0.18388
1114 0.18258
1115 0.18128
1116 0.17997
1117 0.17867
1118 0.17737
1119 0.17606
1120 0.17475
1121 0.17344
1122 0.17213
1123 0.17081
1124 0.16950
1125 0.16818
1126 0.16686
1127 0.16554
1128 0.16422
1129 0.16290
1130 0.16158
1131 0.16025
1132 0.15893
1133 0.15760
1134 0.15627
1135 0.15494
1136 0.15361
1137 0.15228
1138 0.15095
1139 0.14962
1140 0.14828
1141 0.14695
1142 0.14562
1143 0.14428
1144 0.14295
1145 0.14162
1146 0.14028
1147 0.13895
1148 0.13761
1149 0.13628
1150 0.13495
1151 0.13362
1152 0.13229
1153 0.13096
1154 0.12963
1155 0.12830
1156 0.12698
1157 0.12566
1158 0.12433
1159 0.12301
1160 0.12170
1161 0.12038
1162 0.11907
1163 0.11776
1164 0.11645
1165 0.11515
1166 0.11385
1167 0.11255
1168 0.11125
1169 0.10996
1170 0.10868
1171 0.10739
1172 0.10611
1173 0.10484
1174 0.10357
1175 0.10231
1176 0.10104
1177 0.09979
1178 0.09854
1179 0.09729
1180 0.09606
1181 0.09482
1182 0.09359
1183 0.09237
1184 0.09116
1185 0.08995
1186 0.08874
1187 0.08755
1188 0.08636
1189 0.08518
1190 0.08400
1191 0.08283
1192 0.08167
1193 0.08052
1194 0.07937
1195 0.07823
1196 0.07710
1197 0.07598
1198 0.07487
1199 0.07376
1200 0.07266
1201 0.07157
1202 0.07049
1203 0.06942
1204 0.06836
1205 0.06730
1206 0.06626
1207 0.06522
1208 0.06419
1209 0.06317
1210 0.06216
1211 0.06116
1212 0.06017
1213 0.05919
1214 0.05821
1215 0.05725
1216 1.00000
