17 0.80363
18 0.78819
19 0.77266
20 0.75704
21 0.74138
22 0.72571
23 0.71003
24 0.69439
25 0.67879
26 0.66327
27 0.64783
28 0.63249
29 0.61728
30 0.60220
31 0.58727
32 0.57249
33 0.55789
34 0.54347
35 0.52924
36 0.51521
37 0.50138
38 0.48777
39 0.47438
40 0.46121
41 0.44827
42 0.43556
43 0.42309
44 0.41086
45 0.39887
46 0.38712
47 0.37561
48 0.36435
49 0.35333
50 0.34256
51 0.33203
52 0.32174
53 0.31170
54 0.30189
55 0.29233
56 0.28300
57 0.27391
58 0.26505
59 0.25642
60 0.24802
61 0.23984
62 0.23188
63 0.22414
64 0.21661
65 0.20930
66 0.20219
67 0.19528
68 0.18858
69 0.18207
70 0.17575
71 0.16962
72 0.16368
73 0.15791
74 0.15232
75 0.14691
76 0.14166
77 0.13658
78 0.13166
79 0.12690
80 0.12229
81 0.11783
82 0.11351
83 0.10934
84 0.10530
85 0.10140
86 0.09763
87 0.09399
88 0.09047
89 0.08707
90 0.08378
91 0.08061
92 0.07755
93 0.07460
94 0.07175
95 0.06900
96 0.06635
97 0.06379
98 0.06133
99 0.05895
100 0.05666
101 0.05445
102 0.05232
103 0.05027
104 0.04830
105 0.04639
106 0.04456
107 0.04280
108 0.04110
109 0.03947
110 0.03790
111 0.03638
112 0.03493
113 0.03353
114 0.03218
115 0.03088
116 0.02964
117 0.02844
118 0.02729
119 0.02618
120 0.02512
121 0.02410
122 0.02311
123 0.02217
124 0.02126
125 0.02039
126 0.01955
127 0.01875
128 0.01798
129 0.01724
130 0.01653
131 0.01584
132 0.01519
133 0.01456
134 0.01395
135 0.01338
136 0.01282
137 0.01229
138 0.01177
139 0.01128
140 0.01081
141 0.01036
142 0.00993
143 0.00951
144 0.00911
145 0.00873
146 0.00836
147 0.00801
148 0.00767
149 0.00735
150 0.00704
151 0.00674
152 0.00646
153 0.00619
154 0.00593
155 0.00568
156 0.00544
157 0.00521
158 0.00499
159 0.00477
160 0.00457
161 0.00438
162 0.00419
163 0.00401
164 0.00384
165 0.00368
166 0.00353
167 0.00338
168 0.00323
169 0.00309
170 0.00296
171 0.00284
172 0.00272
173 0.00260
174 0.00249
175 0.00238
176 0.00228
177 0.00219
178 0.00209
179 0.00200
180 0.00192
181 0.00184
182 0.00176
183 0.00168
184 0.00161
185 0.00154
186 0.00148
187 0.00142
188 0.00136
189 0.00130
190 0.00124
191 0.00119
192 0.00114
193 0.00109
194 0.00105
195 0.00100
196 0.00096
197 0.00092
198 0.00088
199 0.00084
200 0.00081
201 0.00077
202 0.00074
203 0.00071
204 0.00068
205 0.00065
206 0.00062
207 0.00060
208 0.00057
209 0.00055
210 0.00052
211 0.00050
212 0.00048
213 0.00046
214 0.00044
215 0.00042
216 0.00041
217 0.00039
218 0.00037
219 0.00036
220 0.00034
221 0.00033
222 0.00031
223 0.00030
224 0.00029
225 0.00028
226 0.00027
227 0.00025
228 0.00024
229 0.00023
230 0.00022
231 0.00022
232 0.00021
233 0.00020
234 0.00019
235 0.00018
236 0.00017
237 0.00017
238 0.00016
239 0.00015
240 0.00015
241 0.00014
242 0.00014
243 0.00013
244 0.00013
245 0.00012
246 0.00012
247 0.00011
248 0.00011
249 0.00010
250 0.00010
251 0.00009
252 0.00009
253 0.00009
254 0.00008
255 0.00008
256 0.00008
257 0.00007
258 0.00007
259 0.00007
260 0.00007
261 0.00006
262 0.00006
263 0.00006
264 0.00006
265 0.00005
266 0.00005
267 0.00005
268 0.00005
269 0.00005
270 0.00004
271 0.00004
272 0.00004
273 0.00004
274 0.00004
275 0.00004
276 0.00003
277 0.00003
278 0.00003
279 0.00003
280 0.00003
281 0.00003
282 0.00003
283 0.00003
284 0.00003
285 0.00002
286 0.00002
287 0.00002
288 0.00002
289 0.00002
290 0.00002
291 0.00002
292 0.00002
293 0.00002
294 0.00002
295 0.00002
296 0.00002
297 0.00002
298 0.00002
299 0.00001
300 0.00001
301 0.00001
302 0.00001
303 0.00001
304 0.00001
305 0.00001
306 0.00001
307 0.00001
308 0.00001
309 0.00001
310 0.00001
311 0.00001
312 0.00001
313 0.00001
314 0.00001
315 0.00001
316 0.00001
317 0.00001
318 0.00001
319 0.00001
320 0.00001
321 0.00001
322 0.00001
323 0.00001
324 0.00001
325 0.00001
326 0.00001
327 0.00001
328 0.00001
329 0.00001
330 0.00000
331 0.00000
332 0.00000
333 0.00000
334 0.00000
335 0.00000
336 0.00000
337 0.00000
338 0.00000
339 0.00000
340 0.00000
341 0.00000
342 0.00000
343 0.00000
344 0.00000
345 0.00000
346 0.00000
347 0.00000
348 0.00000
349 0.00000
350 0.00000
351 0.00000
352 0.00000
353 0.00000
354 0.00000
355 0.00000
356 0.00000
357 0.00000
358 0.00000
359 0.00000
360 0.00000
361 0.00000
362 0.00000
363 0.00000
364 0.00000
365 0.00000
366 0.00000
367 0.00000
368 0.00000
369 0.00000
370 0.00000
371 0.00000
372 0.00000
373 0.00000
374 0.00000
375 0.00000
376 0.00000
377 0.00000
378 0.00000
379 0.00000
380 0.00000
381 0.00000
382 0.00000
383 0.00000
384 0.00000
385 0.00000
386 0.00000
387 0.00000
388 0.00000
389 0.00000
390 0.00000
391 0.00000
392 0.00000
393 0.00000
394 0.00000
395 0.00000
396 0.00000
397 0.00000
398 0.00000
399 0.00000
400 0.00000
401 0.00000
402 0.00000
403 0.00000
404 0.00000
405 0.00000
406 0.00000
407 0.00000
408 0.00000
409 0.00000
410 0.00000
411 0.00000
412 0.00000
413 0.00000
414 0.00000
415 0.00000
416 0.00000
417 0.00000
418 0.00000
419 0.00000
420 0.00000
421 0.00000
422 0.00000
423 0.00000
424 0.00000
425 0.00000
426 0.00000
427 0.00000
428 0.00000
429 0.00000
430 0.00000
431 0.00000
432 0.00000
433 0.00000
434 0.00000
435 0.00000
436 0.00000
437 0.00000
438 0.00000
439 0.00000
440 0.00000
441 0.00000
442 0.00000
443 0.00000
444 0.00000
445 0.00000
446 0.00000
447 0.00000
448 0.00000
449 0.00000
450 0.00000
451 0.00000
452 0.00000
453 0.00000
454 0.00000
455 0.00000
456 0.00000
457 0.00000
458 0.00000
459 0.00000
460 0.00000
461 0.00000
462 0.00000
463 0.00000
464 0.00000
465 0.00000
466 0.00000
467 0.00000
468 0.00000
469 0.00000
470 0.00000
471 0.00000
472 0.00000
473 0.00000
474 0.00000
475 0.00000
476 0.00000
477 0.00000
478 0.00000
479 0.00000
480 0.00000
481 0.00000
482 0.00000
483 0.00000
484 0.00000
485 0.00000
486 0.00000
487 0.00000
488 0.00000
489 0.00000
490 0.00000
491 0.00000
492 0.00000
493 0.00000
494 0.00000
495 0.00000
496 0.00000
497 0.00000
498 0.00000
499 0.00000
500 0.00000
501 0.00000
502 0.00000
503 0.00000
504 0.00000
505 0.00000
506 0.00000
507 0.00000
508 0.00000
509 0.00000
510 0.00000
511 0.00000
512 0.00000
513 0.00000
514 0.00000
515 0.00000
516 0.00000
517 0.00000
518 0.00000
519 0.00000
520 0.00000
521 0.00000
522 0.00000
523 0.00000
524 0.00000
525 0.00000
526 0.00000
527 0.00000
528 0.00000
529 0.00000
530 0.00000
531 0.00000
532 0.00000
533 0.00000
534 0.00000
535 0.00000
536 0.00000
537 0.00000
538 0.00000
539 0.00000
540 0.00000
541 0.00000
542 0.00000
543 0.00000
544 0.00000
545 0.00000
546 0.00000
547 0.00000
548 0.00000
549 0.00000
550 0.00000
551 0.00000
552 0.00000
553 0.00000
554 0.00000
555 0.00000
556 0.00000
557 0.00000
558 0.00000
559 0.00000
560 0.00000
561 0.00000
562 0.00000
563 0.00000
564 0.00000
565 0.00000
566 0.00000
567 0.00000
568 0.00000
569 0.00000
570 0.00000
571 0.00000
572 0.00000
573 0.00000
574 0.00000
575 0.00000
576 0.00000
577 0.00000
578 0.00000
579 0.00000
580 0.00000
581 0.00000
582 0.00000
583 0.00000
584 0.00000
585 0.00000
586 0.00000
587 0.00000
588 0.00000
589 0.00000
590 0.00000
591 0.00000
592 0.00000
593 0.00000
594 0.00000
595 0.00000
596 0.00000
597 0.00000
598 0.00000
599 0.00000
600 0.00000
601 0.00000
602 0.00000
603 0.00000
604 0.00000
605 0.00000
606 0.00000
607 0.00000
608 0.00000
609 0.00000
610 0.00000
611 0.00000
612 0.00000
613 0.00000
614 0.00000
615 0.00000
616 0.00000
617 0.00000
618 0.00000
619 0.00000
620 0.00000
621 0.00000
622 0.00000
623 0.00000
624 0.00000
625 0.00000
626 0.00000
627 0.00000
628 0.00000
629 0.00000
630 0.00000
631 0.00000
632 0.00000
633 0.00000
634 0.00000
635 0.00000
636 0.00000
637 0.00000
638 0.00000
639 0.00000
640 0.00000
641 0.00000
642 0.00000
643 0.00000
644 0.00000
645 0.00000
646 0.00000
647 0.00000
648 0.00000
649 0.00000
650 0.00000
651 0.00000
652 0.00000
653 0.00000
654 0.00000
655 0.00000
656 0.00000
657 0.00000
658 0.00000
659 0.00000
660 0.00000
661 0.00000
662 0.00000
663 0.00000
664 0.00000
665 0.00000
666 0.00000
667 0.00000
668 0.00000
669 0.00000
670 0.00000
671 0.00000
672 0.00000
673 0.00000
674 0.00000
675 0.00000
676 0.00000
677 0.00000
678 0.00000
679 0.00000
680 0.00000
681 0.00000
682 0.00000
683 0.00000
684 0.00000
685 0.00000
686 0.00000
687 0.00000
688 0.00000
689 0.00000
690 0.00000
691 0.00000
692 0.00000
693 0.00000
694 0.00000
695 0.00000
696 0.00000
697 0.00000
698 0.00000
699 0.00000
700 0.00000
701 0.00000
702 0.00000
703 0.00000
704 0.00000
705 0.00000
706 0.00000
707 0.00000
708 0.00000
709 0.00000
710 0.00000
711 0.00000
712 0.00000
713 0.00000
714 0.00000
715 0.00000
716 0.00000
717 0.00000
718 0.00000
719 0.00000
720 0.00000
721 0.00000
722 0.00000
723 0.00000
724 0.00000
725 0.00000
726 0.00000
727 0.00000
728 0.00000
729 0.00000
730 0.00000
731 0.00000
732 0.00000
733 0.00000
734 0.00000
735 0.00000
736 0.00000
737 0.00000
738 0.00000
739 0.00000
740 0.00000
741 0.00000
742 0.00000
743 0.00000
744 0.00000
745 0.00000
746 0.00000
747 0.00000
748 0.00000
749 0.00000
750 0.00000
751 0.00000
752 0.00000
753 0.00000
754 0.00000
755 0.00000
756 0.00000
757 0.00000
758 0.00000
759 0.00001
760 0.00001
761 0.00001
762 0.00001
763 0.00001
764 0.00001
765 0.00001
766 0.00001
767 0.00001
768 0.00001
769 0.00001
770 0.00001
771 0.00001
772 0.00001
773 0.00001
774 0.00001
775 0.00001
776 0.00001
777 0.00001
778 0.00001
779 0.00001
780 0.00001
781 0.00001
782 0.00001
783 0.00001
784 0.00002
785 0.00002
786 0.00002
787 0.00002
788 0.00002
789 0.00002
790 0.00002
791 0.00002
792 0.00002
793 0.00002
794 0.00003
795 0.00003
796 0.00003
797 0.00003
798 0.00003
799 0.00003
800 0.00003
801 0.00004
802 0.00004
803 0.00004
804 0.00004
805 0.00004
806 0.00005
807 0.00005
808 0.00005
809 0.00005
810 0.00006
811 0.00006
812 0.00006
813 0.00007
814 0.00007
815 0.00008
816 0.00008
817 0.00008
818 0.00009
819 0.00009
820 0.00010
821 0.00011
822 0.00011
823 0.00012
824 0.00012
825 0.00013
826 0.00014
827 0.00015
828 0.00016
829 0.00016
830 0.00017
831 0.00018
832 0.00020
833 0.00021
834 0.00022
835 0.00023
836 0.00025
837 0.00026
838 0.00028
839 0.00029
840 0.00031
841 0.00033
842 0.00035
843 0.00037
844 0.00039
845 0.00042
846 0.00044
847 0.00047
848 0.00050
849 0.00053
850 0.00056
851 0.00060
852 0.00064
853 0.00068
854 0.00072
855 0.00076
856 0.00081
857 0.00086
858 0.00092
859 0.00098
860 0.00104
861 0.00111
862 0.00118
863 0.00126
864 0.00134
865 0.00142
866 0.00152
867 0.00162
868 0.00172
869 0.00184
870 0.00196
871 0.00209
872 0.00222
873 0.00237
874 0.00253
875 0.00270
876 0.00288
877 0.00307
878 0.00328
879 0.00350
880 0.00373
881 0.00399
882 0.00426
883 0.00455
884 0.00486
885 0.00519
886 0.00555
887 0.00593
888 0.00633
889 0.00677
890 0.00724
891 0.00774
892 0.00828
893 0.00886
894 0.00947
895 0.01014
896 0.01085
897 0.01161
898 0.01243
899 0.01330
900 0.01424
901 0.01525
902 0.01634
903 0.01750
904 0.01875
905 0.02009
906 0.02153
907 0.02307
908 0.02473
909 0.02652
910 0.02843
911 0.03049
912 0.03212
913 0.03888
914 0.04472
915 0.04971
916 0.05285
917 0.05438
918 0.05630
919 0.05873
920 0.06187
921 0.06601
922 0.06496
923 0.06391
924 0.06944
925 0.06836
926 0.06728
927 0.07498
928 0.07385
929 0.07274
930 0.07163
931 0.08287
932 0.08168
933 0.08051
934 0.07934
935 0.07819
936 0.07704
937 0.07590
938 0.09330
939 0.09205
940 0.09081
941 0.08958
942 0.08836
943 0.08715
944 0.08594
945 0.08474
946 0.08355
947 0.08237
948 0.08120
949 0.08004
950 0.10953
951 0.10821
952 0.10689
953 0.10559
954 0.10429
955 0.10300
956 0.10171
957 0.10043
958 0.09916
959 0.09790
960 0.09664
961 0.09540
962 0.09416
963 0.09292
964 0.09170
965 0.09048
966 0.08928
967 0.08808
968 0.08688
969 0.08570
970 0.08452
971 0.08336
972 0.08220
973 0.14016
974 0.13877
975 0.13738
976 0.13599
977 0.13461
978 0.13324
979 0.13187
980 0.13051
981 0.12915
982 0.12780
983 0.12645
984 0.12511
985 0.12378
986 0.12245
987 0.12113
988 0.11981
989 0.11850
990 0.11720
991 0.11590
992 0.11461
993 0.11333
994 0.11205
995 0.11078
996 0.10952
997 0.10827
998 0.10702
999 0.10577
1000 0.10454
1001 0.10331
1002 0.10209
1003 0.10087
1004 0.09967
1005 0.09847
1006 0.09727
1007 0.09609
1008 0.09491
1009 0.09374
1010 0.09258
1011 0.09142
1012 0.09027
1013 0.08913
1014 0.08800
1015 0.08687
1016 0.08575
1017 0.08464
1018 0.08354
1019 0.08244
1020 0.08135
1021 0.08027
1022 0.07920
1023 0.07813
1024 0.07708
1025 0.07603
1026 0.23199
1027 0.23068
1028 0.22936
1029 0.22805
1030 0.22674
1031 0.22543
1032 0.22412
1033 0.22281
1034 0.22149
1035 0.22018
1036 0.21887
1037 0.21755
1038 0.21624
1039 0.21492
1040 0.21360
1041 0.21229
1042 0.21097
1043 0.20965
1044 0.20833
1045 0.20701
1046 0.20569
1047 0.20436
1048 0.20304
1049 0.20171
1050 0.20039
1051 0.19906
1052 0.19773
1053 0.19640
1054 0.19507
1055 0.19373
1056 0.19240
1057 0.19106
1058 0.18972
1059 0.18838
1060 0.18704
1061 0.18570
1062 0.18436
1063 0.18301
1064 0.18166
1065 0.18031
1066 0.17896
1067 0.17761
1068 0.17625
1069 0.17490
1070 0.17354
1071 0.17218
1072 0.17082
1073 0.16945
1074 0.16809
1075 0.16672
1076 0.16535
1077 0.16398
1078 0.16261
1079 0.16124
1080 0.15987
1081 0.15849
1082 0.15712
1083 0.15574
1084 0.15436
1085 0.15298
1086 0.15160
1087 0.15022
1088 0.14884
1089 0.14746
1090 0.14608
1091 0.14469
1092 0.14331
1093 0.14193
1094 0.14055
1095 0.13916
1096 0.13778
1097 0.13640
1098 0.13502
1099 0.13364
1100 0.13226
1101 0.13088
1102 0.12950
1103 0.12812
1104 0.12675
1105 0.12537
1106 0.12400
1107 0.12263
1108 0.12127
1109 0.11990
1110 0.11854
1111 0.11718
1112 0.11582
1113 0.11447
1114 0.11312
1115 0.11178
1116 0.11043
1117 0.10909
1118 0.10776
1119 0.10643
1120 0.10511
1121 0.10378
1122 0.10247
1123 0.10116
1124 0.09985
1125 0.09855
1126 0.09726
1127 0.09597
1128 0.09469
1129 0.09341
1130 0.09214
1131 0.09088
1132 0.08962
1133 0.08837
1134 0.08713
1135 0.08590
1136 0.08467
1137 0.08345
1138 0.08224
1139 0.08103
1140 0.07984
1141 0.07865
1142 0.07747
1143 0.07630
1144 0.07514
1145 0.07398
1146 0.07284
1147 0.07170
1148 0.07058
1149 0.06946
1150 0.06835
1151 0.06725
1152 0.06616
1153 0.06508
1154 0.06401
1155 0.06295
1156 0.06190
1157 0.06086
1158 0.05983
1159 0.05881
1160 0.05780
1161 0.05681
1162 0.05582
1163 0.05484
1164 0.05387
1165 0.05291
1166 0.05196
1167 0.05103
1168 0.05010
1169 0.04919
1170 0.04828
1171 0.04739
1172 0.04650
1173 0.04563
1174 0.04477
1175 0.04392
1176 0.04308
1177 0.04225
1178 0.04143
1179 0.04062
1180 0.03982
1181 0.03903
1182 0.03826
1183 0.03749
1184 0.03673
1185 0.03599
1186 0.03525
1187 0.03453
1188 0.03382
1189 0.03311
1190 0.03242
1191 0.03174
1192 0.03107
1193 0.03040
1194 0.02975
1195 0.02911
1196 0.02848
1197 0.02785
1198 0.02724
1199 0.02664
1200 0.02605
1201 0.02547
1202 0.02489
1203 0.02433
1204 0.02377
1205 0.02323
1206 0.02269
1207 0.02217
1208 0.02165
1209 0.02114
1210 0.02064
1211 0.02016
1212 0.01967
1213 0.01920
1214 0.01874
1215 0.01828
1216 1.00000
