17 0.97109
18 0.96848
19 0.96579
20 0.96304
21 0.96022
22 0.95733
23 0.95438
24 0.95137
25 0.94830
26 0.94518
27 0.94199
28 0.93876
29 0.93548
30 0.93214
31 0.92876
32 0.92534
33 0.92186
34 0.91835
35 0.91479
36 0.91119
37 0.90756
38 0.90388
39 0.90018
40 0.89643
41 0.89265
42 0.88884
43 0.88500
44 0.88113
45 0.87723
46 0.87330
47 0.86935
48 0.86537
49 0.86137
50 0.85734
51 0.85329
52 0.84922
53 0.84513
54 0.84102
55 0.83689
56 0.83274
57 0.82858
58 0.82440
59 0.82021
60 0.81600
61 0.81178
62 0.80755
63 0.80330
64 0.79905
65 0.79478
66 0.79051
67 0.78623
68 0.78194
69 0.77764
70 0.77334
71 0.76903
72 0.76472
73 0.76040
74 0.75608
75 0.75175
76 0.74743
77 0.74310
78 0.73877
79 0.73444
80 0.73011
81 0.72578
82 0.72146
83 0.71713
84 0.71281
85 0.70849
86 0.70417
87 0.69986
88 0.69555
89 0.69125
90 0.68695
91 0.68266
92 0.67837
93 0.67410
94 0.66982
95 0.66556
96 0.66130
97 0.65706
98 0.65282
99 0.64859
100 0.64437
101 0.64016
102 0.63596
103 0.63177
104 0.62759
105 0.62343
106 0.61927
107 0.61513
108 0.61100
109 0.60688
110 0.60277
111 0.59868
112 0.59460
113 0.59054
114 0.58649
115 0.58245
116 0.57843
117 0.57442
118 0.57043
119 0.56645
120 0.56249
121 0.55854
122 0.55461
123 0.55069
124 0.54680
125 0.54291
126 0.53905
127 0.53520
128 0.53137
129 0.52755
130 0.52376
131 0.51998
132 0.51621
133 0.51247
134 0.50874
135 0.50503
136 0.50134
137 0.49767
138 0.49402
139 0.49038
140 0.48676
141 0.48316
142 0.47958
143 0.47602
144 0.47248
145 0.46896
146 0.46545
147 0.46197
148 0.45850
149 0.45505
150 0.45163
151 0.44822
152 0.44483
153 0.44146
154 0.43811
155 0.43478
156 0.43147
157 0.42818
158 0.42491
159 0.42165
160 0.41842
161 0.41521
162 0.41202
163 0.40884
164 0.40569
165 0.40256
166 0.39944
167 0.39635
168 0.39328
169 0.39022
170 0.38719
171 0.38417
172 0.38117
173 0.37820
174 0.37524
175 0.37231
176 0.36939
177 0.36649
178 0.36361
179 0.36076
180 0.35792
181 0.35510
182 0.35230
183 0.34952
184 0.34676
185 0.34401
186 0.34129
187 0.33859
188 0.33590
189 0.33324
190 0.33059
191 0.32796
192 0.32535
193 0.32276
194 0.32019
195 0.31764
196 0.31511
197 0.31259
198 0.31010
199 0.30762
200 0.30516
201 0.30272
202 0.30029
203 0.29789
204 0.29550
205 0.29313
206 0.29078
207 0.28845
208 0.28614
209 0.28384
210 0.28156
211 0.27930
212 0.27705
213 0.27483
214 0.27262
215 0.27042
216 0.26825
217 0.26609
218 0.26395
219 0.26182
220 0.25972
221 0.25763
222 0.25555
223 0.25349
224 0.25145
225 0.24943
226 0.24742
227 0.24543
228 0.24345
229 0.24149
230 0.23955
231 0.23762
232 0.23571
233 0.23381
234 0.23193
235 0.23006
236 0.22821
237 0.22637
238 0.22455
239 0.22275
240 0.22096
241 0.21918
242 0.21742
243 0.21568
244 0.21395
245 0.21223
246 0.21053
247 0.20884
248 0.20717
249 0.20551
250 0.20386
251 0.20223
252 0.20062
253 0.19901
254 0.19742
255 0.19585
256 0.19428
257 0.19273
258 0.19120
259 0.18968
260 0.18817
261 0.18667
262 0.18519
263 0.18372
264 0.18226
265 0.18081
266 0.17938
267 0.17796
268 0.17655
269 0.17516
270 0.17377
271 0.17240
272 0.17104
273 0.16970
274 0.16836
275 0.16704
276 0.16573
277 0.16443
278 0.16314
279 0.16186
280 0.16059
281 0.15934
282 0.15810
283 0.15686
284 0.15564
285 0.15443
286 0.15323
287 0.15204
288 0.15086
289 0.14970
290 0.14854
291 0.14739
292 0.14626
293 0.14513
294 0.14402
295 0.14291
296 0.14181
297 0.14073
298 0.13965
299 0.13859
300 0.13753
301 0.13648
302 0.13544
303 0.13442
304 0.13340
305 0.13239
306 0.13139
307 0.13040
308 0.12941
309 0.12844
310 0.12748
311 0.12652
312 0.12558
313 0.12464
314 0.12371
315 0.12279
316 0.12188
317 0.12097
318 0.12008
319 0.11919
320 0.11831
321 0.11744
322 0.11658
323 0.11572
324 0.11488
325 0.11404
326 0.11321
327 0.11238
328 0.11157
329 0.11076
330 0.10996
331 0.10917
332 0.10838
333 0.10760
334 0.10683
335 0.10607
336 0.10531
337 0.10456
338 0.10382
339 0.10309
340 0.10236
341 0.10164
342 0.10092
343 0.10021
344 0.09951
345 0.09882
346 0.09813
347 0.09745
348 0.09677
349 0.09610
350 0.09544
351 0.09478
352 0.09413
353 0.09349
354 0.09285
355 0.09222
356 0.09159
357 0.09097
358 0.09036
359 0.08975
360 0.08915
361 0.08855
362 0.08796
363 0.08738
364 0.08680
365 0.08622
366 0.08565
367 0.08509
368 0.08453
369 0.08398
370 0.08343
371 0.08289
372 0.08236
373 0.08182
374 0.08130
375 0.08078
376 0.08026
377 0.07975
378 0.07924
379 0.07874
380 0.07825
381 0.07775
382 0.07727
383 0.07679
384 0.07631
385 0.07584
386 0.07537
387 0.07490
388 0.07445
389 0.07399
390 0.07354
391 0.07310
392 0.07265
393 0.07222
394 0.07178
395 0.07136
396 0.07093
397 0.07051
398 0.07010
399 0.06969
400 0.06928
401 0.06887
402 0.06847
403 0.06808
404 0.06769
405 0.06730
406 0.06692
407 0.06654
408 0.06616
409 0.06579
410 0.06542
411 0.06506
412 0.06469
413 0.06434
414 0.06398
415 0.06363
416 0.06329
417 0.06294
418 0.06260
419 0.06227
420 0.06193
421 0.06160
422 0.06128
423 0.06096
424 0.06064
425 0.06032
426 0.06001
427 0.05970
428 0.05939
429 0.05909
430 0.05879
431 0.05849
432 0.05820
433 0.05791
434 0.05762
435 0.05734
436 0.05705
437 0.05678
438 0.05650
439 0.05623
440 0.05596
441 0.05569
442 0.05543
443 0.05517
444 0.05491
445 0.05465
446 0.05440
447 0.05415
448 0.05390
449 0.05366
450 0.05342
451 0.05318
452 0.05294
453 0.05271
454 0.05248
455 0.05225
456 0.05202
457 0.05180
458 0.05158
459 0.05136
460 0.05115
461 0.05093
462 0.05072
463 0.05051
464 0.05031
465 0.05010
466 0.04990
467 0.04971
468 0.04951
469 0.04931
470 0.04912
471 0.04893
472 0.04875
473 0.04856
474 0.04838
475 0.04820
476 0.04802
477 0.04785
478 0.04767
479 0.04750
480 0.04733
481 0.04717
482 0.04700
483 0.04684
484 0.04668
485 0.04652
486 0.04636
487 0.04621
488 0.04606
489 0.04591
490 0.04576
491 0.04561
492 0.04547
493 0.04533
494 0.04519
495 0.04505
496 0.04491
497 0.04478
498 0.04465
499 0.04452
500 0.04439
501 0.04426
502 0.04414
503 0.04402
504 0.04390
505 0.04378
506 0.04366
507 0.04355
508 0.04343
509 0.04332
510 0.04321
511 0.04311
512 0.04300
513 0.04290
514 0.04279
515 0.04270
516 0.04260
517 0.04250
518 0.04241
519 0.04231
520 0.04222
521 0.04213
522 0.04205
523 0.04196
524 0.04188
525 0.04179
526 0.04171
527 0.04163
528 0.04156
529 0.04148
530 0.04141
531 0.04134
532 0.04127
533 0.04120
534 0.04113
535 0.04107
536 0.04100
537 0.04094
538 0.04088
539 0.04082
540 0.04077
541 0.04071
542 0.04066
543 0.04061
544 0.04056
545 0.04051
546 0.04047
547 0.04042
548 0.04038
549 0.04034
550 0.04030
551 0.04026
552 0.04022
553 0.04019
554 0.04016
555 0.04012
556 0.04009
557 0.04007
558 0.04004
559 0.04002
560 0.03999
561 0.03997
562 0.03995
563 0.03994
564 0.03992
565 0.03990
566 0.03989
567 0.03988
568 0.03987
569 0.03986
570 0.03986
571 0.03985
572 0.03985
573 0.03985
574 0.03985
575 0.03985
576 0.03986
577 0.03986
578 0.03987
579 0.03988
580 0.03989
581 0.03991
582 0.03992
583 0.03994
584 0.03996
585 0.03998
586 0.04000
587 0.04002
588 0.04005
589 0.04007
590 0.04010
591 0.04013
592 0.04017
593 0.04020
594 0.04024
595 0.04027
596 0.04031
597 0.04036
598 0.04040
599 0.04045
600 0.04049
601 0.04054
602 0.04059
603 0.04065
604 0.04070
605 0.04076
606 0.04082
607 0.04088
608 0.04094
609 0.04101
610 0.04108
611 0.04115
612 0.04122
613 0.04129
614 0.04137
615 0.04144
616 0.04152
617 0.04160
618 0.04169
619 0.04177
620 0.04186
621 0.04195
622 0.04204
623 0.04214
624 0.04224
625 0.04234
626 0.04244
627 0.04254
628 0.04265
629 0.04275
630 0.04286
631 0.04298
632 0.04309
633 0.04321
634 0.04333
635 0.04345
636 0.04357
637 0.04370
638 0.04383
639 0.04396
640 0.04409
641 0.04423
642 0.04437
643 0.04451
644 0.04466
645 0.04480
646 0.04495
647 0.04510
648 0.04526
649 0.04542
650 0.04558
651 0.04574
652 0.04591
653 0.04608
654 0.04625
655 0.04642
656 0.04660
657 0.04678
658 0.04697
659 0.04715
660 0.04734
661 0.04754
662 0.04773
663 0.04793
664 0.04814
665 0.04834
666 0.04855
667 0.04877
668 0.04898
669 0.04920
670 0.04942
671 0.04965
672 0.04988
673 0.05011
674 0.05035
675 0.05059
676 0.05084
677 0.05109
678 0.05134
679 0.05160
680 0.05186
681 0.05212
682 0.05239
683 0.05267
684 0.05294
685 0.05323
686 0.05351
687 0.05380
688 0.05410
689 0.05440
690 0.05470
691 0.05501
692 0.05533
693 0.05565
694 0.05597
695 0.05630
696 0.05663
697 0.05697
698 0.05731
699 0.05766
700 0.05802
701 0.05838
702 0.05874
703 0.05911
704 0.05948
705 0.05986
706 0.06025
707 0.06064
708 0.06104
709 0.06144
710 0.06185
711 0.06226
712 0.06269
713 0.06311
714 0.06355
715 0.06399
716 0.06444
717 0.06489
718 0.06535
719 0.06582
720 0.06630
721 0.06678
722 0.06727
723 0.06777
724 0.06827
725 0.06878
726 0.06931
727 0.06983
728 0.07037
729 0.07091
730 0.07147
731 0.07203
732 0.07260
733 0.07318
734 0.07377
735 0.07436
736 0.07497
737 0.07558
738 0.07621
739 0.07684
740 0.07749
741 0.07814
742 0.07880
743 0.07948
744 0.08016
745 0.08086
746 0.08157
747 0.08228
748 0.08301
749 0.08375
750 0.08450
751 0.08527
752 0.08604
753 0.08683
754 0.08763
755 0.08845
756 0.08927
757 0.09011
758 0.09096
759 0.09183
760 0.09271
761 0.09360
762 0.09451
763 0.09543
764 0.09637
765 0.09732
766 0.09829
767 0.09928
768 0.10028
769 0.10129
770 0.10233
771 0.10338
772 0.10444
773 0.10553
774 0.10663
775 0.10775
776 0.10889
777 0.11005
778 0.11122
779 0.11242
780 0.11364
781 0.11487
782 0.11613
783 0.11741
784 0.11871
785 0.12003
786 0.12138
787 0.12274
788 0.12413
789 0.12555
790 0.12698
791 0.12845
792 0.12994
793 0.13145
794 0.13299
795 0.13455
796 0.13615
797 0.13777
798 0.13942
799 0.14110
800 0.14280
801 0.14454
802 0.14631
803 0.14811
804 0.14994
805 0.15180
806 0.15370
807 0.15562
808 0.15759
809 0.15959
810 0.16162
811 0.16370
812 0.16581
813 0.16795
814 0.17014
815 0.17237
816 0.17463
817 0.17694
818 0.17929
819 0.18168
820 0.18412
821 0.18660
822 0.18913
823 0.19171
824 0.19433
825 0.19701
826 0.19973
827 0.20250
828 0.20533
829 0.20821
830 0.21114
831 0.21413
832 0.21718
833 0.22027
834 0.22341
835 0.22660
836 0.22986
837 0.23317
838 0.23656
839 0.24000
840 0.24352
841 0.24710
842 0.25075
843 0.25447
844 0.25827
845 0.26214
846 0.26608
847 0.27010
848 0.27421
849 0.27839
850 0.28266
851 0.28701
852 0.29145
853 0.29598
854 0.30060
855 0.30531
856 0.31011
857 0.31502
858 0.32002
859 0.32513
860 0.33034
861 0.33566
862 0.34108
863 0.34662
864 0.35227
865 0.35804
866 0.36393
867 0.36994
868 0.37608
869 0.38235
870 0.38875
871 0.39528
872 0.40195
873 0.40876
874 0.41572
875 0.42282
876 0.43008
877 0.43749
878 0.44506
879 0.45280
880 0.46070
881 0.46877
882 0.47702
883 0.48545
884 0.49406
885 0.50286
886 0.51185
887 0.52105
888 0.53044
889 0.54005
890 0.54986
891 0.55990
892 0.57016
893 0.58065
894 0.59138
895 0.60234
896 0.61356
897 0.62503
898 0.63676
899 0.64876
900 0.66103
901 0.67358
902 0.68642
903 0.69956
904 0.71300
905 0.72676
906 0.74083
907 0.75523
908 0.76997
909 0.78505
910 0.80049
911 0.81629
912 0.82908
913 0.83122
914 0.83367
915 0.83607
916 0.83764
917 0.83840
918 0.83939
919 0.84069
920 0.84237
921 0.84457
922 0.84401
923 0.84345
924 0.84638
925 0.84583
926 0.84528
927 0.84925
928 0.84871
929 0.84817
930 0.84762
931 0.85315
932 0.85262
933 0.85210
934 0.85157
935 0.85104
936 0.85051
937 0.84998
938 0.85804
939 0.85753
940 0.85702
941 0.85652
942 0.85601
943 0.85550
944 0.85499
945 0.85447
946 0.85396
947 0.85345
948 0.85293
949 0.85241
950 0.86498
951 0.86451
952 0.86403
953 0.86355
954 0.86307
955 0.86259
956 0.86211
957 0.86162
958 0.86114
959 0.86065
960 0.86017
961 0.85968
962 0.85919
963 0.85870
964 0.85821
965 0.85772
966 0.85723
967 0.85674
968 0.85624
969 0.85575
970 0.85525
971 0.85475
972 0.85425
973 0.87615
974 0.87572
975 0.87529
976 0.87486
977 0.87443
978 0.87399
979 0.87356
980 0.87312
981 0.87269
982 0.87225
983 0.87181
984 0.87137
985 0.87093
986 0.87049
987 0.87005
988 0.86961
989 0.86916
990 0.86872
991 0.86827
992 0.86783
993 0.86738
994 0.86693
995 0.86648
996 0.86603
997 0.86558
998 0.86513
999 0.86467
1000 0.86422
1001 0.86376
1002 0.86331
1003 0.86285
1004 0.86239
1005 0.86193
1006 0.86147
1007 0.86101
1008 0.86055
1009 0.86009
1010 0.85963
1011 0.85916
1012 0.85870
1013 0.85823
1014 0.85776
1015 0.85729
1016 0.85682
1017 0.85635
1018 0.85588
1019 0.85541
1020 0.85494
1021 0.85446
1022 0.85399
1023 0.85351
1024 0.85304
1025 0.85256
1026 0.89956
1027 0.89922
1028 0.89889
1029 0.89855
1030 0.89821
1031 0.89787
1032 0.89754
1033 0.89720
1034 0.89686
1035 0.89652
1036 0.89617
1037 0.89583
1038 0.89549
1039 0.89515
1040 0.89480
1041 0.89446
1042 0.89411
1043 0.89376
1044 0.89342
1045 0.89307
1046 0.89272
1047 0.89237
1048 0.89202
1049 0.89167
1050 0.89132
1051 0.89096
1052 0.89061
1053 0.89026
1054 0.88990
1055 0.88955
1056 0.88919
1057 0.88883
1058 0.88848
1059 0.88812
1060 0.88776
1061 0.88740
1062 0.88704
1063 0.88668
1064 0.88632
1065 0.88595
1066 0.88559
1067 0.88522
1068 0.88486
1069 0.88449
1070 0.88413
1071 0.88376
1072 0.88339
1073 0.88302
1074 0.88265
1075 0.88228
1076 0.88191
1077 0.88154
1078 0.88117
1079 0.88080
1080 0.88042
1081 0.88005
1082 0.87967
1083 0.87930
1084 0.87892
1085 0.87854
1086 0.87816
1087 0.87778
1088 0.87740
1089 0.87702
1090 0.87664
1091 0.87626
1092 0.87588
1093 0.87549
1094 0.87511
1095 0.87472
1096 0.87434
1097 0.87395
1098 0.87356
1099 0.87318
1100 0.87279
1101 0.87240
1102 0.87201
1103 0.87162
1104 0.87122
1105 0.87083
1106 0.87044
1107 0.87004
1108 0.86965
1109 0.86925
1110 0.86886
1111 0.86846
1112 0.86806
1113 0.86766
1114 0.86727
1115 0.86687
1116 0.86646
1117 0.86606
1118 0.86566
1119 0.86526
1120 0.86485
1121 0.86445
1122 0.86404
1123 0.86364
1124 0.86323
1125 0.86282
1126 0.86242
1127 0.86201
1128 0.86160
1129 0.86119
1130 0.86077
1131 0.86036
1132 0.85995
1133 0.85954
1134 0.85912
1135 0.85871
1136 0.85829
1137 0.85787
1138 0.85746
1139 0.85704
1140 0.85662
1141 0.85620
1142 0.85578
1143 0.85536
1144 0.85494
1145 0.85451
1146 0.85409
1147 0.85367
1148 0.85324
1149 0.85282
1150 0.85239
1151 0.85196
1152 0.85153
1153 0.85111
1154 0.85068
1155 0.85025
1156 0.84982
1157 0.84938
1158 0.84895
1159 0.84852
1160 0.84808
1161 0.84765
1162 0.84721
1163 0.84678
1164 0.84634
1165 0.84590
1166 0.84547
1167 0.84503
1168 0.84459
1169 0.84415
1170 0.84370
1171 0.84326
1172 0.84282
1173 0.84238
1174 0.84193
1175 0.84149
1176 0.84104
1177 0.84059
1178 0.84015
1179 0.83970
1180 0.83925
1181 0.83880
1182 0.83835
1183 0.83790
1184 0.83745
1185 0.83699
1186 0.83654
1187 0.83608
1188 0.83563
1189 0.83517
1190 0.83472
1191 0.83426
1192 0.83380
1193 0.83334
1194 0.83288
1195 0.83242
1196 0.83196
1197 0.83150
1198 0.83104
1199 0.83058
1200 0.83011
1201 0.82965
1202 0.82918
1203 0.82872
1204 0.82825
1205 0.82778
1206 0.82731
1207 0.82684
1208 0.82637
1209 0.82590
1210 0.82543
1211 0.82496
1212 0.82449
1213 0.82401
1214 0.82354
1215 0.82306
1216 1.00000
