17 0.88762
18 0.87807
19 0.86834
20 0.85846
21 0.84843
22 0.83828
23 0.82801
24 0.81764
25 0.80718
26 0.79664
27 0.78603
28 0.77536
29 0.76465
30 0.75390
31 0.74311
32 0.73231
33 0.72150
34 0.71069
35 0.69988
36 0.68908
37 0.67830
38 0.66755
39 0.65683
40 0.64614
41 0.63550
42 0.62492
43 0.61438
44 0.60391
45 0.59350
46 0.58315
47 0.57289
48 0.56270
49 0.55259
50 0.54256
51 0.53262
52 0.52278
53 0.51303
54 0.50337
55 0.49382
56 0.48436
57 0.47501
58 0.46577
59 0.45663
60 0.44760
61 0.43868
62 0.42988
63 0.42119
64 0.41261
65 0.40415
66 0.39581
67 0.38758
68 0.37947
69 0.37147
70 0.36360
71 0.35584
72 0.34821
73 0.34069
74 0.33329
75 0.32601
76 0.31885
77 0.31180
78 0.30488
79 0.29807
80 0.29137
81 0.28480
82 0.27834
83 0.27199
84 0.26576
85 0.25964
86 0.25363
87 0.24774
88 0.24195
89 0.23627
90 0.23071
91 0.22525
92 0.21989
93 0.21464
94 0.20950
95 0.20446
96 0.19952
97 0.19468
98 0.18994
99 0.18529
100 0.18074
101 0.17629
102 0.17193
103 0.16767
104 0.16349
105 0.15941
106 0.15541
107 0.15150
108 0.14768
109 0.14394
110 0.14029
111 0.13671
112 0.13322
113 0.12980
114 0.12646
115 0.12320
116 0.12002
117 0.11690
118 0.11386
119 0.11089
120 0.10799
121 0.10516
122 0.10240
123 0.09970
124 0.09706
125 0.09449
126 0.09198
127 0.08953
128 0.08715
129 0.08482
130 0.08254
131 0.08032
132 0.07816
133 0.07605
134 0.07400
135 0.07199
136 0.07004
137 0.06813
138 0.06627
139 0.06446
140 0.06270
141 0.06098
142 0.05931
143 0.05768
144 0.05609
145 0.05454
146 0.05303
147 0.05156
148 0.05013
149 0.04874
150 0.04738
151 0.04606
152 0.04477
153 0.04352
154 0.04230
155 0.04112
156 0.03996
157 0.03884
158 0.03774
159 0.03668
160 0.03565
161 0.03464
162 0.03366
163 0.03270
164 0.03178
165 0.03087
166 0.03000
167 0.02914
168 0.02831
169 0.02751
170 0.02672
171 0.02596
172 0.02522
173 0.02449
174 0.02379
175 0.02311
176 0.02245
177 0.02180
178 0.02118
179 0.02057
180 0.01997
181 0.01940
182 0.01884
183 0.01830
184 0.01777
185 0.01726
186 0.01676
187 0.01627
188 0.01580
189 0.01535
190 0.01490
191 0.01447
192 0.01405
193 0.01364
194 0.01325
195 0.01286
196 0.01249
197 0.01213
198 0.01177
199 0.01143
200 0.01110
201 0.01078
202 0.01046
203 0.01016
204 0.00987
205 0.00958
206 0.00930
207 0.00903
208 0.00877
209 0.00851
210 0.00826
211 0.00802
212 0.00779
213 0.00756
214 0.00734
215 0.00713
216 0.00692
217 0.00672
218 0.00653
219 0.00634
220 0.00615
221 0.00597
222 0.00580
223 0.00563
224 0.00547
225 0.00531
226 0.00515
227 0.00500
228 0.00486
229 0.00472
230 0.00458
231 0.00445
232 0.00432
233 0.00420
234 0.00407
235 0.00396
236 0.00384
237 0.00373
238 0.00362
239 0.00352
240 0.00342
241 0.00332
242 0.00322
243 0.00313
244 0.00304
245 0.00295
246 0.00287
247 0.00279
248 0.00271
249 0.00263
250 0.00255
251 0.00248
252 0.00241
253 0.00234
254 0.00227
255 0.00221
256 0.00215
257 0.00208
258 0.00202
259 0.00197
260 0.00191
261 0.00186
262 0.00180
263 0.00175
264 0.00170
265 0.00166
266 0.00161
267 0.00156
268 0.00152
269 0.00148
270 0.00144
271 0.00139
272 0.00136
273 0.00132
274 0.00128
275 0.00125
276 0.00121
277 0.00118
278 0.00114
279 0.00111
280 0.00108
281 0.00105
282 0.00102
283 0.00099
284 0.00097
285 0.00094
286 0.00091
287 0.00089
288 0.00086
289 0.00084
290 0.00082
291 0.00080
292 0.00077
293 0.00075
294 0.00073
295 0.00071
296 0.00069
297 0.00067
298 0.00066
299 0.00064
300 0.00062
301 0.00060
302 0.00059
303 0.00057
304 0.00056
305 0.00054
306 0.00053
307 0.00051
308 0.00050
309 0.00049
310 0.00047
311 0.00046
312 0.00045
313 0.00044
314 0.00043
315 0.00042
316 0.00040
317 0.00039
318 0.00038
319 0.00037
320 0.00036
321 0.00035
322 0.00035
323 0.00034
324 0.00033
325 0.00032
326 0.00031
327 0.00030
328 0.00030
329 0.00029
330 0.00028
331 0.00027
332 0.00027
333 0.00026
334 0.00025
335 0.00025
336 0.00024
337 0.00024
338 0.00023
339 0.00022
340 0.00022
341 0.00021
342 0.00021
343 0.00020
344 0.00020
345 0.00019
346 0.00019
347 0.00018
348 0.00018
349 0.00018
350 0.00017
351 0.00017
352 0.00016
353 0.00016
354 0.00016
355 0.00015
356 0.00015
357 0.00014
358 0.00014
359 0.00014
360 0.00013
361 0.00013
362 0.00013
363 0.00013
364 0.00012
365 0.00012
366 0.00012
367 0.00011
368 0.00011
369 0.00011
370 0.00011
371 0.00010
372 0.00010
373 0.00010
374 0.00010
375 0.00010
376 0.00009
377 0.00009
378 0.00009
379 0.00009
380 0.00009
381 0.00008
382 0.00008
383 0.00008
384 0.00008
385 0.00008
386 0.00008
387 0.00007
388 0.00007
389 0.00007
390 0.00007
391 0.00007
392 0.00007
393 0.00006
394 0.00006
395 0.00006
396 0.00006
397 0.00006
398 0.00006
399 0.00006
400 0.00006
401 0.00006
402 0.00005
403 0.00005
404 0.00005
405 0.00005
406 0.00005
407 0.00005
408 0.00005
409 0.00005
410 0.00005
411 0.00005
412 0.00004
413 0.00004
414 0.00004
415 0.00004
416 0.00004
417 0.00004
418 0.00004
419 0.00004
420 0.00004
421 0.00004
422 0.00004
423 0.00004
424 0.00004
425 0.00003
426 0.00003
427 0.00003
428 0.00003
429 0.00003
430 0.00003
431 0.00003
432 0.00003
433 0.00003
434 0.00003
435 0.00003
436 0.00003
437 0.00003
438 0.00003
439 0.00003
440 0.00003
441 0.00003
442 0.00003
443 0.00003
444 0.00003
445 0.00002
446 0.00002
447 0.00002
448 0.00002
449 0.00002
450 0.00002
451 0.00002
452 0.00002
453 0.00002
454 0.00002
455 0.00002
456 0.00002
457 0.00002
458 0.00002
459 0.00002
460 0.00002
461 0.00002
462 0.00002
463 0.00002
464 0.00002
465 0.00002
466 0.00002
467 0.00002
468 0.00002
469 0.00002
470 0.00002
471 0.00002
472 0.00002
473 0.00002
474 0.00002
475 0.00002
476 0.00002
477 0.00002
478 0.00002
479 0.00002
480 0.00002
481 0.00002
482 0.00002
483 0.00001
484 0.00001
485 0.00001
486 0.00001
487 0.00001
488 0.00001
489 0.00001
490 0.00001
491 0.00001
492 0.00001
493 0.00001
494 0.00001
495 0.00001
496 0.00001
497 0.00001
498 0.00001
499 0.00001
500 0.00001
501 0.00001
502 0.00001
503 0.00001
504 0.00001
505 0.00001
506 0.00001
507 0.00001
508 0.00001
509 0.00001
510 0.00001
511 0.00001
512 0.00001
513 0.00001
514 0.00001
515 0.00001
516 0.00001
517 0.00001
518 0.00001
519 0.00001
520 0.00001
521 0.00001
522 0.00001
523 0.00001
524 0.00001
525 0.00001
526 0.00001
527 0.00001
528 0.00001
529 0.00001
530 0.00001
531 0.00001
532 0.00001
533 0.00001
534 0.00001
535 0.00001
536 0.00001
537 0.00001
538 0.00001
539 0.00001
540 0.00001
541 0.00001
542 0.00001
543 0.00001
544 0.00001
545 0.00001
546 0.00001
547 0.00001
548 0.00001
549 0.00001
550 0.00001
551 0.00001
552 0.00001
553 0.00001
554 0.00001
555 0.00001
556 0.00001
557 0.00001
558 0.00001
559 0.00001
560 0.00001
561 0.00001
562 0.00001
563 0.00001
564 0.00001
565 0.00001
566 0.00001
567 0.00001
568 0.00001
569 0.00001
570 0.00001
571 0.00001
572 0.00001
573 0.00001
574 0.00001
575 0.00001
576 0.00001
577 0.00001
578 0.00001
579 0.00001
580 0.00001
581 0.00001
582 0.00001
583 0.00001
584 0.00001
585 0.00001
586 0.00001
587 0.00001
588 0.00001
589 0.00001
590 0.00001
591 0.00001
592 0.00001
593 0.00001
594 0.00001
595 0.00001
596 0.00001
597 0.00001
598 0.00001
599 0.00001
600 0.00001
601 0.00001
602 0.00001
603 0.00001
604 0.00001
605 0.00001
606 0.00001
607 0.00001
608 0.00001
609 0.00001
610 0.00001
611 0.00001
612 0.00001
613 0.00001
614 0.00001
615 0.00001
616 0.00001
617 0.00001
618 0.00001
619 0.00001
620 0.00001
621 0.00001
622 0.00001
623 0.00001
624 0.00001
625 0.00001
626 0.00001
627 0.00001
628 0.00001
629 0.00001
630 0.00001
631 0.00001
632 0.00001
633 0.00001
634 0.00001
635 0.00001
636 0.00001
637 0.00001
638 0.00001
639 0.00001
640 0.00001
641 0.00001
642 0.00001
643 0.00001
644 0.00001
645 0.00001
646 0.00001
647 0.00001
648 0.00001
649 0.00001
650 0.00001
651 0.00001
652 0.00001
653 0.00002
654 0.00002
655 0.00002
656 0.00002
657 0.00002
658 0.00002
659 0.00002
660 0.00002
661 0.00002
662 0.00002
663 0.00002
664 0.00002
665 0.00002
666 0.00002
667 0.00002
668 0.00002
669 0.00002
670 0.00002
671 0.00002
672 0.00002
673 0.00002
674 0.00002
675 0.00002
676 0.00002
677 0.00002
678 0.00002
679 0.00002
680 0.00002
681 0.00002
682 0.00002
683 0.00002
684 0.00002
685 0.00003
686 0.00003
687 0.00003
688 0.00003
689 0.00003
690 0.00003
691 0.00003
692 0.00003
693 0.00003
694 0.00003
695 0.00003
696 0.00003
697 0.00003
698 0.00003
699 0.00003
700 0.00003
701 0.00003
702 0.00004
703 0.00004
704 0.00004
705 0.00004
706 0.00004
707 0.00004
708 0.00004
709 0.00004
710 0.00004
711 0.00004
712 0.00004
713 0.00005
714 0.00005
715 0.00005
716 0.00005
717 0.00005
718 0.00005
719 0.00005
720 0.00005
721 0.00006
722 0.00006
723 0.00006
724 0.00006
725 0.00006
726 0.00006
727 0.00007
728 0.00007
729 0.00007
730 0.00007
731 0.00007
732 0.00007
733 0.00008
734 0.00008
735 0.00008
736 0.00008
737 0.00009
738 0.00009
739 0.00009
740 0.00009
741 0.00010
742 0.00010
743 0.00010
744 0.00011
745 0.00011
746 0.00011
747 0.00012
748 0.00012
749 0.00012
750 0.00013
751 0.00013
752 0.00014
753 0.00014
754 0.00014
755 0.00015
756 0.00015
757 0.00016
758 0.00016
759 0.00017
760 0.00018
761 0.00018
762 0.00019
763 0.00019
764 0.00020
765 0.00021
766 0.00022
767 0.00022
768 0.00023
769 0.00024
770 0.00025
771 0.00026
772 0.00027
773 0.00028
774 0.00029
775 0.00030
776 0.00031
777 0.00032
778 0.00033
779 0.00034
780 0.00036
781 0.00037
782 0.00038
783 0.00040
784 0.00041
785 0.00043
786 0.00045
787 0.00046
788 0.00048
789 0.00050
790 0.00052
791 0.00054
792 0.00057
793 0.00059
794 0.00061
795 0.00064
796 0.00066
797 0.00069
798 0.00072
799 0.00075
800 0.00078
801 0.00082
802 0.00085
803 0.00089
804 0.00093
805 0.00097
806 0.00101
807 0.00105
808 0.00110
809 0.00115
810 0.00120
811 0.00125
812 0.00131
813 0.00137
814 0.00143
815 0.00150
816 0.00157
817 0.00164
818 0.00171
819 0.00179
820 0.00188
821 0.00197
822 0.00206
823 0.00216
824 0.00226
825 0.00237
826 0.00248
827 0.00260
828 0.00273
829 0.00286
830 0.00301
831 0.00315
832 0.00331
833 0.00348
834 0.00365
835 0.00383
836 0.00403
837 0.00423
838 0.00445
839 0.00467
840 0.00492
841 0.00517
842 0.00544
843 0.00572
844 0.00602
845 0.00634
846 0.00668
847 0.00703
848 0.00741
849 0.00780
850 0.00822
851 0.00867
852 0.00914
853 0.00964
854 0.01017
855 0.01073
856 0.01132
857 0.01195
858 0.01261
859 0.01332
860 0.01407
861 0.01487
862 0.01571
863 0.01661
864 0.01756
865 0.01857
866 0.01964
867 0.02078
868 0.02199
869 0.02327
870 0.02464
871 0.02609
872 0.02764
873 0.02928
874 0.03103
875 0.03289
876 0.03487
877 0.03698
878 0.03923
879 0.04162
880 0.04417
881 0.04688
882 0.04977
883 0.05286
884 0.05615
885 0.05966
886 0.06340
887 0.06739
888 0.07165
889 0.07620
890 0.08106
891 0.08624
892 0.09178
893 0.09770
894 0.10403
895 0.11079
896 0.11802
897 0.12576
898 0.13403
899 0.14288
900 0.15235
901 0.16249
902 0.17335
903 0.18497
904 0.19742
905 0.21077
906 0.22506
907 0.24039
908 0.25682
909 0.27445
910 0.29335
911 0.31363
912 0.33063
913 0.33572
914 0.34160
915 0.34745
916 0.35134
917 0.35322
918 0.35570
919 0.35895
920 0.36322
921 0.36887
922 0.36742
923 0.36598
924 0.37356
925 0.37212
926 0.37069
927 0.38109
928 0.37966
929 0.37823
930 0.37680
931 0.39155
932 0.39013
933 0.38870
934 0.38728
935 0.38586
936 0.38444
937 0.38302
938 0.40499
939 0.40358
940 0.40217
941 0.40077
942 0.39936
943 0.39795
944 0.39655
945 0.39515
946 0.39375
947 0.39234
948 0.39094
949 0.38954
950 0.42475
951 0.42336
952 0.42198
953 0.42060
954 0.41922
955 0.41784
956 0.41647
957 0.41509
958 0.41371
959 0.41234
960 0.41096
961 0.40959
962 0.40821
963 0.40684
964 0.40547
965 0.40409
966 0.40272
967 0.40135
968 0.39999
969 0.39862
970 0.39725
971 0.39588
972 0.39452
973 0.45819
974 0.45686
975 0.45553
976 0.45421
977 0.45288
978 0.45156
979 0.45023
980 0.44891
981 0.44759
982 0.44626
983 0.44494
984 0.44362
985 0.44230
986 0.44097
987 0.43965
988 0.43833
989 0.43701
990 0.43569
991 0.43437
992 0.43305
993 0.43173
994 0.43041
995 0.42910
996 0.42778
997 0.42646
998 0.42514
999 0.42383
1000 0.42251
1001 0.42120
1002 0.41988
1003 0.41857
1004 0.41726
1005 0.41595
1006 0.41463
1007 0.41332
1008 0.41201
1009 0.41070
1010 0.40939
1011 0.40809
1012 0.40678
1013 0.40547
1014 0.40416
1015 0.40286
1016 0.40155
1017 0.40025
1018 0.39895
1019 0.39764
1020 0.39634
1021 0.39504
1022 0.39374
1023 0.39244
1024 0.39114
1025 0.38984
1026 0.53537
1027 0.53419
1028 0.53301
1029 0.53184
1030 0.53066
1031 0.52948
1032 0.52831
1033 0.52713
1034 0.52595
1035 0.52477
1036 0.52359
1037 0.52241
1038 0.52123
1039 0.52005
1040 0.51887
1041 0.51769
1042 0.51651
1043 0.51533
1044 0.51415
1045 0.51297
1046 0.51179
1047 0.51061
1048 0.50943
1049 0.50824
1050 0.50706
1051 0.50588
1052 0.50470
1053 0.50351
1054 0.50233
1055 0.50115
1056 0.49996
1057 0.49878
1058 0.49760
1059 0.49641
1060 0.49523
1061 0.49405
1062 0.49286
1063 0.49168
1064 0.49049
1065 0.48931
1066 0.48813
1067 0.48694
1068 0.48576
1069 0.48457
1070 0.48339
1071 0.48221
1072 0.48102
1073 0.47984
1074 0.47865
1075 0.47747
1076 0.47629
1077 0.47510
1078 0.47392
1079 0.47273
1080 0.47155
1081 0.47037
1082 0.46918
1083 0.46800
1084 0.46682
1085 0.46563
1086 0.46445
1087 0.46327
1088 0.46209
1089 0.46090
1090 0.45972
1091 0.45854
1092 0.45736
1093 0.45618
1094 0.45500
1095 0.45381
1096 0.45263
1097 0.45145
1098 0.45027
1099 0.44909
1100 0.44791
1101 0.44673
1102 0.44555
1103 0.44438
1104 0.44320
1105 0.44202
1106 0.44084
1107 0.43966
1108 0.43849
1109 0.43731
1110 0.43613
1111 0.43496
1112 0.43378
1113 0.43261
1114 0.43143
1115 0.43026
1116 0.42908
1117 0.42791
1118 0.42674
1119 0.42557
1120 0.42439
1121 0.42322
1122 0.42205
1123 0.42088
1124 0.41971
1125 0.41854
1126 0.41737
1127 0.41620
1128 0.41503
1129 0.41387
1130 0.41270
1131 0.41153
1132 0.41037
1133 0.40920
1134 0.40804
1135 0.40687
1136 0.40571
1137 0.40455
1138 0.40339
1139 0.40222
1140 0.40106
1141 0.39990
1142 0.39874
1143 0.39758
1144 0.39643
1145 0.39527
1146 0.39411
1147 0.39295
1148 0.39180
1149 0.39064
1150 0.38949
1151 0.38834
1152 0.38718
1153 0.38603
1154 0.38488
1155 0.38373
1156 0.38258
1157 0.38143
1158 0.38028
1159 0.37914
1160 0.37799
1161 0.37684
1162 0.37570
1163 0.37455
1164 0.37341
1165 0.37227
1166 0.37113
1167 0.36999
1168 0.36885
1169 0.36771
1170 0.36657
1171 0.36543
1172 0.36429
1173 0.36316
1174 0.36202
1175 0.36089
1176 0.35976
1177 0.35862
1178 0.35749
1179 0.35636
1180 0.35523
1181 0.35410
1182 0.35298
1183 0.35185
1184 0.35072
1185 0.34960
1186 0.34848
1187 0.34735
1188 0.34623
1189 0.34511
1190 0.34399
1191 0.34287
1192 0.34175
1193 0.34063
1194 0.33952
1195 0.33840
1196 0.33729
1197 0.33617
1198 0.33506
1199 0.33395
1200 0.33284
1201 0.33173
1202 0.33062
1203 0.32951
1204 0.32841
1205 0.32730
1206 0.32620
1207 0.32509
1208 0.32399
1209 0.32289
1210 0.32179
1211 0.32069
1212 0.31959
1213 0.31849
1214 0.31739
1215 0.31630
1216 1.00000
