17 0.86577
18 0.85477
19 0.84362
20 0.83235
21 0.82096
22 0.80947
23 0.79790
24 0.78627
25 0.77459
26 0.76286
27 0.75111
28 0.73935
29 0.72757
30 0.71581
31 0.70406
32 0.69234
33 0.68065
34 0.66900
35 0.65740
36 0.64586
37 0.63439
38 0.62298
39 0.61166
40 0.60041
41 0.58926
42 0.57820
43 0.56723
44 0.55637
45 0.54561
46 0.53497
47 0.52443
48 0.51402
49 0.50372
50 0.49355
51 0.48350
52 0.47358
53 0.46378
54 0.45412
55 0.44459
56 0.43519
57 0.42592
58 0.41679
59 0.40780
60 0.39895
61 0.39023
62 0.38165
63 0.37320
64 0.36490
65 0.35673
66 0.34870
67 0.34081
68 0.33305
69 0.32543
70 0.31794
71 0.31059
72 0.30338
73 0.29630
74 0.28935
75 0.28253
76 0.27584
77 0.26928
78 0.26285
79 0.25655
80 0.25037
81 0.24431
82 0.23838
83 0.23257
84 0.22688
85 0.22131
86 0.21585
87 0.21051
88 0.20528
89 0.20017
90 0.19516
91 0.19026
92 0.18548
93 0.18079
94 0.17621
95 0.17173
96 0.16736
97 0.16308
98 0.15890
99 0.15482
100 0.15082
101 0.14693
102 0.14312
103 0.13940
104 0.13577
105 0.13222
106 0.12876
107 0.12538
108 0.12208
109 0.11886
110 0.11572
111 0.11266
112 0.10967
113 0.10675
114 0.10391
115 0.10113
116 0.09843
117 0.09579
118 0.09322
119 0.09071
120 0.08827
121 0.08588
122 0.08356
123 0.08130
124 0.07909
125 0.07694
126 0.07485
127 0.07281
128 0.07082
129 0.06888
130 0.06700
131 0.06516
132 0.06337
133 0.06163
134 0.05993
135 0.05828
136 0.05668
137 0.05511
138 0.05359
139 0.05210
140 0.05066
141 0.04926
142 0.04789
143 0.04656
144 0.04526
145 0.04400
146 0.04278
147 0.04159
148 0.04043
149 0.03930
150 0.03820
151 0.03713
152 0.03609
153 0.03508
154 0.03410
155 0.03314
156 0.03221
157 0.03131
158 0.03043
159 0.02958
160 0.02874
161 0.02794
162 0.02715
163 0.02639
164 0.02565
165 0.02492
166 0.02422
167 0.02354
168 0.02288
169 0.02223
170 0.02161
171 0.02100
172 0.02040
173 0.01983
174 0.01927
175 0.01873
176 0.01820
177 0.01769
178 0.01719
179 0.01670
180 0.01623
181 0.01578
182 0.01533
183 0.01490
184 0.01448
185 0.01407
186 0.01368
187 0.01329
188 0.01292
189 0.01255
190 0.01220
191 0.01186
192 0.01152
193 0.01120
194 0.01089
195 0.01058
196 0.01028
197 0.00999
198 0.00971
199 0.00944
200 0.00918
201 0.00892
202 0.00867
203 0.00843
204 0.00819
205 0.00796
206 0.00774
207 0.00753
208 0.00732
209 0.00711
210 0.00692
211 0.00672
212 0.00654
213 0.00635
214 0.00618
215 0.00601
216 0.00584
217 0.00568
218 0.00552
219 0.00537
220 0.00522
221 0.00508
222 0.00494
223 0.00480
224 0.00467
225 0.00454
226 0.00442
227 0.00430
228 0.00418
229 0.00407
230 0.00395
231 0.00385
232 0.00374
233 0.00364
234 0.00354
235 0.00345
236 0.00335
237 0.00326
238 0.00317
239 0.00309
240 0.00300
241 0.00292
242 0.00285
243 0.00277
244 0.00269
245 0.00262
246 0.00255
247 0.00248
248 0.00242
249 0.00235
250 0.00229
251 0.00223
252 0.00217
253 0.00211
254 0.00206
255 0.00200
256 0.00195
257 0.00190
258 0.00185
259 0.00180
260 0.00176
261 0.00171
262 0.00167
263 0.00162
264 0.00158
265 0.00154
266 0.00150
267 0.00146
268 0.00142
269 0.00139
270 0.00135
271 0.00132
272 0.00128
273 0.00125
274 0.00122
275 0.00119
276 0.00116
277 0.00113
278 0.00110
279 0.00107
280 0.00105
281 0.00102
282 0.00099
283 0.00097
284 0.00094
285 0.00092
286 0.00090
287 0.00088
288 0.00085
289 0.00083
290 0.00081
291 0.00079
292 0.00077
293 0.00076
294 0.00074
295 0.00072
296 0.00070
297 0.00068
298 0.00067
299 0.00065
300 0.00064
301 0.00062
302 0.00061
303 0.00059
304 0.00058
305 0.00056
306 0.00055
307 0.00054
308 0.00053
309 0.00051
310 0.00050
311 0.00049
312 0.00048
313 0.00047
314 0.00046
315 0.00045
316 0.00044
317 0.00043
318 0.00042
319 0.00041
320 0.00040
321 0.00039
322 0.00038
323 0.00037
324 0.00036
325 0.00036
326 0.00035
327 0.00034
328 0.00033
329 0.00033
330 0.00032
331 0.00031
332 0.00030
333 0.00030
334 0.00029
335 0.00029
336 0.00028
337 0.00027
338 0.00027
339 0.00026
340 0.00026
341 0.00025
342 0.00025
343 0.00024
344 0.00024
345 0.00023
346 0.00023
347 0.00022
348 0.00022
349 0.00021
350 0.00021
351 0.00020
352 0.00020
353 0.00020
354 0.00019
355 0.00019
356 0.00018
357 0.00018
358 0.00018
359 0.00017
360 0.00017
361 0.00017
362 0.00016
363 0.00016
364 0.00016
365 0.00015
366 0.00015
367 0.00015
368 0.00015
369 0.00014
370 0.00014
371 0.00014
372 0.00013
373 0.00013
374 0.00013
375 0.00013
376 0.00013
377 0.00012
378 0.00012
379 0.00012
380 0.00012
381 0.00011
382 0.00011
383 0.00011
384 0.00011
385 0.00011
386 0.00010
387 0.00010
388 0.00010
389 0.00010
390 0.00010
391 0.00010
392 0.00009
393 0.00009
394 0.00009
395 0.00009
396 0.00009
397 0.00009
398 0.00009
399 0.00008
400 0.00008
401 0.00008
402 0.00008
403 0.00008
404 0.00008
405 0.00008
406 0.00008
407 0.00007
408 0.00007
409 0.00007
410 0.00007
411 0.00007
412 0.00007
413 0.00007
414 0.00007
415 0.00007
416 0.00006
417 0.00006
418 0.00006
419 0.00006
420 0.00006
421 0.00006
422 0.00006
423 0.00006
424 0.00006
425 0.00006
426 0.00006
427 0.00006
428 0.00005
429 0.00005
430 0.00005
431 0.00005
432 0.00005
433 0.00005
434 0.00005
435 0.00005
436 0.00005
437 0.00005
438 0.00005
439 0.00005
440 0.00005
441 0.00005
442 0.00005
443 0.00004
444 0.00004
445 0.00004
446 0.00004
447 0.00004
448 0.00004
449 0.00004
450 0.00004
451 0.00004
452 0.00004
453 0.00004
454 0.00004
455 0.00004
456 0.00004
457 0.00004
458 0.00004
459 0.00004
460 0.00004
461 0.00004
462 0.00004
463 0.00004
464 0.00004
465 0.00004
466 0.00004
467 0.00003
468 0.00003
469 0.00003
470 0.00003
471 0.00003
472 0.00003
473 0.00003
474 0.00003
475 0.00003
476 0.00003
477 0.00003
478 0.00003
479 0.00003
480 0.00003
481 0.00003
482 0.00003
483 0.00003
484 0.00003
485 0.00003
486 0.00003
487 0.00003
488 0.00003
489 0.00003
490 0.00003
491 0.00003
492 0.00003
493 0.00003
494 0.00003
495 0.00003
496 0.00003
497 0.00003
498 0.00003
499 0.00003
500 0.00003
501 0.00003
502 0.00003
503 0.00003
504 0.00003
505 0.00003
506 0.00003
507 0.00003
508 0.00003
509 0.00003
510 0.00003
511 0.00003
512 0.00003
513 0.00003
514 0.00003
515 0.00002
516 0.00002
517 0.00002
518 0.00002
519 0.00002
520 0.00002
521 0.00002
522 0.00002
523 0.00002
524 0.00002
525 0.00002
526 0.00002
527 0.00002
528 0.00002
529 0.00002
530 0.00002
531 0.00002
532 0.00002
533 0.00002
534 0.00002
535 0.00002
536 0.00002
537 0.00002
538 0.00002
539 0.00002
540 0.00002
541 0.00002
542 0.00002
543 0.00002
544 0.00002
545 0.00002
546 0.00002
547 0.00002
548 0.00002
549 0.00002
550 0.00002
551 0.00002
552 0.00002
553 0.00002
554 0.00002
555 0.00002
556 0.00002
557 0.00002
558 0.00002
559 0.00002
560 0.00002
561 0.00002
562 0.00002
563 0.00002
564 0.00002
565 0.00002
566 0.00002
567 0.00002
568 0.00002
569 0.00002
570 0.00002
571 0.00002
572 0.00002
573 0.00002
574 0.00002
575 0.00002
576 0.00002
577 0.00002
578 0.00002
579 0.00002
580 0.00002
581 0.00002
582 0.00002
583 0.00002
584 0.00002
585 0.00002
586 0.00003
587 0.00003
588 0.00003
589 0.00003
590 0.00003
591 0.00003
592 0.00003
593 0.00003
594 0.00003
595 0.00003
596 0.00003
597 0.00003
598 0.00003
599 0.00003
600 0.00003
601 0.00003
602 0.00003
603 0.00003
604 0.00003
605 0.00003
606 0.00003
607 0.00003
608 0.00003
609 0.00003
610 0.00003
611 0.00003
612 0.00003
613 0.00003
614 0.00003
615 0.00003
616 0.00003
617 0.00003
618 0.00003
619 0.00003
620 0.00003
621 0.00003
622 0.00003
623 0.00003
624 0.00003
625 0.00003
626 0.00003
627 0.00003
628 0.00003
629 0.00003
630 0.00003
631 0.00004
632 0.00004
633 0.00004
634 0.00004
635 0.00004
636 0.00004
637 0.00004
638 0.00004
639 0.00004
640 0.00004
641 0.00004
642 0.00004
643 0.00004
644 0.00004
645 0.00004
646 0.00004
647 0.00004
648 0.00004
649 0.00004
650 0.00004
651 0.00004
652 0.00004
653 0.00005
654 0.00005
655 0.00005
656 0.00005
657 0.00005
658 0.00005
659 0.00005
660 0.00005
661 0.00005
662 0.00005
663 0.00005
664 0.00005
665 0.00005
666 0.00005
667 0.00006
668 0.00006
669 0.00006
670 0.00006
671 0.00006
672 0.00006
673 0.00006
674 0.00006
675 0.00006
676 0.00006
677 0.00007
678 0.00007
679 0.00007
680 0.00007
681 0.00007
682 0.00007
683 0.00007
684 0.00007
685 0.00008
686 0.00008
687 0.00008
688 0.00008
689 0.00008
690 0.00008
691 0.00008
692 0.00009
693 0.00009
694 0.00009
695 0.00009
696 0.00009
697 0.00009
698 0.00010
699 0.00010
700 0.00010
701 0.00010
702 0.00010
703 0.00011
704 0.00011
705 0.00011
706 0.00011
707 0.00012
708 0.00012
709 0.00012
710 0.00012
711 0.00013
712 0.00013
713 0.00013
714 0.00013
715 0.00014
716 0.00014
717 0.00014
718 0.00015
719 0.00015
720 0.00015
721 0.00016
722 0.00016
723 0.00017
724 0.00017
725 0.00017
726 0.00018
727 0.00018
728 0.00019
729 0.00019
730 0.00020
731 0.00020
732 0.00021
733 0.00021
734 0.00022
735 0.00022
736 0.00023
737 0.00023
738 0.00024
739 0.00024
740 0.00025
741 0.00026
742 0.00026
743 0.00027
744 0.00028
745 0.00029
746 0.00029
747 0.00030
748 0.00031
749 0.00032
750 0.00033
751 0.00034
752 0.00035
753 0.00036
754 0.00037
755 0.00038
756 0.00039
757 0.00040
758 0.00041
759 0.00042
760 0.00044
761 0.00045
762 0.00046
763 0.00048
764 0.00049
765 0.00050
766 0.00052
767 0.00054
768 0.00055
769 0.00057
770 0.00059
771 0.00060
772 0.00062
773 0.00064
774 0.00066
775 0.00068
776 0.00071
777 0.00073
778 0.00075
779 0.00078
780 0.00080
781 0.00083
782 0.00085
783 0.00088
784 0.00091
785 0.00094
786 0.00097
787 0.00101
788 0.00104
789 0.00108
790 0.00111
791 0.00115
792 0.00119
793 0.00123
794 0.00127
795 0.00132
796 0.00136
797 0.00141
798 0.00146
799 0.00151
800 0.00157
801 0.00162
802 0.00168
803 0.00174
804 0.00181
805 0.00187
806 0.00194
807 0.00201
808 0.00209
809 0.00217
810 0.00225
811 0.00233
812 0.00242
813 0.00251
814 0.00260
815 0.00270
816 0.00281
817 0.00292
818 0.00303
819 0.00315
820 0.00327
821 0.00340
822 0.00353
823 0.00367
824 0.00381
825 0.00397
826 0.00412
827 0.00429
828 0.00446
829 0.00464
830 0.00483
831 0.00503
832 0.00523
833 0.00545
834 0.00567
835 0.00591
836 0.00615
837 0.00641
838 0.00668
839 0.00696
840 0.00726
841 0.00756
842 0.00789
843 0.00822
844 0.00858
845 0.00895
846 0.00933
847 0.00974
848 0.01016
849 0.01061
850 0.01108
851 0.01156
852 0.01208
853 0.01261
854 0.01318
855 0.01377
856 0.01439
857 0.01504
858 0.01572
859 0.01643
860 0.01718
861 0.01797
862 0.01880
863 0.01966
864 0.02057
865 0.02153
866 0.02253
867 0.02359
868 0.02470
869 0.02586
870 0.02709
871 0.02837
872 0.02973
873 0.03115
874 0.03265
875 0.03422
876 0.03587
877 0.03762
878 0.03945
879 0.04138
880 0.04340
881 0.04554
882 0.04779
883 0.05016
884 0.05265
885 0.05528
886 0.05805
887 0.06096
888 0.06404
889 0.06727
890 0.07069
891 0.07429
892 0.07808
893 0.08208
894 0.08631
895 0.09076
896 0.09546
897 0.10041
898 0.10564
899 0.11117
900 0.11700
901 0.12315
902 0.12965
903 0.13652
904 0.14377
905 0.15143
906 0.15952
907 0.16807
908 0.17711
909 0.18667
910 0.19677
911 0.20745
912 0.21616
913 0.22083
914 0.22628
915 0.23174
916 0.23537
917 0.23713
918 0.23945
919 0.24252
920 0.24658
921 0.25198
922 0.25056
923 0.24915
924 0.25644
925 0.25503
926 0.25361
927 0.26370
928 0.26228
929 0.26087
930 0.25945
931 0.27389
932 0.27247
933 0.27105
934 0.26963
935 0.26821
936 0.26680
937 0.26539
938 0.28711
939 0.28569
940 0.28427
941 0.28285
942 0.28144
943 0.28003
944 0.27862
945 0.27721
946 0.27580
947 0.27439
948 0.27298
949 0.27158
950 0.30684
951 0.30543
952 0.30402
953 0.30262
954 0.30121
955 0.29981
956 0.29840
957 0.29700
958 0.29560
959 0.29420
960 0.29280
961 0.29141
962 0.29001
963 0.28861
964 0.28722
965 0.28583
966 0.28444
967 0.28305
968 0.28166
969 0.28027
970 0.27888
971 0.27750
972 0.27611
973 0.34104
974 0.33966
975 0.33828
976 0.33690
977 0.33553
978 0.33415
979 0.33278
980 0.33140
981 0.33003
982 0.32866
983 0.32729
984 0.32592
985 0.32455
986 0.32318
987 0.32182
988 0.32045
989 0.31908
990 0.31772
991 0.31636
992 0.31500
993 0.31364
994 0.31228
995 0.31092
996 0.30956
997 0.30820
998 0.30684
999 0.30549
1000 0.30413
1001 0.30278
1002 0.30143
1003 0.30007
1004 0.29872
1005 0.29737
1006 0.29602
1007 0.29467
1008 0.29332
1009 0.29197
1010 0.29063
1011 0.28928
1012 0.28793
1013 0.28659
1014 0.28524
1015 0.28390
1016 0.28255
1017 0.28121
1018 0.27986
1019 0.27852
1020 0.27718
1021 0.27584
1022 0.27449
1023 0.27315
1024 0.27181
1025 0.27047
1026 0.42322
1027 0.42194
1028 0.42066
1029 0.41938
1030 0.41811
1031 0.41683
1032 0.41555
1033 0.41428
1034 0.41300
1035 0.41173
1036 0.41045
1037 0.40918
1038 0.40791
1039 0.40664
1040 0.40537
1041 0.40410
1042 0.40283
1043 0.40156
1044 0.40029
1045 0.39902
1046 0.39776
1047 0.39649
1048 0.39523
1049 0.39396
1050 0.39270
1051 0.39144
1052 0.39017
1053 0.38891
1054 0.38765
1055 0.38639
1056 0.38514
1057 0.38388
1058 0.38262
1059 0.38137
1060 0.38011
1061 0.37886
1062 0.37761
1063 0.37636
1064 0.37511
1065 0.37386
1066 0.37261
1067 0.37136
1068 0.37011
1069 0.36887
1070 0.36762
1071 0.36638
1072 0.36514
1073 0.36389
1074 0.36265
1075 0.36141
1076 0.36018
1077 0.35894
1078 0.35770
1079 0.35647
1080 0.35523
1081 0.35400
1082 0.35277
1083 0.35154
1084 0.35031
1085 0.34908
1086 0.34785
1087 0.34662
1088 0.34540
1089 0.34418
1090 0.34295
1091 0.34173
1092 0.34051
1093 0.33929
1094 0.33807
1095 0.33685
1096 0.33564
1097 0.33442
1098 0.33321
1099 0.33200
1100 0.33079
1101 0.32958
1102 0.32837
1103 0.32716
1104 0.32595
1105 0.32475
1106 0.32354
1107 0.32234
1108 0.32114
1109 0.31994
1110 0.31874
1111 0.31754
1112 0.31634
1113 0.31514
1114 0.31395
1115 0.31275
1116 0.31156
1117 0.31037
1118 0.30918
1119 0.30799
1120 0.30680
1121 0.30562
1122 0.30443
1123 0.30325
1124 0.30206
1125 0.30088
1126 0.29970
1127 0.29852
1128 0.29734
1129 0.29616
1130 0.29499
1131 0.29381
1132 0.29264
1133 0.29146
1134 0.29029
1135 0.28912
1136 0.28795
1137 0.28678
1138 0.28561
1139 0.28444
1140 0.28328
1141 0.28211
1142 0.28095
1143 0.27978
1144 0.27862
1145 0.27746
1146 0.27630
1147 0.27514
1148 0.27398
1149 0.27282
1150 0.27167
1151 0.27051
1152 0.26935
1153 0.26820
1154 0.26704
1155 0.26589
1156 0.26474
1157 0.26359
1158 0.26244
1159 0.26129
1160 0.26014
1161 0.25899
1162 0.25784
1163 0.25669
1164 0.25554
1165 0.25439
1166 0.25325
1167 0.25210
1168 0.25096
1169 0.24981
1170 0.24867
1171 0.24752
1172 0.24638
1173 0.24523
1174 0.24409
1175 0.24295
1176 0.24180
1177 0.24066
1178 0.23952
1179 0.23837
1180 0.23723
1181 0.23609
1182 0.23494
1183 0.23380
1184 0.23266
1185 0.23151
1186 0.23037
1187 0.22923
1188 0.22808
1189 0.22694
1190 0.22579
1191 0.22465
1192 0.22350
1193 0.22236
1194 0.22121
1195 0.22007
1196 0.21892
1197 0.21777
1198 0.21662
1199 0.21547
1200 0.21432
1201 0.21317
1202 0.21202
1203 0.21087
1204 0.20972
1205 0.20857
1206 0.20741
1207 0.20626
1208 0.20510
1209 0.20394
1210 0.20278
1211 0.20163
1212 0.20047
1213 0.19930
1214 0.19814
1215 0.19698
1216 1.00000
