17 0.86572
18 0.85472
19 0.84356
20 0.83228
21 0.82089
22 0.80940
23 0.79782
24 0.78619
25 0.77450
26 0.76277
27 0.75101
28 0.73924
29 0.72746
30 0.71569
31 0.70393
32 0.69220
33 0.68051
34 0.66885
35 0.65725
36 0.64570
37 0.63422
38 0.62281
39 0.61148
40 0.60023
41 0.58907
42 0.57800
43 0.56703
44 0.55616
45 0.54540
46 0.53475
47 0.52421
48 0.51379
49 0.50349
50 0.49331
51 0.48326
52 0.47333
53 0.46353
54 0.45387
55 0.44433
56 0.43493
57 0.42566
58 0.41653
59 0.40753
60 0.39867
61 0.38995
62 0.38137
63 0.37292
64 0.36461
65 0.35644
66 0.34841
67 0.34051
68 0.33276
69 0.32513
70 0.31765
71 0.31030
72 0.30308
73 0.29600
74 0.28905
75 0.28223
76 0.27554
77 0.26898
78 0.26255
79 0.25624
80 0.25006
81 0.24401
82 0.23808
83 0.23227
84 0.22657
85 0.22100
86 0.21555
87 0.21021
88 0.20498
89 0.19986
90 0.19486
91 0.18997
92 0.18518
93 0.18049
94 0.17592
95 0.17144
96 0.16707
97 0.16279
98 0.15861
99 0.15453
100 0.15054
101 0.14664
102 0.14284
103 0.13912
104 0.13549
105 0.13195
106 0.12849
107 0.12511
108 0.12181
109 0.11860
110 0.11546
111 0.11240
112 0.10941
113 0.10649
114 0.10365
115 0.10088
116 0.09818
117 0.09554
118 0.09297
119 0.09047
120 0.08802
121 0.08564
122 0.08332
123 0.08106
124 0.07886
125 0.07671
126 0.07462
127 0.07258
128 0.07060
129 0.06867
130 0.06678
131 0.06495
132 0.06316
133 0.06142
134 0.05973
135 0.05808
136 0.05648
137 0.05491
138 0.05339
139 0.05191
140 0.05047
141 0.04907
142 0.04771
143 0.04638
144 0.04509
145 0.04383
146 0.04261
147 0.04142
148 0.04026
149 0.03913
150 0.03804
151 0.03697
152 0.03593
153 0.03493
154 0.03395
155 0.03299
156 0.03206
157 0.03116
158 0.03029
159 0.02943
160 0.02861
161 0.02780
162 0.02702
163 0.02625
164 0.02551
165 0.02479
166 0.02410
167 0.02342
168 0.02275
169 0.02211
170 0.02149
171 0.02088
172 0.02029
173 0.01972
174 0.01916
175 0.01862
176 0.01809
177 0.01758
178 0.01708
179 0.01660
180 0.01613
181 0.01568
182 0.01523
183 0.01480
184 0.01439
185 0.01398
186 0.01359
187 0.01320
188 0.01283
189 0.01247
190 0.01212
191 0.01177
192 0.01144
193 0.01112
194 0.01081
195 0.01050
196 0.01021
197 0.00992
198 0.00964
199 0.00937
200 0.00911
201 0.00885
202 0.00860
203 0.00836
204 0.00813
205 0.00790
206 0.00768
207 0.00747
208 0.00726
209 0.00705
210 0.00686
211 0.00667
212 0.00648
213 0.00630
214 0.00613
215 0.00596
216 0.00579
217 0.00563
218 0.00547
219 0.00532
220 0.00517
221 0.00503
222 0.00489
223 0.00476
224 0.00463
225 0.00450
226 0.00438
227 0.00426
228 0.00414
229 0.00403
230 0.00391
231 0.00381
232 0.00370
233 0.00360
234 0.00350
235 0.00341
236 0.00332
237 0.00323
238 0.00314
239 0.00305
240 0.00297
241 0.00289
242 0.00281
243 0.00274
244 0.00266
245 0.00259
246 0.00252
247 0.00246
248 0.00239
249 0.00233
250 0.00226
251 0.00220
252 0.00215
253 0.00209
254 0.00203
255 0.00198
256 0.00193
257 0.00188
258 0.00183
259 0.00178
260 0.00173
261 0.00169
262 0.00164
263 0.00160
264 0.00156
265 0.00152
266 0.00148
267 0.00144
268 0.00140
269 0.00137
270 0.00133
271 0.00130
272 0.00126
273 0.00123
274 0.00120
275 0.00117
276 0.00114
277 0.00111
278 0.00108
279 0.00106
280 0.00103
281 0.00100
282 0.00098
283 0.00095
284 0.00093
285 0.00091
286 0.00088
287 0.00086
288 0.00084
289 0.00082
290 0.00080
291 0.00078
292 0.00076
293 0.00074
294 0.00072
295 0.00071
296 0.00069
297 0.00067
298 0.00066
299 0.00064
300 0.00063
301 0.00061
302 0.00060
303 0.00058
304 0.00057
305 0.00055
306 0.00054
307 0.00053
308 0.00052
309 0.00050
310 0.00049
311 0.00048
312 0.00047
313 0.00046
314 0.00045
315 0.00044
316 0.00043
317 0.00042
318 0.00041
319 0.00040
320 0.00039
321 0.00038
322 0.00037
323 0.00036
324 0.00036
325 0.00035
326 0.00034
327 0.00033
328 0.00033
329 0.00032
330 0.00031
331 0.00030
332 0.00030
333 0.00029
334 0.00029
335 0.00028
336 0.00027
337 0.00027
338 0.00026
339 0.00026
340 0.00025
341 0.00025
342 0.00024
343 0.00024
344 0.00023
345 0.00023
346 0.00022
347 0.00022
348 0.00021
349 0.00021
350 0.00020
351 0.00020
352 0.00019
353 0.00019
354 0.00019
355 0.00018
356 0.00018
357 0.00018
358 0.00017
359 0.00017
360 0.00017
361 0.00016
362 0.00016
363 0.00016
364 0.00015
365 0.00015
366 0.00015
367 0.00014
368 0.00014
369 0.00014
370 0.00014
371 0.00013
372 0.00013
373 0.00013
374 0.00013
375 0.00012
376 0.00012
377 0.00012
378 0.00012
379 0.00012
380 0.00011
381 0.00011
382 0.00011
383 0.00011
384 0.00011
385 0.00010
386 0.00010
387 0.00010
388 0.00010
389 0.00010
390 0.00009
391 0.00009
392 0.00009
393 0.00009
394 0.00009
395 0.00009
396 0.00009
397 0.00008
398 0.00008
399 0.00008
400 0.00008
401 0.00008
402 0.00008
403 0.00008
404 0.00008
405 0.00007
406 0.00007
407 0.00007
408 0.00007
409 0.00007
410 0.00007
411 0.00007
412 0.00007
413 0.00007
414 0.00006
415 0.00006
416 0.00006
417 0.00006
418 0.00006
419 0.00006
420 0.00006
421 0.00006
422 0.00006
423 0.00006
424 0.00006
425 0.00005
426 0.00005
427 0.00005
428 0.00005
429 0.00005
430 0.00005
431 0.00005
432 0.00005
433 0.00005
434 0.00005
435 0.00005
436 0.00005
437 0.00005
438 0.00005
439 0.00005
440 0.00004
441 0.00004
442 0.00004
443 0.00004
444 0.00004
445 0.00004
446 0.00004
447 0.00004
448 0.00004
449 0.00004
450 0.00004
451 0.00004
452 0.00004
453 0.00004
454 0.00004
455 0.00004
456 0.00004
457 0.00004
458 0.00004
459 0.00004
460 0.00004
461 0.00004
462 0.00004
463 0.00003
464 0.00003
465 0.00003
466 0.00003
467 0.00003
468 0.00003
469 0.00003
470 0.00003
471 0.00003
472 0.00003
473 0.00003
474 0.00003
475 0.00003
476 0.00003
477 0.00003
478 0.00003
479 0.00003
480 0.00003
481 0.00003
482 0.00003
483 0.00003
484 0.00003
485 0.00003
486 0.00003
487 0.00003
488 0.00003
489 0.00003
490 0.00003
491 0.00003
492 0.00003
493 0.00003
494 0.00003
495 0.00003
496 0.00003
497 0.00003
498 0.00003
499 0.00003
500 0.00003
501 0.00003
502 0.00003
503 0.00003
504 0.00002
505 0.00002
506 0.00002
507 0.00002
508 0.00002
509 0.00002
510 0.00002
511 0.00002
512 0.00002
513 0.00002
514 0.00002
515 0.00002
516 0.00002
517 0.00002
518 0.00002
519 0.00002
520 0.00002
521 0.00002
522 0.00002
523 0.00002
524 0.00002
525 0.00002
526 0.00002
527 0.00002
528 0.00002
529 0.00002
530 0.00002
531 0.00002
532 0.00002
533 0.00002
534 0.00002
535 0.00002
536 0.00002
537 0.00002
538 0.00002
539 0.00002
540 0.00002
541 0.00002
542 0.00002
543 0.00002
544 0.00002
545 0.00002
546 0.00002
547 0.00002
548 0.00002
549 0.00002
550 0.00002
551 0.00002
552 0.00002
553 0.00002
554 0.00002
555 0.00002
556 0.00002
557 0.00002
558 0.00002
559 0.00002
560 0.00002
561 0.00002
562 0.00002
563 0.00002
564 0.00002
565 0.00002
566 0.00002
567 0.00002
568 0.00002
569 0.00002
570 0.00002
571 0.00002
572 0.00002
573 0.00002
574 0.00002
575 0.00002
576 0.00002
577 0.00002
578 0.00002
579 0.00002
580 0.00002
581 0.00002
582 0.00002
583 0.00002
584 0.00002
585 0.00002
586 0.00002
587 0.00002
588 0.00002
589 0.00002
590 0.00002
591 0.00002
592 0.00002
593 0.00002
594 0.00002
595 0.00002
596 0.00002
597 0.00002
598 0.00002
599 0.00002
600 0.00002
601 0.00002
602 0.00003
603 0.00003
604 0.00003
605 0.00003
606 0.00003
607 0.00003
608 0.00003
609 0.00003
610 0.00003
611 0.00003
612 0.00003
613 0.00003
614 0.00003
615 0.00003
616 0.00003
617 0.00003
618 0.00003
619 0.00003
620 0.00003
621 0.00003
622 0.00003
623 0.00003
624 0.00003
625 0.00003
626 0.00003
627 0.00003
628 0.00003
629 0.00003
630 0.00003
631 0.00003
632 0.00003
633 0.00003
634 0.00003
635 0.00003
636 0.00003
637 0.00003
638 0.00003
639 0.00003
640 0.00003
641 0.00004
642 0.00004
643 0.00004
644 0.00004
645 0.00004
646 0.00004
647 0.00004
648 0.00004
649 0.00004
650 0.00004
651 0.00004
652 0.00004
653 0.00004
654 0.00004
655 0.00004
656 0.00004
657 0.00004
658 0.00004
659 0.00004
660 0.00004
661 0.00005
662 0.00005
663 0.00005
664 0.00005
665 0.00005
666 0.00005
667 0.00005
668 0.00005
669 0.00005
670 0.00005
671 0.00005
672 0.00005
673 0.00005
674 0.00006
675 0.00006
676 0.00006
677 0.00006
678 0.00006
679 0.00006
680 0.00006
681 0.00006
682 0.00006
683 0.00006
684 0.00006
685 0.00007
686 0.00007
687 0.00007
688 0.00007
689 0.00007
690 0.00007
691 0.00007
692 0.00007
693 0.00008
694 0.00008
695 0.00008
696 0.00008
697 0.00008
698 0.00008
699 0.00009
700 0.00009
701 0.00009
702 0.00009
703 0.00009
704 0.00009
705 0.00010
706 0.00010
707 0.00010
708 0.00010
709 0.00010
710 0.00011
711 0.00011
712 0.00011
713 0.00011
714 0.00012
715 0.00012
716 0.00012
717 0.00012
718 0.00013
719 0.00013
720 0.00013
721 0.00014
722 0.00014
723 0.00014
724 0.00015
725 0.00015
726 0.00015
727 0.00016
728 0.00016
729 0.00016
730 0.00017
731 0.00017
732 0.00018
733 0.00018
734 0.00018
735 0.00019
736 0.00019
737 0.00020
738 0.00020
739 0.00021
740 0.00021
741 0.00022
742 0.00022
743 0.00023
744 0.00024
745 0.00024
746 0.00025
747 0.00026
748 0.00026
749 0.00027
750 0.00028
751 0.00028
752 0.00029
753 0.00030
754 0.00031
755 0.00032
756 0.00033
757 0.00034
758 0.00034
759 0.00035
760 0.00036
761 0.00038
762 0.00039
763 0.00040
764 0.00041
765 0.00042
766 0.00043
767 0.00045
768 0.00046
769 0.00047
770 0.00049
771 0.00050
772 0.00052
773 0.00053
774 0.00055
775 0.00057
776 0.00058
777 0.00060
778 0.00062
779 0.00064
780 0.00066
781 0.00068
782 0.00070
783 0.00073
784 0.00075
785 0.00078
786 0.00080
787 0.00083
788 0.00085
789 0.00088
790 0.00091
791 0.00094
792 0.00097
793 0.00101
794 0.00104
795 0.00108
796 0.00111
797 0.00115
798 0.00119
799 0.00123
800 0.00128
801 0.00132
802 0.00137
803 0.00142
804 0.00147
805 0.00152
806 0.00157
807 0.00163
808 0.00169
809 0.00175
810 0.00181
811 0.00188
812 0.00195
813 0.00202
814 0.00210
815 0.00217
816 0.00225
817 0.00234
818 0.00243
819 0.00252
820 0.00262
821 0.00272
822 0.00282
823 0.00293
824 0.00304
825 0.00316
826 0.00329
827 0.00341
828 0.00355
829 0.00369
830 0.00384
831 0.00399
832 0.00415
833 0.00432
834 0.00449
835 0.00467
836 0.00486
837 0.00506
838 0.00527
839 0.00549
840 0.00571
841 0.00595
842 0.00620
843 0.00646
844 0.00673
845 0.00701
846 0.00731
847 0.00762
848 0.00795
849 0.00829
850 0.00865
851 0.00902
852 0.00941
853 0.00982
854 0.01025
855 0.01070
856 0.01117
857 0.01166
858 0.01218
859 0.01272
860 0.01329
861 0.01389
862 0.01451
863 0.01517
864 0.01586
865 0.01658
866 0.01734
867 0.01814
868 0.01897
869 0.01985
870 0.02077
871 0.02173
872 0.02275
873 0.02382
874 0.02494
875 0.02611
876 0.02735
877 0.02865
878 0.03002
879 0.03146
880 0.03297
881 0.03456
882 0.03623
883 0.03799
884 0.03984
885 0.04179
886 0.04384
887 0.04600
888 0.04828
889 0.05067
890 0.05319
891 0.05584
892 0.05864
893 0.06159
894 0.06469
895 0.06796
896 0.07141
897 0.07505
898 0.07888
899 0.08292
900 0.08718
901 0.09168
902 0.09642
903 0.10143
904 0.10671
905 0.11228
906 0.11817
907 0.12438
908 0.13094
909 0.13787
910 0.14518
911 0.15291
912 0.15917
913 0.17837
914 0.19292
915 0.20410
916 0.21078
917 0.21412
918 0.21806
919 0.22276
920 0.22848
921 0.23557
922 0.23419
923 0.23282
924 0.24182
925 0.24044
926 0.23906
927 0.25088
928 0.24949
929 0.24811
930 0.24672
931 0.26292
932 0.26152
933 0.26013
934 0.25873
935 0.25734
936 0.25595
937 0.25456
938 0.27806
939 0.27666
940 0.27526
941 0.27386
942 0.27246
943 0.27107
944 0.26967
945 0.26828
946 0.26689
947 0.26550
948 0.26411
949 0.26273
950 0.29979
951 0.29839
952 0.29700
953 0.29560
954 0.29420
955 0.29281
956 0.29142
957 0.29003
958 0.28864
959 0.28725
960 0.28586
961 0.28448
962 0.28309
963 0.28171
964 0.28033
965 0.27895
966 0.27757
967 0.27619
968 0.27482
969 0.27344
970 0.27207
971 0.27069
972 0.26932
973 0.33606
974 0.33469
975 0.33331
976 0.33194
977 0.33057
978 0.32920
979 0.32783
980 0.32646
981 0.32509
982 0.32373
983 0.32236
984 0.32100
985 0.31964
986 0.31827
987 0.31691
988 0.31555
989 0.31420
990 0.31284
991 0.31148
992 0.31013
993 0.30877
994 0.30742
995 0.30607
996 0.30471
997 0.30336
998 0.30201
999 0.30067
1000 0.29932
1001 0.29797
1002 0.29663
1003 0.29528
1004 0.29394
1005 0.29259
1006 0.29125
1007 0.28991
1008 0.28857
1009 0.28723
1010 0.28589
1011 0.28455
1012 0.28321
1013 0.28187
1014 0.28053
1015 0.27920
1016 0.27786
1017 0.27653
1018 0.27519
1019 0.27386
1020 0.27252
1021 0.27119
1022 0.26986
1023 0.26852
1024 0.26719
1025 0.26586
1026 0.42041
1027 0.41914
1028 0.41786
1029 0.41658
1030 0.41530
1031 0.41402
1032 0.41275
1033 0.41147
1034 0.41020
1035 0.40892
1036 0.40765
1037 0.40638
1038 0.40511
1039 0.40384
1040 0.40257
1041 0.40130
1042 0.40003
1043 0.39876
1044 0.39749
1045 0.39623
1046 0.39496
1047 0.39370
1048 0.39243
1049 0.39117
1050 0.38991
1051 0.38865
1052 0.38739
1053 0.38613
1054 0.38487
1055 0.38361
1056 0.38235
1057 0.38110
1058 0.37984
1059 0.37859
1060 0.37733
1061 0.37608
1062 0.37483
1063 0.37358
1064 0.37233
1065 0.37108
1066 0.36984
1067 0.36859
1068 0.36735
1069 0.36610
1070 0.36486
1071 0.36362
1072 0.36238
1073 0.36114
1074 0.35990
1075 0.35866
1076 0.35742
1077 0.35619
1078 0.35495
1079 0.35372
1080 0.35249
1081 0.35126
1082 0.35003
1083 0.34880
1084 0.34757
1085 0.34634
1086 0.34512
1087 0.34389
1088 0.34267
1089 0.34145
1090 0.34023
1091 0.33901
1092 0.33779
1093 0.33657
1094 0.33536
1095 0.33414
1096 0.33293
1097 0.33171
1098 0.33050
1099 0.32929
1100 0.32808
1101 0.32688
1102 0.32567
1103 0.32446
1104 0.32326
1105 0.32206
1106 0.32086
1107 0.31965
1108 0.31846
1109 0.31726
1110 0.31606
1111 0.31487
1112 0.31367
1113 0.31248
1114 0.31129
1115 0.31009
1116 0.30891
1117 0.30772
1118 0.30653
1119 0.30534
1120 0.30416
1121 0.30298
1122 0.30179
1123 0.30061
1124 0.29943
1125 0.29825
1126 0.29707
1127 0.29590
1128 0.29472
1129 0.29355
1130 0.29237
1131 0.29120
1132 0.29003
1133 0.28886
1134 0.28769
1135 0.28653
1136 0.28536
1137 0.28419
1138 0.28303
1139 0.28187
1140 0.28070
1141 0.27954
1142 0.27838
1143 0.27722
1144 0.27606
1145 0.27491
1146 0.27375
1147 0.27259
1148 0.27144
1149 0.27028
1150 0.26913
1151 0.26798
1152 0.26683
1153 0.26568
1154 0.26453
1155 0.26338
1156 0.26223
1157 0.26108
1158 0.25994
1159 0.25879
1160 0.25765
1161 0.25650
1162 0.25536
1163 0.25421
1164 0.25307
1165 0.25193
1166 0.25079
1167 0.24965
1168 0.24850
1169 0.24736
1170 0.24622
1171 0.24508
1172 0.24395
1173 0.24281
1174 0.24167
1175 0.24053
1176 0.23939
1177 0.23825
1178 0.23712
1179 0.23598
1180 0.23484
1181 0.23370
1182 0.23256
1183 0.23143
1184 0.23029
1185 0.22915
1186 0.22801
1187 0.22688
1188 0.22574
1189 0.22460
1190 0.22346
1191 0.22232
1192 0.22118
1193 0.22004
1194 0.21890
1195 0.21776
1196 0.21662
1197 0.21548
1198 0.21434
1199 0.21320
1200 0.21205
1201 0.21091
1202 0.20977
1203 0.20862
1204 0.20748
1205 0.20633
1206 0.20518
1207 0.20403
1208 0.20288
1209 0.20173
1210 0.20058
1211 0.19943
1212 0.19828
1213 0.19712
1214 0.19597
1215 0.19481
1216 1.00000
