17 0.95485
18 0.95094
19 0.94695
20 0.94288
21 0.93872
22 0.93449
23 0.93019
24 0.92583
25 0.92139
26 0.91690
27 0.91235
28 0.90775
29 0.90309
30 0.89838
31 0.89363
32 0.88884
33 0.88400
34 0.87912
35 0.87421
36 0.86926
37 0.86428
38 0.85927
39 0.85424
40 0.84917
41 0.84409
42 0.83897
43 0.83384
44 0.82869
45 0.82352
46 0.81834
47 0.81314
48 0.80793
49 0.80271
50 0.79748
51 0.79224
52 0.78699
53 0.78174
54 0.77648
55 0.77122
56 0.76596
57 0.76069
58 0.75543
59 0.75017
60 0.74491
61 0.73965
62 0.73440
63 0.72915
64 0.72391
65 0.71868
66 0.71346
67 0.70824
68 0.70303
69 0.69784
70 0.69265
71 0.68748
72 0.68232
73 0.67718
74 0.67205
75 0.66693
76 0.66183
77 0.65674
78 0.65168
79 0.64663
80 0.64159
81 0.63658
82 0.63158
83 0.62661
84 0.62165
85 0.61672
86 0.61180
87 0.60691
88 0.60204
89 0.59719
90 0.59236
91 0.58755
92 0.58277
93 0.57802
94 0.57328
95 0.56857
96 0.56389
97 0.55923
98 0.55459
99 0.54998
100 0.54540
101 0.54084
102 0.53630
103 0.53180
104 0.52732
105 0.52286
106 0.51843
107 0.51403
108 0.50966
109 0.50531
110 0.50099
111 0.49670
112 0.49244
113 0.48820
114 0.48399
115 0.47981
116 0.47566
117 0.47153
118 0.46744
119 0.46337
120 0.45933
121 0.45531
122 0.45133
123 0.44737
124 0.44345
125 0.43955
126 0.43567
127 0.43183
128 0.42802
129 0.42423
130 0.42047
131 0.41674
132 0.41304
133 0.40936
134 0.40572
135 0.40210
136 0.39851
137 0.39495
138 0.39141
139 0.38791
140 0.38443
141 0.38098
142 0.37755
143 0.37416
144 0.37079
145 0.36745
146 0.36413
147 0.36085
148 0.35759
149 0.35435
150 0.35115
151 0.34797
152 0.34482
153 0.34169
154 0.33859
155 0.33552
156 0.33247
157 0.32945
158 0.32646
159 0.32349
160 0.32054
161 0.31763
162 0.31473
163 0.31187
164 0.30902
165 0.30621
166 0.30342
167 0.30065
168 0.29791
169 0.29519
170 0.29249
171 0.28982
172 0.28718
173 0.28456
174 0.28196
175 0.27938
176 0.27683
177 0.27430
178 0.27180
179 0.26932
180 0.26686
181 0.26442
182 0.26201
183 0.25962
184 0.25725
185 0.25490
186 0.25258
187 0.25027
188 0.24799
189 0.24573
190 0.24349
191 0.24127
192 0.23908
193 0.23690
194 0.23475
195 0.23261
196 0.23050
197 0.22840
198 0.22633
199 0.22427
200 0.22224
201 0.22022
202 0.21823
203 0.21625
204 0.21429
205 0.21235
206 0.21043
207 0.20853
208 0.20665
209 0.20479
210 0.20294
211 0.20111
212 0.19930
213 0.19751
214 0.19573
215 0.19398
216 0.19224
217 0.19051
218 0.18881
219 0.18712
220 0.18545
221 0.18379
222 0.18215
223 0.18053
224 0.17892
225 0.17733
226 0.17575
227 0.17419
228 0.17265
229 0.17112
230 0.16961
231 0.16811
232 0.16663
233 0.16516
234 0.16370
235 0.16227
236 0.16084
237 0.15943
238 0.15804
239 0.15665
240 0.15529
241 0.15393
242 0.15259
243 0.15126
244 0.14995
245 0.14865
246 0.14736
247 0.14609
248 0.14483
249 0.14358
250 0.14234
251 0.14112
252 0.13991
253 0.13871
254 0.13753
255 0.13635
256 0.13519
257 0.13404
258 0.13290
259 0.13178
260 0.13066
261 0.12956
262 0.12846
263 0.12738
264 0.12631
265 0.12525
266 0.12421
267 0.12317
268 0.12214
269 0.12112
270 0.12012
271 0.11912
272 0.11814
273 0.11716
274 0.11620
275 0.11524
276 0.11430
277 0.11336
278 0.11243
279 0.11152
280 0.11061
281 0.10971
282 0.10882
283 0.10794
284 0.10707
285 0.10621
286 0.10536
287 0.10452
288 0.10368
289 0.10286
290 0.10204
291 0.10123
292 0.10043
293 0.09963
294 0.09885
295 0.09807
296 0.09731
297 0.09655
298 0.09579
299 0.09505
300 0.09431
301 0.09358
302 0.09286
303 0.09215
304 0.09144
305 0.09074
306 0.09005
307 0.08936
308 0.08868
309 0.08801
310 0.08735
311 0.08669
312 0.08604
313 0.08540
314 0.08476
315 0.08413
316 0.08351
317 0.08289
318 0.08228
319 0.08168
320 0.08108
321 0.08049
322 0.07990
323 0.07932
324 0.07875
325 0.07818
326 0.07762
327 0.07706
328 0.07651
329 0.07597
330 0.07543
331 0.07490
332 0.07437
333 0.07385
334 0.07333
335 0.07282
336 0.07231
337 0.07181
338 0.07132
339 0.07083
340 0.07034
341 0.06986
342 0.06939
343 0.06892
344 0.06846
345 0.06800
346 0.06754
347 0.06709
348 0.06664
349 0.06620
350 0.06577
351 0.06533
352 0.06491
353 0.06448
354 0.06407
355 0.06365
356 0.06324
357 0.06284
358 0.06244
359 0.06204
360 0.06165
361 0.06126
362 0.06088
363 0.06050
364 0.06012
365 0.05975
366 0.05938
367 0.05901
368 0.05865
369 0.05830
370 0.05794
371 0.05760
372 0.05725
373 0.05691
374 0.05657
375 0.05624
376 0.05591
377 0.05558
378 0.05525
379 0.05493
380 0.05462
381 0.05430
382 0.05399
383 0.05369
384 0.05338
385 0.05308
386 0.05279
387 0.05249
388 0.05220
389 0.05192
390 0.05163
391 0.05135
392 0.05107
393 0.05080
394 0.05053
395 0.05026
396 0.04999
397 0.04973
398 0.04947
399 0.04921
400 0.04896
401 0.04870
402 0.04846
403 0.04821
404 0.04797
405 0.04773
406 0.04749
407 0.04725
408 0.04702
409 0.04679
410 0.04656
411 0.04634
412 0.04612
413 0.04590
414 0.04568
415 0.04546
416 0.04525
417 0.04504
418 0.04483
419 0.04463
420 0.04443
421 0.04423
422 0.04403
423 0.04383
424 0.04364
425 0.04345
426 0.04326
427 0.04307
428 0.04289
429 0.04271
430 0.04253
431 0.04235
432 0.04217
433 0.04200
434 0.04183
435 0.04166
436 0.04149
437 0.04133
438 0.04117
439 0.04100
440 0.04085
441 0.04069
442 0.04053
443 0.04038
444 0.04023
445 0.04008
446 0.03993
447 0.03979
448 0.03965
449 0.03950
450 0.03936
451 0.03923
452 0.03909
453 0.03896
454 0.03882
455 0.03869
456 0.03857
457 0.03844
458 0.03831
459 0.03819
460 0.03807
461 0.03795
462 0.03783
463 0.03772
464 0.03760
465 0.03749
466 0.03738
467 0.03727
468 0.03716
469 0.03705
470 0.03695
471 0.03685
472 0.03674
473 0.03665
474 0.03655
475 0.03645
476 0.03636
477 0.03626
478 0.03617
479 0.03608
480 0.03599
481 0.03590
482 0.03582
483 0.03574
484 0.03565
485 0.03557
486 0.03549
487 0.03541
488 0.03534
489 0.03526
490 0.03519
491 0.03512
492 0.03505
493 0.03498
494 0.03491
495 0.03485
496 0.03478
497 0.03472
498 0.03466
499 0.03460
500 0.03454
501 0.03448
502 0.03442
503 0.03437
504 0.03431
505 0.03426
506 0.03421
507 0.03416
508 0.03412
509 0.03407
510 0.03403
511 0.03398
512 0.03394
513 0.03390
514 0.03386
515 0.03382
516 0.03379
517 0.03375
518 0.03372
519 0.03368
520 0.03365
521 0.03362
522 0.03359
523 0.03356
524 0.03354
525 0.03351
526 0.03349
527 0.03346
528 0.03344
529 0.03342
530 0.03340
531 0.03338
532 0.03337
533 0.03335
534 0.03334
535 0.03332
536 0.03331
537 0.03330
538 0.03329
539 0.03329
540 0.03328
541 0.03327
542 0.03327
543 0.03327
544 0.03327
545 0.03327
546 0.03327
547 0.03327
548 0.03328
549 0.03328
550 0.03329
551 0.03330
552 0.03331
553 0.03332
554 0.03333
555 0.03334
556 0.03335
557 0.03337
558 0.03339
559 0.03341
560 0.03343
561 0.03345
562 0.03347
563 0.03349
564 0.03352
565 0.03355
566 0.03357
567 0.03360
568 0.03364
569 0.03367
570 0.03370
571 0.03374
572 0.03377
573 0.03381
574 0.03385
575 0.03389
576 0.03394
577 0.03398
578 0.03403
579 0.03407
580 0.03412
581 0.03417
582 0.03422
583 0.03427
584 0.03433
585 0.03438
586 0.03444
587 0.03449
588 0.03455
589 0.03461
590 0.03468
591 0.03474
592 0.03481
593 0.03487
594 0.03494
595 0.03501
596 0.03509
597 0.03516
598 0.03523
599 0.03531
600 0.03539
601 0.03547
602 0.03555
603 0.03564
604 0.03572
605 0.03581
606 0.03590
607 0.03599
608 0.03608
609 0.03618
610 0.03627
611 0.03637
612 0.03647
613 0.03658
614 0.03668
615 0.03679
616 0.03689
617 0.03700
618 0.03711
619 0.03723
620 0.03734
621 0.03746
622 0.03758
623 0.03770
624 0.03783
625 0.03795
626 0.03808
627 0.03821
628 0.03834
629 0.03848
630 0.03861
631 0.03875
632 0.03889
633 0.03904
634 0.03918
635 0.03933
636 0.03948
637 0.03963
638 0.03979
639 0.03995
640 0.04011
641 0.04027
642 0.04043
643 0.04060
644 0.04077
645 0.04094
646 0.04112
647 0.04129
648 0.04147
649 0.04166
650 0.04184
651 0.04203
652 0.04222
653 0.04242
654 0.04261
655 0.04281
656 0.04301
657 0.04322
658 0.04343
659 0.04364
660 0.04385
661 0.04407
662 0.04429
663 0.04452
664 0.04474
665 0.04497
666 0.04521
667 0.04544
668 0.04568
669 0.04593
670 0.04617
671 0.04642
672 0.04668
673 0.04694
674 0.04720
675 0.04746
676 0.04773
677 0.04800
678 0.04828
679 0.04856
680 0.04884
681 0.04913
682 0.04942
683 0.04972
684 0.05002
685 0.05032
686 0.05063
687 0.05094
688 0.05125
689 0.05156
690 0.05188
691 0.05220
692 0.05253
693 0.05286
694 0.05320
695 0.05354
696 0.05388
697 0.05423
698 0.05458
699 0.05494
700 0.05531
701 0.05568
702 0.05605
703 0.05643
704 0.05682
705 0.05721
706 0.05760
707 0.05800
708 0.05841
709 0.05882
710 0.05924
711 0.05966
712 0.06009
713 0.06053
714 0.06097
715 0.06141
716 0.06187
717 0.06233
718 0.06279
719 0.06327
720 0.06375
721 0.06423
722 0.06473
723 0.06523
724 0.06573
725 0.06625
726 0.06677
727 0.06730
728 0.06783
729 0.06838
730 0.06893
731 0.06949
732 0.07005
733 0.07063
734 0.07121
735 0.07180
736 0.07240
737 0.07301
738 0.07363
739 0.07425
740 0.07489
741 0.07553
742 0.07618
743 0.07685
744 0.07752
745 0.07820
746 0.07889
747 0.07959
748 0.08030
749 0.08103
750 0.08176
751 0.08250
752 0.08325
753 0.08402
754 0.08480
755 0.08558
756 0.08638
757 0.08719
758 0.08802
759 0.08885
760 0.08970
761 0.09056
762 0.09143
763 0.09231
764 0.09321
765 0.09413
766 0.09505
767 0.09599
768 0.09694
769 0.09791
770 0.09889
771 0.09989
772 0.10090
773 0.10193
774 0.10298
775 0.10403
776 0.10511
777 0.10620
778 0.10731
779 0.10844
780 0.10958
781 0.11074
782 0.11192
783 0.11311
784 0.11433
785 0.11556
786 0.11682
787 0.11809
788 0.11938
789 0.12069
790 0.12203
791 0.12338
792 0.12476
793 0.12615
794 0.12757
795 0.12902
796 0.13048
797 0.13197
798 0.13348
799 0.13502
800 0.13658
801 0.13816
802 0.13978
803 0.14141
804 0.14308
805 0.14477
806 0.14649
807 0.14823
808 0.15001
809 0.15181
810 0.15365
811 0.15551
812 0.15740
813 0.15933
814 0.16129
815 0.16328
816 0.16530
817 0.16736
818 0.16945
819 0.17158
820 0.17374
821 0.17594
822 0.17817
823 0.18045
824 0.18276
825 0.18511
826 0.18750
827 0.18993
828 0.19240
829 0.19492
830 0.19748
831 0.20008
832 0.20273
833 0.20542
834 0.20816
835 0.21095
836 0.21379
837 0.21667
838 0.21961
839 0.22259
840 0.22563
841 0.22873
842 0.23188
843 0.23508
844 0.23834
845 0.24166
846 0.24504
847 0.24848
848 0.25198
849 0.25554
850 0.25917
851 0.26286
852 0.26662
853 0.27045
854 0.27434
855 0.27831
856 0.28235
857 0.28647
858 0.29066
859 0.29492
860 0.29927
861 0.30369
862 0.30820
863 0.31279
864 0.31747
865 0.32223
866 0.32708
867 0.33203
868 0.33706
869 0.34220
870 0.34742
871 0.35275
872 0.35818
873 0.36371
874 0.36935
875 0.37509
876 0.38094
877 0.38691
878 0.39299
879 0.39919
880 0.40551
881 0.41195
882 0.41851
883 0.42521
884 0.43203
885 0.43899
886 0.44608
887 0.45331
888 0.46069
889 0.46821
890 0.47588
891 0.48370
892 0.49168
893 0.49981
894 0.50811
895 0.51658
896 0.52521
897 0.53402
898 0.54300
899 0.55217
900 0.56152
901 0.57107
902 0.58080
903 0.59074
904 0.60088
905 0.61123
906 0.62179
907 0.63256
908 0.64356
909 0.65479
910 0.66625
911 0.67795
912 0.68728
913 0.69084
914 0.69491
915 0.69892
916 0.70156
917 0.70283
918 0.70450
919 0.70667
920 0.70950
921 0.71322
922 0.71227
923 0.71133
924 0.71628
925 0.71535
926 0.71441
927 0.72114
928 0.72022
929 0.71930
930 0.71838
931 0.72778
932 0.72688
933 0.72599
934 0.72509
935 0.72419
936 0.72329
937 0.72238
938 0.73615
939 0.73528
940 0.73441
941 0.73354
942 0.73267
943 0.73179
944 0.73092
945 0.73005
946 0.72917
947 0.72829
948 0.72741
949 0.72653
950 0.74812
951 0.74729
952 0.74647
953 0.74564
954 0.74481
955 0.74398
956 0.74315
957 0.74232
958 0.74148
959 0.74065
960 0.73981
961 0.73897
962 0.73813
963 0.73729
964 0.73645
965 0.73561
966 0.73476
967 0.73392
968 0.73307
969 0.73222
970 0.73137
971 0.73052
972 0.72967
973 0.76757
974 0.76682
975 0.76606
976 0.76531
977 0.76455
978 0.76379
979 0.76303
980 0.76227
981 0.76151
982 0.76075
983 0.75998
984 0.75922
985 0.75845
986 0.75768
987 0.75691
988 0.75614
989 0.75537
990 0.75460
991 0.75382
992 0.75305
993 0.75227
994 0.75149
995 0.75071
996 0.74993
997 0.74915
998 0.74837
999 0.74758
1000 0.74680
1001 0.74601
1002 0.74522
1003 0.74443
1004 0.74364
1005 0.74285
1006 0.74206
1007 0.74127
1008 0.74047
1009 0.73967
1010 0.73888
1011 0.73808
1012 0.73728
1013 0.73648
1014 0.73568
1015 0.73487
1016 0.73407
1017 0.73326
1018 0.73245
1019 0.73165
1020 0.73084
1021 0.73003
1022 0.72921
1023 0.72840
1024 0.72759
1025 0.72677
1026 0.80914
1027 0.80854
1028 0.80793
1029 0.80733
1030 0.80672
1031 0.80612
1032 0.80551
1033 0.80490
1034 0.80429
1035 0.80368
1036 0.80307
1037 0.80245
1038 0.80184
1039 0.80122
1040 0.80061
1041 0.79999
1042 0.79937
1043 0.79875
1044 0.79813
1045 0.79751
1046 0.79688
1047 0.79626
1048 0.79563
1049 0.79501
1050 0.79438
1051 0.79375
1052 0.79312
1053 0.79249
1054 0.79186
1055 0.79123
1056 0.79059
1057 0.78996
1058 0.78932
1059 0.78869
1060 0.78805
1061 0.78741
1062 0.78677
1063 0.78613
1064 0.78549
1065 0.78484
1066 0.78420
1067 0.78356
1068 0.78291
1069 0.78226
1070 0.78161
1071 0.78096
1072 0.78031
1073 0.77966
1074 0.77901
1075 0.77836
1076 0.77770
1077 0.77705
1078 0.77639
1079 0.77573
1080 0.77507
1081 0.77441
1082 0.77375
1083 0.77309
1084 0.77243
1085 0.77176
1086 0.77110
1087 0.77043
1088 0.76977
1089 0.76910
1090 0.76843
1091 0.76776
1092 0.76709
1093 0.76642
1094 0.76574
1095 0.76507
1096 0.76439
1097 0.76372
1098 0.76304
1099 0.76236
1100 0.76168
1101 0.76100
1102 0.76032
1103 0.75964
1104 0.75896
1105 0.75827
1106 0.75759
1107 0.75690
1108 0.75622
1109 0.75553
1110 0.75484
1111 0.75415
1112 0.75346
1113 0.75277
1114 0.75207
1115 0.75138
1116 0.75068
1117 0.74999
1118 0.74929
1119 0.74859
1120 0.74790
1121 0.74720
1122 0.74649
1123 0.74579
1124 0.74509
1125 0.74439
1126 0.74368
1127 0.74298
1128 0.74227
1129 0.74156
1130 0.74085
1131 0.74014
1132 0.73943
1133 0.73872
1134 0.73801
1135 0.73730
1136 0.73658
1137 0.73587
1138 0.73515
1139 0.73444
1140 0.73372
1141 0.73300
1142 0.73228
1143 0.73156
1144 0.73084
1145 0.73011
1146 0.72939
1147 0.72867
1148 0.72794
1149 0.72721
1150 0.72649
1151 0.72576
1152 0.72503
1153 0.72430
1154 0.72357
1155 0.72284
1156 0.72210
1157 0.72137
1158 0.72064
1159 0.71990
1160 0.71916
1161 0.71843
1162 0.71769
1163 0.71695
1164 0.71621
1165 0.71547
1166 0.71473
1167 0.71398
1168 0.71324
1169 0.71250
1170 0.71175
1171 0.71100
1172 0.71026
1173 0.70951
1174 0.70876
1175 0.70801
1176 0.70726
1177 0.70651
1178 0.70576
1179 0.70500
1180 0.70425
1181 0.70350
1182 0.70274
1183 0.70198
1184 0.70123
1185 0.70047
1186 0.69971
1187 0.69895
1188 0.69819
1189 0.69743
1190 0.69666
1191 0.69590
1192 0.69514
1193 0.69437
1194 0.69361
1195 0.69284
1196 0.69207
1197 0.69130
1198 0.69054
1199 0.68977
1200 0.68899
1201 0.68822
1202 0.68745
1203 0.68668
1204 0.68590
1205 0.68513
1206 0.68435
1207 0.68358
1208 0.68280
1209 0.68202
1210 0.68124
1211 0.68046
1212 0.67968
1213 0.67890
1214 0.67812
1215 0.67734
1216 1.00000
