17 0.99194
18 0.99122
19 0.99049
20 0.98975
21 0.98898
22 0.98820
23 0.98740
24 0.98659
25 0.98576
26 0.98492
27 0.98406
28 0.98319
29 0.98230
30 0.98140
31 0.98049
32 0.97957
33 0.97863
34 0.97769
35 0.97673
36 0.97576
37 0.97478
38 0.97379
39 0.97278
40 0.97177
41 0.97075
42 0.96972
43 0.96868
44 0.96763
45 0.96657
46 0.96550
47 0.96442
48 0.96334
49 0.96224
50 0.96114
51 0.96003
52 0.95892
53 0.95779
54 0.95666
55 0.95553
56 0.95438
57 0.95323
58 0.95207
59 0.95091
60 0.94974
61 0.94856
62 0.94738
63 0.94619
64 0.94499
65 0.94379
66 0.94259
67 0.94138
68 0.94016
69 0.93894
70 0.93772
71 0.93649
72 0.93525
73 0.93401
74 0.93277
75 0.93152
76 0.93027
77 0.92901
78 0.92775
79 0.92649
80 0.92522
81 0.92395
82 0.92268
83 0.92140
84 0.92012
85 0.91884
86 0.91755
87 0.91626
88 0.91497
89 0.91367
90 0.91237
91 0.91107
92 0.90977
93 0.90846
94 0.90715
95 0.90584
96 0.90453
97 0.90322
98 0.90190
99 0.90058
100 0.89926
101 0.89794
102 0.89662
103 0.89529
104 0.89397
105 0.89264
106 0.89131
107 0.88998
108 0.88865
109 0.88731
110 0.88598
111 0.88464
112 0.88331
113 0.88197
114 0.88063
115 0.87929
116 0.87796
117 0.87662
118 0.87528
119 0.87394
120 0.87259
121 0.87125
122 0.86991
123 0.86857
124 0.86723
125 0.86588
126 0.86454
127 0.86320
128 0.86186
129 0.86052
130 0.85917
131 0.85783
132 0.85649
133 0.85515
134 0.85381
135 0.85247
136 0.85113
137 0.84979
138 0.84845
139 0.84711
140 0.84577
141 0.84444
142 0.84310
143 0.84176
144 0.84043
145 0.83910
146 0.83776
147 0.83643
148 0.83510
149 0.83377
150 0.83244
151 0.83111
152 0.82979
153 0.82846
154 0.82714
155 0.82581
156 0.82449
157 0.82317
158 0.82185
159 0.82054
160 0.81922
161 0.81791
162 0.81659
163 0.81528
164 0.81397
165 0.81267
166 0.81136
167 0.81005
168 0.80875
169 0.80745
170 0.80615
171 0.80485
172 0.80356
173 0.80227
174 0.80097
175 0.79968
176 0.79840
177 0.79711
178 0.79583
179 0.79454
180 0.79327
181 0.79199
182 0.79071
183 0.78944
184 0.78817
185 0.78690
186 0.78563
187 0.78437
188 0.78311
189 0.78185
190 0.78059
191 0.77934
192 0.77808
193 0.77683
194 0.77559
195 0.77434
196 0.77310
197 0.77186
198 0.77062
199 0.76938
200 0.76815
201 0.76692
202 0.76569
203 0.76447
204 0.76325
205 0.76203
206 0.76081
207 0.75960
208 0.75839
209 0.75718
210 0.75597
211 0.75477
212 0.75357
213 0.75237
214 0.75118
215 0.74999
216 0.74880
217 0.74761
218 0.74643
219 0.74525
220 0.74407
221 0.74290
222 0.74172
223 0.74056
224 0.73939
225 0.73823
226 0.73707
227 0.73591
228 0.73476
229 0.73361
230 0.73246
231 0.73132
232 0.73017
233 0.72904
234 0.72790
235 0.72677
236 0.72564
237 0.72451
238 0.72339
239 0.72227
240 0.72116
241 0.72004
242 0.71893
243 0.71783
244 0.71672
245 0.71562
246 0.71453
247 0.71343
248 0.71234
249 0.71126
250 0.71017
251 0.70909
252 0.70801
253 0.70694
254 0.70587
255 0.70480
256 0.70374
257 0.70268
258 0.70162
259 0.70057
260 0.69952
261 0.69847
262 0.69743
263 0.69638
264 0.69535
265 0.69431
266 0.69328
267 0.69226
268 0.69123
269 0.69021
270 0.68920
271 0.68818
272 0.68717
273 0.68617
274 0.68516
275 0.68416
276 0.68317
277 0.68218
278 0.68119
279 0.68020
280 0.67922
281 0.67824
282 0.67727
283 0.67629
284 0.67533
285 0.67436
286 0.67340
287 0.67244
288 0.67149
289 0.67054
290 0.66959
291 0.66865
292 0.66771
293 0.66677
294 0.66584
295 0.66491
296 0.66398
297 0.66306
298 0.66214
299 0.66123
300 0.66031
301 0.65941
302 0.65850
303 0.65760
304 0.65670
305 0.65581
306 0.65492
307 0.65403
308 0.65315
309 0.65227
310 0.65139
311 0.65052
312 0.64965
313 0.64879
314 0.64793
315 0.64707
316 0.64621
317 0.64536
318 0.64452
319 0.64367
320 0.64283
321 0.64200
322 0.64116
323 0.64033
324 0.63951
325 0.63869
326 0.63787
327 0.63705
328 0.63624
329 0.63543
330 0.63463
331 0.63383
332 0.63303
333 0.63224
334 0.63145
335 0.63067
336 0.62988
337 0.62911
338 0.62833
339 0.62756
340 0.62679
341 0.62603
342 0.62527
343 0.62451
344 0.62376
345 0.62301
346 0.62226
347 0.62152
348 0.62078
349 0.62004
350 0.61931
351 0.61859
352 0.61786
353 0.61714
354 0.61642
355 0.61571
356 0.61500
357 0.61429
358 0.61359
359 0.61289
360 0.61220
361 0.61151
362 0.61082
363 0.61013
364 0.60945
365 0.60878
366 0.60810
367 0.60743
368 0.60677
369 0.60611
370 0.60545
371 0.60479
372 0.60414
373 0.60349
374 0.60285
375 0.60221
376 0.60157
377 0.60094
378 0.60031
379 0.59968
380 0.59906
381 0.59844
382 0.59782
383 0.59721
384 0.59660
385 0.59600
386 0.59540
387 0.59480
388 0.59421
389 0.59362
390 0.59303
391 0.59245
392 0.59187
393 0.59129
394 0.59072
395 0.59015
396 0.58959
397 0.58903
398 0.58847
399 0.58791
400 0.58736
401 0.58682
402 0.58627
403 0.58573
404 0.58520
405 0.58467
406 0.58414
407 0.58361
408 0.58309
409 0.58257
410 0.58206
411 0.58155
412 0.58104
413 0.58054
414 0.58004
415 0.57954
416 0.57905
417 0.57856
418 0.57808
419 0.57760
420 0.57712
421 0.57664
422 0.57617
423 0.57571
424 0.57524
425 0.57478
426 0.57433
427 0.57387
428 0.57342
429 0.57298
430 0.57254
431 0.57210
432 0.57166
433 0.57123
434 0.57081
435 0.57038
436 0.56996
437 0.56954
438 0.56913
439 0.56872
440 0.56832
441 0.56791
442 0.56752
443 0.56712
444 0.56673
445 0.56634
446 0.56596
447 0.56558
448 0.56520
449 0.56483
450 0.56446
451 0.56409
452 0.56373
453 0.56337
454 0.56301
455 0.56266
456 0.56232
457 0.56197
458 0.56163
459 0.56129
460 0.56096
461 0.56063
462 0.56030
463 0.55998
464 0.55966
465 0.55935
466 0.55904
467 0.55873
468 0.55842
469 0.55812
470 0.55782
471 0.55753
472 0.55724
473 0.55696
474 0.55667
475 0.55639
476 0.55612
477 0.55585
478 0.55558
479 0.55531
480 0.55505
481 0.55480
482 0.55454
483 0.55429
484 0.55405
485 0.55380
486 0.55357
487 0.55333
488 0.55310
489 0.55287
490 0.55265
491 0.55243
492 0.55221
493 0.55200
494 0.55179
495 0.55158
496 0.55138
497 0.55118
498 0.55098
499 0.55079
500 0.55061
501 0.55042
502 0.55024
503 0.55007
504 0.54989
505 0.54972
506 0.54956
507 0.54940
508 0.54924
509 0.54909
510 0.54893
511 0.54879
512 0.54864
513 0.54851
514 0.54837
515 0.54824
516 0.54811
517 0.54799
518 0.54787
519 0.54775
520 0.54764
521 0.54753
522 0.54742
523 0.54732
524 0.54722
525 0.54713
526 0.54704
527 0.54695
528 0.54687
529 0.54679
530 0.54671
531 0.54664
532 0.54657
533 0.54651
534 0.54645
535 0.54639
536 0.54634
537 0.54629
538 0.54624
539 0.54620
540 0.54617
541 0.54613
542 0.54610
543 0.54608
544 0.54606
545 0.54604
546 0.54602
547 0.54601
548 0.54601
549 0.54600
550 0.54600
551 0.54601
552 0.54602
553 0.54603
554 0.54605
555 0.54607
556 0.54609
557 0.54612
558 0.54616
559 0.54619
560 0.54623
561 0.54628
562 0.54633
563 0.54638
564 0.54643
565 0.54649
566 0.54656
567 0.54663
568 0.54670
569 0.54678
570 0.54686
571 0.54694
572 0.54703
573 0.54712
574 0.54722
575 0.54732
576 0.54742
577 0.54753
578 0.54764
579 0.54776
580 0.54788
581 0.54801
582 0.54813
583 0.54827
584 0.54840
585 0.54855
586 0.54869
587 0.54884
588 0.54900
589 0.54915
590 0.54932
591 0.54948
592 0.54965
593 0.54983
594 0.55001
595 0.55019
596 0.55038
597 0.55057
598 0.55076
599 0.55096
600 0.55117
601 0.55138
602 0.55159
603 0.55181
604 0.55203
605 0.55225
606 0.55248
607 0.55272
608 0.55296
609 0.55320
610 0.55345
611 0.55370
612 0.55396
613 0.55422
614 0.55448
615 0.55475
616 0.55502
617 0.55530
618 0.55559
619 0.55587
620 0.55616
621 0.55646
622 0.55676
623 0.55707
624 0.55738
625 0.55769
626 0.55801
627 0.55833
628 0.55866
629 0.55899
630 0.55933
631 0.55967
632 0.56002
633 0.56037
634 0.56073
635 0.56109
636 0.56145
637 0.56182
638 0.56220
639 0.56258
640 0.56296
641 0.56335
642 0.56374
643 0.56414
644 0.56454
645 0.56495
646 0.56537
647 0.56578
648 0.56621
649 0.56663
650 0.56707
651 0.56750
652 0.56794
653 0.56839
654 0.56884
655 0.56930
656 0.56976
657 0.57023
658 0.57070
659 0.57118
660 0.57166
661 0.57215
662 0.57264
663 0.57314
664 0.57364
665 0.57415
666 0.57466
667 0.57518
668 0.57570
669 0.57623
670 0.57676
671 0.57730
672 0.57785
673 0.57840
674 0.57895
675 0.57951
676 0.58008
677 0.58065
678 0.58122
679 0.58181
680 0.58239
681 0.58298
682 0.58358
683 0.58419
684 0.58479
685 0.58541
686 0.58603
687 0.58665
688 0.58729
689 0.58792
690 0.58856
691 0.58921
692 0.58987
693 0.59053
694 0.59119
695 0.59186
696 0.59254
697 0.59322
698 0.59391
699 0.59460
700 0.59530
701 0.59601
702 0.59672
703 0.59744
704 0.59816
705 0.59889
706 0.59963
707 0.60037
708 0.60112
709 0.60187
710 0.60263
711 0.60340
712 0.60417
713 0.60495
714 0.60573
715 0.60652
716 0.60732
717 0.60812
718 0.60893
719 0.60975
720 0.61057
721 0.61140
722 0.61224
723 0.61308
724 0.61393
725 0.61478
726 0.61564
727 0.61651
728 0.61739
729 0.61827
730 0.61916
731 0.62005
732 0.62095
733 0.62186
734 0.62278
735 0.62370
736 0.62463
737 0.62556
738 0.62650
739 0.62745
740 0.62841
741 0.62937
742 0.63034
743 0.63132
744 0.63231
745 0.63330
746 0.63430
747 0.63530
748 0.63632
749 0.63734
750 0.63836
751 0.63940
752 0.64044
753 0.64149
754 0.64255
755 0.64362
756 0.64469
757 0.64577
758 0.64686
759 0.64795
760 0.64906
761 0.65017
762 0.65128
763 0.65241
764 0.65355
765 0.65469
766 0.65584
767 0.65700
768 0.65816
769 0.65934
770 0.66052
771 0.66171
772 0.66291
773 0.66412
774 0.66533
775 0.66655
776 0.66779
777 0.66903
778 0.67027
779 0.67153
780 0.67280
781 0.67407
782 0.67535
783 0.67664
784 0.67794
785 0.67925
786 0.68057
787 0.68190
788 0.68323
789 0.68458
790 0.68593
791 0.68729
792 0.68866
793 0.69004
794 0.69143
795 0.69283
796 0.69424
797 0.69566
798 0.69709
799 0.69852
800 0.69997
801 0.70142
802 0.70289
803 0.70436
804 0.70585
805 0.70734
806 0.70884
807 0.71036
808 0.71188
809 0.71342
810 0.71496
811 0.71651
812 0.71808
813 0.71965
814 0.72124
815 0.72283
816 0.72443
817 0.72605
818 0.72768
819 0.72931
820 0.73096
821 0.73262
822 0.73429
823 0.73597
824 0.73766
825 0.73936
826 0.74107
827 0.74279
828 0.74453
829 0.74627
830 0.74803
831 0.74980
832 0.75158
833 0.75337
834 0.75517
835 0.75698
836 0.75881
837 0.76065
838 0.76250
839 0.76436
840 0.76623
841 0.76811
842 0.77001
843 0.77192
844 0.77384
845 0.77578
846 0.77772
847 0.77968
848 0.78165
849 0.78364
850 0.78563
851 0.78764
852 0.78966
853 0.79170
854 0.79375
855 0.79581
856 0.79788
857 0.79997
858 0.80207
859 0.80418
860 0.80631
861 0.80845
862 0.81061
863 0.81278
864 0.81496
865 0.81716
866 0.81937
867 0.82159
868 0.82383
869 0.82608
870 0.82835
871 0.83063
872 0.83293
873 0.83524
874 0.83756
875 0.83991
876 0.84226
877 0.84463
878 0.84702
879 0.84942
880 0.85183
881 0.85427
882 0.85671
883 0.85918
884 0.86165
885 0.86415
886 0.86666
887 0.86919
888 0.87173
889 0.87429
890 0.87686
891 0.87945
892 0.88206
893 0.88469
894 0.88733
895 0.88999
896 0.89266
897 0.89535
898 0.89806
899 0.90079
900 0.90354
901 0.90630
902 0.90908
903 0.91188
904 0.91469
905 0.91752
906 0.92038
907 0.92325
908 0.92614
909 0.92904
910 0.93197
911 0.93491
912 0.93726
913 0.93793
914 0.93869
915 0.93942
916 0.93993
917 0.94020
918 0.94055
919 0.94097
920 0.94150
921 0.94217
922 0.94209
923 0.94200
924 0.94287
925 0.94278
926 0.94270
927 0.94385
928 0.94376
929 0.94368
930 0.94359
931 0.94517
932 0.94508
933 0.94500
934 0.94492
935 0.94484
936 0.94476
937 0.94467
938 0.94693
939 0.94685
940 0.94677
941 0.94669
942 0.94661
943 0.94654
944 0.94646
945 0.94638
946 0.94630
947 0.94622
948 0.94614
949 0.94606
950 0.94953
951 0.94946
952 0.94938
953 0.94931
954 0.94924
955 0.94916
956 0.94909
957 0.94901
958 0.94894
959 0.94886
960 0.94879
961 0.94872
962 0.94864
963 0.94857
964 0.94849
965 0.94842
966 0.94834
967 0.94827
968 0.94820
969 0.94812
970 0.94805
971 0.94797
972 0.94790
973 0.95387
974 0.95380
975 0.95374
976 0.95367
977 0.95360
978 0.95354
979 0.95347
980 0.95340
981 0.95334
982 0.95327
983 0.95320
984 0.95314
985 0.95307
986 0.95301
987 0.95294
988 0.95287
989 0.95281
990 0.95274
991 0.95267
992 0.95261
993 0.95254
994 0.95247
995 0.95241
996 0.95234
997 0.95227
998 0.95221
999 0.95214
1000 0.95207
1001 0.95200
1002 0.95194
1003 0.95187
1004 0.95180
1005 0.95174
1006 0.95167
1007 0.95160
1008 0.95154
1009 0.95147
1010 0.95140
1011 0.95133
1012 0.95127
1013 0.95120
1014 0.95113
1015 0.95107
1016 0.95100
1017 0.95093
1018 0.95086
1019 0.95080
1020 0.95073
1021 0.95066
1022 0.95059
1023 0.95053
1024 0.95046
1025 0.95039
1026 0.96307
1027 0.96302
1028 0.96297
1029 0.96292
1030 0.96287
1031 0.96282
1032 0.96277
1033 0.96271
1034 0.96266
1035 0.96261
1036 0.96256
1037 0.96251
1038 0.96246
1039 0.96241
1040 0.96236
1041 0.96231
1042 0.96226
1043 0.96221
1044 0.96216
1045 0.96211
1046 0.96205
1047 0.96200
1048 0.96195
1049 0.96190
1050 0.96185
1051 0.96180
1052 0.96175
1053 0.96170
1054 0.96165
1055 0.96160
1056 0.96154
1057 0.96149
1058 0.96144
1059 0.96139
1060 0.96134
1061 0.96129
1062 0.96124
1063 0.96119
1064 0.96114
1065 0.96108
1066 0.96103
1067 0.96098
1068 0.96093
1069 0.96088
1070 0.96083
1071 0.96078
1072 0.96073
1073 0.96067
1074 0.96062
1075 0.96057
1076 0.96052
1077 0.96047
1078 0.96042
1079 0.96037
1080 0.96031
1081 0.96026
1082 0.96021
1083 0.96016
1084 0.96011
1085 0.96006
1086 0.96001
1087 0.95995
1088 0.95990
1089 0.95985
1090 0.95980
1091 0.95975
1092 0.95970
1093 0.95964
1094 0.95959
1095 0.95954
1096 0.95949
1097 0.95944
1098 0.95938
1099 0.95933
1100 0.95928
1101 0.95923
1102 0.95918
1103 0.95913
1104 0.95907
1105 0.95902
1106 0.95897
1107 0.95892
1108 0.95887
1109 0.95881
1110 0.95876
1111 0.95871
1112 0.95866
1113 0.95861
1114 0.95855
1115 0.95850
1116 0.95845
1117 0.95840
1118 0.95835
1119 0.95829
1120 0.95824
1121 0.95819
1122 0.95814
1123 0.95808
1124 0.95803
1125 0.95798
1126 0.95793
1127 0.95787
1128 0.95782
1129 0.95777
1130 0.95772
1131 0.95767
1132 0.95761
1133 0.95756
1134 0.95751
1135 0.95746
1136 0.95740
1137 0.95735
1138 0.95730
1139 0.95725
1140 0.95719
1141 0.95714
1142 0.95709
1143 0.95704
1144 0.95698
1145 0.95693
1146 0.95688
1147 0.95683
1148 0.95677
1149 0.95672
1150 0.95667
1151 0.95661
1152 0.95656
1153 0.95651
1154 0.95646
1155 0.95640
1156 0.95635
1157 0.95630
1158 0.95625
1159 0.95619
1160 0.95614
1161 0.95609
1162 0.95603
1163 0.95598
1164 0.95593
1165 0.95587
1166 0.95582
1167 0.95577
1168 0.95572
1169 0.95566
1170 0.95561
1171 0.95556
1172 0.95550
1173 0.95545
1174 0.95540
1175 0.95534
1176 0.95529
1177 0.95524
1178 0.95519
1179 0.95513
1180 0.95508
1181 0.95503
1182 0.95497
1183 0.95492
1184 0.95487
1185 0.95481
1186 0.95476
1187 0.95471
1188 0.95465
1189 0.95460
1190 0.95455
1191 0.95449
1192 0.95444
1193 0.95439
1194 0.95433
1195 0.95428
1196 0.95423
1197 0.95417
1198 0.95412
1199 0.95407
1200 0.95401
1201 0.95396
1202 0.95390
1203 0.95385
1204 0.95380
1205 0.95374
1206 0.95369
1207 0.95364
1208 0.95358
1209 0.95353
1210 0.95348
1211 0.95342
1212 0.95337
1213 0.95331
1214 0.95326
1215 0.95321
1216 1.00000
