17 0.87184
18 0.86130
19 0.85060
20 0.83978
21 0.82884
22 0.81780
23 0.80668
24 0.79548
25 0.78423
26 0.77292
27 0.76159
28 0.75023
29 0.73886
30 0.72748
31 0.71611
32 0.70476
33 0.69343
34 0.68213
35 0.67087
36 0.65965
37 0.64849
38 0.63739
39 0.62635
40 0.61539
41 0.60450
42 0.59369
43 0.58297
44 0.57234
45 0.56180
46 0.55136
47 0.54102
48 0.53079
49 0.52066
50 0.51064
51 0.50074
52 0.49095
53 0.48128
54 0.47173
55 0.46229
56 0.45298
57 0.44380
58 0.43474
59 0.42580
60 0.41699
61 0.40831
62 0.39976
63 0.39133
64 0.38304
65 0.37487
66 0.36683
67 0.35892
68 0.35113
69 0.34348
70 0.33595
71 0.32856
72 0.32128
73 0.31414
74 0.30712
75 0.30022
76 0.29345
77 0.28680
78 0.28027
79 0.27387
80 0.26758
81 0.26142
82 0.25537
83 0.24944
84 0.24362
85 0.23792
86 0.23233
87 0.22685
88 0.22148
89 0.21622
90 0.21107
91 0.20602
92 0.20108
93 0.19624
94 0.19150
95 0.18687
96 0.18233
97 0.17789
98 0.17354
99 0.16929
100 0.16513
101 0.16106
102 0.15708
103 0.15319
104 0.14939
105 0.14567
106 0.14203
107 0.13848
108 0.13501
109 0.13162
110 0.12830
111 0.12506
112 0.12190
113 0.11881
114 0.11579
115 0.11284
116 0.10996
117 0.10715
118 0.10441
119 0.10173
120 0.09912
121 0.09657
122 0.09408
123 0.09165
124 0.08928
125 0.08696
126 0.08471
127 0.08251
128 0.08036
129 0.07826
130 0.07622
131 0.07423
132 0.07229
133 0.07039
134 0.06854
135 0.06674
136 0.06499
137 0.06328
138 0.06161
139 0.05998
140 0.05840
141 0.05685
142 0.05535
143 0.05388
144 0.05245
145 0.05106
146 0.04971
147 0.04838
148 0.04710
149 0.04584
150 0.04462
151 0.04343
152 0.04227
153 0.04114
154 0.04004
155 0.03897
156 0.03793
157 0.03692
158 0.03593
159 0.03497
160 0.03403
161 0.03312
162 0.03223
163 0.03136
164 0.03052
165 0.02970
166 0.02890
167 0.02813
168 0.02737
169 0.02664
170 0.02592
171 0.02522
172 0.02455
173 0.02388
174 0.02324
175 0.02262
176 0.02201
177 0.02142
178 0.02084
179 0.02028
180 0.01974
181 0.01920
182 0.01869
183 0.01819
184 0.01770
185 0.01722
186 0.01676
187 0.01631
188 0.01587
189 0.01544
190 0.01503
191 0.01463
192 0.01423
193 0.01385
194 0.01348
195 0.01312
196 0.01277
197 0.01243
198 0.01210
199 0.01177
200 0.01146
201 0.01115
202 0.01085
203 0.01056
204 0.01028
205 0.01001
206 0.00974
207 0.00948
208 0.00923
209 0.00898
210 0.00875
211 0.00851
212 0.00829
213 0.00807
214 0.00786
215 0.00765
216 0.00745
217 0.00725
218 0.00706
219 0.00687
220 0.00669
221 0.00651
222 0.00634
223 0.00618
224 0.00602
225 0.00586
226 0.00570
227 0.00556
228 0.00541
229 0.00527
230 0.00513
231 0.00500
232 0.00487
233 0.00474
234 0.00462
235 0.00450
236 0.00438
237 0.00427
238 0.00416
239 0.00405
240 0.00395
241 0.00385
242 0.00375
243 0.00365
244 0.00356
245 0.00347
246 0.00338
247 0.00329
248 0.00321
249 0.00313
250 0.00305
251 0.00297
252 0.00290
253 0.00282
254 0.00275
255 0.00268
256 0.00262
257 0.00255
258 0.00249
259 0.00242
260 0.00236
261 0.00230
262 0.00225
263 0.00219
264 0.00214
265 0.00208
266 0.00203
267 0.00198
268 0.00193
269 0.00189
270 0.00184
271 0.00180
272 0.00175
273 0.00171
274 0.00167
275 0.00163
276 0.00159
277 0.00155
278 0.00151
279 0.00148
280 0.00144
281 0.00141
282 0.00137
283 0.00134
284 0.00131
285 0.00128
286 0.00125
287 0.00122
288 0.00119
289 0.00116
290 0.00113
291 0.00111
292 0.00108
293 0.00106
294 0.00103
295 0.00101
296 0.00098
297 0.00096
298 0.00094
299 0.00092
300 0.00090
301 0.00088
302 0.00086
303 0.00084
304 0.00082
305 0.00080
306 0.00078
307 0.00076
308 0.00075
309 0.00073
310 0.00071
311 0.00070
312 0.00068
313 0.00067
314 0.00065
315 0.00064
316 0.00062
317 0.00061
318 0.00060
319 0.00059
320 0.00057
321 0.00056
322 0.00055
323 0.00054
324 0.00052
325 0.00051
326 0.00050
327 0.00049
328 0.00048
329 0.00047
330 0.00046
331 0.00045
332 0.00044
333 0.00043
334 0.00042
335 0.00042
336 0.00041
337 0.00040
338 0.00039
339 0.00038
340 0.00038
341 0.00037
342 0.00036
343 0.00035
344 0.00035
345 0.00034
346 0.00033
347 0.00033
348 0.00032
349 0.00031
350 0.00031
351 0.00030
352 0.00030
353 0.00029
354 0.00028
355 0.00028
356 0.00027
357 0.00027
358 0.00026
359 0.00026
360 0.00025
361 0.00025
362 0.00024
363 0.00024
364 0.00024
365 0.00023
366 0.00023
367 0.00022
368 0.00022
369 0.00021
370 0.00021
371 0.00021
372 0.00020
373 0.00020
374 0.00020
375 0.00019
376 0.00019
377 0.00019
378 0.00018
379 0.00018
380 0.00018
381 0.00017
382 0.00017
383 0.00017
384 0.00017
385 0.00016
386 0.00016
387 0.00016
388 0.00015
389 0.00015
390 0.00015
391 0.00015
392 0.00014
393 0.00014
394 0.00014
395 0.00014
396 0.00014
397 0.00013
398 0.00013
399 0.00013
400 0.00013
401 0.00013
402 0.00012
403 0.00012
404 0.00012
405 0.00012
406 0.00012
407 0.00011
408 0.00011
409 0.00011
410 0.00011
411 0.00011
412 0.00011
413 0.00010
414 0.00010
415 0.00010
416 0.00010
417 0.00010
418 0.00010
419 0.00010
420 0.00009
421 0.00009
422 0.00009
423 0.00009
424 0.00009
425 0.00009
426 0.00009
427 0.00009
428 0.00009
429 0.00008
430 0.00008
431 0.00008
432 0.00008
433 0.00008
434 0.00008
435 0.00008
436 0.00008
437 0.00008
438 0.00008
439 0.00007
440 0.00007
441 0.00007
442 0.00007
443 0.00007
444 0.00007
445 0.00007
446 0.00007
447 0.00007
448 0.00007
449 0.00007
450 0.00007
451 0.00006
452 0.00006
453 0.00006
454 0.00006
455 0.00006
456 0.00006
457 0.00006
458 0.00006
459 0.00006
460 0.00006
461 0.00006
462 0.00006
463 0.00006
464 0.00006
465 0.00006
466 0.00006
467 0.00006
468 0.00005
469 0.00005
470 0.00005
471 0.00005
472 0.00005
473 0.00005
474 0.00005
475 0.00005
476 0.00005
477 0.00005
478 0.00005
479 0.00005
480 0.00005
481 0.00005
482 0.00005
483 0.00005
484 0.00005
485 0.00005
486 0.00005
487 0.00005
488 0.00005
489 0.00005
490 0.00005
491 0.00005
492 0.00005
493 0.00004
494 0.00004
495 0.00004
496 0.00004
497 0.00004
498 0.00004
499 0.00004
500 0.00004
501 0.00004
502 0.00004
503 0.00004
504 0.00004
505 0.00004
506 0.00004
507 0.00004
508 0.00004
509 0.00004
510 0.00004
511 0.00004
512 0.00004
513 0.00004
514 0.00004
515 0.00004
516 0.00004
517 0.00004
518 0.00004
519 0.00004
520 0.00004
521 0.00004
522 0.00004
523 0.00004
524 0.00004
525 0.00004
526 0.00004
527 0.00004
528 0.00004
529 0.00004
530 0.00004
531 0.00004
532 0.00004
533 0.00004
534 0.00004
535 0.00004
536 0.00004
537 0.00004
538 0.00004
539 0.00004
540 0.00004
541 0.00004
542 0.00004
543 0.00004
544 0.00004
545 0.00004
546 0.00004
547 0.00004
548 0.00004
549 0.00004
550 0.00004
551 0.00004
552 0.00004
553 0.00004
554 0.00004
555 0.00004
556 0.00004
557 0.00004
558 0.00004
559 0.00004
560 0.00004
561 0.00004
562 0.00004
563 0.00004
564 0.00004
565 0.00004
566 0.00004
567 0.00004
568 0.00004
569 0.00004
570 0.00004
571 0.00004
572 0.00004
573 0.00004
574 0.00004
575 0.00004
576 0.00004
577 0.00004
578 0.00004
579 0.00004
580 0.00004
581 0.00004
582 0.00004
583 0.00004
584 0.00004
585 0.00004
586 0.00004
587 0.00004
588 0.00004
589 0.00004
590 0.00004
591 0.00004
592 0.00004
593 0.00004
594 0.00004
595 0.00004
596 0.00004
597 0.00004
598 0.00004
599 0.00004
600 0.00004
601 0.00004
602 0.00004
603 0.00004
604 0.00004
605 0.00004
606 0.00004
607 0.00004
608 0.00004
609 0.00004
610 0.00004
611 0.00004
612 0.00005
613 0.00005
614 0.00005
615 0.00005
616 0.00005
617 0.00005
618 0.00005
619 0.00005
620 0.00005
621 0.00005
622 0.00005
623 0.00005
624 0.00005
625 0.00005
626 0.00005
627 0.00005
628 0.00005
629 0.00005
630 0.00005
631 0.00005
632 0.00005
633 0.00005
634 0.00005
635 0.00005
636 0.00006
637 0.00006
638 0.00006
639 0.00006
640 0.00006
641 0.00006
642 0.00006
643 0.00006
644 0.00006
645 0.00006
646 0.00006
647 0.00006
648 0.00006
649 0.00006
650 0.00006
651 0.00007
652 0.00007
653 0.00007
654 0.00007
655 0.00007
656 0.00007
657 0.00007
658 0.00007
659 0.00007
660 0.00007
661 0.00007
662 0.00008
663 0.00008
664 0.00008
665 0.00008
666 0.00008
667 0.00008
668 0.00008
669 0.00008
670 0.00008
671 0.00009
672 0.00009
673 0.00009
674 0.00009
675 0.00009
676 0.00009
677 0.00009
678 0.00010
679 0.00010
680 0.00010
681 0.00010
682 0.00010
683 0.00010
684 0.00010
685 0.00011
686 0.00011
687 0.00011
688 0.00011
689 0.00011
690 0.00012
691 0.00012
692 0.00012
693 0.00012
694 0.00012
695 0.00013
696 0.00013
697 0.00013
698 0.00013
699 0.00014
700 0.00014
701 0.00014
702 0.00014
703 0.00015
704 0.00015
705 0.00015
706 0.00016
707 0.00016
708 0.00016
709 0.00016
710 0.00017
711 0.00017
712 0.00018
713 0.00018
714 0.00018
715 0.00019
716 0.00019
717 0.00019
718 0.00020
719 0.00020
720 0.00021
721 0.00021
722 0.00022
723 0.00022
724 0.00023
725 0.00023
726 0.00024
727 0.00024
728 0.00025
729 0.00025
730 0.00026
731 0.00026
732 0.00027
733 0.00028
734 0.00028
735 0.00029
736 0.00030
737 0.00030
738 0.00031
739 0.00032
740 0.00033
741 0.00033
742 0.00034
743 0.00035
744 0.00036
745 0.00037
746 0.00038
747 0.00039
748 0.00040
749 0.00041
750 0.00042
751 0.00043
752 0.00044
753 0.00045
754 0.00046
755 0.00047
756 0.00049
757 0.00050
758 0.00051
759 0.00053
760 0.00054
761 0.00056
762 0.00057
763 0.00059
764 0.00060
765 0.00062
766 0.00064
767 0.00066
768 0.00068
769 0.00069
770 0.00071
771 0.00074
772 0.00076
773 0.00078
774 0.00080
775 0.00083
776 0.00085
777 0.00088
778 0.00090
779 0.00093
780 0.00096
781 0.00099
782 0.00102
783 0.00105
784 0.00108
785 0.00111
786 0.00115
787 0.00118
788 0.00122
789 0.00126
790 0.00130
791 0.00134
792 0.00138
793 0.00143
794 0.00147
795 0.00152
796 0.00157
797 0.00162
798 0.00167
799 0.00173
800 0.00179
801 0.00185
802 0.00191
803 0.00197
804 0.00204
805 0.00211
806 0.00218
807 0.00226
808 0.00233
809 0.00241
810 0.00250
811 0.00258
812 0.00267
813 0.00277
814 0.00287
815 0.00297
816 0.00307
817 0.00318
818 0.00330
819 0.00342
820 0.00354
821 0.00367
822 0.00381
823 0.00394
824 0.00409
825 0.00424
826 0.00440
827 0.00456
828 0.00473
829 0.00491
830 0.00510
831 0.00529
832 0.00549
833 0.00570
834 0.00592
835 0.00615
836 0.00639
837 0.00664
838 0.00690
839 0.00717
840 0.00745
841 0.00775
842 0.00805
843 0.00838
844 0.00871
845 0.00906
846 0.00943
847 0.00981
848 0.01021
849 0.01062
850 0.01106
851 0.01151
852 0.01199
853 0.01248
854 0.01300
855 0.01355
856 0.01411
857 0.01471
858 0.01533
859 0.01598
860 0.01666
861 0.01737
862 0.01811
863 0.01889
864 0.01971
865 0.02056
866 0.02146
867 0.02240
868 0.02338
869 0.02441
870 0.02548
871 0.02661
872 0.02780
873 0.02904
874 0.03034
875 0.03170
876 0.03313
877 0.03463
878 0.03621
879 0.03786
880 0.03959
881 0.04141
882 0.04332
883 0.04532
884 0.04742
885 0.04963
886 0.05195
887 0.05439
888 0.05695
889 0.05963
890 0.06246
891 0.06543
892 0.06855
893 0.07183
894 0.07528
895 0.07891
896 0.08272
897 0.08673
898 0.09096
899 0.09540
900 0.10007
901 0.10499
902 0.11017
903 0.11562
904 0.12136
905 0.12740
906 0.13376
907 0.14047
908 0.14753
909 0.15497
910 0.16282
911 0.17108
912 0.17777
913 0.19801
914 0.21324
915 0.22486
916 0.23179
917 0.23525
918 0.23932
919 0.24417
920 0.25005
921 0.25731
922 0.25592
923 0.25454
924 0.26374
925 0.26234
926 0.26096
927 0.27299
928 0.27159
929 0.27019
930 0.26880
931 0.28523
932 0.28383
933 0.28243
934 0.28103
935 0.27963
936 0.27823
937 0.27684
938 0.30059
939 0.29919
940 0.29778
941 0.29638
942 0.29498
943 0.29358
944 0.29218
945 0.29079
946 0.28939
947 0.28800
948 0.28661
949 0.28522
950 0.32253
951 0.32113
952 0.31973
953 0.31834
954 0.31694
955 0.31555
956 0.31416
957 0.31276
958 0.31138
959 0.30999
960 0.30860
961 0.30722
962 0.30583
963 0.30445
964 0.30307
965 0.30169
966 0.30031
967 0.29894
968 0.29756
969 0.29619
970 0.29482
971 0.29345
972 0.29208
973 0.35891
974 0.35754
975 0.35617
976 0.35480
977 0.35344
978 0.35207
979 0.35070
980 0.34934
981 0.34798
982 0.34662
983 0.34525
984 0.34389
985 0.34254
986 0.34118
987 0.33982
988 0.33847
989 0.33711
990 0.33576
991 0.33441
992 0.33306
993 0.33171
994 0.33036
995 0.32901
996 0.32767
997 0.32632
998 0.32498
999 0.32363
1000 0.32229
1001 0.32095
1002 0.31961
1003 0.31827
1004 0.31694
1005 0.31560
1006 0.31426
1007 0.31293
1008 0.31160
1009 0.31026
1010 0.30893
1011 0.30760
1012 0.30627
1013 0.30494
1014 0.30362
1015 0.30229
1016 0.30096
1017 0.29964
1018 0.29831
1019 0.29699
1020 0.29567
1021 0.29435
1022 0.29302
1023 0.29170
1024 0.29039
1025 0.28907
1026 0.44275
1027 0.44148
1028 0.44021
1029 0.43895
1030 0.43768
1031 0.43642
1032 0.43516
1033 0.43389
1034 0.43263
1035 0.43137
1036 0.43010
1037 0.42884
1038 0.42758
1039 0.42632
1040 0.42506
1041 0.42380
1042 0.42254
1043 0.42128
1044 0.42002
1045 0.41877
1046 0.41751
1047 0.41625
1048 0.41500
1049 0.41374
1050 0.41249
1051 0.41124
1052 0.40998
1053 0.40873
1054 0.40748
1055 0.40623
1056 0.40498
1057 0.40373
1058 0.40248
1059 0.40123
1060 0.39998
1061 0.39874
1062 0.39749
1063 0.39625
1064 0.39500
1065 0.39376
1066 0.39252
1067 0.39128
1068 0.39004
1069 0.38880
1070 0.38756
1071 0.38632
1072 0.38508
1073 0.38384
1074 0.38261
1075 0.38137
1076 0.38014
1077 0.37891
1078 0.37767
1079 0.37644
1080 0.37521
1081 0.37398
1082 0.37276
1083 0.37153
1084 0.37030
1085 0.36908
1086 0.36785
1087 0.36663
1088 0.36541
1089 0.36418
1090 0.36296
1091 0.36174
1092 0.36053
1093 0.35931
1094 0.35809
1095 0.35688
1096 0.35566
1097 0.35445
1098 0.35324
1099 0.35203
1100 0.35082
1101 0.34961
1102 0.34840
1103 0.34719
1104 0.34599
1105 0.34478
1106 0.34358
1107 0.34238
1108 0.34118
1109 0.33998
1110 0.33878
1111 0.33758
1112 0.33639
1113 0.33519
1114 0.33400
1115 0.33280
1116 0.33161
1117 0.33042
1118 0.32923
1119 0.32804
1120 0.32686
1121 0.32567
1122 0.32448
1123 0.32330
1124 0.32212
1125 0.32094
1126 0.31976
1127 0.31858
1128 0.31740
1129 0.31622
1130 0.31505
1131 0.31387
1132 0.31270
1133 0.31153
1134 0.31036
1135 0.30919
1136 0.30802
1137 0.30685
1138 0.30569
1139 0.30452
1140 0.30336
1141 0.30219
1142 0.30103
1143 0.29987
1144 0.29871
1145 0.29755
1146 0.29640
1147 0.29524
1148 0.29409
1149 0.29293
1150 0.29178
1151 0.29063
1152 0.28948
1153 0.28833
1154 0.28718
1155 0.28603
1156 0.28488
1157 0.28374
1158 0.28259
1159 0.28145
1160 0.28031
1161 0.27917
1162 0.27803
1163 0.27689
1164 0.27575
1165 0.27461
1166 0.27347
1167 0.27234
1168 0.27120
1169 0.27007
1170 0.26894
1171 0.26780
1172 0.26667
1173 0.26554
1174 0.26441
1175 0.26328
1176 0.26215
1177 0.26103
1178 0.25990
1179 0.25877
1180 0.25765
1181 0.25652
1182 0.25540
1183 0.25427
1184 0.25315
1185 0.25203
1186 0.25090
1187 0.24978
1188 0.24866
1189 0.24754
1190 0.24642
1191 0.24530
1192 0.24418
1193 0.24306
1194 0.24194
1195 0.24082
1196 0.23970
1197 0.23858
1198 0.23746
1199 0.23634
1200 0.23523
1201 0.23411
1202 0.23299
1203 0.23187
1204 0.23075
1205 0.22963
1206 0.22852
1207 0.22740
1208 0.22628
1209 0.22516
1210 0.22404
1211 0.22292
1212 0.22180
1213 0.22068
1214 0.21956
1215 0.21844
1216 1.00000
