17 0.99608
18 0.99571
19 0.99533
20 0.99494
21 0.99453
22 0.99412
23 0.99369
24 0.99325
25 0.99280
26 0.99235
27 0.99188
28 0.99140
29 0.99091
30 0.99041
31 0.98990
32 0.98938
33 0.98886
34 0.98832
35 0.98777
36 0.98722
37 0.98666
38 0.98609
39 0.98550
40 0.98492
41 0.98432
42 0.98371
43 0.98310
44 0.98248
45 0.98185
46 0.98121
47 0.98057
48 0.97992
49 0.97926
50 0.97859
51 0.97792
52 0.97723
53 0.97655
54 0.97585
55 0.97515
56 0.97444
57 0.97372
58 0.97300
59 0.97227
60 0.97154
61 0.97079
62 0.97005
63 0.96929
64 0.96853
65 0.96776
66 0.96699
67 0.96621
68 0.96543
69 0.96464
70 0.96384
71 0.96304
72 0.96223
73 0.96142
74 0.96060
75 0.95978
76 0.95895
77 0.95812
78 0.95728
79 0.95644
80 0.95559
81 0.95473
82 0.95387
83 0.95301
84 0.95214
85 0.95127
86 0.95039
87 0.94951
88 0.94863
89 0.94773
90 0.94684
91 0.94594
92 0.94504
93 0.94413
94 0.94322
95 0.94230
96 0.94138
97 0.94046
98 0.93953
99 0.93860
100 0.93766
101 0.93672
102 0.93578
103 0.93483
104 0.93388
105 0.93293
106 0.93197
107 0.93101
108 0.93005
109 0.92908
110 0.92811
111 0.92714
112 0.92616
113 0.92518
114 0.92420
115 0.92321
116 0.92222
117 0.92123
118 0.92024
119 0.91924
120 0.91824
121 0.91724
122 0.91623
123 0.91522
124 0.91421
125 0.91320
126 0.91219
127 0.91117
128 0.91015
129 0.90913
130 0.90810
131 0.90707
132 0.90604
133 0.90501
134 0.90398
135 0.90294
136 0.90191
137 0.90087
138 0.89983
139 0.89878
140 0.89774
141 0.89669
142 0.89564
143 0.89459
144 0.89354
145 0.89249
146 0.89143
147 0.89037
148 0.88931
149 0.88826
150 0.88719
151 0.88613
152 0.88507
153 0.88400
154 0.88293
155 0.88187
156 0.88080
157 0.87973
158 0.87866
159 0.87758
160 0.87651
161 0.87544
162 0.87436
163 0.87328
164 0.87221
165 0.87113
166 0.87005
167 0.86897
168 0.86789
169 0.86681
170 0.86572
171 0.86464
172 0.86356
173 0.86247
174 0.86139
175 0.86030
176 0.85922
177 0.85813
178 0.85704
179 0.85596
180 0.85487
181 0.85378
182 0.85269
183 0.85160
184 0.85052
185 0.84943
186 0.84834
187 0.84725
188 0.84616
189 0.84507
190 0.84398
191 0.84289
192 0.84180
193 0.84071
194 0.83962
195 0.83853
196 0.83744
197 0.83635
198 0.83527
199 0.83418
200 0.83309
201 0.83200
202 0.83091
203 0.82982
204 0.82874
205 0.82765
206 0.82656
207 0.82548
208 0.82439
209 0.82331
210 0.82222
211 0.82114
212 0.82005
213 0.81897
214 0.81789
215 0.81680
216 0.81572
217 0.81464
218 0.81356
219 0.81248
220 0.81140
221 0.81033
222 0.80925
223 0.80817
224 0.80710
225 0.80602
226 0.80495
227 0.80388
228 0.80280
229 0.80173
230 0.80066
231 0.79959
232 0.79853
233 0.79746
234 0.79639
235 0.79533
236 0.79426
237 0.79320
238 0.79214
239 0.79108
240 0.79002
241 0.78896
242 0.78791
243 0.78685
244 0.78580
245 0.78474
246 0.78369
247 0.78264
248 0.78159
249 0.78055
250 0.77950
251 0.77845
252 0.77741
253 0.77637
254 0.77533
255 0.77429
256 0.77325
257 0.77222
258 0.77118
259 0.77015
260 0.76912
261 0.76809
262 0.76706
263 0.76603
264 0.76501
265 0.76398
266 0.76296
267 0.76194
268 0.76092
269 0.75991
270 0.75889
271 0.75788
272 0.75687
273 0.75586
274 0.75485
275 0.75385
276 0.75284
277 0.75184
278 0.75084
279 0.74984
280 0.74885
281 0.74785
282 0.74686
283 0.74587
284 0.74488
285 0.74389
286 0.74291
287 0.74192
288 0.74094
289 0.73996
290 0.73899
291 0.73801
292 0.73704
293 0.73607
294 0.73510
295 0.73413
296 0.73317
297 0.73221
298 0.73125
299 0.73029
300 0.72934
301 0.72838
302 0.72743
303 0.72648
304 0.72553
305 0.72459
306 0.72365
307 0.72271
308 0.72177
309 0.72083
310 0.71990
311 0.71897
312 0.71804
313 0.71712
314 0.71619
315 0.71527
316 0.71435
317 0.71343
318 0.71252
319 0.71161
320 0.71070
321 0.70979
322 0.70889
323 0.70798
324 0.70708
325 0.70619
326 0.70529
327 0.70440
328 0.70351
329 0.70262
330 0.70174
331 0.70085
332 0.69997
333 0.69910
334 0.69822
335 0.69735
336 0.69648
337 0.69561
338 0.69475
339 0.69389
340 0.69303
341 0.69217
342 0.69132
343 0.69047
344 0.68962
345 0.68877
346 0.68793
347 0.68709
348 0.68625
349 0.68541
350 0.68458
351 0.68375
352 0.68292
353 0.68210
354 0.68128
355 0.68046
356 0.67964
357 0.67883
358 0.67802
359 0.67721
360 0.67640
361 0.67560
362 0.67480
363 0.67401
364 0.67321
365 0.67242
366 0.67163
367 0.67085
368 0.67006
369 0.66928
370 0.66851
371 0.66773
372 0.66696
373 0.66619
374 0.66543
375 0.66467
376 0.66391
377 0.66315
378 0.66240
379 0.66165
380 0.66090
381 0.66015
382 0.65941
383 0.65867
384 0.65794
385 0.65720
386 0.65647
387 0.65574
388 0.65502
389 0.65430
390 0.65358
391 0.65287
392 0.65215
393 0.65144
394 0.65074
395 0.65004
396 0.64934
397 0.64864
398 0.64794
399 0.64725
400 0.64657
401 0.64588
402 0.64520
403 0.64452
404 0.64384
405 0.64317
406 0.64250
407 0.64184
408 0.64117
409 0.64051
410 0.63986
411 0.63920
412 0.63855
413 0.63790
414 0.63726
415 0.63662
416 0.63598
417 0.63535
418 0.63471
419 0.63409
420 0.63346
421 0.63284
422 0.63222
423 0.63160
424 0.63099
425 0.63038
426 0.62978
427 0.62917
428 0.62857
429 0.62798
430 0.62738
431 0.62679
432 0.62621
433 0.62562
434 0.62504
435 0.62447
436 0.62389
437 0.62332
438 0.62276
439 0.62219
440 0.62163
441 0.62107
442 0.62052
443 0.61997
444 0.61942
445 0.61888
446 0.61834
447 0.61780
448 0.61727
449 0.61674
450 0.61621
451 0.61568
452 0.61516
453 0.61465
454 0.61413
455 0.61362
456 0.61311
457 0.61261
458 0.61211
459 0.61161
460 0.61112
461 0.61063
462 0.61014
463 0.60966
464 0.60918
465 0.60870
466 0.60823
467 0.60776
468 0.60729
469 0.60683
470 0.60637
471 0.60592
472 0.60546
473 0.60502
474 0.60457
475 0.60413
476 0.60369
477 0.60325
478 0.60282
479 0.60240
480 0.60197
481 0.60155
482 0.60113
483 0.60072
484 0.60031
485 0.59990
486 0.59950
487 0.59910
488 0.59870
489 0.59831
490 0.59792
491 0.59754
492 0.59715
493 0.59677
494 0.59640
495 0.59603
496 0.59566
497 0.59530
498 0.59494
499 0.59458
500 0.59423
501 0.59388
502 0.59353
503 0.59319
504 0.59285
505 0.59252
506 0.59219
507 0.59186
508 0.59153
509 0.59121
510 0.59090
511 0.59059
512 0.59028
513 0.58997
514 0.58967
515 0.58937
516 0.58908
517 0.58879
518 0.58850
519 0.58822
520 0.58794
521 0.58766
522 0.58739
523 0.58712
524 0.58686
525 0.58660
526 0.58634
527 0.58609
528 0.58584
529 0.58560
530 0.58536
531 0.58512
532 0.58488
533 0.58465
534 0.58443
535 0.58421
536 0.58399
537 0.58377
538 0.58356
539 0.58336
540 0.58316
541 0.58296
542 0.58276
543 0.58257
544 0.58238
545 0.58220
546 0.58202
547 0.58185
548 0.58168
549 0.58151
550 0.58135
551 0.58119
552 0.58103
553 0.58088
554 0.58073
555 0.58059
556 0.58045
557 0.58032
558 0.58019
559 0.58006
560 0.57994
561 0.57982
562 0.57970
563 0.57959
564 0.57949
565 0.57939
566 0.57929
567 0.57919
568 0.57910
569 0.57902
570 0.57894
571 0.57886
572 0.57879
573 0.57872
574 0.57865
575 0.57859
576 0.57854
577 0.57848
578 0.57844
579 0.57839
580 0.57835
581 0.57832
582 0.57829
583 0.57826
584 0.57824
585 0.57822
586 0.57821
587 0.57820
588 0.57819
589 0.57819
590 0.57820
591 0.57821
592 0.57822
593 0.57824
594 0.57826
595 0.57828
596 0.57831
597 0.57835
598 0.57839
599 0.57843
600 0.57848
601 0.57853
602 0.57859
603 0.57865
604 0.57872
605 0.57879
606 0.57887
607 0.57895
608 0.57903
609 0.57912
610 0.57922
611 0.57932
612 0.57942
613 0.57953
614 0.57964
615 0.57976
616 0.57988
617 0.58001
618 0.58014
619 0.58028
620 0.58042
621 0.58057
622 0.58072
623 0.58087
624 0.58103
625 0.58120
626 0.58137
627 0.58154
628 0.58172
629 0.58191
630 0.58210
631 0.58229
632 0.58249
633 0.58270
634 0.58291
635 0.58312
636 0.58334
637 0.58357
638 0.58380
639 0.58404
640 0.58428
641 0.58452
642 0.58477
643 0.58503
644 0.58529
645 0.58555
646 0.58583
647 0.58610
648 0.58638
649 0.58667
650 0.58696
651 0.58726
652 0.58756
653 0.58787
654 0.58819
655 0.58851
656 0.58883
657 0.58916
658 0.58950
659 0.58984
660 0.59018
661 0.59054
662 0.59089
663 0.59126
664 0.59162
665 0.59200
666 0.59238
667 0.59276
668 0.59315
669 0.59355
670 0.59395
671 0.59436
672 0.59478
673 0.59520
674 0.59562
675 0.59605
676 0.59649
677 0.59693
678 0.59738
679 0.59784
680 0.59830
681 0.59877
682 0.59924
683 0.59972
684 0.60020
685 0.60069
686 0.60119
687 0.60169
688 0.60220
689 0.60272
690 0.60324
691 0.60377
692 0.60430
693 0.60484
694 0.60539
695 0.60594
696 0.60650
697 0.60707
698 0.60764
699 0.60822
700 0.60881
701 0.60940
702 0.61000
703 0.61060
704 0.61121
705 0.61183
706 0.61246
707 0.61309
708 0.61373
709 0.61437
710 0.61503
711 0.61568
712 0.61635
713 0.61702
714 0.61770
715 0.61839
716 0.61908
717 0.61978
718 0.62049
719 0.62121
720 0.62193
721 0.62266
722 0.62339
723 0.62414
724 0.62489
725 0.62565
726 0.62641
727 0.62718
728 0.62796
729 0.62875
730 0.62955
731 0.63035
732 0.63116
733 0.63198
734 0.63280
735 0.63364
736 0.63448
737 0.63533
738 0.63618
739 0.63705
740 0.63792
741 0.63880
742 0.63969
743 0.64059
744 0.64149
745 0.64240
746 0.64332
747 0.64425
748 0.64519
749 0.64614
750 0.64709
751 0.64805
752 0.64902
753 0.65000
754 0.65099
755 0.65198
756 0.65299
757 0.65400
758 0.65503
759 0.65606
760 0.65710
761 0.65814
762 0.65920
763 0.66027
764 0.66134
765 0.66243
766 0.66352
767 0.66462
768 0.66574
769 0.66686
770 0.66799
771 0.66913
772 0.67028
773 0.67144
774 0.67261
775 0.67378
776 0.67497
777 0.67617
778 0.67738
779 0.67859
780 0.67982
781 0.68106
782 0.68230
783 0.68356
784 0.68483
785 0.68610
786 0.68739
787 0.68869
788 0.69000
789 0.69132
790 0.69265
791 0.69399
792 0.69534
793 0.69670
794 0.69807
795 0.69945
796 0.70084
797 0.70225
798 0.70366
799 0.70509
800 0.70653
801 0.70798
802 0.70944
803 0.71091
804 0.71239
805 0.71389
806 0.71539
807 0.71691
808 0.71844
809 0.71998
810 0.72154
811 0.72310
812 0.72468
813 0.72627
814 0.72787
815 0.72948
816 0.73111
817 0.73275
818 0.73440
819 0.73607
820 0.73774
821 0.73943
822 0.74113
823 0.74285
824 0.74458
825 0.74632
826 0.74807
827 0.74984
828 0.75162
829 0.75342
830 0.75523
831 0.75705
832 0.75889
833 0.76074
834 0.76260
835 0.76448
836 0.76637
837 0.76828
838 0.77020
839 0.77213
840 0.77408
841 0.77605
842 0.77803
843 0.78002
844 0.78203
845 0.78405
846 0.78609
847 0.78814
848 0.79021
849 0.79230
850 0.79440
851 0.79652
852 0.79865
853 0.80080
854 0.80296
855 0.80514
856 0.80734
857 0.80955
858 0.81178
859 0.81403
860 0.81629
861 0.81857
862 0.82087
863 0.82318
864 0.82551
865 0.82786
866 0.83022
867 0.83261
868 0.83501
869 0.83743
870 0.83987
871 0.84232
872 0.84479
873 0.84729
874 0.84980
875 0.85233
876 0.85487
877 0.85744
878 0.86003
879 0.86263
880 0.86526
881 0.86790
882 0.87056
883 0.87325
884 0.87595
885 0.87868
886 0.88142
887 0.88418
888 0.88697
889 0.88977
890 0.89260
891 0.89545
892 0.89832
893 0.90121
894 0.90412
895 0.90705
896 0.91001
897 0.91299
898 0.91599
899 0.91901
900 0.92206
901 0.92512
902 0.92821
903 0.93133
904 0.93446
905 0.93763
906 0.94081
907 0.94402
908 0.94725
909 0.95051
910 0.95379
911 0.95709
912 0.95974
913 0.96018
914 0.96067
915 0.96114
916 0.96147
917 0.96165
918 0.96187
919 0.96215
920 0.96249
921 0.96293
922 0.96287
923 0.96282
924 0.96338
925 0.96332
926 0.96327
927 0.96401
928 0.96396
929 0.96390
930 0.96385
931 0.96487
932 0.96481
933 0.96476
934 0.96471
935 0.96465
936 0.96460
937 0.96455
938 0.96601
939 0.96596
940 0.96591
941 0.96585
942 0.96580
943 0.96575
944 0.96570
945 0.96565
946 0.96560
947 0.96555
948 0.96550
949 0.96545
950 0.96769
951 0.96764
952 0.96759
953 0.96755
954 0.96750
955 0.96745
956 0.96740
957 0.96736
958 0.96731
959 0.96726
960 0.96721
961 0.96716
962 0.96712
963 0.96707
964 0.96702
965 0.96697
966 0.96692
967 0.96687
968 0.96683
969 0.96678
970 0.96673
971 0.96668
972 0.96663
973 0.97049
974 0.97045
975 0.97041
976 0.97036
977 0.97032
978 0.97028
979 0.97023
980 0.97019
981 0.97015
982 0.97011
983 0.97006
984 0.97002
985 0.96998
986 0.96993
987 0.96989
988 0.96985
989 0.96981
990 0.96976
991 0.96972
992 0.96968
993 0.96963
994 0.96959
995 0.96955
996 0.96950
997 0.96946
998 0.96942
999 0.96937
1000 0.96933
1001 0.96929
1002 0.96924
1003 0.96920
1004 0.96916
1005 0.96912
1006 0.96907
1007 0.96903
1008 0.96899
1009 0.96894
1010 0.96890
1011 0.96886
1012 0.96881
1013 0.96877
1014 0.96873
1015 0.96868
1016 0.96864
1017 0.96859
1018 0.96855
1019 0.96851
1020 0.96846
1021 0.96842
1022 0.96838
1023 0.96833
1024 0.96829
1025 0.96825
1026 0.97642
1027 0.97638
1028 0.97635
1029 0.97632
1030 0.97629
1031 0.97625
1032 0.97622
1033 0.97619
1034 0.97616
1035 0.97612
1036 0.97609
1037 0.97606
1038 0.97603
1039 0.97599
1040 0.97596
1041 0.97593
1042 0.97590
1043 0.97586
1044 0.97583
1045 0.97580
1046 0.97577
1047 0.97573
1048 0.97570
1049 0.97567
1050 0.97563
1051 0.97560
1052 0.97557
1053 0.97554
1054 0.97550
1055 0.97547
1056 0.97544
1057 0.97540
1058 0.97537
1059 0.97534
1060 0.97531
1061 0.97527
1062 0.97524
1063 0.97521
1064 0.97517
1065 0.97514
1066 0.97511
1067 0.97508
1068 0.97504
1069 0.97501
1070 0.97498
1071 0.97494
1072 0.97491
1073 0.97488
1074 0.97484
1075 0.97481
1076 0.97478
1077 0.97474
1078 0.97471
1079 0.97468
1080 0.97465
1081 0.97461
1082 0.97458
1083 0.97455
1084 0.97451
1085 0.97448
1086 0.97445
1087 0.97441
1088 0.97438
1089 0.97435
1090 0.97431
1091 0.97428
1092 0.97425
1093 0.97421
1094 0.97418
1095 0.97415
1096 0.97411
1097 0.97408
1098 0.97405
1099 0.97401
1100 0.97398
1101 0.97395
1102 0.97391
1103 0.97388
1104 0.97385
1105 0.97381
1106 0.97378
1107 0.97375
1108 0.97371
1109 0.97368
1110 0.97365
1111 0.97361
1112 0.97358
1113 0.97355
1114 0.97351
1115 0.97348
1116 0.97344
1117 0.97341
1118 0.97338
1119 0.97334
1120 0.97331
1121 0.97328
1122 0.97324
1123 0.97321
1124 0.97318
1125 0.97314
1126 0.97311
1127 0.97307
1128 0.97304
1129 0.97301
1130 0.97297
1131 0.97294
1132 0.97291
1133 0.97287
1134 0.97284
1135 0.97280
1136 0.97277
1137 0.97274
1138 0.97270
1139 0.97267
1140 0.97264
1141 0.97260
1142 0.97257
1143 0.97253
1144 0.97250
1145 0.97247
1146 0.97243
1147 0.97240
1148 0.97236
1149 0.97233
1150 0.97230
1151 0.97226
1152 0.97223
1153 0.97219
1154 0.97216
1155 0.97213
1156 0.97209
1157 0.97206
1158 0.97202
1159 0.97199
1160 0.97196
1161 0.97192
1162 0.97189
1163 0.97185
1164 0.97182
1165 0.97179
1166 0.97175
1167 0.97172
1168 0.97168
1169 0.97165
1170 0.97161
1171 0.97158
1172 0.97155
1173 0.97151
1174 0.97148
1175 0.97144
1176 0.97141
1177 0.97137
1178 0.97134
1179 0.97131
1180 0.97127
1181 0.97124
1182 0.97120
1183 0.97117
1184 0.97113
1185 0.97110
1186 0.97107
1187 0.97103
1188 0.97100
1189 0.97096
1190 0.97093
1191 0.97089
1192 0.97086
1193 0.97083
1194 0.97079
1195 0.97076
1196 0.97072
1197 0.97069
1198 0.97065
1199 0.97062
1200 0.97058
1201 0.97055
1202 0.97051
1203 0.97048
1204 0.97045
1205 0.97041
1206 0.97038
1207 0.97034
1208 0.97031
1209 0.97027
1210 0.97024
1211 0.97020
1212 0.97017
1213 0.97013
1214 0.97010
1215 0.97006
1216 1.00000
