17 0.93283
18 0.92709
19 0.92124
20 0.91528
21 0.90922
22 0.90306
23 0.89681
24 0.89048
25 0.88407
26 0.87759
27 0.87105
28 0.86444
29 0.85777
30 0.85105
31 0.84429
32 0.83748
33 0.83062
34 0.82374
35 0.81682
36 0.80987
37 0.80290
38 0.79591
39 0.78889
40 0.78186
41 0.77482
42 0.76777
43 0.76071
44 0.75365
45 0.74659
46 0.73953
47 0.73247
48 0.72542
49 0.71837
50 0.71133
51 0.70431
52 0.69730
53 0.69031
54 0.68333
55 0.67638
56 0.66944
57 0.66253
58 0.65564
59 0.64878
60 0.64194
61 0.63514
62 0.62836
63 0.62162
64 0.61491
65 0.60823
66 0.60158
67 0.59498
68 0.58841
69 0.58187
70 0.57538
71 0.56893
72 0.56251
73 0.55614
74 0.54981
75 0.54352
76 0.53728
77 0.53107
78 0.52492
79 0.51881
80 0.51274
81 0.50672
82 0.50075
83 0.49482
84 0.48894
85 0.48311
86 0.47733
87 0.47160
88 0.46591
89 0.46027
90 0.45468
91 0.44915
92 0.44366
93 0.43822
94 0.43283
95 0.42748
96 0.42219
97 0.41695
98 0.41176
99 0.40662
100 0.40153
101 0.39649
102 0.39150
103 0.38656
104 0.38167
105 0.37683
106 0.37203
107 0.36729
108 0.36260
109 0.35795
110 0.35336
111 0.34881
112 0.34432
113 0.33987
114 0.33547
115 0.33112
116 0.32681
117 0.32256
118 0.31835
119 0.31419
120 0.31007
121 0.30601
122 0.30199
123 0.29801
124 0.29408
125 0.29020
126 0.28636
127 0.28257
128 0.27882
129 0.27511
130 0.27145
131 0.26784
132 0.26427
133 0.26074
134 0.25725
135 0.25381
136 0.25040
137 0.24704
138 0.24372
139 0.24045
140 0.23721
141 0.23401
142 0.23085
143 0.22774
144 0.22466
145 0.22162
146 0.21862
147 0.21566
148 0.21273
149 0.20984
150 0.20699
151 0.20418
152 0.20140
153 0.19866
154 0.19596
155 0.19329
156 0.19065
157 0.18805
158 0.18549
159 0.18295
160 0.18045
161 0.17799
162 0.17556
163 0.17316
164 0.17079
165 0.16845
166 0.16614
167 0.16387
168 0.16163
169 0.15941
170 0.15723
171 0.15507
172 0.15295
173 0.15085
174 0.14878
175 0.14675
176 0.14473
177 0.14275
178 0.14079
179 0.13886
180 0.13696
181 0.13508
182 0.13323
183 0.13141
184 0.12961
185 0.12783
186 0.12608
187 0.12436
188 0.12266
189 0.12098
190 0.11932
191 0.11769
192 0.11608
193 0.11450
194 0.11293
195 0.11139
196 0.10987
197 0.10837
198 0.10690
199 0.10544
200 0.10400
201 0.10259
202 0.10119
203 0.09982
204 0.09846
205 0.09713
206 0.09581
207 0.09451
208 0.09323
209 0.09197
210 0.09072
211 0.08950
212 0.08829
213 0.08709
214 0.08592
215 0.08476
216 0.08362
217 0.08250
218 0.08139
219 0.08030
220 0.07922
221 0.07816
222 0.07711
223 0.07608
224 0.07506
225 0.07406
226 0.07307
227 0.07210
228 0.07114
229 0.07020
230 0.06927
231 0.06835
232 0.06744
233 0.06655
234 0.06567
235 0.06481
236 0.06395
237 0.06311
238 0.06228
239 0.06146
240 0.06066
241 0.05987
242 0.05908
243 0.05831
244 0.05755
245 0.05680
246 0.05607
247 0.05534
248 0.05462
249 0.05392
250 0.05322
251 0.05253
252 0.05186
253 0.05119
254 0.05053
255 0.04989
256 0.04925
257 0.04862
258 0.04800
259 0.04739
260 0.04679
261 0.04620
262 0.04561
263 0.04504
264 0.04447
265 0.04391
266 0.04336
267 0.04281
268 0.04228
269 0.04175
270 0.04123
271 0.04072
272 0.04021
273 0.03971
274 0.03922
275 0.03874
276 0.03826
277 0.03779
278 0.03733
279 0.03687
280 0.03642
281 0.03598
282 0.03554
283 0.03511
284 0.03469
285 0.03427
286 0.03386
287 0.03345
288 0.03305
289 0.03265
290 0.03226
291 0.03188
292 0.03150
293 0.03113
294 0.03076
295 0.03040
296 0.03004
297 0.02969
298 0.02934
299 0.02900
300 0.02866
301 0.02833
302 0.02800
303 0.02768
304 0.02736
305 0.02705
306 0.02674
307 0.02643
308 0.02613
309 0.02584
310 0.02554
311 0.02526
312 0.02497
313 0.02469
314 0.02442
315 0.02414
316 0.02388
317 0.02361
318 0.02335
319 0.02309
320 0.02284
321 0.02259
322 0.02234
323 0.02210
324 0.02186
325 0.02162
326 0.02139
327 0.02116
328 0.02094
329 0.02071
330 0.02049
331 0.02027
332 0.02006
333 0.01985
334 0.01964
335 0.01944
336 0.01923
337 0.01903
338 0.01884
339 0.01864
340 0.01845
341 0.01826
342 0.01808
343 0.01789
344 0.01771
345 0.01753
346 0.01736
347 0.01719
348 0.01701
349 0.01685
350 0.01668
351 0.01651
352 0.01635
353 0.01619
354 0.01604
355 0.01588
356 0.01573
357 0.01558
358 0.01543
359 0.01528
360 0.01514
361 0.01499
362 0.01485
363 0.01471
364 0.01458
365 0.01444
366 0.01431
367 0.01418
368 0.01405
369 0.01392
370 0.01379
371 0.01367
372 0.01355
373 0.01342
374 0.01330
375 0.01319
376 0.01307
377 0.01296
378 0.01284
379 0.01273
380 0.01262
381 0.01251
382 0.01241
383 0.01230
384 0.01220
385 0.01209
386 0.01199
387 0.01189
388 0.01179
389 0.01170
390 0.01160
391 0.01151
392 0.01141
393 0.01132
394 0.01123
395 0.01114
396 0.01105
397 0.01097
398 0.01088
399 0.01079
400 0.01071
401 0.01063
402 0.01055
403 0.01047
404 0.01039
405 0.01031
406 0.01023
407 0.01016
408 0.01008
409 0.01001
410 0.00994
411 0.00986
412 0.00979
413 0.00972
414 0.00965
415 0.00959
416 0.00952
417 0.00945
418 0.00939
419 0.00932
420 0.00926
421 0.00920
422 0.00914
423 0.00908
424 0.00902
425 0.00896
426 0.00890
427 0.00884
428 0.00879
429 0.00873
430 0.00868
431 0.00862
432 0.00857
433 0.00851
434 0.00846
435 0.00841
436 0.00836
437 0.00831
438 0.00826
439 0.00821
440 0.00817
441 0.00812
442 0.00807
443 0.00803
444 0.00798
445 0.00794
446 0.00790
447 0.00785
448 0.00781
449 0.00777
450 0.00773
451 0.00769
452 0.00765
453 0.00761
454 0.00757
455 0.00753
456 0.00749
457 0.00746
458 0.00742
459 0.00738
460 0.00735
461 0.00731
462 0.00728
463 0.00725
464 0.00721
465 0.00718
466 0.00715
467 0.00712
468 0.00708
469 0.00705
470 0.00702
471 0.00699
472 0.00696
473 0.00694
474 0.00691
475 0.00688
476 0.00685
477 0.00683
478 0.00680
479 0.00677
480 0.00675
481 0.00672
482 0.00670
483 0.00667
484 0.00665
485 0.00663
486 0.00660
487 0.00658
488 0.00656
489 0.00654
490 0.00652
491 0.00650
492 0.00648
493 0.00646
494 0.00644
495 0.00642
496 0.00640
497 0.00638
498 0.00636
499 0.00635
500 0.00633
501 0.00631
502 0.00630
503 0.00628
504 0.00627
505 0.00625
506 0.00624
507 0.00622
508 0.00621
509 0.00619
510 0.00618
511 0.00617
512 0.00615
513 0.00614
514 0.00613
515 0.00612
516 0.00611
517 0.00610
518 0.00609
519 0.00608
520 0.00607
521 0.00606
522 0.00605
523 0.00604
524 0.00603
525 0.00602
526 0.00602
527 0.00601
528 0.00600
529 0.00600
530 0.00599
531 0.00599
532 0.00598
533 0.00598
534 0.00597
535 0.00597
536 0.00596
537 0.00596
538 0.00596
539 0.00595
540 0.00595
541 0.00595
542 0.00595
543 0.00595
544 0.00595
545 0.00595
546 0.00594
547 0.00595
548 0.00595
549 0.00595
550 0.00595
551 0.00595
552 0.00595
553 0.00595
554 0.00596
555 0.00596
556 0.00596
557 0.00597
558 0.00597
559 0.00598
560 0.00598
561 0.00599
562 0.00599
563 0.00600
564 0.00600
565 0.00601
566 0.00602
567 0.00602
568 0.00603
569 0.00604
570 0.00605
571 0.00606
572 0.00607
573 0.00608
574 0.00609
575 0.00610
576 0.00611
577 0.00612
578 0.00613
579 0.00615
580 0.00616
581 0.00617
582 0.00619
583 0.00620
584 0.00621
585 0.00623
586 0.00624
587 0.00626
588 0.00628
589 0.00629
590 0.00631
591 0.00633
592 0.00634
593 0.00636
594 0.00638
595 0.00640
596 0.00642
597 0.00644
598 0.00646
599 0.00648
600 0.00650
601 0.00652
602 0.00654
603 0.00657
604 0.00659
605 0.00661
606 0.00664
607 0.00666
608 0.00668
609 0.00671
610 0.00673
611 0.00676
612 0.00679
613 0.00681
614 0.00684
615 0.00687
616 0.00690
617 0.00693
618 0.00696
619 0.00699
620 0.00702
621 0.00705
622 0.00708
623 0.00712
624 0.00715
625 0.00718
626 0.00722
627 0.00726
628 0.00729
629 0.00733
630 0.00737
631 0.00740
632 0.00744
633 0.00748
634 0.00752
635 0.00756
636 0.00760
637 0.00765
638 0.00769
639 0.00773
640 0.00778
641 0.00782
642 0.00787
643 0.00792
644 0.00797
645 0.00801
646 0.00806
647 0.00811
648 0.00816
649 0.00822
650 0.00827
651 0.00832
652 0.00838
653 0.00843
654 0.00849
655 0.00855
656 0.00861
657 0.00867
658 0.00873
659 0.00879
660 0.00885
661 0.00892
662 0.00898
663 0.00905
664 0.00911
665 0.00918
666 0.00925
667 0.00932
668 0.00939
669 0.00946
670 0.00954
671 0.00961
672 0.00969
673 0.00977
674 0.00985
675 0.00993
676 0.01001
677 0.01009
678 0.01018
679 0.01026
680 0.01035
681 0.01044
682 0.01053
683 0.01062
684 0.01071
685 0.01081
686 0.01090
687 0.01100
688 0.01110
689 0.01120
690 0.01130
691 0.01141
692 0.01152
693 0.01162
694 0.01173
695 0.01185
696 0.01196
697 0.01208
698 0.01219
699 0.01231
700 0.01244
701 0.01256
702 0.01269
703 0.01281
704 0.01295
705 0.01308
706 0.01321
707 0.01335
708 0.01349
709 0.01363
710 0.01378
711 0.01392
712 0.01407
713 0.01423
714 0.01438
715 0.01454
716 0.01470
717 0.01486
718 0.01503
719 0.01520
720 0.01537
721 0.01555
722 0.01572
723 0.01591
724 0.01609
725 0.01628
726 0.01647
727 0.01667
728 0.01686
729 0.01707
730 0.01727
731 0.01748
732 0.01770
733 0.01791
734 0.01813
735 0.01836
736 0.01859
737 0.01882
738 0.01906
739 0.01930
740 0.01955
741 0.01980
742 0.02006
743 0.02032
744 0.02058
745 0.02086
746 0.02113
747 0.02141
748 0.02170
749 0.02199
750 0.02229
751 0.02259
752 0.02290
753 0.02322
754 0.02354
755 0.02386
756 0.02420
757 0.02454
758 0.02488
759 0.02524
760 0.02560
761 0.02597
762 0.02634
763 0.02672
764 0.02711
765 0.02751
766 0.02791
767 0.02833
768 0.02875
769 0.02918
770 0.02962
771 0.03006
772 0.03052
773 0.03099
774 0.03146
775 0.03195
776 0.03244
777 0.03295
778 0.03346
779 0.03399
780 0.03452
781 0.03507
782 0.03563
783 0.03620
784 0.03678
785 0.03738
786 0.03799
787 0.03861
788 0.03924
789 0.03989
790 0.04055
791 0.04122
792 0.04191
793 0.04261
794 0.04333
795 0.04407
796 0.04482
797 0.04558
798 0.04637
799 0.04717
800 0.04798
801 0.04882
802 0.04967
803 0.05054
804 0.05144
805 0.05235
806 0.05328
807 0.05423
808 0.05520
809 0.05620
810 0.05722
811 0.05826
812 0.05932
813 0.06041
814 0.06152
815 0.06266
816 0.06383
817 0.06502
818 0.06624
819 0.06748
820 0.06876
821 0.07006
822 0.07140
823 0.07276
824 0.07416
825 0.07559
826 0.07706
827 0.07856
828 0.08009
829 0.08166
830 0.08327
831 0.08491
832 0.08660
833 0.08833
834 0.09009
835 0.09190
836 0.09376
837 0.09566
838 0.09760
839 0.09959
840 0.10163
841 0.10372
842 0.10587
843 0.10806
844 0.11031
845 0.11262
846 0.11498
847 0.11740
848 0.11988
849 0.12242
850 0.12503
851 0.12770
852 0.13044
853 0.13325
854 0.13614
855 0.13909
856 0.14212
857 0.14523
858 0.14842
859 0.15169
860 0.15504
861 0.15848
862 0.16201
863 0.16563
864 0.16935
865 0.17317
866 0.17708
867 0.18110
868 0.18522
869 0.18945
870 0.19380
871 0.19826
872 0.20284
873 0.20754
874 0.21237
875 0.21733
876 0.22242
877 0.22765
878 0.23302
879 0.23854
880 0.24421
881 0.25003
882 0.25601
883 0.26216
884 0.26848
885 0.27497
886 0.28164
887 0.28850
888 0.29555
889 0.30279
890 0.31024
891 0.31790
892 0.32577
893 0.33387
894 0.34219
895 0.35075
896 0.35956
897 0.36861
898 0.37793
899 0.38751
900 0.39737
901 0.40751
902 0.41795
903 0.42869
904 0.43974
905 0.45111
906 0.46282
907 0.47487
908 0.48727
909 0.50004
910 0.51319
911 0.52672
912 0.53758
913 0.54220
914 0.54750
915 0.55273
916 0.55619
917 0.55786
918 0.56005
919 0.56291
920 0.56666
921 0.57157
922 0.57032
923 0.56907
924 0.57564
925 0.57440
926 0.57316
927 0.58212
928 0.58089
929 0.57966
930 0.57844
931 0.59102
932 0.58981
933 0.58861
934 0.58740
935 0.58620
936 0.58499
937 0.58378
938 0.60230
939 0.60113
940 0.59995
941 0.59878
942 0.59760
943 0.59642
944 0.59525
945 0.59407
946 0.59288
947 0.59170
948 0.59052
949 0.58934
950 0.61860
951 0.61747
952 0.61634
953 0.61521
954 0.61408
955 0.61295
956 0.61182
957 0.61068
958 0.60955
959 0.60841
960 0.60728
961 0.60614
962 0.60500
963 0.60386
964 0.60272
965 0.60158
966 0.60043
967 0.59929
968 0.59815
969 0.59700
970 0.59586
971 0.59471
972 0.59356
973 0.64545
974 0.64440
975 0.64335
976 0.64230
977 0.64125
978 0.64020
979 0.63915
980 0.63809
981 0.63704
982 0.63598
983 0.63492
984 0.63387
985 0.63281
986 0.63175
987 0.63068
988 0.62962
989 0.62856
990 0.62749
991 0.62643
992 0.62536
993 0.62430
994 0.62323
995 0.62216
996 0.62109
997 0.62002
998 0.61894
999 0.61787
1000 0.61680
1001 0.61572
1002 0.61465
1003 0.61357
1004 0.61249
1005 0.61141
1006 0.61033
1007 0.60925
1008 0.60817
1009 0.60709
1010 0.60601
1011 0.60492
1012 0.60384
1013 0.60275
1014 0.60167
1015 0.60058
1016 0.59949
1017 0.59840
1018 0.59731
1019 0.59622
1020 0.59513
1021 0.59404
1022 0.59295
1023 0.59185
1024 0.59076
1025 0.58966
1026 0.70433
1027 0.70346
1028 0.70259
1029 0.70172
1030 0.70085
1031 0.69997
1032 0.69910
1033 0.69823
1034 0.69735
1035 0.69647
1036 0.69560
1037 0.69472
1038 0.69384
1039 0.69295
1040 0.69207
1041 0.69119
1042 0.69030
1043 0.68942
1044 0.68853
1045 0.68764
1046 0.68676
1047 0.68587
1048 0.68497
1049 0.68408
1050 0.68319
1051 0.68229
1052 0.68140
1053 0.68050
1054 0.67961
1055 0.67871
1056 0.67781
1057 0.67691
1058 0.67601
1059 0.67510
1060 0.67420
1061 0.67330
1062 0.67239
1063 0.67148
1064 0.67058
1065 0.66967
1066 0.66876
1067 0.66785
1068 0.66694
1069 0.66602
1070 0.66511
1071 0.66420
1072 0.66328
1073 0.66237
1074 0.66145
1075 0.66053
1076 0.65961
1077 0.65869
1078 0.65777
1079 0.65685
1080 0.65593
1081 0.65500
1082 0.65408
1083 0.65315
1084 0.65222
1085 0.65130
1086 0.65037
1087 0.64944
1088 0.64851
1089 0.64758
1090 0.64665
1091 0.64571
1092 0.64478
1093 0.64385
1094 0.64291
1095 0.64197
1096 0.64104
1097 0.64010
1098 0.63916
1099 0.63822
1100 0.63728
1101 0.63634
1102 0.63540
1103 0.63445
1104 0.63351
1105 0.63256
1106 0.63162
1107 0.63067
1108 0.62973
1109 0.62878
1110 0.62783
1111 0.62688
1112 0.62593
1113 0.62498
1114 0.62403
1115 0.62307
1116 0.62212
1117 0.62117
1118 0.62021
1119 0.61925
1120 0.61830
1121 0.61734
1122 0.61638
1123 0.61542
1124 0.61447
1125 0.61350
1126 0.61254
1127 0.61158
1128 0.61062
1129 0.60966
1130 0.60869
1131 0.60773
1132 0.60676
1133 0.60580
1134 0.60483
1135 0.60386
1136 0.60290
1137 0.60193
1138 0.60096
1139 0.59999
1140 0.59902
1141 0.59805
1142 0.59708
1143 0.59610
1144 0.59513
1145 0.59416
1146 0.59318
1147 0.59221
1148 0.59123
1149 0.59026
1150 0.58928
1151 0.58830
1152 0.58733
1153 0.58635
1154 0.58537
1155 0.58439
1156 0.58341
1157 0.58243
1158 0.58145
1159 0.58046
1160 0.57948
1161 0.57850
1162 0.57752
1163 0.57653
1164 0.57555
1165 0.57456
1166 0.57358
1167 0.57259
1168 0.57160
1169 0.57062
1170 0.56963
1171 0.56864
1172 0.56765
1173 0.56666
1174 0.56567
1175 0.56469
1176 0.56369
1177 0.56270
1178 0.56171
1179 0.56072
1180 0.55973
1181 0.55874
1182 0.55774
1183 0.55675
1184 0.55576
1185 0.55476
1186 0.55377
1187 0.55277
1188 0.55178
1189 0.55078
1190 0.54978
1191 0.54879
1192 0.54779
1193 0.54679
1194 0.54580
1195 0.54480
1196 0.54380
1197 0.54280
1198 0.54180
1199 0.54080
1200 0.53980
1201 0.53880
1202 0.53780
1203 0.53680
1204 0.53580
1205 0.53480
1206 0.53380
1207 0.53280
1208 0.53179
1209 0.53079
1210 0.52979
1211 0.52879
1212 0.52778
1213 0.52678
1214 0.52578
1215 0.52477
1216 1.00000
