17 0.98833
18 0.98731
19 0.98625
20 0.98517
21 0.98407
22 0.98294
23 0.98179
24 0.98062
25 0.97942
26 0.97821
27 0.97698
28 0.97572
29 0.97445
30 0.97316
31 0.97185
32 0.97052
33 0.96918
34 0.96782
35 0.96644
36 0.96505
37 0.96365
38 0.96223
39 0.96079
40 0.95934
41 0.95788
42 0.95640
43 0.95492
44 0.95341
45 0.95190
46 0.95038
47 0.94884
48 0.94729
49 0.94574
50 0.94417
51 0.94259
52 0.94100
53 0.93940
54 0.93779
55 0.93618
56 0.93455
57 0.93292
58 0.93127
59 0.92962
60 0.92797
61 0.92630
62 0.92462
63 0.92294
64 0.92125
65 0.91956
66 0.91786
67 0.91615
68 0.91444
69 0.91272
70 0.91099
71 0.90926
72 0.90752
73 0.90578
74 0.90403
75 0.90228
76 0.90052
77 0.89876
78 0.89699
79 0.89522
80 0.89345
81 0.89167
82 0.88989
83 0.88810
84 0.88631
85 0.88452
86 0.88273
87 0.88093
88 0.87913
89 0.87732
90 0.87552
91 0.87371
92 0.87190
93 0.87008
94 0.86827
95 0.86645
96 0.86463
97 0.86281
98 0.86099
99 0.85917
100 0.85734
101 0.85552
102 0.85369
103 0.85186
104 0.85003
105 0.84820
106 0.84637
107 0.84454
108 0.84271
109 0.84088
110 0.83905
111 0.83722
112 0.83538
113 0.83355
114 0.83172
115 0.82989
116 0.82806
117 0.82623
118 0.82440
119 0.82257
120 0.82074
121 0.81891
122 0.81709
123 0.81526
124 0.81344
125 0.81161
126 0.80979
127 0.80797
128 0.80615
129 0.80433
130 0.80251
131 0.80070
132 0.79888
133 0.79707
134 0.79526
135 0.79345
136 0.79165
137 0.78984
138 0.78804
139 0.78624
140 0.78444
141 0.78264
142 0.78085
143 0.77906
144 0.77727
145 0.77548
146 0.77370
147 0.77192
148 0.77014
149 0.76836
150 0.76659
151 0.76482
152 0.76305
153 0.76129
154 0.75952
155 0.75777
156 0.75601
157 0.75426
158 0.75251
159 0.75076
160 0.74902
161 0.74728
162 0.74554
163 0.74381
164 0.74208
165 0.74035
166 0.73863
167 0.73691
168 0.73519
169 0.73348
170 0.73177
171 0.73007
172 0.72836
173 0.72667
174 0.72497
175 0.72328
176 0.72160
177 0.71991
178 0.71824
179 0.71656
180 0.71489
181 0.71322
182 0.71156
183 0.70990
184 0.70825
185 0.70660
186 0.70495
187 0.70331
188 0.70167
189 0.70004
190 0.69841
191 0.69678
192 0.69516
193 0.69355
194 0.69193
195 0.69033
196 0.68872
197 0.68712
198 0.68553
199 0.68394
200 0.68235
201 0.68077
202 0.67920
203 0.67762
204 0.67606
205 0.67449
206 0.67293
207 0.67138
208 0.66983
209 0.66829
210 0.66675
211 0.66521
212 0.66368
213 0.66216
214 0.66063
215 0.65912
216 0.65761
217 0.65610
218 0.65460
219 0.65310
220 0.65161
221 0.65012
222 0.64863
223 0.64716
224 0.64568
225 0.64421
226 0.64275
227 0.64129
228 0.63984
229 0.63839
230 0.63694
231 0.63550
232 0.63407
233 0.63264
234 0.63122
235 0.62980
236 0.62838
237 0.62697
238 0.62557
239 0.62417
240 0.62277
241 0.62138
242 0.62000
243 0.61862
244 0.61724
245 0.61587
246 0.61451
247 0.61315
248 0.61179
249 0.61044
250 0.60910
251 0.60776
252 0.60642
253 0.60509
254 0.60377
255 0.60245
256 0.60113
257 0.59982
258 0.59852
259 0.59722
260 0.59592
261 0.59463
262 0.59335
263 0.59207
264 0.59079
265 0.58952
266 0.58826
267 0.58700
268 0.58575
269 0.58450
270 0.58325
271 0.58201
272 0.58078
273 0.57955
274 0.57833
275 0.57711
276 0.57589
277 0.57468
278 0.57348
279 0.57228
280 0.57109
281 0.56990
282 0.56871
283 0.56754
284 0.56636
285 0.56519
286 0.56403
287 0.56287
288 0.56172
289 0.56057
290 0.55942
291 0.55829
292 0.55715
293 0.55602
294 0.55490
295 0.55378
296 0.55267
297 0.55156
298 0.55045
299 0.54936
300 0.54826
301 0.54717
302 0.54609
303 0.54501
304 0.54394
305 0.54287
306 0.54180
307 0.54074
308 0.53969
309 0.53864
310 0.53760
311 0.53656
312 0.53552
313 0.53449
314 0.53347
315 0.53245
316 0.53143
317 0.53043
318 0.52942
319 0.52842
320 0.52743
321 0.52643
322 0.52545
323 0.52447
324 0.52349
325 0.52252
326 0.52156
327 0.52060
328 0.51964
329 0.51869
330 0.51774
331 0.51680
332 0.51586
333 0.51493
334 0.51400
335 0.51308
336 0.51216
337 0.51125
338 0.51034
339 0.50944
340 0.50854
341 0.50765
342 0.50676
343 0.50587
344 0.50499
345 0.50412
346 0.50325
347 0.50238
348 0.50152
349 0.50067
350 0.49981
351 0.49897
352 0.49813
353 0.49729
354 0.49646
355 0.49563
356 0.49481
357 0.49399
358 0.49317
359 0.49236
360 0.49156
361 0.49076
362 0.48996
363 0.48917
364 0.48839
365 0.48761
366 0.48683
367 0.48606
368 0.48529
369 0.48453
370 0.48377
371 0.48302
372 0.48227
373 0.48152
374 0.48078
375 0.48005
376 0.47932
377 0.47859
378 0.47787
379 0.47715
380 0.47644
381 0.47573
382 0.47503
383 0.47433
384 0.47363
385 0.47294
386 0.47226
387 0.47157
388 0.47090
389 0.47022
390 0.46956
391 0.46889
392 0.46823
393 0.46758
394 0.46693
395 0.46628
396 0.46564
397 0.46501
398 0.46437
399 0.46375
400 0.46312
401 0.46250
402 0.46189
403 0.46128
404 0.46067
405 0.46007
406 0.45947
407 0.45888
408 0.45829
409 0.45771
410 0.45713
411 0.45655
412 0.45598
413 0.45542
414 0.45485
415 0.45430
416 0.45374
417 0.45319
418 0.45265
419 0.45211
420 0.45157
421 0.45104
422 0.45051
423 0.44999
424 0.44947
425 0.44895
426 0.44844
427 0.44794
428 0.44744
429 0.44694
430 0.44644
431 0.44596
432 0.44547
433 0.44499
434 0.44451
435 0.44404
436 0.44357
437 0.44311
438 0.44265
439 0.44220
440 0.44174
441 0.44130
442 0.44085
443 0.44042
444 0.43998
445 0.43955
446 0.43913
447 0.43871
448 0.43829
449 0.43788
450 0.43747
451 0.43706
452 0.43666
453 0.43627
454 0.43587
455 0.43549
456 0.43510
457 0.43472
458 0.43435
459 0.43398
460 0.43361
461 0.43325
462 0.43289
463 0.43253
464 0.43218
465 0.43184
466 0.43149
467 0.43116
468 0.43082
469 0.43049
470 0.43017
471 0.42985
472 0.42953
473 0.42922
474 0.42891
475 0.42860
476 0.42830
477 0.42801
478 0.42771
479 0.42743
480 0.42714
481 0.42686
482 0.42659
483 0.42632
484 0.42605
485 0.42579
486 0.42553
487 0.42527
488 0.42502
489 0.42477
490 0.42453
491 0.42429
492 0.42406
493 0.42383
494 0.42360
495 0.42338
496 0.42316
497 0.42295
498 0.42274
499 0.42254
500 0.42234
501 0.42214
502 0.42195
503 0.42176
504 0.42157
505 0.42139
506 0.42122
507 0.42105
508 0.42088
509 0.42071
510 0.42056
511 0.42040
512 0.42025
513 0.42010
514 0.41996
515 0.41982
516 0.41969
517 0.41956
518 0.41943
519 0.41931
520 0.41919
521 0.41908
522 0.41897
523 0.41886
524 0.41876
525 0.41867
526 0.41857
527 0.41849
528 0.41840
529 0.41832
530 0.41825
531 0.41818
532 0.41811
533 0.41805
534 0.41799
535 0.41793
536 0.41788
537 0.41784
538 0.41780
539 0.41776
540 0.41773
541 0.41770
542 0.41767
543 0.41765
544 0.41764
545 0.41763
546 0.41762
547 0.41762
548 0.41762
549 0.41762
550 0.41763
551 0.41765
552 0.41767
553 0.41769
554 0.41772
555 0.41775
556 0.41779
557 0.41783
558 0.41787
559 0.41792
560 0.41798
561 0.41803
562 0.41810
563 0.41816
564 0.41824
565 0.41831
566 0.41839
567 0.41848
568 0.41857
569 0.41866
570 0.41876
571 0.41886
572 0.41897
573 0.41908
574 0.41920
575 0.41932
576 0.41944
577 0.41957
578 0.41971
579 0.41985
580 0.41999
581 0.42014
582 0.42029
583 0.42045
584 0.42061
585 0.42078
586 0.42095
587 0.42113
588 0.42131
589 0.42149
590 0.42168
591 0.42188
592 0.42208
593 0.42228
594 0.42249
595 0.42271
596 0.42292
597 0.42315
598 0.42338
599 0.42361
600 0.42385
601 0.42409
602 0.42434
603 0.42459
604 0.42485
605 0.42511
606 0.42538
607 0.42565
608 0.42593
609 0.42621
610 0.42650
611 0.42679
612 0.42708
613 0.42739
614 0.42769
615 0.42801
616 0.42832
617 0.42865
618 0.42897
619 0.42931
620 0.42964
621 0.42999
622 0.43033
623 0.43069
624 0.43105
625 0.43141
626 0.43178
627 0.43215
628 0.43253
629 0.43292
630 0.43331
631 0.43370
632 0.43410
633 0.43451
634 0.43492
635 0.43534
636 0.43576
637 0.43619
638 0.43662
639 0.43706
640 0.43750
641 0.43795
642 0.43841
643 0.43887
644 0.43934
645 0.43981
646 0.44029
647 0.44077
648 0.44126
649 0.44175
650 0.44225
651 0.44276
652 0.44327
653 0.44379
654 0.44432
655 0.44485
656 0.44538
657 0.44592
658 0.44647
659 0.44702
660 0.44758
661 0.44815
662 0.44872
663 0.44930
664 0.44988
665 0.45047
666 0.45107
667 0.45167
668 0.45228
669 0.45290
670 0.45352
671 0.45414
672 0.45478
673 0.45542
674 0.45607
675 0.45672
676 0.45738
677 0.45804
678 0.45872
679 0.45939
680 0.46008
681 0.46077
682 0.46147
683 0.46218
684 0.46289
685 0.46361
686 0.46433
687 0.46507
688 0.46581
689 0.46655
690 0.46731
691 0.46807
692 0.46883
693 0.46961
694 0.47039
695 0.47118
696 0.47197
697 0.47278
698 0.47359
699 0.47440
700 0.47523
701 0.47606
702 0.47690
703 0.47775
704 0.47860
705 0.47946
706 0.48033
707 0.48121
708 0.48209
709 0.48298
710 0.48388
711 0.48479
712 0.48571
713 0.48663
714 0.48756
715 0.48850
716 0.48944
717 0.49040
718 0.49136
719 0.49233
720 0.49331
721 0.49430
722 0.49529
723 0.49630
724 0.49731
725 0.49833
726 0.49936
727 0.50040
728 0.50144
729 0.50250
730 0.50356
731 0.50463
732 0.50571
733 0.50680
734 0.50790
735 0.50901
736 0.51012
737 0.51125
738 0.51238
739 0.51353
740 0.51468
741 0.51584
742 0.51701
743 0.51819
744 0.51938
745 0.52058
746 0.52179
747 0.52301
748 0.52423
749 0.52547
750 0.52672
751 0.52798
752 0.52924
753 0.53052
754 0.53181
755 0.53310
756 0.53441
757 0.53573
758 0.53706
759 0.53839
760 0.53974
761 0.54110
762 0.54247
763 0.54385
764 0.54524
765 0.54664
766 0.54806
767 0.54948
768 0.55091
769 0.55236
770 0.55381
771 0.55528
772 0.55676
773 0.55825
774 0.55975
775 0.56126
776 0.56279
777 0.56433
778 0.56587
779 0.56743
780 0.56901
781 0.57059
782 0.57218
783 0.57379
784 0.57541
785 0.57705
786 0.57869
787 0.58035
788 0.58202
789 0.58370
790 0.58539
791 0.58710
792 0.58882
793 0.59056
794 0.59231
795 0.59407
796 0.59584
797 0.59763
798 0.59943
799 0.60124
800 0.60307
801 0.60491
802 0.60677
803 0.60864
804 0.61052
805 0.61242
806 0.61433
807 0.61625
808 0.61820
809 0.62015
810 0.62212
811 0.62411
812 0.62611
813 0.62812
814 0.63015
815 0.63220
816 0.63426
817 0.63633
818 0.63843
819 0.64053
820 0.64266
821 0.64480
822 0.64695
823 0.64912
824 0.65131
825 0.65352
826 0.65574
827 0.65797
828 0.66022
829 0.66249
830 0.66477
831 0.66706
832 0.66938
833 0.67171
834 0.67405
835 0.67642
836 0.67880
837 0.68120
838 0.68361
839 0.68604
840 0.68849
841 0.69096
842 0.69345
843 0.69595
844 0.69847
845 0.70101
846 0.70357
847 0.70615
848 0.70875
849 0.71136
850 0.71399
851 0.71664
852 0.71932
853 0.72201
854 0.72472
855 0.72745
856 0.73021
857 0.73298
858 0.73578
859 0.73859
860 0.74142
861 0.74427
862 0.74715
863 0.75004
864 0.75296
865 0.75590
866 0.75886
867 0.76184
868 0.76485
869 0.76788
870 0.77093
871 0.77400
872 0.77710
873 0.78022
874 0.78337
875 0.78654
876 0.78973
877 0.79295
878 0.79619
879 0.79946
880 0.80274
881 0.80604
882 0.80937
883 0.81273
884 0.81611
885 0.81951
886 0.82294
887 0.82640
888 0.82988
889 0.83340
890 0.83693
891 0.84050
892 0.84409
893 0.84771
894 0.85136
895 0.85503
896 0.85874
897 0.86247
898 0.86623
899 0.87002
900 0.87384
901 0.87769
902 0.88157
903 0.88548
904 0.88942
905 0.89339
906 0.89739
907 0.90142
908 0.90548
909 0.90958
910 0.91370
911 0.91786
912 0.92118
913 0.92212
914 0.92318
915 0.92422
916 0.92493
917 0.92530
918 0.92577
919 0.92637
920 0.92712
921 0.92808
922 0.92792
923 0.92776
924 0.92902
925 0.92886
926 0.92871
927 0.93038
928 0.93022
929 0.93004
930 0.92986
931 0.93213
932 0.93196
933 0.93179
934 0.93162
935 0.93145
936 0.93128
937 0.93111
938 0.93439
939 0.93424
940 0.93408
941 0.93392
942 0.93376
943 0.93360
944 0.93344
945 0.93328
946 0.93312
947 0.93296
948 0.93280
949 0.93264
950 0.93772
951 0.93758
952 0.93744
953 0.93729
954 0.93715
955 0.93701
956 0.93687
957 0.93672
958 0.93658
959 0.93643
960 0.93629
961 0.93615
962 0.93600
963 0.93586
964 0.93571
965 0.93557
966 0.93542
967 0.93527
968 0.93513
969 0.93498
970 0.93483
971 0.93469
972 0.93454
973 0.94333
974 0.94321
975 0.94310
976 0.94298
977 0.94287
978 0.94275
979 0.94263
980 0.94252
981 0.94240
982 0.94228
983 0.94216
984 0.94205
985 0.94193
986 0.94181
987 0.94169
988 0.94158
989 0.94146
990 0.94134
991 0.94122
992 0.94110
993 0.94098
994 0.94086
995 0.94075
996 0.94063
997 0.94051
998 0.94039
999 0.94027
1000 0.94015
1001 0.94003
1002 0.93991
1003 0.93979
1004 0.93967
1005 0.93954
1006 0.93942
1007 0.93930
1008 0.93918
1009 0.93906
1010 0.93894
1011 0.93882
1012 0.93869
1013 0.93857
1014 0.93845
1015 0.93833
1016 0.93820
1017 0.93808
1018 0.93796
1019 0.93783
1020 0.93771
1021 0.93759
1022 0.93746
1023 0.93734
1024 0.93721
1025 0.93709
1026 0.95583
1027 0.95577
1028 0.95571
1029 0.95565
1030 0.95559
1031 0.95553
1032 0.95547
1033 0.95541
1034 0.95534
1035 0.95528
1036 0.95522
1037 0.95516
1038 0.95510
1039 0.95504
1040 0.95498
1041 0.95492
1042 0.95486
1043 0.95480
1044 0.95474
1045 0.95468
1046 0.95462
1047 0.95456
1048 0.95450
1049 0.95444
1050 0.95438
1051 0.95432
1052 0.95425
1053 0.95419
1054 0.95413
1055 0.95407
1056 0.95401
1057 0.95395
1058 0.95389
1059 0.95383
1060 0.95377
1061 0.95371
1062 0.95365
1063 0.95359
1064 0.95352
1065 0.95346
1066 0.95340
1067 0.95334
1068 0.95328
1069 0.95322
1070 0.95316
1071 0.95310
1072 0.95304
1073 0.95297
1074 0.95291
1075 0.95285
1076 0.95279
1077 0.95273
1078 0.95267
1079 0.95261
1080 0.95255
1081 0.95248
1082 0.95242
1083 0.95236
1084 0.95230
1085 0.95224
1086 0.95218
1087 0.95212
1088 0.95205
1089 0.95199
1090 0.95193
1091 0.95187
1092 0.95181
1093 0.95175
1094 0.95169
1095 0.95162
1096 0.95156
1097 0.95150
1098 0.95144
1099 0.95137
1100 0.95122
1101 0.95106
1102 0.95091
1103 0.95075
1104 0.95059
1105 0.95043
1106 0.95028
1107 0.95012
1108 0.94996
1109 0.94980
1110 0.94964
1111 0.94948
1112 0.94932
1113 0.94916
1114 0.94900
1115 0.94884
1116 0.94868
1117 0.94852
1118 0.94836
1119 0.94819
1120 0.94803
1121 0.94787
1122 0.94770
1123 0.94754
1124 0.94738
1125 0.94721
1126 0.94705
1127 0.94688
1128 0.94672
1129 0.94655
1130 0.94638
1131 0.94622
1132 0.94605
1133 0.94588
1134 0.94572
1135 0.94555
1136 0.94538
1137 0.94521
1138 0.94504
1139 0.94487
1140 0.94470
1141 0.94453
1142 0.94436
1143 0.94419
1144 0.94402
1145 0.94385
1146 0.94368
1147 0.94350
1148 0.94333
1149 0.94316
1150 0.94299
1151 0.94281
1152 0.94264
1153 0.94246
1154 0.94229
1155 0.94211
1156 0.94194
1157 0.94176
1158 0.94159
1159 0.94141
1160 0.94123
1161 0.94106
1162 0.94088
1163 0.94070
1164 0.94052
1165 0.94034
1166 0.94016
1167 0.93998
1168 0.93980
1169 0.93962
1170 0.93944
1171 0.93926
1172 0.93908
1173 0.93890
1174 0.93872
1175 0.93853
1176 0.93835
1177 0.93817
1178 0.93798
1179 0.93780
1180 0.93762
1181 0.93743
1182 0.93725
1183 0.93706
1184 0.93687
1185 0.93669
1186 0.93650
1187 0.93632
1188 0.93613
1189 0.93594
1190 0.93575
1191 0.93556
1192 0.93538
1193 0.93519
1194 0.93500
1195 0.93481
1196 0.93462
1197 0.93443
1198 0.93423
1199 0.93404
1200 0.93385
1201 0.93366
1202 0.93347
1203 0.93327
1204 0.93308
1205 0.93289
1206 0.93269
1207 0.93250
1208 0.93230
1209 0.93211
1210 0.93191
1211 0.93172
1212 0.93152
1213 0.93132
1214 0.93113
1215 0.93093
1216 1.00000
