17 0.82349
18 0.80915
19 0.79464
20 0.78002
21 0.76529
22 0.75049
23 0.73564
24 0.72076
25 0.70588
26 0.69100
27 0.67616
28 0.66136
29 0.64663
30 0.63198
31 0.61742
32 0.60297
33 0.58864
34 0.57444
35 0.56038
36 0.54648
37 0.53273
38 0.51915
39 0.50575
40 0.49253
41 0.47951
42 0.46668
43 0.45405
44 0.44162
45 0.42941
46 0.41740
47 0.40562
48 0.39405
49 0.38270
50 0.37157
51 0.36067
52 0.34999
53 0.33953
54 0.32930
55 0.31929
56 0.30951
57 0.29995
58 0.29061
59 0.28149
60 0.27259
61 0.26391
62 0.25544
63 0.24719
64 0.23914
65 0.23131
66 0.22368
67 0.21626
68 0.20903
69 0.20200
70 0.19517
71 0.18853
72 0.18207
73 0.17580
74 0.16971
75 0.16380
76 0.15806
77 0.15250
78 0.14710
79 0.14186
80 0.13679
81 0.13187
82 0.12711
83 0.12249
84 0.11802
85 0.11370
86 0.10951
87 0.10546
88 0.10154
89 0.09775
90 0.09409
91 0.09055
92 0.08713
93 0.08382
94 0.08063
95 0.07754
96 0.07457
97 0.07169
98 0.06892
99 0.06624
100 0.06366
101 0.06117
102 0.05877
103 0.05646
104 0.05423
105 0.05208
106 0.05000
107 0.04801
108 0.04609
109 0.04424
110 0.04246
111 0.04074
112 0.03909
113 0.03750
114 0.03597
115 0.03450
116 0.03309
117 0.03173
118 0.03042
119 0.02917
120 0.02796
121 0.02680
122 0.02568
123 0.02461
124 0.02358
125 0.02259
126 0.02164
127 0.02073
128 0.01986
129 0.01902
130 0.01821
131 0.01744
132 0.01670
133 0.01598
134 0.01530
135 0.01465
136 0.01402
137 0.01341
138 0.01284
139 0.01228
140 0.01175
141 0.01124
142 0.01076
143 0.01029
144 0.00984
145 0.00941
146 0.00900
147 0.00861
148 0.00823
149 0.00787
150 0.00752
151 0.00719
152 0.00688
153 0.00657
154 0.00628
155 0.00600
156 0.00574
157 0.00548
158 0.00524
159 0.00501
160 0.00479
161 0.00457
162 0.00437
163 0.00417
164 0.00399
165 0.00381
166 0.00364
167 0.00348
168 0.00332
169 0.00317
170 0.00303
171 0.00289
172 0.00276
173 0.00264
174 0.00252
175 0.00240
176 0.00230
177 0.00219
178 0.00209
179 0.00200
180 0.00191
181 0.00182
182 0.00174
183 0.00166
184 0.00159
185 0.00151
186 0.00144
187 0.00138
188 0.00132
189 0.00126
190 0.00120
191 0.00114
192 0.00109
193 0.00104
194 0.00100
195 0.00095
196 0.00091
197 0.00087
198 0.00083
199 0.00079
200 0.00075
201 0.00072
202 0.00069
203 0.00065
204 0.00062
205 0.00060
206 0.00057
207 0.00054
208 0.00052
209 0.00049
210 0.00047
211 0.00045
212 0.00043
213 0.00041
214 0.00039
215 0.00037
216 0.00036
217 0.00034
218 0.00032
219 0.00031
220 0.00030
221 0.00028
222 0.00027
223 0.00026
224 0.00025
225 0.00023
226 0.00022
227 0.00021
228 0.00020
229 0.00019
230 0.00019
231 0.00018
232 0.00017
233 0.00016
234 0.00015
235 0.00015
236 0.00014
237 0.00013
238 0.00013
239 0.00012
240 0.00012
241 0.00011
242 0.00011
243 0.00010
244 0.00010
245 0.00009
246 0.00009
247 0.00008
248 0.00008
249 0.00008
250 0.00007
251 0.00007
252 0.00007
253 0.00006
254 0.00006
255 0.00006
256 0.00006
257 0.00005
258 0.00005
259 0.00005
260 0.00005
261 0.00004
262 0.00004
263 0.00004
264 0.00004
265 0.00004
266 0.00004
267 0.00003
268 0.00003
269 0.00003
270 0.00003
271 0.00003
272 0.00003
273 0.00003
274 0.00002
275 0.00002
276 0.00002
277 0.00002
278 0.00002
279 0.00002
280 0.00002
281 0.00002
282 0.00002
283 0.00002
284 0.00002
285 0.00002
286 0.00001
287 0.00001
288 0.00001
289 0.00001
290 0.00001
291 0.00001
292 0.00001
293 0.00001
294 0.00001
295 0.00001
296 0.00001
297 0.00001
298 0.00001
299 0.00001
300 0.00001
301 0.00001
302 0.00001
303 0.00001
304 0.00001
305 0.00001
306 0.00001
307 0.00001
308 0.00001
309 0.00001
310 0.00001
311 0.00001
312 0.00000
313 0.00000
314 0.00000
315 0.00000
316 0.00000
317 0.00000
318 0.00000
319 0.00000
320 0.00000
321 0.00000
322 0.00000
323 0.00000
324 0.00000
325 0.00000
326 0.00000
327 0.00000
328 0.00000
329 0.00000
330 0.00000
331 0.00000
332 0.00000
333 0.00000
334 0.00000
335 0.00000
336 0.00000
337 0.00000
338 0.00000
339 0.00000
340 0.00000
341 0.00000
342 0.00000
343 0.00000
344 0.00000
345 0.00000
346 0.00000
347 0.00000
348 0.00000
349 0.00000
350 0.00000
351 0.00000
352 0.00000
353 0.00000
354 0.00000
355 0.00000
356 0.00000
357 0.00000
358 0.00000
359 0.00000
360 0.00000
361 0.00000
362 0.00000
363 0.00000
364 0.00000
365 0.00000
366 0.00000
367 0.00000
368 0.00000
369 0.00000
370 0.00000
371 0.00000
372 0.00000
373 0.00000
374 0.00000
375 0.00000
376 0.00000
377 0.00000
378 0.00000
379 0.00000
380 0.00000
381 0.00000
382 0.00000
383 0.00000
384 0.00000
385 0.00000
386 0.00000
387 0.00000
388 0.00000
389 0.00000
390 0.00000
391 0.00000
392 0.00000
393 0.00000
394 0.00000
395 0.00000
396 0.00000
397 0.00000
398 0.00000
399 0.00000
400 0.00000
401 0.00000
402 0.00000
403 0.00000
404 0.00000
405 0.00000
406 0.00000
407 0.00000
408 0.00000
409 0.00000
410 0.00000
411 0.00000
412 0.00000
413 0.00000
414 0.00000
415 0.00000
416 0.00000
417 0.00000
418 0.00000
419 0.00000
420 0.00000
421 0.00000
422 0.00000
423 0.00000
424 0.00000
425 0.00000
426 0.00000
427 0.00000
428 0.00000
429 0.00000
430 0.00000
431 0.00000
432 0.00000
433 0.00000
434 0.00000
435 0.00000
436 0.00000
437 0.00000
438 0.00000
439 0.00000
440 0.00000
441 0.00000
442 0.00000
443 0.00000
444 0.00000
445 0.00000
446 0.00000
447 0.00000
448 0.00000
449 0.00000
450 0.00000
451 0.00000
452 0.00000
453 0.00000
454 0.00000
455 0.00000
456 0.00000
457 0.00000
458 0.00000
459 0.00000
460 0.00000
461 0.00000
462 0.00000
463 0.00000
464 0.00000
465 0.00000
466 0.00000
467 0.00000
468 0.00000
469 0.00000
470 0.00000
471 0.00000
472 0.00000
473 0.00000
474 0.00000
475 0.00000
476 0.00000
477 0.00000
478 0.00000
479 0.00000
480 0.00000
481 0.00000
482 0.00000
483 0.00000
484 0.00000
485 0.00000
486 0.00000
487 0.00000
488 0.00000
489 0.00000
490 0.00000
491 0.00000
492 0.00000
493 0.00000
494 0.00000
495 0.00000
496 0.00000
497 0.00000
498 0.00000
499 0.00000
500 0.00000
501 0.00000
502 0.00000
503 0.00000
504 0.00000
505 0.00000
506 0.00000
507 0.00000
508 0.00000
509 0.00000
510 0.00000
511 0.00000
512 0.00000
513 0.00000
514 0.00000
515 0.00000
516 0.00000
517 0.00000
518 0.00000
519 0.00000
520 0.00000
521 0.00000
522 0.00000
523 0.00000
524 0.00000
525 0.00000
526 0.00000
527 0.00000
528 0.00000
529 0.00000
530 0.00000
531 0.00000
532 0.00000
533 0.00000
534 0.00000
535 0.00000
536 0.00000
537 0.00000
538 0.00000
539 0.00000
540 0.00000
541 0.00000
542 0.00000
543 0.00000
544 0.00000
545 0.00000
546 0.00000
547 0.00000
548 0.00000
549 0.00000
550 0.00000
551 0.00000
552 0.00000
553 0.00000
554 0.00000
555 0.00000
556 0.00000
557 0.00000
558 0.00000
559 0.00000
560 0.00000
561 0.00000
562 0.00000
563 0.00000
564 0.00000
565 0.00000
566 0.00000
567 0.00000
568 0.00000
569 0.00000
570 0.00000
571 0.00000
572 0.00000
573 0.00000
574 0.00000
575 0.00000
576 0.00000
577 0.00000
578 0.00000
579 0.00000
580 0.00000
581 0.00000
582 0.00000
583 0.00000
584 0.00000
585 0.00000
586 0.00000
587 0.00000
588 0.00000
589 0.00000
590 0.00000
591 0.00000
592 0.00000
593 0.00000
594 0.00000
595 0.00000
596 0.00000
597 0.00000
598 0.00000
599 0.00000
600 0.00000
601 0.00000
602 0.00000
603 0.00000
604 0.00000
605 0.00000
606 0.00000
607 0.00000
608 0.00000
609 0.00000
610 0.00000
611 0.00000
612 0.00000
613 0.00000
614 0.00000
615 0.00000
616 0.00000
617 0.00000
618 0.00000
619 0.00000
620 0.00000
621 0.00000
622 0.00000
623 0.00000
624 0.00000
625 0.00000
626 0.00000
627 0.00000
628 0.00000
629 0.00000
630 0.00000
631 0.00000
632 0.00000
633 0.00000
634 0.00000
635 0.00000
636 0.00000
637 0.00000
638 0.00000
639 0.00000
640 0.00000
641 0.00000
642 0.00000
643 0.00000
644 0.00000
645 0.00000
646 0.00000
647 0.00000
648 0.00000
649 0.00000
650 0.00000
651 0.00000
652 0.00000
653 0.00000
654 0.00000
655 0.00000
656 0.00000
657 0.00000
658 0.00000
659 0.00000
660 0.00000
661 0.00000
662 0.00000
663 0.00000
664 0.00000
665 0.00000
666 0.00000
667 0.00000
668 0.00000
669 0.00000
670 0.00000
671 0.00000
672 0.00000
673 0.00000
674 0.00000
675 0.00000
676 0.00000
677 0.00000
678 0.00000
679 0.00000
680 0.00000
681 0.00000
682 0.00000
683 0.00000
684 0.00000
685 0.00000
686 0.00000
687 0.00000
688 0.00000
689 0.00000
690 0.00000
691 0.00000
692 0.00000
693 0.00000
694 0.00000
695 0.00000
696 0.00000
697 0.00000
698 0.00000
699 0.00000
700 0.00000
701 0.00000
702 0.00000
703 0.00000
704 0.00000
705 0.00000
706 0.00000
707 0.00000
708 0.00000
709 0.00000
710 0.00000
711 0.00000
712 0.00000
713 0.00000
714 0.00000
715 0.00000
716 0.00000
717 0.00000
718 0.00000
719 0.00000
720 0.00000
721 0.00000
722 0.00000
723 0.00000
724 0.00000
725 0.00000
726 0.00000
727 0.00000
728 0.00000
729 0.00000
730 0.00000
731 0.00000
732 0.00000
733 0.00000
734 0.00000
735 0.00000
736 0.00000
737 0.00000
738 0.00000
739 0.00000
740 0.00000
741 0.00000
742 0.00000
743 0.00000
744 0.00000
745 0.00000
746 0.00000
747 0.00000
748 0.00000
749 0.00000
750 0.00000
751 0.00000
752 0.00000
753 0.00000
754 0.00000
755 0.00000
756 0.00000
757 0.00000
758 0.00000
759 0.00000
760 0.00000
761 0.00000
762 0.00000
763 0.00000
764 0.00000
765 0.00000
766 0.00000
767 0.00000
768 0.00000
769 0.00000
770 0.00000
771 0.00000
772 0.00000
773 0.00000
774 0.00000
775 0.00000
776 0.00000
777 0.00000
778 0.00000
779 0.00000
780 0.00000
781 0.00000
782 0.00000
783 0.00000
784 0.00000
785 0.00000
786 0.00000
787 0.00001
788 0.00001
789 0.00001
790 0.00001
791 0.00001
792 0.00001
793 0.00001
794 0.00001
795 0.00001
796 0.00001
797 0.00001
798 0.00001
799 0.00001
800 0.00001
801 0.00001
802 0.00001
803 0.00001
804 0.00001
805 0.00002
806 0.00002
807 0.00002
808 0.00002
809 0.00002
810 0.00002
811 0.00002
812 0.00003
813 0.00003
814 0.00003
815 0.00003
816 0.00003
817 0.00004
818 0.00004
819 0.00004
820 0.00004
821 0.00005
822 0.00005
823 0.00005
824 0.00006
825 0.00006
826 0.00007
827 0.00007
828 0.00008
829 0.00008
830 0.00009
831 0.00010
832 0.00011
833 0.00011
834 0.00012
835 0.00013
836 0.00014
837 0.00015
838 0.00017
839 0.00018
840 0.00019
841 0.00021
842 0.00023
843 0.00024
844 0.00026
845 0.00029
846 0.00031
847 0.00034
848 0.00036
849 0.00039
850 0.00043
851 0.00046
852 0.00050
853 0.00055
854 0.00059
855 0.00064
856 0.00070
857 0.00076
858 0.00082
859 0.00090
860 0.00097
861 0.00106
862 0.00115
863 0.00125
864 0.00137
865 0.00149
866 0.00162
867 0.00177
868 0.00193
869 0.00210
870 0.00229
871 0.00250
872 0.00273
873 0.00298
874 0.00326
875 0.00356
876 0.00389
877 0.00426
878 0.00465
879 0.00509
880 0.00557
881 0.00610
882 0.00668
883 0.00732
884 0.00802
885 0.00880
886 0.00965
887 0.01058
888 0.01161
889 0.01274
890 0.01399
891 0.01536
892 0.01688
893 0.01855
894 0.02039
895 0.02243
896 0.02467
897 0.02714
898 0.02988
899 0.03290
900 0.03623
901 0.03992
902 0.04399
903 0.04850
904 0.05348
905 0.05899
906 0.06509
907 0.07185
908 0.07933
909 0.08761
910 0.09679
911 0.10697
912 0.11564
913 0.11948
914 0.12403
915 0.12867
916 0.13175
917 0.13318
918 0.13514
919 0.13777
920 0.14132
921 0.14613
922 0.14473
923 0.14334
924 0.14993
925 0.14852
926 0.14712
927 0.15638
928 0.15496
929 0.15354
930 0.15213
931 0.16563
932 0.16419
933 0.16276
934 0.16133
935 0.15990
936 0.15847
937 0.15705
938 0.17775
939 0.17630
940 0.17485
941 0.17341
942 0.17196
943 0.17052
944 0.16908
945 0.16764
946 0.16620
947 0.16477
948 0.16334
949 0.16191
950 0.19630
951 0.19484
952 0.19338
953 0.19192
954 0.19047
955 0.18901
956 0.18756
957 0.18610
958 0.18465
959 0.18320
960 0.18175
961 0.18030
962 0.17885
963 0.17741
964 0.17597
965 0.17452
966 0.17308
967 0.17165
968 0.17021
969 0.16877
970 0.16734
971 0.16591
972 0.16448
973 0.22966
974 0.22821
975 0.22675
976 0.22530
977 0.22385
978 0.22239
979 0.22094
980 0.21949
981 0.21803
982 0.21658
983 0.21513
984 0.21368
985 0.21223
986 0.21078
987 0.20933
988 0.20788
989 0.20643
990 0.20498
991 0.20353
992 0.20208
993 0.20064
994 0.19919
995 0.19775
996 0.19631
997 0.19486
998 0.19342
999 0.19198
1000 0.19054
1001 0.18911
1002 0.18767
1003 0.18624
1004 0.18481
1005 0.18338
1006 0.18195
1007 0.18052
1008 0.17910
1009 0.17768
1010 0.17626
1011 0.17484
1012 0.17343
1013 0.17201
1014 0.17060
1015 0.16920
1016 0.16779
1017 0.16639
1018 0.16499
1019 0.16360
1020 0.16221
1021 0.16082
1022 0.15943
1023 0.15805
1024 0.15667
1025 0.15530
1026 0.31520
1027 0.31391
1028 0.31261
1029 0.31132
1030 0.31003
1031 0.30874
1032 0.30745
1033 0.30616
1034 0.30487
1035 0.30359
1036 0.30230
1037 0.30102
1038 0.29974
1039 0.29846
1040 0.29718
1041 0.29590
1042 0.29463
1043 0.29335
1044 0.29208
1045 0.29081
1046 0.28954
1047 0.28827
1048 0.28700
1049 0.28573
1050 0.28446
1051 0.28320
1052 0.28193
1053 0.28067
1054 0.27941
1055 0.27815
1056 0.27689
1057 0.27563
1058 0.27437
1059 0.27312
1060 0.27186
1061 0.27061
1062 0.26935
1063 0.26810
1064 0.26685
1065 0.26560
1066 0.26435
1067 0.26310
1068 0.26185
1069 0.26060
1070 0.25936
1071 0.25811
1072 0.25686
1073 0.25562
1074 0.25438
1075 0.25313
1076 0.25189
1077 0.25065
1078 0.24940
1079 0.24816
1080 0.24692
1081 0.24568
1082 0.24444
1083 0.24320
1084 0.24196
1085 0.24072
1086 0.23948
1087 0.23824
1088 0.23700
1089 0.23576
1090 0.23452
1091 0.23328
1092 0.23204
1093 0.23080
1094 0.22956
1095 0.22832
1096 0.22707
1097 0.22583
1098 0.22459
1099 0.22335
1100 0.22211
1101 0.22086
1102 0.21962
1103 0.21837
1104 0.21713
1105 0.21588
1106 0.21464
1107 0.21339
1108 0.21214
1109 0.21089
1110 0.20964
1111 0.20839
1112 0.20714
1113 0.20588
1114 0.20463
1115 0.20337
1116 0.20212
1117 0.20086
1118 0.19960
1119 0.19834
1120 0.19708
1121 0.19581
1122 0.19455
1123 0.19328
1124 0.19201
1125 0.19075
1126 0.18947
1127 0.18820
1128 0.18693
1129 0.18565
1130 0.18438
1131 0.18310
1132 0.18182
1133 0.18054
1134 0.17925
1135 0.17797
1136 0.17668
1137 0.17539
1138 0.17410
1139 0.17281
1140 0.17152
1141 0.17023
1142 0.16893
1143 0.16763
1144 0.16633
1145 0.16504
1146 0.16373
1147 0.16243
1148 0.16113
1149 0.15982
1150 0.15852
1151 0.15721
1152 0.15590
1153 0.15459
1154 0.15328
1155 0.15197
1156 0.15066
1157 0.14935
1158 0.14804
1159 0.14672
1160 0.14541
1161 0.14410
1162 0.14278
1163 0.14147
1164 0.14016
1165 0.13885
1166 0.13753
1167 0.13622
1168 0.13491
1169 0.13360
1170 0.13229
1171 0.13098
1172 0.12967
1173 0.12837
1174 0.12706
1175 0.12576
1176 0.12446
1177 0.12316
1178 0.12186
1179 0.12056
1180 0.11927
1181 0.11798
1182 0.11669
1183 0.11541
1184 0.11413
1185 0.11285
1186 0.11157
1187 0.11030
1188 0.10903
1189 0.10777
1190 0.10651
1191 0.10525
1192 0.10400
1193 0.10275
1194 0.10151
1195 0.10027
1196 0.09904
1197 0.09781
1198 0.09659
1199 0.09537
1200 0.09416
1201 0.09295
1202 0.09175
1203 0.09056
1204 0.08937
1205 0.08819
1206 0.08702
1207 0.08585
1208 0.08469
1209 0.08353
1210 0.08239
1211 0.08125
1212 0.08011
1213 0.07899
1214 0.07787
1215 0.07676
1216 1.00000
