17 0.99780
18 0.99760
19 0.99740
20 0.99720
21 0.99699
22 0.99678
23 0.99656
24 0.99633
25 0.99611
26 0.99587
27 0.99564
28 0.99540
29 0.99515
30 0.99491
31 0.99465
32 0.99440
33 0.99414
34 0.99388
35 0.99361
36 0.99335
37 0.99307
38 0.99280
39 0.99252
40 0.99224
41 0.99195
42 0.99167
43 0.99138
44 0.99109
45 0.99079
46 0.99049
47 0.99019
48 0.98989
49 0.98958
50 0.98927
51 0.98896
52 0.98865
53 0.98833
54 0.98802
55 0.98770
56 0.98737
57 0.98705
58 0.98672
59 0.98639
60 0.98606
61 0.98573
62 0.98539
63 0.98506
64 0.98472
65 0.98438
66 0.98403
67 0.98369
68 0.98334
69 0.98299
70 0.98264
71 0.98229
72 0.98194
73 0.98158
74 0.98123
75 0.98087
76 0.98051
77 0.98015
78 0.97979
79 0.97942
80 0.97906
81 0.97869
82 0.97832
83 0.97795
84 0.97758
85 0.97721
86 0.97684
87 0.97646
88 0.97608
89 0.97571
90 0.97533
91 0.97495
92 0.97457
93 0.97419
94 0.97380
95 0.97342
96 0.97303
97 0.97265
98 0.97226
99 0.97187
100 0.97148
101 0.97109
102 0.97070
103 0.97031
104 0.96991
105 0.96952
106 0.96913
107 0.96873
108 0.96833
109 0.96794
110 0.96754
111 0.96714
112 0.96674
113 0.96634
114 0.96594
115 0.96554
116 0.96513
117 0.96473
118 0.96433
119 0.96392
120 0.96352
121 0.96311
122 0.96271
123 0.96230
124 0.96189
125 0.96148
126 0.96108
127 0.96067
128 0.96026
129 0.95985
130 0.95944
131 0.95903
132 0.95862
133 0.95821
134 0.95779
135 0.95738
136 0.95697
137 0.95656
138 0.95614
139 0.95573
140 0.95532
141 0.95490
142 0.95449
143 0.95407
144 0.95366
145 0.95324
146 0.95283
147 0.95241
148 0.95199
149 0.95158
150 0.95116
151 0.95074
152 0.95033
153 0.94991
154 0.94949
155 0.94908
156 0.94866
157 0.94824
158 0.94783
159 0.94741
160 0.94699
161 0.94657
162 0.94616
163 0.94574
164 0.94532
165 0.94490
166 0.94448
167 0.94407
168 0.94365
169 0.94323
170 0.94281
171 0.94240
172 0.94198
173 0.94156
174 0.94114
175 0.94073
176 0.94031
177 0.93989
178 0.93948
179 0.93906
180 0.93864
181 0.93823
182 0.93781
183 0.93739
184 0.93698
185 0.93656
186 0.93615
187 0.93573
188 0.93532
189 0.93490
190 0.93449
191 0.93407
192 0.93366
193 0.93325
194 0.93283
195 0.93242
196 0.93201
197 0.93159
198 0.93118
199 0.93077
200 0.93036
201 0.92995
202 0.92953
203 0.92912
204 0.92871
205 0.92830
206 0.92789
207 0.92748
208 0.92708
209 0.92667
210 0.92626
211 0.92585
212 0.92544
213 0.92504
214 0.92463
215 0.92422
216 0.92382
217 0.92341
218 0.92301
219 0.92261
220 0.92220
221 0.92180
222 0.92140
223 0.92099
224 0.92059
225 0.92019
226 0.91979
227 0.91939
228 0.91899
229 0.91859
230 0.91819
231 0.91779
232 0.91740
233 0.91700
234 0.91660
235 0.91621
236 0.91581
237 0.91542
238 0.91503
239 0.91463
240 0.91424
241 0.91385
242 0.91346
243 0.91306
244 0.91267
245 0.91229
246 0.91190
247 0.91151
248 0.91112
249 0.91073
250 0.91035
251 0.90996
252 0.90958
253 0.90919
254 0.90881
255 0.90843
256 0.90804
257 0.90766
258 0.90728
259 0.90690
260 0.90652
261 0.90614
262 0.90577
263 0.90539
264 0.90501
265 0.90464
266 0.90426
267 0.90389
268 0.90352
269 0.90314
270 0.90277
271 0.90240
272 0.90203
273 0.90166
274 0.90129
275 0.90092
276 0.90056
277 0.90019
278 0.89983
279 0.89946
280 0.89910
281 0.89874
282 0.89837
283 0.89801
284 0.89765
285 0.89729
286 0.89693
287 0.89658
288 0.89622
289 0.89586
290 0.89551
291 0.89515
292 0.89480
293 0.89445
294 0.89410
295 0.89375
296 0.89340
297 0.89305
298 0.89270
299 0.89235
300 0.89201
301 0.89166
302 0.89132
303 0.89097
304 0.89063
305 0.89029
306 0.88995
307 0.88961
308 0.88927
309 0.88893
310 0.88859
311 0.88826
312 0.88792
313 0.88759
314 0.88726
315 0.88692
316 0.88659
317 0.88626
318 0.88593
319 0.88561
320 0.88528
321 0.88495
322 0.88463
323 0.88430
324 0.88398
325 0.88366
326 0.88334
327 0.88302
328 0.88270
329 0.88238
330 0.88206
331 0.88175
332 0.88143
333 0.88112
334 0.88081
335 0.88050
336 0.88018
337 0.87987
338 0.87957
339 0.87926
340 0.87895
341 0.87865
342 0.87834
343 0.87804
344 0.87774
345 0.87744
346 0.87714
347 0.87684
348 0.87654
349 0.87624
350 0.87595
351 0.87565
352 0.87536
353 0.87507
354 0.87478
355 0.87449
356 0.87420
357 0.87391
358 0.87362
359 0.87334
360 0.87305
361 0.87277
362 0.87249
363 0.87220
364 0.87192
365 0.87165
366 0.87137
367 0.87109
368 0.87082
369 0.87054
370 0.87027
371 0.87000
372 0.86973
373 0.86946
374 0.86919
375 0.86892
376 0.86865
377 0.86839
378 0.86813
379 0.86786
380 0.86760
381 0.86734
382 0.86708
383 0.86682
384 0.86657
385 0.86631
386 0.86606
387 0.86581
388 0.86555
389 0.86530
390 0.86505
391 0.86481
392 0.86456
393 0.86431
394 0.86407
395 0.86382
396 0.86358
397 0.86334
398 0.86310
399 0.86286
400 0.86263
401 0.86239
402 0.86216
403 0.86192
404 0.86169
405 0.86146
406 0.86123
407 0.86100
408 0.86077
409 0.86055
410 0.86032
411 0.86010
412 0.85988
413 0.85966
414 0.85944
415 0.85922
416 0.85900
417 0.85878
418 0.85857
419 0.85836
420 0.85814
421 0.85793
422 0.85772
423 0.85752
424 0.85731
425 0.85710
426 0.85690
427 0.85670
428 0.85650
429 0.85629
430 0.85610
431 0.85590
432 0.85570
433 0.85551
434 0.85531
435 0.85512
436 0.85493
437 0.85474
438 0.85455
439 0.85436
440 0.85418
441 0.85399
442 0.85381
443 0.85363
444 0.85345
445 0.85327
446 0.85309
447 0.85291
448 0.85274
449 0.85256
450 0.85239
451 0.85222
452 0.85205
453 0.85188
454 0.85171
455 0.85155
456 0.85138
457 0.85122
458 0.85106
459 0.85090
460 0.85074
461 0.85058
462 0.85043
463 0.85027
464 0.85012
465 0.84997
466 0.84982
467 0.84967
468 0.84952
469 0.84937
470 0.84923
471 0.84908
472 0.84894
473 0.84880
474 0.84866
475 0.84852
476 0.84839
477 0.84825
478 0.84812
479 0.84798
480 0.84785
481 0.84772
482 0.84760
483 0.84747
484 0.84734
485 0.84722
486 0.84710
487 0.84698
488 0.84686
489 0.84674
490 0.84662
491 0.84650
492 0.84639
493 0.84628
494 0.84617
495 0.84606
496 0.84595
497 0.84584
498 0.84574
499 0.84563
500 0.84553
501 0.84543
502 0.84533
503 0.84523
504 0.84514
505 0.84504
506 0.84495
507 0.84485
508 0.84476
509 0.84467
510 0.84459
511 0.84450
512 0.84442
513 0.84433
514 0.84425
515 0.84417
516 0.84409
517 0.84401
518 0.84394
519 0.84386
520 0.84379
521 0.84372
522 0.84365
523 0.84358
524 0.84351
525 0.84345
526 0.84338
527 0.84332
528 0.84326
529 0.84320
530 0.84314
531 0.84309
532 0.84303
533 0.84298
534 0.84293
535 0.84288
536 0.84283
537 0.84278
538 0.84273
539 0.84269
540 0.84265
541 0.84261
542 0.84257
543 0.84253
544 0.84249
545 0.84246
546 0.84242
547 0.84239
548 0.84236
549 0.84233
550 0.84231
551 0.84228
552 0.84226
553 0.84223
554 0.84221
555 0.84219
556 0.84218
557 0.84216
558 0.84214
559 0.84213
560 0.84212
561 0.84211
562 0.84210
563 0.84209
564 0.84209
565 0.84209
566 0.84208
567 0.84208
568 0.84208
569 0.84209
570 0.84209
571 0.84210
572 0.84211
573 0.84211
574 0.84213
575 0.84214
576 0.84215
577 0.84217
578 0.84218
579 0.84220
580 0.84222
581 0.84225
582 0.84227
583 0.84229
584 0.84232
585 0.84235
586 0.84238
587 0.84241
588 0.84245
589 0.84248
590 0.84252
591 0.84256
592 0.84260
593 0.84264
594 0.84268
595 0.84273
596 0.84277
597 0.84282
598 0.84287
599 0.84292
600 0.84298
601 0.84303
602 0.84309
603 0.84315
604 0.84321
605 0.84327
606 0.84333
607 0.84340
608 0.84347
609 0.84353
610 0.84360
611 0.84368
612 0.84375
613 0.84382
614 0.84390
615 0.84398
616 0.84406
617 0.84414
618 0.84423
619 0.84431
620 0.84440
621 0.84449
622 0.84458
623 0.84467
624 0.84477
625 0.84486
626 0.84496
627 0.84506
628 0.84516
629 0.84526
630 0.84537
631 0.84547
632 0.84558
633 0.84569
634 0.84580
635 0.84592
636 0.84603
637 0.84615
638 0.84627
639 0.84639
640 0.84651
641 0.84664
642 0.84676
643 0.84689
644 0.84702
645 0.84715
646 0.84728
647 0.84742
648 0.84755
649 0.84769
650 0.84783
651 0.84797
652 0.84812
653 0.84826
654 0.84841
655 0.84856
656 0.84871
657 0.84886
658 0.84902
659 0.84917
660 0.84933
661 0.84949
662 0.84965
663 0.84982
664 0.84998
665 0.85015
666 0.85032
667 0.85049
668 0.85067
669 0.85084
670 0.85102
671 0.85120
672 0.85138
673 0.85156
674 0.85174
675 0.85193
676 0.85212
677 0.85231
678 0.85250
679 0.85269
680 0.85289
681 0.85308
682 0.85328
683 0.85349
684 0.85369
685 0.85389
686 0.85410
687 0.85431
688 0.85452
689 0.85473
690 0.85495
691 0.85516
692 0.85538
693 0.85560
694 0.85583
695 0.85605
696 0.85628
697 0.85650
698 0.85673
699 0.85697
700 0.85720
701 0.85744
702 0.85767
703 0.85791
704 0.85816
705 0.85840
706 0.85865
707 0.85889
708 0.85914
709 0.85940
710 0.85965
711 0.85990
712 0.86016
713 0.86042
714 0.86068
715 0.86095
716 0.86121
717 0.86148
718 0.86175
719 0.86202
720 0.86230
721 0.86257
722 0.86285
723 0.86313
724 0.86341
725 0.86370
726 0.86398
727 0.86427
728 0.86456
729 0.86486
730 0.86515
731 0.86545
732 0.86575
733 0.86605
734 0.86635
735 0.86665
736 0.86696
737 0.86727
738 0.86758
739 0.86789
740 0.86821
741 0.86853
742 0.86885
743 0.86917
744 0.86949
745 0.86982
746 0.87015
747 0.87048
748 0.87081
749 0.87114
750 0.87148
751 0.87182
752 0.87216
753 0.87250
754 0.87285
755 0.87320
756 0.87355
757 0.87390
758 0.87425
759 0.87461
760 0.87497
761 0.87533
762 0.87569
763 0.87606
764 0.87643
765 0.87679
766 0.87717
767 0.87754
768 0.87792
769 0.87830
770 0.87868
771 0.87906
772 0.87944
773 0.87983
774 0.88022
775 0.88061
776 0.88101
777 0.88140
778 0.88180
779 0.88221
780 0.88261
781 0.88301
782 0.88342
783 0.88383
784 0.88425
785 0.88466
786 0.88508
787 0.88550
788 0.88592
789 0.88634
790 0.88677
791 0.88720
792 0.88763
793 0.88806
794 0.88850
795 0.88894
796 0.88938
797 0.88982
798 0.89027
799 0.89072
800 0.89117
801 0.89162
802 0.89208
803 0.89253
804 0.89299
805 0.89346
806 0.89392
807 0.89439
808 0.89486
809 0.89533
810 0.89580
811 0.89628
812 0.89676
813 0.89724
814 0.89773
815 0.89821
816 0.89870
817 0.89920
818 0.89969
819 0.90019
820 0.90069
821 0.90119
822 0.90169
823 0.90220
824 0.90271
825 0.90322
826 0.90374
827 0.90425
828 0.90477
829 0.90529
830 0.90582
831 0.90635
832 0.90688
833 0.90741
834 0.90794
835 0.90848
836 0.90902
837 0.90957
838 0.91011
839 0.91066
840 0.91121
841 0.91176
842 0.91232
843 0.91288
844 0.91344
845 0.91400
846 0.91457
847 0.91514
848 0.91571
849 0.91629
850 0.91686
851 0.91744
852 0.91803
853 0.91861
854 0.91920
855 0.91979
856 0.92039
857 0.92098
858 0.92158
859 0.92218
860 0.92279
861 0.92340
862 0.92401
863 0.92462
864 0.92523
865 0.92585
866 0.92647
867 0.92710
868 0.92773
869 0.92836
870 0.92899
871 0.92962
872 0.93026
873 0.93090
874 0.93155
875 0.93220
876 0.93285
877 0.93350
878 0.93415
879 0.93481
880 0.93547
881 0.93614
882 0.93681
883 0.93748
884 0.93815
885 0.93883
886 0.93951
887 0.94019
888 0.94087
889 0.94156
890 0.94225
891 0.94295
892 0.94364
893 0.94434
894 0.94505
895 0.94575
896 0.94646
897 0.94717
898 0.94789
899 0.94861
900 0.94933
901 0.95005
902 0.95078
903 0.95151
904 0.95224
905 0.95298
906 0.95372
907 0.95446
908 0.95521
909 0.95596
910 0.95671
911 0.95747
912 0.95806
913 0.96097
914 0.96287
915 0.96416
916 0.96490
917 0.96528
918 0.96570
919 0.96617
920 0.96670
921 0.96731
922 0.96726
923 0.96721
924 0.96793
925 0.96788
926 0.96783
927 0.96870
928 0.96865
929 0.96861
930 0.96856
931 0.96967
932 0.96962
933 0.96957
934 0.96953
935 0.96948
936 0.96943
937 0.96939
938 0.97087
939 0.97082
940 0.97078
941 0.97073
942 0.97069
943 0.97064
944 0.97060
945 0.97056
946 0.97051
947 0.97047
948 0.97042
949 0.97038
950 0.97252
951 0.97248
952 0.97243
953 0.97239
954 0.97235
955 0.97231
956 0.97227
957 0.97223
958 0.97219
959 0.97215
960 0.97210
961 0.97206
962 0.97202
963 0.97198
964 0.97194
965 0.97190
966 0.97186
967 0.97181
968 0.97177
969 0.97173
970 0.97169
971 0.97165
972 0.97161
973 0.97509
974 0.97506
975 0.97502
976 0.97498
977 0.97495
978 0.97491
979 0.97487
980 0.97484
981 0.97480
982 0.97476
983 0.97473
984 0.97469
985 0.97466
986 0.97462
987 0.97458
988 0.97455
989 0.97451
990 0.97447
991 0.97444
992 0.97440
993 0.97436
994 0.97433
995 0.97429
996 0.97425
997 0.97421
998 0.97418
999 0.97414
1000 0.97410
1001 0.97407
1002 0.97403
1003 0.97399
1004 0.97396
1005 0.97392
1006 0.97388
1007 0.97385
1008 0.97381
1009 0.97377
1010 0.97374
1011 0.97370
1012 0.97366
1013 0.97362
1014 0.97359
1015 0.97355
1016 0.97351
1017 0.97348
1018 0.97344
1019 0.97340
1020 0.97336
1021 0.97333
1022 0.97329
1023 0.97325
1024 0.97322
1025 0.97318
1026 0.98025
1027 0.98023
1028 0.98020
1029 0.98017
1030 0.98015
1031 0.98012
1032 0.98009
1033 0.98006
1034 0.98004
1035 0.98001
1036 0.97998
1037 0.97995
1038 0.97993
1039 0.97990
1040 0.97987
1041 0.97984
1042 0.97982
1043 0.97979
1044 0.97976
1045 0.97973
1046 0.97971
1047 0.97968
1048 0.97965
1049 0.97962
1050 0.97959
1051 0.97957
1052 0.97954
1053 0.97951
1054 0.97948
1055 0.97946
1056 0.97943
1057 0.97940
1058 0.97937
1059 0.97935
1060 0.97932
1061 0.97929
1062 0.97926
1063 0.97923
1064 0.97921
1065 0.97918
1066 0.97915
1067 0.97912
1068 0.97910
1069 0.97907
1070 0.97904
1071 0.97901
1072 0.97898
1073 0.97896
1074 0.97893
1075 0.97890
1076 0.97887
1077 0.97884
1078 0.97882
1079 0.97879
1080 0.97876
1081 0.97873
1082 0.97871
1083 0.97868
1084 0.97865
1085 0.97862
1086 0.97859
1087 0.97857
1088 0.97854
1089 0.97851
1090 0.97848
1091 0.97845
1092 0.97842
1093 0.97840
1094 0.97837
1095 0.97834
1096 0.97831
1097 0.97828
1098 0.97826
1099 0.97823
1100 0.97820
1101 0.97817
1102 0.97814
1103 0.97812
1104 0.97809
1105 0.97806
1106 0.97803
1107 0.97800
1108 0.97797
1109 0.97795
1110 0.97792
1111 0.97789
1112 0.97786
1113 0.97783
1114 0.97780
1115 0.97778
1116 0.97775
1117 0.97772
1118 0.97769
1119 0.97766
1120 0.97763
1121 0.97761
1122 0.97758
1123 0.97755
1124 0.97752
1125 0.97749
1126 0.97746
1127 0.97744
1128 0.97741
1129 0.97738
1130 0.97735
1131 0.97732
1132 0.97729
1133 0.97727
1134 0.97724
1135 0.97721
1136 0.97718
1137 0.97715
1138 0.97712
1139 0.97709
1140 0.97707
1141 0.97704
1142 0.97701
1143 0.97698
1144 0.97695
1145 0.97692
1146 0.97689
1147 0.97686
1148 0.97684
1149 0.97681
1150 0.97678
1151 0.97675
1152 0.97672
1153 0.97669
1154 0.97666
1155 0.97664
1156 0.97661
1157 0.97658
1158 0.97655
1159 0.97652
1160 0.97649
1161 0.97646
1162 0.97643
1163 0.97641
1164 0.97638
1165 0.97635
1166 0.97632
1167 0.97629
1168 0.97626
1169 0.97623
1170 0.97620
1171 0.97617
1172 0.97615
1173 0.97612
1174 0.97609
1175 0.97606
1176 0.97603
1177 0.97600
1178 0.97597
1179 0.97594
1180 0.97591
1181 0.97589
1182 0.97586
1183 0.97583
1184 0.97580
1185 0.97577
1186 0.97574
1187 0.97571
1188 0.97568
1189 0.97565
1190 0.97562
1191 0.97559
1192 0.97557
1193 0.97554
1194 0.97551
1195 0.97548
1196 0.97545
1197 0.97542
1198 0.97539
1199 0.97536
1200 0.97533
1201 0.97530
1202 0.97527
1203 0.97525
1204 0.97522
1205 0.97519
1206 0.97516
1207 0.97513
1208 0.97510
1209 0.97507
1210 0.97504
1211 0.97501
1212 0.97498
1213 0.97495
1214 0.97492
1215 0.97489
1216 1.00000
