17 0.96388
18 0.96074
19 0.95753
20 0.95424
21 0.95089
22 0.94748
23 0.94401
24 0.94048
25 0.93689
26 0.93325
27 0.92956
28 0.92583
29 0.92204
30 0.91822
31 0.91435
32 0.91044
33 0.90649
34 0.90251
35 0.89849
36 0.89444
37 0.89036
38 0.88625
39 0.88211
40 0.87794
41 0.87375
42 0.86954
43 0.86530
44 0.86104
45 0.85676
46 0.85247
47 0.84815
48 0.84382
49 0.83948
50 0.83512
51 0.83074
52 0.82636
53 0.82197
54 0.81756
55 0.81315
56 0.80873
57 0.80430
58 0.79987
59 0.79543
60 0.79098
61 0.78654
62 0.78209
63 0.77763
64 0.77318
65 0.76873
66 0.76427
67 0.75982
68 0.75537
69 0.75092
70 0.74648
71 0.74204
72 0.73760
73 0.73317
74 0.72874
75 0.72432
76 0.71991
77 0.71550
78 0.71110
79 0.70671
80 0.70232
81 0.69795
82 0.69359
83 0.68923
84 0.68489
85 0.68055
86 0.67623
87 0.67192
88 0.66762
89 0.66334
90 0.65906
91 0.65480
92 0.65056
93 0.64633
94 0.64211
95 0.63790
96 0.63371
97 0.62954
98 0.62538
99 0.62124
100 0.61711
101 0.61300
102 0.60891
103 0.60483
104 0.60077
105 0.59672
106 0.59270
107 0.58869
108 0.58469
109 0.58072
110 0.57676
111 0.57283
112 0.56891
113 0.56501
114 0.56112
115 0.55726
116 0.55342
117 0.54959
118 0.54579
119 0.54200
120 0.53823
121 0.53448
122 0.53076
123 0.52705
124 0.52336
125 0.51969
126 0.51604
127 0.51242
128 0.50881
129 0.50522
130 0.50165
131 0.49810
132 0.49458
133 0.49107
134 0.48758
135 0.48412
136 0.48067
137 0.47725
138 0.47384
139 0.47046
140 0.46710
141 0.46376
142 0.46043
143 0.45713
144 0.45385
145 0.45059
146 0.44735
147 0.44414
148 0.44094
149 0.43776
150 0.43460
151 0.43147
152 0.42835
153 0.42526
154 0.42218
155 0.41913
156 0.41609
157 0.41308
158 0.41009
159 0.40711
160 0.40416
161 0.40123
162 0.39832
163 0.39542
164 0.39255
165 0.38970
166 0.38687
167 0.38405
168 0.38126
169 0.37849
170 0.37573
171 0.37300
172 0.37029
173 0.36759
174 0.36491
175 0.36226
176 0.35962
177 0.35700
178 0.35441
179 0.35183
180 0.34926
181 0.34672
182 0.34420
183 0.34170
184 0.33921
185 0.33674
186 0.33429
187 0.33186
188 0.32945
189 0.32706
190 0.32468
191 0.32232
192 0.31998
193 0.31766
194 0.31536
195 0.31307
196 0.31080
197 0.30855
198 0.30632
199 0.30410
200 0.30190
201 0.29972
202 0.29755
203 0.29540
204 0.29327
205 0.29115
206 0.28906
207 0.28697
208 0.28491
209 0.28286
210 0.28083
211 0.27881
212 0.27681
213 0.27482
214 0.27285
215 0.27090
216 0.26896
217 0.26704
218 0.26513
219 0.26324
220 0.26137
221 0.25951
222 0.25766
223 0.25583
224 0.25401
225 0.25221
226 0.25043
227 0.24866
228 0.24690
229 0.24515
230 0.24343
231 0.24171
232 0.24001
233 0.23832
234 0.23665
235 0.23499
236 0.23335
237 0.23172
238 0.23010
239 0.22850
240 0.22690
241 0.22533
242 0.22376
243 0.22221
244 0.22067
245 0.21915
246 0.21763
247 0.21613
248 0.21464
249 0.21317
250 0.21171
251 0.21026
252 0.20882
253 0.20739
254 0.20598
255 0.20458
256 0.20319
257 0.20181
258 0.20044
259 0.19909
260 0.19774
261 0.19641
262 0.19509
263 0.19378
264 0.19248
265 0.19119
266 0.18992
267 0.18865
268 0.18740
269 0.18615
270 0.18492
271 0.18370
272 0.18249
273 0.18128
274 0.18009
275 0.17891
276 0.17774
277 0.17658
278 0.17543
279 0.17429
280 0.17316
281 0.17204
282 0.17093
283 0.16983
284 0.16873
285 0.16765
286 0.16658
287 0.16551
288 0.16446
289 0.16341
290 0.16238
291 0.16135
292 0.16033
293 0.15932
294 0.15832
295 0.15733
296 0.15635
297 0.15537
298 0.15441
299 0.15345
300 0.15250
301 0.15156
302 0.15063
303 0.14970
304 0.14879
305 0.14788
306 0.14698
307 0.14609
308 0.14520
309 0.14433
310 0.14346
311 0.14260
312 0.14174
313 0.14090
314 0.14006
315 0.13923
316 0.13841
317 0.13759
318 0.13678
319 0.13598
320 0.13519
321 0.13440
322 0.13362
323 0.13284
324 0.13208
325 0.13132
326 0.13057
327 0.12982
328 0.12908
329 0.12835
330 0.12762
331 0.12690
332 0.12619
333 0.12548
334 0.12478
335 0.12409
336 0.12340
337 0.12272
338 0.12205
339 0.12138
340 0.12071
341 0.12006
342 0.11941
343 0.11876
344 0.11812
345 0.11749
346 0.11686
347 0.11624
348 0.11562
349 0.11501
350 0.11441
351 0.11381
352 0.11321
353 0.11262
354 0.11204
355 0.11146
356 0.11089
357 0.11032
358 0.10976
359 0.10921
360 0.10865
361 0.10811
362 0.10757
363 0.10703
364 0.10650
365 0.10597
366 0.10545
367 0.10494
368 0.10442
369 0.10392
370 0.10342
371 0.10292
372 0.10243
373 0.10194
374 0.10145
375 0.10098
376 0.10050
377 0.10003
378 0.09957
379 0.09911
380 0.09865
381 0.09820
382 0.09775
383 0.09731
384 0.09687
385 0.09643
386 0.09600
387 0.09558
388 0.09515
389 0.09473
390 0.09432
391 0.09391
392 0.09350
393 0.09310
394 0.09270
395 0.09231
396 0.09192
397 0.09153
398 0.09115
399 0.09077
400 0.09040
401 0.09003
402 0.08966
403 0.08930
404 0.08894
405 0.08858
406 0.08823
407 0.08788
408 0.08753
409 0.08719
410 0.08685
411 0.08652
412 0.08618
413 0.08586
414 0.08553
415 0.08521
416 0.08489
417 0.08458
418 0.08427
419 0.08396
420 0.08365
421 0.08335
422 0.08305
423 0.08276
424 0.08247
425 0.08218
426 0.08189
427 0.08161
428 0.08133
429 0.08106
430 0.08078
431 0.08051
432 0.08025
433 0.07998
434 0.07972
435 0.07946
436 0.07921
437 0.07896
438 0.07871
439 0.07846
440 0.07822
441 0.07798
442 0.07774
443 0.07751
444 0.07727
445 0.07705
446 0.07682
447 0.07660
448 0.07638
449 0.07616
450 0.07594
451 0.07573
452 0.07552
453 0.07531
454 0.07511
455 0.07491
456 0.07471
457 0.07451
458 0.07432
459 0.07412
460 0.07394
461 0.07375
462 0.07357
463 0.07338
464 0.07321
465 0.07303
466 0.07286
467 0.07269
468 0.07252
469 0.07235
470 0.07219
471 0.07203
472 0.07187
473 0.07171
474 0.07156
475 0.07141
476 0.07126
477 0.07111
478 0.07097
479 0.07082
480 0.07068
481 0.07055
482 0.07041
483 0.07028
484 0.07015
485 0.07002
486 0.06990
487 0.06977
488 0.06965
489 0.06953
490 0.06942
491 0.06930
492 0.06919
493 0.06908
494 0.06897
495 0.06887
496 0.06877
497 0.06867
498 0.06857
499 0.06847
500 0.06838
501 0.06828
502 0.06820
503 0.06811
504 0.06802
505 0.06794
506 0.06786
507 0.06778
508 0.06770
509 0.06763
510 0.06756
511 0.06749
512 0.06742
513 0.06736
514 0.06729
515 0.06723
516 0.06717
517 0.06711
518 0.06706
519 0.06701
520 0.06696
521 0.06691
522 0.06686
523 0.06682
524 0.06678
525 0.06674
526 0.06670
527 0.06666
528 0.06663
529 0.06660
530 0.06657
531 0.06654
532 0.06652
533 0.06650
534 0.06648
535 0.06646
536 0.06644
537 0.06643
538 0.06642
539 0.06641
540 0.06640
541 0.06640
542 0.06639
543 0.06639
544 0.06639
545 0.06640
546 0.06640
547 0.06641
548 0.06642
549 0.06643
550 0.06645
551 0.06646
552 0.06648
553 0.06650
554 0.06652
555 0.06655
556 0.06658
557 0.06661
558 0.06664
559 0.06667
560 0.06671
561 0.06675
562 0.06679
563 0.06683
564 0.06687
565 0.06692
566 0.06697
567 0.06702
568 0.06707
569 0.06712
570 0.06718
571 0.06724
572 0.06730
573 0.06736
574 0.06743
575 0.06750
576 0.06757
577 0.06764
578 0.06771
579 0.06779
580 0.06787
581 0.06795
582 0.06803
583 0.06812
584 0.06821
585 0.06830
586 0.06839
587 0.06849
588 0.06858
589 0.06868
590 0.06879
591 0.06889
592 0.06900
593 0.06911
594 0.06922
595 0.06934
596 0.06945
597 0.06957
598 0.06969
599 0.06982
600 0.06995
601 0.07007
602 0.07021
603 0.07034
604 0.07048
605 0.07062
606 0.07076
607 0.07091
608 0.07106
609 0.07121
610 0.07136
611 0.07152
612 0.07168
613 0.07184
614 0.07201
615 0.07218
616 0.07235
617 0.07252
618 0.07270
619 0.07288
620 0.07307
621 0.07325
622 0.07344
623 0.07363
624 0.07383
625 0.07403
626 0.07423
627 0.07444
628 0.07464
629 0.07485
630 0.07506
631 0.07528
632 0.07549
633 0.07572
634 0.07594
635 0.07617
636 0.07640
637 0.07663
638 0.07687
639 0.07712
640 0.07736
641 0.07761
642 0.07786
643 0.07812
644 0.07838
645 0.07864
646 0.07891
647 0.07918
648 0.07946
649 0.07974
650 0.08002
651 0.08030
652 0.08060
653 0.08089
654 0.08119
655 0.08149
656 0.08180
657 0.08211
658 0.08242
659 0.08274
660 0.08307
661 0.08339
662 0.08373
663 0.08406
664 0.08440
665 0.08475
666 0.08510
667 0.08545
668 0.08581
669 0.08618
670 0.08655
671 0.08692
672 0.08730
673 0.08768
674 0.08807
675 0.08846
676 0.08886
677 0.08927
678 0.08967
679 0.09009
680 0.09051
681 0.09093
682 0.09136
683 0.09180
684 0.09224
685 0.09269
686 0.09314
687 0.09360
688 0.09406
689 0.09453
690 0.09500
691 0.09549
692 0.09597
693 0.09647
694 0.09697
695 0.09747
696 0.09798
697 0.09850
698 0.09903
699 0.09956
700 0.10010
701 0.10065
702 0.10120
703 0.10176
704 0.10232
705 0.10290
706 0.10348
707 0.10406
708 0.10466
709 0.10526
710 0.10587
711 0.10649
712 0.10711
713 0.10775
714 0.10839
715 0.10904
716 0.10969
717 0.11036
718 0.11103
719 0.11172
720 0.11241
721 0.11311
722 0.11381
723 0.11453
724 0.11526
725 0.11599
726 0.11674
727 0.11749
728 0.11825
729 0.11903
730 0.11981
731 0.12060
732 0.12140
733 0.12222
734 0.12304
735 0.12387
736 0.12472
737 0.12557
738 0.12644
739 0.12731
740 0.12820
741 0.12910
742 0.13001
743 0.13092
744 0.13184
745 0.13276
746 0.13370
747 0.13465
748 0.13561
749 0.13658
750 0.13757
751 0.13857
752 0.13958
753 0.14060
754 0.14164
755 0.14269
756 0.14375
757 0.14483
758 0.14592
759 0.14702
760 0.14814
761 0.14928
762 0.15042
763 0.15159
764 0.15276
765 0.15396
766 0.15517
767 0.15639
768 0.15763
769 0.15889
770 0.16016
771 0.16145
772 0.16275
773 0.16408
774 0.16542
775 0.16678
776 0.16815
777 0.16955
778 0.17096
779 0.17239
780 0.17384
781 0.17531
782 0.17680
783 0.17831
784 0.17983
785 0.18138
786 0.18295
787 0.18454
788 0.18616
789 0.18779
790 0.18944
791 0.19112
792 0.19282
793 0.19455
794 0.19629
795 0.19806
796 0.19986
797 0.20168
798 0.20352
799 0.20539
800 0.20728
801 0.20921
802 0.21115
803 0.21313
804 0.21513
805 0.21716
806 0.21921
807 0.22130
808 0.22341
809 0.22556
810 0.22773
811 0.22993
812 0.23217
813 0.23443
814 0.23673
815 0.23906
816 0.24143
817 0.24382
818 0.24625
819 0.24872
820 0.25122
821 0.25375
822 0.25633
823 0.25894
824 0.26158
825 0.26427
826 0.26699
827 0.26975
828 0.27255
829 0.27539
830 0.27828
831 0.28120
832 0.28417
833 0.28718
834 0.29024
835 0.29334
836 0.29649
837 0.29968
838 0.30292
839 0.30620
840 0.30954
841 0.31293
842 0.31636
843 0.31985
844 0.32339
845 0.32698
846 0.33062
847 0.33432
848 0.33808
849 0.34189
850 0.34576
851 0.34969
852 0.35368
853 0.35773
854 0.36184
855 0.36601
856 0.37025
857 0.37455
858 0.37892
859 0.38336
860 0.38786
861 0.39244
862 0.39708
863 0.40180
864 0.40659
865 0.41145
866 0.41639
867 0.42141
868 0.42651
869 0.43169
870 0.43695
871 0.44229
872 0.44772
873 0.45323
874 0.45883
875 0.46452
876 0.47030
877 0.47617
878 0.48214
879 0.48820
880 0.49436
881 0.50062
882 0.50699
883 0.51345
884 0.52002
885 0.52670
886 0.53348
887 0.54038
888 0.54739
889 0.55451
890 0.56176
891 0.56912
892 0.57660
893 0.58421
894 0.59194
895 0.59980
896 0.60780
897 0.61592
898 0.62418
899 0.63259
900 0.64113
901 0.64981
902 0.65865
903 0.66763
904 0.67677
905 0.68606
906 0.69550
907 0.70511
908 0.71489
909 0.72483
910 0.73494
911 0.74523
912 0.75342
913 0.75636
914 0.75973
915 0.76304
916 0.76521
917 0.76625
918 0.76763
919 0.76941
920 0.77174
921 0.77479
922 0.77402
923 0.77324
924 0.77730
925 0.77654
926 0.77577
927 0.78128
928 0.78053
929 0.77977
930 0.77902
931 0.78670
932 0.78597
933 0.78524
934 0.78451
935 0.78377
936 0.78303
937 0.78229
938 0.79352
939 0.79282
940 0.79211
941 0.79140
942 0.79069
943 0.78998
944 0.78927
945 0.78855
946 0.78784
947 0.78712
948 0.78640
949 0.78568
950 0.80325
951 0.80258
952 0.80191
953 0.80124
954 0.80056
955 0.79989
956 0.79922
957 0.79854
958 0.79786
959 0.79718
960 0.79650
961 0.79582
962 0.79514
963 0.79446
964 0.79377
965 0.79309
966 0.79240
967 0.79171
968 0.79102
969 0.79033
970 0.78964
971 0.78894
972 0.78825
973 0.81896
974 0.81836
975 0.81775
976 0.81714
977 0.81653
978 0.81592
979 0.81531
980 0.81469
981 0.81408
982 0.81346
983 0.81285
984 0.81223
985 0.81161
986 0.81099
987 0.81037
988 0.80974
989 0.80912
990 0.80849
991 0.80787
992 0.80724
993 0.80661
994 0.80598
995 0.80535
996 0.80472
997 0.80408
998 0.80345
999 0.80281
1000 0.80218
1001 0.80154
1002 0.80090
1003 0.80026
1004 0.79962
1005 0.79897
1006 0.79833
1007 0.79769
1008 0.79704
1009 0.79639
1010 0.79574
1011 0.79509
1012 0.79444
1013 0.79379
1014 0.79314
1015 0.79249
1016 0.79183
1017 0.79117
1018 0.79052
1019 0.78986
1020 0.78920
1021 0.78854
1022 0.78787
1023 0.78721
1024 0.78655
1025 0.78588
1026 0.85223
1027 0.85176
1028 0.85128
1029 0.85079
1030 0.85031
1031 0.84983
1032 0.84934
1033 0.84886
1034 0.84837
1035 0.84789
1036 0.84740
1037 0.84691
1038 0.84642
1039 0.84593
1040 0.84544
1041 0.84495
1042 0.84445
1043 0.84396
1044 0.84346
1045 0.84297
1046 0.84247
1047 0.84197
1048 0.84147
1049 0.84097
1050 0.84047
1051 0.83997
1052 0.83947
1053 0.83896
1054 0.83846
1055 0.83795
1056 0.83745
1057 0.83694
1058 0.83643
1059 0.83592
1060 0.83541
1061 0.83490
1062 0.83439
1063 0.83387
1064 0.83336
1065 0.83284
1066 0.83233
1067 0.83181
1068 0.83129
1069 0.83077
1070 0.83025
1071 0.82973
1072 0.82921
1073 0.82869
1074 0.82816
1075 0.82764
1076 0.82711
1077 0.82659
1078 0.82606
1079 0.82553
1080 0.82500
1081 0.82447
1082 0.82394
1083 0.82341
1084 0.82288
1085 0.82234
1086 0.82181
1087 0.82127
1088 0.82073
1089 0.82020
1090 0.81966
1091 0.81912
1092 0.81858
1093 0.81804
1094 0.81749
1095 0.81695
1096 0.81641
1097 0.81586
1098 0.81531
1099 0.81477
1100 0.81422
1101 0.81367
1102 0.81312
1103 0.81257
1104 0.81202
1105 0.81147
1106 0.81091
1107 0.81036
1108 0.80980
1109 0.80925
1110 0.80869
1111 0.80813
1112 0.80757
1113 0.80701
1114 0.80645
1115 0.80589
1116 0.80533
1117 0.80476
1118 0.80420
1119 0.80363
1120 0.80307
1121 0.80250
1122 0.80193
1123 0.80136
1124 0.80079
1125 0.80022
1126 0.79965
1127 0.79908
1128 0.79850
1129 0.79793
1130 0.79735
1131 0.79677
1132 0.79620
1133 0.79562
1134 0.79504
1135 0.79446
1136 0.79388
1137 0.79330
1138 0.79271
1139 0.79213
1140 0.79154
1141 0.79096
1142 0.79037
1143 0.78979
1144 0.78920
1145 0.78861
1146 0.78802
1147 0.78743
1148 0.78683
1149 0.78624
1150 0.78565
1151 0.78505
1152 0.78446
1153 0.78386
1154 0.78326
1155 0.78267
1156 0.78207
1157 0.78147
1158 0.78087
1159 0.78026
1160 0.77966
1161 0.77906
1162 0.77845
1163 0.77785
1164 0.77724
1165 0.77664
1166 0.77603
1167 0.77542
1168 0.77481
1169 0.77420
1170 0.77359
1171 0.77297
1172 0.77236
1173 0.77175
1174 0.77113
1175 0.77052
1176 0.76990
1177 0.76928
1178 0.76866
1179 0.76804
1180 0.76742
1181 0.76680
1182 0.76618
1183 0.76556
1184 0.76493
1185 0.76431
1186 0.76369
1187 0.76306
1188 0.76243
1189 0.76180
1190 0.76117
1191 0.76055
1192 0.75991
1193 0.75928
1194 0.75865
1195 0.75802
1196 0.75738
1197 0.75675
1198 0.75611
1199 0.75548
1200 0.75484
1201 0.75420
1202 0.75356
1203 0.75292
1204 0.75228
1205 0.75164
1206 0.75100
1207 0.75035
1208 0.74971
1209 0.74907
1210 0.74842
1211 0.74777
1212 0.74713
1213 0.74648
1214 0.74583
1215 0.74518
1216 1.00000
