17 0.92862
18 0.92254
19 0.91634
20 0.91003
21 0.90361
22 0.89710
23 0.89049
24 0.88380
25 0.87702
26 0.87018
27 0.86327
28 0.85629
29 0.84926
30 0.84218
31 0.83505
32 0.82788
33 0.82067
34 0.81343
35 0.80615
36 0.79885
37 0.79153
38 0.78419
39 0.77683
40 0.76946
41 0.76208
42 0.75470
43 0.74732
44 0.73993
45 0.73255
46 0.72517
47 0.71780
48 0.71044
49 0.70309
50 0.69576
51 0.68845
52 0.68116
53 0.67388
54 0.66663
55 0.65941
56 0.65221
57 0.64504
58 0.63790
59 0.63079
60 0.62372
61 0.61668
62 0.60967
63 0.60271
64 0.59578
65 0.58889
66 0.58204
67 0.57524
68 0.56848
69 0.56176
70 0.55508
71 0.54845
72 0.54187
73 0.53534
74 0.52885
75 0.52241
76 0.51602
77 0.50968
78 0.50339
79 0.49715
80 0.49096
81 0.48483
82 0.47874
83 0.47271
84 0.46673
85 0.46081
86 0.45494
87 0.44912
88 0.44335
89 0.43764
90 0.43199
91 0.42638
92 0.42084
93 0.41534
94 0.40990
95 0.40452
96 0.39919
97 0.39391
98 0.38869
99 0.38353
100 0.37842
101 0.37336
102 0.36836
103 0.36341
104 0.35851
105 0.35367
106 0.34888
107 0.34415
108 0.33947
109 0.33484
110 0.33027
111 0.32574
112 0.32127
113 0.31685
114 0.31249
115 0.30817
116 0.30391
117 0.29970
118 0.29553
119 0.29142
120 0.28736
121 0.28335
122 0.27938
123 0.27547
124 0.27160
125 0.26778
126 0.26401
127 0.26029
128 0.25662
129 0.25299
130 0.24940
131 0.24587
132 0.24238
133 0.23893
134 0.23553
135 0.23217
136 0.22886
137 0.22559
138 0.22236
139 0.21918
140 0.21604
141 0.21294
142 0.20988
143 0.20686
144 0.20389
145 0.20095
146 0.19806
147 0.19520
148 0.19238
149 0.18960
150 0.18686
151 0.18416
152 0.18149
153 0.17886
154 0.17627
155 0.17371
156 0.17119
157 0.16871
158 0.16626
159 0.16384
160 0.16146
161 0.15911
162 0.15679
163 0.15451
164 0.15226
165 0.15004
166 0.14786
167 0.14570
168 0.14358
169 0.14149
170 0.13942
171 0.13739
172 0.13539
173 0.13341
174 0.13146
175 0.12955
176 0.12766
177 0.12579
178 0.12396
179 0.12215
180 0.12037
181 0.11861
182 0.11688
183 0.11518
184 0.11350
185 0.11185
186 0.11022
187 0.10861
188 0.10703
189 0.10547
190 0.10393
191 0.10242
192 0.10093
193 0.09946
194 0.09802
195 0.09659
196 0.09519
197 0.09381
198 0.09245
199 0.09111
200 0.08979
201 0.08849
202 0.08720
203 0.08594
204 0.08470
205 0.08348
206 0.08227
207 0.08108
208 0.07991
209 0.07876
210 0.07763
211 0.07651
212 0.07541
213 0.07433
214 0.07326
215 0.07221
216 0.07118
217 0.07016
218 0.06915
219 0.06816
220 0.06719
221 0.06623
222 0.06529
223 0.06436
224 0.06344
225 0.06254
226 0.06166
227 0.06078
228 0.05992
229 0.05907
230 0.05824
231 0.05742
232 0.05661
233 0.05581
234 0.05503
235 0.05426
236 0.05349
237 0.05275
238 0.05201
239 0.05128
240 0.05057
241 0.04986
242 0.04917
243 0.04849
244 0.04781
245 0.04715
246 0.04650
247 0.04586
248 0.04523
249 0.04460
250 0.04399
251 0.04339
252 0.04279
253 0.04221
254 0.04163
255 0.04106
256 0.04050
257 0.03995
258 0.03941
259 0.03888
260 0.03835
261 0.03784
262 0.03733
263 0.03683
264 0.03633
265 0.03584
266 0.03537
267 0.03489
268 0.03443
269 0.03397
270 0.03352
271 0.03308
272 0.03264
273 0.03221
274 0.03179
275 0.03137
276 0.03096
277 0.03055
278 0.03016
279 0.02976
280 0.02938
281 0.02900
282 0.02862
283 0.02825
284 0.02789
285 0.02753
286 0.02718
287 0.02683
288 0.02649
289 0.02615
290 0.02582
291 0.02549
292 0.02517
293 0.02485
294 0.02454
295 0.02423
296 0.02393
297 0.02363
298 0.02334
299 0.02305
300 0.02276
301 0.02248
302 0.02220
303 0.02193
304 0.02166
305 0.02140
306 0.02114
307 0.02088
308 0.02063
309 0.02038
310 0.02013
311 0.01989
312 0.01965
313 0.01942
314 0.01919
315 0.01896
316 0.01874
317 0.01852
318 0.01830
319 0.01808
320 0.01787
321 0.01766
322 0.01746
323 0.01726
324 0.01706
325 0.01686
326 0.01667
327 0.01648
328 0.01629
329 0.01610
330 0.01592
331 0.01574
332 0.01557
333 0.01539
334 0.01522
335 0.01505
336 0.01488
337 0.01472
338 0.01456
339 0.01440
340 0.01424
341 0.01409
342 0.01393
343 0.01378
344 0.01363
345 0.01349
346 0.01334
347 0.01320
348 0.01306
349 0.01292
350 0.01279
351 0.01265
352 0.01252
353 0.01239
354 0.01226
355 0.01214
356 0.01201
357 0.01189
358 0.01177
359 0.01165
360 0.01153
361 0.01142
362 0.01130
363 0.01119
364 0.01108
365 0.01097
366 0.01086
367 0.01076
368 0.01065
369 0.01055
370 0.01045
371 0.01035
372 0.01025
373 0.01015
374 0.01005
375 0.00996
376 0.00987
377 0.00977
378 0.00968
379 0.00959
380 0.00951
381 0.00942
382 0.00933
383 0.00925
384 0.00916
385 0.00908
386 0.00900
387 0.00892
388 0.00884
389 0.00877
390 0.00869
391 0.00861
392 0.00854
393 0.00847
394 0.00839
395 0.00832
396 0.00825
397 0.00818
398 0.00812
399 0.00805
400 0.00798
401 0.00792
402 0.00785
403 0.00779
404 0.00773
405 0.00766
406 0.00760
407 0.00754
408 0.00748
409 0.00743
410 0.00737
411 0.00731
412 0.00726
413 0.00720
414 0.00715
415 0.00709
416 0.00704
417 0.00699
418 0.00694
419 0.00689
420 0.00684
421 0.00679
422 0.00674
423 0.00669
424 0.00665
425 0.00660
426 0.00655
427 0.00651
428 0.00646
429 0.00642
430 0.00638
431 0.00633
432 0.00629
433 0.00625
434 0.00621
435 0.00617
436 0.00613
437 0.00609
438 0.00606
439 0.00602
440 0.00598
441 0.00594
442 0.00591
443 0.00587
444 0.00584
445 0.00580
446 0.00577
447 0.00573
448 0.00570
449 0.00567
450 0.00564
451 0.00561
452 0.00557
453 0.00554
454 0.00551
455 0.00548
456 0.00545
457 0.00543
458 0.00540
459 0.00537
460 0.00534
461 0.00531
462 0.00529
463 0.00526
464 0.00524
465 0.00521
466 0.00519
467 0.00516
468 0.00514
469 0.00511
470 0.00509
471 0.00507
472 0.00504
473 0.00502
474 0.00500
475 0.00498
476 0.00496
477 0.00494
478 0.00492
479 0.00490
480 0.00488
481 0.00486
482 0.00484
483 0.00482
484 0.00480
485 0.00478
486 0.00476
487 0.00475
488 0.00473
489 0.00471
490 0.00470
491 0.00468
492 0.00467
493 0.00465
494 0.00464
495 0.00462
496 0.00461
497 0.00459
498 0.00458
499 0.00457
500 0.00455
501 0.00454
502 0.00453
503 0.00451
504 0.00450
505 0.00449
506 0.00448
507 0.00447
508 0.00446
509 0.00445
510 0.00444
511 0.00443
512 0.00442
513 0.00441
514 0.00440
515 0.00439
516 0.00438
517 0.00437
518 0.00437
519 0.00436
520 0.00435
521 0.00434
522 0.00434
523 0.00433
524 0.00432
525 0.00432
526 0.00431
527 0.00431
528 0.00430
529 0.00430
530 0.00429
531 0.00429
532 0.00428
533 0.00428
534 0.00428
535 0.00427
536 0.00427
537 0.00427
538 0.00427
539 0.00426
540 0.00426
541 0.00426
542 0.00426
543 0.00426
544 0.00426
545 0.00426
546 0.00426
547 0.00426
548 0.00426
549 0.00426
550 0.00426
551 0.00426
552 0.00426
553 0.00426
554 0.00427
555 0.00427
556 0.00427
557 0.00427
558 0.00428
559 0.00428
560 0.00428
561 0.00429
562 0.00429
563 0.00430
564 0.00430
565 0.00431
566 0.00431
567 0.00432
568 0.00432
569 0.00433
570 0.00434
571 0.00434
572 0.00435
573 0.00436
574 0.00437
575 0.00437
576 0.00438
577 0.00439
578 0.00440
579 0.00441
580 0.00442
581 0.00443
582 0.00444
583 0.00445
584 0.00446
585 0.00447
586 0.00448
587 0.00449
588 0.00451
589 0.00452
590 0.00453
591 0.00454
592 0.00456
593 0.00457
594 0.00458
595 0.00460
596 0.00461
597 0.00462
598 0.00464
599 0.00465
600 0.00467
601 0.00469
602 0.00470
603 0.00472
604 0.00474
605 0.00475
606 0.00477
607 0.00479
608 0.00481
609 0.00483
610 0.00485
611 0.00487
612 0.00489
613 0.00491
614 0.00493
615 0.00495
616 0.00497
617 0.00500
618 0.00502
619 0.00504
620 0.00507
621 0.00509
622 0.00512
623 0.00514
624 0.00517
625 0.00519
626 0.00522
627 0.00525
628 0.00528
629 0.00530
630 0.00533
631 0.00536
632 0.00539
633 0.00542
634 0.00545
635 0.00548
636 0.00552
637 0.00555
638 0.00558
639 0.00562
640 0.00565
641 0.00569
642 0.00572
643 0.00576
644 0.00579
645 0.00583
646 0.00587
647 0.00591
648 0.00595
649 0.00599
650 0.00603
651 0.00607
652 0.00611
653 0.00616
654 0.00620
655 0.00625
656 0.00629
657 0.00634
658 0.00639
659 0.00643
660 0.00648
661 0.00653
662 0.00658
663 0.00663
664 0.00669
665 0.00674
666 0.00679
667 0.00685
668 0.00690
669 0.00696
670 0.00702
671 0.00708
672 0.00714
673 0.00720
674 0.00726
675 0.00732
676 0.00739
677 0.00745
678 0.00752
679 0.00758
680 0.00765
681 0.00772
682 0.00779
683 0.00787
684 0.00794
685 0.00801
686 0.00809
687 0.00817
688 0.00825
689 0.00833
690 0.00841
691 0.00849
692 0.00858
693 0.00866
694 0.00875
695 0.00884
696 0.00893
697 0.00902
698 0.00911
699 0.00921
700 0.00931
701 0.00940
702 0.00950
703 0.00961
704 0.00971
705 0.00982
706 0.00992
707 0.01003
708 0.01015
709 0.01026
710 0.01038
711 0.01049
712 0.01061
713 0.01074
714 0.01086
715 0.01099
716 0.01112
717 0.01125
718 0.01138
719 0.01152
720 0.01166
721 0.01180
722 0.01194
723 0.01209
724 0.01224
725 0.01239
726 0.01255
727 0.01270
728 0.01287
729 0.01303
730 0.01320
731 0.01337
732 0.01354
733 0.01372
734 0.01390
735 0.01408
736 0.01427
737 0.01446
738 0.01465
739 0.01485
740 0.01505
741 0.01526
742 0.01547
743 0.01568
744 0.01590
745 0.01613
746 0.01635
747 0.01658
748 0.01682
749 0.01706
750 0.01731
751 0.01756
752 0.01781
753 0.01807
754 0.01834
755 0.01861
756 0.01889
757 0.01917
758 0.01946
759 0.01975
760 0.02005
761 0.02036
762 0.02067
763 0.02099
764 0.02132
765 0.02165
766 0.02199
767 0.02233
768 0.02269
769 0.02305
770 0.02342
771 0.02379
772 0.02418
773 0.02457
774 0.02497
775 0.02538
776 0.02580
777 0.02623
778 0.02666
779 0.02711
780 0.02756
781 0.02803
782 0.02851
783 0.02899
784 0.02949
785 0.03000
786 0.03051
787 0.03104
788 0.03159
789 0.03214
790 0.03271
791 0.03329
792 0.03388
793 0.03448
794 0.03510
795 0.03573
796 0.03638
797 0.03704
798 0.03772
799 0.03841
800 0.03912
801 0.03985
802 0.04059
803 0.04135
804 0.04212
805 0.04292
806 0.04373
807 0.04456
808 0.04541
809 0.04629
810 0.04718
811 0.04809
812 0.04903
813 0.04998
814 0.05096
815 0.05197
816 0.05300
817 0.05405
818 0.05513
819 0.05623
820 0.05736
821 0.05852
822 0.05971
823 0.06092
824 0.06217
825 0.06344
826 0.06475
827 0.06609
828 0.06747
829 0.06888
830 0.07032
831 0.07180
832 0.07332
833 0.07487
834 0.07647
835 0.07810
836 0.07978
837 0.08150
838 0.08326
839 0.08507
840 0.08693
841 0.08883
842 0.09078
843 0.09279
844 0.09484
845 0.09695
846 0.09912
847 0.10134
848 0.10362
849 0.10596
850 0.10836
851 0.11083
852 0.11336
853 0.11596
854 0.11863
855 0.12137
856 0.12418
857 0.12707
858 0.13004
859 0.13309
860 0.13623
861 0.13944
862 0.14275
863 0.14615
864 0.14964
865 0.15323
866 0.15692
867 0.16070
868 0.16460
869 0.16860
870 0.17272
871 0.17695
872 0.18130
873 0.18578
874 0.19038
875 0.19511
876 0.19998
877 0.20499
878 0.21014
879 0.21543
880 0.22088
881 0.22649
882 0.23226
883 0.23820
884 0.24431
885 0.25060
886 0.25707
887 0.26373
888 0.27059
889 0.27766
890 0.28493
891 0.29241
892 0.30012
893 0.30806
894 0.31624
895 0.32467
896 0.33334
897 0.34228
898 0.35149
899 0.36098
900 0.37076
901 0.38083
902 0.39122
903 0.40192
904 0.41295
905 0.42432
906 0.43605
907 0.44813
908 0.46060
909 0.47345
910 0.48670
911 0.50037
912 0.51134
913 0.51609
914 0.52155
915 0.52694
916 0.53050
917 0.53222
918 0.53448
919 0.53743
920 0.54129
921 0.54637
922 0.54508
923 0.54379
924 0.55058
925 0.54929
926 0.54801
927 0.55727
928 0.55600
929 0.55473
930 0.55347
931 0.56648
932 0.56524
933 0.56399
934 0.56274
935 0.56149
936 0.56024
937 0.55899
938 0.57818
939 0.57697
940 0.57575
941 0.57453
942 0.57331
943 0.57209
944 0.57086
945 0.56964
946 0.56842
947 0.56719
948 0.56597
949 0.56474
950 0.59511
951 0.59393
952 0.59276
953 0.59159
954 0.59041
955 0.58924
956 0.58806
957 0.58688
958 0.58570
959 0.58452
960 0.58334
961 0.58216
962 0.58098
963 0.57980
964 0.57861
965 0.57743
966 0.57624
967 0.57506
968 0.57387
969 0.57268
970 0.57150
971 0.57031
972 0.56912
973 0.62306
974 0.62197
975 0.62088
976 0.61978
977 0.61869
978 0.61759
979 0.61649
980 0.61540
981 0.61430
982 0.61320
983 0.61209
984 0.61099
985 0.60989
986 0.60878
987 0.60768
988 0.60657
989 0.60547
990 0.60436
991 0.60325
992 0.60214
993 0.60103
994 0.59992
995 0.59881
996 0.59769
997 0.59658
998 0.59546
999 0.59435
1000 0.59323
1001 0.59212
1002 0.59100
1003 0.58988
1004 0.58876
1005 0.58764
1006 0.58652
1007 0.58540
1008 0.58427
1009 0.58315
1010 0.58203
1011 0.58090
1012 0.57978
1013 0.57865
1014 0.57752
1015 0.57639
1016 0.57527
1017 0.57414
1018 0.57301
1019 0.57188
1020 0.57075
1021 0.56961
1022 0.56848
1023 0.56735
1024 0.56622
1025 0.56508
1026 0.68470
1027 0.68379
1028 0.68288
1029 0.68196
1030 0.68105
1031 0.68013
1032 0.67922
1033 0.67830
1034 0.67738
1035 0.67646
1036 0.67554
1037 0.67461
1038 0.67369
1039 0.67277
1040 0.67184
1041 0.67091
1042 0.66998
1043 0.66906
1044 0.66813
1045 0.66720
1046 0.66626
1047 0.66533
1048 0.66440
1049 0.66346
1050 0.66253
1051 0.66159
1052 0.66065
1053 0.65971
1054 0.65877
1055 0.65783
1056 0.65689
1057 0.65595
1058 0.65500
1059 0.65406
1060 0.65311
1061 0.65216
1062 0.65122
1063 0.65027
1064 0.64932
1065 0.64837
1066 0.64742
1067 0.64646
1068 0.64551
1069 0.64456
1070 0.64360
1071 0.64265
1072 0.64169
1073 0.64073
1074 0.63977
1075 0.63881
1076 0.63785
1077 0.63689
1078 0.63593
1079 0.63497
1080 0.63400
1081 0.63304
1082 0.63207
1083 0.63110
1084 0.63014
1085 0.62917
1086 0.62820
1087 0.62723
1088 0.62626
1089 0.62529
1090 0.62432
1091 0.62334
1092 0.62237
1093 0.62139
1094 0.62042
1095 0.61944
1096 0.61846
1097 0.61749
1098 0.61651
1099 0.61553
1100 0.61455
1101 0.61357
1102 0.61259
1103 0.61160
1104 0.61062
1105 0.60964
1106 0.60865
1107 0.60767
1108 0.60668
1109 0.60569
1110 0.60471
1111 0.60372
1112 0.60273
1113 0.60174
1114 0.60075
1115 0.59976
1116 0.59877
1117 0.59777
1118 0.59678
1119 0.59579
1120 0.59479
1121 0.59380
1122 0.59280
1123 0.59181
1124 0.59081
1125 0.58981
1126 0.58881
1127 0.58781
1128 0.58681
1129 0.58581
1130 0.58481
1131 0.58381
1132 0.58281
1133 0.58181
1134 0.58081
1135 0.57980
1136 0.57880
1137 0.57779
1138 0.57679
1139 0.57578
1140 0.57478
1141 0.57377
1142 0.57276
1143 0.57175
1144 0.57075
1145 0.56974
1146 0.56873
1147 0.56772
1148 0.56671
1149 0.56570
1150 0.56469
1151 0.56367
1152 0.56266
1153 0.56165
1154 0.56063
1155 0.55962
1156 0.55861
1157 0.55759
1158 0.55658
1159 0.55556
1160 0.55455
1161 0.55353
1162 0.55251
1163 0.55150
1164 0.55048
1165 0.54946
1166 0.54844
1167 0.54742
1168 0.54640
1169 0.54538
1170 0.54436
1171 0.54334
1172 0.54232
1173 0.54130
1174 0.54028
1175 0.53926
1176 0.53824
1177 0.53722
1178 0.53619
1179 0.53517
1180 0.53415
1181 0.53312
1182 0.53210
1183 0.53107
1184 0.53005
1185 0.52903
1186 0.52800
1187 0.52698
1188 0.52595
1189 0.52492
1190 0.52390
1191 0.52287
1192 0.52185
1193 0.52082
1194 0.51979
1195 0.51877
1196 0.51774
1197 0.51671
1198 0.51568
1199 0.51466
1200 0.51363
1201 0.51260
1202 0.51157
1203 0.51054
1204 0.50951
1205 0.50848
1206 0.50746
1207 0.50643
1208 0.50540
1209 0.50437
1210 0.50334
1211 0.50231
1212 0.50128
1213 0.50025
1214 0.49922
1215 0.49819
1216 1.00000
