17 0.87005
18 0.85913
19 0.84804
20 0.83680
21 0.82541
22 0.81390
23 0.80229
24 0.79059
25 0.77881
26 0.76696
27 0.75507
28 0.74314
29 0.73119
30 0.71922
31 0.70725
32 0.69529
33 0.68335
34 0.67143
35 0.65955
36 0.64772
37 0.63593
38 0.62421
39 0.61255
40 0.60096
41 0.58946
42 0.57804
43 0.56671
44 0.55548
45 0.54435
46 0.53333
47 0.52241
48 0.51161
49 0.50093
50 0.49037
51 0.47994
52 0.46963
53 0.45946
54 0.44941
55 0.43950
56 0.42973
57 0.42010
58 0.41060
59 0.40125
60 0.39204
61 0.38297
62 0.37405
63 0.36527
64 0.35664
65 0.34815
66 0.33981
67 0.33161
68 0.32355
69 0.31565
70 0.30788
71 0.30026
72 0.29279
73 0.28545
74 0.27826
75 0.27121
76 0.26430
77 0.25753
78 0.25089
79 0.24439
80 0.23803
81 0.23180
82 0.22570
83 0.21973
84 0.21390
85 0.20819
86 0.20260
87 0.19714
88 0.19181
89 0.18659
90 0.18150
91 0.17652
92 0.17165
93 0.16691
94 0.16227
95 0.15775
96 0.15333
97 0.14902
98 0.14481
99 0.14071
100 0.13671
101 0.13281
102 0.12901
103 0.12530
104 0.12169
105 0.11817
106 0.11473
107 0.11139
108 0.10814
109 0.10497
110 0.10188
111 0.09887
112 0.09595
113 0.09310
114 0.09033
115 0.08763
116 0.08501
117 0.08246
118 0.07997
119 0.07756
120 0.07521
121 0.07293
122 0.07071
123 0.06855
124 0.06646
125 0.06442
126 0.06244
127 0.06052
128 0.05865
129 0.05683
130 0.05507
131 0.05336
132 0.05170
133 0.05008
134 0.04852
135 0.04700
136 0.04552
137 0.04409
138 0.04270
139 0.04135
140 0.04004
141 0.03877
142 0.03754
143 0.03635
144 0.03519
145 0.03407
146 0.03298
147 0.03192
148 0.03090
149 0.02990
150 0.02894
151 0.02801
152 0.02710
153 0.02623
154 0.02538
155 0.02456
156 0.02376
157 0.02299
158 0.02224
159 0.02151
160 0.02081
161 0.02013
162 0.01948
163 0.01884
164 0.01822
165 0.01762
166 0.01704
167 0.01648
168 0.01594
169 0.01542
170 0.01491
171 0.01442
172 0.01394
173 0.01348
174 0.01303
175 0.01260
176 0.01218
177 0.01178
178 0.01139
179 0.01101
180 0.01064
181 0.01029
182 0.00995
183 0.00962
184 0.00930
185 0.00899
186 0.00869
187 0.00840
188 0.00812
189 0.00785
190 0.00758
191 0.00733
192 0.00708
193 0.00685
194 0.00662
195 0.00640
196 0.00618
197 0.00597
198 0.00577
199 0.00558
200 0.00539
201 0.00521
202 0.00504
203 0.00487
204 0.00471
205 0.00455
206 0.00440
207 0.00425
208 0.00411
209 0.00397
210 0.00383
211 0.00371
212 0.00358
213 0.00346
214 0.00334
215 0.00323
216 0.00312
217 0.00302
218 0.00292
219 0.00282
220 0.00273
221 0.00263
222 0.00255
223 0.00246
224 0.00238
225 0.00230
226 0.00222
227 0.00215
228 0.00208
229 0.00201
230 0.00194
231 0.00187
232 0.00181
233 0.00175
234 0.00169
235 0.00164
236 0.00158
237 0.00153
238 0.00148
239 0.00143
240 0.00138
241 0.00134
242 0.00129
243 0.00125
244 0.00121
245 0.00117
246 0.00113
247 0.00109
248 0.00105
249 0.00102
250 0.00099
251 0.00095
252 0.00092
253 0.00089
254 0.00086
255 0.00083
256 0.00081
257 0.00078
258 0.00075
259 0.00073
260 0.00071
261 0.00068
262 0.00066
263 0.00064
264 0.00062
265 0.00060
266 0.00058
267 0.00056
268 0.00054
269 0.00052
270 0.00051
271 0.00049
272 0.00048
273 0.00046
274 0.00044
275 0.00043
276 0.00042
277 0.00040
278 0.00039
279 0.00038
280 0.00037
281 0.00035
282 0.00034
283 0.00033
284 0.00032
285 0.00031
286 0.00030
287 0.00029
288 0.00028
289 0.00027
290 0.00027
291 0.00026
292 0.00025
293 0.00024
294 0.00023
295 0.00023
296 0.00022
297 0.00021
298 0.00021
299 0.00020
300 0.00019
301 0.00019
302 0.00018
303 0.00018
304 0.00017
305 0.00017
306 0.00016
307 0.00016
308 0.00015
309 0.00015
310 0.00014
311 0.00014
312 0.00013
313 0.00013
314 0.00013
315 0.00012
316 0.00012
317 0.00011
318 0.00011
319 0.00011
320 0.00010
321 0.00010
322 0.00010
323 0.00010
324 0.00009
325 0.00009
326 0.00009
327 0.00008
328 0.00008
329 0.00008
330 0.00008
331 0.00008
332 0.00007
333 0.00007
334 0.00007
335 0.00007
336 0.00007
337 0.00006
338 0.00006
339 0.00006
340 0.00006
341 0.00006
342 0.00005
343 0.00005
344 0.00005
345 0.00005
346 0.00005
347 0.00005
348 0.00005
349 0.00004
350 0.00004
351 0.00004
352 0.00004
353 0.00004
354 0.00004
355 0.00004
356 0.00004
357 0.00004
358 0.00004
359 0.00003
360 0.00003
361 0.00003
362 0.00003
363 0.00003
364 0.00003
365 0.00003
366 0.00003
367 0.00003
368 0.00003
369 0.00003
370 0.00003
371 0.00002
372 0.00002
373 0.00002
374 0.00002
375 0.00002
376 0.00002
377 0.00002
378 0.00002
379 0.00002
380 0.00002
381 0.00002
382 0.00002
383 0.00002
384 0.00002
385 0.00002
386 0.00002
387 0.00002
388 0.00002
389 0.00002
390 0.00002
391 0.00002
392 0.00001
393 0.00001
394 0.00001
395 0.00001
396 0.00001
397 0.00001
398 0.00001
399 0.00001
400 0.00001
401 0.00001
402 0.00001
403 0.00001
404 0.00001
405 0.00001
406 0.00001
407 0.00001
408 0.00001
409 0.00001
410 0.00001
411 0.00001
412 0.00001
413 0.00001
414 0.00001
415 0.00001
416 0.00001
417 0.00001
418 0.00001
419 0.00001
420 0.00001
421 0.00001
422 0.00001
423 0.00001
424 0.00001
425 0.00001
426 0.00001
427 0.00001
428 0.00001
429 0.00001
430 0.00001
431 0.00001
432 0.00001
433 0.00001
434 0.00001
435 0.00001
436 0.00001
437 0.00001
438 0.00001
439 0.00001
440 0.00001
441 0.00001
442 0.00001
443 0.00000
444 0.00000
445 0.00000
446 0.00000
447 0.00000
448 0.00000
449 0.00000
450 0.00000
451 0.00000
452 0.00000
453 0.00000
454 0.00000
455 0.00000
456 0.00000
457 0.00000
458 0.00000
459 0.00000
460 0.00000
461 0.00000
462 0.00000
463 0.00000
464 0.00000
465 0.00000
466 0.00000
467 0.00000
468 0.00000
469 0.00000
470 0.00000
471 0.00000
472 0.00000
473 0.00000
474 0.00000
475 0.00000
476 0.00000
477 0.00000
478 0.00000
479 0.00000
480 0.00000
481 0.00000
482 0.00000
483 0.00000
484 0.00000
485 0.00000
486 0.00000
487 0.00000
488 0.00000
489 0.00000
490 0.00000
491 0.00000
492 0.00000
493 0.00000
494 0.00000
495 0.00000
496 0.00000
497 0.00000
498 0.00000
499 0.00000
500 0.00000
501 0.00000
502 0.00000
503 0.00000
504 0.00000
505 0.00000
506 0.00000
507 0.00000
508 0.00000
509 0.00000
510 0.00000
511 0.00000
512 0.00000
513 0.00000
514 0.00000
515 0.00000
516 0.00000
517 0.00000
518 0.00000
519 0.00000
520 0.00000
521 0.00000
522 0.00000
523 0.00000
524 0.00000
525 0.00000
526 0.00000
527 0.00000
528 0.00000
529 0.00000
530 0.00000
531 0.00000
532 0.00000
533 0.00000
534 0.00000
535 0.00000
536 0.00000
537 0.00000
538 0.00000
539 0.00000
540 0.00000
541 0.00000
542 0.00000
543 0.00000
544 0.00000
545 0.00000
546 0.00000
547 0.00000
548 0.00000
549 0.00000
550 0.00000
551 0.00000
552 0.00000
553 0.00000
554 0.00000
555 0.00000
556 0.00000
557 0.00000
558 0.00000
559 0.00000
560 0.00000
561 0.00000
562 0.00000
563 0.00000
564 0.00000
565 0.00000
566 0.00000
567 0.00000
568 0.00000
569 0.00000
570 0.00000
571 0.00000
572 0.00000
573 0.00000
574 0.00000
575 0.00000
576 0.00000
577 0.00000
578 0.00000
579 0.00000
580 0.00000
581 0.00000
582 0.00000
583 0.00000
584 0.00000
585 0.00000
586 0.00000
587 0.00000
588 0.00000
589 0.00000
590 0.00000
591 0.00000
592 0.00000
593 0.00000
594 0.00000
595 0.00000
596 0.00000
597 0.00000
598 0.00000
599 0.00000
600 0.00000
601 0.00000
602 0.00000
603 0.00000
604 0.00000
605 0.00000
606 0.00000
607 0.00000
608 0.00000
609 0.00000
610 0.00000
611 0.00000
612 0.00000
613 0.00000
614 0.00000
615 0.00000
616 0.00000
617 0.00000
618 0.00000
619 0.00000
620 0.00000
621 0.00000
622 0.00000
623 0.00000
624 0.00000
625 0.00000
626 0.00000
627 0.00000
628 0.00000
629 0.00000
630 0.00000
631 0.00000
632 0.00000
633 0.00000
634 0.00000
635 0.00000
636 0.00000
637 0.00000
638 0.00000
639 0.00000
640 0.00000
641 0.00000
642 0.00000
643 0.00000
644 0.00000
645 0.00000
646 0.00000
647 0.00000
648 0.00000
649 0.00000
650 0.00000
651 0.00000
652 0.00000
653 0.00000
654 0.00000
655 0.00000
656 0.00000
657 0.00000
658 0.00000
659 0.00000
660 0.00000
661 0.00000
662 0.00000
663 0.00000
664 0.00000
665 0.00000
666 0.00000
667 0.00000
668 0.00000
669 0.00000
670 0.00000
671 0.00000
672 0.00000
673 0.00000
674 0.00000
675 0.00000
676 0.00000
677 0.00000
678 0.00000
679 0.00000
680 0.00000
681 0.00000
682 0.00000
683 0.00000
684 0.00000
685 0.00000
686 0.00000
687 0.00001
688 0.00001
689 0.00001
690 0.00001
691 0.00001
692 0.00001
693 0.00001
694 0.00001
695 0.00001
696 0.00001
697 0.00001
698 0.00001
699 0.00001
700 0.00001
701 0.00001
702 0.00001
703 0.00001
704 0.00001
705 0.00001
706 0.00001
707 0.00001
708 0.00001
709 0.00001
710 0.00001
711 0.00001
712 0.00001
713 0.00001
714 0.00001
715 0.00001
716 0.00001
717 0.00001
718 0.00001
719 0.00001
720 0.00001
721 0.00001
722 0.00001
723 0.00001
724 0.00001
725 0.00001
726 0.00001
727 0.00001
728 0.00001
729 0.00002
730 0.00002
731 0.00002
732 0.00002
733 0.00002
734 0.00002
735 0.00002
736 0.00002
737 0.00002
738 0.00002
739 0.00002
740 0.00002
741 0.00002
742 0.00002
743 0.00002
744 0.00003
745 0.00003
746 0.00003
747 0.00003
748 0.00003
749 0.00003
750 0.00003
751 0.00003
752 0.00003
753 0.00003
754 0.00004
755 0.00004
756 0.00004
757 0.00004
758 0.00004
759 0.00004
760 0.00005
761 0.00005
762 0.00005
763 0.00005
764 0.00005
765 0.00006
766 0.00006
767 0.00006
768 0.00006
769 0.00006
770 0.00007
771 0.00007
772 0.00007
773 0.00008
774 0.00008
775 0.00008
776 0.00009
777 0.00009
778 0.00009
779 0.00010
780 0.00010
781 0.00011
782 0.00011
783 0.00012
784 0.00012
785 0.00013
786 0.00013
787 0.00014
788 0.00014
789 0.00015
790 0.00016
791 0.00017
792 0.00017
793 0.00018
794 0.00019
795 0.00020
796 0.00021
797 0.00022
798 0.00023
799 0.00024
800 0.00025
801 0.00026
802 0.00028
803 0.00029
804 0.00031
805 0.00032
806 0.00034
807 0.00035
808 0.00037
809 0.00039
810 0.00041
811 0.00043
812 0.00046
813 0.00048
814 0.00050
815 0.00053
816 0.00056
817 0.00059
818 0.00062
819 0.00065
820 0.00069
821 0.00073
822 0.00077
823 0.00081
824 0.00085
825 0.00090
826 0.00095
827 0.00100
828 0.00106
829 0.00112
830 0.00118
831 0.00125
832 0.00132
833 0.00140
834 0.00148
835 0.00156
836 0.00165
837 0.00175
838 0.00185
839 0.00196
840 0.00208
841 0.00220
842 0.00234
843 0.00248
844 0.00263
845 0.00279
846 0.00296
847 0.00314
848 0.00333
849 0.00354
850 0.00375
851 0.00399
852 0.00424
853 0.00451
854 0.00479
855 0.00509
856 0.00542
857 0.00577
858 0.00614
859 0.00653
860 0.00696
861 0.00741
862 0.00790
863 0.00841
864 0.00897
865 0.00956
866 0.01020
867 0.01088
868 0.01161
869 0.01240
870 0.01323
871 0.01413
872 0.01510
873 0.01613
874 0.01724
875 0.01844
876 0.01971
877 0.02109
878 0.02256
879 0.02415
880 0.02585
881 0.02768
882 0.02965
883 0.03177
884 0.03405
885 0.03650
886 0.03914
887 0.04198
888 0.04504
889 0.04833
890 0.05188
891 0.05570
892 0.05983
893 0.06427
894 0.06907
895 0.07424
896 0.07982
897 0.08585
898 0.09236
899 0.09938
900 0.10697
901 0.11517
902 0.12404
903 0.13362
904 0.14398
905 0.15519
906 0.16731
907 0.18044
908 0.19465
909 0.21003
910 0.22669
911 0.24474
912 0.25998
913 0.26488
914 0.27056
915 0.27623
916 0.28001
917 0.28184
918 0.28425
919 0.28743
920 0.29161
921 0.29716
922 0.29573
923 0.29431
924 0.30178
925 0.30035
926 0.29892
927 0.30922
928 0.30779
929 0.30637
930 0.30494
931 0.31962
932 0.31819
933 0.31677
934 0.31534
935 0.31392
936 0.31250
937 0.31108
938 0.33306
939 0.33164
940 0.33022
941 0.32880
942 0.32738
943 0.32597
944 0.32456
945 0.32314
946 0.32173
947 0.32033
948 0.31892
949 0.31751
950 0.35299
951 0.35158
952 0.35018
953 0.34878
954 0.34737
955 0.34597
956 0.34457
957 0.34318
958 0.34178
959 0.34038
960 0.33899
961 0.33760
962 0.33621
963 0.33482
964 0.33343
965 0.33204
966 0.33066
967 0.32927
968 0.32789
969 0.32651
970 0.32513
971 0.32375
972 0.32237
973 0.38718
974 0.38581
975 0.38444
976 0.38308
977 0.38171
978 0.38035
979 0.37899
980 0.37762
981 0.37626
982 0.37490
983 0.37354
984 0.37219
985 0.37083
986 0.36947
987 0.36812
988 0.36676
989 0.36541
990 0.36406
991 0.36271
992 0.36136
993 0.36001
994 0.35866
995 0.35731
996 0.35597
997 0.35462
998 0.35328
999 0.35194
1000 0.35059
1001 0.34925
1002 0.34791
1003 0.34657
1004 0.34524
1005 0.34390
1006 0.34256
1007 0.34123
1008 0.33990
1009 0.33856
1010 0.33723
1011 0.33590
1012 0.33457
1013 0.33324
1014 0.33191
1015 0.33059
1016 0.32926
1017 0.32794
1018 0.32661
1019 0.32529
1020 0.32397
1021 0.32265
1022 0.32133
1023 0.32001
1024 0.31869
1025 0.31737
1026 0.46800
1027 0.46675
1028 0.46550
1029 0.46425
1030 0.46301
1031 0.46176
1032 0.46051
1033 0.45926
1034 0.45801
1035 0.45677
1036 0.45552
1037 0.45427
1038 0.45303
1039 0.45178
1040 0.45054
1041 0.44929
1042 0.44804
1043 0.44680
1044 0.44555
1045 0.44431
1046 0.44307
1047 0.44182
1048 0.44058
1049 0.43934
1050 0.43809
1051 0.43685
1052 0.43561
1053 0.43437
1054 0.43313
1055 0.43189
1056 0.43065
1057 0.42941
1058 0.42817
1059 0.42693
1060 0.42570
1061 0.42446
1062 0.42322
1063 0.42199
1064 0.42075
1065 0.41951
1066 0.41828
1067 0.41705
1068 0.41581
1069 0.41458
1070 0.41335
1071 0.41212
1072 0.41089
1073 0.40966
1074 0.40843
1075 0.40720
1076 0.40597
1077 0.40474
1078 0.40351
1079 0.40229
1080 0.40106
1081 0.39984
1082 0.39861
1083 0.39739
1084 0.39617
1085 0.39495
1086 0.39373
1087 0.39251
1088 0.39129
1089 0.39007
1090 0.38885
1091 0.38763
1092 0.38642
1093 0.38520
1094 0.38399
1095 0.38277
1096 0.38156
1097 0.38035
1098 0.37914
1099 0.37793
1100 0.37672
1101 0.37551
1102 0.37430
1103 0.37309
1104 0.37189
1105 0.37068
1106 0.36948
1107 0.36828
1108 0.36707
1109 0.36587
1110 0.36467
1111 0.36347
1112 0.36228
1113 0.36108
1114 0.35988
1115 0.35869
1116 0.35749
1117 0.35630
1118 0.35511
1119 0.35392
1120 0.35273
1121 0.35154
1122 0.35035
1123 0.34916
1124 0.34798
1125 0.34679
1126 0.34561
1127 0.34442
1128 0.34324
1129 0.34206
1130 0.34088
1131 0.33970
1132 0.33853
1133 0.33735
1134 0.33617
1135 0.33500
1136 0.33383
1137 0.33265
1138 0.33148
1139 0.33031
1140 0.32914
1141 0.32798
1142 0.32681
1143 0.32564
1144 0.32448
1145 0.32332
1146 0.32215
1147 0.32099
1148 0.31983
1149 0.31867
1150 0.31752
1151 0.31636
1152 0.31520
1153 0.31405
1154 0.31290
1155 0.31174
1156 0.31059
1157 0.30944
1158 0.30829
1159 0.30715
1160 0.30600
1161 0.30485
1162 0.30371
1163 0.30256
1164 0.30142
1165 0.30028
1166 0.29914
1167 0.29800
1168 0.29686
1169 0.29572
1170 0.29459
1171 0.29345
1172 0.29232
1173 0.29118
1174 0.29005
1175 0.28892
1176 0.28779
1177 0.28666
1178 0.28553
1179 0.28440
1180 0.28328
1181 0.28215
1182 0.28103
1183 0.27990
1184 0.27878
1185 0.27766
1186 0.27654
1187 0.27541
1188 0.27429
1189 0.27318
1190 0.27206
1191 0.27094
1192 0.26982
1193 0.26871
1194 0.26759
1195 0.26648
1196 0.26536
1197 0.26425
1198 0.26314
1199 0.26203
1200 0.26092
1201 0.25980
1202 0.25869
1203 0.25758
1204 0.25648
1205 0.25537
1206 0.25426
1207 0.25315
1208 0.25204
1209 0.25094
1210 0.24983
1211 0.24872
1212 0.24762
1213 0.24651
1214 0.24541
1215 0.24430
1216 1.00000
