17 0.81623
18 0.80137
19 0.78636
20 0.77124
21 0.75603
22 0.74075
23 0.72544
24 0.71011
25 0.69479
26 0.67949
27 0.66424
28 0.64906
29 0.63396
30 0.61896
31 0.60406
32 0.58930
33 0.57467
34 0.56019
35 0.54587
36 0.53172
37 0.51776
38 0.50398
39 0.49039
40 0.47701
41 0.46384
42 0.45088
43 0.43814
44 0.42562
45 0.41332
46 0.40126
47 0.38943
48 0.37783
49 0.36647
50 0.35535
51 0.34446
52 0.33381
53 0.32340
54 0.31323
55 0.30329
56 0.29359
57 0.28412
58 0.27489
59 0.26589
60 0.25711
61 0.24856
62 0.24024
63 0.23214
64 0.22426
65 0.21659
66 0.20913
67 0.20189
68 0.19485
69 0.18801
70 0.18137
71 0.17493
72 0.16868
73 0.16262
74 0.15674
75 0.15104
76 0.14552
77 0.14018
78 0.13500
79 0.12999
80 0.12513
81 0.12044
82 0.11590
83 0.11151
84 0.10727
85 0.10316
86 0.09920
87 0.09537
88 0.09168
89 0.08811
90 0.08466
91 0.08134
92 0.07813
93 0.07504
94 0.07206
95 0.06918
96 0.06641
97 0.06374
98 0.06117
99 0.05869
100 0.05631
101 0.05401
102 0.05180
103 0.04967
104 0.04762
105 0.04565
106 0.04376
107 0.04194
108 0.04019
109 0.03850
110 0.03689
111 0.03533
112 0.03384
113 0.03241
114 0.03103
115 0.02971
116 0.02844
117 0.02722
118 0.02605
119 0.02493
120 0.02385
121 0.02282
122 0.02183
123 0.02088
124 0.01997
125 0.01909
126 0.01826
127 0.01746
128 0.01669
129 0.01595
130 0.01525
131 0.01457
132 0.01392
133 0.01331
134 0.01271
135 0.01215
136 0.01160
137 0.01108
138 0.01058
139 0.01011
140 0.00965
141 0.00922
142 0.00880
143 0.00840
144 0.00802
145 0.00766
146 0.00731
147 0.00697
148 0.00666
149 0.00635
150 0.00606
151 0.00578
152 0.00552
153 0.00526
154 0.00502
155 0.00479
156 0.00457
157 0.00436
158 0.00416
159 0.00396
160 0.00378
161 0.00360
162 0.00344
163 0.00328
164 0.00312
165 0.00298
166 0.00284
167 0.00271
168 0.00258
169 0.00246
170 0.00234
171 0.00223
172 0.00213
173 0.00203
174 0.00193
175 0.00184
176 0.00176
177 0.00167
178 0.00160
179 0.00152
180 0.00145
181 0.00138
182 0.00131
183 0.00125
184 0.00119
185 0.00114
186 0.00108
187 0.00103
188 0.00098
189 0.00094
190 0.00089
191 0.00085
192 0.00081
193 0.00077
194 0.00073
195 0.00070
196 0.00067
197 0.00063
198 0.00060
199 0.00058
200 0.00055
201 0.00052
202 0.00050
203 0.00047
204 0.00045
205 0.00043
206 0.00041
207 0.00039
208 0.00037
209 0.00035
210 0.00034
211 0.00032
212 0.00031
213 0.00029
214 0.00028
215 0.00026
216 0.00025
217 0.00024
218 0.00023
219 0.00022
220 0.00021
221 0.00020
222 0.00019
223 0.00018
224 0.00017
225 0.00016
226 0.00015
227 0.00015
228 0.00014
229 0.00013
230 0.00013
231 0.00012
232 0.00012
233 0.00011
234 0.00011
235 0.00010
236 0.00010
237 0.00009
238 0.00009
239 0.00008
240 0.00008
241 0.00008
242 0.00007
243 0.00007
244 0.00006
245 0.00006
246 0.00006
247 0.00006
248 0.00005
249 0.00005
250 0.00005
251 0.00005
252 0.00004
253 0.00004
254 0.00004
255 0.00004
256 0.00004
257 0.00003
258 0.00003
259 0.00003
260 0.00003
261 0.00003
262 0.00003
263 0.00003
264 0.00003
265 0.00002
266 0.00002
267 0.00002
268 0.00002
269 0.00002
270 0.00002
271 0.00002
272 0.00002
273 0.00002
274 0.00002
275 0.00002
276 0.00001
277 0.00001
278 0.00001
279 0.00001
280 0.00001
281 0.00001
282 0.00001
283 0.00001
284 0.00001
285 0.00001
286 0.00001
287 0.00001
288 0.00001
289 0.00001
290 0.00001
291 0.00001
292 0.00001
293 0.00001
294 0.00001
295 0.00001
296 0.00001
297 0.00001
298 0.00001
299 0.00001
300 0.00000
301 0.00000
302 0.00000
303 0.00000
304 0.00000
305 0.00000
306 0.00000
307 0.00000
308 0.00000
309 0.00000
310 0.00000
311 0.00000
312 0.00000
313 0.00000
314 0.00000
315 0.00000
316 0.00000
317 0.00000
318 0.00000
319 0.00000
320 0.00000
321 0.00000
322 0.00000
323 0.00000
324 0.00000
325 0.00000
326 0.00000
327 0.00000
328 0.00000
329 0.00000
330 0.00000
331 0.00000
332 0.00000
333 0.00000
334 0.00000
335 0.00000
336 0.00000
337 0.00000
338 0.00000
339 0.00000
340 0.00000
341 0.00000
342 0.00000
343 0.00000
344 0.00000
345 0.00000
346 0.00000
347 0.00000
348 0.00000
349 0.00000
350 0.00000
351 0.00000
352 0.00000
353 0.00000
354 0.00000
355 0.00000
356 0.00000
357 0.00000
358 0.00000
359 0.00000
360 0.00000
361 0.00000
362 0.00000
363 0.00000
364 0.00000
365 0.00000
366 0.00000
367 0.00000
368 0.00000
369 0.00000
370 0.00000
371 0.00000
372 0.00000
373 0.00000
374 0.00000
375 0.00000
376 0.00000
377 0.00000
378 0.00000
379 0.00000
380 0.00000
381 0.00000
382 0.00000
383 0.00000
384 0.00000
385 0.00000
386 0.00000
387 0.00000
388 0.00000
389 0.00000
390 0.00000
391 0.00000
392 0.00000
393 0.00000
394 0.00000
395 0.00000
396 0.00000
397 0.00000
398 0.00000
399 0.00000
400 0.00000
401 0.00000
402 0.00000
403 0.00000
404 0.00000
405 0.00000
406 0.00000
407 0.00000
408 0.00000
409 0.00000
410 0.00000
411 0.00000
412 0.00000
413 0.00000
414 0.00000
415 0.00000
416 0.00000
417 0.00000
418 0.00000
419 0.00000
420 0.00000
421 0.00000
422 0.00000
423 0.00000
424 0.00000
425 0.00000
426 0.00000
427 0.00000
428 0.00000
429 0.00000
430 0.00000
431 0.00000
432 0.00000
433 0.00000
434 0.00000
435 0.00000
436 0.00000
437 0.00000
438 0.00000
439 0.00000
440 0.00000
441 0.00000
442 0.00000
443 0.00000
444 0.00000
445 0.00000
446 0.00000
447 0.00000
448 0.00000
449 0.00000
450 0.00000
451 0.00000
452 0.00000
453 0.00000
454 0.00000
455 0.00000
456 0.00000
457 0.00000
458 0.00000
459 0.00000
460 0.00000
461 0.00000
462 0.00000
463 0.00000
464 0.00000
465 0.00000
466 0.00000
467 0.00000
468 0.00000
469 0.00000
470 0.00000
471 0.00000
472 0.00000
473 0.00000
474 0.00000
475 0.00000
476 0.00000
477 0.00000
478 0.00000
479 0.00000
480 0.00000
481 0.00000
482 0.00000
483 0.00000
484 0.00000
485 0.00000
486 0.00000
487 0.00000
488 0.00000
489 0.00000
490 0.00000
491 0.00000
492 0.00000
493 0.00000
494 0.00000
495 0.00000
496 0.00000
497 0.00000
498 0.00000
499 0.00000
500 0.00000
501 0.00000
502 0.00000
503 0.00000
504 0.00000
505 0.00000
506 0.00000
507 0.00000
508 0.00000
509 0.00000
510 0.00000
511 0.00000
512 0.00000
513 0.00000
514 0.00000
515 0.00000
516 0.00000
517 0.00000
518 0.00000
519 0.00000
520 0.00000
521 0.00000
522 0.00000
523 0.00000
524 0.00000
525 0.00000
526 0.00000
527 0.00000
528 0.00000
529 0.00000
530 0.00000
531 0.00000
532 0.00000
533 0.00000
534 0.00000
535 0.00000
536 0.00000
537 0.00000
538 0.00000
539 0.00000
540 0.00000
541 0.00000
542 0.00000
543 0.00000
544 0.00000
545 0.00000
546 0.00000
547 0.00000
548 0.00000
549 0.00000
550 0.00000
551 0.00000
552 0.00000
553 0.00000
554 0.00000
555 0.00000
556 0.00000
557 0.00000
558 0.00000
559 0.00000
560 0.00000
561 0.00000
562 0.00000
563 0.00000
564 0.00000
565 0.00000
566 0.00000
567 0.00000
568 0.00000
569 0.00000
570 0.00000
571 0.00000
572 0.00000
573 0.00000
574 0.00000
575 0.00000
576 0.00000
577 0.00000
578 0.00000
579 0.00000
580 0.00000
581 0.00000
582 0.00000
583 0.00000
584 0.00000
585 0.00000
586 0.00000
587 0.00000
588 0.00000
589 0.00000
590 0.00000
591 0.00000
592 0.00000
593 0.00000
594 0.00000
595 0.00000
596 0.00000
597 0.00000
598 0.00000
599 0.00000
600 0.00000
601 0.00000
602 0.00000
603 0.00000
604 0.00000
605 0.00000
606 0.00000
607 0.00000
608 0.00000
609 0.00000
610 0.00000
611 0.00000
612 0.00000
613 0.00000
614 0.00000
615 0.00000
616 0.00000
617 0.00000
618 0.00000
619 0.00000
620 0.00000
621 0.00000
622 0.00000
623 0.00000
624 0.00000
625 0.00000
626 0.00000
627 0.00000
628 0.00000
629 0.00000
630 0.00000
631 0.00000
632 0.00000
633 0.00000
634 0.00000
635 0.00000
636 0.00000
637 0.00000
638 0.00000
639 0.00000
640 0.00000
641 0.00000
642 0.00000
643 0.00000
644 0.00000
645 0.00000
646 0.00000
647 0.00000
648 0.00000
649 0.00000
650 0.00000
651 0.00000
652 0.00000
653 0.00000
654 0.00000
655 0.00000
656 0.00000
657 0.00000
658 0.00000
659 0.00000
660 0.00000
661 0.00000
662 0.00000
663 0.00000
664 0.00000
665 0.00000
666 0.00000
667 0.00000
668 0.00000
669 0.00000
670 0.00000
671 0.00000
672 0.00000
673 0.00000
674 0.00000
675 0.00000
676 0.00000
677 0.00000
678 0.00000
679 0.00000
680 0.00000
681 0.00000
682 0.00000
683 0.00000
684 0.00000
685 0.00000
686 0.00000
687 0.00000
688 0.00000
689 0.00000
690 0.00000
691 0.00000
692 0.00000
693 0.00000
694 0.00000
695 0.00000
696 0.00000
697 0.00000
698 0.00000
699 0.00000
700 0.00000
701 0.00000
702 0.00000
703 0.00000
704 0.00000
705 0.00000
706 0.00000
707 0.00000
708 0.00000
709 0.00000
710 0.00000
711 0.00000
712 0.00000
713 0.00000
714 0.00000
715 0.00000
716 0.00000
717 0.00000
718 0.00000
719 0.00000
720 0.00000
721 0.00000
722 0.00000
723 0.00000
724 0.00000
725 0.00000
726 0.00000
727 0.00000
728 0.00000
729 0.00000
730 0.00000
731 0.00000
732 0.00000
733 0.00000
734 0.00000
735 0.00000
736 0.00000
737 0.00000
738 0.00000
739 0.00000
740 0.00000
741 0.00000
742 0.00000
743 0.00000
744 0.00000
745 0.00000
746 0.00000
747 0.00000
748 0.00000
749 0.00000
750 0.00000
751 0.00000
752 0.00000
753 0.00000
754 0.00000
755 0.00000
756 0.00000
757 0.00000
758 0.00000
759 0.00000
760 0.00000
761 0.00000
762 0.00000
763 0.00000
764 0.00000
765 0.00000
766 0.00000
767 0.00000
768 0.00000
769 0.00000
770 0.00000
771 0.00000
772 0.00000
773 0.00000
774 0.00000
775 0.00000
776 0.00000
777 0.00000
778 0.00000
779 0.00000
780 0.00000
781 0.00000
782 0.00000
783 0.00000
784 0.00000
785 0.00000
786 0.00000
787 0.00000
788 0.00000
789 0.00000
790 0.00000
791 0.00000
792 0.00000
793 0.00000
794 0.00000
795 0.00000
796 0.00001
797 0.00001
798 0.00001
799 0.00001
800 0.00001
801 0.00001
802 0.00001
803 0.00001
804 0.00001
805 0.00001
806 0.00001
807 0.00001
808 0.00001
809 0.00001
810 0.00001
811 0.00001
812 0.00002
813 0.00002
814 0.00002
815 0.00002
816 0.00002
817 0.00002
818 0.00002
819 0.00003
820 0.00003
821 0.00003
822 0.00003
823 0.00004
824 0.00004
825 0.00004
826 0.00004
827 0.00005
828 0.00005
829 0.00006
830 0.00006
831 0.00006
832 0.00007
833 0.00008
834 0.00008
835 0.00009
836 0.00010
837 0.00010
838 0.00011
839 0.00012
840 0.00013
841 0.00014
842 0.00015
843 0.00017
844 0.00018
845 0.00020
846 0.00021
847 0.00023
848 0.00025
849 0.00027
850 0.00030
851 0.00032
852 0.00035
853 0.00038
854 0.00042
855 0.00046
856 0.00050
857 0.00054
858 0.00059
859 0.00064
860 0.00070
861 0.00077
862 0.00084
863 0.00091
864 0.00100
865 0.00109
866 0.00119
867 0.00130
868 0.00142
869 0.00155
870 0.00170
871 0.00186
872 0.00204
873 0.00223
874 0.00245
875 0.00268
876 0.00294
877 0.00323
878 0.00354
879 0.00388
880 0.00426
881 0.00468
882 0.00514
883 0.00565
884 0.00621
885 0.00683
886 0.00751
887 0.00827
888 0.00910
889 0.01002
890 0.01103
891 0.01215
892 0.01339
893 0.01476
894 0.01628
895 0.01796
896 0.01981
897 0.02187
898 0.02414
899 0.02667
900 0.02946
901 0.03256
902 0.03599
903 0.03980
904 0.04402
905 0.04871
906 0.05391
907 0.05969
908 0.06611
909 0.07325
910 0.08117
911 0.08999
912 0.09749
913 0.10108
914 0.10536
915 0.10973
916 0.11264
917 0.11398
918 0.11582
919 0.11832
920 0.12170
921 0.12630
922 0.12493
923 0.12357
924 0.12990
925 0.12852
926 0.12714
927 0.13608
928 0.13468
929 0.13328
930 0.13189
931 0.14498
932 0.14356
933 0.14214
934 0.14073
935 0.13932
936 0.13792
937 0.13652
938 0.15670
939 0.15526
940 0.15382
941 0.15238
942 0.15095
943 0.14952
944 0.14809
945 0.14667
946 0.14525
947 0.14383
948 0.14242
949 0.14101
950 0.17475
951 0.17329
952 0.17182
953 0.17037
954 0.16891
955 0.16745
956 0.16600
957 0.16455
958 0.16310
959 0.16166
960 0.16021
961 0.15877
962 0.15733
963 0.15590
964 0.15446
965 0.15303
966 0.15161
967 0.15018
968 0.14876
969 0.14735
970 0.14593
971 0.14452
972 0.14312
973 0.20758
974 0.20611
975 0.20464
976 0.20317
977 0.20170
978 0.20023
979 0.19876
980 0.19730
981 0.19583
982 0.19437
983 0.19290
984 0.19144
985 0.18998
986 0.18852
987 0.18707
988 0.18561
989 0.18416
990 0.18271
991 0.18126
992 0.17981
993 0.17837
994 0.17692
995 0.17548
996 0.17405
997 0.17261
998 0.17118
999 0.16975
1000 0.16832
1001 0.16690
1002 0.16547
1003 0.16406
1004 0.16264
1005 0.16123
1006 0.15982
1007 0.15842
1008 0.15702
1009 0.15562
1010 0.15423
1011 0.15284
1012 0.15145
1013 0.15007
1014 0.14869
1015 0.14732
1016 0.14595
1017 0.14459
1018 0.14323
1019 0.14187
1020 0.14052
1021 0.13918
1022 0.13784
1023 0.13650
1024 0.13517
1025 0.13385
1026 0.29459
1027 0.29329
1028 0.29200
1029 0.29071
1030 0.28942
1031 0.28813
1032 0.28684
1033 0.28555
1034 0.28427
1035 0.28298
1036 0.28170
1037 0.28041
1038 0.27913
1039 0.27785
1040 0.27657
1041 0.27530
1042 0.27402
1043 0.27274
1044 0.27147
1045 0.27020
1046 0.26892
1047 0.26765
1048 0.26638
1049 0.26511
1050 0.26384
1051 0.26257
1052 0.26130
1053 0.26004
1054 0.25877
1055 0.25751
1056 0.25624
1057 0.25498
1058 0.25371
1059 0.25245
1060 0.25119
1061 0.24993
1062 0.24867
1063 0.24740
1064 0.24614
1065 0.24488
1066 0.24362
1067 0.24236
1068 0.24110
1069 0.23984
1070 0.23859
1071 0.23733
1072 0.23607
1073 0.23481
1074 0.23355
1075 0.23229
1076 0.23103
1077 0.22977
1078 0.22851
1079 0.22725
1080 0.22599
1081 0.22473
1082 0.22347
1083 0.22220
1084 0.22094
1085 0.21968
1086 0.21841
1087 0.21715
1088 0.21588
1089 0.21462
1090 0.21335
1091 0.21208
1092 0.21081
1093 0.20954
1094 0.20827
1095 0.20700
1096 0.20573
1097 0.20445
1098 0.20318
1099 0.20190
1100 0.20062
1101 0.19934
1102 0.19806
1103 0.19678
1104 0.19550
1105 0.19421
1106 0.19293
1107 0.19164
1108 0.19035
1109 0.18906
1110 0.18776
1111 0.18647
1112 0.18517
1113 0.18388
1114 0.18258
1115 0.18128
1116 0.17997
1117 0.17867
1118 0.17737
1119 0.17606
1120 0.17475
1121 0.17344
1122 0.17213
1123 0.17081
1124 0.16950
1125 0.16818
1126 0.16686
1127 0.16554
1128 0.16422
1129 0.16290
1130 0.16158
1131 0.16025
1132 0.15893
1133 0.15760
1134 0.15627
1135 0.15494
1136 0.15361
1137 0.15228
1138 0.15095
1139 0.14962
1140 0.14828
1141 0.14695
1142 0.14562
1143 0.14428
1144 0.14295
1145 0.14162
1146 0.14028
1147 0.13895
1148 0.13761
1149 0.13628
1150 0.13495
1151 0.13362
1152 0.13229
1153 0.13096
1154 0.12963
1155 0.12830
1156 0.12698
1157 0.12566
1158 0.12433
1159 0.12301
1160 0.12170
1161 0.12038
1162 0.11907
1163 0.11776
1164 0.11645
1165 0.11515
1166 0.11385
1167 0.11255
1168 0.11125
1169 0.10996
1170 0.10868
1171 0.10739
1172 0.10611
1173 0.10484
1174 0.10357
1175 0.10231
1176 0.10104
1177 0.09979
1178 0.09854
1179 0.09729
1180 0.09606
1181 0.09482
1182 0.09359
1183 0.09237
1184 0.09116
1185 0.08995
1186 0.08874
1187 0.08755
1188 0.08636
1189 0.08518
1190 0.08400
1191 0.08283
1192 0.08167
1193 0.08052
1194 0.07937
1195 0.07823
1196 0.07710
1197 0.07598
1198 0.07487
1199 0.07376
1200 0.07266
1201 0.07157
1202 0.07049
1203 0.06942
1204 0.06836
1205 0.06730
1206 0.06626
1207 0.06522
1208 0.06419
1209 0.06317
1210 0.06216
1211 0.06116
1212 0.06017
1213 0.05919
1214 0.05821
1215 0.05725
1216 1.00000
