17 0.98542
18 0.98413
19 0.98282
20 0.98147
21 0.98009
22 0.97869
23 0.97725
24 0.97579
25 0.97431
26 0.97279
27 0.97125
28 0.96969
29 0.96811
30 0.96650
31 0.96487
32 0.96322
33 0.96155
34 0.95986
35 0.95815
36 0.95643
37 0.95468
38 0.95292
39 0.95114
40 0.94934
41 0.94753
42 0.94570
43 0.94385
44 0.94199
45 0.94012
46 0.93824
47 0.93634
48 0.93442
49 0.93250
50 0.93056
51 0.92861
52 0.92665
53 0.92468
54 0.92269
55 0.92070
56 0.91869
57 0.91668
58 0.91466
59 0.91263
60 0.91058
61 0.90853
62 0.90648
63 0.90441
64 0.90234
65 0.90026
66 0.89817
67 0.89607
68 0.89397
69 0.89186
70 0.88975
71 0.88763
72 0.88550
73 0.88337
74 0.88123
75 0.87909
76 0.87695
77 0.87479
78 0.87264
79 0.87048
80 0.86832
81 0.86615
82 0.86398
83 0.86181
84 0.85963
85 0.85745
86 0.85527
87 0.85308
88 0.85090
89 0.84871
90 0.84652
91 0.84432
92 0.84213
93 0.83993
94 0.83773
95 0.83553
96 0.83333
97 0.83113
98 0.82893
99 0.82673
100 0.82453
101 0.82233
102 0.82012
103 0.81792
104 0.81572
105 0.81352
106 0.81131
107 0.80911
108 0.80691
109 0.80471
110 0.80251
111 0.80032
112 0.79812
113 0.79592
114 0.79373
115 0.79154
116 0.78935
117 0.78716
118 0.78497
119 0.78279
120 0.78060
121 0.77842
122 0.77624
123 0.77407
124 0.77189
125 0.76972
126 0.76755
127 0.76538
128 0.76322
129 0.76106
130 0.75890
131 0.75675
132 0.75460
133 0.75245
134 0.75030
135 0.74816
136 0.74602
137 0.74389
138 0.74176
139 0.73963
140 0.73751
141 0.73539
142 0.73327
143 0.73116
144 0.72906
145 0.72695
146 0.72485
147 0.72276
148 0.72067
149 0.71858
150 0.71650
151 0.71442
152 0.71235
153 0.71028
154 0.70822
155 0.70616
156 0.70410
157 0.70205
158 0.70001
159 0.69797
160 0.69593
161 0.69390
162 0.69188
163 0.68986
164 0.68784
165 0.68583
166 0.68383
167 0.68183
168 0.67984
169 0.67785
170 0.67587
171 0.67389
172 0.67192
173 0.66995
174 0.66799
175 0.66603
176 0.66408
177 0.66214
178 0.66020
179 0.65826
180 0.65634
181 0.65441
182 0.65250
183 0.65059
184 0.64868
185 0.64678
186 0.64489
187 0.64300
188 0.64112
189 0.63925
190 0.63738
191 0.63552
192 0.63366
193 0.63181
194 0.62996
195 0.62812
196 0.62629
197 0.62446
198 0.62264
199 0.62083
200 0.61902
201 0.61721
202 0.61542
203 0.61363
204 0.61184
205 0.61007
206 0.60829
207 0.60653
208 0.60477
209 0.60302
210 0.60127
211 0.59953
212 0.59780
213 0.59607
214 0.59435
215 0.59263
216 0.59092
217 0.58922
218 0.58753
219 0.58584
220 0.58415
221 0.58248
222 0.58080
223 0.57914
224 0.57748
225 0.57583
226 0.57419
227 0.57255
228 0.57091
229 0.56929
230 0.56767
231 0.56606
232 0.56445
233 0.56285
234 0.56125
235 0.55967
236 0.55809
237 0.55651
238 0.55494
239 0.55338
240 0.55182
241 0.55028
242 0.54873
243 0.54720
244 0.54567
245 0.54414
246 0.54263
247 0.54111
248 0.53961
249 0.53811
250 0.53662
251 0.53513
252 0.53366
253 0.53218
254 0.53072
255 0.52926
256 0.52780
257 0.52636
258 0.52491
259 0.52348
260 0.52205
261 0.52063
262 0.51921
263 0.51780
264 0.51640
265 0.51500
266 0.51361
267 0.51223
268 0.51085
269 0.50948
270 0.50811
271 0.50676
272 0.50540
273 0.50406
274 0.50271
275 0.50138
276 0.50005
277 0.49873
278 0.49741
279 0.49610
280 0.49480
281 0.49350
282 0.49221
283 0.49093
284 0.48965
285 0.48838
286 0.48711
287 0.48585
288 0.48459
289 0.48335
290 0.48210
291 0.48087
292 0.47964
293 0.47841
294 0.47719
295 0.47598
296 0.47478
297 0.47358
298 0.47238
299 0.47119
300 0.47001
301 0.46883
302 0.46766
303 0.46650
304 0.46534
305 0.46419
306 0.46304
307 0.46190
308 0.46076
309 0.45964
310 0.45851
311 0.45739
312 0.45628
313 0.45518
314 0.45408
315 0.45298
316 0.45189
317 0.45081
318 0.44973
319 0.44866
320 0.44759
321 0.44653
322 0.44548
323 0.44443
324 0.44339
325 0.44235
326 0.44132
327 0.44029
328 0.43927
329 0.43826
330 0.43725
331 0.43624
332 0.43525
333 0.43425
334 0.43327
335 0.43228
336 0.43131
337 0.43034
338 0.42937
339 0.42841
340 0.42746
341 0.42651
342 0.42557
343 0.42463
344 0.42370
345 0.42277
346 0.42185
347 0.42093
348 0.42002
349 0.41911
350 0.41821
351 0.41732
352 0.41643
353 0.41554
354 0.41467
355 0.41379
356 0.41292
357 0.41206
358 0.41120
359 0.41035
360 0.40950
361 0.40866
362 0.40782
363 0.40699
364 0.40616
365 0.40534
366 0.40452
367 0.40371
368 0.40291
369 0.40211
370 0.40131
371 0.40052
372 0.39973
373 0.39895
374 0.39818
375 0.39740
376 0.39664
377 0.39588
378 0.39512
379 0.39437
380 0.39362
381 0.39288
382 0.39215
383 0.39142
384 0.39069
385 0.38997
386 0.38925
387 0.38854
388 0.38784
389 0.38713
390 0.38644
391 0.38574
392 0.38506
393 0.38438
394 0.38370
395 0.38303
396 0.38236
397 0.38169
398 0.38104
399 0.38038
400 0.37973
401 0.37909
402 0.37845
403 0.37782
404 0.37719
405 0.37656
406 0.37594
407 0.37532
408 0.37471
409 0.37411
410 0.37351
411 0.37291
412 0.37232
413 0.37173
414 0.37115
415 0.37057
416 0.36999
417 0.36942
418 0.36886
419 0.36830
420 0.36774
421 0.36719
422 0.36665
423 0.36610
424 0.36557
425 0.36503
426 0.36450
427 0.36398
428 0.36346
429 0.36295
430 0.36244
431 0.36193
432 0.36143
433 0.36093
434 0.36044
435 0.35995
436 0.35947
437 0.35899
438 0.35851
439 0.35804
440 0.35758
441 0.35712
442 0.35666
443 0.35621
444 0.35576
445 0.35531
446 0.35487
447 0.35444
448 0.35401
449 0.35358
450 0.35316
451 0.35274
452 0.35233
453 0.35192
454 0.35151
455 0.35111
456 0.35072
457 0.35033
458 0.34994
459 0.34955
460 0.34918
461 0.34880
462 0.34843
463 0.34806
464 0.34770
465 0.34734
466 0.34699
467 0.34664
468 0.34630
469 0.34596
470 0.34562
471 0.34529
472 0.34496
473 0.34464
474 0.34432
475 0.34400
476 0.34369
477 0.34338
478 0.34308
479 0.34278
480 0.34249
481 0.34220
482 0.34191
483 0.34163
484 0.34135
485 0.34108
486 0.34081
487 0.34055
488 0.34029
489 0.34003
490 0.33978
491 0.33953
492 0.33929
493 0.33905
494 0.33881
495 0.33858
496 0.33835
497 0.33813
498 0.33791
499 0.33770
500 0.33749
501 0.33728
502 0.33708
503 0.33688
504 0.33669
505 0.33650
506 0.33631
507 0.33613
508 0.33595
509 0.33578
510 0.33561
511 0.33545
512 0.33529
513 0.33513
514 0.33498
515 0.33483
516 0.33469
517 0.33455
518 0.33441
519 0.33428
520 0.33416
521 0.33403
522 0.33391
523 0.33380
524 0.33369
525 0.33358
526 0.33348
527 0.33338
528 0.33329
529 0.33320
530 0.33312
531 0.33304
532 0.33296
533 0.33289
534 0.33282
535 0.33276
536 0.33270
537 0.33264
538 0.33259
539 0.33254
540 0.33250
541 0.33246
542 0.33243
543 0.33240
544 0.33237
545 0.33235
546 0.33233
547 0.33232
548 0.33231
549 0.33231
550 0.33231
551 0.33231
552 0.33232
553 0.33233
554 0.33235
555 0.33237
556 0.33240
557 0.33243
558 0.33246
559 0.33250
560 0.33255
561 0.33259
562 0.33265
563 0.33270
564 0.33276
565 0.33283
566 0.33290
567 0.33297
568 0.33305
569 0.33314
570 0.33322
571 0.33332
572 0.33341
573 0.33351
574 0.33362
575 0.33373
576 0.33384
577 0.33396
578 0.33409
579 0.33421
580 0.33435
581 0.33448
582 0.33463
583 0.33477
584 0.33492
585 0.33508
586 0.33524
587 0.33541
588 0.33557
589 0.33575
590 0.33593
591 0.33611
592 0.33630
593 0.33649
594 0.33669
595 0.33689
596 0.33710
597 0.33731
598 0.33753
599 0.33775
600 0.33798
601 0.33821
602 0.33845
603 0.33869
604 0.33893
605 0.33918
606 0.33944
607 0.33970
608 0.33997
609 0.34024
610 0.34051
611 0.34079
612 0.34108
613 0.34137
614 0.34166
615 0.34197
616 0.34227
617 0.34258
618 0.34290
619 0.34322
620 0.34355
621 0.34388
622 0.34421
623 0.34456
624 0.34490
625 0.34526
626 0.34561
627 0.34598
628 0.34635
629 0.34672
630 0.34710
631 0.34748
632 0.34787
633 0.34827
634 0.34867
635 0.34908
636 0.34949
637 0.34991
638 0.35033
639 0.35076
640 0.35119
641 0.35163
642 0.35208
643 0.35253
644 0.35299
645 0.35345
646 0.35392
647 0.35439
648 0.35487
649 0.35536
650 0.35585
651 0.35635
652 0.35685
653 0.35736
654 0.35788
655 0.35840
656 0.35893
657 0.35946
658 0.36000
659 0.36055
660 0.36110
661 0.36166
662 0.36222
663 0.36280
664 0.36337
665 0.36396
666 0.36455
667 0.36514
668 0.36575
669 0.36636
670 0.36697
671 0.36760
672 0.36822
673 0.36886
674 0.36950
675 0.37015
676 0.37081
677 0.37147
678 0.37214
679 0.37282
680 0.37350
681 0.37419
682 0.37489
683 0.37559
684 0.37630
685 0.37702
686 0.37774
687 0.37848
688 0.37922
689 0.37996
690 0.38072
691 0.38148
692 0.38225
693 0.38302
694 0.38381
695 0.38460
696 0.38540
697 0.38620
698 0.38702
699 0.38784
700 0.38867
701 0.38951
702 0.39035
703 0.39121
704 0.39207
705 0.39294
706 0.39381
707 0.39470
708 0.39559
709 0.39649
710 0.39740
711 0.39832
712 0.39925
713 0.40018
714 0.40113
715 0.40208
716 0.40304
717 0.40401
718 0.40499
719 0.40597
720 0.40697
721 0.40797
722 0.40898
723 0.41001
724 0.41104
725 0.41208
726 0.41313
727 0.41419
728 0.41526
729 0.41633
730 0.41742
731 0.41852
732 0.41962
733 0.42074
734 0.42186
735 0.42300
736 0.42414
737 0.42530
738 0.42646
739 0.42764
740 0.42882
741 0.43002
742 0.43122
743 0.43244
744 0.43366
745 0.43490
746 0.43615
747 0.43741
748 0.43868
749 0.43995
750 0.44125
751 0.44255
752 0.44386
753 0.44518
754 0.44652
755 0.44786
756 0.44922
757 0.45059
758 0.45197
759 0.45336
760 0.45477
761 0.45618
762 0.45761
763 0.45905
764 0.46050
765 0.46196
766 0.46343
767 0.46492
768 0.46641
769 0.46792
770 0.46944
771 0.47097
772 0.47251
773 0.47407
774 0.47564
775 0.47722
776 0.47881
777 0.48041
778 0.48203
779 0.48366
780 0.48531
781 0.48696
782 0.48863
783 0.49032
784 0.49202
785 0.49373
786 0.49545
787 0.49719
788 0.49894
789 0.50070
790 0.50248
791 0.50428
792 0.50609
793 0.50791
794 0.50975
795 0.51161
796 0.51347
797 0.51535
798 0.51725
799 0.51916
800 0.52109
801 0.52303
802 0.52499
803 0.52697
804 0.52896
805 0.53097
806 0.53299
807 0.53503
808 0.53709
809 0.53917
810 0.54126
811 0.54337
812 0.54550
813 0.54764
814 0.54980
815 0.55197
816 0.55416
817 0.55637
818 0.55859
819 0.56084
820 0.56310
821 0.56538
822 0.56768
823 0.57000
824 0.57233
825 0.57469
826 0.57707
827 0.57946
828 0.58188
829 0.58431
830 0.58677
831 0.58925
832 0.59174
833 0.59426
834 0.59680
835 0.59936
836 0.60194
837 0.60454
838 0.60717
839 0.60981
840 0.61248
841 0.61517
842 0.61788
843 0.62062
844 0.62338
845 0.62616
846 0.62896
847 0.63179
848 0.63464
849 0.63752
850 0.64042
851 0.64335
852 0.64629
853 0.64927
854 0.65227
855 0.65529
856 0.65834
857 0.66142
858 0.66452
859 0.66763
860 0.67076
861 0.67392
862 0.67710
863 0.68032
864 0.68355
865 0.68682
866 0.69011
867 0.69343
868 0.69678
869 0.70015
870 0.70356
871 0.70699
872 0.71046
873 0.71395
874 0.71747
875 0.72103
876 0.72461
877 0.72822
878 0.73187
879 0.73554
880 0.73925
881 0.74299
882 0.74676
883 0.75056
884 0.75440
885 0.75827
886 0.76217
887 0.76611
888 0.77008
889 0.77408
890 0.77812
891 0.78219
892 0.78630
893 0.79045
894 0.79463
895 0.79885
896 0.80310
897 0.80739
898 0.81172
899 0.81609
900 0.82049
901 0.82493
902 0.82942
903 0.83394
904 0.83850
905 0.84310
906 0.84774
907 0.85242
908 0.85715
909 0.86191
910 0.86672
911 0.87157
912 0.87542
913 0.88528
914 0.89174
915 0.89615
916 0.89863
917 0.89989
918 0.90129
919 0.90286
920 0.90465
921 0.90673
922 0.90648
923 0.90624
924 0.90871
925 0.90848
926 0.90824
927 0.91127
928 0.91104
929 0.91082
930 0.91059
931 0.91445
932 0.91424
933 0.91402
934 0.91380
935 0.91359
936 0.91337
937 0.91315
938 0.91836
939 0.91816
940 0.91796
941 0.91775
942 0.91755
943 0.91735
944 0.91715
945 0.91695
946 0.91674
947 0.91654
948 0.91634
949 0.91613
950 0.92371
951 0.92353
952 0.92335
953 0.92317
954 0.92299
955 0.92281
956 0.92263
957 0.92245
958 0.92227
959 0.92209
960 0.92191
961 0.92173
962 0.92155
963 0.92136
964 0.92118
965 0.92100
966 0.92081
967 0.92063
968 0.92045
969 0.92026
970 0.92008
971 0.91989
972 0.91971
973 0.93217
974 0.93202
975 0.93188
976 0.93174
977 0.93159
978 0.93145
979 0.93131
980 0.93116
981 0.93102
982 0.93088
983 0.93073
984 0.93059
985 0.93044
986 0.93030
987 0.93015
988 0.93000
989 0.92986
990 0.92971
991 0.92957
992 0.92942
993 0.92927
994 0.92913
995 0.92898
996 0.92883
997 0.92869
998 0.92854
999 0.92839
1000 0.92824
1001 0.92809
1002 0.92794
1003 0.92780
1004 0.92765
1005 0.92750
1006 0.92735
1007 0.92720
1008 0.92705
1009 0.92690
1010 0.92675
1011 0.92660
1012 0.92645
1013 0.92630
1014 0.92614
1015 0.92599
1016 0.92584
1017 0.92569
1018 0.92549
1019 0.92524
1020 0.92499
1021 0.92474
1022 0.92449
1023 0.92423
1024 0.92398
1025 0.92372
1026 0.94915
1027 0.94898
1028 0.94880
1029 0.94863
1030 0.94846
1031 0.94828
1032 0.94811
1033 0.94793
1034 0.94775
1035 0.94758
1036 0.94740
1037 0.94722
1038 0.94705
1039 0.94687
1040 0.94669
1041 0.94651
1042 0.94633
1043 0.94615
1044 0.94597
1045 0.94579
1046 0.94561
1047 0.94543
1048 0.94525
1049 0.94507
1050 0.94489
1051 0.94470
1052 0.94452
1053 0.94434
1054 0.94415
1055 0.94397
1056 0.94378
1057 0.94360
1058 0.94341
1059 0.94322
1060 0.94304
1061 0.94285
1062 0.94266
1063 0.94248
1064 0.94229
1065 0.94210
1066 0.94191
1067 0.94172
1068 0.94153
1069 0.94134
1070 0.94115
1071 0.94096
1072 0.94077
1073 0.94057
1074 0.94038
1075 0.94019
1076 0.93999
1077 0.93980
1078 0.93961
1079 0.93941
1080 0.93922
1081 0.93902
1082 0.93883
1083 0.93863
1084 0.93843
1085 0.93824
1086 0.93804
1087 0.93784
1088 0.93764
1089 0.93744
1090 0.93724
1091 0.93704
1092 0.93684
1093 0.93664
1094 0.93644
1095 0.93624
1096 0.93604
1097 0.93583
1098 0.93563
1099 0.93543
1100 0.93522
1101 0.93502
1102 0.93482
1103 0.93461
1104 0.93441
1105 0.93420
1106 0.93399
1107 0.93379
1108 0.93358
1109 0.93337
1110 0.93316
1111 0.93296
1112 0.93275
1113 0.93254
1114 0.93233
1115 0.93212
1116 0.93191
1117 0.93169
1118 0.93148
1119 0.93127
1120 0.93106
1121 0.93085
1122 0.93063
1123 0.93042
1124 0.93020
1125 0.92999
1126 0.92977
1127 0.92956
1128 0.92934
1129 0.92913
1130 0.92891
1131 0.92869
1132 0.92847
1133 0.92826
1134 0.92804
1135 0.92782
1136 0.92760
1137 0.92738
1138 0.92716
1139 0.92694
1140 0.92671
1141 0.92649
1142 0.92627
1143 0.92605
1144 0.92582
1145 0.92560
1146 0.92538
1147 0.92515
1148 0.92493
1149 0.92470
1150 0.92447
1151 0.92425
1152 0.92402
1153 0.92379
1154 0.92357
1155 0.92334
1156 0.92311
1157 0.92288
1158 0.92265
1159 0.92242
1160 0.92219
1161 0.92196
1162 0.92173
1163 0.92150
1164 0.92126
1165 0.92103
1166 0.92080
1167 0.92056
1168 0.92033
1169 0.92009
1170 0.91986
1171 0.91962
1172 0.91939
1173 0.91915
1174 0.91891
1175 0.91868
1176 0.91844
1177 0.91820
1178 0.91796
1179 0.91772
1180 0.91748
1181 0.91724
1182 0.91700
1183 0.91676
1184 0.91652
1185 0.91628
1186 0.91603
1187 0.91579
1188 0.91555
1189 0.91530
1190 0.91506
1191 0.91481
1192 0.91457
1193 0.91432
1194 0.91408
1195 0.91383
1196 0.91358
1197 0.91333
1198 0.91309
1199 0.91284
1200 0.91259
1201 0.91234
1202 0.91209
1203 0.91184
1204 0.91159
1205 0.91134
1206 0.91108
1207 0.91083
1208 0.91058
1209 0.91033
1210 0.91007
1211 0.90982
1212 0.90956
1213 0.90931
1214 0.90905
1215 0.90879
1216 1.00000
