17 0.98209
18 0.98052
19 0.97890
20 0.97725
21 0.97557
22 0.97385
23 0.97209
24 0.97030
25 0.96849
26 0.96664
27 0.96476
28 0.96285
29 0.96092
30 0.95895
31 0.95697
32 0.95496
33 0.95292
34 0.95086
35 0.94878
36 0.94668
37 0.94455
38 0.94241
39 0.94024
40 0.93806
41 0.93586
42 0.93364
43 0.93140
44 0.92915
45 0.92688
46 0.92459
47 0.92229
48 0.91998
49 0.91765
50 0.91530
51 0.91295
52 0.91058
53 0.90820
54 0.90580
55 0.90340
56 0.90098
57 0.89856
58 0.89612
59 0.89367
60 0.89122
61 0.88875
62 0.88628
63 0.88380
64 0.88131
65 0.87881
66 0.87631
67 0.87380
68 0.87128
69 0.86876
70 0.86623
71 0.86369
72 0.86115
73 0.85861
74 0.85605
75 0.85350
76 0.85094
77 0.84838
78 0.84581
79 0.84324
80 0.84067
81 0.83809
82 0.83551
83 0.83293
84 0.83035
85 0.82777
86 0.82518
87 0.82259
88 0.82000
89 0.81741
90 0.81482
91 0.81223
92 0.80964
93 0.80705
94 0.80446
95 0.80186
96 0.79927
97 0.79668
98 0.79409
99 0.79150
100 0.78892
101 0.78633
102 0.78374
103 0.78116
104 0.77858
105 0.77600
106 0.77342
107 0.77085
108 0.76828
109 0.76571
110 0.76314
111 0.76058
112 0.75801
113 0.75546
114 0.75290
115 0.75035
116 0.74780
117 0.74526
118 0.74272
119 0.74018
120 0.73765
121 0.73512
122 0.73260
123 0.73008
124 0.72756
125 0.72505
126 0.72255
127 0.72005
128 0.71755
129 0.71506
130 0.71257
131 0.71009
132 0.70762
133 0.70515
134 0.70268
135 0.70022
136 0.69777
137 0.69532
138 0.69288
139 0.69044
140 0.68801
141 0.68559
142 0.68317
143 0.68076
144 0.67836
145 0.67596
146 0.67356
147 0.67118
148 0.66880
149 0.66642
150 0.66406
151 0.66170
152 0.65935
153 0.65700
154 0.65466
155 0.65233
156 0.65000
157 0.64768
158 0.64537
159 0.64307
160 0.64077
161 0.63848
162 0.63620
163 0.63392
164 0.63165
165 0.62939
166 0.62714
167 0.62489
168 0.62266
169 0.62043
170 0.61820
171 0.61599
172 0.61378
173 0.61158
174 0.60938
175 0.60720
176 0.60502
177 0.60285
178 0.60069
179 0.59854
180 0.59639
181 0.59425
182 0.59212
183 0.59000
184 0.58788
185 0.58578
186 0.58368
187 0.58159
188 0.57951
189 0.57743
190 0.57536
191 0.57331
192 0.57125
193 0.56921
194 0.56718
195 0.56515
196 0.56313
197 0.56112
198 0.55912
199 0.55713
200 0.55514
201 0.55316
202 0.55119
203 0.54923
204 0.54728
205 0.54533
206 0.54339
207 0.54146
208 0.53954
209 0.53763
210 0.53573
211 0.53383
212 0.53194
213 0.53006
214 0.52819
215 0.52632
216 0.52447
217 0.52262
218 0.52078
219 0.51895
220 0.51713
221 0.51531
222 0.51351
223 0.51171
224 0.50992
225 0.50813
226 0.50636
227 0.50459
228 0.50283
229 0.50108
230 0.49934
231 0.49761
232 0.49588
233 0.49416
234 0.49245
235 0.49075
236 0.48906
237 0.48737
238 0.48569
239 0.48402
240 0.48236
241 0.48071
242 0.47906
243 0.47742
244 0.47579
245 0.47417
246 0.47255
247 0.47095
248 0.46935
249 0.46776
250 0.46617
251 0.46460
252 0.46303
253 0.46147
254 0.45992
255 0.45837
256 0.45684
257 0.45531
258 0.45378
259 0.45227
260 0.45076
261 0.44927
262 0.44778
263 0.44629
264 0.44482
265 0.44335
266 0.44189
267 0.44044
268 0.43899
269 0.43755
270 0.43612
271 0.43470
272 0.43328
273 0.43187
274 0.43047
275 0.42908
276 0.42769
277 0.42632
278 0.42494
279 0.42358
280 0.42222
281 0.42087
282 0.41953
283 0.41820
284 0.41687
285 0.41555
286 0.41424
287 0.41293
288 0.41163
289 0.41034
290 0.40905
291 0.40778
292 0.40650
293 0.40524
294 0.40398
295 0.40273
296 0.40149
297 0.40025
298 0.39903
299 0.39780
300 0.39659
301 0.39538
302 0.39418
303 0.39298
304 0.39179
305 0.39061
306 0.38944
307 0.38827
308 0.38711
309 0.38596
310 0.38481
311 0.38367
312 0.38253
313 0.38140
314 0.38028
315 0.37917
316 0.37806
317 0.37696
318 0.37586
319 0.37477
320 0.37369
321 0.37262
322 0.37155
323 0.37048
324 0.36943
325 0.36838
326 0.36733
327 0.36629
328 0.36526
329 0.36424
330 0.36322
331 0.36221
332 0.36120
333 0.36020
334 0.35920
335 0.35822
336 0.35723
337 0.35626
338 0.35529
339 0.35433
340 0.35337
341 0.35242
342 0.35147
343 0.35053
344 0.34960
345 0.34867
346 0.34775
347 0.34683
348 0.34592
349 0.34502
350 0.34412
351 0.34323
352 0.34234
353 0.34146
354 0.34058
355 0.33971
356 0.33885
357 0.33799
358 0.33714
359 0.33629
360 0.33545
361 0.33461
362 0.33378
363 0.33296
364 0.33214
365 0.33133
366 0.33052
367 0.32972
368 0.32892
369 0.32813
370 0.32734
371 0.32656
372 0.32579
373 0.32502
374 0.32426
375 0.32350
376 0.32274
377 0.32200
378 0.32125
379 0.32052
380 0.31978
381 0.31906
382 0.31834
383 0.31762
384 0.31691
385 0.31620
386 0.31550
387 0.31481
388 0.31412
389 0.31343
390 0.31275
391 0.31207
392 0.31140
393 0.31074
394 0.31008
395 0.30942
396 0.30878
397 0.30813
398 0.30749
399 0.30686
400 0.30623
401 0.30560
402 0.30498
403 0.30437
404 0.30376
405 0.30315
406 0.30255
407 0.30195
408 0.30136
409 0.30078
410 0.30020
411 0.29962
412 0.29905
413 0.29848
414 0.29792
415 0.29736
416 0.29681
417 0.29626
418 0.29572
419 0.29518
420 0.29465
421 0.29412
422 0.29360
423 0.29308
424 0.29256
425 0.29205
426 0.29155
427 0.29104
428 0.29055
429 0.29006
430 0.28957
431 0.28909
432 0.28861
433 0.28813
434 0.28766
435 0.28720
436 0.28674
437 0.28628
438 0.28583
439 0.28539
440 0.28494
441 0.28451
442 0.28407
443 0.28364
444 0.28322
445 0.28280
446 0.28238
447 0.28197
448 0.28157
449 0.28116
450 0.28076
451 0.28037
452 0.27998
453 0.27960
454 0.27922
455 0.27884
456 0.27847
457 0.27810
458 0.27774
459 0.27738
460 0.27702
461 0.27667
462 0.27632
463 0.27598
464 0.27564
465 0.27531
466 0.27498
467 0.27466
468 0.27433
469 0.27402
470 0.27371
471 0.27340
472 0.27309
473 0.27279
474 0.27250
475 0.27221
476 0.27192
477 0.27163
478 0.27136
479 0.27108
480 0.27081
481 0.27054
482 0.27028
483 0.27002
484 0.26977
485 0.26952
486 0.26927
487 0.26903
488 0.26879
489 0.26856
490 0.26833
491 0.26811
492 0.26789
493 0.26767
494 0.26746
495 0.26725
496 0.26704
497 0.26684
498 0.26665
499 0.26645
500 0.26626
501 0.26608
502 0.26590
503 0.26572
504 0.26555
505 0.26539
506 0.26522
507 0.26506
508 0.26491
509 0.26476
510 0.26461
511 0.26446
512 0.26433
513 0.26419
514 0.26406
515 0.26393
516 0.26381
517 0.26369
518 0.26358
519 0.26347
520 0.26336
521 0.26326
522 0.26316
523 0.26306
524 0.26297
525 0.26289
526 0.26281
527 0.26273
528 0.26266
529 0.26259
530 0.26252
531 0.26246
532 0.26240
533 0.26235
534 0.26230
535 0.26226
536 0.26222
537 0.26218
538 0.26215
539 0.26212
540 0.26209
541 0.26207
542 0.26206
543 0.26205
544 0.26204
545 0.26204
546 0.26204
547 0.26204
548 0.26205
549 0.26207
550 0.26208
551 0.26211
552 0.26213
553 0.26216
554 0.26220
555 0.26224
556 0.26228
557 0.26233
558 0.26238
559 0.26244
560 0.26250
561 0.26256
562 0.26263
563 0.26270
564 0.26278
565 0.26286
566 0.26295
567 0.26304
568 0.26313
569 0.26323
570 0.26334
571 0.26345
572 0.26356
573 0.26368
574 0.26380
575 0.26392
576 0.26405
577 0.26419
578 0.26433
579 0.26447
580 0.26462
581 0.26477
582 0.26493
583 0.26509
584 0.26526
585 0.26543
586 0.26561
587 0.26579
588 0.26597
589 0.26616
590 0.26636
591 0.26655
592 0.26676
593 0.26697
594 0.26718
595 0.26740
596 0.26762
597 0.26785
598 0.26808
599 0.26832
600 0.26856
601 0.26880
602 0.26906
603 0.26931
604 0.26957
605 0.26984
606 0.27011
607 0.27039
608 0.27067
609 0.27095
610 0.27124
611 0.27154
612 0.27184
613 0.27215
614 0.27246
615 0.27278
616 0.27310
617 0.27342
618 0.27376
619 0.27409
620 0.27443
621 0.27478
622 0.27514
623 0.27549
624 0.27586
625 0.27623
626 0.27660
627 0.27698
628 0.27737
629 0.27776
630 0.27815
631 0.27855
632 0.27896
633 0.27937
634 0.27979
635 0.28022
636 0.28065
637 0.28108
638 0.28152
639 0.28197
640 0.28242
641 0.28288
642 0.28335
643 0.28382
644 0.28429
645 0.28478
646 0.28526
647 0.28576
648 0.28626
649 0.28676
650 0.28728
651 0.28780
652 0.28832
653 0.28885
654 0.28939
655 0.28993
656 0.29048
657 0.29104
658 0.29160
659 0.29217
660 0.29275
661 0.29333
662 0.29392
663 0.29451
664 0.29511
665 0.29572
666 0.29634
667 0.29696
668 0.29759
669 0.29823
670 0.29887
671 0.29952
672 0.30018
673 0.30084
674 0.30151
675 0.30219
676 0.30288
677 0.30357
678 0.30427
679 0.30497
680 0.30569
681 0.30641
682 0.30714
683 0.30788
684 0.30862
685 0.30938
686 0.31014
687 0.31090
688 0.31168
689 0.31246
690 0.31325
691 0.31405
692 0.31486
693 0.31568
694 0.31650
695 0.31733
696 0.31817
697 0.31902
698 0.31988
699 0.32074
700 0.32162
701 0.32250
702 0.32339
703 0.32429
704 0.32520
705 0.32611
706 0.32704
707 0.32797
708 0.32892
709 0.32987
710 0.33083
711 0.33181
712 0.33279
713 0.33377
714 0.33477
715 0.33578
716 0.33679
717 0.33781
718 0.33884
719 0.33989
720 0.34094
721 0.34200
722 0.34307
723 0.34414
724 0.34523
725 0.34633
726 0.34744
727 0.34856
728 0.34968
729 0.35082
730 0.35197
731 0.35313
732 0.35430
733 0.35548
734 0.35667
735 0.35787
736 0.35908
737 0.36030
738 0.36154
739 0.36278
740 0.36404
741 0.36530
742 0.36658
743 0.36787
744 0.36916
745 0.37048
746 0.37180
747 0.37313
748 0.37448
749 0.37584
750 0.37721
751 0.37860
752 0.37999
753 0.38140
754 0.38283
755 0.38426
756 0.38571
757 0.38717
758 0.38865
759 0.39013
760 0.39162
761 0.39313
762 0.39466
763 0.39619
764 0.39774
765 0.39930
766 0.40088
767 0.40247
768 0.40408
769 0.40570
770 0.40734
771 0.40899
772 0.41065
773 0.41233
774 0.41403
775 0.41574
776 0.41747
777 0.41921
778 0.42097
779 0.42274
780 0.42453
781 0.42634
782 0.42816
783 0.43000
784 0.43186
785 0.43373
786 0.43562
787 0.43753
788 0.43945
789 0.44139
790 0.44335
791 0.44533
792 0.44732
793 0.44934
794 0.45137
795 0.45342
796 0.45548
797 0.45757
798 0.45968
799 0.46180
800 0.46394
801 0.46608
802 0.46825
803 0.47044
804 0.47264
805 0.47487
806 0.47712
807 0.47938
808 0.48167
809 0.48398
810 0.48631
811 0.48866
812 0.49103
813 0.49342
814 0.49584
815 0.49828
816 0.50074
817 0.50322
818 0.50572
819 0.50825
820 0.51080
821 0.51338
822 0.51598
823 0.51860
824 0.52125
825 0.52392
826 0.52662
827 0.52934
828 0.53208
829 0.53486
830 0.53765
831 0.54048
832 0.54333
833 0.54620
834 0.54910
835 0.55203
836 0.55499
837 0.55798
838 0.56099
839 0.56403
840 0.56710
841 0.57020
842 0.57332
843 0.57648
844 0.57966
845 0.58288
846 0.58613
847 0.58940
848 0.59271
849 0.59605
850 0.59942
851 0.60282
852 0.60626
853 0.60972
854 0.61322
855 0.61676
856 0.62032
857 0.62392
858 0.62756
859 0.63123
860 0.63493
861 0.63867
862 0.64245
863 0.64626
864 0.65011
865 0.65400
866 0.65792
867 0.66188
868 0.66588
869 0.66992
870 0.67400
871 0.67812
872 0.68227
873 0.68647
874 0.69071
875 0.69499
876 0.69931
877 0.70367
878 0.70808
879 0.71252
880 0.71702
881 0.72155
882 0.72613
883 0.73076
884 0.73543
885 0.74015
886 0.74491
887 0.74972
888 0.75458
889 0.75949
890 0.76445
891 0.76945
892 0.77451
893 0.77961
894 0.78477
895 0.78997
896 0.79523
897 0.80055
898 0.80591
899 0.81133
900 0.81681
901 0.82234
902 0.82792
903 0.83356
904 0.83926
905 0.84502
906 0.85083
907 0.85671
908 0.86264
909 0.86864
910 0.87469
911 0.88081
912 0.88568
913 0.88721
914 0.88893
915 0.89063
916 0.89177
917 0.89236
918 0.89312
919 0.89407
920 0.89528
921 0.89684
922 0.89656
923 0.89628
924 0.89833
925 0.89805
926 0.89778
927 0.90051
928 0.90025
929 0.89998
930 0.89972
931 0.90349
932 0.90324
933 0.90298
934 0.90273
935 0.90248
936 0.90222
937 0.90197
938 0.90742
939 0.90719
940 0.90695
941 0.90671
942 0.90648
943 0.90624
944 0.90600
945 0.90576
946 0.90552
947 0.90529
948 0.90498
949 0.90464
950 0.91299
951 0.91267
952 0.91235
953 0.91204
954 0.91172
955 0.91140
956 0.91108
957 0.91076
958 0.91044
959 0.91012
960 0.90979
961 0.90947
962 0.90915
963 0.90882
964 0.90850
965 0.90817
966 0.90784
967 0.90751
968 0.90719
969 0.90686
970 0.90653
971 0.90619
972 0.90586
973 0.92037
974 0.92008
975 0.91980
976 0.91951
977 0.91923
978 0.91894
979 0.91866
980 0.91837
981 0.91808
982 0.91779
983 0.91750
984 0.91721
985 0.91692
986 0.91663
987 0.91634
988 0.91605
989 0.91575
990 0.91546
991 0.91516
992 0.91487
993 0.91457
994 0.91428
995 0.91398
996 0.91368
997 0.91338
998 0.91308
999 0.91278
1000 0.91248
1001 0.91218
1002 0.91188
1003 0.91157
1004 0.91127
1005 0.91097
1006 0.91066
1007 0.91035
1008 0.91005
1009 0.90974
1010 0.90943
1011 0.90912
1012 0.90882
1013 0.90851
1014 0.90819
1015 0.90788
1016 0.90757
1017 0.90726
1018 0.90695
1019 0.90663
1020 0.90632
1021 0.90600
1022 0.90569
1023 0.90537
1024 0.90505
1025 0.90473
1026 0.93572
1027 0.93550
1028 0.93528
1029 0.93506
1030 0.93484
1031 0.93462
1032 0.93440
1033 0.93418
1034 0.93396
1035 0.93374
1036 0.93351
1037 0.93329
1038 0.93306
1039 0.93284
1040 0.93261
1041 0.93239
1042 0.93216
1043 0.93194
1044 0.93171
1045 0.93148
1046 0.93125
1047 0.93102
1048 0.93079
1049 0.93056
1050 0.93033
1051 0.93010
1052 0.92987
1053 0.92964
1054 0.92941
1055 0.92917
1056 0.92894
1057 0.92871
1058 0.92847
1059 0.92824
1060 0.92800
1061 0.92777
1062 0.92753
1063 0.92729
1064 0.92705
1065 0.92682
1066 0.92658
1067 0.92634
1068 0.92610
1069 0.92586
1070 0.92562
1071 0.92538
1072 0.92513
1073 0.92489
1074 0.92465
1075 0.92441
1076 0.92416
1077 0.92392
1078 0.92367
1079 0.92343
1080 0.92318
1081 0.92293
1082 0.92269
1083 0.92244
1084 0.92219
1085 0.92194
1086 0.92169
1087 0.92144
1088 0.92119
1089 0.92094
1090 0.92069
1091 0.92044
1092 0.92019
1093 0.91993
1094 0.91968
1095 0.91943
1096 0.91917
1097 0.91892
1098 0.91866
1099 0.91840
1100 0.91815
1101 0.91789
1102 0.91763
1103 0.91737
1104 0.91712
1105 0.91686
1106 0.91660
1107 0.91634
1108 0.91607
1109 0.91581
1110 0.91555
1111 0.91529
1112 0.91503
1113 0.91476
1114 0.91450
1115 0.91423
1116 0.91397
1117 0.91370
1118 0.91344
1119 0.91317
1120 0.91290
1121 0.91263
1122 0.91236
1123 0.91209
1124 0.91183
1125 0.91155
1126 0.91128
1127 0.91101
1128 0.91074
1129 0.91047
1130 0.91020
1131 0.90992
1132 0.90965
1133 0.90937
1134 0.90910
1135 0.90882
1136 0.90855
1137 0.90827
1138 0.90799
1139 0.90771
1140 0.90744
1141 0.90716
1142 0.90688
1143 0.90660
1144 0.90632
1145 0.90604
1146 0.90575
1147 0.90547
1148 0.90519
1149 0.90490
1150 0.90462
1151 0.90434
1152 0.90405
1153 0.90377
1154 0.90348
1155 0.90319
1156 0.90291
1157 0.90262
1158 0.90233
1159 0.90204
1160 0.90175
1161 0.90146
1162 0.90117
1163 0.90088
1164 0.90059
1165 0.90029
1166 0.90000
1167 0.89971
1168 0.89941
1169 0.89912
1170 0.89882
1171 0.89853
1172 0.89823
1173 0.89794
1174 0.89764
1175 0.89734
1176 0.89704
1177 0.89674
1178 0.89644
1179 0.89614
1180 0.89584
1181 0.89554
1182 0.89524
1183 0.89494
1184 0.89463
1185 0.89433
1186 0.89403
1187 0.89372
1188 0.89342
1189 0.89311
1190 0.89280
1191 0.89250
1192 0.89219
1193 0.89188
1194 0.89157
1195 0.89126
1196 0.89095
1197 0.89064
1198 0.89033
1199 0.89002
1200 0.88971
1201 0.88940
1202 0.88908
1203 0.88877
1204 0.88845
1205 0.88814
1206 0.88782
1207 0.88751
1208 0.88719
1209 0.88687
1210 0.88656
1211 0.88624
1212 0.88592
1213 0.88560
1214 0.88528
1215 0.88496
1216 1.00000
