17 0.81854
18 0.80414
19 0.78961
20 0.77498
21 0.76029
22 0.74556
23 0.73080
24 0.71604
25 0.70130
26 0.68660
27 0.67195
28 0.65737
29 0.64288
30 0.62848
31 0.61420
32 0.60004
33 0.58601
34 0.57212
35 0.55839
36 0.54482
37 0.53142
38 0.51820
39 0.50516
40 0.49230
41 0.47964
42 0.46718
43 0.45492
44 0.44286
45 0.43101
46 0.41937
47 0.40795
48 0.39674
49 0.38574
50 0.37496
51 0.36440
52 0.35405
53 0.34392
54 0.33400
55 0.32430
56 0.31482
57 0.30555
58 0.29649
59 0.28764
60 0.27900
61 0.27056
62 0.26233
63 0.25431
64 0.24648
65 0.23885
66 0.23141
67 0.22417
68 0.21711
69 0.21024
70 0.20355
71 0.19705
72 0.19072
73 0.18456
74 0.17858
75 0.17276
76 0.16710
77 0.16161
78 0.15627
79 0.15109
80 0.14606
81 0.14117
82 0.13644
83 0.13184
84 0.12738
85 0.12305
86 0.11886
87 0.11479
88 0.11085
89 0.10703
90 0.10333
91 0.09975
92 0.09628
93 0.09292
94 0.08966
95 0.08652
96 0.08347
97 0.08052
98 0.07767
99 0.07491
100 0.07224
101 0.06966
102 0.06716
103 0.06475
104 0.06242
105 0.06017
106 0.05799
107 0.05589
108 0.05386
109 0.05189
110 0.05000
111 0.04817
112 0.04640
113 0.04470
114 0.04305
115 0.04146
116 0.03993
117 0.03845
118 0.03702
119 0.03565
120 0.03432
121 0.03304
122 0.03181
123 0.03061
124 0.02947
125 0.02836
126 0.02729
127 0.02627
128 0.02528
129 0.02432
130 0.02340
131 0.02251
132 0.02166
133 0.02084
134 0.02005
135 0.01928
136 0.01855
137 0.01784
138 0.01716
139 0.01650
140 0.01587
141 0.01526
142 0.01468
143 0.01412
144 0.01357
145 0.01305
146 0.01255
147 0.01207
148 0.01160
149 0.01115
150 0.01072
151 0.01031
152 0.00991
153 0.00953
154 0.00916
155 0.00880
156 0.00846
157 0.00813
158 0.00782
159 0.00752
160 0.00722
161 0.00694
162 0.00667
163 0.00641
164 0.00617
165 0.00593
166 0.00570
167 0.00547
168 0.00526
169 0.00506
170 0.00486
171 0.00467
172 0.00449
173 0.00431
174 0.00415
175 0.00398
176 0.00383
177 0.00368
178 0.00354
179 0.00340
180 0.00327
181 0.00314
182 0.00302
183 0.00290
184 0.00279
185 0.00268
186 0.00257
187 0.00247
188 0.00238
189 0.00229
190 0.00220
191 0.00211
192 0.00203
193 0.00195
194 0.00188
195 0.00180
196 0.00173
197 0.00167
198 0.00160
199 0.00154
200 0.00148
201 0.00142
202 0.00137
203 0.00131
204 0.00126
205 0.00122
206 0.00117
207 0.00112
208 0.00108
209 0.00104
210 0.00100
211 0.00096
212 0.00092
213 0.00089
214 0.00085
215 0.00082
216 0.00079
217 0.00076
218 0.00073
219 0.00070
220 0.00068
221 0.00065
222 0.00063
223 0.00060
224 0.00058
225 0.00056
226 0.00054
227 0.00052
228 0.00050
229 0.00048
230 0.00046
231 0.00044
232 0.00043
233 0.00041
234 0.00039
235 0.00038
236 0.00037
237 0.00035
238 0.00034
239 0.00033
240 0.00031
241 0.00030
242 0.00029
243 0.00028
244 0.00027
245 0.00026
246 0.00025
247 0.00024
248 0.00023
249 0.00022
250 0.00022
251 0.00021
252 0.00020
253 0.00019
254 0.00019
255 0.00018
256 0.00017
257 0.00017
258 0.00016
259 0.00015
260 0.00015
261 0.00014
262 0.00014
263 0.00013
264 0.00013
265 0.00012
266 0.00012
267 0.00012
268 0.00011
269 0.00011
270 0.00010
271 0.00010
272 0.00010
273 0.00009
274 0.00009
275 0.00009
276 0.00008
277 0.00008
278 0.00008
279 0.00008
280 0.00007
281 0.00007
282 0.00007
283 0.00007
284 0.00006
285 0.00006
286 0.00006
287 0.00006
288 0.00005
289 0.00005
290 0.00005
291 0.00005
292 0.00005
293 0.00005
294 0.00004
295 0.00004
296 0.00004
297 0.00004
298 0.00004
299 0.00004
300 0.00004
301 0.00004
302 0.00003
303 0.00003
304 0.00003
305 0.00003
306 0.00003
307 0.00003
308 0.00003
309 0.00003
310 0.00003
311 0.00003
312 0.00002
313 0.00002
314 0.00002
315 0.00002
316 0.00002
317 0.00002
318 0.00002
319 0.00002
320 0.00002
321 0.00002
322 0.00002
323 0.00002
324 0.00002
325 0.00002
326 0.00002
327 0.00002
328 0.00001
329 0.00001
330 0.00001
331 0.00001
332 0.00001
333 0.00001
334 0.00001
335 0.00001
336 0.00001
337 0.00001
338 0.00001
339 0.00001
340 0.00001
341 0.00001
342 0.00001
343 0.00001
344 0.00001
345 0.00001
346 0.00001
347 0.00001
348 0.00001
349 0.00001
350 0.00001
351 0.00001
352 0.00001
353 0.00001
354 0.00001
355 0.00001
356 0.00001
357 0.00001
358 0.00001
359 0.00001
360 0.00001
361 0.00001
362 0.00001
363 0.00001
364 0.00001
365 0.00001
366 0.00000
367 0.00000
368 0.00000
369 0.00000
370 0.00000
371 0.00000
372 0.00000
373 0.00000
374 0.00000
375 0.00000
376 0.00000
377 0.00000
378 0.00000
379 0.00000
380 0.00000
381 0.00000
382 0.00000
383 0.00000
384 0.00000
385 0.00000
386 0.00000
387 0.00000
388 0.00000
389 0.00000
390 0.00000
391 0.00000
392 0.00000
393 0.00000
394 0.00000
395 0.00000
396 0.00000
397 0.00000
398 0.00000
399 0.00000
400 0.00000
401 0.00000
402 0.00000
403 0.00000
404 0.00000
405 0.00000
406 0.00000
407 0.00000
408 0.00000
409 0.00000
410 0.00000
411 0.00000
412 0.00000
413 0.00000
414 0.00000
415 0.00000
416 0.00000
417 0.00000
418 0.00000
419 0.00000
420 0.00000
421 0.00000
422 0.00000
423 0.00000
424 0.00000
425 0.00000
426 0.00000
427 0.00000
428 0.00000
429 0.00000
430 0.00000
431 0.00000
432 0.00000
433 0.00000
434 0.00000
435 0.00000
436 0.00000
437 0.00000
438 0.00000
439 0.00000
440 0.00000
441 0.00000
442 0.00000
443 0.00000
444 0.00000
445 0.00000
446 0.00000
447 0.00000
448 0.00000
449 0.00000
450 0.00000
451 0.00000
452 0.00000
453 0.00000
454 0.00000
455 0.00000
456 0.00000
457 0.00000
458 0.00000
459 0.00000
460 0.00000
461 0.00000
462 0.00000
463 0.00000
464 0.00000
465 0.00000
466 0.00000
467 0.00000
468 0.00000
469 0.00000
470 0.00000
471 0.00000
472 0.00000
473 0.00000
474 0.00000
475 0.00000
476 0.00000
477 0.00000
478 0.00000
479 0.00000
480 0.00000
481 0.00000
482 0.00000
483 0.00000
484 0.00000
485 0.00000
486 0.00000
487 0.00000
488 0.00000
489 0.00000
490 0.00000
491 0.00000
492 0.00000
493 0.00000
494 0.00000
495 0.00000
496 0.00000
497 0.00000
498 0.00000
499 0.00000
500 0.00000
501 0.00000
502 0.00000
503 0.00000
504 0.00000
505 0.00000
506 0.00000
507 0.00000
508 0.00000
509 0.00000
510 0.00000
511 0.00000
512 0.00000
513 0.00000
514 0.00000
515 0.00000
516 0.00000
517 0.00000
518 0.00000
519 0.00000
520 0.00000
521 0.00000
522 0.00000
523 0.00000
524 0.00000
525 0.00000
526 0.00000
527 0.00000
528 0.00000
529 0.00000
530 0.00000
531 0.00000
532 0.00000
533 0.00000
534 0.00000
535 0.00000
536 0.00000
537 0.00000
538 0.00000
539 0.00000
540 0.00000
541 0.00000
542 0.00000
543 0.00000
544 0.00000
545 0.00000
546 0.00000
547 0.00000
548 0.00000
549 0.00000
550 0.00000
551 0.00000
552 0.00000
553 0.00000
554 0.00000
555 0.00000
556 0.00000
557 0.00000
558 0.00000
559 0.00000
560 0.00000
561 0.00000
562 0.00000
563 0.00000
564 0.00000
565 0.00000
566 0.00000
567 0.00000
568 0.00000
569 0.00000
570 0.00000
571 0.00000
572 0.00000
573 0.00000
574 0.00000
575 0.00000
576 0.00000
577 0.00000
578 0.00000
579 0.00000
580 0.00000
581 0.00000
582 0.00000
583 0.00000
584 0.00000
585 0.00000
586 0.00000
587 0.00000
588 0.00000
589 0.00000
590 0.00000
591 0.00000
592 0.00000
593 0.00000
594 0.00000
595 0.00000
596 0.00000
597 0.00000
598 0.00000
599 0.00000
600 0.00000
601 0.00000
602 0.00000
603 0.00000
604 0.00000
605 0.00000
606 0.00000
607 0.00000
608 0.00000
609 0.00000
610 0.00000
611 0.00000
612 0.00000
613 0.00000
614 0.00000
615 0.00000
616 0.00000
617 0.00000
618 0.00000
619 0.00000
620 0.00000
621 0.00000
622 0.00000
623 0.00000
624 0.00000
625 0.00000
626 0.00000
627 0.00000
628 0.00000
629 0.00000
630 0.00000
631 0.00000
632 0.00000
633 0.00000
634 0.00000
635 0.00000
636 0.00000
637 0.00000
638 0.00000
639 0.00000
640 0.00000
641 0.00000
642 0.00000
643 0.00000
644 0.00000
645 0.00000
646 0.00000
647 0.00000
648 0.00000
649 0.00000
650 0.00000
651 0.00000
652 0.00000
653 0.00000
654 0.00000
655 0.00000
656 0.00000
657 0.00000
658 0.00000
659 0.00000
660 0.00000
661 0.00000
662 0.00000
663 0.00000
664 0.00000
665 0.00000
666 0.00000
667 0.00000
668 0.00000
669 0.00000
670 0.00000
671 0.00000
672 0.00000
673 0.00000
674 0.00000
675 0.00000
676 0.00000
677 0.00000
678 0.00000
679 0.00000
680 0.00000
681 0.00000
682 0.00000
683 0.00000
684 0.00000
685 0.00000
686 0.00000
687 0.00000
688 0.00000
689 0.00000
690 0.00000
691 0.00000
692 0.00000
693 0.00000
694 0.00000
695 0.00000
696 0.00000
697 0.00000
698 0.00000
699 0.00000
700 0.00000
701 0.00000
702 0.00000
703 0.00000
704 0.00000
705 0.00000
706 0.00000
707 0.00000
708 0.00000
709 0.00000
710 0.00000
711 0.00000
712 0.00000
713 0.00000
714 0.00000
715 0.00000
716 0.00000
717 0.00000
718 0.00000
719 0.00000
720 0.00000
721 0.00000
722 0.00000
723 0.00001
724 0.00001
725 0.00001
726 0.00001
727 0.00001
728 0.00001
729 0.00001
730 0.00001
731 0.00001
732 0.00001
733 0.00001
734 0.00001
735 0.00001
736 0.00001
737 0.00001
738 0.00001
739 0.00001
740 0.00001
741 0.00001
742 0.00001
743 0.00001
744 0.00001
745 0.00001
746 0.00001
747 0.00001
748 0.00001
749 0.00001
750 0.00001
751 0.00001
752 0.00001
753 0.00001
754 0.00002
755 0.00002
756 0.00002
757 0.00002
758 0.00002
759 0.00002
760 0.00002
761 0.00002
762 0.00002
763 0.00002
764 0.00002
765 0.00002
766 0.00002
767 0.00003
768 0.00003
769 0.00003
770 0.00003
771 0.00003
772 0.00003
773 0.00003
774 0.00003
775 0.00004
776 0.00004
777 0.00004
778 0.00004
779 0.00004
780 0.00005
781 0.00005
782 0.00005
783 0.00005
784 0.00005
785 0.00006
786 0.00006
787 0.00006
788 0.00006
789 0.00007
790 0.00007
791 0.00007
792 0.00008
793 0.00008
794 0.00009
795 0.00009
796 0.00009
797 0.00010
798 0.00010
799 0.00011
800 0.00011
801 0.00012
802 0.00012
803 0.00013
804 0.00014
805 0.00014
806 0.00015
807 0.00016
808 0.00017
809 0.00018
810 0.00019
811 0.00019
812 0.00020
813 0.00022
814 0.00023
815 0.00024
816 0.00025
817 0.00026
818 0.00028
819 0.00029
820 0.00031
821 0.00033
822 0.00034
823 0.00036
824 0.00038
825 0.00040
826 0.00042
827 0.00045
828 0.00047
829 0.00050
830 0.00053
831 0.00056
832 0.00059
833 0.00062
834 0.00066
835 0.00069
836 0.00073
837 0.00077
838 0.00082
839 0.00087
840 0.00092
841 0.00097
842 0.00102
843 0.00108
844 0.00115
845 0.00122
846 0.00129
847 0.00136
848 0.00144
849 0.00153
850 0.00162
851 0.00172
852 0.00182
853 0.00193
854 0.00205
855 0.00217
856 0.00230
857 0.00244
858 0.00259
859 0.00275
860 0.00292
861 0.00310
862 0.00329
863 0.00350
864 0.00372
865 0.00395
866 0.00420
867 0.00446
868 0.00474
869 0.00504
870 0.00536
871 0.00570
872 0.00607
873 0.00645
874 0.00687
875 0.00731
876 0.00778
877 0.00828
878 0.00882
879 0.00939
880 0.01001
881 0.01066
882 0.01136
883 0.01210
884 0.01290
885 0.01375
886 0.01466
887 0.01563
888 0.01667
889 0.01779
890 0.01897
891 0.02025
892 0.02161
893 0.02306
894 0.02462
895 0.02628
896 0.02807
897 0.02998
898 0.03202
899 0.03421
900 0.03655
901 0.03906
902 0.04175
903 0.04463
904 0.04771
905 0.05102
906 0.05456
907 0.05836
908 0.06243
909 0.06680
910 0.07148
911 0.07650
912 0.08054
913 0.08383
914 0.08779
915 0.09185
916 0.09455
917 0.09579
918 0.09750
919 0.09983
920 0.10300
921 0.10734
922 0.10602
923 0.10471
924 0.11070
925 0.10937
926 0.10804
927 0.11654
928 0.11519
929 0.11384
930 0.11249
931 0.12501
932 0.12362
933 0.12225
934 0.12087
935 0.11951
936 0.11814
937 0.11678
938 0.13620
939 0.13479
940 0.13338
941 0.13197
942 0.13057
943 0.12917
944 0.12778
945 0.12639
946 0.12501
947 0.12363
948 0.12226
949 0.12089
950 0.15358
951 0.15213
952 0.15069
953 0.14924
954 0.14780
955 0.14637
956 0.14493
957 0.14350
958 0.14208
959 0.14066
960 0.13924
961 0.13783
962 0.13642
963 0.13501
964 0.13361
965 0.13221
966 0.13082
967 0.12944
968 0.12806
969 0.12668
970 0.12531
971 0.12394
972 0.12258
973 0.18566
974 0.18418
975 0.18271
976 0.18124
977 0.17977
978 0.17830
979 0.17684
980 0.17537
981 0.17391
982 0.17246
983 0.17100
984 0.16955
985 0.16810
986 0.16666
987 0.16521
988 0.16377
989 0.16234
990 0.16091
991 0.15948
992 0.15805
993 0.15663
994 0.15521
995 0.15380
996 0.15239
997 0.15098
998 0.14958
999 0.14819
1000 0.14679
1001 0.14541
1002 0.14402
1003 0.14265
1004 0.14127
1005 0.13990
1006 0.13854
1007 0.13718
1008 0.13583
1009 0.13448
1010 0.13314
1011 0.13180
1012 0.13047
1013 0.12914
1014 0.12782
1015 0.12650
1016 0.12519
1017 0.12389
1018 0.12259
1019 0.12130
1020 0.12001
1021 0.11873
1022 0.11746
1023 0.11619
1024 0.11493
1025 0.11367
1026 0.27429
1027 0.27300
1028 0.27170
1029 0.27041
1030 0.26912
1031 0.26783
1032 0.26654
1033 0.26525
1034 0.26396
1035 0.26267
1036 0.26138
1037 0.26010
1038 0.25881
1039 0.25753
1040 0.25624
1041 0.25496
1042 0.25368
1043 0.25239
1044 0.25111
1045 0.24983
1046 0.24855
1047 0.24727
1048 0.24599
1049 0.24471
1050 0.24343
1051 0.24215
1052 0.24087
1053 0.23959
1054 0.23831
1055 0.23704
1056 0.23576
1057 0.23448
1058 0.23320
1059 0.23192
1060 0.23064
1061 0.22936
1062 0.22808
1063 0.22680
1064 0.22552
1065 0.22424
1066 0.22296
1067 0.22168
1068 0.22040
1069 0.21911
1070 0.21783
1071 0.21655
1072 0.21526
1073 0.21397
1074 0.21269
1075 0.21140
1076 0.21011
1077 0.20882
1078 0.20753
1079 0.20624
1080 0.20494
1081 0.20365
1082 0.20235
1083 0.20106
1084 0.19976
1085 0.19846
1086 0.19716
1087 0.19585
1088 0.19455
1089 0.19324
1090 0.19194
1091 0.19063
1092 0.18932
1093 0.18800
1094 0.18669
1095 0.18537
1096 0.18406
1097 0.18274
1098 0.18142
1099 0.18010
1100 0.17877
1101 0.17745
1102 0.17612
1103 0.17479
1104 0.17346
1105 0.17213
1106 0.17079
1107 0.16946
1108 0.16812
1109 0.16678
1110 0.16544
1111 0.16410
1112 0.16276
1113 0.16141
1114 0.16007
1115 0.15872
1116 0.15737
1117 0.15602
1118 0.15467
1119 0.15332
1120 0.15197
1121 0.15062
1122 0.14927
1123 0.14791
1124 0.14656
1125 0.14521
1126 0.14385
1127 0.14250
1128 0.14114
1129 0.13979
1130 0.13844
1131 0.13708
1132 0.13573
1133 0.13438
1134 0.13303
1135 0.13168
1136 0.13033
1137 0.12898
1138 0.12763
1139 0.12629
1140 0.12494
1141 0.12360
1142 0.12226
1143 0.12093
1144 0.11959
1145 0.11826
1146 0.11693
1147 0.11561
1148 0.11429
1149 0.11297
1150 0.11165
1151 0.11034
1152 0.10903
1153 0.10773
1154 0.10643
1155 0.10513
1156 0.10384
1157 0.10256
1158 0.10128
1159 0.10000
1160 0.09873
1161 0.09747
1162 0.09621
1163 0.09495
1164 0.09371
1165 0.09247
1166 0.09123
1167 0.09000
1168 0.08878
1169 0.08757
1170 0.08636
1171 0.08516
1172 0.08397
1173 0.08278
1174 0.08160
1175 0.08043
1176 0.07927
1177 0.07811
1178 0.07697
1179 0.07583
1180 0.07470
1181 0.07357
1182 0.07246
1183 0.07136
1184 0.07026
1185 0.06917
1186 0.06810
1187 0.06703
1188 0.06597
1189 0.06492
1190 0.06388
1191 0.06284
1192 0.06182
1193 0.06081
1194 0.05981
1195 0.05881
1196 0.05783
1197 0.05685
1198 0.05589
1199 0.05494
1200 0.05399
1201 0.05306
1202 0.05213
1203 0.05122
1204 0.05031
1205 0.04942
1206 0.04854
1207 0.04766
1208 0.04680
1209 0.04594
1210 0.04510
1211 0.04427
1212 0.04344
1213 0.04263
1214 0.04183
1215 0.04104
1216 1.00000
