17 0.98346
18 0.98194
19 0.98038
20 0.97878
21 0.97714
22 0.97545
23 0.97372
24 0.97196
25 0.97016
26 0.96832
27 0.96644
28 0.96454
29 0.96259
30 0.96062
31 0.95861
32 0.95657
33 0.95450
34 0.95240
35 0.95027
36 0.94811
37 0.94592
38 0.94371
39 0.94147
40 0.93920
41 0.93691
42 0.93460
43 0.93226
44 0.92989
45 0.92751
46 0.92510
47 0.92267
48 0.92022
49 0.91775
50 0.91526
51 0.91275
52 0.91022
53 0.90767
54 0.90510
55 0.90252
56 0.89992
57 0.89730
58 0.89466
59 0.89202
60 0.88935
61 0.88667
62 0.88398
63 0.88127
64 0.87855
65 0.87581
66 0.87306
67 0.87030
68 0.86753
69 0.86475
70 0.86195
71 0.85915
72 0.85633
73 0.85351
74 0.85067
75 0.84782
76 0.84497
77 0.84211
78 0.83924
79 0.83636
80 0.83347
81 0.83058
82 0.82768
83 0.82477
84 0.82186
85 0.81894
86 0.81601
87 0.81308
88 0.81014
89 0.80720
90 0.80426
91 0.80131
92 0.79835
93 0.79540
94 0.79244
95 0.78947
96 0.78650
97 0.78354
98 0.78056
99 0.77759
100 0.77461
101 0.77164
102 0.76866
103 0.76568
104 0.76270
105 0.75972
106 0.75673
107 0.75375
108 0.75077
109 0.74779
110 0.74481
111 0.74183
112 0.73885
113 0.73587
114 0.73289
115 0.72991
116 0.72694
117 0.72397
118 0.72100
119 0.71803
120 0.71506
121 0.71210
122 0.70914
123 0.70618
124 0.70323
125 0.70028
126 0.69733
127 0.69439
128 0.69145
129 0.68851
130 0.68558
131 0.68265
132 0.67973
133 0.67681
134 0.67389
135 0.67099
136 0.66808
137 0.66518
138 0.66229
139 0.65940
140 0.65652
141 0.65364
142 0.65077
143 0.64791
144 0.64505
145 0.64219
146 0.63935
147 0.63651
148 0.63367
149 0.63084
150 0.62802
151 0.62521
152 0.62240
153 0.61960
154 0.61681
155 0.61403
156 0.61125
157 0.60848
158 0.60571
159 0.60296
160 0.60021
161 0.59747
162 0.59474
163 0.59201
164 0.58930
165 0.58659
166 0.58389
167 0.58120
168 0.57851
169 0.57584
170 0.57317
171 0.57051
172 0.56786
173 0.56522
174 0.56259
175 0.55996
176 0.55735
177 0.55474
178 0.55215
179 0.54956
180 0.54698
181 0.54441
182 0.54185
183 0.53930
184 0.53675
185 0.53422
186 0.53170
187 0.52918
188 0.52668
189 0.52418
190 0.52169
191 0.51922
192 0.51675
193 0.51429
194 0.51184
195 0.50940
196 0.50698
197 0.50456
198 0.50215
199 0.49975
200 0.49736
201 0.49498
202 0.49261
203 0.49025
204 0.48790
205 0.48555
206 0.48322
207 0.48090
208 0.47859
209 0.47629
210 0.47400
211 0.47172
212 0.46945
213 0.46719
214 0.46493
215 0.46269
216 0.46046
217 0.45824
218 0.45603
219 0.45383
220 0.45164
221 0.44946
222 0.44728
223 0.44512
224 0.44297
225 0.44083
226 0.43870
227 0.43658
228 0.43447
229 0.43237
230 0.43028
231 0.42820
232 0.42613
233 0.42406
234 0.42201
235 0.41997
236 0.41794
237 0.41592
238 0.41391
239 0.41191
240 0.40992
241 0.40794
242 0.40597
243 0.40401
244 0.40206
245 0.40011
246 0.39818
247 0.39626
248 0.39435
249 0.39245
250 0.39056
251 0.38867
252 0.38680
253 0.38494
254 0.38308
255 0.38124
256 0.37941
257 0.37758
258 0.37577
259 0.37397
260 0.37217
261 0.37039
262 0.36861
263 0.36684
264 0.36509
265 0.36334
266 0.36160
267 0.35987
268 0.35816
269 0.35645
270 0.35475
271 0.35306
272 0.35138
273 0.34970
274 0.34804
275 0.34639
276 0.34474
277 0.34311
278 0.34148
279 0.33987
280 0.33826
281 0.33666
282 0.33507
283 0.33349
284 0.33192
285 0.33036
286 0.32881
287 0.32726
288 0.32573
289 0.32420
290 0.32268
291 0.32118
292 0.31968
293 0.31819
294 0.31670
295 0.31523
296 0.31377
297 0.31231
298 0.31086
299 0.30942
300 0.30799
301 0.30657
302 0.30516
303 0.30375
304 0.30236
305 0.30097
306 0.29959
307 0.29822
308 0.29685
309 0.29550
310 0.29415
311 0.29281
312 0.29148
313 0.29016
314 0.28885
315 0.28754
316 0.28624
317 0.28495
318 0.28367
319 0.28240
320 0.28113
321 0.27987
322 0.27862
323 0.27738
324 0.27615
325 0.27492
326 0.27370
327 0.27249
328 0.27129
329 0.27009
330 0.26890
331 0.26772
332 0.26655
333 0.26538
334 0.26422
335 0.26307
336 0.26193
337 0.26079
338 0.25966
339 0.25854
340 0.25743
341 0.25632
342 0.25522
343 0.25413
344 0.25304
345 0.25197
346 0.25089
347 0.24983
348 0.24877
349 0.24772
350 0.24668
351 0.24564
352 0.24461
353 0.24359
354 0.24258
355 0.24157
356 0.24057
357 0.23957
358 0.23858
359 0.23760
360 0.23663
361 0.23566
362 0.23469
363 0.23374
364 0.23279
365 0.23185
366 0.23091
367 0.22998
368 0.22906
369 0.22814
370 0.22723
371 0.22633
372 0.22543
373 0.22454
374 0.22365
375 0.22278
376 0.22190
377 0.22104
378 0.22018
379 0.21932
380 0.21847
381 0.21763
382 0.21679
383 0.21596
384 0.21514
385 0.21432
386 0.21351
387 0.21270
388 0.21190
389 0.21110
390 0.21032
391 0.20953
392 0.20875
393 0.20798
394 0.20722
395 0.20646
396 0.20570
397 0.20495
398 0.20421
399 0.20347
400 0.20274
401 0.20201
402 0.20129
403 0.20057
404 0.19986
405 0.19915
406 0.19845
407 0.19776
408 0.19707
409 0.19638
410 0.19570
411 0.19503
412 0.19436
413 0.19370
414 0.19304
415 0.19239
416 0.19174
417 0.19110
418 0.19046
419 0.18983
420 0.18920
421 0.18858
422 0.18796
423 0.18735
424 0.18674
425 0.18614
426 0.18554
427 0.18495
428 0.18436
429 0.18377
430 0.18320
431 0.18262
432 0.18205
433 0.18149
434 0.18093
435 0.18038
436 0.17983
437 0.17928
438 0.17874
439 0.17820
440 0.17767
441 0.17715
442 0.17662
443 0.17611
444 0.17559
445 0.17509
446 0.17458
447 0.17408
448 0.17359
449 0.17310
450 0.17261
451 0.17213
452 0.17165
453 0.17118
454 0.17071
455 0.17025
456 0.16979
457 0.16933
458 0.16888
459 0.16843
460 0.16799
461 0.16755
462 0.16712
463 0.16669
464 0.16626
465 0.16584
466 0.16542
467 0.16501
468 0.16460
469 0.16419
470 0.16379
471 0.16340
472 0.16300
473 0.16262
474 0.16223
475 0.16185
476 0.16147
477 0.16110
478 0.16073
479 0.16037
480 0.16001
481 0.15965
482 0.15930
483 0.15895
484 0.15861
485 0.15827
486 0.15793
487 0.15760
488 0.15727
489 0.15694
490 0.15662
491 0.15630
492 0.15599
493 0.15568
494 0.15538
495 0.15507
496 0.15478
497 0.15448
498 0.15419
499 0.15390
500 0.15362
501 0.15334
502 0.15307
503 0.15279
504 0.15253
505 0.15226
506 0.15200
507 0.15174
508 0.15149
509 0.15124
510 0.15100
511 0.15075
512 0.15052
513 0.15028
514 0.15005
515 0.14982
516 0.14960
517 0.14938
518 0.14916
519 0.14895
520 0.14874
521 0.14854
522 0.14833
523 0.14814
524 0.14794
525 0.14775
526 0.14756
527 0.14738
528 0.14720
529 0.14702
530 0.14685
531 0.14668
532 0.14652
533 0.14635
534 0.14619
535 0.14604
536 0.14589
537 0.14574
538 0.14560
539 0.14546
540 0.14532
541 0.14519
542 0.14506
543 0.14493
544 0.14481
545 0.14469
546 0.14457
547 0.14446
548 0.14435
549 0.14425
550 0.14415
551 0.14405
552 0.14396
553 0.14387
554 0.14378
555 0.14370
556 0.14362
557 0.14354
558 0.14347
559 0.14340
560 0.14333
561 0.14327
562 0.14322
563 0.14316
564 0.14311
565 0.14306
566 0.14302
567 0.14298
568 0.14295
569 0.14291
570 0.14289
571 0.14286
572 0.14284
573 0.14282
574 0.14281
575 0.14280
576 0.14279
577 0.14279
578 0.14279
579 0.14280
580 0.14280
581 0.14282
582 0.14283
583 0.14285
584 0.14288
585 0.14291
586 0.14294
587 0.14297
588 0.14301
589 0.14305
590 0.14310
591 0.14315
592 0.14321
593 0.14327
594 0.14333
595 0.14340
596 0.14347
597 0.14354
598 0.14362
599 0.14370
600 0.14379
601 0.14388
602 0.14397
603 0.14407
604 0.14417
605 0.14428
606 0.14439
607 0.14451
608 0.14463
609 0.14475
610 0.14488
611 0.14501
612 0.14515
613 0.14529
614 0.14543
615 0.14558
616 0.14573
617 0.14589
618 0.14605
619 0.14622
620 0.14639
621 0.14656
622 0.14674
623 0.14693
624 0.14712
625 0.14731
626 0.14751
627 0.14771
628 0.14792
629 0.14813
630 0.14835
631 0.14857
632 0.14879
633 0.14902
634 0.14926
635 0.14950
636 0.14974
637 0.14999
638 0.15025
639 0.15051
640 0.15077
641 0.15104
642 0.15132
643 0.15160
644 0.15188
645 0.15217
646 0.15247
647 0.15277
648 0.15308
649 0.15339
650 0.15370
651 0.15403
652 0.15435
653 0.15469
654 0.15503
655 0.15537
656 0.15572
657 0.15608
658 0.15644
659 0.15680
660 0.15718
661 0.15756
662 0.15794
663 0.15833
664 0.15873
665 0.15913
666 0.15954
667 0.15995
668 0.16037
669 0.16080
670 0.16123
671 0.16167
672 0.16212
673 0.16257
674 0.16303
675 0.16350
676 0.16397
677 0.16445
678 0.16493
679 0.16543
680 0.16593
681 0.16643
682 0.16695
683 0.16747
684 0.16799
685 0.16853
686 0.16907
687 0.16962
688 0.17018
689 0.17074
690 0.17132
691 0.17190
692 0.17248
693 0.17308
694 0.17368
695 0.17429
696 0.17491
697 0.17554
698 0.17617
699 0.17682
700 0.17747
701 0.17813
702 0.17880
703 0.17948
704 0.18016
705 0.18086
706 0.18156
707 0.18228
708 0.18300
709 0.18373
710 0.18447
711 0.18522
712 0.18598
713 0.18675
714 0.18753
715 0.18832
716 0.18911
717 0.18992
718 0.19074
719 0.19157
720 0.19241
721 0.19326
722 0.19412
723 0.19499
724 0.19587
725 0.19677
726 0.19767
727 0.19858
728 0.19951
729 0.20045
730 0.20140
731 0.20236
732 0.20333
733 0.20432
734 0.20532
735 0.20633
736 0.20735
737 0.20838
738 0.20943
739 0.21049
740 0.21156
741 0.21265
742 0.21375
743 0.21486
744 0.21599
745 0.21713
746 0.21829
747 0.21946
748 0.22064
749 0.22184
750 0.22305
751 0.22428
752 0.22552
753 0.22678
754 0.22806
755 0.22935
756 0.23065
757 0.23197
758 0.23331
759 0.23467
760 0.23604
761 0.23743
762 0.23883
763 0.24025
764 0.24169
765 0.24315
766 0.24463
767 0.24612
768 0.24763
769 0.24916
770 0.25071
771 0.25227
772 0.25386
773 0.25546
774 0.25709
775 0.25873
776 0.26039
777 0.26208
778 0.26378
779 0.26551
780 0.26726
781 0.26903
782 0.27082
783 0.27263
784 0.27447
785 0.27633
786 0.27821
787 0.28012
788 0.28205
789 0.28400
790 0.28598
791 0.28798
792 0.29001
793 0.29207
794 0.29415
795 0.29626
796 0.29839
797 0.30055
798 0.30273
799 0.30495
800 0.30719
801 0.30946
802 0.31176
803 0.31409
804 0.31645
805 0.31884
806 0.32127
807 0.32372
808 0.32620
809 0.32872
810 0.33127
811 0.33386
812 0.33647
813 0.33912
814 0.34181
815 0.34453
816 0.34728
817 0.35007
818 0.35289
819 0.35575
820 0.35865
821 0.36159
822 0.36457
823 0.36758
824 0.37064
825 0.37374
826 0.37688
827 0.38006
828 0.38328
829 0.38655
830 0.38986
831 0.39322
832 0.39662
833 0.40007
834 0.40356
835 0.40710
836 0.41069
837 0.41433
838 0.41802
839 0.42176
840 0.42555
841 0.42940
842 0.43329
843 0.43724
844 0.44125
845 0.44531
846 0.44943
847 0.45360
848 0.45783
849 0.46212
850 0.46648
851 0.47089
852 0.47537
853 0.47990
854 0.48451
855 0.48917
856 0.49391
857 0.49871
858 0.50358
859 0.50851
860 0.51350
861 0.51857
862 0.52370
863 0.52891
864 0.53420
865 0.53956
866 0.54500
867 0.55052
868 0.55611
869 0.56179
870 0.56755
871 0.57340
872 0.57933
873 0.58535
874 0.59146
875 0.59766
876 0.60395
877 0.61033
878 0.61681
879 0.62338
880 0.63005
881 0.63682
882 0.64370
883 0.65067
884 0.65775
885 0.66494
886 0.67224
887 0.67965
888 0.68717
889 0.69480
890 0.70255
891 0.71042
892 0.71841
893 0.72652
894 0.73476
895 0.74312
896 0.75161
897 0.76024
898 0.76900
899 0.77789
900 0.78693
901 0.79610
902 0.80542
903 0.81489
904 0.82450
905 0.83427
906 0.84419
907 0.85427
908 0.86451
909 0.87491
910 0.88548
911 0.89621
912 0.90487
913 0.90607
914 0.90742
915 0.90875
916 0.90964
917 0.91010
918 0.91068
919 0.91143
920 0.91237
921 0.91359
922 0.91336
923 0.91313
924 0.91473
925 0.91451
926 0.91428
927 0.91643
928 0.91621
929 0.91599
930 0.91577
931 0.91873
932 0.91852
933 0.91832
934 0.91811
935 0.91790
936 0.91769
937 0.91748
938 0.92176
939 0.92156
940 0.92137
941 0.92118
942 0.92098
943 0.92079
944 0.92059
945 0.92039
946 0.92020
947 0.92000
948 0.91980
949 0.91961
950 0.92623
951 0.92606
952 0.92588
953 0.92571
954 0.92553
955 0.92536
956 0.92518
957 0.92501
958 0.92483
959 0.92466
960 0.92448
961 0.92430
962 0.92413
963 0.92395
964 0.92377
965 0.92359
966 0.92342
967 0.92324
968 0.92306
969 0.92288
970 0.92270
971 0.92252
972 0.92234
973 0.93382
974 0.93368
975 0.93354
976 0.93340
977 0.93326
978 0.93312
979 0.93298
980 0.93284
981 0.93269
982 0.93255
983 0.93241
984 0.93227
985 0.93213
986 0.93199
987 0.93184
988 0.93170
989 0.93156
990 0.93142
991 0.93127
992 0.93113
993 0.93099
994 0.93084
995 0.93070
996 0.93056
997 0.93041
998 0.93027
999 0.93012
1000 0.92998
1001 0.92983
1002 0.92969
1003 0.92954
1004 0.92940
1005 0.92925
1006 0.92910
1007 0.92896
1008 0.92881
1009 0.92866
1010 0.92852
1011 0.92837
1012 0.92822
1013 0.92807
1014 0.92793
1015 0.92778
1016 0.92763
1017 0.92748
1018 0.92729
1019 0.92704
1020 0.92679
1021 0.92654
1022 0.92629
1023 0.92604
1024 0.92579
1025 0.92554
1026 0.94995
1027 0.94978
1028 0.94960
1029 0.94943
1030 0.94926
1031 0.94909
1032 0.94891
1033 0.94874
1034 0.94856
1035 0.94839
1036 0.94821
1037 0.94804
1038 0.94786
1039 0.94768
1040 0.94751
1041 0.94733
1042 0.94715
1043 0.94697
1044 0.94680
1045 0.94662
1046 0.94644
1047 0.94626
1048 0.94608
1049 0.94590
1050 0.94572
1051 0.94554
1052 0.94535
1053 0.94517
1054 0.94499
1055 0.94481
1056 0.94462
1057 0.94444
1058 0.94425
1059 0.94407
1060 0.94388
1061 0.94370
1062 0.94351
1063 0.94333
1064 0.94314
1065 0.94295
1066 0.94276
1067 0.94258
1068 0.94239
1069 0.94220
1070 0.94201
1071 0.94182
1072 0.94163
1073 0.94144
1074 0.94125
1075 0.94106
1076 0.94086
1077 0.94067
1078 0.94048
1079 0.94028
1080 0.94009
1081 0.93990
1082 0.93970
1083 0.93951
1084 0.93931
1085 0.93912
1086 0.93892
1087 0.93872
1088 0.93853
1089 0.93833
1090 0.93813
1091 0.93793
1092 0.93773
1093 0.93753
1094 0.93734
1095 0.93714
1096 0.93693
1097 0.93673
1098 0.93653
1099 0.93633
1100 0.93613
1101 0.93593
1102 0.93572
1103 0.93552
1104 0.93531
1105 0.93511
1106 0.93491
1107 0.93470
1108 0.93449
1109 0.93429
1110 0.93408
1111 0.93387
1112 0.93367
1113 0.93346
1114 0.93325
1115 0.93304
1116 0.93283
1117 0.93262
1118 0.93241
1119 0.93220
1120 0.93199
1121 0.93178
1122 0.93157
1123 0.93135
1124 0.93114
1125 0.93093
1126 0.93071
1127 0.93050
1128 0.93029
1129 0.93007
1130 0.92986
1131 0.92964
1132 0.92942
1133 0.92921
1134 0.92899
1135 0.92877
1136 0.92855
1137 0.92833
1138 0.92812
1139 0.92790
1140 0.92768
1141 0.92746
1142 0.92723
1143 0.92701
1144 0.92679
1145 0.92657
1146 0.92635
1147 0.92612
1148 0.92590
1149 0.92568
1150 0.92545
1151 0.92523
1152 0.92500
1153 0.92477
1154 0.92455
1155 0.92432
1156 0.92409
1157 0.92387
1158 0.92364
1159 0.92341
1160 0.92318
1161 0.92295
1162 0.92272
1163 0.92249
1164 0.92226
1165 0.92203
1166 0.92180
1167 0.92156
1168 0.92133
1169 0.92110
1170 0.92086
1171 0.92063
1172 0.92040
1173 0.92016
1174 0.91992
1175 0.91969
1176 0.91945
1177 0.91922
1178 0.91898
1179 0.91874
1180 0.91850
1181 0.91826
1182 0.91802
1183 0.91778
1184 0.91754
1185 0.91730
1186 0.91706
1187 0.91682
1188 0.91658
1189 0.91634
1190 0.91609
1191 0.91585
1192 0.91561
1193 0.91536
1194 0.91512
1195 0.91487
1196 0.91463
1197 0.91438
1198 0.91413
1199 0.91388
1200 0.91364
1201 0.91339
1202 0.91314
1203 0.91289
1204 0.91264
1205 0.91239
1206 0.91214
1207 0.91189
1208 0.91164
1209 0.91139
1210 0.91113
1211 0.91088
1212 0.91063
1213 0.91037
1214 0.91012
1215 0.90987
1216 1.00000
