17 0.89472
18 0.88593
19 0.87700
20 0.86794
21 0.85876
22 0.84947
23 0.84008
24 0.83061
25 0.82107
26 0.81146
27 0.80179
28 0.79208
29 0.78233
30 0.77254
31 0.76273
32 0.75291
33 0.74308
34 0.73324
35 0.72341
36 0.71358
37 0.70378
38 0.69399
39 0.68422
40 0.67449
41 0.66480
42 0.65514
43 0.64553
44 0.63596
45 0.62644
46 0.61699
47 0.60758
48 0.59825
49 0.58897
50 0.57976
51 0.57063
52 0.56156
53 0.55257
54 0.54366
55 0.53482
56 0.52607
57 0.51740
58 0.50882
59 0.50032
60 0.49191
61 0.48358
62 0.47535
63 0.46721
64 0.45916
65 0.45120
66 0.44333
67 0.43556
68 0.42788
69 0.42030
70 0.41282
71 0.40543
72 0.39813
73 0.39093
74 0.38383
75 0.37683
76 0.36992
77 0.36311
78 0.35639
79 0.34977
80 0.34324
81 0.33681
82 0.33048
83 0.32424
84 0.31809
85 0.31204
86 0.30608
87 0.30021
88 0.29443
89 0.28875
90 0.28315
91 0.27765
92 0.27223
93 0.26691
94 0.26167
95 0.25652
96 0.25145
97 0.24647
98 0.24157
99 0.23676
100 0.23203
101 0.22738
102 0.22282
103 0.21833
104 0.21392
105 0.20959
106 0.20534
107 0.20116
108 0.19706
109 0.19303
110 0.18908
111 0.18520
112 0.18139
113 0.17765
114 0.17398
115 0.17038
116 0.16685
117 0.16338
118 0.15998
119 0.15664
120 0.15337
121 0.15016
122 0.14701
123 0.14392
124 0.14089
125 0.13793
126 0.13502
127 0.13216
128 0.12936
129 0.12662
130 0.12393
131 0.12130
132 0.11872
133 0.11619
134 0.11371
135 0.11128
136 0.10890
137 0.10657
138 0.10428
139 0.10204
140 0.09985
141 0.09770
142 0.09560
143 0.09354
144 0.09152
145 0.08955
146 0.08761
147 0.08572
148 0.08386
149 0.08205
150 0.08027
151 0.07853
152 0.07682
153 0.07516
154 0.07352
155 0.07192
156 0.07036
157 0.06883
158 0.06733
159 0.06586
160 0.06443
161 0.06302
162 0.06165
163 0.06030
164 0.05898
165 0.05770
166 0.05644
167 0.05520
168 0.05400
169 0.05282
170 0.05166
171 0.05053
172 0.04943
173 0.04835
174 0.04729
175 0.04625
176 0.04524
177 0.04425
178 0.04328
179 0.04234
180 0.04141
181 0.04050
182 0.03962
183 0.03875
184 0.03791
185 0.03708
186 0.03627
187 0.03547
188 0.03470
189 0.03394
190 0.03320
191 0.03248
192 0.03177
193 0.03107
194 0.03040
195 0.02973
196 0.02909
197 0.02845
198 0.02783
199 0.02723
200 0.02664
201 0.02606
202 0.02549
203 0.02494
204 0.02440
205 0.02387
206 0.02335
207 0.02285
208 0.02235
209 0.02187
210 0.02140
211 0.02094
212 0.02048
213 0.02004
214 0.01961
215 0.01919
216 0.01878
217 0.01837
218 0.01798
219 0.01759
220 0.01722
221 0.01685
222 0.01649
223 0.01614
224 0.01579
225 0.01546
226 0.01513
227 0.01480
228 0.01449
229 0.01418
230 0.01388
231 0.01359
232 0.01330
233 0.01302
234 0.01275
235 0.01248
236 0.01221
237 0.01196
238 0.01171
239 0.01146
240 0.01122
241 0.01099
242 0.01076
243 0.01053
244 0.01031
245 0.01010
246 0.00989
247 0.00969
248 0.00948
249 0.00929
250 0.00910
251 0.00891
252 0.00873
253 0.00855
254 0.00837
255 0.00820
256 0.00803
257 0.00787
258 0.00771
259 0.00755
260 0.00740
261 0.00725
262 0.00710
263 0.00696
264 0.00682
265 0.00668
266 0.00655
267 0.00642
268 0.00629
269 0.00616
270 0.00604
271 0.00592
272 0.00580
273 0.00569
274 0.00558
275 0.00547
276 0.00536
277 0.00525
278 0.00515
279 0.00505
280 0.00495
281 0.00485
282 0.00476
283 0.00467
284 0.00458
285 0.00449
286 0.00440
287 0.00432
288 0.00424
289 0.00415
290 0.00408
291 0.00400
292 0.00392
293 0.00385
294 0.00378
295 0.00370
296 0.00363
297 0.00357
298 0.00350
299 0.00343
300 0.00337
301 0.00331
302 0.00325
303 0.00319
304 0.00313
305 0.00307
306 0.00301
307 0.00296
308 0.00291
309 0.00285
310 0.00280
311 0.00275
312 0.00270
313 0.00265
314 0.00261
315 0.00256
316 0.00251
317 0.00247
318 0.00243
319 0.00238
320 0.00234
321 0.00230
322 0.00226
323 0.00222
324 0.00218
325 0.00214
326 0.00211
327 0.00207
328 0.00204
329 0.00200
330 0.00197
331 0.00193
332 0.00190
333 0.00187
334 0.00184
335 0.00181
336 0.00178
337 0.00175
338 0.00172
339 0.00169
340 0.00166
341 0.00163
342 0.00161
343 0.00158
344 0.00156
345 0.00153
346 0.00151
347 0.00148
348 0.00146
349 0.00144
350 0.00141
351 0.00139
352 0.00137
353 0.00135
354 0.00133
355 0.00131
356 0.00129
357 0.00127
358 0.00125
359 0.00123
360 0.00121
361 0.00119
362 0.00117
363 0.00115
364 0.00114
365 0.00112
366 0.00110
367 0.00109
368 0.00107
369 0.00106
370 0.00104
371 0.00103
372 0.00101
373 0.00100
374 0.00098
375 0.00097
376 0.00095
377 0.00094
378 0.00093
379 0.00092
380 0.00090
381 0.00089
382 0.00088
383 0.00087
384 0.00085
385 0.00084
386 0.00083
387 0.00082
388 0.00081
389 0.00080
390 0.00079
391 0.00078
392 0.00077
393 0.00076
394 0.00075
395 0.00074
396 0.00073
397 0.00072
398 0.00071
399 0.00070
400 0.00069
401 0.00068
402 0.00068
403 0.00067
404 0.00066
405 0.00065
406 0.00064
407 0.00064
408 0.00063
409 0.00062
410 0.00061
411 0.00061
412 0.00060
413 0.00059
414 0.00058
415 0.00058
416 0.00057
417 0.00056
418 0.00056
419 0.00055
420 0.00055
421 0.00054
422 0.00053
423 0.00053
424 0.00052
425 0.00052
426 0.00051
427 0.00051
428 0.00050
429 0.00050
430 0.00049
431 0.00049
432 0.00048
433 0.00048
434 0.00047
435 0.00047
436 0.00046
437 0.00046
438 0.00045
439 0.00045
440 0.00044
441 0.00044
442 0.00044
443 0.00043
444 0.00043
445 0.00042
446 0.00042
447 0.00042
448 0.00041
449 0.00041
450 0.00040
451 0.00040
452 0.00040
453 0.00039
454 0.00039
455 0.00039
456 0.00038
457 0.00038
458 0.00038
459 0.00038
460 0.00037
461 0.00037
462 0.00037
463 0.00036
464 0.00036
465 0.00036
466 0.00036
467 0.00035
468 0.00035
469 0.00035
470 0.00035
471 0.00034
472 0.00034
473 0.00034
474 0.00034
475 0.00033
476 0.00033
477 0.00033
478 0.00033
479 0.00033
480 0.00032
481 0.00032
482 0.00032
483 0.00032
484 0.00032
485 0.00031
486 0.00031
487 0.00031
488 0.00031
489 0.00031
490 0.00030
491 0.00030
492 0.00030
493 0.00030
494 0.00030
495 0.00030
496 0.00030
497 0.00029
498 0.00029
499 0.00029
500 0.00029
501 0.00029
502 0.00029
503 0.00029
504 0.00029
505 0.00028
506 0.00028
507 0.00028
508 0.00028
509 0.00028
510 0.00028
511 0.00028
512 0.00028
513 0.00028
514 0.00027
515 0.00027
516 0.00027
517 0.00027
518 0.00027
519 0.00027
520 0.00027
521 0.00027
522 0.00027
523 0.00027
524 0.00027
525 0.00027
526 0.00026
527 0.00026
528 0.00026
529 0.00026
530 0.00026
531 0.00026
532 0.00026
533 0.00026
534 0.00026
535 0.00026
536 0.00026
537 0.00026
538 0.00026
539 0.00026
540 0.00026
541 0.00026
542 0.00026
543 0.00026
544 0.00026
545 0.00026
546 0.00026
547 0.00026
548 0.00026
549 0.00026
550 0.00026
551 0.00026
552 0.00026
553 0.00026
554 0.00026
555 0.00026
556 0.00026
557 0.00026
558 0.00026
559 0.00026
560 0.00026
561 0.00026
562 0.00026
563 0.00026
564 0.00026
565 0.00026
566 0.00026
567 0.00026
568 0.00026
569 0.00026
570 0.00026
571 0.00026
572 0.00026
573 0.00026
574 0.00026
575 0.00026
576 0.00026
577 0.00026
578 0.00026
579 0.00027
580 0.00027
581 0.00027
582 0.00027
583 0.00027
584 0.00027
585 0.00027
586 0.00027
587 0.00027
588 0.00027
589 0.00027
590 0.00027
591 0.00028
592 0.00028
593 0.00028
594 0.00028
595 0.00028
596 0.00028
597 0.00028
598 0.00028
599 0.00028
600 0.00029
601 0.00029
602 0.00029
603 0.00029
604 0.00029
605 0.00029
606 0.00029
607 0.00030
608 0.00030
609 0.00030
610 0.00030
611 0.00030
612 0.00030
613 0.00031
614 0.00031
615 0.00031
616 0.00031
617 0.00031
618 0.00032
619 0.00032
620 0.00032
621 0.00032
622 0.00032
623 0.00033
624 0.00033
625 0.00033
626 0.00033
627 0.00034
628 0.00034
629 0.00034
630 0.00034
631 0.00035
632 0.00035
633 0.00035
634 0.00035
635 0.00036
636 0.00036
637 0.00036
638 0.00037
639 0.00037
640 0.00037
641 0.00038
642 0.00038
643 0.00038
644 0.00039
645 0.00039
646 0.00039
647 0.00040
648 0.00040
649 0.00041
650 0.00041
651 0.00041
652 0.00042
653 0.00042
654 0.00043
655 0.00043
656 0.00043
657 0.00044
658 0.00044
659 0.00045
660 0.00045
661 0.00046
662 0.00046
663 0.00047
664 0.00047
665 0.00048
666 0.00049
667 0.00049
668 0.00050
669 0.00050
670 0.00051
671 0.00051
672 0.00052
673 0.00053
674 0.00053
675 0.00054
676 0.00055
677 0.00055
678 0.00056
679 0.00057
680 0.00058
681 0.00058
682 0.00059
683 0.00060
684 0.00061
685 0.00062
686 0.00062
687 0.00063
688 0.00064
689 0.00065
690 0.00066
691 0.00067
692 0.00068
693 0.00069
694 0.00070
695 0.00071
696 0.00072
697 0.00073
698 0.00074
699 0.00075
700 0.00076
701 0.00077
702 0.00079
703 0.00080
704 0.00081
705 0.00082
706 0.00084
707 0.00085
708 0.00086
709 0.00088
710 0.00089
711 0.00091
712 0.00092
713 0.00094
714 0.00095
715 0.00097
716 0.00099
717 0.00100
718 0.00102
719 0.00104
720 0.00106
721 0.00107
722 0.00109
723 0.00111
724 0.00113
725 0.00115
726 0.00117
727 0.00120
728 0.00122
729 0.00124
730 0.00126
731 0.00129
732 0.00131
733 0.00134
734 0.00136
735 0.00139
736 0.00142
737 0.00144
738 0.00147
739 0.00150
740 0.00153
741 0.00156
742 0.00159
743 0.00162
744 0.00166
745 0.00169
746 0.00173
747 0.00176
748 0.00180
749 0.00183
750 0.00187
751 0.00191
752 0.00195
753 0.00199
754 0.00204
755 0.00208
756 0.00213
757 0.00217
758 0.00222
759 0.00227
760 0.00232
761 0.00237
762 0.00242
763 0.00248
764 0.00253
765 0.00259
766 0.00265
767 0.00271
768 0.00278
769 0.00284
770 0.00291
771 0.00297
772 0.00304
773 0.00312
774 0.00319
775 0.00327
776 0.00335
777 0.00343
778 0.00351
779 0.00360
780 0.00368
781 0.00377
782 0.00387
783 0.00396
784 0.00406
785 0.00417
786 0.00427
787 0.00438
788 0.00449
789 0.00461
790 0.00473
791 0.00485
792 0.00497
793 0.00510
794 0.00524
795 0.00538
796 0.00552
797 0.00566
798 0.00582
799 0.00597
800 0.00613
801 0.00630
802 0.00647
803 0.00665
804 0.00683
805 0.00702
806 0.00721
807 0.00741
808 0.00762
809 0.00784
810 0.00806
811 0.00829
812 0.00852
813 0.00876
814 0.00902
815 0.00928
816 0.00955
817 0.00982
818 0.01011
819 0.01041
820 0.01071
821 0.01103
822 0.01136
823 0.01170
824 0.01205
825 0.01241
826 0.01278
827 0.01317
828 0.01357
829 0.01399
830 0.01442
831 0.01486
832 0.01532
833 0.01580
834 0.01629
835 0.01680
836 0.01733
837 0.01788
838 0.01845
839 0.01904
840 0.01965
841 0.02028
842 0.02093
843 0.02161
844 0.02231
845 0.02304
846 0.02379
847 0.02458
848 0.02539
849 0.02623
850 0.02710
851 0.02801
852 0.02894
853 0.02992
854 0.03093
855 0.03198
856 0.03307
857 0.03420
858 0.03537
859 0.03659
860 0.03785
861 0.03917
862 0.04053
863 0.04195
864 0.04342
865 0.04495
866 0.04654
867 0.04819
868 0.04990
869 0.05168
870 0.05354
871 0.05547
872 0.05747
873 0.05955
874 0.06172
875 0.06397
876 0.06632
877 0.06876
878 0.07130
879 0.07394
880 0.07669
881 0.07955
882 0.08253
883 0.08563
884 0.08886
885 0.09222
886 0.09572
887 0.09937
888 0.10317
889 0.10713
890 0.11125
891 0.11555
892 0.12003
893 0.12470
894 0.12957
895 0.13464
896 0.13993
897 0.14545
898 0.15121
899 0.15721
900 0.16347
901 0.17001
902 0.17683
903 0.18394
904 0.19137
905 0.19912
906 0.20722
907 0.21567
908 0.22449
909 0.23370
910 0.24333
911 0.25338
912 0.26148
913 0.28502
914 0.30229
915 0.31522
916 0.32283
917 0.32664
918 0.33107
919 0.33631
920 0.34260
921 0.35030
922 0.34888
923 0.34745
924 0.35712
925 0.35570
926 0.35427
927 0.36681
928 0.36538
929 0.36396
930 0.36254
931 0.37947
932 0.37805
933 0.37664
934 0.37522
935 0.37381
936 0.37240
937 0.37098
938 0.39517
939 0.39377
940 0.39236
941 0.39096
942 0.38956
943 0.38816
944 0.38676
945 0.38536
946 0.38396
947 0.38256
948 0.38117
949 0.37977
950 0.41724
951 0.41586
952 0.41448
953 0.41310
954 0.41173
955 0.41035
956 0.40897
957 0.40759
958 0.40622
959 0.40484
960 0.40347
961 0.40210
962 0.40073
963 0.39936
964 0.39799
965 0.39662
966 0.39525
967 0.39388
968 0.39251
969 0.39115
970 0.38979
971 0.38842
972 0.38706
973 0.45305
974 0.45172
975 0.45040
976 0.44907
977 0.44774
978 0.44642
979 0.44509
980 0.44377
981 0.44245
982 0.44112
983 0.43980
984 0.43847
985 0.43715
986 0.43583
987 0.43451
988 0.43319
989 0.43187
990 0.43055
991 0.42923
992 0.42791
993 0.42659
994 0.42527
995 0.42395
996 0.42264
997 0.42132
998 0.42000
999 0.41869
1000 0.41737
1001 0.41606
1002 0.41475
1003 0.41343
1004 0.41212
1005 0.41081
1006 0.40950
1007 0.40819
1008 0.40688
1009 0.40557
1010 0.40426
1011 0.40296
1012 0.40165
1013 0.40034
1014 0.39904
1015 0.39774
1016 0.39643
1017 0.39513
1018 0.39383
1019 0.39253
1020 0.39123
1021 0.38993
1022 0.38863
1023 0.38733
1024 0.38603
1025 0.38474
1026 0.53264
1027 0.53146
1028 0.53029
1029 0.52911
1030 0.52793
1031 0.52675
1032 0.52557
1033 0.52439
1034 0.52321
1035 0.52203
1036 0.52085
1037 0.51967
1038 0.51849
1039 0.51731
1040 0.51612
1041 0.51494
1042 0.51376
1043 0.51258
1044 0.51140
1045 0.51021
1046 0.50903
1047 0.50785
1048 0.50666
1049 0.50548
1050 0.50430
1051 0.50311
1052 0.50193
1053 0.50074
1054 0.49956
1055 0.49837
1056 0.49719
1057 0.49601
1058 0.49482
1059 0.49364
1060 0.49245
1061 0.49127
1062 0.49008
1063 0.48890
1064 0.48771
1065 0.48653
1066 0.48534
1067 0.48416
1068 0.48297
1069 0.48179
1070 0.48060
1071 0.47942
1072 0.47823
1073 0.47705
1074 0.47586
1075 0.47468
1076 0.47349
1077 0.47231
1078 0.47112
1079 0.46994
1080 0.46875
1081 0.46757
1082 0.46638
1083 0.46520
1084 0.46402
1085 0.46283
1086 0.46165
1087 0.46047
1088 0.45928
1089 0.45810
1090 0.45692
1091 0.45574
1092 0.45455
1093 0.45337
1094 0.45219
1095 0.45101
1096 0.44983
1097 0.44865
1098 0.44747
1099 0.44629
1100 0.44511
1101 0.44393
1102 0.44275
1103 0.44157
1104 0.44039
1105 0.43921
1106 0.43803
1107 0.43686
1108 0.43568
1109 0.43450
1110 0.43333
1111 0.43215
1112 0.43097
1113 0.42980
1114 0.42862
1115 0.42745
1116 0.42628
1117 0.42510
1118 0.42393
1119 0.42276
1120 0.42159
1121 0.42041
1122 0.41924
1123 0.41807
1124 0.41690
1125 0.41573
1126 0.41457
1127 0.41340
1128 0.41223
1129 0.41106
1130 0.40990
1131 0.40873
1132 0.40757
1133 0.40640
1134 0.40524
1135 0.40407
1136 0.40291
1137 0.40175
1138 0.40059
1139 0.39943
1140 0.39827
1141 0.39711
1142 0.39595
1143 0.39479
1144 0.39363
1145 0.39247
1146 0.39132
1147 0.39016
1148 0.38901
1149 0.38786
1150 0.38670
1151 0.38555
1152 0.38440
1153 0.38325
1154 0.38210
1155 0.38095
1156 0.37980
1157 0.37865
1158 0.37750
1159 0.37636
1160 0.37521
1161 0.37407
1162 0.37292
1163 0.37178
1164 0.37064
1165 0.36950
1166 0.36836
1167 0.36722
1168 0.36608
1169 0.36494
1170 0.36381
1171 0.36267
1172 0.36153
1173 0.36040
1174 0.35927
1175 0.35813
1176 0.35700
1177 0.35587
1178 0.35474
1179 0.35361
1180 0.35249
1181 0.35136
1182 0.35023
1183 0.34911
1184 0.34798
1185 0.34686
1186 0.34574
1187 0.34462
1188 0.34350
1189 0.34238
1190 0.34126
1191 0.34014
1192 0.33903
1193 0.33791
1194 0.33680
1195 0.33568
1196 0.33457
1197 0.33346
1198 0.33235
1199 0.33124
1200 0.33013
1201 0.32903
1202 0.32792
1203 0.32681
1204 0.32571
1205 0.32461
1206 0.32350
1207 0.32240
1208 0.32130
1209 0.32020
1210 0.31911
1211 0.31801
1212 0.31691
1213 0.31582
1214 0.31472
1215 0.31363
1216 1.00000
