17 0.97400
18 0.97173
19 0.96940
20 0.96702
21 0.96459
22 0.96211
23 0.95958
24 0.95701
25 0.95440
26 0.95174
27 0.94905
28 0.94631
29 0.94354
30 0.94074
31 0.93790
32 0.93503
33 0.93212
34 0.92919
35 0.92622
36 0.92323
37 0.92021
38 0.91717
39 0.91410
40 0.91101
41 0.90789
42 0.90476
43 0.90160
44 0.89842
45 0.89522
46 0.89200
47 0.88877
48 0.88552
49 0.88225
50 0.87897
51 0.87567
52 0.87236
53 0.86904
54 0.86570
55 0.86235
56 0.85899
57 0.85562
58 0.85224
59 0.84886
60 0.84546
61 0.84205
62 0.83864
63 0.83522
64 0.83179
65 0.82836
66 0.82492
67 0.82148
68 0.81803
69 0.81458
70 0.81112
71 0.80766
72 0.80420
73 0.80074
74 0.79727
75 0.79381
76 0.79034
77 0.78687
78 0.78341
79 0.77994
80 0.77647
81 0.77301
82 0.76954
83 0.76608
84 0.76262
85 0.75916
86 0.75571
87 0.75226
88 0.74881
89 0.74536
90 0.74192
91 0.73849
92 0.73505
93 0.73163
94 0.72820
95 0.72479
96 0.72138
97 0.71797
98 0.71457
99 0.71118
100 0.70779
101 0.70441
102 0.70104
103 0.69768
104 0.69432
105 0.69097
106 0.68763
107 0.68429
108 0.68097
109 0.67765
110 0.67434
111 0.67104
112 0.66775
113 0.66447
114 0.66120
115 0.65793
116 0.65468
117 0.65144
118 0.64820
119 0.64498
120 0.64177
121 0.63856
122 0.63537
123 0.63219
124 0.62902
125 0.62586
126 0.62271
127 0.61957
128 0.61644
129 0.61333
130 0.61022
131 0.60713
132 0.60405
133 0.60098
134 0.59792
135 0.59487
136 0.59184
137 0.58881
138 0.58580
139 0.58280
140 0.57982
141 0.57684
142 0.57388
143 0.57093
144 0.56800
145 0.56507
146 0.56216
147 0.55926
148 0.55637
149 0.55350
150 0.55064
151 0.54779
152 0.54495
153 0.54213
154 0.53932
155 0.53652
156 0.53374
157 0.53096
158 0.52821
159 0.52546
160 0.52273
161 0.52001
162 0.51730
163 0.51461
164 0.51193
165 0.50926
166 0.50661
167 0.50397
168 0.50134
169 0.49872
170 0.49612
171 0.49353
172 0.49096
173 0.48840
174 0.48585
175 0.48331
176 0.48079
177 0.47828
178 0.47578
179 0.47330
180 0.47083
181 0.46837
182 0.46593
183 0.46350
184 0.46108
185 0.45868
186 0.45628
187 0.45390
188 0.45154
189 0.44919
190 0.44685
191 0.44452
192 0.44220
193 0.43990
194 0.43762
195 0.43534
196 0.43308
197 0.43083
198 0.42859
199 0.42637
200 0.42415
201 0.42195
202 0.41977
203 0.41759
204 0.41543
205 0.41328
206 0.41115
207 0.40902
208 0.40691
209 0.40481
210 0.40273
211 0.40065
212 0.39859
213 0.39654
214 0.39450
215 0.39248
216 0.39046
217 0.38846
218 0.38647
219 0.38449
220 0.38253
221 0.38058
222 0.37863
223 0.37670
224 0.37479
225 0.37288
226 0.37099
227 0.36910
228 0.36723
229 0.36537
230 0.36352
231 0.36169
232 0.35986
233 0.35805
234 0.35625
235 0.35445
236 0.35267
237 0.35091
238 0.34915
239 0.34740
240 0.34567
241 0.34394
242 0.34223
243 0.34053
244 0.33883
245 0.33715
246 0.33548
247 0.33382
248 0.33218
249 0.33054
250 0.32891
251 0.32729
252 0.32569
253 0.32409
254 0.32251
255 0.32093
256 0.31937
257 0.31781
258 0.31627
259 0.31473
260 0.31321
261 0.31170
262 0.31019
263 0.30870
264 0.30721
265 0.30574
266 0.30427
267 0.30282
268 0.30138
269 0.29994
270 0.29851
271 0.29710
272 0.29569
273 0.29429
274 0.29291
275 0.29153
276 0.29016
277 0.28880
278 0.28745
279 0.28611
280 0.28478
281 0.28345
282 0.28214
283 0.28083
284 0.27954
285 0.27825
286 0.27697
287 0.27570
288 0.27444
289 0.27319
290 0.27195
291 0.27071
292 0.26948
293 0.26827
294 0.26706
295 0.26586
296 0.26466
297 0.26348
298 0.26230
299 0.26114
300 0.25998
301 0.25883
302 0.25768
303 0.25655
304 0.25542
305 0.25430
306 0.25319
307 0.25209
308 0.25099
309 0.24990
310 0.24882
311 0.24775
312 0.24669
313 0.24563
314 0.24458
315 0.24354
316 0.24251
317 0.24148
318 0.24046
319 0.23945
320 0.23844
321 0.23745
322 0.23646
323 0.23547
324 0.23450
325 0.23353
326 0.23257
327 0.23162
328 0.23067
329 0.22973
330 0.22879
331 0.22787
332 0.22695
333 0.22604
334 0.22513
335 0.22423
336 0.22334
337 0.22245
338 0.22157
339 0.22070
340 0.21983
341 0.21898
342 0.21812
343 0.21728
344 0.21644
345 0.21560
346 0.21477
347 0.21395
348 0.21314
349 0.21233
350 0.21153
351 0.21073
352 0.20994
353 0.20916
354 0.20838
355 0.20761
356 0.20684
357 0.20608
358 0.20533
359 0.20458
360 0.20384
361 0.20310
362 0.20237
363 0.20164
364 0.20092
365 0.20021
366 0.19950
367 0.19880
368 0.19810
369 0.19741
370 0.19673
371 0.19605
372 0.19537
373 0.19470
374 0.19404
375 0.19338
376 0.19273
377 0.19208
378 0.19144
379 0.19080
380 0.19017
381 0.18954
382 0.18892
383 0.18831
384 0.18769
385 0.18709
386 0.18649
387 0.18589
388 0.18530
389 0.18471
390 0.18413
391 0.18356
392 0.18299
393 0.18242
394 0.18186
395 0.18130
396 0.18075
397 0.18021
398 0.17966
399 0.17913
400 0.17859
401 0.17807
402 0.17754
403 0.17702
404 0.17651
405 0.17600
406 0.17550
407 0.17500
408 0.17450
409 0.17401
410 0.17352
411 0.17304
412 0.17256
413 0.17209
414 0.17162
415 0.17116
416 0.17070
417 0.17024
418 0.16979
419 0.16934
420 0.16890
421 0.16846
422 0.16803
423 0.16760
424 0.16717
425 0.16675
426 0.16634
427 0.16592
428 0.16551
429 0.16511
430 0.16471
431 0.16431
432 0.16392
433 0.16353
434 0.16315
435 0.16276
436 0.16239
437 0.16202
438 0.16165
439 0.16128
440 0.16092
441 0.16056
442 0.16021
443 0.15986
444 0.15952
445 0.15918
446 0.15884
447 0.15851
448 0.15818
449 0.15785
450 0.15753
451 0.15721
452 0.15689
453 0.15658
454 0.15628
455 0.15597
456 0.15567
457 0.15538
458 0.15508
459 0.15480
460 0.15451
461 0.15423
462 0.15395
463 0.15368
464 0.15341
465 0.15314
466 0.15288
467 0.15262
468 0.15236
469 0.15211
470 0.15186
471 0.15161
472 0.15137
473 0.15113
474 0.15090
475 0.15067
476 0.15044
477 0.15021
478 0.14999
479 0.14977
480 0.14956
481 0.14935
482 0.14914
483 0.14894
484 0.14874
485 0.14854
486 0.14835
487 0.14816
488 0.14797
489 0.14779
490 0.14761
491 0.14743
492 0.14726
493 0.14709
494 0.14692
495 0.14676
496 0.14660
497 0.14644
498 0.14629
499 0.14614
500 0.14599
501 0.14585
502 0.14571
503 0.14557
504 0.14544
505 0.14531
506 0.14518
507 0.14506
508 0.14494
509 0.14482
510 0.14471
511 0.14460
512 0.14449
513 0.14439
514 0.14429
515 0.14419
516 0.14410
517 0.14401
518 0.14392
519 0.14384
520 0.14376
521 0.14368
522 0.14360
523 0.14353
524 0.14347
525 0.14340
526 0.14334
527 0.14328
528 0.14323
529 0.14318
530 0.14313
531 0.14309
532 0.14305
533 0.14301
534 0.14297
535 0.14294
536 0.14291
537 0.14289
538 0.14287
539 0.14285
540 0.14284
541 0.14282
542 0.14282
543 0.14281
544 0.14281
545 0.14281
546 0.14282
547 0.14283
548 0.14284
549 0.14285
550 0.14287
551 0.14289
552 0.14292
553 0.14295
554 0.14298
555 0.14302
556 0.14306
557 0.14310
558 0.14314
559 0.14319
560 0.14325
561 0.14330
562 0.14336
563 0.14342
564 0.14349
565 0.14356
566 0.14363
567 0.14371
568 0.14379
569 0.14388
570 0.14396
571 0.14405
572 0.14415
573 0.14425
574 0.14435
575 0.14446
576 0.14456
577 0.14468
578 0.14479
579 0.14491
580 0.14504
581 0.14516
582 0.14529
583 0.14543
584 0.14557
585 0.14571
586 0.14586
587 0.14601
588 0.14616
589 0.14632
590 0.14648
591 0.14664
592 0.14681
593 0.14698
594 0.14716
595 0.14734
596 0.14752
597 0.14771
598 0.14790
599 0.14810
600 0.14830
601 0.14850
602 0.14871
603 0.14892
604 0.14914
605 0.14936
606 0.14958
607 0.14981
608 0.15004
609 0.15028
610 0.15052
611 0.15077
612 0.15102
613 0.15127
614 0.15153
615 0.15179
616 0.15206
617 0.15233
618 0.15260
619 0.15288
620 0.15317
621 0.15346
622 0.15375
623 0.15405
624 0.15435
625 0.15466
626 0.15497
627 0.15528
628 0.15560
629 0.15593
630 0.15625
631 0.15659
632 0.15692
633 0.15726
634 0.15761
635 0.15796
636 0.15831
637 0.15867
638 0.15904
639 0.15941
640 0.15978
641 0.16016
642 0.16054
643 0.16093
644 0.16132
645 0.16172
646 0.16212
647 0.16253
648 0.16295
649 0.16336
650 0.16379
651 0.16422
652 0.16465
653 0.16509
654 0.16553
655 0.16598
656 0.16644
657 0.16690
658 0.16737
659 0.16784
660 0.16832
661 0.16880
662 0.16929
663 0.16979
664 0.17029
665 0.17080
666 0.17131
667 0.17183
668 0.17235
669 0.17288
670 0.17341
671 0.17396
672 0.17450
673 0.17506
674 0.17562
675 0.17618
676 0.17676
677 0.17734
678 0.17793
679 0.17852
680 0.17912
681 0.17973
682 0.18034
683 0.18096
684 0.18159
685 0.18223
686 0.18287
687 0.18352
688 0.18418
689 0.18484
690 0.18551
691 0.18619
692 0.18688
693 0.18757
694 0.18828
695 0.18899
696 0.18971
697 0.19043
698 0.19117
699 0.19191
700 0.19266
701 0.19342
702 0.19418
703 0.19495
704 0.19573
705 0.19651
706 0.19731
707 0.19811
708 0.19892
709 0.19974
710 0.20056
711 0.20140
712 0.20224
713 0.20310
714 0.20396
715 0.20484
716 0.20572
717 0.20661
718 0.20751
719 0.20842
720 0.20935
721 0.21028
722 0.21122
723 0.21217
724 0.21313
725 0.21410
726 0.21508
727 0.21608
728 0.21708
729 0.21810
730 0.21912
731 0.22016
732 0.22120
733 0.22226
734 0.22333
735 0.22441
736 0.22551
737 0.22661
738 0.22773
739 0.22885
740 0.22999
741 0.23115
742 0.23231
743 0.23349
744 0.23468
745 0.23588
746 0.23710
747 0.23833
748 0.23957
749 0.24082
750 0.24209
751 0.24337
752 0.24467
753 0.24598
754 0.24730
755 0.24864
756 0.25000
757 0.25136
758 0.25275
759 0.25414
760 0.25555
761 0.25698
762 0.25842
763 0.25988
764 0.26136
765 0.26285
766 0.26435
767 0.26587
768 0.26741
769 0.26897
770 0.27054
771 0.27213
772 0.27374
773 0.27536
774 0.27700
775 0.27866
776 0.28034
777 0.28204
778 0.28375
779 0.28549
780 0.28724
781 0.28901
782 0.29080
783 0.29262
784 0.29445
785 0.29630
786 0.29817
787 0.30006
788 0.30198
789 0.30391
790 0.30587
791 0.30784
792 0.30984
793 0.31186
794 0.31391
795 0.31597
796 0.31806
797 0.32018
798 0.32231
799 0.32448
800 0.32666
801 0.32887
802 0.33110
803 0.33336
804 0.33565
805 0.33796
806 0.34029
807 0.34266
808 0.34505
809 0.34746
810 0.34991
811 0.35238
812 0.35488
813 0.35741
814 0.35997
815 0.36255
816 0.36517
817 0.36782
818 0.37049
819 0.37320
820 0.37594
821 0.37871
822 0.38151
823 0.38435
824 0.38721
825 0.39011
826 0.39305
827 0.39602
828 0.39902
829 0.40206
830 0.40513
831 0.40824
832 0.41139
833 0.41455
834 0.41771
835 0.42091
836 0.42415
837 0.42743
838 0.43075
839 0.43410
840 0.43749
841 0.44093
842 0.44440
843 0.44792
844 0.45147
845 0.45507
846 0.45871
847 0.46239
848 0.46612
849 0.46989
850 0.47371
851 0.47757
852 0.48148
853 0.48544
854 0.48944
855 0.49349
856 0.49759
857 0.50174
858 0.50594
859 0.51019
860 0.51449
861 0.51884
862 0.52325
863 0.52771
864 0.53222
865 0.53679
866 0.54141
867 0.54609
868 0.55083
869 0.55563
870 0.56049
871 0.56540
872 0.57038
873 0.57542
874 0.58052
875 0.58568
876 0.59091
877 0.59621
878 0.60157
879 0.60699
880 0.61249
881 0.61805
882 0.62368
883 0.62939
884 0.63517
885 0.64102
886 0.64694
887 0.65294
888 0.65901
889 0.66517
890 0.67140
891 0.67771
892 0.68410
893 0.69057
894 0.69713
895 0.70377
896 0.71050
897 0.71731
898 0.72421
899 0.73120
900 0.73829
901 0.74546
902 0.75273
903 0.76009
904 0.76755
905 0.77510
906 0.78276
907 0.79052
908 0.79838
909 0.80634
910 0.81441
911 0.82258
912 0.82908
913 0.83122
914 0.83367
915 0.83607
916 0.83764
917 0.83840
918 0.83939
919 0.84069
920 0.84237
921 0.84457
922 0.84401
923 0.84345
924 0.84638
925 0.84583
926 0.84528
927 0.84925
928 0.84871
929 0.84817
930 0.84762
931 0.85315
932 0.85262
933 0.85210
934 0.85157
935 0.85104
936 0.85051
937 0.84998
938 0.85804
939 0.85753
940 0.85702
941 0.85652
942 0.85601
943 0.85550
944 0.85499
945 0.85447
946 0.85396
947 0.85345
948 0.85293
949 0.85241
950 0.86498
951 0.86451
952 0.86403
953 0.86355
954 0.86307
955 0.86259
956 0.86211
957 0.86162
958 0.86114
959 0.86065
960 0.86017
961 0.85968
962 0.85919
963 0.85870
964 0.85821
965 0.85772
966 0.85723
967 0.85674
968 0.85624
969 0.85575
970 0.85525
971 0.85475
972 0.85425
973 0.87615
974 0.87572
975 0.87529
976 0.87486
977 0.87443
978 0.87399
979 0.87356
980 0.87312
981 0.87269
982 0.87225
983 0.87181
984 0.87137
985 0.87093
986 0.87049
987 0.87005
988 0.86961
989 0.86916
990 0.86872
991 0.86827
992 0.86783
993 0.86738
994 0.86693
995 0.86648
996 0.86603
997 0.86558
998 0.86513
999 0.86467
1000 0.86422
1001 0.86376
1002 0.86331
1003 0.86285
1004 0.86239
1005 0.86193
1006 0.86147
1007 0.86101
1008 0.86055
1009 0.86009
1010 0.85963
1011 0.85916
1012 0.85870
1013 0.85823
1014 0.85776
1015 0.85729
1016 0.85682
1017 0.85635
1018 0.85588
1019 0.85541
1020 0.85494
1021 0.85446
1022 0.85399
1023 0.85351
1024 0.85304
1025 0.85256
1026 0.89956
1027 0.89922
1028 0.89889
1029 0.89855
1030 0.89821
1031 0.89787
1032 0.89754
1033 0.89720
1034 0.89686
1035 0.89652
1036 0.89617
1037 0.89583
1038 0.89549
1039 0.89515
1040 0.89480
1041 0.89446
1042 0.89411
1043 0.89376
1044 0.89342
1045 0.89307
1046 0.89272
1047 0.89237
1048 0.89202
1049 0.89167
1050 0.89132
1051 0.89096
1052 0.89061
1053 0.89026
1054 0.88990
1055 0.88955
1056 0.88919
1057 0.88883
1058 0.88848
1059 0.88812
1060 0.88776
1061 0.88740
1062 0.88704
1063 0.88668
1064 0.88632
1065 0.88595
1066 0.88559
1067 0.88522
1068 0.88486
1069 0.88449
1070 0.88413
1071 0.88376
1072 0.88339
1073 0.88302
1074 0.88265
1075 0.88228
1076 0.88191
1077 0.88154
1078 0.88117
1079 0.88080
1080 0.88042
1081 0.88005
1082 0.87967
1083 0.87930
1084 0.87892
1085 0.87854
1086 0.87816
1087 0.87778
1088 0.87740
1089 0.87702
1090 0.87664
1091 0.87626
1092 0.87588
1093 0.87549
1094 0.87511
1095 0.87472
1096 0.87434
1097 0.87395
1098 0.87356
1099 0.87318
1100 0.87279
1101 0.87240
1102 0.87201
1103 0.87162
1104 0.87122
1105 0.87083
1106 0.87044
1107 0.87004
1108 0.86965
1109 0.86925
1110 0.86886
1111 0.86846
1112 0.86806
1113 0.86766
1114 0.86727
1115 0.86687
1116 0.86646
1117 0.86606
1118 0.86566
1119 0.86526
1120 0.86485
1121 0.86445
1122 0.86404
1123 0.86364
1124 0.86323
1125 0.86282
1126 0.86242
1127 0.86201
1128 0.86160
1129 0.86119
1130 0.86077
1131 0.86036
1132 0.85995
1133 0.85954
1134 0.85912
1135 0.85871
1136 0.85829
1137 0.85787
1138 0.85746
1139 0.85704
1140 0.85662
1141 0.85620
1142 0.85578
1143 0.85536
1144 0.85494
1145 0.85451
1146 0.85409
1147 0.85367
1148 0.85324
1149 0.85282
1150 0.85239
1151 0.85196
1152 0.85153
1153 0.85111
1154 0.85068
1155 0.85025
1156 0.84982
1157 0.84938
1158 0.84895
1159 0.84852
1160 0.84808
1161 0.84765
1162 0.84721
1163 0.84678
1164 0.84634
1165 0.84590
1166 0.84547
1167 0.84503
1168 0.84459
1169 0.84415
1170 0.84370
1171 0.84326
1172 0.84282
1173 0.84238
1174 0.84193
1175 0.84149
1176 0.84104
1177 0.84059
1178 0.84015
1179 0.83970
1180 0.83925
1181 0.83880
1182 0.83835
1183 0.83790
1184 0.83745
1185 0.83699
1186 0.83654
1187 0.83608
1188 0.83563
1189 0.83517
1190 0.83472
1191 0.83426
1192 0.83380
1193 0.83334
1194 0.83288
1195 0.83242
1196 0.83196
1197 0.83150
1198 0.83104
1199 0.83058
1200 0.83011
1201 0.82965
1202 0.82918
1203 0.82872
1204 0.82825
1205 0.82778
1206 0.82731
1207 0.82684
1208 0.82637
1209 0.82590
1210 0.82543
1211 0.82496
1212 0.82449
1213 0.82401
1214 0.82354
1215 0.82306
1216 1.00000
