17 0.99471
18 0.99424
19 0.99376
20 0.99327
21 0.99277
22 0.99226
23 0.99173
24 0.99120
25 0.99065
26 0.99009
27 0.98953
28 0.98896
29 0.98837
30 0.98778
31 0.98718
32 0.98657
33 0.98595
34 0.98533
35 0.98469
36 0.98405
37 0.98340
38 0.98275
39 0.98209
40 0.98142
41 0.98074
42 0.98006
43 0.97937
44 0.97867
45 0.97797
46 0.97726
47 0.97654
48 0.97582
49 0.97510
50 0.97437
51 0.97363
52 0.97289
53 0.97214
54 0.97139
55 0.97063
56 0.96987
57 0.96910
58 0.96833
59 0.96755
60 0.96677
61 0.96598
62 0.96519
63 0.96440
64 0.96360
65 0.96279
66 0.96199
67 0.96118
68 0.96036
69 0.95954
70 0.95872
71 0.95790
72 0.95707
73 0.95624
74 0.95540
75 0.95456
76 0.95372
77 0.95288
78 0.95203
79 0.95118
80 0.95032
81 0.94947
82 0.94861
83 0.94774
84 0.94688
85 0.94601
86 0.94514
87 0.94427
88 0.94339
89 0.94252
90 0.94164
91 0.94075
92 0.93987
93 0.93899
94 0.93810
95 0.93721
96 0.93632
97 0.93542
98 0.93453
99 0.93363
100 0.93273
101 0.93183
102 0.93093
103 0.93002
104 0.92912
105 0.92821
106 0.92730
107 0.92639
108 0.92548
109 0.92457
110 0.92365
111 0.92274
112 0.92182
113 0.92091
114 0.91999
115 0.91907
116 0.91815
117 0.91723
118 0.91631
119 0.91538
120 0.91446
121 0.91353
122 0.91261
123 0.91168
124 0.91076
125 0.90983
126 0.90890
127 0.90797
128 0.90705
129 0.90612
130 0.90519
131 0.90426
132 0.90333
133 0.90240
134 0.90146
135 0.90053
136 0.89960
137 0.89867
138 0.89774
139 0.89681
140 0.89587
141 0.89494
142 0.89401
143 0.89308
144 0.89215
145 0.89121
146 0.89028
147 0.88935
148 0.88842
149 0.88749
150 0.88656
151 0.88562
152 0.88469
153 0.88376
154 0.88283
155 0.88190
156 0.88097
157 0.88005
158 0.87912
159 0.87819
160 0.87726
161 0.87633
162 0.87541
163 0.87448
164 0.87356
165 0.87263
166 0.87171
167 0.87078
168 0.86986
169 0.86894
170 0.86802
171 0.86709
172 0.86617
173 0.86526
174 0.86434
175 0.86342
176 0.86250
177 0.86159
178 0.86067
179 0.85976
180 0.85884
181 0.85793
182 0.85702
183 0.85611
184 0.85520
185 0.85429
186 0.85339
187 0.85248
188 0.85158
189 0.85067
190 0.84977
191 0.84887
192 0.84797
193 0.84707
194 0.84617
195 0.84527
196 0.84438
197 0.84349
198 0.84259
199 0.84170
200 0.84081
201 0.83992
202 0.83903
203 0.83815
204 0.83726
205 0.83638
206 0.83550
207 0.83462
208 0.83374
209 0.83286
210 0.83198
211 0.83111
212 0.83024
213 0.82936
214 0.82849
215 0.82763
216 0.82676
217 0.82589
218 0.82503
219 0.82417
220 0.82331
221 0.82245
222 0.82159
223 0.82073
224 0.81988
225 0.81903
226 0.81818
227 0.81733
228 0.81648
229 0.81563
230 0.81479
231 0.81395
232 0.81311
233 0.81227
234 0.81143
235 0.81060
236 0.80976
237 0.80893
238 0.80810
239 0.80727
240 0.80645
241 0.80562
242 0.80480
243 0.80398
244 0.80316
245 0.80235
246 0.80153
247 0.80072
248 0.79991
249 0.79910
250 0.79829
251 0.79749
252 0.79668
253 0.79588
254 0.79509
255 0.79429
256 0.79349
257 0.79270
258 0.79191
259 0.79112
260 0.79033
261 0.78955
262 0.78877
263 0.78799
264 0.78721
265 0.78643
266 0.78566
267 0.78488
268 0.78411
269 0.78335
270 0.78258
271 0.78182
272 0.78105
273 0.78030
274 0.77954
275 0.77878
276 0.77803
277 0.77728
278 0.77653
279 0.77578
280 0.77504
281 0.77430
282 0.77356
283 0.77282
284 0.77208
285 0.77135
286 0.77062
287 0.76989
288 0.76917
289 0.76844
290 0.76772
291 0.76700
292 0.76628
293 0.76557
294 0.76485
295 0.76414
296 0.76344
297 0.76273
298 0.76203
299 0.76132
300 0.76063
301 0.75993
302 0.75923
303 0.75854
304 0.75785
305 0.75717
306 0.75648
307 0.75580
308 0.75512
309 0.75444
310 0.75376
311 0.75309
312 0.75242
313 0.75175
314 0.75109
315 0.75042
316 0.74976
317 0.74910
318 0.74845
319 0.74779
320 0.74714
321 0.74649
322 0.74585
323 0.74520
324 0.74456
325 0.74392
326 0.74328
327 0.74265
328 0.74202
329 0.74139
330 0.74076
331 0.74014
332 0.73951
333 0.73889
334 0.73828
335 0.73766
336 0.73705
337 0.73644
338 0.73583
339 0.73523
340 0.73463
341 0.73403
342 0.73343
343 0.73283
344 0.73224
345 0.73165
346 0.73106
347 0.73048
348 0.72990
349 0.72932
350 0.72874
351 0.72817
352 0.72759
353 0.72702
354 0.72646
355 0.72589
356 0.72533
357 0.72477
358 0.72422
359 0.72366
360 0.72311
361 0.72256
362 0.72201
363 0.72147
364 0.72093
365 0.72039
366 0.71985
367 0.71932
368 0.71879
369 0.71826
370 0.71773
371 0.71721
372 0.71669
373 0.71617
374 0.71566
375 0.71514
376 0.71463
377 0.71412
378 0.71362
379 0.71312
380 0.71262
381 0.71212
382 0.71163
383 0.71113
384 0.71064
385 0.71016
386 0.70967
387 0.70919
388 0.70871
389 0.70824
390 0.70776
391 0.70729
392 0.70682
393 0.70636
394 0.70589
395 0.70543
396 0.70498
397 0.70452
398 0.70407
399 0.70362
400 0.70317
401 0.70273
402 0.70229
403 0.70185
404 0.70141
405 0.70098
406 0.70054
407 0.70012
408 0.69969
409 0.69927
410 0.69885
411 0.69843
412 0.69801
413 0.69760
414 0.69719
415 0.69678
416 0.69638
417 0.69598
418 0.69558
419 0.69518
420 0.69479
421 0.69440
422 0.69401
423 0.69363
424 0.69324
425 0.69286
426 0.69249
427 0.69211
428 0.69174
429 0.69137
430 0.69100
431 0.69064
432 0.69028
433 0.68992
434 0.68957
435 0.68921
436 0.68886
437 0.68852
438 0.68817
439 0.68783
440 0.68749
441 0.68715
442 0.68682
443 0.68649
444 0.68616
445 0.68584
446 0.68551
447 0.68519
448 0.68488
449 0.68456
450 0.68425
451 0.68394
452 0.68364
453 0.68333
454 0.68303
455 0.68273
456 0.68244
457 0.68215
458 0.68186
459 0.68157
460 0.68129
461 0.68101
462 0.68073
463 0.68045
464 0.68018
465 0.67991
466 0.67964
467 0.67938
468 0.67912
469 0.67886
470 0.67860
471 0.67835
472 0.67810
473 0.67785
474 0.67761
475 0.67737
476 0.67713
477 0.67689
478 0.67666
479 0.67643
480 0.67620
481 0.67597
482 0.67575
483 0.67553
484 0.67532
485 0.67510
486 0.67489
487 0.67469
488 0.67448
489 0.67428
490 0.67408
491 0.67388
492 0.67369
493 0.67350
494 0.67331
495 0.67313
496 0.67294
497 0.67277
498 0.67259
499 0.67242
500 0.67225
501 0.67208
502 0.67191
503 0.67175
504 0.67159
505 0.67144
506 0.67128
507 0.67113
508 0.67099
509 0.67084
510 0.67070
511 0.67056
512 0.67043
513 0.67029
514 0.67016
515 0.67004
516 0.66991
517 0.66979
518 0.66967
519 0.66956
520 0.66945
521 0.66934
522 0.66923
523 0.66913
524 0.66903
525 0.66893
526 0.66884
527 0.66874
528 0.66866
529 0.66857
530 0.66849
531 0.66841
532 0.66833
533 0.66826
534 0.66819
535 0.66812
536 0.66806
537 0.66799
538 0.66794
539 0.66788
540 0.66783
541 0.66778
542 0.66773
543 0.66769
544 0.66765
545 0.66761
546 0.66758
547 0.66754
548 0.66752
549 0.66749
550 0.66747
551 0.66745
552 0.66743
553 0.66742
554 0.66741
555 0.66740
556 0.66740
557 0.66740
558 0.66740
559 0.66741
560 0.66741
561 0.66743
562 0.66744
563 0.66746
564 0.66748
565 0.66750
566 0.66753
567 0.66756
568 0.66760
569 0.66763
570 0.66767
571 0.66771
572 0.66776
573 0.66781
574 0.66786
575 0.66792
576 0.66798
577 0.66804
578 0.66810
579 0.66817
580 0.66824
581 0.66832
582 0.66840
583 0.66848
584 0.66856
585 0.66865
586 0.66874
587 0.66883
588 0.66893
589 0.66903
590 0.66914
591 0.66924
592 0.66935
593 0.66947
594 0.66958
595 0.66970
596 0.66983
597 0.66995
598 0.67008
599 0.67022
600 0.67035
601 0.67049
602 0.67064
603 0.67078
604 0.67093
605 0.67108
606 0.67124
607 0.67140
608 0.67156
609 0.67173
610 0.67190
611 0.67207
612 0.67225
613 0.67243
614 0.67261
615 0.67280
616 0.67299
617 0.67318
618 0.67338
619 0.67358
620 0.67379
621 0.67399
622 0.67420
623 0.67442
624 0.67464
625 0.67486
626 0.67508
627 0.67531
628 0.67554
629 0.67578
630 0.67602
631 0.67626
632 0.67650
633 0.67675
634 0.67701
635 0.67726
636 0.67752
637 0.67779
638 0.67805
639 0.67832
640 0.67860
641 0.67888
642 0.67916
643 0.67944
644 0.67973
645 0.68002
646 0.68032
647 0.68062
648 0.68092
649 0.68123
650 0.68154
651 0.68186
652 0.68217
653 0.68249
654 0.68282
655 0.68315
656 0.68348
657 0.68382
658 0.68416
659 0.68450
660 0.68485
661 0.68520
662 0.68556
663 0.68592
664 0.68628
665 0.68665
666 0.68702
667 0.68739
668 0.68777
669 0.68815
670 0.68854
671 0.68893
672 0.68932
673 0.68972
674 0.69012
675 0.69053
676 0.69094
677 0.69135
678 0.69177
679 0.69219
680 0.69261
681 0.69304
682 0.69348
683 0.69391
684 0.69435
685 0.69480
686 0.69525
687 0.69570
688 0.69616
689 0.69662
690 0.69709
691 0.69756
692 0.69803
693 0.69851
694 0.69899
695 0.69948
696 0.69997
697 0.70046
698 0.70096
699 0.70146
700 0.70197
701 0.70248
702 0.70300
703 0.70351
704 0.70404
705 0.70457
706 0.70510
707 0.70564
708 0.70618
709 0.70672
710 0.70727
711 0.70783
712 0.70838
713 0.70895
714 0.70951
715 0.71009
716 0.71066
717 0.71124
718 0.71183
719 0.71242
720 0.71301
721 0.71361
722 0.71421
723 0.71482
724 0.71543
725 0.71604
726 0.71667
727 0.71729
728 0.71792
729 0.71856
730 0.71919
731 0.71984
732 0.72049
733 0.72114
734 0.72180
735 0.72246
736 0.72313
737 0.72380
738 0.72447
739 0.72516
740 0.72584
741 0.72653
742 0.72723
743 0.72793
744 0.72863
745 0.72934
746 0.73006
747 0.73078
748 0.73150
749 0.73223
750 0.73297
751 0.73371
752 0.73445
753 0.73520
754 0.73596
755 0.73672
756 0.73748
757 0.73825
758 0.73903
759 0.73981
760 0.74059
761 0.74138
762 0.74218
763 0.74298
764 0.74378
765 0.74459
766 0.74541
767 0.74623
768 0.74706
769 0.74789
770 0.74873
771 0.74957
772 0.75042
773 0.75127
774 0.75213
775 0.75299
776 0.75386
777 0.75474
778 0.75562
779 0.75650
780 0.75739
781 0.75829
782 0.75919
783 0.76010
784 0.76101
785 0.76193
786 0.76286
787 0.76379
788 0.76472
789 0.76567
790 0.76661
791 0.76757
792 0.76853
793 0.76949
794 0.77046
795 0.77144
796 0.77242
797 0.77341
798 0.77440
799 0.77540
800 0.77641
801 0.77742
802 0.77844
803 0.77946
804 0.78049
805 0.78153
806 0.78257
807 0.78362
808 0.78468
809 0.78574
810 0.78680
811 0.78788
812 0.78896
813 0.79004
814 0.79114
815 0.79223
816 0.79334
817 0.79445
818 0.79557
819 0.79669
820 0.79782
821 0.79896
822 0.80010
823 0.80125
824 0.80241
825 0.80357
826 0.80474
827 0.80592
828 0.80710
829 0.80829
830 0.80949
831 0.81069
832 0.81190
833 0.81312
834 0.81434
835 0.81558
836 0.81681
837 0.81806
838 0.81931
839 0.82057
840 0.82184
841 0.82311
842 0.82439
843 0.82568
844 0.82697
845 0.82827
846 0.82958
847 0.83090
848 0.83222
849 0.83355
850 0.83489
851 0.83624
852 0.83759
853 0.83895
854 0.84032
855 0.84169
856 0.84308
857 0.84447
858 0.84586
859 0.84727
860 0.84868
861 0.85011
862 0.85154
863 0.85297
864 0.85442
865 0.85587
866 0.85733
867 0.85880
868 0.86028
869 0.86176
870 0.86326
871 0.86476
872 0.86627
873 0.86778
874 0.86931
875 0.87084
876 0.87238
877 0.87394
878 0.87549
879 0.87706
880 0.87864
881 0.88022
882 0.88182
883 0.88342
884 0.88503
885 0.88665
886 0.88827
887 0.88991
888 0.89155
889 0.89321
890 0.89487
891 0.89654
892 0.89822
893 0.89991
894 0.90161
895 0.90332
896 0.90504
897 0.90676
898 0.90850
899 0.91024
900 0.91200
901 0.91376
902 0.91554
903 0.91732
904 0.91911
905 0.92091
906 0.92272
907 0.92454
908 0.92637
909 0.92821
910 0.93006
911 0.93192
912 0.93340
913 0.93852
914 0.94182
915 0.94404
916 0.94529
917 0.94594
918 0.94664
919 0.94742
920 0.94830
921 0.94929
922 0.94922
923 0.94914
924 0.95030
925 0.95023
926 0.95015
927 0.95156
928 0.95148
929 0.95141
930 0.95133
931 0.95309
932 0.95302
933 0.95295
934 0.95288
935 0.95281
936 0.95274
937 0.95266
938 0.95500
939 0.95493
940 0.95486
941 0.95479
942 0.95472
943 0.95465
944 0.95459
945 0.95452
946 0.95445
947 0.95438
948 0.95431
949 0.95424
950 0.95758
951 0.95752
952 0.95746
953 0.95739
954 0.95733
955 0.95727
956 0.95720
957 0.95714
958 0.95708
959 0.95701
960 0.95695
961 0.95689
962 0.95682
963 0.95676
964 0.95669
965 0.95663
966 0.95657
967 0.95650
968 0.95644
969 0.95638
970 0.95631
971 0.95625
972 0.95619
973 0.96158
974 0.96153
975 0.96147
976 0.96142
977 0.96136
978 0.96130
979 0.96125
980 0.96119
981 0.96114
982 0.96108
983 0.96102
984 0.96097
985 0.96091
986 0.96086
987 0.96080
988 0.96074
989 0.96069
990 0.96063
991 0.96058
992 0.96052
993 0.96046
994 0.96041
995 0.96035
996 0.96029
997 0.96024
998 0.96018
999 0.96012
1000 0.96007
1001 0.96001
1002 0.95995
1003 0.95990
1004 0.95984
1005 0.95979
1006 0.95973
1007 0.95967
1008 0.95962
1009 0.95956
1010 0.95950
1011 0.95945
1012 0.95939
1013 0.95933
1014 0.95928
1015 0.95922
1016 0.95916
1017 0.95910
1018 0.95905
1019 0.95899
1020 0.95893
1021 0.95888
1022 0.95882
1023 0.95876
1024 0.95871
1025 0.95865
1026 0.96954
1027 0.96950
1028 0.96946
1029 0.96942
1030 0.96938
1031 0.96933
1032 0.96929
1033 0.96925
1034 0.96921
1035 0.96917
1036 0.96912
1037 0.96908
1038 0.96904
1039 0.96900
1040 0.96895
1041 0.96891
1042 0.96887
1043 0.96883
1044 0.96878
1045 0.96874
1046 0.96870
1047 0.96866
1048 0.96862
1049 0.96857
1050 0.96853
1051 0.96849
1052 0.96845
1053 0.96840
1054 0.96836
1055 0.96832
1056 0.96828
1057 0.96823
1058 0.96819
1059 0.96815
1060 0.96811
1061 0.96806
1062 0.96802
1063 0.96798
1064 0.96794
1065 0.96789
1066 0.96785
1067 0.96781
1068 0.96776
1069 0.96772
1070 0.96768
1071 0.96764
1072 0.96759
1073 0.96755
1074 0.96751
1075 0.96747
1076 0.96742
1077 0.96738
1078 0.96734
1079 0.96729
1080 0.96725
1081 0.96721
1082 0.96717
1083 0.96712
1084 0.96708
1085 0.96704
1086 0.96699
1087 0.96695
1088 0.96691
1089 0.96686
1090 0.96682
1091 0.96678
1092 0.96674
1093 0.96669
1094 0.96665
1095 0.96661
1096 0.96656
1097 0.96652
1098 0.96648
1099 0.96643
1100 0.96639
1101 0.96635
1102 0.96630
1103 0.96626
1104 0.96622
1105 0.96617
1106 0.96613
1107 0.96609
1108 0.96604
1109 0.96600
1110 0.96596
1111 0.96591
1112 0.96587
1113 0.96583
1114 0.96578
1115 0.96574
1116 0.96570
1117 0.96565
1118 0.96561
1119 0.96557
1120 0.96552
1121 0.96548
1122 0.96544
1123 0.96539
1124 0.96535
1125 0.96531
1126 0.96526
1127 0.96522
1128 0.96518
1129 0.96513
1130 0.96509
1131 0.96504
1132 0.96500
1133 0.96496
1134 0.96491
1135 0.96487
1136 0.96483
1137 0.96478
1138 0.96474
1139 0.96469
1140 0.96465
1141 0.96461
1142 0.96456
1143 0.96452
1144 0.96448
1145 0.96443
1146 0.96439
1147 0.96434
1148 0.96430
1149 0.96426
1150 0.96421
1151 0.96417
1152 0.96412
1153 0.96408
1154 0.96404
1155 0.96399
1156 0.96395
1157 0.96390
1158 0.96386
1159 0.96382
1160 0.96377
1161 0.96373
1162 0.96368
1163 0.96364
1164 0.96360
1165 0.96355
1166 0.96351
1167 0.96346
1168 0.96342
1169 0.96337
1170 0.96333
1171 0.96329
1172 0.96324
1173 0.96320
1174 0.96315
1175 0.96311
1176 0.96306
1177 0.96302
1178 0.96298
1179 0.96293
1180 0.96289
1181 0.96284
1182 0.96280
1183 0.96275
1184 0.96271
1185 0.96267
1186 0.96262
1187 0.96258
1188 0.96253
1189 0.96249
1190 0.96244
1191 0.96240
1192 0.96235
1193 0.96231
1194 0.96226
1195 0.96222
1196 0.96218
1197 0.96213
1198 0.96209
1199 0.96204
1200 0.96200
1201 0.96195
1202 0.96191
1203 0.96186
1204 0.96182
1205 0.96177
1206 0.96173
1207 0.96168
1208 0.96164
1209 0.96159
1210 0.96155
1211 0.96150
1212 0.96146
1213 0.96141
1214 0.96137
1215 0.96133
1216 1.00000
