17 0.90523
18 0.89727
19 0.88918
20 0.88095
21 0.87261
22 0.86416
23 0.85561
24 0.84698
25 0.83826
26 0.82948
27 0.82063
28 0.81173
29 0.80278
30 0.79379
31 0.78477
32 0.77572
33 0.76665
34 0.75757
35 0.74847
36 0.73937
37 0.73028
38 0.72118
39 0.71210
40 0.70303
41 0.69399
42 0.68496
43 0.67596
44 0.66700
45 0.65806
46 0.64917
47 0.64031
48 0.63150
49 0.62274
50 0.61402
51 0.60536
52 0.59675
53 0.58820
54 0.57971
55 0.57128
56 0.56291
57 0.55460
58 0.54637
59 0.53820
60 0.53010
61 0.52207
62 0.51411
63 0.50623
64 0.49842
65 0.49069
66 0.48303
67 0.47545
68 0.46795
69 0.46053
70 0.45319
71 0.44593
72 0.43875
73 0.43165
74 0.42463
75 0.41769
76 0.41084
77 0.40406
78 0.39737
79 0.39077
80 0.38424
81 0.37780
82 0.37144
83 0.36516
84 0.35897
85 0.35285
86 0.34682
87 0.34087
88 0.33500
89 0.32921
90 0.32350
91 0.31788
92 0.31233
93 0.30686
94 0.30147
95 0.29616
96 0.29092
97 0.28577
98 0.28069
99 0.27568
100 0.27075
101 0.26590
102 0.26112
103 0.25641
104 0.25178
105 0.24722
106 0.24273
107 0.23831
108 0.23397
109 0.22969
110 0.22548
111 0.22134
112 0.21726
113 0.21326
114 0.20931
115 0.20544
116 0.20163
117 0.19788
118 0.19419
119 0.19057
120 0.18700
121 0.18350
122 0.18006
123 0.17668
124 0.17335
125 0.17008
126 0.16687
127 0.16372
128 0.16061
129 0.15757
130 0.15458
131 0.15164
132 0.14875
133 0.14591
134 0.14313
135 0.14039
136 0.13771
137 0.13507
138 0.13248
139 0.12993
140 0.12744
141 0.12498
142 0.12258
143 0.12021
144 0.11790
145 0.11562
146 0.11338
147 0.11119
148 0.10904
149 0.10693
150 0.10485
151 0.10282
152 0.10082
153 0.09886
154 0.09694
155 0.09506
156 0.09321
157 0.09139
158 0.08961
159 0.08787
160 0.08615
161 0.08447
162 0.08283
163 0.08121
164 0.07962
165 0.07807
166 0.07654
167 0.07505
168 0.07358
169 0.07214
170 0.07073
171 0.06935
172 0.06799
173 0.06666
174 0.06536
175 0.06408
176 0.06283
177 0.06160
178 0.06039
179 0.05921
180 0.05805
181 0.05692
182 0.05580
183 0.05471
184 0.05364
185 0.05260
186 0.05157
187 0.05056
188 0.04957
189 0.04861
190 0.04766
191 0.04673
192 0.04582
193 0.04492
194 0.04405
195 0.04319
196 0.04235
197 0.04152
198 0.04072
199 0.03992
200 0.03915
201 0.03839
202 0.03764
203 0.03691
204 0.03620
205 0.03550
206 0.03481
207 0.03414
208 0.03348
209 0.03283
210 0.03219
211 0.03157
212 0.03096
213 0.03037
214 0.02978
215 0.02921
216 0.02865
217 0.02810
218 0.02756
219 0.02703
220 0.02652
221 0.02601
222 0.02551
223 0.02503
224 0.02455
225 0.02408
226 0.02362
227 0.02317
228 0.02273
229 0.02230
230 0.02188
231 0.02147
232 0.02106
233 0.02066
234 0.02027
235 0.01989
236 0.01952
237 0.01915
238 0.01879
239 0.01844
240 0.01810
241 0.01776
242 0.01743
243 0.01710
244 0.01679
245 0.01647
246 0.01617
247 0.01587
248 0.01558
249 0.01529
250 0.01501
251 0.01473
252 0.01446
253 0.01420
254 0.01394
255 0.01368
256 0.01343
257 0.01319
258 0.01295
259 0.01271
260 0.01248
261 0.01226
262 0.01203
263 0.01182
264 0.01161
265 0.01140
266 0.01119
267 0.01099
268 0.01080
269 0.01060
270 0.01042
271 0.01023
272 0.01005
273 0.00987
274 0.00970
275 0.00953
276 0.00936
277 0.00920
278 0.00904
279 0.00888
280 0.00872
281 0.00857
282 0.00842
283 0.00828
284 0.00813
285 0.00799
286 0.00786
287 0.00772
288 0.00759
289 0.00746
290 0.00733
291 0.00721
292 0.00709
293 0.00697
294 0.00685
295 0.00674
296 0.00662
297 0.00651
298 0.00640
299 0.00630
300 0.00619
301 0.00609
302 0.00599
303 0.00589
304 0.00579
305 0.00570
306 0.00561
307 0.00551
308 0.00543
309 0.00534
310 0.00525
311 0.00517
312 0.00508
313 0.00500
314 0.00492
315 0.00484
316 0.00477
317 0.00469
318 0.00462
319 0.00455
320 0.00447
321 0.00440
322 0.00434
323 0.00427
324 0.00420
325 0.00414
326 0.00407
327 0.00401
328 0.00395
329 0.00389
330 0.00383
331 0.00377
332 0.00372
333 0.00366
334 0.00361
335 0.00355
336 0.00350
337 0.00345
338 0.00340
339 0.00335
340 0.00330
341 0.00325
342 0.00320
343 0.00316
344 0.00311
345 0.00307
346 0.00302
347 0.00298
348 0.00294
349 0.00290
350 0.00286
351 0.00281
352 0.00278
353 0.00274
354 0.00270
355 0.00266
356 0.00263
357 0.00259
358 0.00255
359 0.00252
360 0.00249
361 0.00245
362 0.00242
363 0.00239
364 0.00235
365 0.00232
366 0.00229
367 0.00226
368 0.00223
369 0.00220
370 0.00218
371 0.00215
372 0.00212
373 0.00209
374 0.00207
375 0.00204
376 0.00202
377 0.00199
378 0.00197
379 0.00194
380 0.00192
381 0.00189
382 0.00187
383 0.00185
384 0.00183
385 0.00180
386 0.00178
387 0.00176
388 0.00174
389 0.00172
390 0.00170
391 0.00168
392 0.00166
393 0.00164
394 0.00162
395 0.00160
396 0.00159
397 0.00157
398 0.00155
399 0.00153
400 0.00152
401 0.00150
402 0.00148
403 0.00147
404 0.00145
405 0.00144
406 0.00142
407 0.00141
408 0.00139
409 0.00138
410 0.00136
411 0.00135
412 0.00133
413 0.00132
414 0.00131
415 0.00129
416 0.00128
417 0.00127
418 0.00125
419 0.00124
420 0.00123
421 0.00122
422 0.00121
423 0.00120
424 0.00118
425 0.00117
426 0.00116
427 0.00115
428 0.00114
429 0.00113
430 0.00112
431 0.00111
432 0.00110
433 0.00109
434 0.00108
435 0.00107
436 0.00106
437 0.00105
438 0.00104
439 0.00103
440 0.00103
441 0.00102
442 0.00101
443 0.00100
444 0.00099
445 0.00098
446 0.00098
447 0.00097
448 0.00096
449 0.00095
450 0.00095
451 0.00094
452 0.00093
453 0.00092
454 0.00092
455 0.00091
456 0.00090
457 0.00090
458 0.00089
459 0.00088
460 0.00088
461 0.00087
462 0.00087
463 0.00086
464 0.00085
465 0.00085
466 0.00084
467 0.00084
468 0.00083
469 0.00083
470 0.00082
471 0.00082
472 0.00081
473 0.00081
474 0.00080
475 0.00080
476 0.00079
477 0.00079
478 0.00078
479 0.00078
480 0.00078
481 0.00077
482 0.00077
483 0.00076
484 0.00076
485 0.00076
486 0.00075
487 0.00075
488 0.00074
489 0.00074
490 0.00074
491 0.00073
492 0.00073
493 0.00073
494 0.00072
495 0.00072
496 0.00072
497 0.00071
498 0.00071
499 0.00071
500 0.00071
501 0.00070
502 0.00070
503 0.00070
504 0.00070
505 0.00069
506 0.00069
507 0.00069
508 0.00069
509 0.00068
510 0.00068
511 0.00068
512 0.00068
513 0.00068
514 0.00067
515 0.00067
516 0.00067
517 0.00067
518 0.00067
519 0.00067
520 0.00066
521 0.00066
522 0.00066
523 0.00066
524 0.00066
525 0.00066
526 0.00066
527 0.00066
528 0.00065
529 0.00065
530 0.00065
531 0.00065
532 0.00065
533 0.00065
534 0.00065
535 0.00065
536 0.00065
537 0.00065
538 0.00065
539 0.00065
540 0.00064
541 0.00064
542 0.00064
543 0.00064
544 0.00064
545 0.00064
546 0.00064
547 0.00064
548 0.00064
549 0.00064
550 0.00064
551 0.00064
552 0.00064
553 0.00064
554 0.00064
555 0.00064
556 0.00064
557 0.00064
558 0.00064
559 0.00064
560 0.00065
561 0.00065
562 0.00065
563 0.00065
564 0.00065
565 0.00065
566 0.00065
567 0.00065
568 0.00065
569 0.00065
570 0.00065
571 0.00066
572 0.00066
573 0.00066
574 0.00066
575 0.00066
576 0.00066
577 0.00066
578 0.00067
579 0.00067
580 0.00067
581 0.00067
582 0.00067
583 0.00067
584 0.00068
585 0.00068
586 0.00068
587 0.00068
588 0.00069
589 0.00069
590 0.00069
591 0.00069
592 0.00070
593 0.00070
594 0.00070
595 0.00070
596 0.00071
597 0.00071
598 0.00071
599 0.00072
600 0.00072
601 0.00072
602 0.00073
603 0.00073
604 0.00073
605 0.00074
606 0.00074
607 0.00074
608 0.00075
609 0.00075
610 0.00076
611 0.00076
612 0.00076
613 0.00077
614 0.00077
615 0.00078
616 0.00078
617 0.00079
618 0.00079
619 0.00080
620 0.00080
621 0.00081
622 0.00081
623 0.00082
624 0.00082
625 0.00083
626 0.00083
627 0.00084
628 0.00084
629 0.00085
630 0.00086
631 0.00086
632 0.00087
633 0.00088
634 0.00088
635 0.00089
636 0.00090
637 0.00090
638 0.00091
639 0.00092
640 0.00093
641 0.00093
642 0.00094
643 0.00095
644 0.00096
645 0.00097
646 0.00097
647 0.00098
648 0.00099
649 0.00100
650 0.00101
651 0.00102
652 0.00103
653 0.00104
654 0.00105
655 0.00106
656 0.00107
657 0.00108
658 0.00109
659 0.00110
660 0.00111
661 0.00112
662 0.00113
663 0.00115
664 0.00116
665 0.00117
666 0.00118
667 0.00120
668 0.00121
669 0.00122
670 0.00124
671 0.00125
672 0.00126
673 0.00128
674 0.00129
675 0.00131
676 0.00132
677 0.00134
678 0.00135
679 0.00137
680 0.00139
681 0.00140
682 0.00142
683 0.00144
684 0.00146
685 0.00147
686 0.00149
687 0.00151
688 0.00153
689 0.00155
690 0.00157
691 0.00159
692 0.00161
693 0.00164
694 0.00166
695 0.00168
696 0.00170
697 0.00173
698 0.00175
699 0.00177
700 0.00180
701 0.00183
702 0.00185
703 0.00188
704 0.00190
705 0.00193
706 0.00196
707 0.00199
708 0.00202
709 0.00205
710 0.00208
711 0.00211
712 0.00215
713 0.00218
714 0.00221
715 0.00225
716 0.00228
717 0.00232
718 0.00235
719 0.00239
720 0.00243
721 0.00247
722 0.00251
723 0.00255
724 0.00259
725 0.00264
726 0.00268
727 0.00273
728 0.00277
729 0.00282
730 0.00287
731 0.00292
732 0.00297
733 0.00302
734 0.00307
735 0.00313
736 0.00318
737 0.00324
738 0.00330
739 0.00336
740 0.00342
741 0.00348
742 0.00355
743 0.00361
744 0.00368
745 0.00375
746 0.00382
747 0.00389
748 0.00397
749 0.00404
750 0.00412
751 0.00420
752 0.00428
753 0.00437
754 0.00445
755 0.00454
756 0.00463
757 0.00472
758 0.00482
759 0.00492
760 0.00502
761 0.00512
762 0.00522
763 0.00533
764 0.00544
765 0.00556
766 0.00567
767 0.00579
768 0.00592
769 0.00604
770 0.00617
771 0.00630
772 0.00644
773 0.00658
774 0.00672
775 0.00687
776 0.00702
777 0.00718
778 0.00734
779 0.00750
780 0.00767
781 0.00785
782 0.00803
783 0.00821
784 0.00840
785 0.00859
786 0.00879
787 0.00900
788 0.00921
789 0.00942
790 0.00964
791 0.00987
792 0.01011
793 0.01035
794 0.01060
795 0.01086
796 0.01112
797 0.01139
798 0.01167
799 0.01196
800 0.01225
801 0.01256
802 0.01287
803 0.01319
804 0.01353
805 0.01387
806 0.01422
807 0.01458
808 0.01496
809 0.01534
810 0.01574
811 0.01615
812 0.01657
813 0.01700
814 0.01745
815 0.01791
816 0.01838
817 0.01887
818 0.01938
819 0.01990
820 0.02043
821 0.02099
822 0.02156
823 0.02215
824 0.02276
825 0.02338
826 0.02403
827 0.02470
828 0.02539
829 0.02610
830 0.02683
831 0.02759
832 0.02837
833 0.02918
834 0.03001
835 0.03087
836 0.03176
837 0.03268
838 0.03363
839 0.03461
840 0.03562
841 0.03667
842 0.03775
843 0.03887
844 0.04002
845 0.04122
846 0.04245
847 0.04373
848 0.04505
849 0.04641
850 0.04783
851 0.04929
852 0.05080
853 0.05236
854 0.05398
855 0.05565
856 0.05739
857 0.05918
858 0.06103
859 0.06296
860 0.06494
861 0.06700
862 0.06914
863 0.07135
864 0.07363
865 0.07600
866 0.07846
867 0.08100
868 0.08364
869 0.08637
870 0.08920
871 0.09213
872 0.09518
873 0.09833
874 0.10160
875 0.10499
876 0.10851
877 0.11215
878 0.11594
879 0.11986
880 0.12393
881 0.12816
882 0.13254
883 0.13709
884 0.14181
885 0.14671
886 0.15180
887 0.15709
888 0.16257
889 0.16827
890 0.17419
891 0.18034
892 0.18672
893 0.19336
894 0.20025
895 0.20742
896 0.21486
897 0.22260
898 0.23064
899 0.23901
900 0.24770
901 0.25674
902 0.26615
903 0.27593
904 0.28610
905 0.29668
906 0.30769
907 0.31915
908 0.33107
909 0.34348
910 0.35640
911 0.36984
912 0.38070
913 0.38581
914 0.39169
915 0.39754
916 0.40141
917 0.40329
918 0.40576
919 0.40899
920 0.41323
921 0.41882
922 0.41740
923 0.41597
924 0.42347
925 0.42205
926 0.42063
927 0.43091
928 0.42949
929 0.42808
930 0.42667
931 0.44120
932 0.43981
933 0.43841
934 0.43701
935 0.43561
936 0.43422
937 0.43282
938 0.45438
939 0.45301
940 0.45163
941 0.45025
942 0.44887
943 0.44750
944 0.44612
945 0.44475
946 0.44337
947 0.44200
948 0.44062
949 0.43925
950 0.47366
951 0.47232
952 0.47097
953 0.46963
954 0.46829
955 0.46694
956 0.46560
957 0.46426
958 0.46292
959 0.46157
960 0.46023
961 0.45889
962 0.45755
963 0.45621
964 0.45487
965 0.45353
966 0.45218
967 0.45084
968 0.44951
969 0.44817
970 0.44683
971 0.44549
972 0.44415
973 0.50603
974 0.50475
975 0.50348
976 0.50220
977 0.50092
978 0.49964
979 0.49836
980 0.49709
981 0.49581
982 0.49453
983 0.49325
984 0.49197
985 0.49069
986 0.48941
987 0.48813
988 0.48685
989 0.48558
990 0.48430
991 0.48302
992 0.48174
993 0.48046
994 0.47918
995 0.47790
996 0.47662
997 0.47534
998 0.47406
999 0.47278
1000 0.47151
1001 0.47023
1002 0.46895
1003 0.46767
1004 0.46639
1005 0.46511
1006 0.46384
1007 0.46256
1008 0.46128
1009 0.46000
1010 0.45873
1011 0.45745
1012 0.45617
1013 0.45490
1014 0.45362
1015 0.45234
1016 0.45107
1017 0.44979
1018 0.44852
1019 0.44724
1020 0.44597
1021 0.44470
1022 0.44342
1023 0.44215
1024 0.44088
1025 0.43960
1026 0.57965
1027 0.57854
1028 0.57743
1029 0.57632
1030 0.57520
1031 0.57409
1032 0.57298
1033 0.57186
1034 0.57075
1035 0.56963
1036 0.56851
1037 0.56740
1038 0.56628
1039 0.56516
1040 0.56404
1041 0.56292
1042 0.56180
1043 0.56068
1044 0.55956
1045 0.55843
1046 0.55731
1047 0.55619
1048 0.55506
1049 0.55394
1050 0.55282
1051 0.55169
1052 0.55056
1053 0.54944
1054 0.54831
1055 0.54718
1056 0.54606
1057 0.54493
1058 0.54380
1059 0.54267
1060 0.54154
1061 0.54041
1062 0.53928
1063 0.53815
1064 0.53702
1065 0.53589
1066 0.53476
1067 0.53362
1068 0.53249
1069 0.53136
1070 0.53022
1071 0.52909
1072 0.52796
1073 0.52682
1074 0.52569
1075 0.52455
1076 0.52342
1077 0.52228
1078 0.52115
1079 0.52001
1080 0.51887
1081 0.51774
1082 0.51660
1083 0.51546
1084 0.51433
1085 0.51319
1086 0.51205
1087 0.51091
1088 0.50978
1089 0.50864
1090 0.50750
1091 0.50636
1092 0.50522
1093 0.50408
1094 0.50294
1095 0.50180
1096 0.50067
1097 0.49953
1098 0.49839
1099 0.49725
1100 0.49611
1101 0.49497
1102 0.49383
1103 0.49269
1104 0.49155
1105 0.49041
1106 0.48927
1107 0.48813
1108 0.48699
1109 0.48585
1110 0.48471
1111 0.48357
1112 0.48242
1113 0.48128
1114 0.48014
1115 0.47900
1116 0.47786
1117 0.47672
1118 0.47558
1119 0.47444
1120 0.47330
1121 0.47216
1122 0.47102
1123 0.46988
1124 0.46875
1125 0.46761
1126 0.46647
1127 0.46533
1128 0.46419
1129 0.46305
1130 0.46191
1131 0.46077
1132 0.45963
1133 0.45850
1134 0.45736
1135 0.45622
1136 0.45508
1137 0.45395
1138 0.45281
1139 0.45167
1140 0.45054
1141 0.44940
1142 0.44826
1143 0.44713
1144 0.44599
1145 0.44486
1146 0.44372
1147 0.44259
1148 0.44145
1149 0.44032
1150 0.43918
1151 0.43805
1152 0.43692
1153 0.43579
1154 0.43465
1155 0.43352
1156 0.43239
1157 0.43126
1158 0.43013
1159 0.42900
1160 0.42787
1161 0.42674
1162 0.42561
1163 0.42448
1164 0.42335
1165 0.42222
1166 0.42110
1167 0.41997
1168 0.41884
1169 0.41772
1170 0.41659
1171 0.41547
1172 0.41434
1173 0.41322
1174 0.41210
1175 0.41097
1176 0.40985
1177 0.40873
1178 0.40761
1179 0.40649
1180 0.40537
1181 0.40425
1182 0.40313
1183 0.40201
1184 0.40089
1185 0.39977
1186 0.39866
1187 0.39754
1188 0.39643
1189 0.39531
1190 0.39420
1191 0.39308
1192 0.39197
1193 0.39086
1194 0.38975
1195 0.38864
1196 0.38753
1197 0.38642
1198 0.38531
1199 0.38420
1200 0.38309
1201 0.38199
1202 0.38088
1203 0.37977
1204 0.37867
1205 0.37757
1206 0.37646
1207 0.37536
1208 0.37426
1209 0.37316
1210 0.37206
1211 0.37096
1212 0.36986
1213 0.36876
1214 0.36766
1215 0.36657
1216 1.00000
