17 0.75297
18 0.73392
19 0.71483
20 0.69574
21 0.67668
22 0.65771
23 0.63884
24 0.62011
25 0.60156
26 0.58319
27 0.56505
28 0.54715
29 0.52952
30 0.51216
31 0.49509
32 0.47833
33 0.46189
34 0.44579
35 0.43002
36 0.41460
37 0.39954
38 0.38483
39 0.37049
40 0.35651
41 0.34291
42 0.32967
43 0.31680
44 0.30429
45 0.29215
46 0.28038
47 0.26897
48 0.25791
49 0.24721
50 0.23685
51 0.22684
52 0.21717
53 0.20783
54 0.19881
55 0.19011
56 0.18173
57 0.17365
58 0.16587
59 0.15839
60 0.15119
61 0.14426
62 0.13761
63 0.13122
64 0.12508
65 0.11919
66 0.11355
67 0.10813
68 0.10294
69 0.09797
70 0.09321
71 0.08866
72 0.08430
73 0.08014
74 0.07615
75 0.07235
76 0.06871
77 0.06524
78 0.06193
79 0.05877
80 0.05575
81 0.05288
82 0.05014
83 0.04753
84 0.04505
85 0.04268
86 0.04043
87 0.03829
88 0.03625
89 0.03431
90 0.03247
91 0.03072
92 0.02906
93 0.02748
94 0.02598
95 0.02456
96 0.02321
97 0.02193
98 0.02072
99 0.01957
100 0.01848
101 0.01744
102 0.01647
103 0.01554
104 0.01466
105 0.01383
106 0.01304
107 0.01230
108 0.01160
109 0.01093
110 0.01030
111 0.00971
112 0.00915
113 0.00862
114 0.00811
115 0.00764
116 0.00719
117 0.00677
118 0.00637
119 0.00600
120 0.00564
121 0.00531
122 0.00499
123 0.00470
124 0.00442
125 0.00415
126 0.00390
127 0.00367
128 0.00345
129 0.00324
130 0.00304
131 0.00286
132 0.00269
133 0.00252
134 0.00237
135 0.00223
136 0.00209
137 0.00196
138 0.00184
139 0.00173
140 0.00162
141 0.00152
142 0.00143
143 0.00134
144 0.00126
145 0.00118
146 0.00111
147 0.00104
148 0.00097
149 0.00091
150 0.00085
151 0.00080
152 0.00075
153 0.00070
154 0.00066
155 0.00062
156 0.00058
157 0.00054
158 0.00051
159 0.00048
160 0.00045
161 0.00042
162 0.00039
163 0.00037
164 0.00034
165 0.00032
166 0.00030
167 0.00028
168 0.00026
169 0.00025
170 0.00023
171 0.00022
172 0.00020
173 0.00019
174 0.00018
175 0.00017
176 0.00016
177 0.00015
178 0.00014
179 0.00013
180 0.00012
181 0.00011
182 0.00010
183 0.00010
184 0.00009
185 0.00009
186 0.00008
187 0.00007
188 0.00007
189 0.00007
190 0.00006
191 0.00006
192 0.00005
193 0.00005
194 0.00005
195 0.00004
196 0.00004
197 0.00004
198 0.00004
199 0.00003
200 0.00003
201 0.00003
202 0.00003
203 0.00003
204 0.00002
205 0.00002
206 0.00002
207 0.00002
208 0.00002
209 0.00002
210 0.00002
211 0.00002
212 0.00001
213 0.00001
214 0.00001
215 0.00001
216 0.00001
217 0.00001
218 0.00001
219 0.00001
220 0.00001
221 0.00001
222 0.00001
223 0.00001
224 0.00001
225 0.00001
226 0.00001
227 0.00001
228 0.00000
229 0.00000
230 0.00000
231 0.00000
232 0.00000
233 0.00000
234 0.00000
235 0.00000
236 0.00000
237 0.00000
238 0.00000
239 0.00000
240 0.00000
241 0.00000
242 0.00000
243 0.00000
244 0.00000
245 0.00000
246 0.00000
247 0.00000
248 0.00000
249 0.00000
250 0.00000
251 0.00000
252 0.00000
253 0.00000
254 0.00000
255 0.00000
256 0.00000
257 0.00000
258 0.00000
259 0.00000
260 0.00000
261 0.00000
262 0.00000
263 0.00000
264 0.00000
265 0.00000
266 0.00000
267 0.00000
268 0.00000
269 0.00000
270 0.00000
271 0.00000
272 0.00000
273 0.00000
274 0.00000
275 0.00000
276 0.00000
277 0.00000
278 0.00000
279 0.00000
280 0.00000
281 0.00000
282 0.00000
283 0.00000
284 0.00000
285 0.00000
286 0.00000
287 0.00000
288 0.00000
289 0.00000
290 0.00000
291 0.00000
292 0.00000
293 0.00000
294 0.00000
295 0.00000
296 0.00000
297 0.00000
298 0.00000
299 0.00000
300 0.00000
301 0.00000
302 0.00000
303 0.00000
304 0.00000
305 0.00000
306 0.00000
307 0.00000
308 0.00000
309 0.00000
310 0.00000
311 0.00000
312 0.00000
313 0.00000
314 0.00000
315 0.00000
316 0.00000
317 0.00000
318 0.00000
319 0.00000
320 0.00000
321 0.00000
322 0.00000
323 0.00000
324 0.00000
325 0.00000
326 0.00000
327 0.00000
328 0.00000
329 0.00000
330 0.00000
331 0.00000
332 0.00000
333 0.00000
334 0.00000
335 0.00000
336 0.00000
337 0.00000
338 0.00000
339 0.00000
340 0.00000
341 0.00000
342 0.00000
343 0.00000
344 0.00000
345 0.00000
346 0.00000
347 0.00000
348 0.00000
349 0.00000
350 0.00000
351 0.00000
352 0.00000
353 0.00000
354 0.00000
355 0.00000
356 0.00000
357 0.00000
358 0.00000
359 0.00000
360 0.00000
361 0.00000
362 0.00000
363 0.00000
364 0.00000
365 0.00000
366 0.00000
367 0.00000
368 0.00000
369 0.00000
370 0.00000
371 0.00000
372 0.00000
373 0.00000
374 0.00000
375 0.00000
376 0.00000
377 0.00000
378 0.00000
379 0.00000
380 0.00000
381 0.00000
382 0.00000
383 0.00000
384 0.00000
385 0.00000
386 0.00000
387 0.00000
388 0.00000
389 0.00000
390 0.00000
391 0.00000
392 0.00000
393 0.00000
394 0.00000
395 0.00000
396 0.00000
397 0.00000
398 0.00000
399 0.00000
400 0.00000
401 0.00000
402 0.00000
403 0.00000
404 0.00000
405 0.00000
406 0.00000
407 0.00000
408 0.00000
409 0.00000
410 0.00000
411 0.00000
412 0.00000
413 0.00000
414 0.00000
415 0.00000
416 0.00000
417 0.00000
418 0.00000
419 0.00000
420 0.00000
421 0.00000
422 0.00000
423 0.00000
424 0.00000
425 0.00000
426 0.00000
427 0.00000
428 0.00000
429 0.00000
430 0.00000
431 0.00000
432 0.00000
433 0.00000
434 0.00000
435 0.00000
436 0.00000
437 0.00000
438 0.00000
439 0.00000
440 0.00000
441 0.00000
442 0.00000
443 0.00000
444 0.00000
445 0.00000
446 0.00000
447 0.00000
448 0.00000
449 0.00000
450 0.00000
451 0.00000
452 0.00000
453 0.00000
454 0.00000
455 0.00000
456 0.00000
457 0.00000
458 0.00000
459 0.00000
460 0.00000
461 0.00000
462 0.00000
463 0.00000
464 0.00000
465 0.00000
466 0.00000
467 0.00000
468 0.00000
469 0.00000
470 0.00000
471 0.00000
472 0.00000
473 0.00000
474 0.00000
475 0.00000
476 0.00000
477 0.00000
478 0.00000
479 0.00000
480 0.00000
481 0.00000
482 0.00000
483 0.00000
484 0.00000
485 0.00000
486 0.00000
487 0.00000
488 0.00000
489 0.00000
490 0.00000
491 0.00000
492 0.00000
493 0.00000
494 0.00000
495 0.00000
496 0.00000
497 0.00000
498 0.00000
499 0.00000
500 0.00000
501 0.00000
502 0.00000
503 0.00000
504 0.00000
505 0.00000
506 0.00000
507 0.00000
508 0.00000
509 0.00000
510 0.00000
511 0.00000
512 0.00000
513 0.00000
514 0.00000
515 0.00000
516 0.00000
517 0.00000
518 0.00000
519 0.00000
520 0.00000
521 0.00000
522 0.00000
523 0.00000
524 0.00000
525 0.00000
526 0.00000
527 0.00000
528 0.00000
529 0.00000
530 0.00000
531 0.00000
532 0.00000
533 0.00000
534 0.00000
535 0.00000
536 0.00000
537 0.00000
538 0.00000
539 0.00000
540 0.00000
541 0.00000
542 0.00000
543 0.00000
544 0.00000
545 0.00000
546 0.00000
547 0.00000
548 0.00000
549 0.00000
550 0.00000
551 0.00000
552 0.00000
553 0.00000
554 0.00000
555 0.00000
556 0.00000
557 0.00000
558 0.00000
559 0.00000
560 0.00000
561 0.00000
562 0.00000
563 0.00000
564 0.00000
565 0.00000
566 0.00000
567 0.00000
568 0.00000
569 0.00000
570 0.00000
571 0.00000
572 0.00000
573 0.00000
574 0.00000
575 0.00000
576 0.00000
577 0.00000
578 0.00000
579 0.00000
580 0.00000
581 0.00000
582 0.00000
583 0.00000
584 0.00000
585 0.00000
586 0.00000
587 0.00000
588 0.00000
589 0.00000
590 0.00000
591 0.00000
592 0.00000
593 0.00000
594 0.00000
595 0.00000
596 0.00000
597 0.00000
598 0.00000
599 0.00000
600 0.00000
601 0.00000
602 0.00000
603 0.00000
604 0.00000
605 0.00000
606 0.00000
607 0.00000
608 0.00000
609 0.00000
610 0.00000
611 0.00000
612 0.00000
613 0.00000
614 0.00000
615 0.00000
616 0.00000
617 0.00000
618 0.00000
619 0.00000
620 0.00000
621 0.00000
622 0.00000
623 0.00000
624 0.00000
625 0.00000
626 0.00000
627 0.00000
628 0.00000
629 0.00000
630 0.00000
631 0.00000
632 0.00000
633 0.00000
634 0.00000
635 0.00000
636 0.00000
637 0.00000
638 0.00000
639 0.00000
640 0.00000
641 0.00000
642 0.00000
643 0.00000
644 0.00000
645 0.00000
646 0.00000
647 0.00000
648 0.00000
649 0.00000
650 0.00000
651 0.00000
652 0.00000
653 0.00000
654 0.00000
655 0.00000
656 0.00000
657 0.00000
658 0.00000
659 0.00000
660 0.00000
661 0.00000
662 0.00000
663 0.00000
664 0.00000
665 0.00000
666 0.00000
667 0.00000
668 0.00000
669 0.00000
670 0.00000
671 0.00000
672 0.00000
673 0.00000
674 0.00000
675 0.00000
676 0.00000
677 0.00000
678 0.00000
679 0.00000
680 0.00000
681 0.00000
682 0.00000
683 0.00000
684 0.00000
685 0.00000
686 0.00000
687 0.00000
688 0.00000
689 0.00000
690 0.00000
691 0.00000
692 0.00000
693 0.00000
694 0.00000
695 0.00000
696 0.00000
697 0.00000
698 0.00000
699 0.00000
700 0.00000
701 0.00000
702 0.00000
703 0.00000
704 0.00000
705 0.00000
706 0.00000
707 0.00000
708 0.00000
709 0.00000
710 0.00000
711 0.00000
712 0.00000
713 0.00000
714 0.00000
715 0.00000
716 0.00000
717 0.00000
718 0.00000
719 0.00000
720 0.00000
721 0.00000
722 0.00000
723 0.00000
724 0.00000
725 0.00000
726 0.00000
727 0.00000
728 0.00000
729 0.00000
730 0.00000
731 0.00000
732 0.00000
733 0.00000
734 0.00000
735 0.00000
736 0.00000
737 0.00000
738 0.00000
739 0.00000
740 0.00000
741 0.00000
742 0.00000
743 0.00000
744 0.00000
745 0.00000
746 0.00000
747 0.00000
748 0.00000
749 0.00000
750 0.00000
751 0.00000
752 0.00000
753 0.00000
754 0.00000
755 0.00000
756 0.00000
757 0.00000
758 0.00000
759 0.00000
760 0.00000
761 0.00000
762 0.00000
763 0.00000
764 0.00000
765 0.00000
766 0.00000
767 0.00000
768 0.00000
769 0.00000
770 0.00000
771 0.00000
772 0.00000
773 0.00000
774 0.00000
775 0.00000
776 0.00000
777 0.00000
778 0.00000
779 0.00000
780 0.00000
781 0.00000
782 0.00000
783 0.00000
784 0.00000
785 0.00000
786 0.00000
787 0.00000
788 0.00000
789 0.00000
790 0.00000
791 0.00000
792 0.00000
793 0.00000
794 0.00000
795 0.00000
796 0.00000
797 0.00000
798 0.00000
799 0.00000
800 0.00000
801 0.00000
802 0.00000
803 0.00000
804 0.00000
805 0.00000
806 0.00000
807 0.00000
808 0.00000
809 0.00000
810 0.00000
811 0.00000
812 0.00000
813 0.00000
814 0.00000
815 0.00000
816 0.00000
817 0.00000
818 0.00000
819 0.00000
820 0.00000
821 0.00000
822 0.00000
823 0.00000
824 0.00000
825 0.00000
826 0.00000
827 0.00000
828 0.00000
829 0.00000
830 0.00000
831 0.00000
832 0.00000
833 0.00000
834 0.00000
835 0.00000
836 0.00000
837 0.00000
838 0.00000
839 0.00000
840 0.00000
841 0.00000
842 0.00000
843 0.00000
844 0.00000
845 0.00000
846 0.00001
847 0.00001
848 0.00001
849 0.00001
850 0.00001
851 0.00001
852 0.00001
853 0.00001
854 0.00001
855 0.00001
856 0.00002
857 0.00002
858 0.00002
859 0.00002
860 0.00002
861 0.00003
862 0.00003
863 0.00003
864 0.00004
865 0.00004
866 0.00005
867 0.00005
868 0.00006
869 0.00006
870 0.00007
871 0.00008
872 0.00009
873 0.00010
874 0.00011
875 0.00012
876 0.00014
877 0.00016
878 0.00018
879 0.00020
880 0.00022
881 0.00025
882 0.00028
883 0.00031
884 0.00035
885 0.00040
886 0.00044
887 0.00050
888 0.00056
889 0.00063
890 0.00071
891 0.00080
892 0.00090
893 0.00102
894 0.00115
895 0.00129
896 0.00146
897 0.00164
898 0.00186
899 0.00209
900 0.00237
901 0.00267
902 0.00302
903 0.00341
904 0.00386
905 0.00437
906 0.00494
907 0.00559
908 0.00633
909 0.00718
910 0.00813
911 0.00921
912 0.01012
913 0.01101
914 0.01214
915 0.01335
916 0.01419
917 0.01457
918 0.01512
919 0.01588
920 0.01696
921 0.01851
922 0.01801
923 0.01752
924 0.01971
925 0.01919
926 0.01868
927 0.02194
928 0.02139
929 0.02084
930 0.02030
931 0.02542
932 0.02481
933 0.02420
934 0.02361
935 0.02303
936 0.02246
937 0.02190
938 0.03041
939 0.02972
940 0.02905
941 0.02839
942 0.02774
943 0.02710
944 0.02647
945 0.02585
946 0.02524
947 0.02464
948 0.02405
949 0.02347
950 0.03914
951 0.03836
952 0.03758
953 0.03681
954 0.03605
955 0.03531
956 0.03457
957 0.03384
958 0.03313
959 0.03242
960 0.03173
961 0.03104
962 0.03037
963 0.02970
964 0.02905
965 0.02841
966 0.02777
967 0.02715
968 0.02653
969 0.02593
970 0.02533
971 0.02474
972 0.02417
973 0.05869
974 0.05772
975 0.05675
976 0.05580
977 0.05485
978 0.05391
979 0.05298
980 0.05206
981 0.05115
982 0.05025
983 0.04935
984 0.04847
985 0.04760
986 0.04673
987 0.04588
988 0.04503
989 0.04419
990 0.04336
991 0.04254
992 0.04173
993 0.04093
994 0.04014
995 0.03936
996 0.03859
997 0.03782
998 0.03707
999 0.03632
1000 0.03559
1001 0.03486
1002 0.03414
1003 0.03343
1004 0.03273
1005 0.03204
1006 0.03136
1007 0.03069
1008 0.03002
1009 0.02937
1010 0.02872
1011 0.02809
1012 0.02746
1013 0.02684
1014 0.02623
1015 0.02563
1016 0.02504
1017 0.02446
1018 0.02388
1019 0.02332
1020 0.02276
1021 0.02221
1022 0.02167
1023 0.02115
1024 0.02062
1025 0.02011
1026 0.13192
1027 0.13043
1028 0.12894
1029 0.12745
1030 0.12596
1031 0.12448
1032 0.12299
1033 0.12152
1034 0.12004
1035 0.11857
1036 0.11710
1037 0.11563
1038 0.11417
1039 0.11271
1040 0.11125
1041 0.10980
1042 0.10836
1043 0.10692
1044 0.10549
1045 0.10406
1046 0.10264
1047 0.10122
1048 0.09981
1049 0.09841
1050 0.09701
1051 0.09562
1052 0.09424
1053 0.09286
1054 0.09149
1055 0.09013
1056 0.08878
1057 0.08744
1058 0.08610
1059 0.08478
1060 0.08346
1061 0.08215
1062 0.08085
1063 0.07957
1064 0.07829
1065 0.07702
1066 0.07576
1067 0.07451
1068 0.07327
1069 0.07204
1070 0.07082
1071 0.06962
1072 0.06842
1073 0.06724
1074 0.06606
1075 0.06490
1076 0.06375
1077 0.06261
1078 0.06148
1079 0.06037
1080 0.05926
1081 0.05817
1082 0.05709
1083 0.05602
1084 0.05496
1085 0.05392
1086 0.05289
1087 0.05187
1088 0.05086
1089 0.04987
1090 0.04888
1091 0.04791
1092 0.04695
1093 0.04601
1094 0.04508
1095 0.04416
1096 0.04325
1097 0.04235
1098 0.04147
1099 0.04060
1100 0.03974
1101 0.03889
1102 0.03806
1103 0.03724
1104 0.03643
1105 0.03563
1106 0.03484
1107 0.03407
1108 0.03331
1109 0.03256
1110 0.03183
1111 0.03110
1112 0.03039
1113 0.02969
1114 0.02900
1115 0.02832
1116 0.02765
1117 0.02700
1118 0.02635
1119 0.02572
1120 0.02510
1121 0.02449
1122 0.02389
1123 0.02330
1124 0.02273
1125 0.02216
1126 0.02160
1127 0.02106
1128 0.02052
1129 0.02000
1130 0.01949
1131 0.01898
1132 0.01849
1133 0.01800
1134 0.01753
1135 0.01706
1136 0.01661
1137 0.01616
1138 0.01573
1139 0.01530
1140 0.01488
1141 0.01447
1142 0.01407
1143 0.01368
1144 0.01330
1145 0.01292
1146 0.01256
1147 0.01220
1148 0.01185
1149 0.01151
1150 0.01117
1151 0.01085
1152 0.01053
1153 0.01022
1154 0.00992
1155 0.00962
1156 0.00933
1157 0.00905
1158 0.00877
1159 0.00851
1160 0.00824
1161 0.00799
1162 0.00774
1163 0.00750
1164 0.00726
1165 0.00703
1166 0.00681
1167 0.00659
1168 0.00638
1169 0.00617
1170 0.00597
1171 0.00578
1172 0.00559
1173 0.00540
1174 0.00522
1175 0.00505
1176 0.00488
1177 0.00471
1178 0.00455
1179 0.00439
1180 0.00424
1181 0.00410
1182 0.00395
1183 0.00381
1184 0.00368
1185 0.00355
1186 0.00342
1187 0.00330
1188 0.00318
1189 0.00307
1190 0.00295
1191 0.00285
1192 0.00274
1193 0.00264
1194 0.00254
1195 0.00245
1196 0.00235
1197 0.00226
1198 0.00218
1199 0.00210
1200 0.00201
1201 0.00194
1202 0.00186
1203 0.00179
1204 0.00172
1205 0.00165
1206 0.00158
1207 0.00152
1208 0.00146
1209 0.00140
1210 0.00134
1211 0.00129
1212 0.00124
1213 0.00118
1214 0.00114
1215 0.00109
1216 1.00000
