17 0.99732
18 0.99708
19 0.99684
20 0.99659
21 0.99633
22 0.99607
23 0.99580
24 0.99553
25 0.99526
26 0.99497
27 0.99469
28 0.99439
29 0.99410
30 0.99380
31 0.99349
32 0.99318
33 0.99286
34 0.99255
35 0.99222
36 0.99190
37 0.99157
38 0.99123
39 0.99089
40 0.99055
41 0.99020
42 0.98986
43 0.98950
44 0.98915
45 0.98879
46 0.98842
47 0.98806
48 0.98769
49 0.98732
50 0.98694
51 0.98656
52 0.98618
53 0.98580
54 0.98541
55 0.98502
56 0.98463
57 0.98424
58 0.98384
59 0.98344
60 0.98304
61 0.98263
62 0.98223
63 0.98182
64 0.98141
65 0.98099
66 0.98058
67 0.98016
68 0.97974
69 0.97931
70 0.97889
71 0.97846
72 0.97803
73 0.97760
74 0.97717
75 0.97674
76 0.97630
77 0.97586
78 0.97542
79 0.97498
80 0.97454
81 0.97409
82 0.97365
83 0.97320
84 0.97275
85 0.97230
86 0.97184
87 0.97139
88 0.97093
89 0.97047
90 0.97002
91 0.96956
92 0.96909
93 0.96863
94 0.96817
95 0.96770
96 0.96724
97 0.96677
98 0.96630
99 0.96583
100 0.96536
101 0.96488
102 0.96441
103 0.96394
104 0.96346
105 0.96298
106 0.96251
107 0.96203
108 0.96155
109 0.96107
110 0.96059
111 0.96010
112 0.95962
113 0.95914
114 0.95865
115 0.95817
116 0.95768
117 0.95719
118 0.95670
119 0.95622
120 0.95573
121 0.95524
122 0.95475
123 0.95426
124 0.95376
125 0.95327
126 0.95278
127 0.95228
128 0.95179
129 0.95130
130 0.95080
131 0.95031
132 0.94981
133 0.94931
134 0.94882
135 0.94832
136 0.94782
137 0.94732
138 0.94682
139 0.94633
140 0.94583
141 0.94533
142 0.94483
143 0.94433
144 0.94383
145 0.94333
146 0.94283
147 0.94233
148 0.94182
149 0.94132
150 0.94082
151 0.94032
152 0.93982
153 0.93932
154 0.93881
155 0.93831
156 0.93781
157 0.93731
158 0.93681
159 0.93630
160 0.93580
161 0.93530
162 0.93480
163 0.93429
164 0.93379
165 0.93329
166 0.93279
167 0.93229
168 0.93178
169 0.93128
170 0.93078
171 0.93028
172 0.92978
173 0.92928
174 0.92877
175 0.92827
176 0.92777
177 0.92727
178 0.92677
179 0.92627
180 0.92577
181 0.92527
182 0.92477
183 0.92427
184 0.92377
185 0.92328
186 0.92278
187 0.92228
188 0.92178
189 0.92128
190 0.92079
191 0.92029
192 0.91979
193 0.91930
194 0.91880
195 0.91831
196 0.91781
197 0.91732
198 0.91682
199 0.91633
200 0.91584
201 0.91534
202 0.91485
203 0.91436
204 0.91387
205 0.91338
206 0.91289
207 0.91240
208 0.91191
209 0.91142
210 0.91093
211 0.91044
212 0.90996
213 0.90947
214 0.90898
215 0.90850
216 0.90801
217 0.90753
218 0.90705
219 0.90656
220 0.90608
221 0.90560
222 0.90512
223 0.90464
224 0.90416
225 0.90368
226 0.90320
227 0.90272
228 0.90225
229 0.90177
230 0.90129
231 0.90082
232 0.90035
233 0.89987
234 0.89940
235 0.89893
236 0.89846
237 0.89799
238 0.89752
239 0.89705
240 0.89658
241 0.89611
242 0.89565
243 0.89518
244 0.89471
245 0.89425
246 0.89379
247 0.89332
248 0.89286
249 0.89240
250 0.89194
251 0.89148
252 0.89103
253 0.89057
254 0.89011
255 0.88966
256 0.88920
257 0.88875
258 0.88829
259 0.88784
260 0.88739
261 0.88694
262 0.88649
263 0.88604
264 0.88560
265 0.88515
266 0.88470
267 0.88426
268 0.88382
269 0.88337
270 0.88293
271 0.88249
272 0.88205
273 0.88161
274 0.88118
275 0.88074
276 0.88030
277 0.87987
278 0.87944
279 0.87900
280 0.87857
281 0.87814
282 0.87771
283 0.87728
284 0.87686
285 0.87643
286 0.87601
287 0.87558
288 0.87516
289 0.87474
290 0.87432
291 0.87390
292 0.87348
293 0.87306
294 0.87264
295 0.87223
296 0.87181
297 0.87140
298 0.87099
299 0.87058
300 0.87017
301 0.86976
302 0.86935
303 0.86894
304 0.86854
305 0.86814
306 0.86773
307 0.86733
308 0.86693
309 0.86653
310 0.86613
311 0.86574
312 0.86534
313 0.86495
314 0.86455
315 0.86416
316 0.86377
317 0.86338
318 0.86299
319 0.86260
320 0.86222
321 0.86183
322 0.86145
323 0.86107
324 0.86068
325 0.86030
326 0.85993
327 0.85955
328 0.85917
329 0.85880
330 0.85842
331 0.85805
332 0.85768
333 0.85731
334 0.85694
335 0.85657
336 0.85621
337 0.85584
338 0.85548
339 0.85512
340 0.85475
341 0.85440
342 0.85404
343 0.85368
344 0.85332
345 0.85297
346 0.85262
347 0.85226
348 0.85191
349 0.85157
350 0.85122
351 0.85087
352 0.85053
353 0.85018
354 0.84984
355 0.84950
356 0.84916
357 0.84882
358 0.84848
359 0.84815
360 0.84781
361 0.84748
362 0.84715
363 0.84682
364 0.84649
365 0.84616
366 0.84584
367 0.84551
368 0.84519
369 0.84487
370 0.84455
371 0.84423
372 0.84391
373 0.84359
374 0.84328
375 0.84297
376 0.84265
377 0.84234
378 0.84203
379 0.84173
380 0.84142
381 0.84112
382 0.84081
383 0.84051
384 0.84021
385 0.83991
386 0.83961
387 0.83932
388 0.83902
389 0.83873
390 0.83844
391 0.83815
392 0.83786
393 0.83757
394 0.83728
395 0.83700
396 0.83672
397 0.83643
398 0.83615
399 0.83588
400 0.83560
401 0.83532
402 0.83505
403 0.83478
404 0.83451
405 0.83424
406 0.83397
407 0.83370
408 0.83344
409 0.83317
410 0.83291
411 0.83265
412 0.83239
413 0.83213
414 0.83188
415 0.83162
416 0.83137
417 0.83112
418 0.83087
419 0.83062
420 0.83037
421 0.83013
422 0.82988
423 0.82964
424 0.82940
425 0.82916
426 0.82892
427 0.82869
428 0.82845
429 0.82822
430 0.82799
431 0.82776
432 0.82753
433 0.82730
434 0.82708
435 0.82685
436 0.82663
437 0.82641
438 0.82619
439 0.82598
440 0.82576
441 0.82555
442 0.82533
443 0.82512
444 0.82491
445 0.82471
446 0.82450
447 0.82430
448 0.82409
449 0.82389
450 0.82369
451 0.82349
452 0.82330
453 0.82310
454 0.82291
455 0.82272
456 0.82253
457 0.82234
458 0.82215
459 0.82197
460 0.82178
461 0.82160
462 0.82142
463 0.82124
464 0.82107
465 0.82089
466 0.82072
467 0.82055
468 0.82037
469 0.82021
470 0.82004
471 0.81987
472 0.81971
473 0.81955
474 0.81939
475 0.81923
476 0.81907
477 0.81892
478 0.81876
479 0.81861
480 0.81846
481 0.81831
482 0.81816
483 0.81802
484 0.81788
485 0.81773
486 0.81759
487 0.81745
488 0.81732
489 0.81718
490 0.81705
491 0.81692
492 0.81679
493 0.81666
494 0.81653
495 0.81641
496 0.81628
497 0.81616
498 0.81604
499 0.81593
500 0.81581
501 0.81569
502 0.81558
503 0.81547
504 0.81536
505 0.81525
506 0.81515
507 0.81504
508 0.81494
509 0.81484
510 0.81474
511 0.81464
512 0.81455
513 0.81445
514 0.81436
515 0.81427
516 0.81418
517 0.81410
518 0.81401
519 0.81393
520 0.81385
521 0.81377
522 0.81369
523 0.81361
524 0.81354
525 0.81347
526 0.81340
527 0.81333
528 0.81326
529 0.81320
530 0.81313
531 0.81307
532 0.81301
533 0.81295
534 0.81290
535 0.81284
536 0.81279
537 0.81274
538 0.81269
539 0.81264
540 0.81260
541 0.81255
542 0.81251
543 0.81247
544 0.81243
545 0.81240
546 0.81236
547 0.81233
548 0.81230
549 0.81227
550 0.81224
551 0.81222
552 0.81219
553 0.81217
554 0.81215
555 0.81213
556 0.81212
557 0.81210
558 0.81209
559 0.81208
560 0.81207
561 0.81206
562 0.81206
563 0.81206
564 0.81205
565 0.81206
566 0.81206
567 0.81206
568 0.81207
569 0.81208
570 0.81209
571 0.81210
572 0.81211
573 0.81213
574 0.81215
575 0.81217
576 0.81219
577 0.81221
578 0.81224
579 0.81227
580 0.81229
581 0.81233
582 0.81236
583 0.81239
584 0.81243
585 0.81247
586 0.81251
587 0.81255
588 0.81260
589 0.81264
590 0.81269
591 0.81274
592 0.81280
593 0.81285
594 0.81291
595 0.81297
596 0.81303
597 0.81309
598 0.81315
599 0.81322
600 0.81329
601 0.81336
602 0.81343
603 0.81350
604 0.81358
605 0.81366
606 0.81374
607 0.81382
608 0.81391
609 0.81399
610 0.81408
611 0.81417
612 0.81426
613 0.81436
614 0.81445
615 0.81455
616 0.81465
617 0.81475
618 0.81486
619 0.81497
620 0.81507
621 0.81518
622 0.81530
623 0.81541
624 0.81553
625 0.81565
626 0.81577
627 0.81589
628 0.81602
629 0.81614
630 0.81627
631 0.81640
632 0.81654
633 0.81667
634 0.81681
635 0.81695
636 0.81709
637 0.81723
638 0.81738
639 0.81753
640 0.81768
641 0.81783
642 0.81798
643 0.81814
644 0.81830
645 0.81846
646 0.81862
647 0.81879
648 0.81895
649 0.81912
650 0.81929
651 0.81947
652 0.81964
653 0.81982
654 0.82000
655 0.82018
656 0.82037
657 0.82055
658 0.82074
659 0.82093
660 0.82113
661 0.82132
662 0.82152
663 0.82172
664 0.82192
665 0.82212
666 0.82233
667 0.82254
668 0.82275
669 0.82296
670 0.82318
671 0.82339
672 0.82361
673 0.82383
674 0.82406
675 0.82428
676 0.82451
677 0.82474
678 0.82498
679 0.82521
680 0.82545
681 0.82569
682 0.82593
683 0.82617
684 0.82642
685 0.82667
686 0.82692
687 0.82717
688 0.82743
689 0.82769
690 0.82795
691 0.82821
692 0.82848
693 0.82874
694 0.82901
695 0.82928
696 0.82956
697 0.82983
698 0.83011
699 0.83040
700 0.83068
701 0.83096
702 0.83125
703 0.83154
704 0.83184
705 0.83213
706 0.83243
707 0.83273
708 0.83303
709 0.83334
710 0.83364
711 0.83395
712 0.83427
713 0.83458
714 0.83490
715 0.83522
716 0.83554
717 0.83586
718 0.83619
719 0.83652
720 0.83685
721 0.83718
722 0.83752
723 0.83786
724 0.83820
725 0.83854
726 0.83889
727 0.83924
728 0.83959
729 0.83995
730 0.84030
731 0.84066
732 0.84102
733 0.84139
734 0.84175
735 0.84212
736 0.84249
737 0.84287
738 0.84324
739 0.84362
740 0.84400
741 0.84439
742 0.84477
743 0.84516
744 0.84555
745 0.84595
746 0.84635
747 0.84675
748 0.84715
749 0.84755
750 0.84796
751 0.84837
752 0.84878
753 0.84920
754 0.84962
755 0.85004
756 0.85046
757 0.85089
758 0.85131
759 0.85175
760 0.85218
761 0.85262
762 0.85306
763 0.85350
764 0.85394
765 0.85439
766 0.85484
767 0.85529
768 0.85575
769 0.85621
770 0.85667
771 0.85713
772 0.85760
773 0.85807
774 0.85854
775 0.85901
776 0.85949
777 0.85997
778 0.86045
779 0.86094
780 0.86143
781 0.86192
782 0.86241
783 0.86291
784 0.86341
785 0.86391
786 0.86442
787 0.86493
788 0.86544
789 0.86595
790 0.86647
791 0.86699
792 0.86751
793 0.86804
794 0.86857
795 0.86910
796 0.86963
797 0.87017
798 0.87071
799 0.87125
800 0.87180
801 0.87235
802 0.87290
803 0.87345
804 0.87401
805 0.87457
806 0.87514
807 0.87570
808 0.87627
809 0.87685
810 0.87742
811 0.87800
812 0.87858
813 0.87917
814 0.87976
815 0.88035
816 0.88094
817 0.88154
818 0.88214
819 0.88274
820 0.88335
821 0.88396
822 0.88457
823 0.88519
824 0.88581
825 0.88643
826 0.88705
827 0.88768
828 0.88831
829 0.88895
830 0.88959
831 0.89023
832 0.89087
833 0.89152
834 0.89217
835 0.89283
836 0.89348
837 0.89414
838 0.89481
839 0.89547
840 0.89614
841 0.89682
842 0.89749
843 0.89818
844 0.89886
845 0.89955
846 0.90024
847 0.90093
848 0.90163
849 0.90233
850 0.90303
851 0.90374
852 0.90445
853 0.90516
854 0.90588
855 0.90660
856 0.90732
857 0.90805
858 0.90878
859 0.90951
860 0.91025
861 0.91099
862 0.91174
863 0.91249
864 0.91324
865 0.91399
866 0.91475
867 0.91551
868 0.91628
869 0.91705
870 0.91782
871 0.91860
872 0.91938
873 0.92016
874 0.92095
875 0.92174
876 0.92253
877 0.92333
878 0.92413
879 0.92494
880 0.92575
881 0.92656
882 0.92738
883 0.92820
884 0.92902
885 0.92985
886 0.93068
887 0.93151
888 0.93235
889 0.93319
890 0.93404
891 0.93489
892 0.93574
893 0.93660
894 0.93746
895 0.93833
896 0.93920
897 0.94007
898 0.94095
899 0.94183
900 0.94271
901 0.94360
902 0.94450
903 0.94539
904 0.94629
905 0.94720
906 0.94811
907 0.94902
908 0.94993
909 0.95085
910 0.95178
911 0.95271
912 0.95344
913 0.95675
914 0.95890
915 0.96036
916 0.96119
917 0.96162
918 0.96209
919 0.96262
920 0.96321
921 0.96389
922 0.96384
923 0.96378
924 0.96458
925 0.96453
926 0.96447
927 0.96545
928 0.96540
929 0.96534
930 0.96529
931 0.96652
932 0.96647
933 0.96642
934 0.96637
935 0.96631
936 0.96626
937 0.96621
938 0.96785
939 0.96780
940 0.96775
941 0.96771
942 0.96766
943 0.96761
944 0.96756
945 0.96751
946 0.96746
947 0.96741
948 0.96736
949 0.96731
950 0.96968
951 0.96963
952 0.96959
953 0.96954
954 0.96950
955 0.96945
956 0.96941
957 0.96936
958 0.96932
959 0.96927
960 0.96922
961 0.96918
962 0.96913
963 0.96909
964 0.96904
965 0.96900
966 0.96895
967 0.96890
968 0.96886
969 0.96881
970 0.96877
971 0.96872
972 0.96868
973 0.97253
974 0.97249
975 0.97245
976 0.97241
977 0.97237
978 0.97233
979 0.97228
980 0.97224
981 0.97220
982 0.97216
983 0.97212
984 0.97208
985 0.97204
986 0.97200
987 0.97196
988 0.97192
989 0.97188
990 0.97184
991 0.97180
992 0.97176
993 0.97172
994 0.97168
995 0.97164
996 0.97160
997 0.97156
998 0.97152
999 0.97148
1000 0.97144
1001 0.97140
1002 0.97136
1003 0.97131
1004 0.97127
1005 0.97123
1006 0.97119
1007 0.97115
1008 0.97111
1009 0.97107
1010 0.97103
1011 0.97099
1012 0.97095
1013 0.97091
1014 0.97087
1015 0.97083
1016 0.97079
1017 0.97074
1018 0.97070
1019 0.97066
1020 0.97062
1021 0.97058
1022 0.97054
1023 0.97050
1024 0.97046
1025 0.97042
1026 0.97822
1027 0.97819
1028 0.97816
1029 0.97813
1030 0.97810
1031 0.97807
1032 0.97804
1033 0.97801
1034 0.97798
1035 0.97795
1036 0.97792
1037 0.97789
1038 0.97786
1039 0.97783
1040 0.97780
1041 0.97777
1042 0.97774
1043 0.97771
1044 0.97768
1045 0.97764
1046 0.97761
1047 0.97758
1048 0.97755
1049 0.97752
1050 0.97749
1051 0.97746
1052 0.97743
1053 0.97740
1054 0.97737
1055 0.97734
1056 0.97731
1057 0.97728
1058 0.97725
1059 0.97722
1060 0.97719
1061 0.97716
1062 0.97713
1063 0.97710
1064 0.97707
1065 0.97703
1066 0.97700
1067 0.97697
1068 0.97694
1069 0.97691
1070 0.97688
1071 0.97685
1072 0.97682
1073 0.97679
1074 0.97676
1075 0.97673
1076 0.97670
1077 0.97667
1078 0.97664
1079 0.97660
1080 0.97657
1081 0.97654
1082 0.97651
1083 0.97648
1084 0.97645
1085 0.97642
1086 0.97639
1087 0.97636
1088 0.97633
1089 0.97630
1090 0.97627
1091 0.97623
1092 0.97620
1093 0.97617
1094 0.97614
1095 0.97611
1096 0.97608
1097 0.97605
1098 0.97602
1099 0.97599
1100 0.97596
1101 0.97592
1102 0.97589
1103 0.97586
1104 0.97583
1105 0.97580
1106 0.97577
1107 0.97574
1108 0.97571
1109 0.97568
1110 0.97564
1111 0.97561
1112 0.97558
1113 0.97555
1114 0.97552
1115 0.97549
1116 0.97546
1117 0.97543
1118 0.97540
1119 0.97536
1120 0.97533
1121 0.97530
1122 0.97527
1123 0.97524
1124 0.97521
1125 0.97518
1126 0.97515
1127 0.97511
1128 0.97508
1129 0.97505
1130 0.97502
1131 0.97499
1132 0.97496
1133 0.97493
1134 0.97489
1135 0.97486
1136 0.97483
1137 0.97480
1138 0.97477
1139 0.97474
1140 0.97471
1141 0.97467
1142 0.97464
1143 0.97461
1144 0.97458
1145 0.97455
1146 0.97452
1147 0.97448
1148 0.97445
1149 0.97442
1150 0.97439
1151 0.97436
1152 0.97433
1153 0.97430
1154 0.97426
1155 0.97423
1156 0.97420
1157 0.97417
1158 0.97414
1159 0.97411
1160 0.97407
1161 0.97404
1162 0.97401
1163 0.97398
1164 0.97395
1165 0.97391
1166 0.97388
1167 0.97385
1168 0.97382
1169 0.97379
1170 0.97376
1171 0.97372
1172 0.97369
1173 0.97366
1174 0.97363
1175 0.97360
1176 0.97356
1177 0.97353
1178 0.97350
1179 0.97347
1180 0.97344
1181 0.97341
1182 0.97337
1183 0.97334
1184 0.97331
1185 0.97328
1186 0.97325
1187 0.97321
1188 0.97318
1189 0.97315
1190 0.97312
1191 0.97309
1192 0.97305
1193 0.97302
1194 0.97299
1195 0.97296
1196 0.97293
1197 0.97289
1198 0.97286
1199 0.97283
1200 0.97280
1201 0.97276
1202 0.97273
1203 0.97270
1204 0.97267
1205 0.97264
1206 0.97260
1207 0.97257
1208 0.97254
1209 0.97251
1210 0.97247
1211 0.97244
1212 0.97241
1213 0.97238
1214 0.97235
1215 0.97231
1216 1.00000
