17 0.97571
18 0.97350
19 0.97124
20 0.96891
21 0.96652
22 0.96408
23 0.96158
24 0.95903
25 0.95643
26 0.95378
27 0.95108
28 0.94833
29 0.94554
30 0.94270
31 0.93982
32 0.93690
33 0.93394
34 0.93095
35 0.92791
36 0.92484
37 0.92173
38 0.91858
39 0.91541
40 0.91220
41 0.90896
42 0.90569
43 0.90239
44 0.89906
45 0.89571
46 0.89232
47 0.88892
48 0.88549
49 0.88203
50 0.87855
51 0.87505
52 0.87153
53 0.86798
54 0.86442
55 0.86084
56 0.85724
57 0.85362
58 0.84999
59 0.84634
60 0.84267
61 0.83899
62 0.83530
63 0.83159
64 0.82787
65 0.82413
66 0.82039
67 0.81664
68 0.81287
69 0.80910
70 0.80531
71 0.80152
72 0.79772
73 0.79391
74 0.79010
75 0.78628
76 0.78245
77 0.77862
78 0.77479
79 0.77095
80 0.76710
81 0.76326
82 0.75941
83 0.75556
84 0.75170
85 0.74785
86 0.74399
87 0.74014
88 0.73628
89 0.73243
90 0.72857
91 0.72472
92 0.72087
93 0.71702
94 0.71317
95 0.70933
96 0.70549
97 0.70165
98 0.69782
99 0.69399
100 0.69016
101 0.68635
102 0.68253
103 0.67872
104 0.67492
105 0.67112
106 0.66733
107 0.66355
108 0.65978
109 0.65601
110 0.65225
111 0.64849
112 0.64475
113 0.64101
114 0.63729
115 0.63357
116 0.62986
117 0.62616
118 0.62247
119 0.61879
120 0.61512
121 0.61146
122 0.60781
123 0.60417
124 0.60054
125 0.59693
126 0.59332
127 0.58973
128 0.58615
129 0.58258
130 0.57902
131 0.57547
132 0.57194
133 0.56842
134 0.56491
135 0.56141
136 0.55793
137 0.55446
138 0.55101
139 0.54757
140 0.54414
141 0.54072
142 0.53732
143 0.53393
144 0.53056
145 0.52720
146 0.52385
147 0.52052
148 0.51721
149 0.51390
150 0.51062
151 0.50734
152 0.50408
153 0.50084
154 0.49761
155 0.49440
156 0.49120
157 0.48802
158 0.48485
159 0.48170
160 0.47856
161 0.47544
162 0.47233
163 0.46924
164 0.46616
165 0.46310
166 0.46006
167 0.45703
168 0.45402
169 0.45102
170 0.44804
171 0.44507
172 0.44212
173 0.43918
174 0.43626
175 0.43336
176 0.43047
177 0.42760
178 0.42475
179 0.42191
180 0.41908
181 0.41628
182 0.41348
183 0.41071
184 0.40795
185 0.40520
186 0.40247
187 0.39976
188 0.39706
189 0.39438
190 0.39172
191 0.38907
192 0.38643
193 0.38382
194 0.38122
195 0.37863
196 0.37606
197 0.37350
198 0.37096
199 0.36844
200 0.36593
201 0.36344
202 0.36096
203 0.35850
204 0.35606
205 0.35363
206 0.35121
207 0.34881
208 0.34643
209 0.34406
210 0.34171
211 0.33937
212 0.33705
213 0.33474
214 0.33245
215 0.33017
216 0.32791
217 0.32566
218 0.32343
219 0.32121
220 0.31900
221 0.31682
222 0.31464
223 0.31248
224 0.31034
225 0.30821
226 0.30609
227 0.30399
228 0.30191
229 0.29984
230 0.29778
231 0.29573
232 0.29371
233 0.29169
234 0.28969
235 0.28770
236 0.28573
237 0.28377
238 0.28182
239 0.27989
240 0.27797
241 0.27607
242 0.27418
243 0.27230
244 0.27044
245 0.26859
246 0.26675
247 0.26493
248 0.26312
249 0.26132
250 0.25953
251 0.25776
252 0.25600
253 0.25426
254 0.25252
255 0.25080
256 0.24910
257 0.24740
258 0.24572
259 0.24405
260 0.24239
261 0.24075
262 0.23911
263 0.23749
264 0.23588
265 0.23429
266 0.23270
267 0.23113
268 0.22957
269 0.22802
270 0.22648
271 0.22496
272 0.22344
273 0.22194
274 0.22045
275 0.21897
276 0.21750
277 0.21604
278 0.21460
279 0.21316
280 0.21174
281 0.21032
282 0.20892
283 0.20753
284 0.20615
285 0.20478
286 0.20342
287 0.20207
288 0.20074
289 0.19941
290 0.19809
291 0.19678
292 0.19549
293 0.19420
294 0.19292
295 0.19166
296 0.19040
297 0.18916
298 0.18792
299 0.18669
300 0.18548
301 0.18427
302 0.18307
303 0.18188
304 0.18071
305 0.17954
306 0.17838
307 0.17723
308 0.17608
309 0.17495
310 0.17383
311 0.17272
312 0.17161
313 0.17051
314 0.16943
315 0.16835
316 0.16728
317 0.16622
318 0.16517
319 0.16412
320 0.16309
321 0.16206
322 0.16104
323 0.16003
324 0.15903
325 0.15804
326 0.15705
327 0.15607
328 0.15510
329 0.15414
330 0.15319
331 0.15224
332 0.15130
333 0.15037
334 0.14945
335 0.14854
336 0.14763
337 0.14673
338 0.14584
339 0.14495
340 0.14408
341 0.14321
342 0.14234
343 0.14149
344 0.14064
345 0.13980
346 0.13896
347 0.13814
348 0.13732
349 0.13650
350 0.13570
351 0.13490
352 0.13411
353 0.13332
354 0.13254
355 0.13177
356 0.13100
357 0.13024
358 0.12949
359 0.12874
360 0.12800
361 0.12727
362 0.12654
363 0.12582
364 0.12510
365 0.12439
366 0.12369
367 0.12299
368 0.12230
369 0.12161
370 0.12094
371 0.12026
372 0.11959
373 0.11893
374 0.11828
375 0.11763
376 0.11698
377 0.11634
378 0.11571
379 0.11508
380 0.11446
381 0.11384
382 0.11323
383 0.11262
384 0.11202
385 0.11143
386 0.11084
387 0.11025
388 0.10967
389 0.10910
390 0.10853
391 0.10796
392 0.10740
393 0.10685
394 0.10630
395 0.10575
396 0.10522
397 0.10468
398 0.10415
399 0.10362
400 0.10310
401 0.10259
402 0.10208
403 0.10157
404 0.10107
405 0.10057
406 0.10008
407 0.09959
408 0.09911
409 0.09863
410 0.09815
411 0.09768
412 0.09722
413 0.09675
414 0.09630
415 0.09584
416 0.09539
417 0.09495
418 0.09451
419 0.09407
420 0.09364
421 0.09321
422 0.09279
423 0.09237
424 0.09195
425 0.09154
426 0.09113
427 0.09072
428 0.09032
429 0.08993
430 0.08953
431 0.08915
432 0.08876
433 0.08838
434 0.08800
435 0.08763
436 0.08726
437 0.08689
438 0.08653
439 0.08617
440 0.08581
441 0.08546
442 0.08511
443 0.08476
444 0.08442
445 0.08408
446 0.08375
447 0.08342
448 0.08309
449 0.08276
450 0.08244
451 0.08213
452 0.08181
453 0.08150
454 0.08119
455 0.08089
456 0.08058
457 0.08029
458 0.07999
459 0.07970
460 0.07941
461 0.07912
462 0.07884
463 0.07856
464 0.07829
465 0.07801
466 0.07774
467 0.07747
468 0.07721
469 0.07695
470 0.07669
471 0.07643
472 0.07618
473 0.07593
474 0.07569
475 0.07544
476 0.07520
477 0.07496
478 0.07473
479 0.07449
480 0.07427
481 0.07404
482 0.07381
483 0.07359
484 0.07337
485 0.07316
486 0.07295
487 0.07274
488 0.07253
489 0.07232
490 0.07212
491 0.07192
492 0.07172
493 0.07153
494 0.07134
495 0.07115
496 0.07096
497 0.07078
498 0.07060
499 0.07042
500 0.07024
501 0.07007
502 0.06990
503 0.06973
504 0.06957
505 0.06940
506 0.06924
507 0.06908
508 0.06893
509 0.06877
510 0.06862
511 0.06847
512 0.06833
513 0.06818
514 0.06804
515 0.06790
516 0.06777
517 0.06763
518 0.06750
519 0.06737
520 0.06725
521 0.06712
522 0.06700
523 0.06688
524 0.06676
525 0.06665
526 0.06654
527 0.06643
528 0.06632
529 0.06621
530 0.06611
531 0.06601
532 0.06591
533 0.06581
534 0.06572
535 0.06563
536 0.06554
537 0.06545
538 0.06537
539 0.06528
540 0.06520
541 0.06513
542 0.06505
543 0.06498
544 0.06491
545 0.06484
546 0.06477
547 0.06471
548 0.06465
549 0.06459
550 0.06453
551 0.06448
552 0.06442
553 0.06437
554 0.06432
555 0.06428
556 0.06424
557 0.06419
558 0.06416
559 0.06412
560 0.06408
561 0.06405
562 0.06402
563 0.06400
564 0.06397
565 0.06395
566 0.06393
567 0.06391
568 0.06389
569 0.06388
570 0.06387
571 0.06386
572 0.06385
573 0.06385
574 0.06385
575 0.06385
576 0.06385
577 0.06386
578 0.06386
579 0.06387
580 0.06389
581 0.06390
582 0.06392
583 0.06394
584 0.06396
585 0.06398
586 0.06401
587 0.06404
588 0.06407
589 0.06411
590 0.06414
591 0.06418
592 0.06422
593 0.06427
594 0.06431
595 0.06436
596 0.06441
597 0.06447
598 0.06453
599 0.06458
600 0.06465
601 0.06471
602 0.06478
603 0.06485
604 0.06492
605 0.06499
606 0.06507
607 0.06515
608 0.06524
609 0.06532
610 0.06541
611 0.06550
612 0.06559
613 0.06569
614 0.06579
615 0.06589
616 0.06600
617 0.06610
618 0.06622
619 0.06633
620 0.06645
621 0.06656
622 0.06669
623 0.06681
624 0.06694
625 0.06707
626 0.06721
627 0.06734
628 0.06748
629 0.06763
630 0.06777
631 0.06792
632 0.06808
633 0.06823
634 0.06839
635 0.06856
636 0.06872
637 0.06889
638 0.06906
639 0.06924
640 0.06942
641 0.06960
642 0.06979
643 0.06998
644 0.07017
645 0.07037
646 0.07057
647 0.07077
648 0.07098
649 0.07119
650 0.07140
651 0.07162
652 0.07185
653 0.07207
654 0.07230
655 0.07254
656 0.07277
657 0.07302
658 0.07326
659 0.07351
660 0.07377
661 0.07403
662 0.07429
663 0.07456
664 0.07483
665 0.07510
666 0.07538
667 0.07567
668 0.07595
669 0.07625
670 0.07654
671 0.07684
672 0.07715
673 0.07746
674 0.07777
675 0.07809
676 0.07842
677 0.07875
678 0.07908
679 0.07942
680 0.07976
681 0.08011
682 0.08047
683 0.08083
684 0.08119
685 0.08156
686 0.08193
687 0.08231
688 0.08270
689 0.08309
690 0.08349
691 0.08389
692 0.08430
693 0.08471
694 0.08513
695 0.08556
696 0.08599
697 0.08643
698 0.08688
699 0.08733
700 0.08778
701 0.08825
702 0.08872
703 0.08920
704 0.08968
705 0.09017
706 0.09067
707 0.09118
708 0.09169
709 0.09221
710 0.09273
711 0.09327
712 0.09381
713 0.09435
714 0.09491
715 0.09547
716 0.09605
717 0.09663
718 0.09721
719 0.09781
720 0.09842
721 0.09903
722 0.09965
723 0.10028
724 0.10092
725 0.10157
726 0.10223
727 0.10290
728 0.10357
729 0.10426
730 0.10496
731 0.10566
732 0.10638
733 0.10711
734 0.10784
735 0.10859
736 0.10935
737 0.11012
738 0.11090
739 0.11169
740 0.11249
741 0.11330
742 0.11413
743 0.11497
744 0.11581
745 0.11668
746 0.11755
747 0.11844
748 0.11933
749 0.12024
750 0.12116
751 0.12210
752 0.12304
753 0.12400
754 0.12498
755 0.12597
756 0.12697
757 0.12799
758 0.12902
759 0.13007
760 0.13113
761 0.13221
762 0.13330
763 0.13441
764 0.13554
765 0.13668
766 0.13784
767 0.13902
768 0.14022
769 0.14143
770 0.14266
771 0.14391
772 0.14517
773 0.14646
774 0.14777
775 0.14909
776 0.15044
777 0.15180
778 0.15319
779 0.15459
780 0.15602
781 0.15747
782 0.15894
783 0.16044
784 0.16195
785 0.16349
786 0.16505
787 0.16664
788 0.16825
789 0.16989
790 0.17155
791 0.17324
792 0.17495
793 0.17669
794 0.17846
795 0.18025
796 0.18207
797 0.18392
798 0.18580
799 0.18771
800 0.18965
801 0.19162
802 0.19362
803 0.19566
804 0.19772
805 0.19982
806 0.20195
807 0.20412
808 0.20632
809 0.20856
810 0.21083
811 0.21314
812 0.21548
813 0.21787
814 0.22029
815 0.22275
816 0.22525
817 0.22780
818 0.23038
819 0.23301
820 0.23568
821 0.23840
822 0.24116
823 0.24396
824 0.24682
825 0.24972
826 0.25267
827 0.25566
828 0.25871
829 0.26181
830 0.26497
831 0.26817
832 0.27143
833 0.27475
834 0.27812
835 0.28155
836 0.28504
837 0.28859
838 0.29220
839 0.29588
840 0.29961
841 0.30342
842 0.30728
843 0.31122
844 0.31522
845 0.31930
846 0.32345
847 0.32767
848 0.33196
849 0.33633
850 0.34078
851 0.34531
852 0.34991
853 0.35461
854 0.35938
855 0.36424
856 0.36919
857 0.37423
858 0.37936
859 0.38458
860 0.38990
861 0.39532
862 0.40084
863 0.40645
864 0.41217
865 0.41800
866 0.42394
867 0.42998
868 0.43614
869 0.44241
870 0.44880
871 0.45531
872 0.46195
873 0.46870
874 0.47559
875 0.48261
876 0.48976
877 0.49704
878 0.50447
879 0.51204
880 0.51975
881 0.52762
882 0.53563
883 0.54380
884 0.55213
885 0.56063
886 0.56929
887 0.57806
888 0.58699
889 0.59609
890 0.60538
891 0.61484
892 0.62449
893 0.63433
894 0.64437
895 0.65461
896 0.66505
897 0.67570
898 0.68657
899 0.69765
900 0.70895
901 0.72049
902 0.73226
903 0.74426
904 0.75652
905 0.76902
906 0.78178
907 0.79480
908 0.80808
909 0.82165
910 0.83549
911 0.84962
912 0.86104
913 0.86281
914 0.86484
915 0.86683
916 0.86813
917 0.86876
918 0.86958
919 0.87065
920 0.87204
921 0.87386
922 0.87340
923 0.87293
924 0.87535
925 0.87490
926 0.87444
927 0.87772
928 0.87727
929 0.87682
930 0.87638
931 0.88093
932 0.88050
933 0.88007
934 0.87963
935 0.87920
936 0.87876
937 0.87832
938 0.88496
939 0.88454
940 0.88413
941 0.88371
942 0.88329
943 0.88287
944 0.88245
945 0.88203
946 0.88160
947 0.88118
948 0.88075
949 0.88033
950 0.89067
951 0.89028
952 0.88989
953 0.88950
954 0.88910
955 0.88871
956 0.88831
957 0.88791
958 0.88751
959 0.88712
960 0.88672
961 0.88631
962 0.88591
963 0.88551
964 0.88511
965 0.88470
966 0.88430
967 0.88389
968 0.88348
969 0.88308
970 0.88267
971 0.88226
972 0.88185
973 0.89984
974 0.89949
975 0.89914
976 0.89878
977 0.89843
978 0.89807
979 0.89772
980 0.89736
981 0.89700
982 0.89664
983 0.89628
984 0.89592
985 0.89556
986 0.89520
987 0.89484
988 0.89447
989 0.89411
990 0.89374
991 0.89338
992 0.89301
993 0.89264
994 0.89227
995 0.89191
996 0.89154
997 0.89116
998 0.89079
999 0.89042
1000 0.89005
1001 0.88967
1002 0.88930
1003 0.88892
1004 0.88855
1005 0.88817
1006 0.88779
1007 0.88741
1008 0.88703
1009 0.88665
1010 0.88627
1011 0.88589
1012 0.88550
1013 0.88512
1014 0.88473
1015 0.88435
1016 0.88396
1017 0.88357
1018 0.88319
1019 0.88280
1020 0.88241
1021 0.88202
1022 0.88163
1023 0.88123
1024 0.88084
1025 0.88045
1026 0.91898
1027 0.91870
1028 0.91843
1029 0.91816
1030 0.91788
1031 0.91761
1032 0.91733
1033 0.91705
1034 0.91678
1035 0.91650
1036 0.91622
1037 0.91594
1038 0.91566
1039 0.91538
1040 0.91510
1041 0.91482
1042 0.91453
1043 0.91425
1044 0.91397
1045 0.91368
1046 0.91340
1047 0.91311
1048 0.91283
1049 0.91254
1050 0.91225
1051 0.91196
1052 0.91168
1053 0.91139
1054 0.91110
1055 0.91081
1056 0.91052
1057 0.91022
1058 0.90993
1059 0.90964
1060 0.90935
1061 0.90905
1062 0.90876
1063 0.90846
1064 0.90816
1065 0.90787
1066 0.90757
1067 0.90727
1068 0.90697
1069 0.90667
1070 0.90637
1071 0.90607
1072 0.90577
1073 0.90547
1074 0.90517
1075 0.90487
1076 0.90456
1077 0.90426
1078 0.90395
1079 0.90365
1080 0.90334
1081 0.90303
1082 0.90273
1083 0.90242
1084 0.90211
1085 0.90180
1086 0.90149
1087 0.90118
1088 0.90087
1089 0.90056
1090 0.90024
1091 0.89993
1092 0.89962
1093 0.89930
1094 0.89899
1095 0.89867
1096 0.89836
1097 0.89804
1098 0.89772
1099 0.89740
1100 0.89708
1101 0.89676
1102 0.89644
1103 0.89612
1104 0.89580
1105 0.89548
1106 0.89516
1107 0.89483
1108 0.89451
1109 0.89418
1110 0.89386
1111 0.89353
1112 0.89321
1113 0.89288
1114 0.89255
1115 0.89222
1116 0.89189
1117 0.89156
1118 0.89123
1119 0.89090
1120 0.89057
1121 0.89024
1122 0.88990
1123 0.88957
1124 0.88923
1125 0.88890
1126 0.88856
1127 0.88823
1128 0.88789
1129 0.88755
1130 0.88721
1131 0.88687
1132 0.88653
1133 0.88619
1134 0.88585
1135 0.88551
1136 0.88517
1137 0.88483
1138 0.88448
1139 0.88414
1140 0.88379
1141 0.88345
1142 0.88310
1143 0.88276
1144 0.88241
1145 0.88206
1146 0.88171
1147 0.88136
1148 0.88101
1149 0.88066
1150 0.88031
1151 0.87996
1152 0.87960
1153 0.87925
1154 0.87890
1155 0.87854
1156 0.87819
1157 0.87783
1158 0.87747
1159 0.87712
1160 0.87676
1161 0.87640
1162 0.87604
1163 0.87568
1164 0.87532
1165 0.87496
1166 0.87460
1167 0.87423
1168 0.87387
1169 0.87351
1170 0.87314
1171 0.87278
1172 0.87241
1173 0.87204
1174 0.87168
1175 0.87131
1176 0.87094
1177 0.87057
1178 0.87020
1179 0.86983
1180 0.86946
1181 0.86909
1182 0.86871
1183 0.86834
1184 0.86797
1185 0.86759
1186 0.86722
1187 0.86684
1188 0.86646
1189 0.86609
1190 0.86571
1191 0.86533
1192 0.86495
1193 0.86457
1194 0.86419
1195 0.86381
1196 0.86343
1197 0.86305
1198 0.86266
1199 0.86228
1200 0.86189
1201 0.86151
1202 0.86112
1203 0.86074
1204 0.86035
1205 0.85996
1206 0.85957
1207 0.85918
1208 0.85879
1209 0.85840
1210 0.85801
1211 0.85762
1212 0.85723
1213 0.85684
1214 0.85644
1215 0.85605
1216 1.00000
