17 0.85305
18 0.84111
19 0.82903
20 0.81681
21 0.80450
22 0.79210
23 0.77963
24 0.76710
25 0.75454
26 0.74196
27 0.72937
28 0.71678
29 0.70421
30 0.69166
31 0.67915
32 0.66669
33 0.65429
34 0.64196
35 0.62970
36 0.61752
37 0.60543
38 0.59344
39 0.58156
40 0.56978
41 0.55812
42 0.54658
43 0.53516
44 0.52387
45 0.51271
46 0.50169
47 0.49081
48 0.48008
49 0.46948
50 0.45904
51 0.44874
52 0.43860
53 0.42861
54 0.41877
55 0.40909
56 0.39956
57 0.39019
58 0.38098
59 0.37193
60 0.36303
61 0.35429
62 0.34571
63 0.33729
64 0.32902
65 0.32091
66 0.31295
67 0.30515
68 0.29750
69 0.29001
70 0.28266
71 0.27546
72 0.26842
73 0.26152
74 0.25476
75 0.24815
76 0.24168
77 0.23535
78 0.22916
79 0.22311
80 0.21719
81 0.21141
82 0.20575
83 0.20023
84 0.19483
85 0.18956
86 0.18442
87 0.17939
88 0.17449
89 0.16970
90 0.16502
91 0.16047
92 0.15602
93 0.15168
94 0.14745
95 0.14332
96 0.13930
97 0.13538
98 0.13156
99 0.12783
100 0.12421
101 0.12067
102 0.11723
103 0.11387
104 0.11061
105 0.10743
106 0.10433
107 0.10131
108 0.09838
109 0.09552
110 0.09274
111 0.09004
112 0.08741
113 0.08485
114 0.08236
115 0.07994
116 0.07758
117 0.07529
118 0.07307
119 0.07090
120 0.06880
121 0.06675
122 0.06477
123 0.06283
124 0.06096
125 0.05913
126 0.05736
127 0.05564
128 0.05397
129 0.05234
130 0.05076
131 0.04923
132 0.04774
133 0.04630
134 0.04490
135 0.04353
136 0.04221
137 0.04093
138 0.03968
139 0.03847
140 0.03730
141 0.03616
142 0.03506
143 0.03398
144 0.03294
145 0.03193
146 0.03096
147 0.03000
148 0.02908
149 0.02819
150 0.02732
151 0.02648
152 0.02567
153 0.02487
154 0.02411
155 0.02336
156 0.02264
157 0.02194
158 0.02126
159 0.02061
160 0.01997
161 0.01935
162 0.01875
163 0.01817
164 0.01761
165 0.01706
166 0.01653
167 0.01602
168 0.01552
169 0.01504
170 0.01458
171 0.01412
172 0.01369
173 0.01326
174 0.01285
175 0.01245
176 0.01206
177 0.01169
178 0.01133
179 0.01098
180 0.01063
181 0.01030
182 0.00999
183 0.00968
184 0.00938
185 0.00908
186 0.00880
187 0.00853
188 0.00827
189 0.00801
190 0.00776
191 0.00752
192 0.00729
193 0.00706
194 0.00684
195 0.00663
196 0.00643
197 0.00623
198 0.00604
199 0.00585
200 0.00567
201 0.00550
202 0.00533
203 0.00516
204 0.00500
205 0.00485
206 0.00470
207 0.00456
208 0.00442
209 0.00428
210 0.00415
211 0.00402
212 0.00390
213 0.00378
214 0.00367
215 0.00355
216 0.00345
217 0.00334
218 0.00324
219 0.00314
220 0.00305
221 0.00295
222 0.00286
223 0.00278
224 0.00269
225 0.00261
226 0.00253
227 0.00246
228 0.00238
229 0.00231
230 0.00224
231 0.00217
232 0.00211
233 0.00205
234 0.00198
235 0.00193
236 0.00187
237 0.00181
238 0.00176
239 0.00171
240 0.00166
241 0.00161
242 0.00156
243 0.00151
244 0.00147
245 0.00143
246 0.00138
247 0.00134
248 0.00130
249 0.00127
250 0.00123
251 0.00119
252 0.00116
253 0.00112
254 0.00109
255 0.00106
256 0.00103
257 0.00100
258 0.00097
259 0.00094
260 0.00092
261 0.00089
262 0.00086
263 0.00084
264 0.00082
265 0.00079
266 0.00077
267 0.00075
268 0.00073
269 0.00071
270 0.00069
271 0.00067
272 0.00065
273 0.00063
274 0.00061
275 0.00060
276 0.00058
277 0.00056
278 0.00055
279 0.00053
280 0.00052
281 0.00050
282 0.00049
283 0.00048
284 0.00046
285 0.00045
286 0.00044
287 0.00043
288 0.00041
289 0.00040
290 0.00039
291 0.00038
292 0.00037
293 0.00036
294 0.00035
295 0.00034
296 0.00033
297 0.00032
298 0.00032
299 0.00031
300 0.00030
301 0.00029
302 0.00028
303 0.00028
304 0.00027
305 0.00026
306 0.00026
307 0.00025
308 0.00024
309 0.00024
310 0.00023
311 0.00022
312 0.00022
313 0.00021
314 0.00021
315 0.00020
316 0.00020
317 0.00019
318 0.00019
319 0.00018
320 0.00018
321 0.00017
322 0.00017
323 0.00017
324 0.00016
325 0.00016
326 0.00015
327 0.00015
328 0.00015
329 0.00014
330 0.00014
331 0.00014
332 0.00013
333 0.00013
334 0.00013
335 0.00012
336 0.00012
337 0.00012
338 0.00011
339 0.00011
340 0.00011
341 0.00011
342 0.00010
343 0.00010
344 0.00010
345 0.00010
346 0.00010
347 0.00009
348 0.00009
349 0.00009
350 0.00009
351 0.00009
352 0.00008
353 0.00008
354 0.00008
355 0.00008
356 0.00008
357 0.00007
358 0.00007
359 0.00007
360 0.00007
361 0.00007
362 0.00007
363 0.00007
364 0.00006
365 0.00006
366 0.00006
367 0.00006
368 0.00006
369 0.00006
370 0.00006
371 0.00006
372 0.00005
373 0.00005
374 0.00005
375 0.00005
376 0.00005
377 0.00005
378 0.00005
379 0.00005
380 0.00005
381 0.00005
382 0.00004
383 0.00004
384 0.00004
385 0.00004
386 0.00004
387 0.00004
388 0.00004
389 0.00004
390 0.00004
391 0.00004
392 0.00004
393 0.00004
394 0.00004
395 0.00003
396 0.00003
397 0.00003
398 0.00003
399 0.00003
400 0.00003
401 0.00003
402 0.00003
403 0.00003
404 0.00003
405 0.00003
406 0.00003
407 0.00003
408 0.00003
409 0.00003
410 0.00003
411 0.00003
412 0.00003
413 0.00003
414 0.00002
415 0.00002
416 0.00002
417 0.00002
418 0.00002
419 0.00002
420 0.00002
421 0.00002
422 0.00002
423 0.00002
424 0.00002
425 0.00002
426 0.00002
427 0.00002
428 0.00002
429 0.00002
430 0.00002
431 0.00002
432 0.00002
433 0.00002
434 0.00002
435 0.00002
436 0.00002
437 0.00002
438 0.00002
439 0.00002
440 0.00002
441 0.00002
442 0.00002
443 0.00002
444 0.00002
445 0.00002
446 0.00002
447 0.00002
448 0.00002
449 0.00001
450 0.00001
451 0.00001
452 0.00001
453 0.00001
454 0.00001
455 0.00001
456 0.00001
457 0.00001
458 0.00001
459 0.00001
460 0.00001
461 0.00001
462 0.00001
463 0.00001
464 0.00001
465 0.00001
466 0.00001
467 0.00001
468 0.00001
469 0.00001
470 0.00001
471 0.00001
472 0.00001
473 0.00001
474 0.00001
475 0.00001
476 0.00001
477 0.00001
478 0.00001
479 0.00001
480 0.00001
481 0.00001
482 0.00001
483 0.00001
484 0.00001
485 0.00001
486 0.00001
487 0.00001
488 0.00001
489 0.00001
490 0.00001
491 0.00001
492 0.00001
493 0.00001
494 0.00001
495 0.00001
496 0.00001
497 0.00001
498 0.00001
499 0.00001
500 0.00001
501 0.00001
502 0.00001
503 0.00001
504 0.00001
505 0.00001
506 0.00001
507 0.00001
508 0.00001
509 0.00001
510 0.00001
511 0.00001
512 0.00001
513 0.00001
514 0.00001
515 0.00001
516 0.00001
517 0.00001
518 0.00001
519 0.00001
520 0.00001
521 0.00001
522 0.00001
523 0.00001
524 0.00001
525 0.00001
526 0.00001
527 0.00001
528 0.00001
529 0.00001
530 0.00001
531 0.00001
532 0.00001
533 0.00001
534 0.00001
535 0.00001
536 0.00001
537 0.00001
538 0.00001
539 0.00001
540 0.00001
541 0.00001
542 0.00001
543 0.00001
544 0.00001
545 0.00001
546 0.00001
547 0.00001
548 0.00001
549 0.00001
550 0.00001
551 0.00001
552 0.00001
553 0.00001
554 0.00001
555 0.00001
556 0.00001
557 0.00001
558 0.00001
559 0.00001
560 0.00001
561 0.00001
562 0.00001
563 0.00001
564 0.00001
565 0.00001
566 0.00001
567 0.00001
568 0.00001
569 0.00001
570 0.00001
571 0.00001
572 0.00001
573 0.00001
574 0.00001
575 0.00001
576 0.00001
577 0.00001
578 0.00001
579 0.00001
580 0.00001
581 0.00001
582 0.00001
583 0.00001
584 0.00001
585 0.00001
586 0.00001
587 0.00001
588 0.00001
589 0.00001
590 0.00001
591 0.00001
592 0.00001
593 0.00001
594 0.00001
595 0.00001
596 0.00001
597 0.00001
598 0.00001
599 0.00001
600 0.00001
601 0.00001
602 0.00001
603 0.00001
604 0.00001
605 0.00001
606 0.00001
607 0.00001
608 0.00001
609 0.00001
610 0.00001
611 0.00001
612 0.00001
613 0.00001
614 0.00001
615 0.00001
616 0.00001
617 0.00001
618 0.00001
619 0.00001
620 0.00001
621 0.00001
622 0.00001
623 0.00001
624 0.00001
625 0.00001
626 0.00001
627 0.00001
628 0.00001
629 0.00001
630 0.00001
631 0.00001
632 0.00001
633 0.00001
634 0.00001
635 0.00001
636 0.00001
637 0.00001
638 0.00001
639 0.00001
640 0.00001
641 0.00001
642 0.00001
643 0.00001
644 0.00001
645 0.00001
646 0.00001
647 0.00001
648 0.00001
649 0.00002
650 0.00002
651 0.00002
652 0.00002
653 0.00002
654 0.00002
655 0.00002
656 0.00002
657 0.00002
658 0.00002
659 0.00002
660 0.00002
661 0.00002
662 0.00002
663 0.00002
664 0.00002
665 0.00002
666 0.00002
667 0.00002
668 0.00002
669 0.00002
670 0.00002
671 0.00002
672 0.00002
673 0.00002
674 0.00002
675 0.00002
676 0.00002
677 0.00002
678 0.00002
679 0.00002
680 0.00003
681 0.00003
682 0.00003
683 0.00003
684 0.00003
685 0.00003
686 0.00003
687 0.00003
688 0.00003
689 0.00003
690 0.00003
691 0.00003
692 0.00003
693 0.00003
694 0.00003
695 0.00003
696 0.00004
697 0.00004
698 0.00004
699 0.00004
700 0.00004
701 0.00004
702 0.00004
703 0.00004
704 0.00004
705 0.00004
706 0.00004
707 0.00004
708 0.00005
709 0.00005
710 0.00005
711 0.00005
712 0.00005
713 0.00005
714 0.00005
715 0.00005
716 0.00006
717 0.00006
718 0.00006
719 0.00006
720 0.00006
721 0.00006
722 0.00006
723 0.00007
724 0.00007
725 0.00007
726 0.00007
727 0.00007
728 0.00008
729 0.00008
730 0.00008
731 0.00008
732 0.00008
733 0.00009
734 0.00009
735 0.00009
736 0.00009
737 0.00010
738 0.00010
739 0.00010
740 0.00011
741 0.00011
742 0.00011
743 0.00011
744 0.00012
745 0.00012
746 0.00013
747 0.00013
748 0.00013
749 0.00014
750 0.00014
751 0.00015
752 0.00015
753 0.00015
754 0.00016
755 0.00016
756 0.00017
757 0.00018
758 0.00018
759 0.00019
760 0.00019
761 0.00020
762 0.00021
763 0.00021
764 0.00022
765 0.00023
766 0.00023
767 0.00024
768 0.00025
769 0.00026
770 0.00027
771 0.00028
772 0.00029
773 0.00030
774 0.00031
775 0.00032
776 0.00033
777 0.00034
778 0.00035
779 0.00036
780 0.00038
781 0.00039
782 0.00040
783 0.00042
784 0.00043
785 0.00045
786 0.00047
787 0.00048
788 0.00050
789 0.00052
790 0.00054
791 0.00056
792 0.00058
793 0.00060
794 0.00063
795 0.00065
796 0.00068
797 0.00070
798 0.00073
799 0.00076
800 0.00079
801 0.00082
802 0.00085
803 0.00089
804 0.00092
805 0.00096
806 0.00100
807 0.00104
808 0.00108
809 0.00112
810 0.00117
811 0.00122
812 0.00127
813 0.00132
814 0.00138
815 0.00143
816 0.00149
817 0.00156
818 0.00162
819 0.00169
820 0.00177
821 0.00184
822 0.00192
823 0.00201
824 0.00209
825 0.00218
826 0.00228
827 0.00238
828 0.00249
829 0.00260
830 0.00271
831 0.00284
832 0.00296
833 0.00310
834 0.00324
835 0.00339
836 0.00354
837 0.00370
838 0.00388
839 0.00406
840 0.00424
841 0.00444
842 0.00465
843 0.00487
844 0.00510
845 0.00534
846 0.00560
847 0.00587
848 0.00615
849 0.00644
850 0.00675
851 0.00708
852 0.00743
853 0.00779
854 0.00817
855 0.00858
856 0.00900
857 0.00945
858 0.00992
859 0.01042
860 0.01094
861 0.01149
862 0.01207
863 0.01269
864 0.01333
865 0.01401
866 0.01473
867 0.01549
868 0.01629
869 0.01714
870 0.01803
871 0.01897
872 0.01996
873 0.02101
874 0.02212
875 0.02329
876 0.02453
877 0.02584
878 0.02722
879 0.02868
880 0.03023
881 0.03186
882 0.03359
883 0.03541
884 0.03735
885 0.03939
886 0.04155
887 0.04384
888 0.04627
889 0.04883
890 0.05155
891 0.05443
892 0.05748
893 0.06070
894 0.06412
895 0.06775
896 0.07159
897 0.07566
898 0.07997
899 0.08455
900 0.08940
901 0.09454
902 0.10000
903 0.10579
904 0.11194
905 0.11845
906 0.12537
907 0.13272
908 0.14051
909 0.14879
910 0.15758
911 0.16692
912 0.17453
913 0.17893
914 0.18408
915 0.18927
916 0.19272
917 0.19437
918 0.19657
919 0.19950
920 0.20340
921 0.20861
922 0.20720
923 0.20579
924 0.21286
925 0.21145
926 0.21003
927 0.21986
928 0.21844
929 0.21702
930 0.21561
931 0.22976
932 0.22833
933 0.22691
934 0.22549
935 0.22406
936 0.22264
937 0.22122
938 0.24264
939 0.24121
940 0.23979
941 0.23836
942 0.23694
943 0.23552
944 0.23410
945 0.23267
946 0.23125
947 0.22983
948 0.22842
949 0.22700
950 0.26203
951 0.26061
952 0.25919
953 0.25777
954 0.25635
955 0.25493
956 0.25352
957 0.25210
958 0.25068
959 0.24927
960 0.24785
961 0.24644
962 0.24502
963 0.24361
964 0.24220
965 0.24079
966 0.23938
967 0.23797
968 0.23656
969 0.23515
970 0.23374
971 0.23233
972 0.23092
973 0.29604
974 0.29465
975 0.29325
976 0.29186
977 0.29047
978 0.28907
979 0.28768
980 0.28629
981 0.28490
982 0.28351
983 0.28212
984 0.28073
985 0.27934
986 0.27795
987 0.27656
988 0.27518
989 0.27379
990 0.27240
991 0.27101
992 0.26963
993 0.26824
994 0.26686
995 0.26547
996 0.26408
997 0.26270
998 0.26131
999 0.25993
1000 0.25854
1001 0.25716
1002 0.25577
1003 0.25439
1004 0.25300
1005 0.25162
1006 0.25023
1007 0.24885
1008 0.24746
1009 0.24608
1010 0.24469
1011 0.24331
1012 0.24192
1013 0.24054
1014 0.23915
1015 0.23777
1016 0.23638
1017 0.23500
1018 0.23361
1019 0.23223
1020 0.23084
1021 0.22946
1022 0.22807
1023 0.22668
1024 0.22530
1025 0.22391
1026 0.37914
1027 0.37784
1028 0.37655
1029 0.37525
1030 0.37396
1031 0.37267
1032 0.37138
1033 0.37009
1034 0.36880
1035 0.36752
1036 0.36623
1037 0.36495
1038 0.36366
1039 0.36238
1040 0.36110
1041 0.35982
1042 0.35854
1043 0.35726
1044 0.35599
1045 0.35471
1046 0.35344
1047 0.35216
1048 0.35089
1049 0.34962
1050 0.34835
1051 0.34708
1052 0.34581
1053 0.34455
1054 0.34328
1055 0.34202
1056 0.34076
1057 0.33950
1058 0.33824
1059 0.33698
1060 0.33572
1061 0.33446
1062 0.33321
1063 0.33196
1064 0.33070
1065 0.32945
1066 0.32820
1067 0.32695
1068 0.32571
1069 0.32446
1070 0.32321
1071 0.32197
1072 0.32073
1073 0.31949
1074 0.31825
1075 0.31701
1076 0.31577
1077 0.31454
1078 0.31330
1079 0.31207
1080 0.31083
1081 0.30960
1082 0.30837
1083 0.30715
1084 0.30592
1085 0.30469
1086 0.30347
1087 0.30224
1088 0.30102
1089 0.29980
1090 0.29858
1091 0.29736
1092 0.29614
1093 0.29493
1094 0.29371
1095 0.29250
1096 0.29128
1097 0.29007
1098 0.28886
1099 0.28765
1100 0.28644
1101 0.28523
1102 0.28403
1103 0.28282
1104 0.28162
1105 0.28041
1106 0.27921
1107 0.27801
1108 0.27681
1109 0.27561
1110 0.27441
1111 0.27321
1112 0.27202
1113 0.27082
1114 0.26963
1115 0.26843
1116 0.26724
1117 0.26605
1118 0.26486
1119 0.26367
1120 0.26247
1121 0.26129
1122 0.26010
1123 0.25891
1124 0.25772
1125 0.25653
1126 0.25535
1127 0.25416
1128 0.25298
1129 0.25179
1130 0.25061
1131 0.24942
1132 0.24824
1133 0.24706
1134 0.24587
1135 0.24469
1136 0.24351
1137 0.24233
1138 0.24114
1139 0.23996
1140 0.23878
1141 0.23760
1142 0.23642
1143 0.23523
1144 0.23405
1145 0.23287
1146 0.23169
1147 0.23051
1148 0.22932
1149 0.22814
1150 0.22696
1151 0.22577
1152 0.22459
1153 0.22341
1154 0.22222
1155 0.22104
1156 0.21985
1157 0.21867
1158 0.21748
1159 0.21629
1160 0.21510
1161 0.21392
1162 0.21273
1163 0.21154
1164 0.21034
1165 0.20915
1166 0.20796
1167 0.20677
1168 0.20557
1169 0.20437
1170 0.20318
1171 0.20198
1172 0.20078
1173 0.19958
1174 0.19838
1175 0.19718
1176 0.19597
1177 0.19477
1178 0.19356
1179 0.19235
1180 0.19114
1181 0.18993
1182 0.18872
1183 0.18751
1184 0.18629
1185 0.18507
1186 0.18386
1187 0.18264
1188 0.18142
1189 0.18020
1190 0.17897
1191 0.17775
1192 0.17652
1193 0.17529
1194 0.17406
1195 0.17283
1196 0.17160
1197 0.17037
1198 0.16913
1199 0.16790
1200 0.16666
1201 0.16542
1202 0.16418
1203 0.16294
1204 0.16170
1205 0.16046
1206 0.15921
1207 0.15797
1208 0.15672
1209 0.15547
1210 0.15422
1211 0.15298
1212 0.15173
1213 0.15048
1214 0.14923
1215 0.14798
1216 1.00000
