17 0.78033
18 0.76335
19 0.74630
20 0.72921
21 0.71213
22 0.69507
23 0.67806
24 0.66114
25 0.64432
26 0.62763
27 0.61108
28 0.59470
29 0.57850
30 0.56250
31 0.54670
32 0.53113
33 0.51579
34 0.50069
35 0.48585
36 0.47127
37 0.45695
38 0.44290
39 0.42914
40 0.41565
41 0.40245
42 0.38953
43 0.37691
44 0.36457
45 0.35253
46 0.34077
47 0.32931
48 0.31813
49 0.30725
50 0.29664
51 0.28633
52 0.27629
53 0.26653
54 0.25704
55 0.24783
56 0.23888
57 0.23020
58 0.22177
59 0.21360
60 0.20568
61 0.19800
62 0.19057
63 0.18337
64 0.17641
65 0.16967
66 0.16315
67 0.15684
68 0.15075
69 0.14486
70 0.13918
71 0.13369
72 0.12839
73 0.12327
74 0.11834
75 0.11358
76 0.10899
77 0.10457
78 0.10031
79 0.09621
80 0.09225
81 0.08845
82 0.08478
83 0.08126
84 0.07787
85 0.07460
86 0.07147
87 0.06845
88 0.06555
89 0.06277
90 0.06009
91 0.05752
92 0.05505
93 0.05268
94 0.05040
95 0.04822
96 0.04613
97 0.04412
98 0.04219
99 0.04034
100 0.03857
101 0.03687
102 0.03524
103 0.03368
104 0.03218
105 0.03075
106 0.02938
107 0.02806
108 0.02680
109 0.02560
110 0.02445
111 0.02334
112 0.02229
113 0.02128
114 0.02031
115 0.01939
116 0.01850
117 0.01766
118 0.01685
119 0.01608
120 0.01534
121 0.01463
122 0.01396
123 0.01331
124 0.01270
125 0.01211
126 0.01155
127 0.01101
128 0.01050
129 0.01001
130 0.00955
131 0.00910
132 0.00867
133 0.00827
134 0.00788
135 0.00751
136 0.00716
137 0.00682
138 0.00650
139 0.00619
140 0.00590
141 0.00562
142 0.00536
143 0.00510
144 0.00486
145 0.00463
146 0.00441
147 0.00420
148 0.00400
149 0.00381
150 0.00363
151 0.00346
152 0.00329
153 0.00314
154 0.00299
155 0.00284
156 0.00271
157 0.00258
158 0.00245
159 0.00234
160 0.00223
161 0.00212
162 0.00202
163 0.00192
164 0.00183
165 0.00174
166 0.00166
167 0.00158
168 0.00150
169 0.00143
170 0.00136
171 0.00130
172 0.00123
173 0.00118
174 0.00112
175 0.00106
176 0.00101
177 0.00097
178 0.00092
179 0.00087
180 0.00083
181 0.00079
182 0.00075
183 0.00072
184 0.00068
185 0.00065
186 0.00062
187 0.00059
188 0.00056
189 0.00054
190 0.00051
191 0.00049
192 0.00046
193 0.00044
194 0.00042
195 0.00040
196 0.00038
197 0.00036
198 0.00034
199 0.00033
200 0.00031
201 0.00030
202 0.00028
203 0.00027
204 0.00026
205 0.00024
206 0.00023
207 0.00022
208 0.00021
209 0.00020
210 0.00019
211 0.00018
212 0.00017
213 0.00017
214 0.00016
215 0.00015
216 0.00014
217 0.00014
218 0.00013
219 0.00012
220 0.00012
221 0.00011
222 0.00011
223 0.00010
224 0.00010
225 0.00009
226 0.00009
227 0.00008
228 0.00008
229 0.00008
230 0.00007
231 0.00007
232 0.00007
233 0.00006
234 0.00006
235 0.00006
236 0.00006
237 0.00005
238 0.00005
239 0.00005
240 0.00005
241 0.00004
242 0.00004
243 0.00004
244 0.00004
245 0.00004
246 0.00003
247 0.00003
248 0.00003
249 0.00003
250 0.00003
251 0.00003
252 0.00003
253 0.00002
254 0.00002
255 0.00002
256 0.00002
257 0.00002
258 0.00002
259 0.00002
260 0.00002
261 0.00002
262 0.00002
263 0.00002
264 0.00002
265 0.00001
266 0.00001
267 0.00001
268 0.00001
269 0.00001
270 0.00001
271 0.00001
272 0.00001
273 0.00001
274 0.00001
275 0.00001
276 0.00001
277 0.00001
278 0.00001
279 0.00001
280 0.00001
281 0.00001
282 0.00001
283 0.00001
284 0.00001
285 0.00001
286 0.00001
287 0.00001
288 0.00001
289 0.00001
290 0.00000
291 0.00000
292 0.00000
293 0.00000
294 0.00000
295 0.00000
296 0.00000
297 0.00000
298 0.00000
299 0.00000
300 0.00000
301 0.00000
302 0.00000
303 0.00000
304 0.00000
305 0.00000
306 0.00000
307 0.00000
308 0.00000
309 0.00000
310 0.00000
311 0.00000
312 0.00000
313 0.00000
314 0.00000
315 0.00000
316 0.00000
317 0.00000
318 0.00000
319 0.00000
320 0.00000
321 0.00000
322 0.00000
323 0.00000
324 0.00000
325 0.00000
326 0.00000
327 0.00000
328 0.00000
329 0.00000
330 0.00000
331 0.00000
332 0.00000
333 0.00000
334 0.00000
335 0.00000
336 0.00000
337 0.00000
338 0.00000
339 0.00000
340 0.00000
341 0.00000
342 0.00000
343 0.00000
344 0.00000
345 0.00000
346 0.00000
347 0.00000
348 0.00000
349 0.00000
350 0.00000
351 0.00000
352 0.00000
353 0.00000
354 0.00000
355 0.00000
356 0.00000
357 0.00000
358 0.00000
359 0.00000
360 0.00000
361 0.00000
362 0.00000
363 0.00000
364 0.00000
365 0.00000
366 0.00000
367 0.00000
368 0.00000
369 0.00000
370 0.00000
371 0.00000
372 0.00000
373 0.00000
374 0.00000
375 0.00000
376 0.00000
377 0.00000
378 0.00000
379 0.00000
380 0.00000
381 0.00000
382 0.00000
383 0.00000
384 0.00000
385 0.00000
386 0.00000
387 0.00000
388 0.00000
389 0.00000
390 0.00000
391 0.00000
392 0.00000
393 0.00000
394 0.00000
395 0.00000
396 0.00000
397 0.00000
398 0.00000
399 0.00000
400 0.00000
401 0.00000
402 0.00000
403 0.00000
404 0.00000
405 0.00000
406 0.00000
407 0.00000
408 0.00000
409 0.00000
410 0.00000
411 0.00000
412 0.00000
413 0.00000
414 0.00000
415 0.00000
416 0.00000
417 0.00000
418 0.00000
419 0.00000
420 0.00000
421 0.00000
422 0.00000
423 0.00000
424 0.00000
425 0.00000
426 0.00000
427 0.00000
428 0.00000
429 0.00000
430 0.00000
431 0.00000
432 0.00000
433 0.00000
434 0.00000
435 0.00000
436 0.00000
437 0.00000
438 0.00000
439 0.00000
440 0.00000
441 0.00000
442 0.00000
443 0.00000
444 0.00000
445 0.00000
446 0.00000
447 0.00000
448 0.00000
449 0.00000
450 0.00000
451 0.00000
452 0.00000
453 0.00000
454 0.00000
455 0.00000
456 0.00000
457 0.00000
458 0.00000
459 0.00000
460 0.00000
461 0.00000
462 0.00000
463 0.00000
464 0.00000
465 0.00000
466 0.00000
467 0.00000
468 0.00000
469 0.00000
470 0.00000
471 0.00000
472 0.00000
473 0.00000
474 0.00000
475 0.00000
476 0.00000
477 0.00000
478 0.00000
479 0.00000
480 0.00000
481 0.00000
482 0.00000
483 0.00000
484 0.00000
485 0.00000
486 0.00000
487 0.00000
488 0.00000
489 0.00000
490 0.00000
491 0.00000
492 0.00000
493 0.00000
494 0.00000
495 0.00000
496 0.00000
497 0.00000
498 0.00000
499 0.00000
500 0.00000
501 0.00000
502 0.00000
503 0.00000
504 0.00000
505 0.00000
506 0.00000
507 0.00000
508 0.00000
509 0.00000
510 0.00000
511 0.00000
512 0.00000
513 0.00000
514 0.00000
515 0.00000
516 0.00000
517 0.00000
518 0.00000
519 0.00000
520 0.00000
521 0.00000
522 0.00000
523 0.00000
524 0.00000
525 0.00000
526 0.00000
527 0.00000
528 0.00000
529 0.00000
530 0.00000
531 0.00000
532 0.00000
533 0.00000
534 0.00000
535 0.00000
536 0.00000
537 0.00000
538 0.00000
539 0.00000
540 0.00000
541 0.00000
542 0.00000
543 0.00000
544 0.00000
545 0.00000
546 0.00000
547 0.00000
548 0.00000
549 0.00000
550 0.00000
551 0.00000
552 0.00000
553 0.00000
554 0.00000
555 0.00000
556 0.00000
557 0.00000
558 0.00000
559 0.00000
560 0.00000
561 0.00000
562 0.00000
563 0.00000
564 0.00000
565 0.00000
566 0.00000
567 0.00000
568 0.00000
569 0.00000
570 0.00000
571 0.00000
572 0.00000
573 0.00000
574 0.00000
575 0.00000
576 0.00000
577 0.00000
578 0.00000
579 0.00000
580 0.00000
581 0.00000
582 0.00000
583 0.00000
584 0.00000
585 0.00000
586 0.00000
587 0.00000
588 0.00000
589 0.00000
590 0.00000
591 0.00000
592 0.00000
593 0.00000
594 0.00000
595 0.00000
596 0.00000
597 0.00000
598 0.00000
599 0.00000
600 0.00000
601 0.00000
602 0.00000
603 0.00000
604 0.00000
605 0.00000
606 0.00000
607 0.00000
608 0.00000
609 0.00000
610 0.00000
611 0.00000
612 0.00000
613 0.00000
614 0.00000
615 0.00000
616 0.00000
617 0.00000
618 0.00000
619 0.00000
620 0.00000
621 0.00000
622 0.00000
623 0.00000
624 0.00000
625 0.00000
626 0.00000
627 0.00000
628 0.00000
629 0.00000
630 0.00000
631 0.00000
632 0.00000
633 0.00000
634 0.00000
635 0.00000
636 0.00000
637 0.00000
638 0.00000
639 0.00000
640 0.00000
641 0.00000
642 0.00000
643 0.00000
644 0.00000
645 0.00000
646 0.00000
647 0.00000
648 0.00000
649 0.00000
650 0.00000
651 0.00000
652 0.00000
653 0.00000
654 0.00000
655 0.00000
656 0.00000
657 0.00000
658 0.00000
659 0.00000
660 0.00000
661 0.00000
662 0.00000
663 0.00000
664 0.00000
665 0.00000
666 0.00000
667 0.00000
668 0.00000
669 0.00000
670 0.00000
671 0.00000
672 0.00000
673 0.00000
674 0.00000
675 0.00000
676 0.00000
677 0.00000
678 0.00000
679 0.00000
680 0.00000
681 0.00000
682 0.00000
683 0.00000
684 0.00000
685 0.00000
686 0.00000
687 0.00000
688 0.00000
689 0.00000
690 0.00000
691 0.00000
692 0.00000
693 0.00000
694 0.00000
695 0.00000
696 0.00000
697 0.00000
698 0.00000
699 0.00000
700 0.00000
701 0.00000
702 0.00000
703 0.00000
704 0.00000
705 0.00000
706 0.00000
707 0.00000
708 0.00000
709 0.00000
710 0.00000
711 0.00000
712 0.00000
713 0.00000
714 0.00000
715 0.00000
716 0.00000
717 0.00000
718 0.00000
719 0.00000
720 0.00000
721 0.00000
722 0.00000
723 0.00000
724 0.00000
725 0.00000
726 0.00000
727 0.00000
728 0.00000
729 0.00000
730 0.00000
731 0.00000
732 0.00000
733 0.00000
734 0.00000
735 0.00000
736 0.00000
737 0.00000
738 0.00000
739 0.00000
740 0.00000
741 0.00000
742 0.00000
743 0.00000
744 0.00000
745 0.00000
746 0.00000
747 0.00000
748 0.00000
749 0.00000
750 0.00000
751 0.00000
752 0.00000
753 0.00000
754 0.00000
755 0.00000
756 0.00000
757 0.00000
758 0.00000
759 0.00000
760 0.00000
761 0.00000
762 0.00000
763 0.00000
764 0.00000
765 0.00000
766 0.00000
767 0.00000
768 0.00000
769 0.00000
770 0.00000
771 0.00000
772 0.00000
773 0.00000
774 0.00000
775 0.00000
776 0.00000
777 0.00000
778 0.00000
779 0.00000
780 0.00000
781 0.00000
782 0.00000
783 0.00000
784 0.00000
785 0.00000
786 0.00001
787 0.00001
788 0.00001
789 0.00001
790 0.00001
791 0.00001
792 0.00001
793 0.00001
794 0.00001
795 0.00001
796 0.00001
797 0.00001
798 0.00001
799 0.00001
800 0.00001
801 0.00001
802 0.00001
803 0.00001
804 0.00001
805 0.00001
806 0.00002
807 0.00002
808 0.00002
809 0.00002
810 0.00002
811 0.00002
812 0.00002
813 0.00002
814 0.00003
815 0.00003
816 0.00003
817 0.00003
818 0.00003
819 0.00003
820 0.00004
821 0.00004
822 0.00004
823 0.00004
824 0.00005
825 0.00005
826 0.00005
827 0.00006
828 0.00006
829 0.00006
830 0.00007
831 0.00007
832 0.00008
833 0.00008
834 0.00009
835 0.00009
836 0.00010
837 0.00011
838 0.00012
839 0.00012
840 0.00013
841 0.00014
842 0.00015
843 0.00016
844 0.00017
845 0.00018
846 0.00019
847 0.00021
848 0.00022
849 0.00024
850 0.00025
851 0.00027
852 0.00029
853 0.00031
854 0.00033
855 0.00036
856 0.00038
857 0.00041
858 0.00044
859 0.00047
860 0.00050
861 0.00054
862 0.00057
863 0.00062
864 0.00066
865 0.00071
866 0.00076
867 0.00081
868 0.00087
869 0.00093
870 0.00100
871 0.00107
872 0.00115
873 0.00124
874 0.00133
875 0.00143
876 0.00153
877 0.00164
878 0.00177
879 0.00190
880 0.00204
881 0.00219
882 0.00235
883 0.00253
884 0.00272
885 0.00292
886 0.00314
887 0.00338
888 0.00363
889 0.00391
890 0.00420
891 0.00452
892 0.00487
893 0.00524
894 0.00564
895 0.00607
896 0.00654
897 0.00704
898 0.00759
899 0.00817
900 0.00880
901 0.00949
902 0.01022
903 0.01102
904 0.01188
905 0.01280
906 0.01380
907 0.01489
908 0.01605
909 0.01732
910 0.01868
911 0.02015
912 0.02131
913 0.02281
914 0.02468
915 0.02666
916 0.02801
917 0.02862
918 0.02948
919 0.03068
920 0.03236
921 0.03473
922 0.03396
923 0.03321
924 0.03654
925 0.03576
926 0.03498
927 0.03985
928 0.03902
929 0.03821
930 0.03741
931 0.04487
932 0.04399
933 0.04312
934 0.04226
935 0.04141
936 0.04057
937 0.03975
938 0.05184
939 0.05089
940 0.04995
941 0.04902
942 0.04810
943 0.04720
944 0.04630
945 0.04542
946 0.04454
947 0.04368
948 0.04283
949 0.04199
950 0.06352
951 0.06247
952 0.06144
953 0.06041
954 0.05940
955 0.05840
956 0.05740
957 0.05642
958 0.05545
959 0.05449
960 0.05354
961 0.05260
962 0.05167
963 0.05075
964 0.04984
965 0.04894
966 0.04805
967 0.04717
968 0.04630
969 0.04545
970 0.04460
971 0.04376
972 0.04294
973 0.08806
974 0.08688
975 0.08570
976 0.08453
977 0.08338
978 0.08223
979 0.08108
980 0.07995
981 0.07883
982 0.07771
983 0.07660
984 0.07550
985 0.07441
986 0.07333
987 0.07226
988 0.07119
989 0.07013
990 0.06909
991 0.06805
992 0.06702
993 0.06599
994 0.06498
995 0.06398
996 0.06298
997 0.06199
998 0.06102
999 0.06005
1000 0.05908
1001 0.05813
1002 0.05719
1003 0.05625
1004 0.05533
1005 0.05441
1006 0.05350
1007 0.05260
1008 0.05171
1009 0.05083
1010 0.04995
1011 0.04909
1012 0.04823
1013 0.04738
1014 0.04654
1015 0.04571
1016 0.04489
1017 0.04408
1018 0.04327
1019 0.04248
1020 0.04169
1021 0.04091
1022 0.04014
1023 0.03938
1024 0.03863
1025 0.03789
1026 0.17382
1027 0.17239
1028 0.17095
1029 0.16952
1030 0.16808
1031 0.16664
1032 0.16520
1033 0.16375
1034 0.16231
1035 0.16086
1036 0.15941
1037 0.15797
1038 0.15652
1039 0.15506
1040 0.15361
1041 0.15216
1042 0.15070
1043 0.14925
1044 0.14779
1045 0.14633
1046 0.14488
1047 0.14342
1048 0.14196
1049 0.14051
1050 0.13905
1051 0.13759
1052 0.13614
1053 0.13468
1054 0.13323
1055 0.13178
1056 0.13033
1057 0.12888
1058 0.12743
1059 0.12598
1060 0.12454
1061 0.12310
1062 0.12166
1063 0.12022
1064 0.11879
1065 0.11736
1066 0.11593
1067 0.11451
1068 0.11309
1069 0.11167
1070 0.11026
1071 0.10885
1072 0.10745
1073 0.10606
1074 0.10466
1075 0.10328
1076 0.10190
1077 0.10052
1078 0.09915
1079 0.09779
1080 0.09644
1081 0.09509
1082 0.09374
1083 0.09241
1084 0.09108
1085 0.08976
1086 0.08845
1087 0.08715
1088 0.08585
1089 0.08456
1090 0.08328
1091 0.08201
1092 0.08075
1093 0.07950
1094 0.07825
1095 0.07702
1096 0.07579
1097 0.07458
1098 0.07337
1099 0.07218
1100 0.07099
1101 0.06982
1102 0.06865
1103 0.06750
1104 0.06635
1105 0.06522
1106 0.06410
1107 0.06298
1108 0.06188
1109 0.06079
1110 0.05971
1111 0.05865
1112 0.05759
1113 0.05655
1114 0.05551
1115 0.05449
1116 0.05348
1117 0.05248
1118 0.05149
1119 0.05052
1120 0.04955
1121 0.04860
1122 0.04766
1123 0.04673
1124 0.04582
1125 0.04491
1126 0.04402
1127 0.04314
1128 0.04227
1129 0.04141
1130 0.04056
1131 0.03973
1132 0.03890
1133 0.03809
1134 0.03729
1135 0.03650
1136 0.03573
1137 0.03496
1138 0.03421
1139 0.03347
1140 0.03274
1141 0.03202
1142 0.03131
1143 0.03061
1144 0.02992
1145 0.02925
1146 0.02859
1147 0.02793
1148 0.02729
1149 0.02666
1150 0.02604
1151 0.02543
1152 0.02483
1153 0.02424
1154 0.02366
1155 0.02310
1156 0.02254
1157 0.02199
1158 0.02145
1159 0.02093
1160 0.02041
1161 0.01990
1162 0.01940
1163 0.01891
1164 0.01843
1165 0.01796
1166 0.01750
1167 0.01705
1168 0.01661
1169 0.01618
1170 0.01575
1171 0.01534
1172 0.01493
1173 0.01453
1174 0.01414
1175 0.01376
1176 0.01338
1177 0.01302
1178 0.01266
1179 0.01231
1180 0.01196
1181 0.01163
1182 0.01130
1183 0.01098
1184 0.01067
1185 0.01036
1186 0.01006
1187 0.00977
1188 0.00949
1189 0.00921
1190 0.00894
1191 0.00867
1192 0.00842
1193 0.00816
1194 0.00792
1195 0.00768
1196 0.00744
1197 0.00721
1198 0.00699
1199 0.00678
1200 0.00656
1201 0.00636
1202 0.00616
1203 0.00596
1204 0.00577
1205 0.00559
1206 0.00541
1207 0.00523
1208 0.00506
1209 0.00490
1210 0.00473
1211 0.00458
1212 0.00443
1213 0.00428
1214 0.00413
1215 0.00399
1216 1.00000
