17 0.96595
18 0.96289
19 0.95974
20 0.95651
21 0.95321
22 0.94983
23 0.94639
24 0.94287
25 0.93929
26 0.93565
27 0.93194
28 0.92817
29 0.92435
30 0.92048
31 0.91655
32 0.91257
33 0.90854
34 0.90447
35 0.90035
36 0.89619
37 0.89198
38 0.88774
39 0.88345
40 0.87914
41 0.87478
42 0.87039
43 0.86597
44 0.86152
45 0.85705
46 0.85254
47 0.84800
48 0.84345
49 0.83886
50 0.83426
51 0.82963
52 0.82499
53 0.82032
54 0.81564
55 0.81094
56 0.80622
57 0.80149
58 0.79675
59 0.79200
60 0.78723
61 0.78245
62 0.77767
63 0.77287
64 0.76807
65 0.76327
66 0.75845
67 0.75364
68 0.74882
69 0.74399
70 0.73917
71 0.73434
72 0.72951
73 0.72468
74 0.71986
75 0.71503
76 0.71021
77 0.70539
78 0.70058
79 0.69577
80 0.69097
81 0.68617
82 0.68138
83 0.67659
84 0.67182
85 0.66705
86 0.66229
87 0.65754
88 0.65280
89 0.64808
90 0.64336
91 0.63865
92 0.63396
93 0.62928
94 0.62461
95 0.61996
96 0.61532
97 0.61070
98 0.60609
99 0.60149
100 0.59691
101 0.59235
102 0.58781
103 0.58328
104 0.57876
105 0.57427
106 0.56979
107 0.56534
108 0.56090
109 0.55648
110 0.55207
111 0.54769
112 0.54333
113 0.53899
114 0.53467
115 0.53036
116 0.52608
117 0.52182
118 0.51758
119 0.51337
120 0.50917
121 0.50499
122 0.50084
123 0.49671
124 0.49260
125 0.48852
126 0.48445
127 0.48041
128 0.47640
129 0.47240
130 0.46843
131 0.46448
132 0.46056
133 0.45665
134 0.45278
135 0.44892
136 0.44509
137 0.44128
138 0.43750
139 0.43374
140 0.43000
141 0.42629
142 0.42261
143 0.41894
144 0.41530
145 0.41169
146 0.40810
147 0.40453
148 0.40099
149 0.39747
150 0.39398
151 0.39051
152 0.38707
153 0.38364
154 0.38025
155 0.37688
156 0.37353
157 0.37020
158 0.36691
159 0.36363
160 0.36038
161 0.35715
162 0.35395
163 0.35077
164 0.34762
165 0.34448
166 0.34138
167 0.33829
168 0.33524
169 0.33220
170 0.32919
171 0.32620
172 0.32323
173 0.32029
174 0.31737
175 0.31448
176 0.31161
177 0.30876
178 0.30593
179 0.30313
180 0.30035
181 0.29759
182 0.29486
183 0.29215
184 0.28946
185 0.28679
186 0.28415
187 0.28152
188 0.27892
189 0.27635
190 0.27379
191 0.27125
192 0.26874
193 0.26625
194 0.26378
195 0.26133
196 0.25890
197 0.25650
198 0.25411
199 0.25175
200 0.24940
201 0.24708
202 0.24478
203 0.24250
204 0.24023
205 0.23799
206 0.23577
207 0.23357
208 0.23139
209 0.22922
210 0.22708
211 0.22496
212 0.22285
213 0.22077
214 0.21870
215 0.21666
216 0.21463
217 0.21262
218 0.21063
219 0.20866
220 0.20670
221 0.20477
222 0.20285
223 0.20095
224 0.19907
225 0.19720
226 0.19535
227 0.19353
228 0.19171
229 0.18992
230 0.18814
231 0.18638
232 0.18463
233 0.18291
234 0.18119
235 0.17950
236 0.17782
237 0.17616
238 0.17451
239 0.17288
240 0.17126
241 0.16967
242 0.16808
243 0.16651
244 0.16496
245 0.16342
246 0.16190
247 0.16039
248 0.15890
249 0.15742
250 0.15595
251 0.15450
252 0.15307
253 0.15165
254 0.15024
255 0.14884
256 0.14746
257 0.14610
258 0.14475
259 0.14341
260 0.14208
261 0.14077
262 0.13947
263 0.13818
264 0.13691
265 0.13565
266 0.13440
267 0.13316
268 0.13194
269 0.13073
270 0.12953
271 0.12834
272 0.12717
273 0.12601
274 0.12485
275 0.12372
276 0.12259
277 0.12147
278 0.12037
279 0.11927
280 0.11819
281 0.11712
282 0.11606
283 0.11501
284 0.11397
285 0.11294
286 0.11192
287 0.11091
288 0.10992
289 0.10893
290 0.10795
291 0.10698
292 0.10603
293 0.10508
294 0.10414
295 0.10322
296 0.10230
297 0.10139
298 0.10049
299 0.09960
300 0.09872
301 0.09785
302 0.09698
303 0.09613
304 0.09529
305 0.09445
306 0.09362
307 0.09280
308 0.09199
309 0.09119
310 0.09040
311 0.08961
312 0.08884
313 0.08807
314 0.08731
315 0.08655
316 0.08581
317 0.08507
318 0.08434
319 0.08362
320 0.08290
321 0.08220
322 0.08150
323 0.08080
324 0.08012
325 0.07944
326 0.07877
327 0.07811
328 0.07745
329 0.07680
330 0.07616
331 0.07552
332 0.07489
333 0.07427
334 0.07365
335 0.07304
336 0.07244
337 0.07184
338 0.07125
339 0.07067
340 0.07009
341 0.06952
342 0.06895
343 0.06839
344 0.06784
345 0.06729
346 0.06674
347 0.06621
348 0.06568
349 0.06515
350 0.06463
351 0.06412
352 0.06361
353 0.06310
354 0.06261
355 0.06211
356 0.06162
357 0.06114
358 0.06066
359 0.06019
360 0.05973
361 0.05926
362 0.05881
363 0.05835
364 0.05790
365 0.05746
366 0.05702
367 0.05659
368 0.05616
369 0.05574
370 0.05532
371 0.05490
372 0.05449
373 0.05408
374 0.05368
375 0.05328
376 0.05289
377 0.05250
378 0.05212
379 0.05174
380 0.05136
381 0.05099
382 0.05062
383 0.05025
384 0.04989
385 0.04953
386 0.04918
387 0.04883
388 0.04849
389 0.04814
390 0.04780
391 0.04747
392 0.04714
393 0.04681
394 0.04649
395 0.04617
396 0.04585
397 0.04554
398 0.04523
399 0.04492
400 0.04462
401 0.04432
402 0.04402
403 0.04373
404 0.04344
405 0.04315
406 0.04287
407 0.04259
408 0.04231
409 0.04203
410 0.04176
411 0.04149
412 0.04123
413 0.04096
414 0.04070
415 0.04045
416 0.04019
417 0.03994
418 0.03969
419 0.03945
420 0.03920
421 0.03896
422 0.03873
423 0.03849
424 0.03826
425 0.03803
426 0.03780
427 0.03758
428 0.03735
429 0.03713
430 0.03692
431 0.03670
432 0.03649
433 0.03628
434 0.03607
435 0.03587
436 0.03566
437 0.03546
438 0.03527
439 0.03507
440 0.03488
441 0.03469
442 0.03450
443 0.03431
444 0.03412
445 0.03394
446 0.03376
447 0.03358
448 0.03341
449 0.03323
450 0.03306
451 0.03289
452 0.03272
453 0.03256
454 0.03239
455 0.03223
456 0.03207
457 0.03191
458 0.03175
459 0.03160
460 0.03145
461 0.03130
462 0.03115
463 0.03100
464 0.03086
465 0.03071
466 0.03057
467 0.03043
468 0.03029
469 0.03016
470 0.03002
471 0.02989
472 0.02976
473 0.02963
474 0.02950
475 0.02938
476 0.02925
477 0.02913
478 0.02901
479 0.02889
480 0.02877
481 0.02865
482 0.02854
483 0.02843
484 0.02831
485 0.02820
486 0.02810
487 0.02799
488 0.02788
489 0.02778
490 0.02768
491 0.02758
492 0.02748
493 0.02738
494 0.02728
495 0.02719
496 0.02709
497 0.02700
498 0.02691
499 0.02682
500 0.02673
501 0.02665
502 0.02656
503 0.02648
504 0.02639
505 0.02631
506 0.02623
507 0.02615
508 0.02608
509 0.02600
510 0.02593
511 0.02585
512 0.02578
513 0.02571
514 0.02564
515 0.02557
516 0.02551
517 0.02544
518 0.02538
519 0.02531
520 0.02525
521 0.02519
522 0.02513
523 0.02507
524 0.02502
525 0.02496
526 0.02491
527 0.02485
528 0.02480
529 0.02475
530 0.02470
531 0.02465
532 0.02461
533 0.02456
534 0.02452
535 0.02447
536 0.02443
537 0.02439
538 0.02435
539 0.02431
540 0.02427
541 0.02424
542 0.02420
543 0.02417
544 0.02413
545 0.02410
546 0.02407
547 0.02404
548 0.02401
549 0.02399
550 0.02396
551 0.02394
552 0.02391
553 0.02389
554 0.02387
555 0.02385
556 0.02383
557 0.02381
558 0.02380
559 0.02378
560 0.02377
561 0.02375
562 0.02374
563 0.02373
564 0.02372
565 0.02371
566 0.02370
567 0.02370
568 0.02369
569 0.02369
570 0.02369
571 0.02368
572 0.02368
573 0.02368
574 0.02369
575 0.02369
576 0.02369
577 0.02370
578 0.02371
579 0.02371
580 0.02372
581 0.02373
582 0.02375
583 0.02376
584 0.02377
585 0.02379
586 0.02380
587 0.02382
588 0.02384
589 0.02386
590 0.02388
591 0.02391
592 0.02393
593 0.02395
594 0.02398
595 0.02401
596 0.02404
597 0.02407
598 0.02410
599 0.02413
600 0.02416
601 0.02420
602 0.02423
603 0.02427
604 0.02431
605 0.02435
606 0.02439
607 0.02443
608 0.02448
609 0.02452
610 0.02457
611 0.02462
612 0.02467
613 0.02472
614 0.02477
615 0.02482
616 0.02488
617 0.02494
618 0.02499
619 0.02505
620 0.02512
621 0.02518
622 0.02524
623 0.02531
624 0.02537
625 0.02544
626 0.02551
627 0.02559
628 0.02566
629 0.02574
630 0.02581
631 0.02589
632 0.02597
633 0.02605
634 0.02613
635 0.02622
636 0.02631
637 0.02639
638 0.02648
639 0.02658
640 0.02667
641 0.02677
642 0.02686
643 0.02696
644 0.02707
645 0.02717
646 0.02727
647 0.02738
648 0.02749
649 0.02760
650 0.02772
651 0.02783
652 0.02795
653 0.02807
654 0.02819
655 0.02832
656 0.02844
657 0.02857
658 0.02870
659 0.02884
660 0.02897
661 0.02911
662 0.02925
663 0.02939
664 0.02954
665 0.02968
666 0.02983
667 0.02998
668 0.03014
669 0.03029
670 0.03045
671 0.03061
672 0.03078
673 0.03094
674 0.03111
675 0.03129
676 0.03146
677 0.03164
678 0.03182
679 0.03201
680 0.03220
681 0.03239
682 0.03258
683 0.03278
684 0.03298
685 0.03318
686 0.03339
687 0.03360
688 0.03381
689 0.03403
690 0.03425
691 0.03447
692 0.03470
693 0.03493
694 0.03517
695 0.03541
696 0.03565
697 0.03590
698 0.03615
699 0.03640
700 0.03666
701 0.03692
702 0.03719
703 0.03746
704 0.03774
705 0.03802
706 0.03831
707 0.03860
708 0.03889
709 0.03919
710 0.03949
711 0.03980
712 0.04012
713 0.04043
714 0.04076
715 0.04109
716 0.04142
717 0.04176
718 0.04211
719 0.04246
720 0.04282
721 0.04318
722 0.04355
723 0.04392
724 0.04430
725 0.04469
726 0.04508
727 0.04548
728 0.04589
729 0.04630
730 0.04672
731 0.04715
732 0.04759
733 0.04803
734 0.04848
735 0.04893
736 0.04940
737 0.04987
738 0.05035
739 0.05083
740 0.05133
741 0.05183
742 0.05235
743 0.05287
744 0.05340
745 0.05394
746 0.05449
747 0.05504
748 0.05561
749 0.05619
750 0.05677
751 0.05737
752 0.05798
753 0.05859
754 0.05922
755 0.05986
756 0.06051
757 0.06117
758 0.06184
759 0.06253
760 0.06322
761 0.06393
762 0.06465
763 0.06539
764 0.06613
765 0.06689
766 0.06767
767 0.06846
768 0.06926
769 0.07007
770 0.07090
771 0.07175
772 0.07261
773 0.07348
774 0.07438
775 0.07528
776 0.07621
777 0.07715
778 0.07811
779 0.07908
780 0.08008
781 0.08109
782 0.08212
783 0.08317
784 0.08424
785 0.08533
786 0.08643
787 0.08755
788 0.08869
789 0.08985
790 0.09103
791 0.09224
792 0.09346
793 0.09471
794 0.09599
795 0.09729
796 0.09861
797 0.09996
798 0.10133
799 0.10273
800 0.10416
801 0.10562
802 0.10710
803 0.10861
804 0.11015
805 0.11173
806 0.11333
807 0.11496
808 0.11663
809 0.11833
810 0.12006
811 0.12183
812 0.12363
813 0.12547
814 0.12735
815 0.12926
816 0.13121
817 0.13320
818 0.13523
819 0.13731
820 0.13942
821 0.14158
822 0.14378
823 0.14603
824 0.14833
825 0.15067
826 0.15306
827 0.15550
828 0.15799
829 0.16054
830 0.16313
831 0.16579
832 0.16849
833 0.17126
834 0.17408
835 0.17697
836 0.17991
837 0.18292
838 0.18600
839 0.18913
840 0.19234
841 0.19562
842 0.19897
843 0.20239
844 0.20589
845 0.20946
846 0.21311
847 0.21685
848 0.22066
849 0.22456
850 0.22855
851 0.23262
852 0.23679
853 0.24105
854 0.24541
855 0.24987
856 0.25442
857 0.25908
858 0.26385
859 0.26873
860 0.27371
861 0.27882
862 0.28404
863 0.28938
864 0.29484
865 0.30044
866 0.30616
867 0.31202
868 0.31801
869 0.32415
870 0.33043
871 0.33686
872 0.34344
873 0.35018
874 0.35708
875 0.36415
876 0.37139
877 0.37880
878 0.38639
879 0.39417
880 0.40213
881 0.41029
882 0.41865
883 0.42721
884 0.43599
885 0.44498
886 0.45420
887 0.46364
888 0.47332
889 0.48324
890 0.49341
891 0.50384
892 0.51453
893 0.52549
894 0.53673
895 0.54825
896 0.56007
897 0.57219
898 0.58462
899 0.59738
900 0.61046
901 0.62388
902 0.63765
903 0.65178
904 0.66628
905 0.68115
906 0.69642
907 0.71209
908 0.72818
909 0.74469
910 0.76164
911 0.77904
912 0.79316
913 0.79569
914 0.79859
915 0.80143
916 0.80330
917 0.80420
918 0.80538
919 0.80691
920 0.80891
921 0.81152
922 0.81086
923 0.81020
924 0.81368
925 0.81302
926 0.81236
927 0.81708
928 0.81644
929 0.81579
930 0.81515
931 0.82172
932 0.82110
933 0.82047
934 0.81984
935 0.81921
936 0.81858
937 0.81795
938 0.82755
939 0.82694
940 0.82634
941 0.82574
942 0.82513
943 0.82452
944 0.82391
945 0.82330
946 0.82269
947 0.82208
948 0.82147
949 0.82085
950 0.83584
951 0.83527
952 0.83470
953 0.83413
954 0.83355
955 0.83298
956 0.83240
957 0.83183
958 0.83125
959 0.83067
960 0.83009
961 0.82951
962 0.82893
963 0.82834
964 0.82776
965 0.82717
966 0.82659
967 0.82600
968 0.82541
969 0.82482
970 0.82423
971 0.82364
972 0.82304
973 0.84920
974 0.84869
975 0.84817
976 0.84765
977 0.84714
978 0.84662
979 0.84610
980 0.84557
981 0.84505
982 0.84453
983 0.84400
984 0.84348
985 0.84295
986 0.84243
987 0.84190
988 0.84137
989 0.84084
990 0.84030
991 0.83977
992 0.83924
993 0.83870
994 0.83817
995 0.83763
996 0.83709
997 0.83655
998 0.83601
999 0.83547
1000 0.83493
1001 0.83438
1002 0.83384
1003 0.83329
1004 0.83275
1005 0.83220
1006 0.83165
1007 0.83110
1008 0.83055
1009 0.83000
1010 0.82944
1011 0.82889
1012 0.82833
1013 0.82778
1014 0.82722
1015 0.82666
1016 0.82610
1017 0.82554
1018 0.82498
1019 0.82442
1020 0.82385
1021 0.82329
1022 0.82272
1023 0.82216
1024 0.82159
1025 0.82102
1026 0.87733
1027 0.87693
1028 0.87653
1029 0.87612
1030 0.87571
1031 0.87531
1032 0.87490
1033 0.87449
1034 0.87408
1035 0.87367
1036 0.87326
1037 0.87285
1038 0.87243
1039 0.87202
1040 0.87160
1041 0.87119
1042 0.87077
1043 0.87036
1044 0.86994
1045 0.86952
1046 0.86910
1047 0.86868
1048 0.86826
1049 0.86783
1050 0.86741
1051 0.86699
1052 0.86656
1053 0.86614
1054 0.86571
1055 0.86528
1056 0.86485
1057 0.86442
1058 0.86399
1059 0.86356
1060 0.86313
1061 0.86270
1062 0.86227
1063 0.86183
1064 0.86140
1065 0.86096
1066 0.86052
1067 0.86009
1068 0.85965
1069 0.85921
1070 0.85877
1071 0.85833
1072 0.85789
1073 0.85744
1074 0.85700
1075 0.85656
1076 0.85611
1077 0.85567
1078 0.85522
1079 0.85477
1080 0.85432
1081 0.85387
1082 0.85342
1083 0.85297
1084 0.85252
1085 0.85207
1086 0.85161
1087 0.85116
1088 0.85070
1089 0.85025
1090 0.84979
1091 0.84933
1092 0.84887
1093 0.84841
1094 0.84795
1095 0.84749
1096 0.84703
1097 0.84657
1098 0.84610
1099 0.84564
1100 0.84517
1101 0.84471
1102 0.84424
1103 0.84377
1104 0.84330
1105 0.84283
1106 0.84236
1107 0.84189
1108 0.84142
1109 0.84095
1110 0.84047
1111 0.84000
1112 0.83952
1113 0.83904
1114 0.83857
1115 0.83809
1116 0.83761
1117 0.83713
1118 0.83665
1119 0.83617
1120 0.83568
1121 0.83520
1122 0.83472
1123 0.83423
1124 0.83375
1125 0.83326
1126 0.83277
1127 0.83228
1128 0.83180
1129 0.83131
1130 0.83081
1131 0.83032
1132 0.82983
1133 0.82934
1134 0.82884
1135 0.82835
1136 0.82785
1137 0.82735
1138 0.82686
1139 0.82636
1140 0.82586
1141 0.82536
1142 0.82486
1143 0.82436
1144 0.82385
1145 0.82335
1146 0.82285
1147 0.82234
1148 0.82184
1149 0.82133
1150 0.82082
1151 0.82031
1152 0.81980
1153 0.81929
1154 0.81878
1155 0.81827
1156 0.81776
1157 0.81724
1158 0.81673
1159 0.81621
1160 0.81570
1161 0.81518
1162 0.81466
1163 0.81415
1164 0.81363
1165 0.81311
1166 0.81259
1167 0.81206
1168 0.81154
1169 0.81102
1170 0.81049
1171 0.80997
1172 0.80944
1173 0.80891
1174 0.80839
1175 0.80786
1176 0.80733
1177 0.80680
1178 0.80627
1179 0.80574
1180 0.80520
1181 0.80467
1182 0.80414
1183 0.80360
1184 0.80307
1185 0.80253
1186 0.80199
1187 0.80145
1188 0.80091
1189 0.80037
1190 0.79983
1191 0.79929
1192 0.79875
1193 0.79821
1194 0.79766
1195 0.79712
1196 0.79657
1197 0.79603
1198 0.79548
1199 0.79493
1200 0.79438
1201 0.79383
1202 0.79328
1203 0.79273
1204 0.79218
1205 0.79162
1206 0.79107
1207 0.79052
1208 0.78996
1209 0.78940
1210 0.78885
1211 0.78829
1212 0.78773
1213 0.78717
1214 0.78661
1215 0.78605
1216 1.00000
