17 0.91843
18 0.91135
19 0.90411
20 0.89673
21 0.88922
22 0.88159
23 0.87384
24 0.86598
25 0.85802
26 0.84998
27 0.84185
28 0.83364
29 0.82536
30 0.81702
31 0.80862
32 0.80016
33 0.79167
34 0.78313
35 0.77456
36 0.76596
37 0.75733
38 0.74869
39 0.74003
40 0.73136
41 0.72268
42 0.71401
43 0.70533
44 0.69666
45 0.68800
46 0.67936
47 0.67073
48 0.66213
49 0.65354
50 0.64499
51 0.63646
52 0.62797
53 0.61952
54 0.61110
55 0.60272
56 0.59439
57 0.58610
58 0.57786
59 0.56967
60 0.56153
61 0.55344
62 0.54541
63 0.53744
64 0.52953
65 0.52167
66 0.51388
67 0.50615
68 0.49849
69 0.49089
70 0.48336
71 0.47590
72 0.46851
73 0.46119
74 0.45393
75 0.44675
76 0.43964
77 0.43261
78 0.42565
79 0.41876
80 0.41195
81 0.40521
82 0.39854
83 0.39196
84 0.38545
85 0.37901
86 0.37265
87 0.36637
88 0.36017
89 0.35404
90 0.34799
91 0.34201
92 0.33611
93 0.33029
94 0.32454
95 0.31888
96 0.31328
97 0.30776
98 0.30232
99 0.29695
100 0.29166
101 0.28644
102 0.28130
103 0.27623
104 0.27123
105 0.26631
106 0.26146
107 0.25668
108 0.25197
109 0.24733
110 0.24277
111 0.23827
112 0.23384
113 0.22948
114 0.22519
115 0.22097
116 0.21681
117 0.21272
118 0.20869
119 0.20473
120 0.20084
121 0.19700
122 0.19323
123 0.18953
124 0.18588
125 0.18230
126 0.17877
127 0.17531
128 0.17190
129 0.16855
130 0.16526
131 0.16203
132 0.15885
133 0.15573
134 0.15266
135 0.14965
136 0.14669
137 0.14378
138 0.14092
139 0.13812
140 0.13536
141 0.13265
142 0.13000
143 0.12739
144 0.12483
145 0.12232
146 0.11985
147 0.11743
148 0.11505
149 0.11272
150 0.11043
151 0.10818
152 0.10598
153 0.10382
154 0.10169
155 0.09961
156 0.09757
157 0.09557
158 0.09360
159 0.09168
160 0.08979
161 0.08793
162 0.08612
163 0.08434
164 0.08259
165 0.08088
166 0.07920
167 0.07755
168 0.07594
169 0.07435
170 0.07280
171 0.07128
172 0.06979
173 0.06833
174 0.06690
175 0.06550
176 0.06413
177 0.06278
178 0.06146
179 0.06017
180 0.05890
181 0.05766
182 0.05645
183 0.05526
184 0.05409
185 0.05295
186 0.05183
187 0.05073
188 0.04966
189 0.04861
190 0.04758
191 0.04657
192 0.04558
193 0.04461
194 0.04367
195 0.04274
196 0.04183
197 0.04094
198 0.04007
199 0.03922
200 0.03838
201 0.03757
202 0.03677
203 0.03598
204 0.03522
205 0.03447
206 0.03373
207 0.03301
208 0.03231
209 0.03162
210 0.03095
211 0.03029
212 0.02964
213 0.02901
214 0.02839
215 0.02779
216 0.02719
217 0.02661
218 0.02605
219 0.02549
220 0.02495
221 0.02441
222 0.02389
223 0.02339
224 0.02289
225 0.02240
226 0.02192
227 0.02146
228 0.02100
229 0.02055
230 0.02012
231 0.01969
232 0.01927
233 0.01886
234 0.01846
235 0.01807
236 0.01768
237 0.01731
238 0.01694
239 0.01658
240 0.01623
241 0.01589
242 0.01555
243 0.01522
244 0.01490
245 0.01459
246 0.01428
247 0.01398
248 0.01368
249 0.01339
250 0.01311
251 0.01284
252 0.01257
253 0.01230
254 0.01204
255 0.01179
256 0.01154
257 0.01130
258 0.01107
259 0.01083
260 0.01061
261 0.01039
262 0.01017
263 0.00996
264 0.00975
265 0.00955
266 0.00935
267 0.00916
268 0.00897
269 0.00878
270 0.00860
271 0.00842
272 0.00825
273 0.00808
274 0.00791
275 0.00775
276 0.00759
277 0.00743
278 0.00728
279 0.00713
280 0.00699
281 0.00685
282 0.00671
283 0.00657
284 0.00644
285 0.00631
286 0.00618
287 0.00605
288 0.00593
289 0.00581
290 0.00569
291 0.00558
292 0.00547
293 0.00536
294 0.00525
295 0.00515
296 0.00504
297 0.00494
298 0.00484
299 0.00475
300 0.00465
301 0.00456
302 0.00447
303 0.00438
304 0.00430
305 0.00421
306 0.00413
307 0.00405
308 0.00397
309 0.00389
310 0.00382
311 0.00374
312 0.00367
313 0.00360
314 0.00353
315 0.00346
316 0.00339
317 0.00333
318 0.00327
319 0.00320
320 0.00314
321 0.00308
322 0.00302
323 0.00297
324 0.00291
325 0.00286
326 0.00280
327 0.00275
328 0.00270
329 0.00265
330 0.00260
331 0.00255
332 0.00250
333 0.00246
334 0.00241
335 0.00237
336 0.00232
337 0.00228
338 0.00224
339 0.00220
340 0.00216
341 0.00212
342 0.00208
343 0.00204
344 0.00201
345 0.00197
346 0.00193
347 0.00190
348 0.00187
349 0.00183
350 0.00180
351 0.00177
352 0.00174
353 0.00171
354 0.00168
355 0.00165
356 0.00162
357 0.00159
358 0.00156
359 0.00154
360 0.00151
361 0.00148
362 0.00146
363 0.00143
364 0.00141
365 0.00139
366 0.00136
367 0.00134
368 0.00132
369 0.00130
370 0.00127
371 0.00125
372 0.00123
373 0.00121
374 0.00119
375 0.00117
376 0.00115
377 0.00113
378 0.00112
379 0.00110
380 0.00108
381 0.00106
382 0.00105
383 0.00103
384 0.00101
385 0.00100
386 0.00098
387 0.00097
388 0.00095
389 0.00094
390 0.00092
391 0.00091
392 0.00089
393 0.00088
394 0.00087
395 0.00085
396 0.00084
397 0.00083
398 0.00082
399 0.00080
400 0.00079
401 0.00078
402 0.00077
403 0.00076
404 0.00075
405 0.00074
406 0.00073
407 0.00072
408 0.00070
409 0.00069
410 0.00069
411 0.00068
412 0.00067
413 0.00066
414 0.00065
415 0.00064
416 0.00063
417 0.00062
418 0.00061
419 0.00060
420 0.00060
421 0.00059
422 0.00058
423 0.00057
424 0.00057
425 0.00056
426 0.00055
427 0.00054
428 0.00054
429 0.00053
430 0.00052
431 0.00052
432 0.00051
433 0.00050
434 0.00050
435 0.00049
436 0.00049
437 0.00048
438 0.00047
439 0.00047
440 0.00046
441 0.00046
442 0.00045
443 0.00045
444 0.00044
445 0.00044
446 0.00043
447 0.00043
448 0.00042
449 0.00042
450 0.00041
451 0.00041
452 0.00040
453 0.00040
454 0.00039
455 0.00039
456 0.00039
457 0.00038
458 0.00038
459 0.00037
460 0.00037
461 0.00037
462 0.00036
463 0.00036
464 0.00035
465 0.00035
466 0.00035
467 0.00034
468 0.00034
469 0.00034
470 0.00033
471 0.00033
472 0.00033
473 0.00032
474 0.00032
475 0.00032
476 0.00032
477 0.00031
478 0.00031
479 0.00031
480 0.00030
481 0.00030
482 0.00030
483 0.00030
484 0.00029
485 0.00029
486 0.00029
487 0.00029
488 0.00028
489 0.00028
490 0.00028
491 0.00028
492 0.00028
493 0.00027
494 0.00027
495 0.00027
496 0.00027
497 0.00027
498 0.00026
499 0.00026
500 0.00026
501 0.00026
502 0.00026
503 0.00025
504 0.00025
505 0.00025
506 0.00025
507 0.00025
508 0.00025
509 0.00025
510 0.00024
511 0.00024
512 0.00024
513 0.00024
514 0.00024
515 0.00024
516 0.00024
517 0.00023
518 0.00023
519 0.00023
520 0.00023
521 0.00023
522 0.00023
523 0.00023
524 0.00023
525 0.00022
526 0.00022
527 0.00022
528 0.00022
529 0.00022
530 0.00022
531 0.00022
532 0.00022
533 0.00022
534 0.00022
535 0.00022
536 0.00021
537 0.00021
538 0.00021
539 0.00021
540 0.00021
541 0.00021
542 0.00021
543 0.00021
544 0.00021
545 0.00021
546 0.00021
547 0.00021
548 0.00021
549 0.00021
550 0.00021
551 0.00021
552 0.00021
553 0.00021
554 0.00021
555 0.00020
556 0.00020
557 0.00020
558 0.00020
559 0.00020
560 0.00020
561 0.00020
562 0.00020
563 0.00020
564 0.00020
565 0.00020
566 0.00020
567 0.00020
568 0.00020
569 0.00020
570 0.00020
571 0.00020
572 0.00020
573 0.00020
574 0.00020
575 0.00020
576 0.00020
577 0.00020
578 0.00020
579 0.00020
580 0.00020
581 0.00020
582 0.00020
583 0.00020
584 0.00020
585 0.00020
586 0.00021
587 0.00021
588 0.00021
589 0.00021
590 0.00021
591 0.00021
592 0.00021
593 0.00021
594 0.00021
595 0.00021
596 0.00021
597 0.00021
598 0.00021
599 0.00021
600 0.00021
601 0.00021
602 0.00021
603 0.00021
604 0.00022
605 0.00022
606 0.00022
607 0.00022
608 0.00022
609 0.00022
610 0.00022
611 0.00022
612 0.00022
613 0.00022
614 0.00022
615 0.00023
616 0.00023
617 0.00023
618 0.00023
619 0.00023
620 0.00023
621 0.00023
622 0.00023
623 0.00024
624 0.00024
625 0.00024
626 0.00024
627 0.00024
628 0.00024
629 0.00025
630 0.00025
631 0.00025
632 0.00025
633 0.00025
634 0.00025
635 0.00026
636 0.00026
637 0.00026
638 0.00026
639 0.00026
640 0.00027
641 0.00027
642 0.00027
643 0.00027
644 0.00027
645 0.00028
646 0.00028
647 0.00028
648 0.00028
649 0.00029
650 0.00029
651 0.00029
652 0.00030
653 0.00030
654 0.00030
655 0.00030
656 0.00031
657 0.00031
658 0.00031
659 0.00032
660 0.00032
661 0.00032
662 0.00033
663 0.00033
664 0.00033
665 0.00034
666 0.00034
667 0.00035
668 0.00035
669 0.00035
670 0.00036
671 0.00036
672 0.00037
673 0.00037
674 0.00038
675 0.00038
676 0.00039
677 0.00039
678 0.00040
679 0.00040
680 0.00041
681 0.00041
682 0.00042
683 0.00042
684 0.00043
685 0.00043
686 0.00044
687 0.00045
688 0.00045
689 0.00046
690 0.00047
691 0.00047
692 0.00048
693 0.00049
694 0.00049
695 0.00050
696 0.00051
697 0.00052
698 0.00053
699 0.00053
700 0.00054
701 0.00055
702 0.00056
703 0.00057
704 0.00058
705 0.00059
706 0.00060
707 0.00061
708 0.00062
709 0.00063
710 0.00064
711 0.00065
712 0.00066
713 0.00068
714 0.00069
715 0.00070
716 0.00071
717 0.00073
718 0.00074
719 0.00075
720 0.00077
721 0.00078
722 0.00080
723 0.00081
724 0.00083
725 0.00084
726 0.00086
727 0.00088
728 0.00089
729 0.00091
730 0.00093
731 0.00095
732 0.00097
733 0.00099
734 0.00101
735 0.00103
736 0.00105
737 0.00108
738 0.00110
739 0.00112
740 0.00115
741 0.00117
742 0.00120
743 0.00122
744 0.00125
745 0.00128
746 0.00131
747 0.00134
748 0.00137
749 0.00140
750 0.00143
751 0.00147
752 0.00150
753 0.00154
754 0.00157
755 0.00161
756 0.00165
757 0.00169
758 0.00173
759 0.00177
760 0.00182
761 0.00186
762 0.00191
763 0.00196
764 0.00201
765 0.00206
766 0.00211
767 0.00217
768 0.00222
769 0.00228
770 0.00234
771 0.00240
772 0.00247
773 0.00253
774 0.00260
775 0.00267
776 0.00275
777 0.00282
778 0.00290
779 0.00298
780 0.00306
781 0.00315
782 0.00324
783 0.00333
784 0.00343
785 0.00352
786 0.00363
787 0.00373
788 0.00384
789 0.00395
790 0.00407
791 0.00419
792 0.00431
793 0.00444
794 0.00458
795 0.00472
796 0.00486
797 0.00501
798 0.00516
799 0.00532
800 0.00549
801 0.00566
802 0.00584
803 0.00602
804 0.00622
805 0.00641
806 0.00662
807 0.00683
808 0.00706
809 0.00729
810 0.00752
811 0.00777
812 0.00803
813 0.00830
814 0.00858
815 0.00886
816 0.00916
817 0.00947
818 0.00980
819 0.01013
820 0.01048
821 0.01085
822 0.01122
823 0.01162
824 0.01202
825 0.01245
826 0.01289
827 0.01335
828 0.01383
829 0.01433
830 0.01484
831 0.01538
832 0.01595
833 0.01653
834 0.01714
835 0.01777
836 0.01844
837 0.01912
838 0.01984
839 0.02059
840 0.02137
841 0.02219
842 0.02303
843 0.02392
844 0.02484
845 0.02580
846 0.02681
847 0.02786
848 0.02895
849 0.03010
850 0.03129
851 0.03254
852 0.03384
853 0.03520
854 0.03662
855 0.03810
856 0.03965
857 0.04127
858 0.04297
859 0.04474
860 0.04660
861 0.04854
862 0.05056
863 0.05269
864 0.05491
865 0.05723
866 0.05966
867 0.06221
868 0.06488
869 0.06767
870 0.07060
871 0.07366
872 0.07687
873 0.08024
874 0.08376
875 0.08746
876 0.09134
877 0.09541
878 0.09967
879 0.10414
880 0.10884
881 0.11376
882 0.11893
883 0.12435
884 0.13005
885 0.13603
886 0.14231
887 0.14891
888 0.15584
889 0.16312
890 0.17078
891 0.17882
892 0.18728
893 0.19617
894 0.20552
895 0.21536
896 0.22571
897 0.23659
898 0.24805
899 0.26011
900 0.27280
901 0.28617
902 0.30024
903 0.31506
904 0.33068
905 0.34713
906 0.36447
907 0.38274
908 0.40201
909 0.42231
910 0.44373
911 0.46632
912 0.48500
913 0.48986
914 0.49545
915 0.50098
916 0.50463
917 0.50640
918 0.50872
919 0.51175
920 0.51572
921 0.52094
922 0.51961
923 0.51828
924 0.52527
925 0.52395
926 0.52263
927 0.53216
928 0.53085
929 0.52955
930 0.52824
931 0.54166
932 0.54037
933 0.53909
934 0.53780
935 0.53651
936 0.53522
937 0.53393
938 0.55374
939 0.55248
940 0.55122
941 0.54996
942 0.54870
943 0.54744
944 0.54618
945 0.54492
946 0.54365
947 0.54239
948 0.54113
949 0.53986
950 0.57124
951 0.57003
952 0.56881
953 0.56760
954 0.56638
955 0.56517
956 0.56395
957 0.56273
958 0.56151
959 0.56029
960 0.55907
961 0.55785
962 0.55663
963 0.55540
964 0.55418
965 0.55296
966 0.55173
967 0.55051
968 0.54928
969 0.54806
970 0.54683
971 0.54560
972 0.54438
973 0.60025
974 0.59911
975 0.59798
976 0.59684
977 0.59570
978 0.59456
979 0.59342
980 0.59228
981 0.59114
982 0.59000
983 0.58885
984 0.58771
985 0.58657
986 0.58542
987 0.58427
988 0.58313
989 0.58198
990 0.58083
991 0.57968
992 0.57853
993 0.57738
994 0.57623
995 0.57507
996 0.57392
997 0.57277
998 0.57161
999 0.57046
1000 0.56930
1001 0.56815
1002 0.56699
1003 0.56583
1004 0.56467
1005 0.56351
1006 0.56235
1007 0.56119
1008 0.56003
1009 0.55887
1010 0.55771
1011 0.55655
1012 0.55538
1013 0.55422
1014 0.55305
1015 0.55189
1016 0.55072
1017 0.54956
1018 0.54839
1019 0.54722
1020 0.54606
1021 0.54489
1022 0.54372
1023 0.54255
1024 0.54138
1025 0.54021
1026 0.66456
1027 0.66360
1028 0.66264
1029 0.66169
1030 0.66073
1031 0.65977
1032 0.65881
1033 0.65785
1034 0.65689
1035 0.65593
1036 0.65496
1037 0.65400
1038 0.65303
1039 0.65206
1040 0.65110
1041 0.65013
1042 0.64916
1043 0.64819
1044 0.64721
1045 0.64624
1046 0.64527
1047 0.64429
1048 0.64332
1049 0.64234
1050 0.64136
1051 0.64038
1052 0.63940
1053 0.63842
1054 0.63744
1055 0.63646
1056 0.63548
1057 0.63449
1058 0.63351
1059 0.63252
1060 0.63154
1061 0.63055
1062 0.62956
1063 0.62857
1064 0.62758
1065 0.62659
1066 0.62560
1067 0.62461
1068 0.62361
1069 0.62262
1070 0.62162
1071 0.62063
1072 0.61963
1073 0.61863
1074 0.61763
1075 0.61663
1076 0.61563
1077 0.61463
1078 0.61363
1079 0.61263
1080 0.61162
1081 0.61062
1082 0.60962
1083 0.60861
1084 0.60760
1085 0.60660
1086 0.60559
1087 0.60458
1088 0.60357
1089 0.60256
1090 0.60155
1091 0.60054
1092 0.59953
1093 0.59851
1094 0.59750
1095 0.59648
1096 0.59547
1097 0.59445
1098 0.59344
1099 0.59242
1100 0.59140
1101 0.59038
1102 0.58937
1103 0.58835
1104 0.58733
1105 0.58630
1106 0.58528
1107 0.58426
1108 0.58324
1109 0.58221
1110 0.58119
1111 0.58017
1112 0.57914
1113 0.57811
1114 0.57709
1115 0.57606
1116 0.57503
1117 0.57401
1118 0.57298
1119 0.57195
1120 0.57092
1121 0.56989
1122 0.56886
1123 0.56783
1124 0.56679
1125 0.56576
1126 0.56473
1127 0.56369
1128 0.56266
1129 0.56163
1130 0.56059
1131 0.55956
1132 0.55852
1133 0.55748
1134 0.55645
1135 0.55541
1136 0.55437
1137 0.55333
1138 0.55230
1139 0.55126
1140 0.55022
1141 0.54918
1142 0.54814
1143 0.54710
1144 0.54606
1145 0.54502
1146 0.54397
1147 0.54293
1148 0.54189
1149 0.54085
1150 0.53980
1151 0.53876
1152 0.53772
1153 0.53667
1154 0.53563
1155 0.53458
1156 0.53354
1157 0.53249
1158 0.53145
1159 0.53040
1160 0.52935
1161 0.52831
1162 0.52726
1163 0.52621
1164 0.52516
1165 0.52412
1166 0.52307
1167 0.52202
1168 0.52097
1169 0.51992
1170 0.51887
1171 0.51783
1172 0.51678
1173 0.51573
1174 0.51468
1175 0.51363
1176 0.51258
1177 0.51153
1178 0.51048
1179 0.50943
1180 0.50838
1181 0.50732
1182 0.50627
1183 0.50522
1184 0.50417
1185 0.50312
1186 0.50207
1187 0.50102
1188 0.49996
1189 0.49891
1190 0.49786
1191 0.49681
1192 0.49576
1193 0.49470
1194 0.49365
1195 0.49260
1196 0.49155
1197 0.49049
1198 0.48944
1199 0.48839
1200 0.48734
1201 0.48628
1202 0.48523
1203 0.48418
1204 0.48313
1205 0.48207
1206 0.48102
1207 0.47997
1208 0.47892
1209 0.47786
1210 0.47681
1211 0.47576
1212 0.47471
1213 0.47365
1214 0.47260
1215 0.47155
1216 1.00000
