17 0.91506
18 0.90789
19 0.90058
20 0.89315
21 0.88561
22 0.87796
23 0.87021
24 0.86238
25 0.85446
26 0.84648
27 0.83842
28 0.83031
29 0.82215
30 0.81394
31 0.80568
32 0.79740
33 0.78908
34 0.78074
35 0.77238
36 0.76400
37 0.75562
38 0.74722
39 0.73883
40 0.73044
41 0.72205
42 0.71367
43 0.70531
44 0.69696
45 0.68864
46 0.68033
47 0.67205
48 0.66380
49 0.65558
50 0.64740
51 0.63925
52 0.63114
53 0.62307
54 0.61504
55 0.60706
56 0.59913
57 0.59124
58 0.58341
59 0.57562
60 0.56790
61 0.56022
62 0.55260
63 0.54504
64 0.53754
65 0.53010
66 0.52272
67 0.51540
68 0.50815
69 0.50096
70 0.49383
71 0.48677
72 0.47978
73 0.47285
74 0.46599
75 0.45920
76 0.45247
77 0.44582
78 0.43923
79 0.43272
80 0.42627
81 0.41989
82 0.41358
83 0.40735
84 0.40118
85 0.39508
86 0.38906
87 0.38310
88 0.37721
89 0.37140
90 0.36565
91 0.35997
92 0.35437
93 0.34883
94 0.34336
95 0.33796
96 0.33263
97 0.32737
98 0.32218
99 0.31705
100 0.31200
101 0.30701
102 0.30208
103 0.29722
104 0.29243
105 0.28770
106 0.28304
107 0.27845
108 0.27391
109 0.26944
110 0.26504
111 0.26069
112 0.25641
113 0.25219
114 0.24803
115 0.24393
116 0.23989
117 0.23591
118 0.23199
119 0.22812
120 0.22432
121 0.22057
122 0.21688
123 0.21324
124 0.20966
125 0.20613
126 0.20266
127 0.19924
128 0.19587
129 0.19255
130 0.18929
131 0.18608
132 0.18292
133 0.17980
134 0.17674
135 0.17373
136 0.17076
137 0.16784
138 0.16497
139 0.16214
140 0.15936
141 0.15662
142 0.15393
143 0.15128
144 0.14868
145 0.14612
146 0.14360
147 0.14112
148 0.13868
149 0.13628
150 0.13392
151 0.13160
152 0.12932
153 0.12708
154 0.12488
155 0.12271
156 0.12058
157 0.11848
158 0.11642
159 0.11440
160 0.11241
161 0.11045
162 0.10853
163 0.10664
164 0.10478
165 0.10295
166 0.10116
167 0.09939
168 0.09766
169 0.09596
170 0.09428
171 0.09264
172 0.09102
173 0.08943
174 0.08787
175 0.08634
176 0.08483
177 0.08335
178 0.08189
179 0.08046
180 0.07906
181 0.07768
182 0.07632
183 0.07499
184 0.07368
185 0.07240
186 0.07113
187 0.06989
188 0.06868
189 0.06748
190 0.06630
191 0.06515
192 0.06401
193 0.06290
194 0.06181
195 0.06073
196 0.05968
197 0.05864
198 0.05762
199 0.05662
200 0.05564
201 0.05467
202 0.05373
203 0.05280
204 0.05188
205 0.05099
206 0.05011
207 0.04924
208 0.04839
209 0.04756
210 0.04674
211 0.04593
212 0.04514
213 0.04437
214 0.04360
215 0.04286
216 0.04212
217 0.04140
218 0.04069
219 0.03999
220 0.03931
221 0.03864
222 0.03798
223 0.03733
224 0.03670
225 0.03608
226 0.03546
227 0.03486
228 0.03427
229 0.03369
230 0.03312
231 0.03256
232 0.03201
233 0.03147
234 0.03095
235 0.03043
236 0.02991
237 0.02941
238 0.02892
239 0.02844
240 0.02796
241 0.02750
242 0.02704
243 0.02659
244 0.02615
245 0.02572
246 0.02529
247 0.02487
248 0.02446
249 0.02406
250 0.02366
251 0.02328
252 0.02289
253 0.02252
254 0.02215
255 0.02179
256 0.02144
257 0.02109
258 0.02075
259 0.02041
260 0.02008
261 0.01975
262 0.01944
263 0.01912
264 0.01882
265 0.01852
266 0.01822
267 0.01793
268 0.01764
269 0.01736
270 0.01709
271 0.01682
272 0.01655
273 0.01629
274 0.01603
275 0.01578
276 0.01553
277 0.01529
278 0.01505
279 0.01482
280 0.01459
281 0.01436
282 0.01414
283 0.01392
284 0.01371
285 0.01350
286 0.01329
287 0.01309
288 0.01289
289 0.01269
290 0.01250
291 0.01231
292 0.01212
293 0.01194
294 0.01176
295 0.01158
296 0.01141
297 0.01124
298 0.01107
299 0.01091
300 0.01075
301 0.01059
302 0.01043
303 0.01028
304 0.01013
305 0.00998
306 0.00983
307 0.00969
308 0.00955
309 0.00941
310 0.00928
311 0.00914
312 0.00901
313 0.00888
314 0.00876
315 0.00863
316 0.00851
317 0.00839
318 0.00827
319 0.00816
320 0.00804
321 0.00793
322 0.00782
323 0.00771
324 0.00761
325 0.00750
326 0.00740
327 0.00730
328 0.00720
329 0.00710
330 0.00700
331 0.00691
332 0.00682
333 0.00673
334 0.00664
335 0.00655
336 0.00646
337 0.00638
338 0.00629
339 0.00621
340 0.00613
341 0.00605
342 0.00597
343 0.00589
344 0.00582
345 0.00574
346 0.00567
347 0.00560
348 0.00553
349 0.00546
350 0.00539
351 0.00532
352 0.00525
353 0.00519
354 0.00512
355 0.00506
356 0.00500
357 0.00494
358 0.00488
359 0.00482
360 0.00476
361 0.00470
362 0.00465
363 0.00459
364 0.00454
365 0.00448
366 0.00443
367 0.00438
368 0.00433
369 0.00428
370 0.00423
371 0.00418
372 0.00413
373 0.00409
374 0.00404
375 0.00399
376 0.00395
377 0.00390
378 0.00386
379 0.00382
380 0.00378
381 0.00374
382 0.00369
383 0.00365
384 0.00362
385 0.00358
386 0.00354
387 0.00350
388 0.00346
389 0.00343
390 0.00339
391 0.00336
392 0.00332
393 0.00329
394 0.00325
395 0.00322
396 0.00319
397 0.00316
398 0.00313
399 0.00309
400 0.00306
401 0.00303
402 0.00300
403 0.00298
404 0.00295
405 0.00292
406 0.00289
407 0.00286
408 0.00284
409 0.00281
410 0.00278
411 0.00276
412 0.00273
413 0.00271
414 0.00268
415 0.00266
416 0.00264
417 0.00261
418 0.00259
419 0.00257
420 0.00255
421 0.00252
422 0.00250
423 0.00248
424 0.00246
425 0.00244
426 0.00242
427 0.00240
428 0.00238
429 0.00236
430 0.00234
431 0.00232
432 0.00230
433 0.00228
434 0.00227
435 0.00225
436 0.00223
437 0.00221
438 0.00220
439 0.00218
440 0.00217
441 0.00215
442 0.00213
443 0.00212
444 0.00210
445 0.00209
446 0.00207
447 0.00206
448 0.00204
449 0.00203
450 0.00202
451 0.00200
452 0.00199
453 0.00198
454 0.00196
455 0.00195
456 0.00194
457 0.00192
458 0.00191
459 0.00190
460 0.00189
461 0.00188
462 0.00187
463 0.00185
464 0.00184
465 0.00183
466 0.00182
467 0.00181
468 0.00180
469 0.00179
470 0.00178
471 0.00177
472 0.00176
473 0.00175
474 0.00174
475 0.00173
476 0.00172
477 0.00172
478 0.00171
479 0.00170
480 0.00169
481 0.00168
482 0.00167
483 0.00167
484 0.00166
485 0.00165
486 0.00164
487 0.00164
488 0.00163
489 0.00162
490 0.00162
491 0.00161
492 0.00160
493 0.00160
494 0.00159
495 0.00158
496 0.00158
497 0.00157
498 0.00157
499 0.00156
500 0.00156
501 0.00155
502 0.00154
503 0.00154
504 0.00153
505 0.00153
506 0.00153
507 0.00152
508 0.00152
509 0.00151
510 0.00151
511 0.00150
512 0.00150
513 0.00150
514 0.00149
515 0.00149
516 0.00149
517 0.00148
518 0.00148
519 0.00148
520 0.00147
521 0.00147
522 0.00147
523 0.00146
524 0.00146
525 0.00146
526 0.00146
527 0.00146
528 0.00145
529 0.00145
530 0.00145
531 0.00145
532 0.00145
533 0.00144
534 0.00144
535 0.00144
536 0.00144
537 0.00144
538 0.00144
539 0.00144
540 0.00144
541 0.00144
542 0.00144
543 0.00144
544 0.00143
545 0.00143
546 0.00143
547 0.00143
548 0.00143
549 0.00144
550 0.00144
551 0.00144
552 0.00144
553 0.00144
554 0.00144
555 0.00144
556 0.00144
557 0.00144
558 0.00144
559 0.00144
560 0.00144
561 0.00144
562 0.00144
563 0.00145
564 0.00145
565 0.00145
566 0.00145
567 0.00145
568 0.00146
569 0.00146
570 0.00146
571 0.00146
572 0.00147
573 0.00147
574 0.00147
575 0.00147
576 0.00148
577 0.00148
578 0.00148
579 0.00149
580 0.00149
581 0.00149
582 0.00150
583 0.00150
584 0.00151
585 0.00151
586 0.00151
587 0.00152
588 0.00152
589 0.00153
590 0.00153
591 0.00154
592 0.00154
593 0.00155
594 0.00155
595 0.00156
596 0.00156
597 0.00157
598 0.00158
599 0.00158
600 0.00159
601 0.00160
602 0.00160
603 0.00161
604 0.00162
605 0.00162
606 0.00163
607 0.00164
608 0.00165
609 0.00165
610 0.00166
611 0.00167
612 0.00168
613 0.00169
614 0.00169
615 0.00170
616 0.00171
617 0.00172
618 0.00173
619 0.00174
620 0.00175
621 0.00176
622 0.00177
623 0.00178
624 0.00179
625 0.00180
626 0.00181
627 0.00182
628 0.00184
629 0.00185
630 0.00186
631 0.00187
632 0.00188
633 0.00190
634 0.00191
635 0.00192
636 0.00194
637 0.00195
638 0.00196
639 0.00198
640 0.00199
641 0.00201
642 0.00202
643 0.00204
644 0.00205
645 0.00207
646 0.00209
647 0.00210
648 0.00212
649 0.00214
650 0.00215
651 0.00217
652 0.00219
653 0.00221
654 0.00223
655 0.00225
656 0.00227
657 0.00229
658 0.00231
659 0.00233
660 0.00235
661 0.00237
662 0.00239
663 0.00241
664 0.00244
665 0.00246
666 0.00248
667 0.00251
668 0.00253
669 0.00256
670 0.00258
671 0.00261
672 0.00263
673 0.00266
674 0.00269
675 0.00271
676 0.00274
677 0.00277
678 0.00280
679 0.00283
680 0.00286
681 0.00289
682 0.00292
683 0.00296
684 0.00299
685 0.00302
686 0.00306
687 0.00309
688 0.00313
689 0.00316
690 0.00320
691 0.00324
692 0.00328
693 0.00332
694 0.00336
695 0.00340
696 0.00344
697 0.00348
698 0.00352
699 0.00357
700 0.00361
701 0.00366
702 0.00371
703 0.00375
704 0.00380
705 0.00385
706 0.00390
707 0.00395
708 0.00401
709 0.00406
710 0.00411
711 0.00417
712 0.00423
713 0.00428
714 0.00434
715 0.00440
716 0.00447
717 0.00453
718 0.00459
719 0.00466
720 0.00473
721 0.00480
722 0.00487
723 0.00494
724 0.00501
725 0.00508
726 0.00516
727 0.00524
728 0.00532
729 0.00540
730 0.00548
731 0.00557
732 0.00565
733 0.00574
734 0.00583
735 0.00592
736 0.00602
737 0.00611
738 0.00621
739 0.00631
740 0.00641
741 0.00652
742 0.00663
743 0.00674
744 0.00685
745 0.00696
746 0.00708
747 0.00720
748 0.00732
749 0.00745
750 0.00758
751 0.00771
752 0.00784
753 0.00798
754 0.00812
755 0.00826
756 0.00841
757 0.00856
758 0.00871
759 0.00887
760 0.00903
761 0.00920
762 0.00937
763 0.00954
764 0.00972
765 0.00990
766 0.01008
767 0.01027
768 0.01047
769 0.01067
770 0.01087
771 0.01108
772 0.01129
773 0.01151
774 0.01174
775 0.01197
776 0.01220
777 0.01245
778 0.01269
779 0.01295
780 0.01321
781 0.01347
782 0.01375
783 0.01403
784 0.01432
785 0.01461
786 0.01491
787 0.01522
788 0.01554
789 0.01587
790 0.01620
791 0.01654
792 0.01690
793 0.01726
794 0.01763
795 0.01801
796 0.01840
797 0.01880
798 0.01921
799 0.01963
800 0.02007
801 0.02051
802 0.02097
803 0.02144
804 0.02192
805 0.02241
806 0.02292
807 0.02344
808 0.02398
809 0.02453
810 0.02509
811 0.02568
812 0.02627
813 0.02689
814 0.02752
815 0.02817
816 0.02883
817 0.02952
818 0.03022
819 0.03095
820 0.03169
821 0.03246
822 0.03325
823 0.03406
824 0.03489
825 0.03575
826 0.03663
827 0.03754
828 0.03847
829 0.03943
830 0.04042
831 0.04144
832 0.04249
833 0.04357
834 0.04468
835 0.04582
836 0.04700
837 0.04821
838 0.04946
839 0.05075
840 0.05207
841 0.05344
842 0.05484
843 0.05629
844 0.05778
845 0.05932
846 0.06091
847 0.06254
848 0.06423
849 0.06596
850 0.06775
851 0.06960
852 0.07150
853 0.07347
854 0.07549
855 0.07758
856 0.07973
857 0.08195
858 0.08425
859 0.08661
860 0.08905
861 0.09157
862 0.09417
863 0.09686
864 0.09963
865 0.10249
866 0.10544
867 0.10849
868 0.11164
869 0.11489
870 0.11825
871 0.12172
872 0.12530
873 0.12901
874 0.13283
875 0.13679
876 0.14087
877 0.14510
878 0.14946
879 0.15397
880 0.15864
881 0.16346
882 0.16845
883 0.17361
884 0.17894
885 0.18446
886 0.19016
887 0.19607
888 0.20217
889 0.20849
890 0.21503
891 0.22180
892 0.22880
893 0.23605
894 0.24356
895 0.25133
896 0.25938
897 0.26771
898 0.27633
899 0.28527
900 0.29453
901 0.30411
902 0.31405
903 0.32434
904 0.33500
905 0.34605
906 0.35750
907 0.36937
908 0.38168
909 0.39443
910 0.40766
911 0.42137
912 0.43242
913 0.43745
914 0.44324
915 0.44897
916 0.45277
917 0.45461
918 0.45702
919 0.46018
920 0.46432
921 0.46977
922 0.46838
923 0.46699
924 0.47429
925 0.47291
926 0.47153
927 0.48151
928 0.48014
929 0.47877
930 0.47740
931 0.49148
932 0.49013
933 0.48878
934 0.48742
935 0.48607
936 0.48472
937 0.48337
938 0.50420
939 0.50287
940 0.50155
941 0.50022
942 0.49889
943 0.49756
944 0.49623
945 0.49491
946 0.49358
947 0.49225
948 0.49092
949 0.48959
950 0.52272
951 0.52143
952 0.52014
953 0.51885
954 0.51756
955 0.51628
956 0.51499
957 0.51370
958 0.51241
959 0.51112
960 0.50983
961 0.50854
962 0.50725
963 0.50596
964 0.50467
965 0.50338
966 0.50209
967 0.50079
968 0.49950
969 0.49821
970 0.49692
971 0.49563
972 0.49434
973 0.55359
974 0.55237
975 0.55116
976 0.54995
977 0.54873
978 0.54752
979 0.54630
980 0.54508
981 0.54387
982 0.54265
983 0.54143
984 0.54021
985 0.53899
986 0.53777
987 0.53655
988 0.53533
989 0.53411
990 0.53289
991 0.53167
992 0.53045
993 0.52922
994 0.52800
995 0.52678
996 0.52555
997 0.52433
998 0.52311
999 0.52188
1000 0.52066
1001 0.51943
1002 0.51820
1003 0.51698
1004 0.51575
1005 0.51453
1006 0.51330
1007 0.51207
1008 0.51084
1009 0.50962
1010 0.50839
1011 0.50716
1012 0.50593
1013 0.50470
1014 0.50348
1015 0.50225
1016 0.50102
1017 0.49979
1018 0.49856
1019 0.49733
1020 0.49610
1021 0.49487
1022 0.49364
1023 0.49241
1024 0.49118
1025 0.48995
1026 0.62287
1027 0.62183
1028 0.62079
1029 0.61975
1030 0.61871
1031 0.61767
1032 0.61663
1033 0.61559
1034 0.61455
1035 0.61350
1036 0.61246
1037 0.61142
1038 0.61037
1039 0.60932
1040 0.60827
1041 0.60723
1042 0.60618
1043 0.60513
1044 0.60408
1045 0.60302
1046 0.60197
1047 0.60092
1048 0.59986
1049 0.59881
1050 0.59775
1051 0.59670
1052 0.59564
1053 0.59458
1054 0.59352
1055 0.59246
1056 0.59140
1057 0.59034
1058 0.58928
1059 0.58822
1060 0.58716
1061 0.58609
1062 0.58503
1063 0.58396
1064 0.58290
1065 0.58183
1066 0.58076
1067 0.57970
1068 0.57863
1069 0.57756
1070 0.57649
1071 0.57542
1072 0.57435
1073 0.57328
1074 0.57220
1075 0.57113
1076 0.57006
1077 0.56899
1078 0.56791
1079 0.56684
1080 0.56576
1081 0.56469
1082 0.56361
1083 0.56253
1084 0.56145
1085 0.56038
1086 0.55930
1087 0.55822
1088 0.55714
1089 0.55606
1090 0.55498
1091 0.55390
1092 0.55282
1093 0.55173
1094 0.55065
1095 0.54957
1096 0.54848
1097 0.54740
1098 0.54632
1099 0.54523
1100 0.54415
1101 0.54306
1102 0.54198
1103 0.54089
1104 0.53980
1105 0.53872
1106 0.53763
1107 0.53654
1108 0.53545
1109 0.53436
1110 0.53328
1111 0.53219
1112 0.53110
1113 0.53001
1114 0.52892
1115 0.52783
1116 0.52674
1117 0.52564
1118 0.52455
1119 0.52346
1120 0.52237
1121 0.52128
1122 0.52019
1123 0.51909
1124 0.51800
1125 0.51691
1126 0.51581
1127 0.51472
1128 0.51363
1129 0.51253
1130 0.51144
1131 0.51035
1132 0.50925
1133 0.50816
1134 0.50706
1135 0.50597
1136 0.50487
1137 0.50378
1138 0.50268
1139 0.50159
1140 0.50049
1141 0.49939
1142 0.49830
1143 0.49720
1144 0.49611
1145 0.49501
1146 0.49391
1147 0.49282
1148 0.49172
1149 0.49063
1150 0.48953
1151 0.48843
1152 0.48734
1153 0.48624
1154 0.48514
1155 0.48405
1156 0.48295
1157 0.48185
1158 0.48076
1159 0.47966
1160 0.47857
1161 0.47747
1162 0.47637
1163 0.47528
1164 0.47418
1165 0.47308
1166 0.47199
1167 0.47089
1168 0.46980
1169 0.46870
1170 0.46761
1171 0.46651
1172 0.46542
1173 0.46432
1174 0.46323
1175 0.46213
1176 0.46104
1177 0.45994
1178 0.45885
1179 0.45775
1180 0.45666
1181 0.45556
1182 0.45447
1183 0.45338
1184 0.45228
1185 0.45119
1186 0.45010
1187 0.44901
1188 0.44791
1189 0.44682
1190 0.44573
1191 0.44464
1192 0.44355
1193 0.44246
1194 0.44137
1195 0.44027
1196 0.43918
1197 0.43809
1198 0.43701
1199 0.43592
1200 0.43483
1201 0.43374
1202 0.43265
1203 0.43156
1204 0.43048
1205 0.42939
1206 0.42830
1207 0.42722
1208 0.42613
1209 0.42504
1210 0.42396
1211 0.42287
1212 0.42179
1213 0.42071
1214 0.41962
1215 0.41854
1216 1.00000
