17 0.96317
18 0.95987
19 0.95648
20 0.95300
21 0.94944
22 0.94580
23 0.94209
24 0.93830
25 0.93445
26 0.93053
27 0.92654
28 0.92249
29 0.91839
30 0.91422
31 0.91000
32 0.90573
33 0.90141
34 0.89704
35 0.89263
36 0.88817
37 0.88366
38 0.87912
39 0.87454
40 0.86992
41 0.86526
42 0.86057
43 0.85585
44 0.85110
45 0.84632
46 0.84151
47 0.83668
48 0.83182
49 0.82694
50 0.82203
51 0.81711
52 0.81217
53 0.80721
54 0.80223
55 0.79724
56 0.79224
57 0.78722
58 0.78219
59 0.77715
60 0.77210
61 0.76704
62 0.76198
63 0.75691
64 0.75183
65 0.74675
66 0.74167
67 0.73658
68 0.73150
69 0.72641
70 0.72133
71 0.71624
72 0.71116
73 0.70608
74 0.70101
75 0.69594
76 0.69088
77 0.68582
78 0.68077
79 0.67573
80 0.67069
81 0.66567
82 0.66066
83 0.65565
84 0.65066
85 0.64568
86 0.64071
87 0.63575
88 0.63081
89 0.62588
90 0.62097
91 0.61607
92 0.61119
93 0.60632
94 0.60148
95 0.59664
96 0.59183
97 0.58703
98 0.58225
99 0.57749
100 0.57276
101 0.56803
102 0.56333
103 0.55866
104 0.55400
105 0.54936
106 0.54474
107 0.54015
108 0.53557
109 0.53102
110 0.52650
111 0.52199
112 0.51751
113 0.51305
114 0.50862
115 0.50421
116 0.49982
117 0.49546
118 0.49112
119 0.48681
120 0.48252
121 0.47826
122 0.47402
123 0.46981
124 0.46562
125 0.46146
126 0.45732
127 0.45321
128 0.44913
129 0.44507
130 0.44104
131 0.43703
132 0.43305
133 0.42910
134 0.42518
135 0.42128
136 0.41740
137 0.41356
138 0.40974
139 0.40595
140 0.40218
141 0.39844
142 0.39473
143 0.39104
144 0.38738
145 0.38375
146 0.38015
147 0.37657
148 0.37302
149 0.36950
150 0.36600
151 0.36253
152 0.35908
153 0.35567
154 0.35228
155 0.34891
156 0.34557
157 0.34226
158 0.33898
159 0.33572
160 0.33249
161 0.32928
162 0.32611
163 0.32295
164 0.31983
165 0.31672
166 0.31365
167 0.31060
168 0.30758
169 0.30458
170 0.30160
171 0.29866
172 0.29573
173 0.29284
174 0.28997
175 0.28712
176 0.28430
177 0.28150
178 0.27873
179 0.27598
180 0.27325
181 0.27056
182 0.26788
183 0.26523
184 0.26260
185 0.26000
186 0.25742
187 0.25486
188 0.25233
189 0.24982
190 0.24733
191 0.24487
192 0.24243
193 0.24001
194 0.23761
195 0.23524
196 0.23289
197 0.23056
198 0.22825
199 0.22597
200 0.22370
201 0.22146
202 0.21924
203 0.21704
204 0.21487
205 0.21271
206 0.21057
207 0.20846
208 0.20636
209 0.20429
210 0.20224
211 0.20020
212 0.19819
213 0.19619
214 0.19422
215 0.19226
216 0.19033
217 0.18841
218 0.18651
219 0.18464
220 0.18278
221 0.18094
222 0.17911
223 0.17731
224 0.17552
225 0.17376
226 0.17201
227 0.17027
228 0.16856
229 0.16686
230 0.16518
231 0.16352
232 0.16187
233 0.16024
234 0.15863
235 0.15704
236 0.15546
237 0.15389
238 0.15235
239 0.15082
240 0.14930
241 0.14780
242 0.14632
243 0.14485
244 0.14340
245 0.14196
246 0.14054
247 0.13913
248 0.13774
249 0.13636
250 0.13500
251 0.13365
252 0.13232
253 0.13099
254 0.12969
255 0.12839
256 0.12712
257 0.12585
258 0.12460
259 0.12336
260 0.12213
261 0.12092
262 0.11972
263 0.11853
264 0.11736
265 0.11620
266 0.11505
267 0.11391
268 0.11279
269 0.11168
270 0.11058
271 0.10949
272 0.10841
273 0.10735
274 0.10629
275 0.10525
276 0.10422
277 0.10320
278 0.10219
279 0.10119
280 0.10021
281 0.09923
282 0.09827
283 0.09731
284 0.09637
285 0.09543
286 0.09451
287 0.09359
288 0.09269
289 0.09180
290 0.09091
291 0.09004
292 0.08917
293 0.08832
294 0.08747
295 0.08663
296 0.08581
297 0.08499
298 0.08418
299 0.08338
300 0.08259
301 0.08180
302 0.08103
303 0.08026
304 0.07950
305 0.07876
306 0.07801
307 0.07728
308 0.07656
309 0.07584
310 0.07513
311 0.07443
312 0.07374
313 0.07305
314 0.07238
315 0.07171
316 0.07104
317 0.07039
318 0.06974
319 0.06910
320 0.06846
321 0.06784
322 0.06722
323 0.06660
324 0.06600
325 0.06540
326 0.06481
327 0.06422
328 0.06364
329 0.06307
330 0.06250
331 0.06194
332 0.06139
333 0.06084
334 0.06030
335 0.05976
336 0.05923
337 0.05871
338 0.05819
339 0.05768
340 0.05717
341 0.05667
342 0.05617
343 0.05569
344 0.05520
345 0.05472
346 0.05425
347 0.05378
348 0.05332
349 0.05286
350 0.05241
351 0.05196
352 0.05152
353 0.05108
354 0.05065
355 0.05022
356 0.04980
357 0.04938
358 0.04896
359 0.04856
360 0.04815
361 0.04775
362 0.04736
363 0.04696
364 0.04658
365 0.04620
366 0.04582
367 0.04544
368 0.04508
369 0.04471
370 0.04435
371 0.04399
372 0.04364
373 0.04329
374 0.04294
375 0.04260
376 0.04227
377 0.04193
378 0.04160
379 0.04128
380 0.04095
381 0.04064
382 0.04032
383 0.04001
384 0.03970
385 0.03940
386 0.03909
387 0.03880
388 0.03850
389 0.03821
390 0.03792
391 0.03764
392 0.03736
393 0.03708
394 0.03680
395 0.03653
396 0.03626
397 0.03600
398 0.03574
399 0.03548
400 0.03522
401 0.03497
402 0.03472
403 0.03447
404 0.03422
405 0.03398
406 0.03374
407 0.03350
408 0.03327
409 0.03304
410 0.03281
411 0.03258
412 0.03236
413 0.03214
414 0.03192
415 0.03170
416 0.03149
417 0.03128
418 0.03107
419 0.03086
420 0.03066
421 0.03046
422 0.03026
423 0.03006
424 0.02987
425 0.02968
426 0.02949
427 0.02930
428 0.02911
429 0.02893
430 0.02875
431 0.02857
432 0.02839
433 0.02822
434 0.02805
435 0.02788
436 0.02771
437 0.02754
438 0.02738
439 0.02721
440 0.02705
441 0.02689
442 0.02674
443 0.02658
444 0.02643
445 0.02628
446 0.02613
447 0.02598
448 0.02583
449 0.02569
450 0.02555
451 0.02541
452 0.02527
453 0.02513
454 0.02500
455 0.02486
456 0.02473
457 0.02460
458 0.02447
459 0.02434
460 0.02422
461 0.02409
462 0.02397
463 0.02385
464 0.02373
465 0.02361
466 0.02350
467 0.02338
468 0.02327
469 0.02316
470 0.02305
471 0.02294
472 0.02283
473 0.02272
474 0.02262
475 0.02252
476 0.02241
477 0.02231
478 0.02221
479 0.02212
480 0.02202
481 0.02193
482 0.02183
483 0.02174
484 0.02165
485 0.02156
486 0.02147
487 0.02138
488 0.02130
489 0.02121
490 0.02113
491 0.02105
492 0.02096
493 0.02088
494 0.02081
495 0.02073
496 0.02065
497 0.02058
498 0.02050
499 0.02043
500 0.02036
501 0.02029
502 0.02022
503 0.02015
504 0.02008
505 0.02002
506 0.01995
507 0.01989
508 0.01983
509 0.01977
510 0.01971
511 0.01965
512 0.01959
513 0.01953
514 0.01948
515 0.01942
516 0.01937
517 0.01931
518 0.01926
519 0.01921
520 0.01916
521 0.01911
522 0.01906
523 0.01902
524 0.01897
525 0.01893
526 0.01888
527 0.01884
528 0.01880
529 0.01876
530 0.01872
531 0.01868
532 0.01864
533 0.01861
534 0.01857
535 0.01853
536 0.01850
537 0.01847
538 0.01844
539 0.01840
540 0.01837
541 0.01835
542 0.01832
543 0.01829
544 0.01826
545 0.01824
546 0.01821
547 0.01819
548 0.01817
549 0.01815
550 0.01813
551 0.01811
552 0.01809
553 0.01807
554 0.01805
555 0.01804
556 0.01802
557 0.01801
558 0.01800
559 0.01798
560 0.01797
561 0.01796
562 0.01795
563 0.01795
564 0.01794
565 0.01793
566 0.01793
567 0.01792
568 0.01792
569 0.01792
570 0.01791
571 0.01791
572 0.01791
573 0.01792
574 0.01792
575 0.01792
576 0.01792
577 0.01793
578 0.01793
579 0.01794
580 0.01795
581 0.01796
582 0.01797
583 0.01798
584 0.01799
585 0.01800
586 0.01801
587 0.01803
588 0.01804
589 0.01806
590 0.01808
591 0.01809
592 0.01811
593 0.01813
594 0.01815
595 0.01818
596 0.01820
597 0.01822
598 0.01825
599 0.01828
600 0.01830
601 0.01833
602 0.01836
603 0.01839
604 0.01842
605 0.01845
606 0.01849
607 0.01852
608 0.01856
609 0.01860
610 0.01864
611 0.01867
612 0.01871
613 0.01876
614 0.01880
615 0.01884
616 0.01889
617 0.01893
618 0.01898
619 0.01903
620 0.01908
621 0.01913
622 0.01918
623 0.01924
624 0.01929
625 0.01935
626 0.01941
627 0.01946
628 0.01952
629 0.01959
630 0.01965
631 0.01971
632 0.01978
633 0.01985
634 0.01991
635 0.01999
636 0.02006
637 0.02013
638 0.02020
639 0.02028
640 0.02036
641 0.02044
642 0.02052
643 0.02060
644 0.02068
645 0.02077
646 0.02085
647 0.02094
648 0.02103
649 0.02112
650 0.02121
651 0.02131
652 0.02141
653 0.02150
654 0.02160
655 0.02170
656 0.02181
657 0.02191
658 0.02202
659 0.02213
660 0.02224
661 0.02235
662 0.02247
663 0.02259
664 0.02271
665 0.02283
666 0.02295
667 0.02308
668 0.02320
669 0.02333
670 0.02347
671 0.02360
672 0.02374
673 0.02388
674 0.02402
675 0.02416
676 0.02431
677 0.02446
678 0.02461
679 0.02476
680 0.02492
681 0.02508
682 0.02524
683 0.02540
684 0.02557
685 0.02574
686 0.02591
687 0.02609
688 0.02627
689 0.02645
690 0.02663
691 0.02682
692 0.02701
693 0.02720
694 0.02740
695 0.02760
696 0.02781
697 0.02801
698 0.02822
699 0.02844
700 0.02866
701 0.02888
702 0.02910
703 0.02933
704 0.02956
705 0.02980
706 0.03004
707 0.03028
708 0.03053
709 0.03079
710 0.03104
711 0.03130
712 0.03157
713 0.03184
714 0.03211
715 0.03239
716 0.03268
717 0.03297
718 0.03326
719 0.03356
720 0.03386
721 0.03417
722 0.03448
723 0.03480
724 0.03513
725 0.03546
726 0.03579
727 0.03614
728 0.03648
729 0.03684
730 0.03720
731 0.03756
732 0.03793
733 0.03831
734 0.03870
735 0.03909
736 0.03949
737 0.03989
738 0.04031
739 0.04073
740 0.04115
741 0.04159
742 0.04203
743 0.04248
744 0.04294
745 0.04340
746 0.04388
747 0.04436
748 0.04485
749 0.04535
750 0.04586
751 0.04638
752 0.04691
753 0.04744
754 0.04799
755 0.04855
756 0.04911
757 0.04969
758 0.05028
759 0.05087
760 0.05148
761 0.05210
762 0.05274
763 0.05338
764 0.05403
765 0.05469
766 0.05536
767 0.05604
768 0.05674
769 0.05745
770 0.05817
771 0.05891
772 0.05966
773 0.06042
774 0.06120
775 0.06200
776 0.06281
777 0.06363
778 0.06447
779 0.06533
780 0.06620
781 0.06709
782 0.06799
783 0.06892
784 0.06986
785 0.07082
786 0.07180
787 0.07279
788 0.07381
789 0.07485
790 0.07591
791 0.07698
792 0.07808
793 0.07921
794 0.08035
795 0.08152
796 0.08271
797 0.08392
798 0.08516
799 0.08642
800 0.08771
801 0.08903
802 0.09037
803 0.09174
804 0.09314
805 0.09457
806 0.09602
807 0.09751
808 0.09903
809 0.10058
810 0.10216
811 0.10377
812 0.10542
813 0.10710
814 0.10882
815 0.11058
816 0.11237
817 0.11420
818 0.11607
819 0.11798
820 0.11993
821 0.12193
822 0.12396
823 0.12604
824 0.12817
825 0.13034
826 0.13256
827 0.13483
828 0.13715
829 0.13952
830 0.14194
831 0.14442
832 0.14695
833 0.14954
834 0.15219
835 0.15489
836 0.15766
837 0.16049
838 0.16338
839 0.16635
840 0.16937
841 0.17247
842 0.17564
843 0.17888
844 0.18220
845 0.18559
846 0.18907
847 0.19262
848 0.19626
849 0.19998
850 0.20379
851 0.20769
852 0.21168
853 0.21577
854 0.21996
855 0.22424
856 0.22863
857 0.23313
858 0.23773
859 0.24245
860 0.24727
861 0.25222
862 0.25729
863 0.26248
864 0.26780
865 0.27325
866 0.27884
867 0.28456
868 0.29043
869 0.29644
870 0.30261
871 0.30893
872 0.31541
873 0.32205
874 0.32886
875 0.33584
876 0.34300
877 0.35035
878 0.35788
879 0.36561
880 0.37354
881 0.38167
882 0.39002
883 0.39858
884 0.40736
885 0.41638
886 0.42563
887 0.43513
888 0.44487
889 0.45488
890 0.46515
891 0.47570
892 0.48653
893 0.49765
894 0.50907
895 0.52080
896 0.53284
897 0.54522
898 0.55793
899 0.57098
900 0.58440
901 0.59819
902 0.61235
903 0.62691
904 0.64187
905 0.65725
906 0.67305
907 0.68930
908 0.70601
909 0.72318
910 0.74085
911 0.75901
912 0.77375
913 0.77649
914 0.77962
915 0.78269
916 0.78471
917 0.78568
918 0.78696
919 0.78862
920 0.79078
921 0.79361
922 0.79289
923 0.79217
924 0.79594
925 0.79523
926 0.79452
927 0.79963
928 0.79893
929 0.79823
930 0.79753
931 0.80466
932 0.80398
933 0.80330
934 0.80262
935 0.80194
936 0.80125
937 0.80057
938 0.81097
939 0.81032
940 0.80966
941 0.80901
942 0.80835
943 0.80769
944 0.80703
945 0.80637
946 0.80571
947 0.80504
948 0.80438
949 0.80371
950 0.81997
951 0.81935
952 0.81873
953 0.81811
954 0.81749
955 0.81687
956 0.81624
957 0.81562
958 0.81499
959 0.81436
960 0.81373
961 0.81310
962 0.81247
963 0.81184
964 0.81120
965 0.81057
966 0.80993
967 0.80929
968 0.80865
969 0.80801
970 0.80737
971 0.80673
972 0.80609
973 0.83449
974 0.83393
975 0.83337
976 0.83281
977 0.83225
978 0.83168
979 0.83112
980 0.83055
981 0.82998
982 0.82941
983 0.82884
984 0.82827
985 0.82770
986 0.82713
987 0.82655
988 0.82598
989 0.82540
990 0.82482
991 0.82424
992 0.82366
993 0.82308
994 0.82250
995 0.82191
996 0.82133
997 0.82074
998 0.82016
999 0.81957
1000 0.81898
1001 0.81839
1002 0.81780
1003 0.81721
1004 0.81661
1005 0.81602
1006 0.81542
1007 0.81483
1008 0.81423
1009 0.81363
1010 0.81303
1011 0.81243
1012 0.81183
1013 0.81122
1014 0.81062
1015 0.81001
1016 0.80940
1017 0.80880
1018 0.80819
1019 0.80758
1020 0.80697
1021 0.80635
1022 0.80574
1023 0.80513
1024 0.80451
1025 0.80389
1026 0.86515
1027 0.86471
1028 0.86427
1029 0.86382
1030 0.86338
1031 0.86293
1032 0.86249
1033 0.86204
1034 0.86160
1035 0.86115
1036 0.86070
1037 0.86025
1038 0.85980
1039 0.85935
1040 0.85890
1041 0.85844
1042 0.85799
1043 0.85753
1044 0.85708
1045 0.85662
1046 0.85616
1047 0.85570
1048 0.85524
1049 0.85478
1050 0.85432
1051 0.85386
1052 0.85340
1053 0.85293
1054 0.85247
1055 0.85200
1056 0.85153
1057 0.85107
1058 0.85060
1059 0.85013
1060 0.84966
1061 0.84919
1062 0.84872
1063 0.84824
1064 0.84777
1065 0.84729
1066 0.84682
1067 0.84634
1068 0.84586
1069 0.84539
1070 0.84491
1071 0.84443
1072 0.84395
1073 0.84346
1074 0.84298
1075 0.84250
1076 0.84201
1077 0.84153
1078 0.84104
1079 0.84055
1080 0.84006
1081 0.83957
1082 0.83908
1083 0.83859
1084 0.83810
1085 0.83761
1086 0.83712
1087 0.83662
1088 0.83613
1089 0.83563
1090 0.83513
1091 0.83463
1092 0.83414
1093 0.83364
1094 0.83313
1095 0.83263
1096 0.83213
1097 0.83163
1098 0.83112
1099 0.83062
1100 0.83011
1101 0.82960
1102 0.82910
1103 0.82859
1104 0.82808
1105 0.82757
1106 0.82706
1107 0.82654
1108 0.82603
1109 0.82552
1110 0.82500
1111 0.82449
1112 0.82397
1113 0.82345
1114 0.82293
1115 0.82241
1116 0.82189
1117 0.82137
1118 0.82085
1119 0.82033
1120 0.81980
1121 0.81928
1122 0.81875
1123 0.81823
1124 0.81770
1125 0.81717
1126 0.81664
1127 0.81611
1128 0.81558
1129 0.81505
1130 0.81452
1131 0.81398
1132 0.81345
1133 0.81291
1134 0.81238
1135 0.81184
1136 0.81130
1137 0.81076
1138 0.81022
1139 0.80968
1140 0.80914
1141 0.80860
1142 0.80806
1143 0.80751
1144 0.80697
1145 0.80642
1146 0.80587
1147 0.80533
1148 0.80478
1149 0.80423
1150 0.80368
1151 0.80313
1152 0.80258
1153 0.80202
1154 0.80147
1155 0.80091
1156 0.80036
1157 0.79980
1158 0.79925
1159 0.79869
1160 0.79813
1161 0.79757
1162 0.79701
1163 0.79645
1164 0.79588
1165 0.79532
1166 0.79476
1167 0.79419
1168 0.79363
1169 0.79306
1170 0.79249
1171 0.79192
1172 0.79136
1173 0.79079
1174 0.79021
1175 0.78964
1176 0.78907
1177 0.78850
1178 0.78792
1179 0.78735
1180 0.78677
1181 0.78619
1182 0.78562
1183 0.78504
1184 0.78446
1185 0.78388
1186 0.78330
1187 0.78271
1188 0.78213
1189 0.78155
1190 0.78096
1191 0.78038
1192 0.77979
1193 0.77921
1194 0.77862
1195 0.77803
1196 0.77744
1197 0.77685
1198 0.77626
1199 0.77567
1200 0.77507
1201 0.77448
1202 0.77388
1203 0.77329
1204 0.77269
1205 0.77210
1206 0.77150
1207 0.77090
1208 0.77030
1209 0.76970
1210 0.76910
1211 0.76850
1212 0.76789
1213 0.76729
1214 0.76669
1215 0.76608
1216 1.00000
