17 0.99678
18 0.99649
19 0.99620
20 0.99590
21 0.99559
22 0.99528
23 0.99496
24 0.99463
25 0.99430
26 0.99396
27 0.99362
28 0.99327
29 0.99291
30 0.99255
31 0.99218
32 0.99181
33 0.99143
34 0.99105
35 0.99066
36 0.99027
37 0.98987
38 0.98947
39 0.98907
40 0.98866
41 0.98824
42 0.98783
43 0.98740
44 0.98698
45 0.98655
46 0.98611
47 0.98567
48 0.98523
49 0.98479
50 0.98434
51 0.98389
52 0.98343
53 0.98297
54 0.98251
55 0.98204
56 0.98157
57 0.98110
58 0.98063
59 0.98015
60 0.97967
61 0.97918
62 0.97870
63 0.97821
64 0.97772
65 0.97722
66 0.97672
67 0.97623
68 0.97572
69 0.97522
70 0.97471
71 0.97420
72 0.97369
73 0.97318
74 0.97266
75 0.97214
76 0.97162
77 0.97110
78 0.97057
79 0.97005
80 0.96952
81 0.96899
82 0.96845
83 0.96792
84 0.96738
85 0.96685
86 0.96631
87 0.96576
88 0.96522
89 0.96468
90 0.96413
91 0.96358
92 0.96303
93 0.96248
94 0.96193
95 0.96137
96 0.96082
97 0.96026
98 0.95970
99 0.95915
100 0.95858
101 0.95802
102 0.95746
103 0.95690
104 0.95633
105 0.95576
106 0.95520
107 0.95463
108 0.95406
109 0.95349
110 0.95291
111 0.95234
112 0.95177
113 0.95119
114 0.95062
115 0.95004
116 0.94946
117 0.94889
118 0.94831
119 0.94773
120 0.94715
121 0.94657
122 0.94599
123 0.94540
124 0.94482
125 0.94424
126 0.94365
127 0.94307
128 0.94248
129 0.94190
130 0.94131
131 0.94072
132 0.94014
133 0.93955
134 0.93896
135 0.93837
136 0.93778
137 0.93720
138 0.93661
139 0.93602
140 0.93543
141 0.93484
142 0.93424
143 0.93365
144 0.93306
145 0.93247
146 0.93188
147 0.93129
148 0.93070
149 0.93010
150 0.92951
151 0.92892
152 0.92833
153 0.92774
154 0.92714
155 0.92655
156 0.92596
157 0.92537
158 0.92478
159 0.92418
160 0.92359
161 0.92300
162 0.92241
163 0.92182
164 0.92122
165 0.92063
166 0.92004
167 0.91945
168 0.91886
169 0.91827
170 0.91768
171 0.91709
172 0.91650
173 0.91591
174 0.91532
175 0.91473
176 0.91414
177 0.91355
178 0.91296
179 0.91237
180 0.91179
181 0.91120
182 0.91061
183 0.91003
184 0.90944
185 0.90886
186 0.90827
187 0.90769
188 0.90710
189 0.90652
190 0.90593
191 0.90535
192 0.90477
193 0.90419
194 0.90361
195 0.90303
196 0.90245
197 0.90187
198 0.90129
199 0.90071
200 0.90013
201 0.89956
202 0.89898
203 0.89840
204 0.89783
205 0.89725
206 0.89668
207 0.89611
208 0.89554
209 0.89496
210 0.89439
211 0.89382
212 0.89325
213 0.89269
214 0.89212
215 0.89155
216 0.89098
217 0.89042
218 0.88985
219 0.88929
220 0.88873
221 0.88817
222 0.88760
223 0.88704
224 0.88648
225 0.88593
226 0.88537
227 0.88481
228 0.88426
229 0.88370
230 0.88315
231 0.88259
232 0.88204
233 0.88149
234 0.88094
235 0.88039
236 0.87984
237 0.87929
238 0.87875
239 0.87820
240 0.87766
241 0.87711
242 0.87657
243 0.87603
244 0.87549
245 0.87495
246 0.87441
247 0.87387
248 0.87334
249 0.87280
250 0.87227
251 0.87174
252 0.87120
253 0.87067
254 0.87014
255 0.86962
256 0.86909
257 0.86856
258 0.86804
259 0.86751
260 0.86699
261 0.86647
262 0.86595
263 0.86543
264 0.86491
265 0.86439
266 0.86388
267 0.86336
268 0.86285
269 0.86234
270 0.86183
271 0.86132
272 0.86081
273 0.86030
274 0.85980
275 0.85929
276 0.85879
277 0.85829
278 0.85779
279 0.85729
280 0.85679
281 0.85629
282 0.85580
283 0.85530
284 0.85481
285 0.85432
286 0.85383
287 0.85334
288 0.85285
289 0.85236
290 0.85188
291 0.85139
292 0.85091
293 0.85043
294 0.84995
295 0.84947
296 0.84900
297 0.84852
298 0.84805
299 0.84757
300 0.84710
301 0.84663
302 0.84616
303 0.84570
304 0.84523
305 0.84477
306 0.84430
307 0.84384
308 0.84338
309 0.84292
310 0.84247
311 0.84201
312 0.84156
313 0.84111
314 0.84065
315 0.84020
316 0.83976
317 0.83931
318 0.83886
319 0.83842
320 0.83798
321 0.83754
322 0.83710
323 0.83666
324 0.83622
325 0.83579
326 0.83536
327 0.83492
328 0.83449
329 0.83407
330 0.83364
331 0.83321
332 0.83279
333 0.83237
334 0.83195
335 0.83153
336 0.83111
337 0.83069
338 0.83028
339 0.82986
340 0.82945
341 0.82904
342 0.82863
343 0.82823
344 0.82782
345 0.82742
346 0.82702
347 0.82662
348 0.82622
349 0.82582
350 0.82542
351 0.82503
352 0.82464
353 0.82425
354 0.82386
355 0.82347
356 0.82309
357 0.82270
358 0.82232
359 0.82194
360 0.82156
361 0.82118
362 0.82081
363 0.82043
364 0.82006
365 0.81969
366 0.81932
367 0.81895
368 0.81858
369 0.81822
370 0.81786
371 0.81750
372 0.81714
373 0.81678
374 0.81642
375 0.81607
376 0.81572
377 0.81537
378 0.81502
379 0.81467
380 0.81433
381 0.81398
382 0.81364
383 0.81330
384 0.81296
385 0.81262
386 0.81229
387 0.81196
388 0.81162
389 0.81129
390 0.81097
391 0.81064
392 0.81032
393 0.80999
394 0.80967
395 0.80935
396 0.80903
397 0.80872
398 0.80840
399 0.80809
400 0.80778
401 0.80747
402 0.80717
403 0.80686
404 0.80656
405 0.80625
406 0.80596
407 0.80566
408 0.80536
409 0.80507
410 0.80477
411 0.80448
412 0.80419
413 0.80391
414 0.80362
415 0.80334
416 0.80306
417 0.80278
418 0.80250
419 0.80222
420 0.80195
421 0.80167
422 0.80140
423 0.80113
424 0.80087
425 0.80060
426 0.80034
427 0.80008
428 0.79982
429 0.79956
430 0.79930
431 0.79905
432 0.79880
433 0.79855
434 0.79830
435 0.79805
436 0.79781
437 0.79756
438 0.79732
439 0.79708
440 0.79685
441 0.79661
442 0.79638
443 0.79614
444 0.79591
445 0.79569
446 0.79546
447 0.79524
448 0.79501
449 0.79479
450 0.79458
451 0.79436
452 0.79414
453 0.79393
454 0.79372
455 0.79351
456 0.79331
457 0.79310
458 0.79290
459 0.79270
460 0.79250
461 0.79230
462 0.79210
463 0.79191
464 0.79172
465 0.79153
466 0.79134
467 0.79116
468 0.79097
469 0.79079
470 0.79061
471 0.79043
472 0.79026
473 0.79008
474 0.78991
475 0.78974
476 0.78957
477 0.78941
478 0.78924
479 0.78908
480 0.78892
481 0.78876
482 0.78861
483 0.78845
484 0.78830
485 0.78815
486 0.78800
487 0.78786
488 0.78771
489 0.78757
490 0.78743
491 0.78729
492 0.78716
493 0.78702
494 0.78689
495 0.78676
496 0.78663
497 0.78651
498 0.78638
499 0.78626
500 0.78614
501 0.78602
502 0.78591
503 0.78579
504 0.78568
505 0.78557
506 0.78547
507 0.78536
508 0.78526
509 0.78516
510 0.78506
511 0.78496
512 0.78486
513 0.78477
514 0.78468
515 0.78459
516 0.78450
517 0.78442
518 0.78434
519 0.78425
520 0.78418
521 0.78410
522 0.78402
523 0.78395
524 0.78388
525 0.78381
526 0.78375
527 0.78368
528 0.78362
529 0.78356
530 0.78350
531 0.78345
532 0.78340
533 0.78334
534 0.78330
535 0.78325
536 0.78320
537 0.78316
538 0.78312
539 0.78308
540 0.78305
541 0.78301
542 0.78298
543 0.78295
544 0.78292
545 0.78290
546 0.78287
547 0.78285
548 0.78283
549 0.78281
550 0.78280
551 0.78279
552 0.78278
553 0.78277
554 0.78276
555 0.78276
556 0.78276
557 0.78276
558 0.78276
559 0.78277
560 0.78277
561 0.78278
562 0.78279
563 0.78281
564 0.78282
565 0.78284
566 0.78286
567 0.78288
568 0.78291
569 0.78294
570 0.78297
571 0.78300
572 0.78303
573 0.78307
574 0.78311
575 0.78315
576 0.78319
577 0.78323
578 0.78328
579 0.78333
580 0.78338
581 0.78344
582 0.78349
583 0.78355
584 0.78361
585 0.78368
586 0.78374
587 0.78381
588 0.78388
589 0.78395
590 0.78403
591 0.78410
592 0.78418
593 0.78427
594 0.78435
595 0.78444
596 0.78452
597 0.78462
598 0.78471
599 0.78480
600 0.78490
601 0.78500
602 0.78511
603 0.78521
604 0.78532
605 0.78543
606 0.78554
607 0.78565
608 0.78577
609 0.78589
610 0.78601
611 0.78614
612 0.78626
613 0.78639
614 0.78652
615 0.78666
616 0.78679
617 0.78693
618 0.78707
619 0.78721
620 0.78736
621 0.78751
622 0.78766
623 0.78781
624 0.78797
625 0.78812
626 0.78828
627 0.78845
628 0.78861
629 0.78878
630 0.78895
631 0.78912
632 0.78930
633 0.78947
634 0.78965
635 0.78984
636 0.79002
637 0.79021
638 0.79040
639 0.79059
640 0.79079
641 0.79098
642 0.79118
643 0.79139
644 0.79159
645 0.79180
646 0.79201
647 0.79222
648 0.79244
649 0.79265
650 0.79287
651 0.79310
652 0.79332
653 0.79355
654 0.79378
655 0.79401
656 0.79425
657 0.79449
658 0.79473
659 0.79497
660 0.79522
661 0.79547
662 0.79572
663 0.79597
664 0.79623
665 0.79649
666 0.79675
667 0.79701
668 0.79728
669 0.79755
670 0.79782
671 0.79810
672 0.79837
673 0.79865
674 0.79894
675 0.79922
676 0.79951
677 0.79980
678 0.80010
679 0.80039
680 0.80069
681 0.80099
682 0.80130
683 0.80161
684 0.80192
685 0.80223
686 0.80254
687 0.80286
688 0.80318
689 0.80351
690 0.80383
691 0.80416
692 0.80450
693 0.80483
694 0.80517
695 0.80551
696 0.80585
697 0.80620
698 0.80655
699 0.80690
700 0.80725
701 0.80761
702 0.80797
703 0.80833
704 0.80870
705 0.80907
706 0.80944
707 0.80982
708 0.81019
709 0.81057
710 0.81096
711 0.81134
712 0.81173
713 0.81212
714 0.81252
715 0.81292
716 0.81332
717 0.81372
718 0.81413
719 0.81454
720 0.81495
721 0.81537
722 0.81578
723 0.81621
724 0.81663
725 0.81706
726 0.81749
727 0.81792
728 0.81836
729 0.81880
730 0.81924
731 0.81969
732 0.82013
733 0.82059
734 0.82104
735 0.82150
736 0.82196
737 0.82242
738 0.82289
739 0.82336
740 0.82383
741 0.82431
742 0.82479
743 0.82527
744 0.82576
745 0.82625
746 0.82674
747 0.82723
748 0.82773
749 0.82823
750 0.82874
751 0.82925
752 0.82976
753 0.83027
754 0.83079
755 0.83131
756 0.83184
757 0.83236
758 0.83289
759 0.83343
760 0.83396
761 0.83451
762 0.83505
763 0.83560
764 0.83615
765 0.83670
766 0.83726
767 0.83782
768 0.83838
769 0.83895
770 0.83952
771 0.84009
772 0.84067
773 0.84125
774 0.84183
775 0.84242
776 0.84301
777 0.84361
778 0.84420
779 0.84480
780 0.84541
781 0.84602
782 0.84663
783 0.84724
784 0.84786
785 0.84848
786 0.84911
787 0.84974
788 0.85037
789 0.85101
790 0.85165
791 0.85229
792 0.85293
793 0.85359
794 0.85424
795 0.85490
796 0.85556
797 0.85622
798 0.85689
799 0.85756
800 0.85824
801 0.85892
802 0.85960
803 0.86029
804 0.86098
805 0.86167
806 0.86237
807 0.86307
808 0.86378
809 0.86448
810 0.86520
811 0.86591
812 0.86663
813 0.86736
814 0.86809
815 0.86882
816 0.86955
817 0.87029
818 0.87104
819 0.87178
820 0.87253
821 0.87329
822 0.87405
823 0.87481
824 0.87558
825 0.87635
826 0.87712
827 0.87790
828 0.87868
829 0.87947
830 0.88026
831 0.88105
832 0.88185
833 0.88265
834 0.88346
835 0.88427
836 0.88509
837 0.88590
838 0.88673
839 0.88755
840 0.88838
841 0.88922
842 0.89006
843 0.89090
844 0.89175
845 0.89260
846 0.89346
847 0.89432
848 0.89518
849 0.89605
850 0.89692
851 0.89780
852 0.89868
853 0.89957
854 0.90046
855 0.90135
856 0.90225
857 0.90316
858 0.90406
859 0.90498
860 0.90589
861 0.90681
862 0.90774
863 0.90867
864 0.90960
865 0.91054
866 0.91148
867 0.91243
868 0.91338
869 0.91434
870 0.91530
871 0.91627
872 0.91724
873 0.91821
874 0.91919
875 0.92017
876 0.92116
877 0.92216
878 0.92316
879 0.92416
880 0.92517
881 0.92618
882 0.92719
883 0.92822
884 0.92924
885 0.93027
886 0.93131
887 0.93235
888 0.93340
889 0.93445
890 0.93550
891 0.93656
892 0.93763
893 0.93870
894 0.93977
895 0.94085
896 0.94194
897 0.94303
898 0.94412
899 0.94522
900 0.94633
901 0.94744
902 0.94855
903 0.94967
904 0.95080
905 0.95193
906 0.95307
907 0.95421
908 0.95535
909 0.95650
910 0.95766
911 0.95882
912 0.95974
913 0.96018
914 0.96067
915 0.96114
916 0.96147
917 0.96165
918 0.96187
919 0.96215
920 0.96249
921 0.96293
922 0.96287
923 0.96282
924 0.96338
925 0.96332
926 0.96327
927 0.96401
928 0.96396
929 0.96390
930 0.96385
931 0.96487
932 0.96481
933 0.96476
934 0.96471
935 0.96465
936 0.96460
937 0.96455
938 0.96601
939 0.96596
940 0.96591
941 0.96585
942 0.96580
943 0.96575
944 0.96570
945 0.96565
946 0.96560
947 0.96555
948 0.96550
949 0.96545
950 0.96769
951 0.96764
952 0.96759
953 0.96755
954 0.96750
955 0.96745
956 0.96740
957 0.96736
958 0.96731
959 0.96726
960 0.96721
961 0.96716
962 0.96712
963 0.96707
964 0.96702
965 0.96697
966 0.96692
967 0.96687
968 0.96683
969 0.96678
970 0.96673
971 0.96668
972 0.96663
973 0.97049
974 0.97045
975 0.97041
976 0.97036
977 0.97032
978 0.97028
979 0.97023
980 0.97019
981 0.97015
982 0.97011
983 0.97006
984 0.97002
985 0.96998
986 0.96993
987 0.96989
988 0.96985
989 0.96981
990 0.96976
991 0.96972
992 0.96968
993 0.96963
994 0.96959
995 0.96955
996 0.96950
997 0.96946
998 0.96942
999 0.96937
1000 0.96933
1001 0.96929
1002 0.96924
1003 0.96920
1004 0.96916
1005 0.96912
1006 0.96907
1007 0.96903
1008 0.96899
1009 0.96894
1010 0.96890
1011 0.96886
1012 0.96881
1013 0.96877
1014 0.96873
1015 0.96868
1016 0.96864
1017 0.96859
1018 0.96855
1019 0.96851
1020 0.96846
1021 0.96842
1022 0.96838
1023 0.96833
1024 0.96829
1025 0.96825
1026 0.97642
1027 0.97638
1028 0.97635
1029 0.97632
1030 0.97629
1031 0.97625
1032 0.97622
1033 0.97619
1034 0.97616
1035 0.97612
1036 0.97609
1037 0.97606
1038 0.97603
1039 0.97599
1040 0.97596
1041 0.97593
1042 0.97590
1043 0.97586
1044 0.97583
1045 0.97580
1046 0.97577
1047 0.97573
1048 0.97570
1049 0.97567
1050 0.97563
1051 0.97560
1052 0.97557
1053 0.97554
1054 0.97550
1055 0.97547
1056 0.97544
1057 0.97540
1058 0.97537
1059 0.97534
1060 0.97531
1061 0.97527
1062 0.97524
1063 0.97521
1064 0.97517
1065 0.97514
1066 0.97511
1067 0.97508
1068 0.97504
1069 0.97501
1070 0.97498
1071 0.97494
1072 0.97491
1073 0.97488
1074 0.97484
1075 0.97481
1076 0.97478
1077 0.97474
1078 0.97471
1079 0.97468
1080 0.97465
1081 0.97461
1082 0.97458
1083 0.97455
1084 0.97451
1085 0.97448
1086 0.97445
1087 0.97441
1088 0.97438
1089 0.97435
1090 0.97431
1091 0.97428
1092 0.97425
1093 0.97421
1094 0.97418
1095 0.97415
1096 0.97411
1097 0.97408
1098 0.97405
1099 0.97401
1100 0.97398
1101 0.97395
1102 0.97391
1103 0.97388
1104 0.97385
1105 0.97381
1106 0.97378
1107 0.97375
1108 0.97371
1109 0.97368
1110 0.97365
1111 0.97361
1112 0.97358
1113 0.97355
1114 0.97351
1115 0.97348
1116 0.97344
1117 0.97341
1118 0.97338
1119 0.97334
1120 0.97331
1121 0.97328
1122 0.97324
1123 0.97321
1124 0.97318
1125 0.97314
1126 0.97311
1127 0.97307
1128 0.97304
1129 0.97301
1130 0.97297
1131 0.97294
1132 0.97291
1133 0.97287
1134 0.97284
1135 0.97280
1136 0.97277
1137 0.97274
1138 0.97270
1139 0.97267
1140 0.97264
1141 0.97260
1142 0.97257
1143 0.97253
1144 0.97250
1145 0.97247
1146 0.97243
1147 0.97240
1148 0.97236
1149 0.97233
1150 0.97230
1151 0.97226
1152 0.97223
1153 0.97219
1154 0.97216
1155 0.97213
1156 0.97209
1157 0.97206
1158 0.97202
1159 0.97199
1160 0.97196
1161 0.97192
1162 0.97189
1163 0.97185
1164 0.97182
1165 0.97179
1166 0.97175
1167 0.97172
1168 0.97168
1169 0.97165
1170 0.97161
1171 0.97158
1172 0.97155
1173 0.97151
1174 0.97148
1175 0.97144
1176 0.97141
1177 0.97137
1178 0.97134
1179 0.97131
1180 0.97127
1181 0.97124
1182 0.97120
1183 0.97117
1184 0.97113
1185 0.97110
1186 0.97107
1187 0.97103
1188 0.97100
1189 0.97096
1190 0.97093
1191 0.97089
1192 0.97086
1193 0.97083
1194 0.97079
1195 0.97076
1196 0.97072
1197 0.97069
1198 0.97065
1199 0.97062
1200 0.97058
1201 0.97055
1202 0.97051
1203 0.97048
1204 0.97045
1205 0.97041
1206 0.97038
1207 0.97034
1208 0.97031
1209 0.97027
1210 0.97024
1211 0.97020
1212 0.97017
1213 0.97013
1214 0.97010
1215 0.97006
1216 1.00000
