17 0.93168
18 0.92569
19 0.91956
20 0.91331
21 0.90693
22 0.90044
23 0.89383
24 0.88713
25 0.88033
26 0.87344
27 0.86647
28 0.85942
29 0.85229
30 0.84510
31 0.83785
32 0.83053
33 0.82317
34 0.81575
35 0.80829
36 0.80080
37 0.79326
38 0.78570
39 0.77810
40 0.77048
41 0.76284
42 0.75518
43 0.74751
44 0.73983
45 0.73214
46 0.72445
47 0.71676
48 0.70906
49 0.70138
50 0.69370
51 0.68602
52 0.67836
53 0.67072
54 0.66309
55 0.65548
56 0.64790
57 0.64033
58 0.63280
59 0.62529
60 0.61781
61 0.61036
62 0.60294
63 0.59556
64 0.58821
65 0.58091
66 0.57364
67 0.56641
68 0.55923
69 0.55209
70 0.54499
71 0.53794
72 0.53093
73 0.52398
74 0.51707
75 0.51022
76 0.50341
77 0.49666
78 0.48995
79 0.48331
80 0.47671
81 0.47017
82 0.46369
83 0.45726
84 0.45089
85 0.44458
86 0.43832
87 0.43212
88 0.42598
89 0.41990
90 0.41387
91 0.40791
92 0.40201
93 0.39616
94 0.39038
95 0.38465
96 0.37899
97 0.37339
98 0.36784
99 0.36236
100 0.35694
101 0.35158
102 0.34627
103 0.34103
104 0.33585
105 0.33073
106 0.32567
107 0.32067
108 0.31573
109 0.31085
110 0.30603
111 0.30126
112 0.29656
113 0.29191
114 0.28733
115 0.28280
116 0.27833
117 0.27391
118 0.26956
119 0.26526
120 0.26101
121 0.25683
122 0.25269
123 0.24862
124 0.24460
125 0.24063
126 0.23672
127 0.23286
128 0.22906
129 0.22531
130 0.22161
131 0.21796
132 0.21436
133 0.21082
134 0.20733
135 0.20388
136 0.20049
137 0.19715
138 0.19385
139 0.19060
140 0.18740
141 0.18425
142 0.18115
143 0.17809
144 0.17508
145 0.17211
146 0.16919
147 0.16631
148 0.16348
149 0.16069
150 0.15794
151 0.15524
152 0.15257
153 0.14995
154 0.14737
155 0.14483
156 0.14233
157 0.13987
158 0.13745
159 0.13507
160 0.13272
161 0.13042
162 0.12815
163 0.12591
164 0.12372
165 0.12155
166 0.11943
167 0.11734
168 0.11528
169 0.11326
170 0.11127
171 0.10931
172 0.10738
173 0.10549
174 0.10363
175 0.10180
176 0.10000
177 0.09823
178 0.09649
179 0.09478
180 0.09310
181 0.09144
182 0.08982
183 0.08822
184 0.08665
185 0.08511
186 0.08359
187 0.08210
188 0.08064
189 0.07920
190 0.07778
191 0.07639
192 0.07503
193 0.07368
194 0.07236
195 0.07107
196 0.06979
197 0.06854
198 0.06731
199 0.06610
200 0.06492
201 0.06375
202 0.06261
203 0.06148
204 0.06038
205 0.05929
206 0.05823
207 0.05718
208 0.05615
209 0.05514
210 0.05415
211 0.05317
212 0.05222
213 0.05128
214 0.05035
215 0.04945
216 0.04856
217 0.04768
218 0.04682
219 0.04598
220 0.04515
221 0.04434
222 0.04354
223 0.04276
224 0.04199
225 0.04124
226 0.04049
227 0.03977
228 0.03905
229 0.03835
230 0.03766
231 0.03698
232 0.03632
233 0.03567
234 0.03503
235 0.03440
236 0.03378
237 0.03318
238 0.03258
239 0.03200
240 0.03143
241 0.03086
242 0.03031
243 0.02977
244 0.02924
245 0.02872
246 0.02820
247 0.02770
248 0.02721
249 0.02672
250 0.02625
251 0.02578
252 0.02532
253 0.02487
254 0.02443
255 0.02400
256 0.02357
257 0.02316
258 0.02275
259 0.02234
260 0.02195
261 0.02156
262 0.02118
263 0.02081
264 0.02044
265 0.02008
266 0.01973
267 0.01939
268 0.01905
269 0.01871
270 0.01839
271 0.01806
272 0.01775
273 0.01744
274 0.01714
275 0.01684
276 0.01655
277 0.01626
278 0.01598
279 0.01570
280 0.01543
281 0.01516
282 0.01490
283 0.01464
284 0.01439
285 0.01415
286 0.01390
287 0.01367
288 0.01343
289 0.01320
290 0.01298
291 0.01276
292 0.01254
293 0.01233
294 0.01212
295 0.01191
296 0.01171
297 0.01151
298 0.01132
299 0.01113
300 0.01094
301 0.01076
302 0.01058
303 0.01040
304 0.01023
305 0.01006
306 0.00989
307 0.00973
308 0.00957
309 0.00941
310 0.00925
311 0.00910
312 0.00895
313 0.00880
314 0.00866
315 0.00852
316 0.00838
317 0.00824
318 0.00811
319 0.00798
320 0.00785
321 0.00772
322 0.00760
323 0.00748
324 0.00736
325 0.00724
326 0.00712
327 0.00701
328 0.00690
329 0.00679
330 0.00668
331 0.00658
332 0.00647
333 0.00637
334 0.00627
335 0.00617
336 0.00608
337 0.00598
338 0.00589
339 0.00580
340 0.00571
341 0.00562
342 0.00554
343 0.00545
344 0.00537
345 0.00529
346 0.00521
347 0.00513
348 0.00505
349 0.00497
350 0.00490
351 0.00482
352 0.00475
353 0.00468
354 0.00461
355 0.00454
356 0.00448
357 0.00441
358 0.00435
359 0.00428
360 0.00422
361 0.00416
362 0.00410
363 0.00404
364 0.00398
365 0.00392
366 0.00387
367 0.00381
368 0.00376
369 0.00371
370 0.00365
371 0.00360
372 0.00355
373 0.00350
374 0.00345
375 0.00340
376 0.00336
377 0.00331
378 0.00327
379 0.00322
380 0.00318
381 0.00313
382 0.00309
383 0.00305
384 0.00301
385 0.00297
386 0.00293
387 0.00289
388 0.00285
389 0.00281
390 0.00278
391 0.00274
392 0.00271
393 0.00267
394 0.00264
395 0.00260
396 0.00257
397 0.00254
398 0.00250
399 0.00247
400 0.00244
401 0.00241
402 0.00238
403 0.00235
404 0.00232
405 0.00229
406 0.00227
407 0.00224
408 0.00221
409 0.00218
410 0.00216
411 0.00213
412 0.00211
413 0.00208
414 0.00206
415 0.00203
416 0.00201
417 0.00199
418 0.00196
419 0.00194
420 0.00192
421 0.00190
422 0.00187
423 0.00185
424 0.00183
425 0.00181
426 0.00179
427 0.00177
428 0.00175
429 0.00173
430 0.00172
431 0.00170
432 0.00168
433 0.00166
434 0.00164
435 0.00163
436 0.00161
437 0.00159
438 0.00158
439 0.00156
440 0.00154
441 0.00153
442 0.00151
443 0.00150
444 0.00148
445 0.00147
446 0.00145
447 0.00144
448 0.00143
449 0.00141
450 0.00140
451 0.00139
452 0.00137
453 0.00136
454 0.00135
455 0.00134
456 0.00132
457 0.00131
458 0.00130
459 0.00129
460 0.00128
461 0.00127
462 0.00125
463 0.00124
464 0.00123
465 0.00122
466 0.00121
467 0.00120
468 0.00119
469 0.00118
470 0.00117
471 0.00116
472 0.00115
473 0.00114
474 0.00114
475 0.00113
476 0.00112
477 0.00111
478 0.00110
479 0.00109
480 0.00108
481 0.00108
482 0.00107
483 0.00106
484 0.00105
485 0.00105
486 0.00104
487 0.00103
488 0.00102
489 0.00102
490 0.00101
491 0.00100
492 0.00100
493 0.00099
494 0.00098
495 0.00098
496 0.00097
497 0.00097
498 0.00096
499 0.00095
500 0.00095
501 0.00094
502 0.00094
503 0.00093
504 0.00093
505 0.00092
506 0.00092
507 0.00091
508 0.00091
509 0.00090
510 0.00090
511 0.00089
512 0.00089
513 0.00088
514 0.00088
515 0.00088
516 0.00087
517 0.00087
518 0.00086
519 0.00086
520 0.00086
521 0.00085
522 0.00085
523 0.00084
524 0.00084
525 0.00084
526 0.00083
527 0.00083
528 0.00083
529 0.00082
530 0.00082
531 0.00082
532 0.00082
533 0.00081
534 0.00081
535 0.00081
536 0.00081
537 0.00080
538 0.00080
539 0.00080
540 0.00080
541 0.00079
542 0.00079
543 0.00079
544 0.00079
545 0.00079
546 0.00078
547 0.00078
548 0.00078
549 0.00078
550 0.00078
551 0.00078
552 0.00078
553 0.00077
554 0.00077
555 0.00077
556 0.00077
557 0.00077
558 0.00077
559 0.00077
560 0.00077
561 0.00077
562 0.00077
563 0.00077
564 0.00077
565 0.00077
566 0.00076
567 0.00076
568 0.00076
569 0.00076
570 0.00076
571 0.00076
572 0.00076
573 0.00076
574 0.00076
575 0.00077
576 0.00077
577 0.00077
578 0.00077
579 0.00077
580 0.00077
581 0.00077
582 0.00077
583 0.00077
584 0.00077
585 0.00077
586 0.00077
587 0.00077
588 0.00078
589 0.00078
590 0.00078
591 0.00078
592 0.00078
593 0.00078
594 0.00079
595 0.00079
596 0.00079
597 0.00079
598 0.00079
599 0.00080
600 0.00080
601 0.00080
602 0.00080
603 0.00080
604 0.00081
605 0.00081
606 0.00081
607 0.00082
608 0.00082
609 0.00082
610 0.00082
611 0.00083
612 0.00083
613 0.00083
614 0.00084
615 0.00084
616 0.00084
617 0.00085
618 0.00085
619 0.00086
620 0.00086
621 0.00086
622 0.00087
623 0.00087
624 0.00088
625 0.00088
626 0.00089
627 0.00089
628 0.00090
629 0.00090
630 0.00091
631 0.00091
632 0.00092
633 0.00092
634 0.00093
635 0.00093
636 0.00094
637 0.00095
638 0.00095
639 0.00096
640 0.00096
641 0.00097
642 0.00098
643 0.00098
644 0.00099
645 0.00100
646 0.00101
647 0.00101
648 0.00102
649 0.00103
650 0.00104
651 0.00105
652 0.00105
653 0.00106
654 0.00107
655 0.00108
656 0.00109
657 0.00110
658 0.00111
659 0.00112
660 0.00113
661 0.00114
662 0.00115
663 0.00116
664 0.00117
665 0.00118
666 0.00119
667 0.00120
668 0.00122
669 0.00123
670 0.00124
671 0.00125
672 0.00127
673 0.00128
674 0.00129
675 0.00131
676 0.00132
677 0.00133
678 0.00135
679 0.00136
680 0.00138
681 0.00139
682 0.00141
683 0.00143
684 0.00144
685 0.00146
686 0.00148
687 0.00149
688 0.00151
689 0.00153
690 0.00155
691 0.00157
692 0.00159
693 0.00161
694 0.00163
695 0.00165
696 0.00167
697 0.00169
698 0.00172
699 0.00174
700 0.00176
701 0.00179
702 0.00181
703 0.00184
704 0.00186
705 0.00189
706 0.00191
707 0.00194
708 0.00197
709 0.00200
710 0.00203
711 0.00206
712 0.00209
713 0.00212
714 0.00215
715 0.00218
716 0.00222
717 0.00225
718 0.00229
719 0.00232
720 0.00236
721 0.00240
722 0.00244
723 0.00248
724 0.00252
725 0.00256
726 0.00260
727 0.00265
728 0.00269
729 0.00274
730 0.00278
731 0.00283
732 0.00288
733 0.00293
734 0.00298
735 0.00304
736 0.00309
737 0.00315
738 0.00320
739 0.00326
740 0.00332
741 0.00338
742 0.00344
743 0.00351
744 0.00358
745 0.00364
746 0.00371
747 0.00379
748 0.00386
749 0.00393
750 0.00401
751 0.00409
752 0.00417
753 0.00426
754 0.00434
755 0.00443
756 0.00452
757 0.00461
758 0.00471
759 0.00481
760 0.00491
761 0.00501
762 0.00512
763 0.00523
764 0.00534
765 0.00545
766 0.00557
767 0.00569
768 0.00582
769 0.00595
770 0.00608
771 0.00622
772 0.00636
773 0.00650
774 0.00665
775 0.00680
776 0.00696
777 0.00712
778 0.00729
779 0.00746
780 0.00763
781 0.00782
782 0.00800
783 0.00820
784 0.00839
785 0.00860
786 0.00881
787 0.00902
788 0.00925
789 0.00948
790 0.00971
791 0.00996
792 0.01021
793 0.01047
794 0.01073
795 0.01101
796 0.01129
797 0.01159
798 0.01189
799 0.01220
800 0.01252
801 0.01285
802 0.01320
803 0.01355
804 0.01391
805 0.01429
806 0.01468
807 0.01508
808 0.01549
809 0.01592
810 0.01636
811 0.01682
812 0.01729
813 0.01778
814 0.01828
815 0.01880
816 0.01934
817 0.01990
818 0.02047
819 0.02107
820 0.02168
821 0.02232
822 0.02298
823 0.02366
824 0.02436
825 0.02509
826 0.02584
827 0.02662
828 0.02743
829 0.02827
830 0.02913
831 0.03003
832 0.03096
833 0.03192
834 0.03291
835 0.03395
836 0.03502
837 0.03612
838 0.03727
839 0.03846
840 0.03970
841 0.04098
842 0.04230
843 0.04368
844 0.04511
845 0.04659
846 0.04813
847 0.04972
848 0.05137
849 0.05309
850 0.05487
851 0.05672
852 0.05865
853 0.06064
854 0.06271
855 0.06487
856 0.06710
857 0.06943
858 0.07184
859 0.07435
860 0.07696
861 0.07967
862 0.08249
863 0.08543
864 0.08847
865 0.09165
866 0.09495
867 0.09838
868 0.10195
869 0.10567
870 0.10954
871 0.11357
872 0.11776
873 0.12212
874 0.12667
875 0.13141
876 0.13634
877 0.14148
878 0.14684
879 0.15242
880 0.15824
881 0.16430
882 0.17062
883 0.17722
884 0.18409
885 0.19126
886 0.19874
887 0.20655
888 0.21469
889 0.22319
890 0.23206
891 0.24132
892 0.25098
893 0.26108
894 0.27162
895 0.28263
896 0.29413
897 0.30615
898 0.31871
899 0.33183
900 0.34555
901 0.35989
902 0.37488
903 0.39056
904 0.40695
905 0.42410
906 0.44205
907 0.46082
908 0.48046
909 0.50102
910 0.52254
911 0.54507
912 0.56361
913 0.56808
914 0.57321
915 0.57827
916 0.58161
917 0.58322
918 0.58534
919 0.58810
920 0.59171
921 0.59646
922 0.59525
923 0.59404
924 0.60038
925 0.59918
926 0.59798
927 0.60661
928 0.60543
929 0.60425
930 0.60307
931 0.61518
932 0.61402
933 0.61286
934 0.61170
935 0.61054
936 0.60938
937 0.60821
938 0.62602
939 0.62489
940 0.62376
941 0.62264
942 0.62150
943 0.62037
944 0.61924
945 0.61811
946 0.61697
947 0.61583
948 0.61470
949 0.61356
950 0.64165
951 0.64057
952 0.63949
953 0.63841
954 0.63732
955 0.63624
956 0.63515
957 0.63406
958 0.63297
959 0.63188
960 0.63079
961 0.62970
962 0.62861
963 0.62751
964 0.62642
965 0.62532
966 0.62423
967 0.62313
968 0.62203
969 0.62093
970 0.61983
971 0.61872
972 0.61762
973 0.66734
974 0.66634
975 0.66533
976 0.66433
977 0.66333
978 0.66232
979 0.66132
980 0.66031
981 0.65930
982 0.65829
983 0.65728
984 0.65627
985 0.65525
986 0.65424
987 0.65322
988 0.65221
989 0.65119
990 0.65017
991 0.64915
992 0.64813
993 0.64711
994 0.64608
995 0.64506
996 0.64404
997 0.64301
998 0.64198
999 0.64095
1000 0.63992
1001 0.63889
1002 0.63786
1003 0.63683
1004 0.63580
1005 0.63476
1006 0.63373
1007 0.63269
1008 0.63165
1009 0.63062
1010 0.62958
1011 0.62854
1012 0.62749
1013 0.62645
1014 0.62541
1015 0.62437
1016 0.62332
1017 0.62227
1018 0.62123
1019 0.62018
1020 0.61913
1021 0.61808
1022 0.61703
1023 0.61598
1024 0.61493
1025 0.61387
1026 0.72339
1027 0.72256
1028 0.72174
1029 0.72091
1030 0.72008
1031 0.71926
1032 0.71843
1033 0.71760
1034 0.71676
1035 0.71593
1036 0.71510
1037 0.71426
1038 0.71343
1039 0.71259
1040 0.71175
1041 0.71091
1042 0.71007
1043 0.70923
1044 0.70839
1045 0.70754
1046 0.70670
1047 0.70585
1048 0.70500
1049 0.70416
1050 0.70331
1051 0.70246
1052 0.70161
1053 0.70075
1054 0.69990
1055 0.69904
1056 0.69819
1057 0.69733
1058 0.69647
1059 0.69561
1060 0.69475
1061 0.69389
1062 0.69303
1063 0.69217
1064 0.69130
1065 0.69044
1066 0.68957
1067 0.68871
1068 0.68784
1069 0.68697
1070 0.68610
1071 0.68523
1072 0.68435
1073 0.68348
1074 0.68261
1075 0.68173
1076 0.68085
1077 0.67998
1078 0.67910
1079 0.67822
1080 0.67734
1081 0.67646
1082 0.67558
1083 0.67469
1084 0.67381
1085 0.67292
1086 0.67204
1087 0.67115
1088 0.67026
1089 0.66937
1090 0.66848
1091 0.66759
1092 0.66670
1093 0.66581
1094 0.66491
1095 0.66402
1096 0.66312
1097 0.66223
1098 0.66133
1099 0.66043
1100 0.65953
1101 0.65863
1102 0.65773
1103 0.65683
1104 0.65593
1105 0.65502
1106 0.65412
1107 0.65321
1108 0.65231
1109 0.65140
1110 0.65049
1111 0.64958
1112 0.64867
1113 0.64776
1114 0.64685
1115 0.64594
1116 0.64502
1117 0.64411
1118 0.64320
1119 0.64228
1120 0.64136
1121 0.64045
1122 0.63953
1123 0.63861
1124 0.63769
1125 0.63677
1126 0.63585
1127 0.63492
1128 0.63400
1129 0.63308
1130 0.63215
1131 0.63123
1132 0.63030
1133 0.62938
1134 0.62845
1135 0.62752
1136 0.62659
1137 0.62566
1138 0.62473
1139 0.62380
1140 0.62287
1141 0.62193
1142 0.62100
1143 0.62007
1144 0.61913
1145 0.61819
1146 0.61726
1147 0.61632
1148 0.61538
1149 0.61444
1150 0.61350
1151 0.61256
1152 0.61162
1153 0.61068
1154 0.60974
1155 0.60880
1156 0.60785
1157 0.60691
1158 0.60597
1159 0.60502
1160 0.60408
1161 0.60313
1162 0.60218
1163 0.60123
1164 0.60028
1165 0.59934
1166 0.59839
1167 0.59744
1168 0.59648
1169 0.59553
1170 0.59458
1171 0.59363
1172 0.59267
1173 0.59172
1174 0.59077
1175 0.58981
1176 0.58886
1177 0.58790
1178 0.58694
1179 0.58599
1180 0.58503
1181 0.58407
1182 0.58311
1183 0.58215
1184 0.58119
1185 0.58023
1186 0.57927
1187 0.57831
1188 0.57734
1189 0.57638
1190 0.57542
1191 0.57446
1192 0.57349
1193 0.57253
1194 0.57156
1195 0.57060
1196 0.56963
1197 0.56866
1198 0.56770
1199 0.56673
1200 0.56576
1201 0.56479
1202 0.56382
1203 0.56285
1204 0.56189
1205 0.56091
1206 0.55994
1207 0.55897
1208 0.55800
1209 0.55703
1210 0.55606
1211 0.55509
1212 0.55411
1213 0.55314
1214 0.55217
1215 0.55119
1216 1.00000
