17 0.78026
18 0.76328
19 0.74622
20 0.72913
21 0.71204
22 0.69497
23 0.67796
24 0.66104
25 0.64421
26 0.62751
27 0.61096
28 0.59457
29 0.57837
30 0.56236
31 0.54656
32 0.53098
33 0.51564
34 0.50054
35 0.48569
36 0.47110
37 0.45678
38 0.44273
39 0.42896
40 0.41547
41 0.40226
42 0.38935
43 0.37672
44 0.36438
45 0.35233
46 0.34058
47 0.32911
48 0.31793
49 0.30704
50 0.29644
51 0.28612
52 0.27608
53 0.26632
54 0.25684
55 0.24762
56 0.23867
57 0.22999
58 0.22156
59 0.21340
60 0.20548
61 0.19780
62 0.19037
63 0.18317
64 0.17621
65 0.16947
66 0.16295
67 0.15665
68 0.15056
69 0.14467
70 0.13899
71 0.13350
72 0.12820
73 0.12309
74 0.11816
75 0.11341
76 0.10882
77 0.10440
78 0.10014
79 0.09604
80 0.09209
81 0.08829
82 0.08463
83 0.08111
84 0.07772
85 0.07446
86 0.07132
87 0.06831
88 0.06541
89 0.06263
90 0.05996
91 0.05739
92 0.05492
93 0.05256
94 0.05028
95 0.04810
96 0.04601
97 0.04400
98 0.04208
99 0.04023
100 0.03846
101 0.03676
102 0.03514
103 0.03358
104 0.03209
105 0.03066
106 0.02929
107 0.02797
108 0.02672
109 0.02552
110 0.02437
111 0.02326
112 0.02221
113 0.02120
114 0.02024
115 0.01932
116 0.01844
117 0.01759
118 0.01679
119 0.01602
120 0.01528
121 0.01457
122 0.01390
123 0.01326
124 0.01265
125 0.01206
126 0.01150
127 0.01096
128 0.01045
129 0.00997
130 0.00950
131 0.00906
132 0.00863
133 0.00823
134 0.00784
135 0.00747
136 0.00712
137 0.00679
138 0.00647
139 0.00616
140 0.00587
141 0.00559
142 0.00533
143 0.00507
144 0.00483
145 0.00460
146 0.00439
147 0.00418
148 0.00398
149 0.00379
150 0.00361
151 0.00344
152 0.00327
153 0.00312
154 0.00297
155 0.00282
156 0.00269
157 0.00256
158 0.00244
159 0.00232
160 0.00221
161 0.00210
162 0.00200
163 0.00191
164 0.00182
165 0.00173
166 0.00165
167 0.00157
168 0.00149
169 0.00142
170 0.00135
171 0.00129
172 0.00122
173 0.00117
174 0.00111
175 0.00106
176 0.00101
177 0.00096
178 0.00091
179 0.00087
180 0.00083
181 0.00079
182 0.00075
183 0.00071
184 0.00068
185 0.00065
186 0.00061
187 0.00058
188 0.00056
189 0.00053
190 0.00050
191 0.00048
192 0.00046
193 0.00044
194 0.00041
195 0.00039
196 0.00038
197 0.00036
198 0.00034
199 0.00032
200 0.00031
201 0.00029
202 0.00028
203 0.00027
204 0.00025
205 0.00024
206 0.00023
207 0.00022
208 0.00021
209 0.00020
210 0.00019
211 0.00018
212 0.00017
213 0.00016
214 0.00016
215 0.00015
216 0.00014
217 0.00013
218 0.00013
219 0.00012
220 0.00012
221 0.00011
222 0.00011
223 0.00010
224 0.00010
225 0.00009
226 0.00009
227 0.00008
228 0.00008
229 0.00008
230 0.00007
231 0.00007
232 0.00007
233 0.00006
234 0.00006
235 0.00006
236 0.00005
237 0.00005
238 0.00005
239 0.00005
240 0.00005
241 0.00004
242 0.00004
243 0.00004
244 0.00004
245 0.00004
246 0.00003
247 0.00003
248 0.00003
249 0.00003
250 0.00003
251 0.00003
252 0.00003
253 0.00002
254 0.00002
255 0.00002
256 0.00002
257 0.00002
258 0.00002
259 0.00002
260 0.00002
261 0.00002
262 0.00002
263 0.00002
264 0.00001
265 0.00001
266 0.00001
267 0.00001
268 0.00001
269 0.00001
270 0.00001
271 0.00001
272 0.00001
273 0.00001
274 0.00001
275 0.00001
276 0.00001
277 0.00001
278 0.00001
279 0.00001
280 0.00001
281 0.00001
282 0.00001
283 0.00001
284 0.00001
285 0.00001
286 0.00001
287 0.00001
288 0.00001
289 0.00000
290 0.00000
291 0.00000
292 0.00000
293 0.00000
294 0.00000
295 0.00000
296 0.00000
297 0.00000
298 0.00000
299 0.00000
300 0.00000
301 0.00000
302 0.00000
303 0.00000
304 0.00000
305 0.00000
306 0.00000
307 0.00000
308 0.00000
309 0.00000
310 0.00000
311 0.00000
312 0.00000
313 0.00000
314 0.00000
315 0.00000
316 0.00000
317 0.00000
318 0.00000
319 0.00000
320 0.00000
321 0.00000
322 0.00000
323 0.00000
324 0.00000
325 0.00000
326 0.00000
327 0.00000
328 0.00000
329 0.00000
330 0.00000
331 0.00000
332 0.00000
333 0.00000
334 0.00000
335 0.00000
336 0.00000
337 0.00000
338 0.00000
339 0.00000
340 0.00000
341 0.00000
342 0.00000
343 0.00000
344 0.00000
345 0.00000
346 0.00000
347 0.00000
348 0.00000
349 0.00000
350 0.00000
351 0.00000
352 0.00000
353 0.00000
354 0.00000
355 0.00000
356 0.00000
357 0.00000
358 0.00000
359 0.00000
360 0.00000
361 0.00000
362 0.00000
363 0.00000
364 0.00000
365 0.00000
366 0.00000
367 0.00000
368 0.00000
369 0.00000
370 0.00000
371 0.00000
372 0.00000
373 0.00000
374 0.00000
375 0.00000
376 0.00000
377 0.00000
378 0.00000
379 0.00000
380 0.00000
381 0.00000
382 0.00000
383 0.00000
384 0.00000
385 0.00000
386 0.00000
387 0.00000
388 0.00000
389 0.00000
390 0.00000
391 0.00000
392 0.00000
393 0.00000
394 0.00000
395 0.00000
396 0.00000
397 0.00000
398 0.00000
399 0.00000
400 0.00000
401 0.00000
402 0.00000
403 0.00000
404 0.00000
405 0.00000
406 0.00000
407 0.00000
408 0.00000
409 0.00000
410 0.00000
411 0.00000
412 0.00000
413 0.00000
414 0.00000
415 0.00000
416 0.00000
417 0.00000
418 0.00000
419 0.00000
420 0.00000
421 0.00000
422 0.00000
423 0.00000
424 0.00000
425 0.00000
426 0.00000
427 0.00000
428 0.00000
429 0.00000
430 0.00000
431 0.00000
432 0.00000
433 0.00000
434 0.00000
435 0.00000
436 0.00000
437 0.00000
438 0.00000
439 0.00000
440 0.00000
441 0.00000
442 0.00000
443 0.00000
444 0.00000
445 0.00000
446 0.00000
447 0.00000
448 0.00000
449 0.00000
450 0.00000
451 0.00000
452 0.00000
453 0.00000
454 0.00000
455 0.00000
456 0.00000
457 0.00000
458 0.00000
459 0.00000
460 0.00000
461 0.00000
462 0.00000
463 0.00000
464 0.00000
465 0.00000
466 0.00000
467 0.00000
468 0.00000
469 0.00000
470 0.00000
471 0.00000
472 0.00000
473 0.00000
474 0.00000
475 0.00000
476 0.00000
477 0.00000
478 0.00000
479 0.00000
480 0.00000
481 0.00000
482 0.00000
483 0.00000
484 0.00000
485 0.00000
486 0.00000
487 0.00000
488 0.00000
489 0.00000
490 0.00000
491 0.00000
492 0.00000
493 0.00000
494 0.00000
495 0.00000
496 0.00000
497 0.00000
498 0.00000
499 0.00000
500 0.00000
501 0.00000
502 0.00000
503 0.00000
504 0.00000
505 0.00000
506 0.00000
507 0.00000
508 0.00000
509 0.00000
510 0.00000
511 0.00000
512 0.00000
513 0.00000
514 0.00000
515 0.00000
516 0.00000
517 0.00000
518 0.00000
519 0.00000
520 0.00000
521 0.00000
522 0.00000
523 0.00000
524 0.00000
525 0.00000
526 0.00000
527 0.00000
528 0.00000
529 0.00000
530 0.00000
531 0.00000
532 0.00000
533 0.00000
534 0.00000
535 0.00000
536 0.00000
537 0.00000
538 0.00000
539 0.00000
540 0.00000
541 0.00000
542 0.00000
543 0.00000
544 0.00000
545 0.00000
546 0.00000
547 0.00000
548 0.00000
549 0.00000
550 0.00000
551 0.00000
552 0.00000
553 0.00000
554 0.00000
555 0.00000
556 0.00000
557 0.00000
558 0.00000
559 0.00000
560 0.00000
561 0.00000
562 0.00000
563 0.00000
564 0.00000
565 0.00000
566 0.00000
567 0.00000
568 0.00000
569 0.00000
570 0.00000
571 0.00000
572 0.00000
573 0.00000
574 0.00000
575 0.00000
576 0.00000
577 0.00000
578 0.00000
579 0.00000
580 0.00000
581 0.00000
582 0.00000
583 0.00000
584 0.00000
585 0.00000
586 0.00000
587 0.00000
588 0.00000
589 0.00000
590 0.00000
591 0.00000
592 0.00000
593 0.00000
594 0.00000
595 0.00000
596 0.00000
597 0.00000
598 0.00000
599 0.00000
600 0.00000
601 0.00000
602 0.00000
603 0.00000
604 0.00000
605 0.00000
606 0.00000
607 0.00000
608 0.00000
609 0.00000
610 0.00000
611 0.00000
612 0.00000
613 0.00000
614 0.00000
615 0.00000
616 0.00000
617 0.00000
618 0.00000
619 0.00000
620 0.00000
621 0.00000
622 0.00000
623 0.00000
624 0.00000
625 0.00000
626 0.00000
627 0.00000
628 0.00000
629 0.00000
630 0.00000
631 0.00000
632 0.00000
633 0.00000
634 0.00000
635 0.00000
636 0.00000
637 0.00000
638 0.00000
639 0.00000
640 0.00000
641 0.00000
642 0.00000
643 0.00000
644 0.00000
645 0.00000
646 0.00000
647 0.00000
648 0.00000
649 0.00000
650 0.00000
651 0.00000
652 0.00000
653 0.00000
654 0.00000
655 0.00000
656 0.00000
657 0.00000
658 0.00000
659 0.00000
660 0.00000
661 0.00000
662 0.00000
663 0.00000
664 0.00000
665 0.00000
666 0.00000
667 0.00000
668 0.00000
669 0.00000
670 0.00000
671 0.00000
672 0.00000
673 0.00000
674 0.00000
675 0.00000
676 0.00000
677 0.00000
678 0.00000
679 0.00000
680 0.00000
681 0.00000
682 0.00000
683 0.00000
684 0.00000
685 0.00000
686 0.00000
687 0.00000
688 0.00000
689 0.00000
690 0.00000
691 0.00000
692 0.00000
693 0.00000
694 0.00000
695 0.00000
696 0.00000
697 0.00000
698 0.00000
699 0.00000
700 0.00000
701 0.00000
702 0.00000
703 0.00000
704 0.00000
705 0.00000
706 0.00000
707 0.00000
708 0.00000
709 0.00000
710 0.00000
711 0.00000
712 0.00000
713 0.00000
714 0.00000
715 0.00000
716 0.00000
717 0.00000
718 0.00000
719 0.00000
720 0.00000
721 0.00000
722 0.00000
723 0.00000
724 0.00000
725 0.00000
726 0.00000
727 0.00000
728 0.00000
729 0.00000
730 0.00000
731 0.00000
732 0.00000
733 0.00000
734 0.00000
735 0.00000
736 0.00000
737 0.00000
738 0.00000
739 0.00000
740 0.00000
741 0.00000
742 0.00000
743 0.00000
744 0.00000
745 0.00000
746 0.00000
747 0.00000
748 0.00000
749 0.00000
750 0.00000
751 0.00000
752 0.00000
753 0.00000
754 0.00000
755 0.00000
756 0.00000
757 0.00000
758 0.00000
759 0.00000
760 0.00000
761 0.00000
762 0.00000
763 0.00000
764 0.00000
765 0.00000
766 0.00000
767 0.00000
768 0.00000
769 0.00000
770 0.00000
771 0.00000
772 0.00000
773 0.00000
774 0.00000
775 0.00000
776 0.00000
777 0.00000
778 0.00000
779 0.00000
780 0.00000
781 0.00000
782 0.00000
783 0.00000
784 0.00000
785 0.00000
786 0.00000
787 0.00000
788 0.00000
789 0.00000
790 0.00000
791 0.00000
792 0.00001
793 0.00001
794 0.00001
795 0.00001
796 0.00001
797 0.00001
798 0.00001
799 0.00001
800 0.00001
801 0.00001
802 0.00001
803 0.00001
804 0.00001
805 0.00001
806 0.00001
807 0.00001
808 0.00001
809 0.00001
810 0.00001
811 0.00001
812 0.00002
813 0.00002
814 0.00002
815 0.00002
816 0.00002
817 0.00002
818 0.00002
819 0.00002
820 0.00003
821 0.00003
822 0.00003
823 0.00003
824 0.00003
825 0.00003
826 0.00004
827 0.00004
828 0.00004
829 0.00004
830 0.00005
831 0.00005
832 0.00005
833 0.00006
834 0.00006
835 0.00006
836 0.00007
837 0.00007
838 0.00008
839 0.00008
840 0.00009
841 0.00009
842 0.00010
843 0.00010
844 0.00011
845 0.00012
846 0.00013
847 0.00014
848 0.00014
849 0.00015
850 0.00016
851 0.00018
852 0.00019
853 0.00020
854 0.00021
855 0.00023
856 0.00025
857 0.00026
858 0.00028
859 0.00030
860 0.00032
861 0.00034
862 0.00037
863 0.00039
864 0.00042
865 0.00045
866 0.00048
867 0.00051
868 0.00055
869 0.00059
870 0.00063
871 0.00068
872 0.00072
873 0.00078
874 0.00083
875 0.00089
876 0.00095
877 0.00102
878 0.00110
879 0.00118
880 0.00126
881 0.00135
882 0.00145
883 0.00156
884 0.00167
885 0.00179
886 0.00193
887 0.00207
888 0.00222
889 0.00238
890 0.00256
891 0.00275
892 0.00296
893 0.00318
894 0.00341
895 0.00367
896 0.00394
897 0.00424
898 0.00456
899 0.00490
900 0.00527
901 0.00567
902 0.00610
903 0.00656
904 0.00706
905 0.00760
906 0.00818
907 0.00881
908 0.00948
909 0.01021
910 0.01100
911 0.01184
912 0.01250
913 0.01572
914 0.01869
915 0.02137
916 0.02311
917 0.02395
918 0.02504
919 0.02646
920 0.02833
921 0.03088
922 0.03019
923 0.02951
924 0.03299
925 0.03227
926 0.03156
927 0.03653
928 0.03577
929 0.03501
930 0.03427
931 0.04178
932 0.04095
933 0.04013
934 0.03933
935 0.03853
936 0.03774
937 0.03697
938 0.04903
939 0.04812
940 0.04722
941 0.04634
942 0.04546
943 0.04460
944 0.04374
945 0.04290
946 0.04207
947 0.04125
948 0.04044
949 0.03963
950 0.06100
951 0.05998
952 0.05898
953 0.05799
954 0.05701
955 0.05604
956 0.05508
957 0.05413
958 0.05319
959 0.05226
960 0.05134
961 0.05044
962 0.04954
963 0.04865
964 0.04777
965 0.04690
966 0.04605
967 0.04520
968 0.04436
969 0.04353
970 0.04272
971 0.04191
972 0.04111
973 0.08583
974 0.08467
975 0.08352
976 0.08238
977 0.08124
978 0.08011
979 0.07899
980 0.07788
981 0.07678
982 0.07569
983 0.07460
984 0.07353
985 0.07246
986 0.07140
987 0.07035
988 0.06931
989 0.06827
990 0.06725
991 0.06623
992 0.06522
993 0.06422
994 0.06323
995 0.06225
996 0.06127
997 0.06031
998 0.05935
999 0.05840
1000 0.05746
1001 0.05653
1002 0.05561
1003 0.05470
1004 0.05379
1005 0.05289
1006 0.05201
1007 0.05113
1008 0.05026
1009 0.04939
1010 0.04854
1011 0.04770
1012 0.04686
1013 0.04603
1014 0.04521
1015 0.04440
1016 0.04360
1017 0.04281
1018 0.04202
1019 0.04125
1020 0.04048
1021 0.03972
1022 0.03897
1023 0.03823
1024 0.03749
1025 0.03677
1026 0.17182
1027 0.17040
1028 0.16897
1029 0.16755
1030 0.16612
1031 0.16469
1032 0.16326
1033 0.16183
1034 0.16039
1035 0.15896
1036 0.15752
1037 0.15609
1038 0.15465
1039 0.15321
1040 0.15177
1041 0.15032
1042 0.14888
1043 0.14744
1044 0.14600
1045 0.14455
1046 0.14311
1047 0.14166
1048 0.14022
1049 0.13878
1050 0.13733
1051 0.13589
1052 0.13445
1053 0.13301
1054 0.13157
1055 0.13013
1056 0.12869
1057 0.12725
1058 0.12582
1059 0.12439
1060 0.12296
1061 0.12153
1062 0.12010
1063 0.11868
1064 0.11726
1065 0.11584
1066 0.11443
1067 0.11302
1068 0.11162
1069 0.11022
1070 0.10882
1071 0.10743
1072 0.10604
1073 0.10466
1074 0.10328
1075 0.10191
1076 0.10054
1077 0.09918
1078 0.09783
1079 0.09648
1080 0.09514
1081 0.09381
1082 0.09248
1083 0.09116
1084 0.08984
1085 0.08854
1086 0.08724
1087 0.08595
1088 0.08467
1089 0.08340
1090 0.08213
1091 0.08088
1092 0.07963
1093 0.07839
1094 0.07716
1095 0.07594
1096 0.07473
1097 0.07353
1098 0.07234
1099 0.07115
1100 0.06998
1101 0.06882
1102 0.06767
1103 0.06653
1104 0.06540
1105 0.06428
1106 0.06317
1107 0.06207
1108 0.06099
1109 0.05991
1110 0.05884
1111 0.05779
1112 0.05675
1113 0.05572
1114 0.05469
1115 0.05369
1116 0.05269
1117 0.05170
1118 0.05073
1119 0.04976
1120 0.04881
1121 0.04787
1122 0.04694
1123 0.04603
1124 0.04512
1125 0.04423
1126 0.04335
1127 0.04248
1128 0.04162
1129 0.04077
1130 0.03994
1131 0.03911
1132 0.03830
1133 0.03750
1134 0.03671
1135 0.03593
1136 0.03517
1137 0.03441
1138 0.03367
1139 0.03294
1140 0.03222
1141 0.03151
1142 0.03081
1143 0.03012
1144 0.02945
1145 0.02878
1146 0.02813
1147 0.02748
1148 0.02685
1149 0.02623
1150 0.02562
1151 0.02502
1152 0.02443
1153 0.02385
1154 0.02328
1155 0.02272
1156 0.02217
1157 0.02163
1158 0.02110
1159 0.02058
1160 0.02007
1161 0.01957
1162 0.01908
1163 0.01860
1164 0.01812
1165 0.01766
1166 0.01721
1167 0.01676
1168 0.01633
1169 0.01590
1170 0.01548
1171 0.01507
1172 0.01467
1173 0.01428
1174 0.01389
1175 0.01352
1176 0.01315
1177 0.01279
1178 0.01244
1179 0.01209
1180 0.01176
1181 0.01143
1182 0.01110
1183 0.01079
1184 0.01048
1185 0.01018
1186 0.00989
1187 0.00960
1188 0.00932
1189 0.00905
1190 0.00878
1191 0.00852
1192 0.00826
1193 0.00802
1194 0.00777
1195 0.00754
1196 0.00731
1197 0.00708
1198 0.00686
1199 0.00665
1200 0.00644
1201 0.00624
1202 0.00604
1203 0.00585
1204 0.00567
1205 0.00548
1206 0.00531
1207 0.00513
1208 0.00497
1209 0.00480
1210 0.00465
1211 0.00449
1212 0.00434
1213 0.00420
1214 0.00405
1215 0.00392
1216 1.00000
