17 0.99915
18 0.99908
19 0.99900
20 0.99892
21 0.99884
22 0.99876
23 0.99867
24 0.99859
25 0.99850
26 0.99841
27 0.99832
28 0.99823
29 0.99813
30 0.99804
31 0.99794
32 0.99784
33 0.99774
34 0.99764
35 0.99754
36 0.99744
37 0.99733
38 0.99723
39 0.99712
40 0.99701
41 0.99690
42 0.99679
43 0.99668
44 0.99656
45 0.99645
46 0.99633
47 0.99622
48 0.99610
49 0.99598
50 0.99586
51 0.99574
52 0.99562
53 0.99550
54 0.99538
55 0.99525
56 0.99513
57 0.99500
58 0.99487
59 0.99475
60 0.99462
61 0.99449
62 0.99436
63 0.99423
64 0.99410
65 0.99396
66 0.99383
67 0.99370
68 0.99356
69 0.99343
70 0.99329
71 0.99316
72 0.99302
73 0.99288
74 0.99274
75 0.99260
76 0.99246
77 0.99232
78 0.99218
79 0.99204
80 0.99190
81 0.99175
82 0.99161
83 0.99146
84 0.99132
85 0.99117
86 0.99103
87 0.99088
88 0.99074
89 0.99059
90 0.99044
91 0.99029
92 0.99014
93 0.98999
94 0.98984
95 0.98969
96 0.98954
97 0.98939
98 0.98924
99 0.98909
100 0.98893
101 0.98878
102 0.98863
103 0.98847
104 0.98832
105 0.98816
106 0.98801
107 0.98785
108 0.98770
109 0.98754
110 0.98738
111 0.98723
112 0.98707
113 0.98691
114 0.98675
115 0.98660
116 0.98644
117 0.98628
118 0.98612
119 0.98596
120 0.98580
121 0.98564
122 0.98548
123 0.98532
124 0.98516
125 0.98500
126 0.98484
127 0.98467
128 0.98451
129 0.98435
130 0.98419
131 0.98403
132 0.98386
133 0.98370
134 0.98354
135 0.98337
136 0.98321
137 0.98305
138 0.98288
139 0.98272
140 0.98255
141 0.98239
142 0.98222
143 0.98206
144 0.98189
145 0.98173
146 0.98156
147 0.98140
148 0.98123
149 0.98107
150 0.98090
151 0.98073
152 0.98057
153 0.98040
154 0.98023
155 0.98007
156 0.97990
157 0.97973
158 0.97957
159 0.97940
160 0.97923
161 0.97907
162 0.97890
163 0.97873
164 0.97856
165 0.97840
166 0.97823
167 0.97806
168 0.97789
169 0.97773
170 0.97756
171 0.97739
172 0.97722
173 0.97706
174 0.97689
175 0.97672
176 0.97655
177 0.97638
178 0.97622
179 0.97605
180 0.97588
181 0.97571
182 0.97554
183 0.97538
184 0.97521
185 0.97504
186 0.97487
187 0.97471
188 0.97454
189 0.97437
190 0.97420
191 0.97403
192 0.97387
193 0.97370
194 0.97353
195 0.97336
196 0.97320
197 0.97303
198 0.97286
199 0.97269
200 0.97253
201 0.97236
202 0.97219
203 0.97203
204 0.97186
205 0.97169
206 0.97152
207 0.97136
208 0.97119
209 0.97103
210 0.97086
211 0.97069
212 0.97053
213 0.97036
214 0.97019
215 0.97003
216 0.96986
217 0.96970
218 0.96953
219 0.96937
220 0.96920
221 0.96904
222 0.96887
223 0.96871
224 0.96854
225 0.96838
226 0.96821
227 0.96805
228 0.96788
229 0.96772
230 0.96756
231 0.96739
232 0.96723
233 0.96707
234 0.96690
235 0.96674
236 0.96658
237 0.96641
238 0.96625
239 0.96609
240 0.96593
241 0.96577
242 0.96560
243 0.96544
244 0.96528
245 0.96512
246 0.96496
247 0.96480
248 0.96464
249 0.96448
250 0.96432
251 0.96416
252 0.96400
253 0.96384
254 0.96368
255 0.96352
256 0.96336
257 0.96320
258 0.96304
259 0.96289
260 0.96273
261 0.96257
262 0.96241
263 0.96226
264 0.96210
265 0.96194
266 0.96179
267 0.96163
268 0.96147
269 0.96132
270 0.96116
271 0.96101
272 0.96085
273 0.96070
274 0.96054
275 0.96039
276 0.96024
277 0.96008
278 0.95993
279 0.95978
280 0.95962
281 0.95947
282 0.95932
283 0.95917
284 0.95902
285 0.95887
286 0.95871
287 0.95856
288 0.95841
289 0.95826
290 0.95811
291 0.95796
292 0.95782
293 0.95767
294 0.95752
295 0.95737
296 0.95722
297 0.95707
298 0.95693
299 0.95678
300 0.95663
301 0.95649
302 0.95634
303 0.95619
304 0.95605
305 0.95590
306 0.95576
307 0.95562
308 0.95547
309 0.95533
310 0.95518
311 0.95504
312 0.95490
313 0.95476
314 0.95461
315 0.95447
316 0.95433
317 0.95419
318 0.95405
319 0.95391
320 0.95377
321 0.95363
322 0.95349
323 0.95335
324 0.95321
325 0.95308
326 0.95294
327 0.95280
328 0.95266
329 0.95253
330 0.95239
331 0.95225
332 0.95212
333 0.95198
334 0.95185
335 0.95172
336 0.95158
337 0.95145
338 0.95131
339 0.95118
340 0.95105
341 0.95092
342 0.95079
343 0.95065
344 0.95052
345 0.95039
346 0.95026
347 0.95013
348 0.95000
349 0.94988
350 0.94975
351 0.94962
352 0.94949
353 0.94936
354 0.94924
355 0.94911
356 0.94899
357 0.94886
358 0.94873
359 0.94861
360 0.94849
361 0.94836
362 0.94824
363 0.94812
364 0.94799
365 0.94787
366 0.94775
367 0.94763
368 0.94751
369 0.94739
370 0.94727
371 0.94715
372 0.94703
373 0.94691
374 0.94679
375 0.94667
376 0.94656
377 0.94644
378 0.94632
379 0.94621
380 0.94609
381 0.94598
382 0.94586
383 0.94575
384 0.94563
385 0.94552
386 0.94541
387 0.94529
388 0.94518
389 0.94507
390 0.94496
391 0.94485
392 0.94474
393 0.94463
394 0.94452
395 0.94441
396 0.94430
397 0.94420
398 0.94409
399 0.94398
400 0.94388
401 0.94377
402 0.94366
403 0.94356
404 0.94346
405 0.94335
406 0.94325
407 0.94315
408 0.94304
409 0.94294
410 0.94284
411 0.94274
412 0.94264
413 0.94254
414 0.94244
415 0.94234
416 0.94224
417 0.94214
418 0.94205
419 0.94195
420 0.94185
421 0.94176
422 0.94166
423 0.94157
424 0.94147
425 0.94138
426 0.94128
427 0.94119
428 0.94110
429 0.94101
430 0.94091
431 0.94082
432 0.94073
433 0.94064
434 0.94055
435 0.94046
436 0.94038
437 0.94029
438 0.94020
439 0.94011
440 0.94003
441 0.93994
442 0.93986
443 0.93977
444 0.93969
445 0.93960
446 0.93952
447 0.93944
448 0.93936
449 0.93927
450 0.93919
451 0.93911
452 0.93903
453 0.93895
454 0.93887
455 0.93880
456 0.93872
457 0.93864
458 0.93856
459 0.93849
460 0.93841
461 0.93834
462 0.93826
463 0.93819
464 0.93812
465 0.93804
466 0.93797
467 0.93790
468 0.93783
469 0.93776
470 0.93769
471 0.93762
472 0.93755
473 0.93748
474 0.93741
475 0.93734
476 0.93728
477 0.93721
478 0.93715
479 0.93708
480 0.93702
481 0.93695
482 0.93689
483 0.93683
484 0.93676
485 0.93670
486 0.93664
487 0.93658
488 0.93652
489 0.93646
490 0.93640
491 0.93634
492 0.93629
493 0.93623
494 0.93617
495 0.93612
496 0.93606
497 0.93601
498 0.93595
499 0.93590
500 0.93585
501 0.93579
502 0.93574
503 0.93569
504 0.93564
505 0.93559
506 0.93554
507 0.93549
508 0.93544
509 0.93540
510 0.93535
511 0.93530
512 0.93526
513 0.93521
514 0.93517
515 0.93512
516 0.93508
517 0.93504
518 0.93499
519 0.93495
520 0.93491
521 0.93487
522 0.93483
523 0.93479
524 0.93475
525 0.93471
526 0.93468
527 0.93464
528 0.93460
529 0.93457
530 0.93453
531 0.93450
532 0.93446
533 0.93443
534 0.93440
535 0.93437
536 0.93434
537 0.93430
538 0.93427
539 0.93425
540 0.93422
541 0.93419
542 0.93416
543 0.93413
544 0.93411
545 0.93408
546 0.93406
547 0.93403
548 0.93401
549 0.93398
550 0.93396
551 0.93394
552 0.93392
553 0.93390
554 0.93388
555 0.93386
556 0.93384
557 0.93382
558 0.93380
559 0.93379
560 0.93377
561 0.93376
562 0.93374
563 0.93373
564 0.93371
565 0.93370
566 0.93369
567 0.93368
568 0.93366
569 0.93365
570 0.93364
571 0.93364
572 0.93363
573 0.93362
574 0.93361
575 0.93361
576 0.93360
577 0.93359
578 0.93359
579 0.93359
580 0.93358
581 0.93358
582 0.93358
583 0.93358
584 0.93358
585 0.93358
586 0.93358
587 0.93358
588 0.93358
589 0.93358
590 0.93359
591 0.93359
592 0.93360
593 0.93360
594 0.93361
595 0.93361
596 0.93362
597 0.93363
598 0.93364
599 0.93365
600 0.93366
601 0.93367
602 0.93368
603 0.93369
604 0.93371
605 0.93372
606 0.93373
607 0.93375
608 0.93376
609 0.93378
610 0.93380
611 0.93381
612 0.93383
613 0.93385
614 0.93387
615 0.93389
616 0.93391
617 0.93393
618 0.93396
619 0.93398
620 0.93400
621 0.93403
622 0.93405
623 0.93408
624 0.93411
625 0.93413
626 0.93416
627 0.93419
628 0.93422
629 0.93425
630 0.93428
631 0.93431
632 0.93434
633 0.93438
634 0.93441
635 0.93445
636 0.93448
637 0.93452
638 0.93455
639 0.93459
640 0.93463
641 0.93467
642 0.93471
643 0.93475
644 0.93479
645 0.93483
646 0.93487
647 0.93491
648 0.93496
649 0.93500
650 0.93505
651 0.93509
652 0.93514
653 0.93519
654 0.93523
655 0.93528
656 0.93533
657 0.93538
658 0.93543
659 0.93548
660 0.93554
661 0.93559
662 0.93564
663 0.93570
664 0.93575
665 0.93581
666 0.93587
667 0.93592
668 0.93598
669 0.93604
670 0.93610
671 0.93616
672 0.93622
673 0.93628
674 0.93635
675 0.93641
676 0.93647
677 0.93654
678 0.93660
679 0.93667
680 0.93674
681 0.93681
682 0.93688
683 0.93694
684 0.93701
685 0.93709
686 0.93716
687 0.93723
688 0.93730
689 0.93738
690 0.93745
691 0.93753
692 0.93760
693 0.93768
694 0.93776
695 0.93784
696 0.93792
697 0.93800
698 0.93808
699 0.93816
700 0.93824
701 0.93832
702 0.93841
703 0.93849
704 0.93858
705 0.93866
706 0.93875
707 0.93884
708 0.93893
709 0.93902
710 0.93911
711 0.93920
712 0.93929
713 0.93938
714 0.93948
715 0.93957
716 0.93966
717 0.93976
718 0.93986
719 0.93995
720 0.94005
721 0.94015
722 0.94025
723 0.94035
724 0.94045
725 0.94055
726 0.94066
727 0.94076
728 0.94086
729 0.94097
730 0.94107
731 0.94118
732 0.94129
733 0.94140
734 0.94151
735 0.94162
736 0.94173
737 0.94184
738 0.94195
739 0.94206
740 0.94218
741 0.94229
742 0.94241
743 0.94252
744 0.94264
745 0.94276
746 0.94288
747 0.94300
748 0.94312
749 0.94324
750 0.94336
751 0.94348
752 0.94361
753 0.94373
754 0.94386
755 0.94398
756 0.94411
757 0.94424
758 0.94437
759 0.94450
760 0.94463
761 0.94476
762 0.94489
763 0.94502
764 0.94516
765 0.94529
766 0.94543
767 0.94556
768 0.94570
769 0.94584
770 0.94598
771 0.94612
772 0.94626
773 0.94640
774 0.94654
775 0.94669
776 0.94683
777 0.94697
778 0.94712
779 0.94727
780 0.94741
781 0.94756
782 0.94771
783 0.94786
784 0.94801
785 0.94816
786 0.94832
787 0.94847
788 0.94862
789 0.94878
790 0.94893
791 0.94909
792 0.94925
793 0.94941
794 0.94957
795 0.94973
796 0.94989
797 0.95005
798 0.95021
799 0.95038
800 0.95054
801 0.95071
802 0.95087
803 0.95104
804 0.95121
805 0.95138
806 0.95155
807 0.95172
808 0.95189
809 0.95206
810 0.95224
811 0.95241
812 0.95259
813 0.95276
814 0.95294
815 0.95312
816 0.95330
817 0.95348
818 0.95366
819 0.95384
820 0.95402
821 0.95420
822 0.95439
823 0.95457
824 0.95476
825 0.95495
826 0.95513
827 0.95532
828 0.95551
829 0.95570
830 0.95589
831 0.95609
832 0.95628
833 0.95648
834 0.95667
835 0.95687
836 0.95706
837 0.95726
838 0.95746
839 0.95766
840 0.95786
841 0.95806
842 0.95827
843 0.95847
844 0.95867
845 0.95888
846 0.95909
847 0.95929
848 0.95950
849 0.95971
850 0.95992
851 0.96013
852 0.96035
853 0.96056
854 0.96077
855 0.96099
856 0.96120
857 0.96142
858 0.96164
859 0.96186
860 0.96208
861 0.96230
862 0.96252
863 0.96274
864 0.96297
865 0.96319
866 0.96342
867 0.96364
868 0.96387
869 0.96410
870 0.96433
871 0.96456
872 0.96479
873 0.96502
874 0.96526
875 0.96549
876 0.96572
877 0.96596
878 0.96620
879 0.96644
880 0.96668
881 0.96692
882 0.96716
883 0.96740
884 0.96764
885 0.96789
886 0.96813
887 0.96838
888 0.96863
889 0.96887
890 0.96912
891 0.96937
892 0.96963
893 0.96988
894 0.97013
895 0.97038
896 0.97064
897 0.97090
898 0.97115
899 0.97141
900 0.97167
901 0.97193
902 0.97219
903 0.97246
904 0.97272
905 0.97298
906 0.97325
907 0.97352
908 0.97378
909 0.97405
910 0.97432
911 0.97459
912 0.97480
913 0.97635
914 0.97738
915 0.97809
916 0.97850
917 0.97872
918 0.97895
919 0.97922
920 0.97953
921 0.97988
922 0.97985
923 0.97982
924 0.98024
925 0.98021
926 0.98018
927 0.98070
928 0.98067
929 0.98064
930 0.98061
931 0.98127
932 0.98125
933 0.98122
934 0.98119
935 0.98116
936 0.98113
937 0.98110
938 0.98200
939 0.98197
940 0.98194
941 0.98191
942 0.98189
943 0.98186
944 0.98183
945 0.98180
946 0.98178
947 0.98175
948 0.98172
949 0.98169
950 0.98300
951 0.98298
952 0.98295
953 0.98292
954 0.98290
955 0.98287
956 0.98285
957 0.98282
958 0.98280
959 0.98277
960 0.98274
961 0.98272
962 0.98269
963 0.98267
964 0.98264
965 0.98262
966 0.98259
967 0.98256
968 0.98254
969 0.98251
970 0.98249
971 0.98246
972 0.98244
973 0.98458
974 0.98456
975 0.98454
976 0.98451
977 0.98449
978 0.98447
979 0.98445
980 0.98442
981 0.98440
982 0.98438
983 0.98436
984 0.98433
985 0.98431
986 0.98429
987 0.98426
988 0.98424
989 0.98422
990 0.98420
991 0.98417
992 0.98415
993 0.98413
994 0.98411
995 0.98408
996 0.98406
997 0.98404
998 0.98401
999 0.98399
1000 0.98397
1001 0.98395
1002 0.98392
1003 0.98390
1004 0.98388
1005 0.98385
1006 0.98383
1007 0.98381
1008 0.98378
1009 0.98376
1010 0.98374
1011 0.98372
1012 0.98369
1013 0.98367
1014 0.98365
1015 0.98362
1016 0.98360
1017 0.98358
1018 0.98355
1019 0.98353
1020 0.98351
1021 0.98349
1022 0.98346
1023 0.98344
1024 0.98342
1025 0.98339
1026 0.98777
1027 0.98776
1028 0.98774
1029 0.98772
1030 0.98771
1031 0.98769
1032 0.98767
1033 0.98765
1034 0.98764
1035 0.98762
1036 0.98760
1037 0.98759
1038 0.98757
1039 0.98755
1040 0.98754
1041 0.98752
1042 0.98750
1043 0.98748
1044 0.98747
1045 0.98745
1046 0.98743
1047 0.98742
1048 0.98740
1049 0.98738
1050 0.98736
1051 0.98735
1052 0.98733
1053 0.98731
1054 0.98730
1055 0.98728
1056 0.98726
1057 0.98724
1058 0.98723
1059 0.98721
1060 0.98719
1061 0.98717
1062 0.98716
1063 0.98714
1064 0.98712
1065 0.98711
1066 0.98709
1067 0.98707
1068 0.98705
1069 0.98704
1070 0.98702
1071 0.98700
1072 0.98698
1073 0.98697
1074 0.98695
1075 0.98693
1076 0.98692
1077 0.98690
1078 0.98688
1079 0.98686
1080 0.98685
1081 0.98683
1082 0.98681
1083 0.98679
1084 0.98678
1085 0.98676
1086 0.98674
1087 0.98672
1088 0.98671
1089 0.98669
1090 0.98667
1091 0.98665
1092 0.98664
1093 0.98662
1094 0.98660
1095 0.98658
1096 0.98657
1097 0.98655
1098 0.98653
1099 0.98651
1100 0.98650
1101 0.98648
1102 0.98646
1103 0.98644
1104 0.98643
1105 0.98641
1106 0.98639
1107 0.98637
1108 0.98636
1109 0.98634
1110 0.98632
1111 0.98630
1112 0.98629
1113 0.98627
1114 0.98625
1115 0.98623
1116 0.98622
1117 0.98620
1118 0.98618
1119 0.98616
1120 0.98615
1121 0.98613
1122 0.98611
1123 0.98609
1124 0.98608
1125 0.98606
1126 0.98604
1127 0.98602
1128 0.98600
1129 0.98599
1130 0.98597
1131 0.98595
1132 0.98593
1133 0.98592
1134 0.98590
1135 0.98588
1136 0.98586
1137 0.98584
1138 0.98583
1139 0.98581
1140 0.98579
1141 0.98577
1142 0.98576
1143 0.98574
1144 0.98572
1145 0.98570
1146 0.98568
1147 0.98567
1148 0.98565
1149 0.98563
1150 0.98561
1151 0.98560
1152 0.98558
1153 0.98556
1154 0.98554
1155 0.98552
1156 0.98551
1157 0.98549
1158 0.98547
1159 0.98545
1160 0.98544
1161 0.98542
1162 0.98540
1163 0.98538
1164 0.98536
1165 0.98535
1166 0.98533
1167 0.98531
1168 0.98529
1169 0.98527
1170 0.98526
1171 0.98524
1172 0.98522
1173 0.98520
1174 0.98518
1175 0.98517
1176 0.98515
1177 0.98513
1178 0.98511
1179 0.98509
1180 0.98508
1181 0.98506
1182 0.98504
1183 0.98502
1184 0.98500
1185 0.98499
1186 0.98497
1187 0.98495
1188 0.98493
1189 0.98491
1190 0.98490
1191 0.98488
1192 0.98486
1193 0.98484
1194 0.98482
1195 0.98480
1196 0.98479
1197 0.98477
1198 0.98475
1199 0.98473
1200 0.98471
1201 0.98470
1202 0.98468
1203 0.98466
1204 0.98464
1205 0.98462
1206 0.98461
1207 0.98459
1208 0.98457
1209 0.98455
1210 0.98453
1211 0.98451
1212 0.98450
1213 0.98448
1214 0.98446
1215 0.98444
1216 1.00000
