17 0.98807
18 0.98697
19 0.98583
20 0.98467
21 0.98347
22 0.98224
23 0.98099
24 0.97970
25 0.97838
26 0.97704
27 0.97567
28 0.97427
29 0.97285
30 0.97140
31 0.96992
32 0.96842
33 0.96690
34 0.96536
35 0.96379
36 0.96220
37 0.96058
38 0.95895
39 0.95729
40 0.95562
41 0.95392
42 0.95221
43 0.95047
44 0.94872
45 0.94694
46 0.94515
47 0.94335
48 0.94152
49 0.93968
50 0.93782
51 0.93594
52 0.93405
53 0.93214
54 0.93022
55 0.92828
56 0.92633
57 0.92436
58 0.92238
59 0.92038
60 0.91837
61 0.91635
62 0.91432
63 0.91227
64 0.91021
65 0.90814
66 0.90605
67 0.90396
68 0.90185
69 0.89973
70 0.89761
71 0.89547
72 0.89332
73 0.89116
74 0.88899
75 0.88682
76 0.88463
77 0.88243
78 0.88023
79 0.87802
80 0.87580
81 0.87357
82 0.87133
83 0.86909
84 0.86683
85 0.86458
86 0.86231
87 0.86004
88 0.85776
89 0.85547
90 0.85318
91 0.85089
92 0.84858
93 0.84627
94 0.84396
95 0.84164
96 0.83932
97 0.83699
98 0.83466
99 0.83232
100 0.82998
101 0.82764
102 0.82529
103 0.82294
104 0.82058
105 0.81822
106 0.81586
107 0.81349
108 0.81113
109 0.80876
110 0.80638
111 0.80401
112 0.80163
113 0.79925
114 0.79687
115 0.79449
116 0.79210
117 0.78972
118 0.78733
119 0.78494
120 0.78256
121 0.78017
122 0.77778
123 0.77539
124 0.77300
125 0.77060
126 0.76821
127 0.76582
128 0.76343
129 0.76104
130 0.75865
131 0.75626
132 0.75387
133 0.75148
134 0.74910
135 0.74671
136 0.74433
137 0.74194
138 0.73956
139 0.73718
140 0.73480
141 0.73242
142 0.73005
143 0.72767
144 0.72530
145 0.72293
146 0.72056
147 0.71820
148 0.71583
149 0.71347
150 0.71112
151 0.70876
152 0.70641
153 0.70406
154 0.70171
155 0.69937
156 0.69703
157 0.69469
158 0.69236
159 0.69003
160 0.68770
161 0.68538
162 0.68306
163 0.68075
164 0.67843
165 0.67613
166 0.67382
167 0.67152
168 0.66923
169 0.66694
170 0.66465
171 0.66237
172 0.66009
173 0.65781
174 0.65554
175 0.65328
176 0.65102
177 0.64876
178 0.64651
179 0.64427
180 0.64202
181 0.63979
182 0.63756
183 0.63533
184 0.63311
185 0.63089
186 0.62868
187 0.62648
188 0.62428
189 0.62208
190 0.61990
191 0.61771
192 0.61553
193 0.61336
194 0.61119
195 0.60903
196 0.60688
197 0.60473
198 0.60258
199 0.60045
200 0.59831
201 0.59619
202 0.59407
203 0.59195
204 0.58985
205 0.58774
206 0.58565
207 0.58356
208 0.58147
209 0.57940
210 0.57733
211 0.57526
212 0.57320
213 0.57115
214 0.56910
215 0.56706
216 0.56503
217 0.56300
218 0.56098
219 0.55897
220 0.55696
221 0.55496
222 0.55297
223 0.55098
224 0.54900
225 0.54703
226 0.54506
227 0.54310
228 0.54114
229 0.53919
230 0.53725
231 0.53532
232 0.53339
233 0.53147
234 0.52956
235 0.52765
236 0.52575
237 0.52386
238 0.52197
239 0.52009
240 0.51822
241 0.51635
242 0.51449
243 0.51264
244 0.51080
245 0.50896
246 0.50713
247 0.50530
248 0.50349
249 0.50168
250 0.49987
251 0.49808
252 0.49629
253 0.49451
254 0.49273
255 0.49096
256 0.48920
257 0.48745
258 0.48570
259 0.48396
260 0.48223
261 0.48050
262 0.47878
263 0.47707
264 0.47536
265 0.47366
266 0.47197
267 0.47029
268 0.46861
269 0.46694
270 0.46528
271 0.46362
272 0.46198
273 0.46033
274 0.45870
275 0.45707
276 0.45545
277 0.45384
278 0.45223
279 0.45063
280 0.44904
281 0.44745
282 0.44587
283 0.44430
284 0.44274
285 0.44118
286 0.43963
287 0.43808
288 0.43655
289 0.43502
290 0.43350
291 0.43198
292 0.43047
293 0.42897
294 0.42747
295 0.42599
296 0.42450
297 0.42303
298 0.42156
299 0.42010
300 0.41865
301 0.41720
302 0.41576
303 0.41433
304 0.41290
305 0.41148
306 0.41007
307 0.40866
308 0.40726
309 0.40587
310 0.40448
311 0.40311
312 0.40173
313 0.40037
314 0.39901
315 0.39766
316 0.39631
317 0.39497
318 0.39364
319 0.39232
320 0.39100
321 0.38969
322 0.38838
323 0.38708
324 0.38579
325 0.38450
326 0.38322
327 0.38195
328 0.38069
329 0.37943
330 0.37817
331 0.37693
332 0.37569
333 0.37445
334 0.37323
335 0.37201
336 0.37079
337 0.36958
338 0.36838
339 0.36719
340 0.36600
341 0.36482
342 0.36364
343 0.36247
344 0.36131
345 0.36015
346 0.35900
347 0.35786
348 0.35672
349 0.35559
350 0.35446
351 0.35334
352 0.35223
353 0.35112
354 0.35002
355 0.34893
356 0.34784
357 0.34675
358 0.34568
359 0.34461
360 0.34354
361 0.34248
362 0.34143
363 0.34039
364 0.33935
365 0.33831
366 0.33728
367 0.33626
368 0.33524
369 0.33423
370 0.33323
371 0.33223
372 0.33124
373 0.33025
374 0.32927
375 0.32829
376 0.32733
377 0.32636
378 0.32540
379 0.32445
380 0.32351
381 0.32256
382 0.32163
383 0.32070
384 0.31978
385 0.31886
386 0.31795
387 0.31704
388 0.31614
389 0.31524
390 0.31436
391 0.31347
392 0.31259
393 0.31172
394 0.31085
395 0.30999
396 0.30913
397 0.30828
398 0.30744
399 0.30660
400 0.30576
401 0.30493
402 0.30411
403 0.30329
404 0.30248
405 0.30167
406 0.30087
407 0.30007
408 0.29928
409 0.29850
410 0.29771
411 0.29694
412 0.29617
413 0.29540
414 0.29464
415 0.29389
416 0.29314
417 0.29240
418 0.29166
419 0.29092
420 0.29019
421 0.28947
422 0.28875
423 0.28804
424 0.28733
425 0.28663
426 0.28593
427 0.28524
428 0.28455
429 0.28387
430 0.28319
431 0.28252
432 0.28185
433 0.28119
434 0.28053
435 0.27988
436 0.27923
437 0.27858
438 0.27795
439 0.27731
440 0.27668
441 0.27606
442 0.27544
443 0.27483
444 0.27422
445 0.27362
446 0.27302
447 0.27242
448 0.27183
449 0.27125
450 0.27067
451 0.27010
452 0.26952
453 0.26896
454 0.26840
455 0.26784
456 0.26729
457 0.26674
458 0.26620
459 0.26567
460 0.26513
461 0.26461
462 0.26408
463 0.26356
464 0.26305
465 0.26254
466 0.26204
467 0.26154
468 0.26104
469 0.26055
470 0.26006
471 0.25958
472 0.25910
473 0.25863
474 0.25816
475 0.25770
476 0.25724
477 0.25679
478 0.25634
479 0.25589
480 0.25545
481 0.25502
482 0.25458
483 0.25416
484 0.25373
485 0.25332
486 0.25290
487 0.25249
488 0.25209
489 0.25169
490 0.25129
491 0.25090
492 0.25051
493 0.25013
494 0.24975
495 0.24938
496 0.24901
497 0.24864
498 0.24828
499 0.24793
500 0.24757
501 0.24723
502 0.24688
503 0.24654
504 0.24621
505 0.24588
506 0.24555
507 0.24523
508 0.24492
509 0.24460
510 0.24429
511 0.24399
512 0.24369
513 0.24340
514 0.24311
515 0.24282
516 0.24254
517 0.24226
518 0.24199
519 0.24172
520 0.24145
521 0.24119
522 0.24093
523 0.24068
524 0.24043
525 0.24019
526 0.23995
527 0.23972
528 0.23949
529 0.23926
530 0.23904
531 0.23882
532 0.23861
533 0.23840
534 0.23820
535 0.23800
536 0.23780
537 0.23761
538 0.23742
539 0.23724
540 0.23706
541 0.23689
542 0.23672
543 0.23655
544 0.23639
545 0.23623
546 0.23608
547 0.23593
548 0.23579
549 0.23565
550 0.23552
551 0.23539
552 0.23526
553 0.23514
554 0.23502
555 0.23491
556 0.23480
557 0.23470
558 0.23460
559 0.23450
560 0.23441
561 0.23432
562 0.23424
563 0.23416
564 0.23409
565 0.23402
566 0.23396
567 0.23390
568 0.23384
569 0.23379
570 0.23374
571 0.23370
572 0.23367
573 0.23363
574 0.23360
575 0.23358
576 0.23356
577 0.23355
578 0.23354
579 0.23353
580 0.23353
581 0.23353
582 0.23354
583 0.23356
584 0.23357
585 0.23360
586 0.23362
587 0.23365
588 0.23369
589 0.23373
590 0.23378
591 0.23383
592 0.23388
593 0.23394
594 0.23401
595 0.23408
596 0.23415
597 0.23423
598 0.23432
599 0.23440
600 0.23450
601 0.23460
602 0.23470
603 0.23481
604 0.23492
605 0.23504
606 0.23517
607 0.23529
608 0.23543
609 0.23557
610 0.23571
611 0.23586
612 0.23601
613 0.23617
614 0.23634
615 0.23650
616 0.23668
617 0.23686
618 0.23704
619 0.23723
620 0.23743
621 0.23763
622 0.23784
623 0.23805
624 0.23826
625 0.23849
626 0.23871
627 0.23895
628 0.23919
629 0.23943
630 0.23968
631 0.23994
632 0.24020
633 0.24046
634 0.24074
635 0.24101
636 0.24130
637 0.24159
638 0.24188
639 0.24218
640 0.24249
641 0.24280
642 0.24312
643 0.24345
644 0.24378
645 0.24411
646 0.24446
647 0.24481
648 0.24516
649 0.24552
650 0.24589
651 0.24626
652 0.24664
653 0.24703
654 0.24742
655 0.24782
656 0.24823
657 0.24864
658 0.24906
659 0.24948
660 0.24991
661 0.25035
662 0.25080
663 0.25125
664 0.25171
665 0.25217
666 0.25264
667 0.25312
668 0.25361
669 0.25410
670 0.25460
671 0.25511
672 0.25562
673 0.25615
674 0.25667
675 0.25721
676 0.25776
677 0.25831
678 0.25887
679 0.25943
680 0.26001
681 0.26059
682 0.26118
683 0.26177
684 0.26238
685 0.26299
686 0.26361
687 0.26424
688 0.26488
689 0.26552
690 0.26618
691 0.26684
692 0.26751
693 0.26819
694 0.26887
695 0.26957
696 0.27027
697 0.27099
698 0.27171
699 0.27244
700 0.27318
701 0.27393
702 0.27468
703 0.27545
704 0.27623
705 0.27701
706 0.27780
707 0.27861
708 0.27942
709 0.28025
710 0.28108
711 0.28192
712 0.28277
713 0.28364
714 0.28451
715 0.28539
716 0.28628
717 0.28719
718 0.28810
719 0.28903
720 0.28996
721 0.29091
722 0.29186
723 0.29283
724 0.29381
725 0.29480
726 0.29580
727 0.29681
728 0.29783
729 0.29887
730 0.29992
731 0.30098
732 0.30205
733 0.30313
734 0.30422
735 0.30533
736 0.30645
737 0.30758
738 0.30872
739 0.30988
740 0.31105
741 0.31223
742 0.31343
743 0.31464
744 0.31586
745 0.31710
746 0.31835
747 0.31961
748 0.32089
749 0.32218
750 0.32349
751 0.32481
752 0.32614
753 0.32749
754 0.32885
755 0.33023
756 0.33163
757 0.33304
758 0.33446
759 0.33590
760 0.33736
761 0.33883
762 0.34032
763 0.34182
764 0.34334
765 0.34488
766 0.34643
767 0.34800
768 0.34959
769 0.35120
770 0.35282
771 0.35446
772 0.35612
773 0.35780
774 0.35949
775 0.36121
776 0.36294
777 0.36469
778 0.36646
779 0.36825
780 0.37006
781 0.37189
782 0.37374
783 0.37561
784 0.37750
785 0.37941
786 0.38134
787 0.38329
788 0.38527
789 0.38727
790 0.38928
791 0.39132
792 0.39339
793 0.39547
794 0.39758
795 0.39971
796 0.40187
797 0.40404
798 0.40625
799 0.40847
800 0.41073
801 0.41300
802 0.41530
803 0.41763
804 0.41998
805 0.42236
806 0.42477
807 0.42720
808 0.42966
809 0.43215
810 0.43466
811 0.43720
812 0.43978
813 0.44238
814 0.44500
815 0.44766
816 0.45035
817 0.45307
818 0.45582
819 0.45860
820 0.46141
821 0.46425
822 0.46713
823 0.47003
824 0.47298
825 0.47595
826 0.47896
827 0.48200
828 0.48508
829 0.48819
830 0.49133
831 0.49452
832 0.49774
833 0.50099
834 0.50429
835 0.50762
836 0.51099
837 0.51440
838 0.51784
839 0.52133
840 0.52486
841 0.52843
842 0.53204
843 0.53569
844 0.53939
845 0.54312
846 0.54691
847 0.55073
848 0.55460
849 0.55852
850 0.56248
851 0.56649
852 0.57054
853 0.57465
854 0.57880
855 0.58300
856 0.58725
857 0.59155
858 0.59591
859 0.60031
860 0.60477
861 0.60927
862 0.61383
863 0.61845
864 0.62312
865 0.62784
866 0.63262
867 0.63746
868 0.64235
869 0.64730
870 0.65231
871 0.65738
872 0.66252
873 0.66771
874 0.67297
875 0.67829
876 0.68368
877 0.68913
878 0.69464
879 0.70023
880 0.70588
881 0.71160
882 0.71740
883 0.72326
884 0.72919
885 0.73520
886 0.74128
887 0.74744
888 0.75368
889 0.75999
890 0.76638
891 0.77285
892 0.77941
893 0.78604
894 0.79276
895 0.79956
896 0.80645
897 0.81342
898 0.82048
899 0.82763
900 0.83487
901 0.84221
902 0.84963
903 0.85716
904 0.86478
905 0.87250
906 0.88032
907 0.88824
908 0.89626
909 0.90438
910 0.91262
911 0.92096
912 0.92768
913 0.92850
914 0.92944
915 0.93035
916 0.93097
917 0.93129
918 0.93169
919 0.93220
920 0.93285
921 0.93367
922 0.93353
923 0.93339
924 0.93447
925 0.93433
926 0.93420
927 0.93564
928 0.93551
929 0.93538
930 0.93524
931 0.93723
932 0.93710
933 0.93698
934 0.93685
935 0.93673
936 0.93660
937 0.93647
938 0.93934
939 0.93923
940 0.93911
941 0.93900
942 0.93888
943 0.93876
944 0.93865
945 0.93853
946 0.93841
947 0.93830
948 0.93818
949 0.93806
950 0.94249
951 0.94239
952 0.94229
953 0.94219
954 0.94209
955 0.94199
956 0.94189
957 0.94179
958 0.94169
959 0.94159
960 0.94149
961 0.94139
962 0.94128
963 0.94118
964 0.94108
965 0.94098
966 0.94087
967 0.94074
968 0.94061
969 0.94048
970 0.94035
971 0.94022
972 0.94008
973 0.94770
974 0.94760
975 0.94749
976 0.94739
977 0.94728
978 0.94718
979 0.94707
980 0.94697
981 0.94686
982 0.94675
983 0.94665
984 0.94654
985 0.94643
986 0.94633
987 0.94622
988 0.94611
989 0.94601
990 0.94590
991 0.94579
992 0.94568
993 0.94558
994 0.94547
995 0.94536
996 0.94525
997 0.94514
998 0.94504
999 0.94493
1000 0.94482
1001 0.94471
1002 0.94460
1003 0.94449
1004 0.94438
1005 0.94427
1006 0.94416
1007 0.94405
1008 0.94394
1009 0.94383
1010 0.94372
1011 0.94361
1012 0.94350
1013 0.94339
1014 0.94328
1015 0.94317
1016 0.94306
1017 0.94294
1018 0.94283
1019 0.94272
1020 0.94261
1021 0.94250
1022 0.94238
1023 0.94227
1024 0.94216
1025 0.94205
1026 0.95828
1027 0.95822
1028 0.95816
1029 0.95811
1030 0.95805
1031 0.95799
1032 0.95794
1033 0.95788
1034 0.95782
1035 0.95777
1036 0.95771
1037 0.95765
1038 0.95759
1039 0.95754
1040 0.95748
1041 0.95742
1042 0.95737
1043 0.95731
1044 0.95725
1045 0.95719
1046 0.95714
1047 0.95708
1048 0.95702
1049 0.95696
1050 0.95691
1051 0.95685
1052 0.95679
1053 0.95673
1054 0.95668
1055 0.95662
1056 0.95656
1057 0.95650
1058 0.95645
1059 0.95639
1060 0.95633
1061 0.95627
1062 0.95622
1063 0.95616
1064 0.95610
1065 0.95604
1066 0.95599
1067 0.95593
1068 0.95587
1069 0.95581
1070 0.95575
1071 0.95570
1072 0.95564
1073 0.95558
1074 0.95552
1075 0.95547
1076 0.95541
1077 0.95535
1078 0.95529
1079 0.95523
1080 0.95518
1081 0.95512
1082 0.95506
1083 0.95500
1084 0.95494
1085 0.95489
1086 0.95483
1087 0.95477
1088 0.95471
1089 0.95465
1090 0.95459
1091 0.95454
1092 0.95448
1093 0.95442
1094 0.95436
1095 0.95430
1096 0.95425
1097 0.95419
1098 0.95413
1099 0.95407
1100 0.95401
1101 0.95395
1102 0.95389
1103 0.95384
1104 0.95378
1105 0.95372
1106 0.95366
1107 0.95360
1108 0.95354
1109 0.95349
1110 0.95343
1111 0.95337
1112 0.95331
1113 0.95325
1114 0.95319
1115 0.95313
1116 0.95307
1117 0.95302
1118 0.95296
1119 0.95290
1120 0.95284
1121 0.95278
1122 0.95272
1123 0.95266
1124 0.95260
1125 0.95255
1126 0.95249
1127 0.95243
1128 0.95237
1129 0.95231
1130 0.95225
1131 0.95219
1132 0.95213
1133 0.95207
1134 0.95202
1135 0.95196
1136 0.95190
1137 0.95184
1138 0.95178
1139 0.95172
1140 0.95166
1141 0.95160
1142 0.95154
1143 0.95148
1144 0.95142
1145 0.95134
1146 0.95119
1147 0.95104
1148 0.95089
1149 0.95074
1150 0.95059
1151 0.95044
1152 0.95029
1153 0.95014
1154 0.94999
1155 0.94983
1156 0.94968
1157 0.94953
1158 0.94937
1159 0.94922
1160 0.94907
1161 0.94891
1162 0.94876
1163 0.94860
1164 0.94845
1165 0.94829
1166 0.94814
1167 0.94798
1168 0.94782
1169 0.94767
1170 0.94751
1171 0.94735
1172 0.94719
1173 0.94703
1174 0.94688
1175 0.94672
1176 0.94656
1177 0.94640
1178 0.94624
1179 0.94608
1180 0.94592
1181 0.94576
1182 0.94560
1183 0.94543
1184 0.94527
1185 0.94511
1186 0.94495
1187 0.94478
1188 0.94462
1189 0.94446
1190 0.94429
1191 0.94413
1192 0.94397
1193 0.94380
1194 0.94364
1195 0.94347
1196 0.94330
1197 0.94314
1198 0.94297
1199 0.94281
1200 0.94264
1201 0.94247
1202 0.94230
1203 0.94213
1204 0.94197
1205 0.94180
1206 0.94163
1207 0.94146
1208 0.94129
1209 0.94112
1210 0.94095
1211 0.94078
1212 0.94061
1213 0.94044
1214 0.94026
1215 0.94009
1216 1.00000
