17 0.99888
18 0.99877
19 0.99866
20 0.99855
21 0.99843
22 0.99830
23 0.99818
24 0.99805
25 0.99792
26 0.99778
27 0.99764
28 0.99750
29 0.99735
30 0.99720
31 0.99705
32 0.99689
33 0.99674
34 0.99657
35 0.99641
36 0.99624
37 0.99607
38 0.99590
39 0.99572
40 0.99554
41 0.99536
42 0.99518
43 0.99499
44 0.99480
45 0.99460
46 0.99441
47 0.99421
48 0.99401
49 0.99381
50 0.99360
51 0.99339
52 0.99318
53 0.99297
54 0.99275
55 0.99253
56 0.99231
57 0.99209
58 0.99186
59 0.99164
60 0.99140
61 0.99117
62 0.99094
63 0.99070
64 0.99046
65 0.99022
66 0.98997
67 0.98973
68 0.98948
69 0.98923
70 0.98898
71 0.98872
72 0.98847
73 0.98821
74 0.98795
75 0.98768
76 0.98742
77 0.98715
78 0.98688
79 0.98661
80 0.98634
81 0.98606
82 0.98579
83 0.98551
84 0.98523
85 0.98495
86 0.98466
87 0.98438
88 0.98409
89 0.98380
90 0.98351
91 0.98321
92 0.98292
93 0.98262
94 0.98232
95 0.98202
96 0.98172
97 0.98142
98 0.98111
99 0.98081
100 0.98050
101 0.98019
102 0.97988
103 0.97956
104 0.97925
105 0.97893
106 0.97861
107 0.97830
108 0.97797
109 0.97765
110 0.97733
111 0.97700
112 0.97668
113 0.97635
114 0.97602
115 0.97569
116 0.97536
117 0.97502
118 0.97469
119 0.97435
120 0.97401
121 0.97367
122 0.97333
123 0.97299
124 0.97265
125 0.97230
126 0.97196
127 0.97161
128 0.97126
129 0.97092
130 0.97057
131 0.97021
132 0.96986
133 0.96951
134 0.96915
135 0.96880
136 0.96844
137 0.96808
138 0.96772
139 0.96736
140 0.96700
141 0.96664
142 0.96627
143 0.96591
144 0.96554
145 0.96517
146 0.96481
147 0.96444
148 0.96407
149 0.96370
150 0.96332
151 0.96295
152 0.96258
153 0.96220
154 0.96183
155 0.96145
156 0.96107
157 0.96070
158 0.96032
159 0.95994
160 0.95956
161 0.95918
162 0.95879
163 0.95841
164 0.95803
165 0.95764
166 0.95726
167 0.95687
168 0.95648
169 0.95609
170 0.95571
171 0.95532
172 0.95493
173 0.95454
174 0.95415
175 0.95375
176 0.95336
177 0.95297
178 0.95257
179 0.95218
180 0.95178
181 0.95139
182 0.95099
183 0.95059
184 0.95020
185 0.94980
186 0.94940
187 0.94900
188 0.94860
189 0.94820
190 0.94780
191 0.94740
192 0.94700
193 0.94660
194 0.94619
195 0.94579
196 0.94539
197 0.94498
198 0.94458
199 0.94417
200 0.94377
201 0.94336
202 0.94296
203 0.94255
204 0.94214
205 0.94174
206 0.94133
207 0.94092
208 0.94051
209 0.94010
210 0.93970
211 0.93929
212 0.93888
213 0.93847
214 0.93806
215 0.93765
216 0.93724
217 0.93683
218 0.93641
219 0.93600
220 0.93559
221 0.93518
222 0.93477
223 0.93436
224 0.93394
225 0.93353
226 0.93312
227 0.93271
228 0.93229
229 0.93188
230 0.93147
231 0.93105
232 0.93064
233 0.93023
234 0.92981
235 0.92940
236 0.92899
237 0.92857
238 0.92816
239 0.92775
240 0.92733
241 0.92692
242 0.92650
243 0.92609
244 0.92568
245 0.92526
246 0.92485
247 0.92443
248 0.92402
249 0.92361
250 0.92319
251 0.92278
252 0.92236
253 0.92195
254 0.92154
255 0.92112
256 0.92071
257 0.92030
258 0.91988
259 0.91947
260 0.91906
261 0.91865
262 0.91823
263 0.91782
264 0.91741
265 0.91700
266 0.91658
267 0.91617
268 0.91576
269 0.91535
270 0.91494
271 0.91453
272 0.91412
273 0.91371
274 0.91330
275 0.91289
276 0.91248
277 0.91207
278 0.91166
279 0.91125
280 0.91084
281 0.91043
282 0.91003
283 0.90962
284 0.90921
285 0.90880
286 0.90840
287 0.90799
288 0.90758
289 0.90718
290 0.90677
291 0.90637
292 0.90596
293 0.90556
294 0.90516
295 0.90475
296 0.90435
297 0.90395
298 0.90355
299 0.90314
300 0.90274
301 0.90234
302 0.90194
303 0.90154
304 0.90114
305 0.90074
306 0.90035
307 0.89995
308 0.89955
309 0.89915
310 0.89876
311 0.89836
312 0.89797
313 0.89757
314 0.89718
315 0.89678
316 0.89639
317 0.89600
318 0.89561
319 0.89522
320 0.89482
321 0.89443
322 0.89404
323 0.89366
324 0.89327
325 0.89288
326 0.89249
327 0.89211
328 0.89172
329 0.89133
330 0.89095
331 0.89057
332 0.89018
333 0.88980
334 0.88942
335 0.88904
336 0.88866
337 0.88828
338 0.88790
339 0.88752
340 0.88714
341 0.88676
342 0.88639
343 0.88601
344 0.88564
345 0.88526
346 0.88489
347 0.88452
348 0.88414
349 0.88377
350 0.88340
351 0.88303
352 0.88267
353 0.88230
354 0.88193
355 0.88156
356 0.88120
357 0.88083
358 0.88047
359 0.88011
360 0.87974
361 0.87938
362 0.87902
363 0.87866
364 0.87830
365 0.87795
366 0.87759
367 0.87723
368 0.87688
369 0.87652
370 0.87617
371 0.87582
372 0.87547
373 0.87512
374 0.87477
375 0.87442
376 0.87407
377 0.87372
378 0.87338
379 0.87303
380 0.87269
381 0.87235
382 0.87200
383 0.87166
384 0.87132
385 0.87098
386 0.87065
387 0.87031
388 0.86997
389 0.86964
390 0.86930
391 0.86897
392 0.86864
393 0.86831
394 0.86798
395 0.86765
396 0.86732
397 0.86699
398 0.86667
399 0.86634
400 0.86602
401 0.86570
402 0.86538
403 0.86506
404 0.86474
405 0.86442
406 0.86410
407 0.86379
408 0.86347
409 0.86316
410 0.86285
411 0.86254
412 0.86223
413 0.86192
414 0.86161
415 0.86130
416 0.86100
417 0.86069
418 0.86039
419 0.86009
420 0.85979
421 0.85949
422 0.85919
423 0.85889
424 0.85860
425 0.85830
426 0.85801
427 0.85772
428 0.85742
429 0.85714
430 0.85685
431 0.85656
432 0.85627
433 0.85599
434 0.85571
435 0.85542
436 0.85514
437 0.85486
438 0.85458
439 0.85431
440 0.85403
441 0.85376
442 0.85348
443 0.85321
444 0.85294
445 0.85267
446 0.85241
447 0.85214
448 0.85187
449 0.85161
450 0.85135
451 0.85109
452 0.85083
453 0.85057
454 0.85031
455 0.85006
456 0.84980
457 0.84955
458 0.84930
459 0.84905
460 0.84880
461 0.84855
462 0.84831
463 0.84806
464 0.84782
465 0.84758
466 0.84734
467 0.84710
468 0.84686
469 0.84663
470 0.84639
471 0.84616
472 0.84593
473 0.84570
474 0.84547
475 0.84524
476 0.84502
477 0.84480
478 0.84457
479 0.84435
480 0.84413
481 0.84392
482 0.84370
483 0.84348
484 0.84327
485 0.84306
486 0.84285
487 0.84264
488 0.84243
489 0.84223
490 0.84202
491 0.84182
492 0.84162
493 0.84142
494 0.84123
495 0.84103
496 0.84084
497 0.84064
498 0.84045
499 0.84026
500 0.84007
501 0.83989
502 0.83970
503 0.83952
504 0.83934
505 0.83916
506 0.83898
507 0.83880
508 0.83863
509 0.83846
510 0.83829
511 0.83812
512 0.83795
513 0.83778
514 0.83762
515 0.83745
516 0.83729
517 0.83713
518 0.83697
519 0.83682
520 0.83666
521 0.83651
522 0.83636
523 0.83621
524 0.83606
525 0.83592
526 0.83577
527 0.83563
528 0.83549
529 0.83535
530 0.83522
531 0.83508
532 0.83495
533 0.83482
534 0.83469
535 0.83456
536 0.83443
537 0.83431
538 0.83418
539 0.83406
540 0.83395
541 0.83383
542 0.83371
543 0.83360
544 0.83349
545 0.83338
546 0.83327
547 0.83317
548 0.83306
549 0.83296
550 0.83286
551 0.83276
552 0.83266
553 0.83257
554 0.83248
555 0.83239
556 0.83230
557 0.83221
558 0.83213
559 0.83204
560 0.83196
561 0.83188
562 0.83180
563 0.83173
564 0.83166
565 0.83158
566 0.83152
567 0.83145
568 0.83138
569 0.83132
570 0.83126
571 0.83120
572 0.83114
573 0.83109
574 0.83103
575 0.83098
576 0.83093
577 0.83088
578 0.83084
579 0.83080
580 0.83076
581 0.83072
582 0.83068
583 0.83064
584 0.83061
585 0.83058
586 0.83055
587 0.83053
588 0.83050
589 0.83048
590 0.83046
591 0.83044
592 0.83042
593 0.83041
594 0.83040
595 0.83039
596 0.83038
597 0.83038
598 0.83037
599 0.83037
600 0.83037
601 0.83038
602 0.83038
603 0.83039
604 0.83040
605 0.83041
606 0.83043
607 0.83044
608 0.83046
609 0.83048
610 0.83051
611 0.83053
612 0.83056
613 0.83059
614 0.83062
615 0.83066
616 0.83069
617 0.83073
618 0.83077
619 0.83082
620 0.83086
621 0.83091
622 0.83096
623 0.83101
624 0.83107
625 0.83113
626 0.83119
627 0.83125
628 0.83131
629 0.83138
630 0.83145
631 0.83152
632 0.83159
633 0.83167
634 0.83175
635 0.83183
636 0.83191
637 0.83200
638 0.83209
639 0.83218
640 0.83227
641 0.83237
642 0.83247
643 0.83257
644 0.83267
645 0.83277
646 0.83288
647 0.83299
648 0.83311
649 0.83322
650 0.83334
651 0.83346
652 0.83358
653 0.83371
654 0.83384
655 0.83397
656 0.83410
657 0.83423
658 0.83437
659 0.83451
660 0.83466
661 0.83480
662 0.83495
663 0.83510
664 0.83526
665 0.83541
666 0.83557
667 0.83573
668 0.83590
669 0.83606
670 0.83623
671 0.83640
672 0.83658
673 0.83676
674 0.83694
675 0.83712
676 0.83730
677 0.83749
678 0.83768
679 0.83788
680 0.83807
681 0.83827
682 0.83847
683 0.83868
684 0.83889
685 0.83910
686 0.83931
687 0.83952
688 0.83974
689 0.83996
690 0.84019
691 0.84041
692 0.84064
693 0.84088
694 0.84111
695 0.84135
696 0.84159
697 0.84183
698 0.84208
699 0.84233
700 0.84258
701 0.84284
702 0.84310
703 0.84336
704 0.84362
705 0.84389
706 0.84416
707 0.84443
708 0.84471
709 0.84499
710 0.84527
711 0.84555
712 0.84584
713 0.84613
714 0.84642
715 0.84672
716 0.84702
717 0.84732
718 0.84763
719 0.84794
720 0.84825
721 0.84857
722 0.84888
723 0.84921
724 0.84953
725 0.84986
726 0.85019
727 0.85052
728 0.85086
729 0.85120
730 0.85154
731 0.85189
732 0.85224
733 0.85259
734 0.85295
735 0.85331
736 0.85367
737 0.85403
738 0.85440
739 0.85478
740 0.85515
741 0.85553
742 0.85591
743 0.85630
744 0.85669
745 0.85708
746 0.85747
747 0.85787
748 0.85827
749 0.85868
750 0.85909
751 0.85950
752 0.85992
753 0.86033
754 0.86076
755 0.86118
756 0.86161
757 0.86204
758 0.86248
759 0.86292
760 0.86336
761 0.86381
762 0.86426
763 0.86471
764 0.86517
765 0.86563
766 0.86609
767 0.86656
768 0.86703
769 0.86751
770 0.86799
771 0.86847
772 0.86895
773 0.86944
774 0.86994
775 0.87043
776 0.87093
777 0.87144
778 0.87194
779 0.87246
780 0.87297
781 0.87349
782 0.87401
783 0.87454
784 0.87507
785 0.87560
786 0.87614
787 0.87668
788 0.87723
789 0.87778
790 0.87833
791 0.87889
792 0.87945
793 0.88001
794 0.88058
795 0.88115
796 0.88173
797 0.88231
798 0.88289
799 0.88348
800 0.88407
801 0.88467
802 0.88527
803 0.88587
804 0.88648
805 0.88709
806 0.88771
807 0.88833
808 0.88896
809 0.88958
810 0.89022
811 0.89085
812 0.89150
813 0.89214
814 0.89279
815 0.89344
816 0.89410
817 0.89476
818 0.89543
819 0.89610
820 0.89678
821 0.89745
822 0.89814
823 0.89883
824 0.89952
825 0.90021
826 0.90091
827 0.90162
828 0.90233
829 0.90304
830 0.90376
831 0.90448
832 0.90521
833 0.90594
834 0.90668
835 0.90742
836 0.90817
837 0.90892
838 0.90967
839 0.91043
840 0.91119
841 0.91196
842 0.91273
843 0.91351
844 0.91429
845 0.91508
846 0.91587
847 0.91667
848 0.91747
849 0.91828
850 0.91909
851 0.91990
852 0.92072
853 0.92155
854 0.92238
855 0.92321
856 0.92405
857 0.92489
858 0.92574
859 0.92660
860 0.92746
861 0.92832
862 0.92919
863 0.93006
864 0.93094
865 0.93183
866 0.93272
867 0.93361
868 0.93451
869 0.93542
870 0.93633
871 0.93724
872 0.93816
873 0.93909
874 0.94002
875 0.94095
876 0.94189
877 0.94284
878 0.94379
879 0.94475
880 0.94571
881 0.94668
882 0.94765
883 0.94863
884 0.94962
885 0.95061
886 0.95160
887 0.95260
888 0.95361
889 0.95462
890 0.95564
891 0.95666
892 0.95769
893 0.95872
894 0.95976
895 0.96081
896 0.96186
897 0.96292
898 0.96398
899 0.96505
900 0.96612
901 0.96720
902 0.96829
903 0.96938
904 0.97048
905 0.97158
906 0.97269
907 0.97380
908 0.97493
909 0.97605
910 0.97719
911 0.97833
912 0.97924
913 0.97946
914 0.97972
915 0.97997
916 0.98014
917 0.98023
918 0.98035
919 0.98049
920 0.98067
921 0.98090
922 0.98087
923 0.98084
924 0.98113
925 0.98110
926 0.98107
927 0.98146
928 0.98143
929 0.98140
930 0.98137
931 0.98190
932 0.98188
933 0.98185
934 0.98182
935 0.98179
936 0.98176
937 0.98174
938 0.98250
939 0.98247
940 0.98244
941 0.98242
942 0.98239
943 0.98236
944 0.98234
945 0.98231
946 0.98228
947 0.98226
948 0.98223
949 0.98220
950 0.98337
951 0.98334
952 0.98332
953 0.98329
954 0.98327
955 0.98324
956 0.98322
957 0.98320
958 0.98317
959 0.98315
960 0.98312
961 0.98310
962 0.98307
963 0.98305
964 0.98302
965 0.98300
966 0.98297
967 0.98295
968 0.98292
969 0.98290
970 0.98287
971 0.98285
972 0.98282
973 0.98482
974 0.98480
975 0.98478
976 0.98475
977 0.98473
978 0.98471
979 0.98469
980 0.98467
981 0.98464
982 0.98462
983 0.98460
984 0.98458
985 0.98455
986 0.98453
987 0.98451
988 0.98449
989 0.98447
990 0.98444
991 0.98442
992 0.98440
993 0.98438
994 0.98435
995 0.98433
996 0.98431
997 0.98429
998 0.98426
999 0.98424
1000 0.98422
1001 0.98420
1002 0.98418
1003 0.98415
1004 0.98413
1005 0.98411
1006 0.98409
1007 0.98406
1008 0.98404
1009 0.98402
1010 0.98400
1011 0.98397
1012 0.98395
1013 0.98393
1014 0.98391
1015 0.98388
1016 0.98386
1017 0.98384
1018 0.98382
1019 0.98379
1020 0.98377
1021 0.98375
1022 0.98373
1023 0.98370
1024 0.98368
1025 0.98366
1026 0.98789
1027 0.98787
1028 0.98785
1029 0.98784
1030 0.98782
1031 0.98780
1032 0.98779
1033 0.98777
1034 0.98775
1035 0.98774
1036 0.98772
1037 0.98770
1038 0.98769
1039 0.98767
1040 0.98765
1041 0.98764
1042 0.98762
1043 0.98760
1044 0.98758
1045 0.98757
1046 0.98755
1047 0.98753
1048 0.98752
1049 0.98750
1050 0.98748
1051 0.98747
1052 0.98745
1053 0.98743
1054 0.98742
1055 0.98740
1056 0.98738
1057 0.98736
1058 0.98735
1059 0.98733
1060 0.98731
1061 0.98730
1062 0.98728
1063 0.98726
1064 0.98725
1065 0.98723
1066 0.98721
1067 0.98719
1068 0.98718
1069 0.98716
1070 0.98714
1071 0.98713
1072 0.98711
1073 0.98709
1074 0.98707
1075 0.98706
1076 0.98704
1077 0.98702
1078 0.98701
1079 0.98699
1080 0.98697
1081 0.98695
1082 0.98694
1083 0.98692
1084 0.98690
1085 0.98689
1086 0.98687
1087 0.98685
1088 0.98683
1089 0.98682
1090 0.98680
1091 0.98678
1092 0.98677
1093 0.98675
1094 0.98673
1095 0.98671
1096 0.98670
1097 0.98668
1098 0.98666
1099 0.98664
1100 0.98663
1101 0.98661
1102 0.98659
1103 0.98658
1104 0.98656
1105 0.98654
1106 0.98652
1107 0.98651
1108 0.98649
1109 0.98647
1110 0.98645
1111 0.98644
1112 0.98642
1113 0.98640
1114 0.98639
1115 0.98637
1116 0.98635
1117 0.98633
1118 0.98632
1119 0.98630
1120 0.98628
1121 0.98626
1122 0.98625
1123 0.98623
1124 0.98621
1125 0.98619
1126 0.98618
1127 0.98616
1128 0.98614
1129 0.98612
1130 0.98611
1131 0.98609
1132 0.98607
1133 0.98605
1134 0.98604
1135 0.98602
1136 0.98600
1137 0.98598
1138 0.98597
1139 0.98595
1140 0.98593
1141 0.98591
1142 0.98590
1143 0.98588
1144 0.98586
1145 0.98584
1146 0.98583
1147 0.98581
1148 0.98579
1149 0.98577
1150 0.98576
1151 0.98574
1152 0.98572
1153 0.98570
1154 0.98569
1155 0.98567
1156 0.98565
1157 0.98563
1158 0.98562
1159 0.98560
1160 0.98558
1161 0.98556
1162 0.98554
1163 0.98553
1164 0.98551
1165 0.98549
1166 0.98547
1167 0.98546
1168 0.98544
1169 0.98542
1170 0.98540
1171 0.98539
1172 0.98537
1173 0.98535
1174 0.98533
1175 0.98531
1176 0.98530
1177 0.98528
1178 0.98526
1179 0.98524
1180 0.98523
1181 0.98521
1182 0.98519
1183 0.98517
1184 0.98515
1185 0.98514
1186 0.98512
1187 0.98510
1188 0.98508
1189 0.98507
1190 0.98505
1191 0.98503
1192 0.98501
1193 0.98499
1194 0.98498
1195 0.98496
1196 0.98494
1197 0.98492
1198 0.98491
1199 0.98489
1200 0.98487
1201 0.98485
1202 0.98483
1203 0.98482
1204 0.98480
1205 0.98478
1206 0.98476
1207 0.98474
1208 0.98473
1209 0.98471
1210 0.98469
1211 0.98467
1212 0.98465
1213 0.98464
1214 0.98462
1215 0.98460
1216 1.00000
