17 0.85103
18 0.83869
19 0.82617
20 0.81350
21 0.80070
22 0.78780
23 0.77481
24 0.76175
25 0.74863
26 0.73548
27 0.72230
28 0.70912
29 0.69595
30 0.68279
31 0.66967
32 0.65659
33 0.64357
34 0.63061
35 0.61773
36 0.60493
37 0.59223
38 0.57963
39 0.56714
40 0.55476
41 0.54250
42 0.53038
43 0.51839
44 0.50654
45 0.49483
46 0.48327
47 0.47187
48 0.46062
49 0.44953
50 0.43860
51 0.42784
52 0.41725
53 0.40683
54 0.39658
55 0.38650
56 0.37659
57 0.36686
58 0.35731
59 0.34793
60 0.33873
61 0.32970
62 0.32085
63 0.31217
64 0.30367
65 0.29535
66 0.28719
67 0.27921
68 0.27140
69 0.26376
70 0.25629
71 0.24899
72 0.24185
73 0.23487
74 0.22806
75 0.22141
76 0.21491
77 0.20857
78 0.20239
79 0.19635
80 0.19047
81 0.18473
82 0.17914
83 0.17369
84 0.16838
85 0.16321
86 0.15817
87 0.15327
88 0.14849
89 0.14385
90 0.13933
91 0.13493
92 0.13066
93 0.12650
94 0.12246
95 0.11853
96 0.11471
97 0.11101
98 0.10740
99 0.10391
100 0.10051
101 0.09721
102 0.09401
103 0.09090
104 0.08789
105 0.08497
106 0.08213
107 0.07938
108 0.07671
109 0.07413
110 0.07162
111 0.06919
112 0.06684
113 0.06456
114 0.06235
115 0.06021
116 0.05814
117 0.05614
118 0.05419
119 0.05231
120 0.05050
121 0.04873
122 0.04703
123 0.04538
124 0.04379
125 0.04225
126 0.04076
127 0.03931
128 0.03792
129 0.03657
130 0.03527
131 0.03401
132 0.03280
133 0.03162
134 0.03048
135 0.02939
136 0.02833
137 0.02730
138 0.02632
139 0.02536
140 0.02444
141 0.02355
142 0.02269
143 0.02186
144 0.02106
145 0.02029
146 0.01955
147 0.01883
148 0.01814
149 0.01747
150 0.01682
151 0.01620
152 0.01560
153 0.01502
154 0.01446
155 0.01393
156 0.01341
157 0.01291
158 0.01243
159 0.01196
160 0.01151
161 0.01108
162 0.01067
163 0.01027
164 0.00988
165 0.00951
166 0.00915
167 0.00880
168 0.00847
169 0.00815
170 0.00784
171 0.00755
172 0.00726
173 0.00699
174 0.00672
175 0.00647
176 0.00622
177 0.00598
178 0.00576
179 0.00554
180 0.00533
181 0.00512
182 0.00493
183 0.00474
184 0.00456
185 0.00438
186 0.00422
187 0.00405
188 0.00390
189 0.00375
190 0.00361
191 0.00347
192 0.00334
193 0.00321
194 0.00308
195 0.00297
196 0.00285
197 0.00274
198 0.00264
199 0.00254
200 0.00244
201 0.00235
202 0.00225
203 0.00217
204 0.00208
205 0.00200
206 0.00193
207 0.00185
208 0.00178
209 0.00171
210 0.00165
211 0.00158
212 0.00152
213 0.00146
214 0.00141
215 0.00135
216 0.00130
217 0.00125
218 0.00120
219 0.00116
220 0.00111
221 0.00107
222 0.00103
223 0.00099
224 0.00095
225 0.00092
226 0.00088
227 0.00085
228 0.00081
229 0.00078
230 0.00075
231 0.00072
232 0.00070
233 0.00067
234 0.00064
235 0.00062
236 0.00060
237 0.00057
238 0.00055
239 0.00053
240 0.00051
241 0.00049
242 0.00047
243 0.00045
244 0.00044
245 0.00042
246 0.00040
247 0.00039
248 0.00037
249 0.00036
250 0.00035
251 0.00033
252 0.00032
253 0.00031
254 0.00030
255 0.00029
256 0.00028
257 0.00027
258 0.00026
259 0.00025
260 0.00024
261 0.00023
262 0.00022
263 0.00021
264 0.00020
265 0.00020
266 0.00019
267 0.00018
268 0.00017
269 0.00017
270 0.00016
271 0.00016
272 0.00015
273 0.00014
274 0.00014
275 0.00013
276 0.00013
277 0.00012
278 0.00012
279 0.00012
280 0.00011
281 0.00011
282 0.00010
283 0.00010
284 0.00010
285 0.00009
286 0.00009
287 0.00009
288 0.00008
289 0.00008
290 0.00008
291 0.00007
292 0.00007
293 0.00007
294 0.00007
295 0.00006
296 0.00006
297 0.00006
298 0.00006
299 0.00006
300 0.00005
301 0.00005
302 0.00005
303 0.00005
304 0.00005
305 0.00004
306 0.00004
307 0.00004
308 0.00004
309 0.00004
310 0.00004
311 0.00004
312 0.00003
313 0.00003
314 0.00003
315 0.00003
316 0.00003
317 0.00003
318 0.00003
319 0.00003
320 0.00003
321 0.00003
322 0.00002
323 0.00002
324 0.00002
325 0.00002
326 0.00002
327 0.00002
328 0.00002
329 0.00002
330 0.00002
331 0.00002
332 0.00002
333 0.00002
334 0.00002
335 0.00002
336 0.00002
337 0.00001
338 0.00001
339 0.00001
340 0.00001
341 0.00001
342 0.00001
343 0.00001
344 0.00001
345 0.00001
346 0.00001
347 0.00001
348 0.00001
349 0.00001
350 0.00001
351 0.00001
352 0.00001
353 0.00001
354 0.00001
355 0.00001
356 0.00001
357 0.00001
358 0.00001
359 0.00001
360 0.00001
361 0.00001
362 0.00001
363 0.00001
364 0.00001
365 0.00001
366 0.00001
367 0.00001
368 0.00001
369 0.00001
370 0.00001
371 0.00001
372 0.00000
373 0.00000
374 0.00000
375 0.00000
376 0.00000
377 0.00000
378 0.00000
379 0.00000
380 0.00000
381 0.00000
382 0.00000
383 0.00000
384 0.00000
385 0.00000
386 0.00000
387 0.00000
388 0.00000
389 0.00000
390 0.00000
391 0.00000
392 0.00000
393 0.00000
394 0.00000
395 0.00000
396 0.00000
397 0.00000
398 0.00000
399 0.00000
400 0.00000
401 0.00000
402 0.00000
403 0.00000
404 0.00000
405 0.00000
406 0.00000
407 0.00000
408 0.00000
409 0.00000
410 0.00000
411 0.00000
412 0.00000
413 0.00000
414 0.00000
415 0.00000
416 0.00000
417 0.00000
418 0.00000
419 0.00000
420 0.00000
421 0.00000
422 0.00000
423 0.00000
424 0.00000
425 0.00000
426 0.00000
427 0.00000
428 0.00000
429 0.00000
430 0.00000
431 0.00000
432 0.00000
433 0.00000
434 0.00000
435 0.00000
436 0.00000
437 0.00000
438 0.00000
439 0.00000
440 0.00000
441 0.00000
442 0.00000
443 0.00000
444 0.00000
445 0.00000
446 0.00000
447 0.00000
448 0.00000
449 0.00000
450 0.00000
451 0.00000
452 0.00000
453 0.00000
454 0.00000
455 0.00000
456 0.00000
457 0.00000
458 0.00000
459 0.00000
460 0.00000
461 0.00000
462 0.00000
463 0.00000
464 0.00000
465 0.00000
466 0.00000
467 0.00000
468 0.00000
469 0.00000
470 0.00000
471 0.00000
472 0.00000
473 0.00000
474 0.00000
475 0.00000
476 0.00000
477 0.00000
478 0.00000
479 0.00000
480 0.00000
481 0.00000
482 0.00000
483 0.00000
484 0.00000
485 0.00000
486 0.00000
487 0.00000
488 0.00000
489 0.00000
490 0.00000
491 0.00000
492 0.00000
493 0.00000
494 0.00000
495 0.00000
496 0.00000
497 0.00000
498 0.00000
499 0.00000
500 0.00000
501 0.00000
502 0.00000
503 0.00000
504 0.00000
505 0.00000
506 0.00000
507 0.00000
508 0.00000
509 0.00000
510 0.00000
511 0.00000
512 0.00000
513 0.00000
514 0.00000
515 0.00000
516 0.00000
517 0.00000
518 0.00000
519 0.00000
520 0.00000
521 0.00000
522 0.00000
523 0.00000
524 0.00000
525 0.00000
526 0.00000
527 0.00000
528 0.00000
529 0.00000
530 0.00000
531 0.00000
532 0.00000
533 0.00000
534 0.00000
535 0.00000
536 0.00000
537 0.00000
538 0.00000
539 0.00000
540 0.00000
541 0.00000
542 0.00000
543 0.00000
544 0.00000
545 0.00000
546 0.00000
547 0.00000
548 0.00000
549 0.00000
550 0.00000
551 0.00000
552 0.00000
553 0.00000
554 0.00000
555 0.00000
556 0.00000
557 0.00000
558 0.00000
559 0.00000
560 0.00000
561 0.00000
562 0.00000
563 0.00000
564 0.00000
565 0.00000
566 0.00000
567 0.00000
568 0.00000
569 0.00000
570 0.00000
571 0.00000
572 0.00000
573 0.00000
574 0.00000
575 0.00000
576 0.00000
577 0.00000
578 0.00000
579 0.00000
580 0.00000
581 0.00000
582 0.00000
583 0.00000
584 0.00000
585 0.00000
586 0.00000
587 0.00000
588 0.00000
589 0.00000
590 0.00000
591 0.00000
592 0.00000
593 0.00000
594 0.00000
595 0.00000
596 0.00000
597 0.00000
598 0.00000
599 0.00000
600 0.00000
601 0.00000
602 0.00000
603 0.00000
604 0.00000
605 0.00000
606 0.00000
607 0.00000
608 0.00000
609 0.00000
610 0.00000
611 0.00000
612 0.00000
613 0.00000
614 0.00000
615 0.00000
616 0.00000
617 0.00000
618 0.00000
619 0.00000
620 0.00000
621 0.00000
622 0.00000
623 0.00000
624 0.00000
625 0.00000
626 0.00000
627 0.00000
628 0.00000
629 0.00000
630 0.00000
631 0.00000
632 0.00000
633 0.00000
634 0.00000
635 0.00000
636 0.00000
637 0.00000
638 0.00000
639 0.00000
640 0.00000
641 0.00000
642 0.00000
643 0.00000
644 0.00000
645 0.00000
646 0.00000
647 0.00000
648 0.00000
649 0.00000
650 0.00000
651 0.00000
652 0.00000
653 0.00000
654 0.00000
655 0.00000
656 0.00000
657 0.00000
658 0.00000
659 0.00000
660 0.00000
661 0.00000
662 0.00000
663 0.00000
664 0.00000
665 0.00000
666 0.00000
667 0.00000
668 0.00000
669 0.00000
670 0.00000
671 0.00000
672 0.00000
673 0.00000
674 0.00000
675 0.00000
676 0.00000
677 0.00000
678 0.00000
679 0.00000
680 0.00000
681 0.00000
682 0.00000
683 0.00000
684 0.00000
685 0.00000
686 0.00000
687 0.00000
688 0.00000
689 0.00000
690 0.00000
691 0.00000
692 0.00000
693 0.00000
694 0.00000
695 0.00000
696 0.00000
697 0.00000
698 0.00000
699 0.00000
700 0.00000
701 0.00000
702 0.00000
703 0.00000
704 0.00000
705 0.00000
706 0.00000
707 0.00000
708 0.00000
709 0.00000
710 0.00000
711 0.00000
712 0.00000
713 0.00000
714 0.00000
715 0.00000
716 0.00000
717 0.00000
718 0.00000
719 0.00000
720 0.00000
721 0.00000
722 0.00000
723 0.00000
724 0.00000
725 0.00000
726 0.00000
727 0.00000
728 0.00000
729 0.00000
730 0.00000
731 0.00000
732 0.00000
733 0.00000
734 0.00000
735 0.00000
736 0.00000
737 0.00000
738 0.00000
739 0.00000
740 0.00000
741 0.00000
742 0.00000
743 0.00001
744 0.00001
745 0.00001
746 0.00001
747 0.00001
748 0.00001
749 0.00001
750 0.00001
751 0.00001
752 0.00001
753 0.00001
754 0.00001
755 0.00001
756 0.00001
757 0.00001
758 0.00001
759 0.00001
760 0.00001
761 0.00001
762 0.00001
763 0.00001
764 0.00001
765 0.00001
766 0.00001
767 0.00001
768 0.00001
769 0.00002
770 0.00002
771 0.00002
772 0.00002
773 0.00002
774 0.00002
775 0.00002
776 0.00002
777 0.00002
778 0.00002
779 0.00002
780 0.00003
781 0.00003
782 0.00003
783 0.00003
784 0.00003
785 0.00003
786 0.00003
787 0.00004
788 0.00004
789 0.00004
790 0.00004
791 0.00004
792 0.00005
793 0.00005
794 0.00005
795 0.00006
796 0.00006
797 0.00006
798 0.00007
799 0.00007
800 0.00007
801 0.00008
802 0.00008
803 0.00009
804 0.00009
805 0.00010
806 0.00010
807 0.00011
808 0.00011
809 0.00012
810 0.00013
811 0.00013
812 0.00014
813 0.00015
814 0.00016
815 0.00017
816 0.00018
817 0.00019
818 0.00020
819 0.00021
820 0.00023
821 0.00024
822 0.00026
823 0.00027
824 0.00029
825 0.00031
826 0.00033
827 0.00035
828 0.00037
829 0.00040
830 0.00042
831 0.00045
832 0.00048
833 0.00051
834 0.00054
835 0.00058
836 0.00062
837 0.00066
838 0.00071
839 0.00075
840 0.00080
841 0.00086
842 0.00092
843 0.00098
844 0.00105
845 0.00112
846 0.00120
847 0.00128
848 0.00137
849 0.00147
850 0.00158
851 0.00169
852 0.00181
853 0.00194
854 0.00208
855 0.00223
856 0.00239
857 0.00257
858 0.00276
859 0.00296
860 0.00318
861 0.00342
862 0.00368
863 0.00395
864 0.00425
865 0.00457
866 0.00492
867 0.00530
868 0.00571
869 0.00615
870 0.00662
871 0.00714
872 0.00769
873 0.00830
874 0.00895
875 0.00966
876 0.01042
877 0.01125
878 0.01215
879 0.01313
880 0.01419
881 0.01534
882 0.01658
883 0.01794
884 0.01941
885 0.02100
886 0.02274
887 0.02462
888 0.02667
889 0.02890
890 0.03133
891 0.03396
892 0.03684
893 0.03996
894 0.04337
895 0.04707
896 0.05111
897 0.05552
898 0.06032
899 0.06556
900 0.07127
901 0.07750
902 0.08431
903 0.09174
904 0.09985
905 0.10872
906 0.11840
907 0.12899
908 0.14057
909 0.15323
910 0.16708
911 0.18224
912 0.19511
913 0.19965
914 0.20496
915 0.21029
916 0.21384
917 0.21554
918 0.21781
919 0.22081
920 0.22479
921 0.23010
922 0.22869
923 0.22728
924 0.23447
925 0.23306
926 0.23164
927 0.24161
928 0.24019
929 0.23877
930 0.23736
931 0.25165
932 0.25023
933 0.24881
934 0.24740
935 0.24598
936 0.24457
937 0.24315
938 0.26472
939 0.26330
940 0.26188
941 0.26046
942 0.25904
943 0.25763
944 0.25621
945 0.25480
946 0.25339
947 0.25198
948 0.25057
949 0.24916
950 0.28430
951 0.28288
952 0.28147
953 0.28006
954 0.27865
955 0.27724
956 0.27583
957 0.27442
958 0.27302
959 0.27161
960 0.27021
961 0.26880
962 0.26740
963 0.26600
964 0.26460
965 0.26320
966 0.26180
967 0.26040
968 0.25900
969 0.25761
970 0.25621
971 0.25482
972 0.25342
973 0.31841
974 0.31703
975 0.31564
976 0.31426
977 0.31287
978 0.31149
979 0.31011
980 0.30873
981 0.30735
982 0.30597
983 0.30459
984 0.30322
985 0.30184
986 0.30046
987 0.29909
988 0.29772
989 0.29634
990 0.29497
991 0.29360
992 0.29223
993 0.29086
994 0.28948
995 0.28812
996 0.28675
997 0.28538
998 0.28401
999 0.28264
1000 0.28128
1001 0.27991
1002 0.27854
1003 0.27718
1004 0.27581
1005 0.27445
1006 0.27308
1007 0.27172
1008 0.27036
1009 0.26899
1010 0.26763
1011 0.26626
1012 0.26490
1013 0.26354
1014 0.26218
1015 0.26081
1016 0.25945
1017 0.25809
1018 0.25673
1019 0.25536
1020 0.25400
1021 0.25264
1022 0.25128
1023 0.24991
1024 0.24855
1025 0.24719
1026 0.40106
1027 0.39977
1028 0.39849
1029 0.39720
1030 0.39591
1031 0.39463
1032 0.39334
1033 0.39206
1034 0.39077
1035 0.38949
1036 0.38821
1037 0.38693
1038 0.38565
1039 0.38437
1040 0.38309
1041 0.38181
1042 0.38054
1043 0.37926
1044 0.37799
1045 0.37672
1046 0.37544
1047 0.37417
1048 0.37290
1049 0.37163
1050 0.37037
1051 0.36910
1052 0.36783
1053 0.36657
1054 0.36530
1055 0.36404
1056 0.36278
1057 0.36152
1058 0.36026
1059 0.35900
1060 0.35774
1061 0.35649
1062 0.35523
1063 0.35398
1064 0.35273
1065 0.35147
1066 0.35022
1067 0.34897
1068 0.34773
1069 0.34648
1070 0.34523
1071 0.34399
1072 0.34275
1073 0.34150
1074 0.34026
1075 0.33902
1076 0.33778
1077 0.33655
1078 0.33531
1079 0.33407
1080 0.33284
1081 0.33161
1082 0.33037
1083 0.32914
1084 0.32792
1085 0.32669
1086 0.32546
1087 0.32424
1088 0.32301
1089 0.32179
1090 0.32057
1091 0.31935
1092 0.31813
1093 0.31691
1094 0.31569
1095 0.31447
1096 0.31326
1097 0.31205
1098 0.31083
1099 0.30962
1100 0.30841
1101 0.30721
1102 0.30600
1103 0.30479
1104 0.30359
1105 0.30238
1106 0.30118
1107 0.29998
1108 0.29878
1109 0.29758
1110 0.29638
1111 0.29519
1112 0.29399
1113 0.29279
1114 0.29160
1115 0.29041
1116 0.28922
1117 0.28803
1118 0.28684
1119 0.28565
1120 0.28446
1121 0.28328
1122 0.28209
1123 0.28091
1124 0.27972
1125 0.27854
1126 0.27736
1127 0.27618
1128 0.27500
1129 0.27382
1130 0.27265
1131 0.27147
1132 0.27029
1133 0.26912
1134 0.26794
1135 0.26677
1136 0.26560
1137 0.26443
1138 0.26326
1139 0.26208
1140 0.26092
1141 0.25975
1142 0.25858
1143 0.25741
1144 0.25624
1145 0.25508
1146 0.25391
1147 0.25274
1148 0.25158
1149 0.25041
1150 0.24925
1151 0.24808
1152 0.24692
1153 0.24576
1154 0.24459
1155 0.24343
1156 0.24227
1157 0.24110
1158 0.23994
1159 0.23878
1160 0.23762
1161 0.23645
1162 0.23529
1163 0.23413
1164 0.23297
1165 0.23180
1166 0.23064
1167 0.22948
1168 0.22832
1169 0.22715
1170 0.22599
1171 0.22482
1172 0.22366
1173 0.22249
1174 0.22133
1175 0.22016
1176 0.21900
1177 0.21783
1178 0.21666
1179 0.21549
1180 0.21432
1181 0.21316
1182 0.21198
1183 0.21081
1184 0.20964
1185 0.20847
1186 0.20729
1187 0.20612
1188 0.20494
1189 0.20377
1190 0.20259
1191 0.20141
1192 0.20023
1193 0.19905
1194 0.19787
1195 0.19668
1196 0.19550
1197 0.19431
1198 0.19312
1199 0.19194
1200 0.19075
1201 0.18955
1202 0.18836
1203 0.18717
1204 0.18597
1205 0.18478
1206 0.18358
1207 0.18238
1208 0.18118
1209 0.17997
1210 0.17877
1211 0.17757
1212 0.17636
1213 0.17515
1214 0.17394
1215 0.17273
1216 1.00000
