17 0.98963
18 0.98872
19 0.98778
20 0.98682
21 0.98584
22 0.98483
23 0.98381
24 0.98277
25 0.98171
26 0.98062
27 0.97952
28 0.97841
29 0.97727
30 0.97612
31 0.97496
32 0.97378
33 0.97258
34 0.97137
35 0.97014
36 0.96890
37 0.96765
38 0.96638
39 0.96510
40 0.96381
41 0.96250
42 0.96119
43 0.95986
44 0.95852
45 0.95717
46 0.95580
47 0.95443
48 0.95305
49 0.95166
50 0.95026
51 0.94885
52 0.94743
53 0.94600
54 0.94456
55 0.94311
56 0.94166
57 0.94019
58 0.93872
59 0.93725
60 0.93576
61 0.93427
62 0.93277
63 0.93126
64 0.92975
65 0.92823
66 0.92670
67 0.92517
68 0.92363
69 0.92209
70 0.92054
71 0.91899
72 0.91743
73 0.91586
74 0.91429
75 0.91272
76 0.91114
77 0.90956
78 0.90797
79 0.90638
80 0.90478
81 0.90318
82 0.90158
83 0.89997
84 0.89836
85 0.89675
86 0.89513
87 0.89351
88 0.89189
89 0.89027
90 0.88864
91 0.88701
92 0.88537
93 0.88374
94 0.88210
95 0.88046
96 0.87882
97 0.87718
98 0.87553
99 0.87388
100 0.87223
101 0.87058
102 0.86893
103 0.86728
104 0.86563
105 0.86397
106 0.86232
107 0.86066
108 0.85900
109 0.85734
110 0.85568
111 0.85403
112 0.85237
113 0.85071
114 0.84905
115 0.84738
116 0.84572
117 0.84406
118 0.84240
119 0.84074
120 0.83908
121 0.83742
122 0.83576
123 0.83410
124 0.83244
125 0.83079
126 0.82913
127 0.82747
128 0.82582
129 0.82416
130 0.82251
131 0.82086
132 0.81920
133 0.81755
134 0.81590
135 0.81426
136 0.81261
137 0.81096
138 0.80932
139 0.80768
140 0.80603
141 0.80440
142 0.80276
143 0.80112
144 0.79949
145 0.79785
146 0.79622
147 0.79460
148 0.79297
149 0.79134
150 0.78972
151 0.78810
152 0.78648
153 0.78487
154 0.78325
155 0.78164
156 0.78003
157 0.77843
158 0.77682
159 0.77522
160 0.77362
161 0.77202
162 0.77043
163 0.76884
164 0.76725
165 0.76566
166 0.76408
167 0.76250
168 0.76092
169 0.75935
170 0.75778
171 0.75621
172 0.75464
173 0.75308
174 0.75152
175 0.74996
176 0.74841
177 0.74686
178 0.74531
179 0.74377
180 0.74223
181 0.74069
182 0.73916
183 0.73763
184 0.73610
185 0.73457
186 0.73305
187 0.73154
188 0.73002
189 0.72851
190 0.72701
191 0.72550
192 0.72400
193 0.72251
194 0.72102
195 0.71953
196 0.71804
197 0.71656
198 0.71508
199 0.71361
200 0.71214
201 0.71067
202 0.70921
203 0.70775
204 0.70630
205 0.70485
206 0.70340
207 0.70195
208 0.70052
209 0.69908
210 0.69765
211 0.69622
212 0.69480
213 0.69338
214 0.69196
215 0.69055
216 0.68914
217 0.68774
218 0.68634
219 0.68495
220 0.68355
221 0.68217
222 0.68078
223 0.67941
224 0.67803
225 0.67666
226 0.67529
227 0.67393
228 0.67257
229 0.67122
230 0.66987
231 0.66853
232 0.66718
233 0.66585
234 0.66451
235 0.66319
236 0.66186
237 0.66054
238 0.65923
239 0.65792
240 0.65661
241 0.65531
242 0.65401
243 0.65272
244 0.65143
245 0.65014
246 0.64886
247 0.64758
248 0.64631
249 0.64504
250 0.64378
251 0.64252
252 0.64127
253 0.64002
254 0.63877
255 0.63753
256 0.63629
257 0.63506
258 0.63383
259 0.63261
260 0.63139
261 0.63018
262 0.62897
263 0.62776
264 0.62656
265 0.62536
266 0.62417
267 0.62298
268 0.62180
269 0.62062
270 0.61945
271 0.61828
272 0.61711
273 0.61595
274 0.61479
275 0.61364
276 0.61249
277 0.61135
278 0.61021
279 0.60908
280 0.60795
281 0.60682
282 0.60570
283 0.60459
284 0.60347
285 0.60237
286 0.60126
287 0.60017
288 0.59907
289 0.59798
290 0.59690
291 0.59582
292 0.59474
293 0.59367
294 0.59260
295 0.59154
296 0.59048
297 0.58943
298 0.58838
299 0.58734
300 0.58630
301 0.58526
302 0.58423
303 0.58321
304 0.58218
305 0.58117
306 0.58015
307 0.57915
308 0.57814
309 0.57714
310 0.57615
311 0.57516
312 0.57417
313 0.57319
314 0.57221
315 0.57124
316 0.57027
317 0.56931
318 0.56835
319 0.56739
320 0.56644
321 0.56550
322 0.56456
323 0.56362
324 0.56269
325 0.56176
326 0.56084
327 0.55992
328 0.55900
329 0.55809
330 0.55719
331 0.55628
332 0.55539
333 0.55449
334 0.55361
335 0.55272
336 0.55184
337 0.55097
338 0.55010
339 0.54923
340 0.54837
341 0.54751
342 0.54666
343 0.54581
344 0.54497
345 0.54413
346 0.54329
347 0.54246
348 0.54163
349 0.54081
350 0.53999
351 0.53918
352 0.53837
353 0.53756
354 0.53676
355 0.53597
356 0.53518
357 0.53439
358 0.53360
359 0.53283
360 0.53205
361 0.53128
362 0.53051
363 0.52975
364 0.52900
365 0.52824
366 0.52749
367 0.52675
368 0.52601
369 0.52527
370 0.52454
371 0.52381
372 0.52309
373 0.52237
374 0.52166
375 0.52095
376 0.52024
377 0.51954
378 0.51884
379 0.51815
380 0.51746
381 0.51677
382 0.51609
383 0.51542
384 0.51475
385 0.51408
386 0.51341
387 0.51276
388 0.51210
389 0.51145
390 0.51080
391 0.51016
392 0.50952
393 0.50889
394 0.50826
395 0.50763
396 0.50701
397 0.50639
398 0.50578
399 0.50517
400 0.50457
401 0.50397
402 0.50337
403 0.50278
404 0.50219
405 0.50160
406 0.50102
407 0.50045
408 0.49988
409 0.49931
410 0.49875
411 0.49819
412 0.49763
413 0.49708
414 0.49653
415 0.49599
416 0.49545
417 0.49492
418 0.49439
419 0.49386
420 0.49334
421 0.49282
422 0.49231
423 0.49180
424 0.49129
425 0.49079
426 0.49029
427 0.48980
428 0.48931
429 0.48883
430 0.48835
431 0.48787
432 0.48740
433 0.48693
434 0.48646
435 0.48600
436 0.48554
437 0.48509
438 0.48464
439 0.48420
440 0.48376
441 0.48332
442 0.48289
443 0.48246
444 0.48204
445 0.48162
446 0.48120
447 0.48079
448 0.48038
449 0.47998
450 0.47958
451 0.47918
452 0.47879
453 0.47840
454 0.47802
455 0.47764
456 0.47726
457 0.47689
458 0.47652
459 0.47616
460 0.47580
461 0.47544
462 0.47509
463 0.47474
464 0.47440
465 0.47406
466 0.47373
467 0.47340
468 0.47307
469 0.47274
470 0.47243
471 0.47211
472 0.47180
473 0.47149
474 0.47119
475 0.47089
476 0.47059
477 0.47030
478 0.47002
479 0.46973
480 0.46945
481 0.46918
482 0.46891
483 0.46864
484 0.46838
485 0.46812
486 0.46786
487 0.46761
488 0.46736
489 0.46712
490 0.46688
491 0.46665
492 0.46642
493 0.46619
494 0.46597
495 0.46575
496 0.46553
497 0.46532
498 0.46512
499 0.46491
500 0.46472
501 0.46452
502 0.46433
503 0.46414
504 0.46396
505 0.46378
506 0.46361
507 0.46344
508 0.46327
509 0.46311
510 0.46295
511 0.46280
512 0.46265
513 0.46250
514 0.46236
515 0.46222
516 0.46209
517 0.46196
518 0.46183
519 0.46171
520 0.46160
521 0.46148
522 0.46137
523 0.46127
524 0.46117
525 0.46107
526 0.46098
527 0.46089
528 0.46081
529 0.46073
530 0.46065
531 0.46058
532 0.46051
533 0.46045
534 0.46039
535 0.46033
536 0.46028
537 0.46023
538 0.46019
539 0.46015
540 0.46012
541 0.46008
542 0.46006
543 0.46004
544 0.46002
545 0.46000
546 0.46000
547 0.45999
548 0.45999
549 0.45999
550 0.46000
551 0.46001
552 0.46003
553 0.46005
554 0.46007
555 0.46010
556 0.46013
557 0.46017
558 0.46021
559 0.46026
560 0.46031
561 0.46036
562 0.46042
563 0.46048
564 0.46055
565 0.46062
566 0.46070
567 0.46078
568 0.46086
569 0.46095
570 0.46105
571 0.46114
572 0.46125
573 0.46135
574 0.46146
575 0.46158
576 0.46170
577 0.46182
578 0.46195
579 0.46209
580 0.46222
581 0.46237
582 0.46251
583 0.46266
584 0.46282
585 0.46298
586 0.46314
587 0.46331
588 0.46349
589 0.46367
590 0.46385
591 0.46404
592 0.46423
593 0.46443
594 0.46463
595 0.46483
596 0.46504
597 0.46526
598 0.46548
599 0.46570
600 0.46593
601 0.46617
602 0.46641
603 0.46665
604 0.46690
605 0.46715
606 0.46741
607 0.46767
608 0.46794
609 0.46821
610 0.46849
611 0.46877
612 0.46906
613 0.46935
614 0.46964
615 0.46994
616 0.47025
617 0.47056
618 0.47088
619 0.47120
620 0.47152
621 0.47186
622 0.47219
623 0.47253
624 0.47288
625 0.47323
626 0.47359
627 0.47395
628 0.47431
629 0.47468
630 0.47506
631 0.47544
632 0.47583
633 0.47622
634 0.47662
635 0.47702
636 0.47743
637 0.47784
638 0.47826
639 0.47868
640 0.47911
641 0.47954
642 0.47998
643 0.48043
644 0.48088
645 0.48133
646 0.48180
647 0.48226
648 0.48273
649 0.48321
650 0.48369
651 0.48418
652 0.48468
653 0.48518
654 0.48568
655 0.48619
656 0.48671
657 0.48723
658 0.48776
659 0.48829
660 0.48883
661 0.48938
662 0.48993
663 0.49048
664 0.49105
665 0.49161
666 0.49219
667 0.49277
668 0.49335
669 0.49395
670 0.49454
671 0.49515
672 0.49576
673 0.49637
674 0.49700
675 0.49762
676 0.49826
677 0.49890
678 0.49954
679 0.50020
680 0.50086
681 0.50152
682 0.50219
683 0.50287
684 0.50356
685 0.50425
686 0.50494
687 0.50565
688 0.50636
689 0.50707
690 0.50780
691 0.50853
692 0.50926
693 0.51000
694 0.51075
695 0.51151
696 0.51227
697 0.51304
698 0.51382
699 0.51460
700 0.51539
701 0.51619
702 0.51699
703 0.51780
704 0.51862
705 0.51945
706 0.52028
707 0.52112
708 0.52196
709 0.52282
710 0.52368
711 0.52454
712 0.52542
713 0.52630
714 0.52719
715 0.52809
716 0.52899
717 0.52990
718 0.53082
719 0.53175
720 0.53268
721 0.53363
722 0.53458
723 0.53553
724 0.53650
725 0.53747
726 0.53845
727 0.53944
728 0.54044
729 0.54144
730 0.54245
731 0.54347
732 0.54450
733 0.54554
734 0.54658
735 0.54764
736 0.54870
737 0.54977
738 0.55085
739 0.55193
740 0.55303
741 0.55413
742 0.55524
743 0.55636
744 0.55749
745 0.55863
746 0.55978
747 0.56093
748 0.56210
749 0.56327
750 0.56445
751 0.56564
752 0.56684
753 0.56805
754 0.56927
755 0.57050
756 0.57173
757 0.57298
758 0.57424
759 0.57550
760 0.57678
761 0.57806
762 0.57935
763 0.58066
764 0.58197
765 0.58329
766 0.58463
767 0.58597
768 0.58732
769 0.58868
770 0.59006
771 0.59144
772 0.59283
773 0.59423
774 0.59565
775 0.59707
776 0.59851
777 0.59995
778 0.60141
779 0.60287
780 0.60435
781 0.60584
782 0.60734
783 0.60884
784 0.61037
785 0.61190
786 0.61344
787 0.61499
788 0.61656
789 0.61814
790 0.61972
791 0.62132
792 0.62293
793 0.62456
794 0.62619
795 0.62784
796 0.62950
797 0.63117
798 0.63285
799 0.63454
800 0.63625
801 0.63797
802 0.63970
803 0.64144
804 0.64320
805 0.64497
806 0.64675
807 0.64854
808 0.65035
809 0.65217
810 0.65400
811 0.65585
812 0.65771
813 0.65958
814 0.66147
815 0.66337
816 0.66528
817 0.66721
818 0.66915
819 0.67110
820 0.67307
821 0.67505
822 0.67705
823 0.67906
824 0.68109
825 0.68312
826 0.68518
827 0.68725
828 0.68933
829 0.69143
830 0.69354
831 0.69567
832 0.69782
833 0.69998
834 0.70215
835 0.70434
836 0.70655
837 0.70877
838 0.71100
839 0.71326
840 0.71553
841 0.71781
842 0.72011
843 0.72243
844 0.72477
845 0.72712
846 0.72949
847 0.73187
848 0.73427
849 0.73669
850 0.73913
851 0.74158
852 0.74405
853 0.74654
854 0.74905
855 0.75157
856 0.75412
857 0.75668
858 0.75926
859 0.76186
860 0.76447
861 0.76710
862 0.76975
863 0.77242
864 0.77510
865 0.77780
866 0.78053
867 0.78326
868 0.78602
869 0.78880
870 0.79159
871 0.79441
872 0.79724
873 0.80010
874 0.80297
875 0.80586
876 0.80878
877 0.81171
878 0.81466
879 0.81764
880 0.82063
881 0.82365
882 0.82669
883 0.82975
884 0.83282
885 0.83592
886 0.83905
887 0.84219
888 0.84536
889 0.84854
890 0.85176
891 0.85499
892 0.85825
893 0.86153
894 0.86484
895 0.86816
896 0.87151
897 0.87488
898 0.87827
899 0.88169
900 0.88514
901 0.88860
902 0.89210
903 0.89562
904 0.89916
905 0.90273
906 0.90633
907 0.90995
908 0.91360
909 0.91727
910 0.92098
911 0.92471
912 0.92768
913 0.92850
914 0.92944
915 0.93035
916 0.93097
917 0.93129
918 0.93169
919 0.93220
920 0.93285
921 0.93367
922 0.93353
923 0.93339
924 0.93447
925 0.93433
926 0.93420
927 0.93564
928 0.93551
929 0.93538
930 0.93524
931 0.93723
932 0.93710
933 0.93698
934 0.93685
935 0.93673
936 0.93660
937 0.93647
938 0.93934
939 0.93923
940 0.93911
941 0.93900
942 0.93888
943 0.93876
944 0.93865
945 0.93853
946 0.93841
947 0.93830
948 0.93818
949 0.93806
950 0.94249
951 0.94239
952 0.94229
953 0.94219
954 0.94209
955 0.94199
956 0.94189
957 0.94179
958 0.94169
959 0.94159
960 0.94149
961 0.94139
962 0.94128
963 0.94118
964 0.94108
965 0.94098
966 0.94087
967 0.94074
968 0.94061
969 0.94048
970 0.94035
971 0.94022
972 0.94008
973 0.94770
974 0.94760
975 0.94749
976 0.94739
977 0.94728
978 0.94718
979 0.94707
980 0.94697
981 0.94686
982 0.94675
983 0.94665
984 0.94654
985 0.94643
986 0.94633
987 0.94622
988 0.94611
989 0.94601
990 0.94590
991 0.94579
992 0.94568
993 0.94558
994 0.94547
995 0.94536
996 0.94525
997 0.94514
998 0.94504
999 0.94493
1000 0.94482
1001 0.94471
1002 0.94460
1003 0.94449
1004 0.94438
1005 0.94427
1006 0.94416
1007 0.94405
1008 0.94394
1009 0.94383
1010 0.94372
1011 0.94361
1012 0.94350
1013 0.94339
1014 0.94328
1015 0.94317
1016 0.94306
1017 0.94294
1018 0.94283
1019 0.94272
1020 0.94261
1021 0.94250
1022 0.94238
1023 0.94227
1024 0.94216
1025 0.94205
1026 0.95828
1027 0.95822
1028 0.95816
1029 0.95811
1030 0.95805
1031 0.95799
1032 0.95794
1033 0.95788
1034 0.95782
1035 0.95777
1036 0.95771
1037 0.95765
1038 0.95759
1039 0.95754
1040 0.95748
1041 0.95742
1042 0.95737
1043 0.95731
1044 0.95725
1045 0.95719
1046 0.95714
1047 0.95708
1048 0.95702
1049 0.95696
1050 0.95691
1051 0.95685
1052 0.95679
1053 0.95673
1054 0.95668
1055 0.95662
1056 0.95656
1057 0.95650
1058 0.95645
1059 0.95639
1060 0.95633
1061 0.95627
1062 0.95622
1063 0.95616
1064 0.95610
1065 0.95604
1066 0.95599
1067 0.95593
1068 0.95587
1069 0.95581
1070 0.95575
1071 0.95570
1072 0.95564
1073 0.95558
1074 0.95552
1075 0.95547
1076 0.95541
1077 0.95535
1078 0.95529
1079 0.95523
1080 0.95518
1081 0.95512
1082 0.95506
1083 0.95500
1084 0.95494
1085 0.95489
1086 0.95483
1087 0.95477
1088 0.95471
1089 0.95465
1090 0.95459
1091 0.95454
1092 0.95448
1093 0.95442
1094 0.95436
1095 0.95430
1096 0.95425
1097 0.95419
1098 0.95413
1099 0.95407
1100 0.95401
1101 0.95395
1102 0.95389
1103 0.95384
1104 0.95378
1105 0.95372
1106 0.95366
1107 0.95360
1108 0.95354
1109 0.95349
1110 0.95343
1111 0.95337
1112 0.95331
1113 0.95325
1114 0.95319
1115 0.95313
1116 0.95307
1117 0.95302
1118 0.95296
1119 0.95290
1120 0.95284
1121 0.95278
1122 0.95272
1123 0.95266
1124 0.95260
1125 0.95255
1126 0.95249
1127 0.95243
1128 0.95237
1129 0.95231
1130 0.95225
1131 0.95219
1132 0.95213
1133 0.95207
1134 0.95202
1135 0.95196
1136 0.95190
1137 0.95184
1138 0.95178
1139 0.95172
1140 0.95166
1141 0.95160
1142 0.95154
1143 0.95148
1144 0.95142
1145 0.95134
1146 0.95119
1147 0.95104
1148 0.95089
1149 0.95074
1150 0.95059
1151 0.95044
1152 0.95029
1153 0.95014
1154 0.94999
1155 0.94983
1156 0.94968
1157 0.94953
1158 0.94937
1159 0.94922
1160 0.94907
1161 0.94891
1162 0.94876
1163 0.94860
1164 0.94845
1165 0.94829
1166 0.94814
1167 0.94798
1168 0.94782
1169 0.94767
1170 0.94751
1171 0.94735
1172 0.94719
1173 0.94703
1174 0.94688
1175 0.94672
1176 0.94656
1177 0.94640
1178 0.94624
1179 0.94608
1180 0.94592
1181 0.94576
1182 0.94560
1183 0.94543
1184 0.94527
1185 0.94511
1186 0.94495
1187 0.94478
1188 0.94462
1189 0.94446
1190 0.94429
1191 0.94413
1192 0.94397
1193 0.94380
1194 0.94364
1195 0.94347
1196 0.94330
1197 0.94314
1198 0.94297
1199 0.94281
1200 0.94264
1201 0.94247
1202 0.94230
1203 0.94213
1204 0.94197
1205 0.94180
1206 0.94163
1207 0.94146
1208 0.94129
1209 0.94112
1210 0.94095
1211 0.94078
1212 0.94061
1213 0.94044
1214 0.94026
1215 0.94009
1216 1.00000
