17 0.89476
18 0.88598
19 0.87705
20 0.86800
21 0.85882
22 0.84953
23 0.84016
24 0.83069
25 0.82115
26 0.81155
27 0.80189
28 0.79218
29 0.78243
30 0.77265
31 0.76285
32 0.75303
33 0.74320
34 0.73337
35 0.72355
36 0.71373
37 0.70393
38 0.69415
39 0.68439
40 0.67466
41 0.66497
42 0.65532
43 0.64572
44 0.63616
45 0.62665
46 0.61719
47 0.60780
48 0.59846
49 0.58920
50 0.57999
51 0.57086
52 0.56180
53 0.55282
54 0.54391
55 0.53508
56 0.52633
57 0.51767
58 0.50909
59 0.50060
60 0.49219
61 0.48387
62 0.47564
63 0.46750
64 0.45945
65 0.45150
66 0.44364
67 0.43587
68 0.42820
69 0.42062
70 0.41314
71 0.40575
72 0.39846
73 0.39127
74 0.38417
75 0.37717
76 0.37026
77 0.36345
78 0.35673
79 0.35012
80 0.34359
81 0.33716
82 0.33083
83 0.32459
84 0.31845
85 0.31239
86 0.30644
87 0.30057
88 0.29479
89 0.28911
90 0.28352
91 0.27802
92 0.27260
93 0.26728
94 0.26204
95 0.25689
96 0.25182
97 0.24684
98 0.24194
99 0.23713
100 0.23240
101 0.22775
102 0.22319
103 0.21870
104 0.21429
105 0.20996
106 0.20571
107 0.20153
108 0.19743
109 0.19340
110 0.18945
111 0.18556
112 0.18175
113 0.17801
114 0.17434
115 0.17074
116 0.16720
117 0.16374
118 0.16033
119 0.15700
120 0.15372
121 0.15051
122 0.14736
123 0.14427
124 0.14124
125 0.13827
126 0.13536
127 0.13250
128 0.12970
129 0.12696
130 0.12427
131 0.12163
132 0.11905
133 0.11652
134 0.11403
135 0.11160
136 0.10922
137 0.10689
138 0.10460
139 0.10236
140 0.10016
141 0.09801
142 0.09591
143 0.09385
144 0.09183
145 0.08985
146 0.08791
147 0.08601
148 0.08416
149 0.08234
150 0.08056
151 0.07881
152 0.07711
153 0.07544
154 0.07380
155 0.07220
156 0.07063
157 0.06910
158 0.06760
159 0.06613
160 0.06469
161 0.06328
162 0.06190
163 0.06056
164 0.05924
165 0.05795
166 0.05668
167 0.05545
168 0.05424
169 0.05306
170 0.05190
171 0.05077
172 0.04966
173 0.04858
174 0.04752
175 0.04648
176 0.04546
177 0.04447
178 0.04350
179 0.04255
180 0.04162
181 0.04072
182 0.03983
183 0.03896
184 0.03811
185 0.03728
186 0.03647
187 0.03567
188 0.03490
189 0.03414
190 0.03339
191 0.03267
192 0.03195
193 0.03126
194 0.03058
195 0.02992
196 0.02927
197 0.02863
198 0.02801
199 0.02740
200 0.02681
201 0.02623
202 0.02566
203 0.02510
204 0.02456
205 0.02403
206 0.02351
207 0.02300
208 0.02251
209 0.02202
210 0.02155
211 0.02108
212 0.02063
213 0.02019
214 0.01975
215 0.01933
216 0.01892
217 0.01851
218 0.01812
219 0.01773
220 0.01735
221 0.01698
222 0.01662
223 0.01626
224 0.01592
225 0.01558
226 0.01525
227 0.01493
228 0.01461
229 0.01430
230 0.01400
231 0.01370
232 0.01342
233 0.01313
234 0.01286
235 0.01259
236 0.01232
237 0.01206
238 0.01181
239 0.01157
240 0.01132
241 0.01109
242 0.01086
243 0.01063
244 0.01041
245 0.01020
246 0.00999
247 0.00978
248 0.00958
249 0.00938
250 0.00919
251 0.00900
252 0.00882
253 0.00864
254 0.00846
255 0.00829
256 0.00812
257 0.00795
258 0.00779
259 0.00763
260 0.00748
261 0.00733
262 0.00718
263 0.00704
264 0.00690
265 0.00676
266 0.00662
267 0.00649
268 0.00636
269 0.00623
270 0.00611
271 0.00599
272 0.00587
273 0.00576
274 0.00564
275 0.00553
276 0.00542
277 0.00532
278 0.00521
279 0.00511
280 0.00501
281 0.00492
282 0.00482
283 0.00473
284 0.00464
285 0.00455
286 0.00446
287 0.00438
288 0.00429
289 0.00421
290 0.00413
291 0.00405
292 0.00398
293 0.00390
294 0.00383
295 0.00376
296 0.00369
297 0.00362
298 0.00355
299 0.00348
300 0.00342
301 0.00336
302 0.00329
303 0.00323
304 0.00317
305 0.00312
306 0.00306
307 0.00300
308 0.00295
309 0.00290
310 0.00284
311 0.00279
312 0.00274
313 0.00269
314 0.00265
315 0.00260
316 0.00255
317 0.00251
318 0.00246
319 0.00242
320 0.00238
321 0.00234
322 0.00230
323 0.00226
324 0.00222
325 0.00218
326 0.00214
327 0.00211
328 0.00207
329 0.00204
330 0.00200
331 0.00197
332 0.00193
333 0.00190
334 0.00187
335 0.00184
336 0.00181
337 0.00178
338 0.00175
339 0.00172
340 0.00169
341 0.00167
342 0.00164
343 0.00161
344 0.00159
345 0.00156
346 0.00154
347 0.00151
348 0.00149
349 0.00146
350 0.00144
351 0.00142
352 0.00140
353 0.00137
354 0.00135
355 0.00133
356 0.00131
357 0.00129
358 0.00127
359 0.00125
360 0.00123
361 0.00122
362 0.00120
363 0.00118
364 0.00116
365 0.00114
366 0.00113
367 0.00111
368 0.00110
369 0.00108
370 0.00106
371 0.00105
372 0.00103
373 0.00102
374 0.00100
375 0.00099
376 0.00098
377 0.00096
378 0.00095
379 0.00094
380 0.00092
381 0.00091
382 0.00090
383 0.00089
384 0.00087
385 0.00086
386 0.00085
387 0.00084
388 0.00083
389 0.00082
390 0.00081
391 0.00080
392 0.00079
393 0.00078
394 0.00077
395 0.00076
396 0.00075
397 0.00074
398 0.00073
399 0.00072
400 0.00071
401 0.00070
402 0.00069
403 0.00068
404 0.00068
405 0.00067
406 0.00066
407 0.00065
408 0.00064
409 0.00064
410 0.00063
411 0.00062
412 0.00061
413 0.00061
414 0.00060
415 0.00059
416 0.00059
417 0.00058
418 0.00057
419 0.00057
420 0.00056
421 0.00056
422 0.00055
423 0.00054
424 0.00054
425 0.00053
426 0.00053
427 0.00052
428 0.00052
429 0.00051
430 0.00051
431 0.00050
432 0.00050
433 0.00049
434 0.00049
435 0.00048
436 0.00048
437 0.00047
438 0.00047
439 0.00046
440 0.00046
441 0.00045
442 0.00045
443 0.00045
444 0.00044
445 0.00044
446 0.00043
447 0.00043
448 0.00043
449 0.00042
450 0.00042
451 0.00041
452 0.00041
453 0.00041
454 0.00040
455 0.00040
456 0.00040
457 0.00039
458 0.00039
459 0.00039
460 0.00039
461 0.00038
462 0.00038
463 0.00038
464 0.00037
465 0.00037
466 0.00037
467 0.00037
468 0.00036
469 0.00036
470 0.00036
471 0.00036
472 0.00035
473 0.00035
474 0.00035
475 0.00035
476 0.00034
477 0.00034
478 0.00034
479 0.00034
480 0.00034
481 0.00033
482 0.00033
483 0.00033
484 0.00033
485 0.00033
486 0.00032
487 0.00032
488 0.00032
489 0.00032
490 0.00032
491 0.00031
492 0.00031
493 0.00031
494 0.00031
495 0.00031
496 0.00031
497 0.00031
498 0.00030
499 0.00030
500 0.00030
501 0.00030
502 0.00030
503 0.00030
504 0.00030
505 0.00030
506 0.00029
507 0.00029
508 0.00029
509 0.00029
510 0.00029
511 0.00029
512 0.00029
513 0.00029
514 0.00029
515 0.00029
516 0.00028
517 0.00028
518 0.00028
519 0.00028
520 0.00028
521 0.00028
522 0.00028
523 0.00028
524 0.00028
525 0.00028
526 0.00028
527 0.00028
528 0.00028
529 0.00028
530 0.00027
531 0.00027
532 0.00027
533 0.00027
534 0.00027
535 0.00027
536 0.00027
537 0.00027
538 0.00027
539 0.00027
540 0.00027
541 0.00027
542 0.00027
543 0.00027
544 0.00027
545 0.00027
546 0.00027
547 0.00027
548 0.00027
549 0.00027
550 0.00027
551 0.00027
552 0.00027
553 0.00027
554 0.00027
555 0.00027
556 0.00027
557 0.00027
558 0.00027
559 0.00027
560 0.00027
561 0.00027
562 0.00027
563 0.00027
564 0.00027
565 0.00027
566 0.00027
567 0.00027
568 0.00027
569 0.00027
570 0.00028
571 0.00028
572 0.00028
573 0.00028
574 0.00028
575 0.00028
576 0.00028
577 0.00028
578 0.00028
579 0.00028
580 0.00028
581 0.00028
582 0.00028
583 0.00028
584 0.00029
585 0.00029
586 0.00029
587 0.00029
588 0.00029
589 0.00029
590 0.00029
591 0.00029
592 0.00029
593 0.00030
594 0.00030
595 0.00030
596 0.00030
597 0.00030
598 0.00030
599 0.00030
600 0.00031
601 0.00031
602 0.00031
603 0.00031
604 0.00031
605 0.00031
606 0.00032
607 0.00032
608 0.00032
609 0.00032
610 0.00032
611 0.00032
612 0.00033
613 0.00033
614 0.00033
615 0.00033
616 0.00034
617 0.00034
618 0.00034
619 0.00034
620 0.00034
621 0.00035
622 0.00035
623 0.00035
624 0.00035
625 0.00036
626 0.00036
627 0.00036
628 0.00037
629 0.00037
630 0.00037
631 0.00037
632 0.00038
633 0.00038
634 0.00038
635 0.00039
636 0.00039
637 0.00039
638 0.00040
639 0.00040
640 0.00040
641 0.00041
642 0.00041
643 0.00042
644 0.00042
645 0.00042
646 0.00043
647 0.00043
648 0.00044
649 0.00044
650 0.00045
651 0.00045
652 0.00045
653 0.00046
654 0.00046
655 0.00047
656 0.00047
657 0.00048
658 0.00049
659 0.00049
660 0.00050
661 0.00050
662 0.00051
663 0.00051
664 0.00052
665 0.00053
666 0.00053
667 0.00054
668 0.00054
669 0.00055
670 0.00056
671 0.00056
672 0.00057
673 0.00058
674 0.00059
675 0.00059
676 0.00060
677 0.00061
678 0.00062
679 0.00063
680 0.00063
681 0.00064
682 0.00065
683 0.00066
684 0.00067
685 0.00068
686 0.00069
687 0.00070
688 0.00071
689 0.00072
690 0.00073
691 0.00074
692 0.00075
693 0.00076
694 0.00077
695 0.00079
696 0.00080
697 0.00081
698 0.00082
699 0.00084
700 0.00085
701 0.00086
702 0.00088
703 0.00089
704 0.00090
705 0.00092
706 0.00093
707 0.00095
708 0.00096
709 0.00098
710 0.00100
711 0.00101
712 0.00103
713 0.00105
714 0.00107
715 0.00109
716 0.00110
717 0.00112
718 0.00114
719 0.00116
720 0.00119
721 0.00121
722 0.00123
723 0.00125
724 0.00127
725 0.00130
726 0.00132
727 0.00135
728 0.00137
729 0.00140
730 0.00143
731 0.00145
732 0.00148
733 0.00151
734 0.00154
735 0.00157
736 0.00160
737 0.00163
738 0.00167
739 0.00170
740 0.00173
741 0.00177
742 0.00181
743 0.00184
744 0.00188
745 0.00192
746 0.00196
747 0.00200
748 0.00205
749 0.00209
750 0.00213
751 0.00218
752 0.00223
753 0.00228
754 0.00233
755 0.00238
756 0.00243
757 0.00248
758 0.00254
759 0.00260
760 0.00266
761 0.00272
762 0.00278
763 0.00284
764 0.00291
765 0.00298
766 0.00305
767 0.00312
768 0.00319
769 0.00327
770 0.00335
771 0.00343
772 0.00351
773 0.00360
774 0.00368
775 0.00377
776 0.00387
777 0.00396
778 0.00406
779 0.00416
780 0.00427
781 0.00437
782 0.00448
783 0.00460
784 0.00472
785 0.00484
786 0.00496
787 0.00509
788 0.00523
789 0.00536
790 0.00550
791 0.00565
792 0.00580
793 0.00595
794 0.00611
795 0.00628
796 0.00645
797 0.00662
798 0.00681
799 0.00699
800 0.00719
801 0.00738
802 0.00759
803 0.00780
804 0.00802
805 0.00825
806 0.00848
807 0.00872
808 0.00897
809 0.00923
810 0.00950
811 0.00977
812 0.01006
813 0.01035
814 0.01065
815 0.01097
816 0.01129
817 0.01163
818 0.01197
819 0.01233
820 0.01271
821 0.01309
822 0.01349
823 0.01390
824 0.01432
825 0.01476
826 0.01522
827 0.01569
828 0.01618
829 0.01668
830 0.01721
831 0.01775
832 0.01831
833 0.01889
834 0.01950
835 0.02012
836 0.02077
837 0.02144
838 0.02213
839 0.02285
840 0.02360
841 0.02437
842 0.02518
843 0.02601
844 0.02687
845 0.02777
846 0.02869
847 0.02966
848 0.03066
849 0.03169
850 0.03277
851 0.03389
852 0.03505
853 0.03625
854 0.03750
855 0.03880
856 0.04015
857 0.04155
858 0.04300
859 0.04451
860 0.04608
861 0.04772
862 0.04941
863 0.05117
864 0.05300
865 0.05491
866 0.05689
867 0.05895
868 0.06109
869 0.06332
870 0.06563
871 0.06804
872 0.07055
873 0.07316
874 0.07588
875 0.07871
876 0.08165
877 0.08471
878 0.08790
879 0.09122
880 0.09468
881 0.09829
882 0.10204
883 0.10595
884 0.11003
885 0.11427
886 0.11870
887 0.12331
888 0.12812
889 0.13313
890 0.13836
891 0.14381
892 0.14950
893 0.15543
894 0.16161
895 0.16807
896 0.17481
897 0.18184
898 0.18917
899 0.19683
900 0.20483
901 0.21317
902 0.22189
903 0.23099
904 0.24050
905 0.25044
906 0.26081
907 0.27166
908 0.28299
909 0.29483
910 0.30721
911 0.32015
912 0.33063
913 0.33572
914 0.34160
915 0.34745
916 0.35134
917 0.35322
918 0.35570
919 0.35895
920 0.36322
921 0.36887
922 0.36742
923 0.36598
924 0.37356
925 0.37212
926 0.37069
927 0.38109
928 0.37966
929 0.37823
930 0.37680
931 0.39155
932 0.39013
933 0.38870
934 0.38728
935 0.38586
936 0.38444
937 0.38302
938 0.40499
939 0.40358
940 0.40217
941 0.40077
942 0.39936
943 0.39795
944 0.39655
945 0.39515
946 0.39375
947 0.39234
948 0.39094
949 0.38954
950 0.42475
951 0.42336
952 0.42198
953 0.42060
954 0.41922
955 0.41784
956 0.41647
957 0.41509
958 0.41371
959 0.41234
960 0.41096
961 0.40959
962 0.40821
963 0.40684
964 0.40547
965 0.40409
966 0.40272
967 0.40135
968 0.39999
969 0.39862
970 0.39725
971 0.39588
972 0.39452
973 0.45819
974 0.45686
975 0.45553
976 0.45421
977 0.45288
978 0.45156
979 0.45023
980 0.44891
981 0.44759
982 0.44626
983 0.44494
984 0.44362
985 0.44230
986 0.44097
987 0.43965
988 0.43833
989 0.43701
990 0.43569
991 0.43437
992 0.43305
993 0.43173
994 0.43041
995 0.42910
996 0.42778
997 0.42646
998 0.42514
999 0.42383
1000 0.42251
1001 0.42120
1002 0.41988
1003 0.41857
1004 0.41726
1005 0.41595
1006 0.41463
1007 0.41332
1008 0.41201
1009 0.41070
1010 0.40939
1011 0.40809
1012 0.40678
1013 0.40547
1014 0.40416
1015 0.40286
1016 0.40155
1017 0.40025
1018 0.39895
1019 0.39764
1020 0.39634
1021 0.39504
1022 0.39374
1023 0.39244
1024 0.39114
1025 0.38984
1026 0.53537
1027 0.53419
1028 0.53301
1029 0.53184
1030 0.53066
1031 0.52948
1032 0.52831
1033 0.52713
1034 0.52595
1035 0.52477
1036 0.52359
1037 0.52241
1038 0.52123
1039 0.52005
1040 0.51887
1041 0.51769
1042 0.51651
1043 0.51533
1044 0.51415
1045 0.51297
1046 0.51179
1047 0.51061
1048 0.50943
1049 0.50824
1050 0.50706
1051 0.50588
1052 0.50470
1053 0.50351
1054 0.50233
1055 0.50115
1056 0.49996
1057 0.49878
1058 0.49760
1059 0.49641
1060 0.49523
1061 0.49405
1062 0.49286
1063 0.49168
1064 0.49049
1065 0.48931
1066 0.48813
1067 0.48694
1068 0.48576
1069 0.48457
1070 0.48339
1071 0.48221
1072 0.48102
1073 0.47984
1074 0.47865
1075 0.47747
1076 0.47629
1077 0.47510
1078 0.47392
1079 0.47273
1080 0.47155
1081 0.47037
1082 0.46918
1083 0.46800
1084 0.46682
1085 0.46563
1086 0.46445
1087 0.46327
1088 0.46209
1089 0.46090
1090 0.45972
1091 0.45854
1092 0.45736
1093 0.45618
1094 0.45500
1095 0.45381
1096 0.45263
1097 0.45145
1098 0.45027
1099 0.44909
1100 0.44791
1101 0.44673
1102 0.44555
1103 0.44438
1104 0.44320
1105 0.44202
1106 0.44084
1107 0.43966
1108 0.43849
1109 0.43731
1110 0.43613
1111 0.43496
1112 0.43378
1113 0.43261
1114 0.43143
1115 0.43026
1116 0.42908
1117 0.42791
1118 0.42674
1119 0.42557
1120 0.42439
1121 0.42322
1122 0.42205
1123 0.42088
1124 0.41971
1125 0.41854
1126 0.41737
1127 0.41620
1128 0.41503
1129 0.41387
1130 0.41270
1131 0.41153
1132 0.41037
1133 0.40920
1134 0.40804
1135 0.40687
1136 0.40571
1137 0.40455
1138 0.40339
1139 0.40222
1140 0.40106
1141 0.39990
1142 0.39874
1143 0.39758
1144 0.39643
1145 0.39527
1146 0.39411
1147 0.39295
1148 0.39180
1149 0.39064
1150 0.38949
1151 0.38834
1152 0.38718
1153 0.38603
1154 0.38488
1155 0.38373
1156 0.38258
1157 0.38143
1158 0.38028
1159 0.37914
1160 0.37799
1161 0.37684
1162 0.37570
1163 0.37455
1164 0.37341
1165 0.37227
1166 0.37113
1167 0.36999
1168 0.36885
1169 0.36771
1170 0.36657
1171 0.36543
1172 0.36429
1173 0.36316
1174 0.36202
1175 0.36089
1176 0.35976
1177 0.35862
1178 0.35749
1179 0.35636
1180 0.35523
1181 0.35410
1182 0.35298
1183 0.35185
1184 0.35072
1185 0.34960
1186 0.34848
1187 0.34735
1188 0.34623
1189 0.34511
1190 0.34399
1191 0.34287
1192 0.34175
1193 0.34063
1194 0.33952
1195 0.33840
1196 0.33729
1197 0.33617
1198 0.33506
1199 0.33395
1200 0.33284
1201 0.33173
1202 0.33062
1203 0.32951
1204 0.32841
1205 0.32730
1206 0.32620
1207 0.32509
1208 0.32399
1209 0.32289
1210 0.32179
1211 0.32069
1212 0.31959
1213 0.31849
1214 0.31739
1215 0.31630
1216 1.00000
