17 0.96026
18 0.95670
19 0.95305
20 0.94931
21 0.94548
22 0.94157
23 0.93758
24 0.93351
25 0.92937
26 0.92516
27 0.92089
28 0.91655
29 0.91214
30 0.90768
31 0.90316
32 0.89859
33 0.89397
34 0.88929
35 0.88457
36 0.87980
37 0.87499
38 0.87014
39 0.86525
40 0.86032
41 0.85535
42 0.85035
43 0.84532
44 0.84026
45 0.83518
46 0.83006
47 0.82492
48 0.81976
49 0.81457
50 0.80936
51 0.80414
52 0.79890
53 0.79364
54 0.78837
55 0.78308
56 0.77778
57 0.77247
58 0.76715
59 0.76183
60 0.75650
61 0.75116
62 0.74581
63 0.74047
64 0.73512
65 0.72977
66 0.72442
67 0.71907
68 0.71372
69 0.70837
70 0.70303
71 0.69769
72 0.69236
73 0.68704
74 0.68172
75 0.67641
76 0.67111
77 0.66582
78 0.66054
79 0.65528
80 0.65002
81 0.64478
82 0.63955
83 0.63433
84 0.62913
85 0.62395
86 0.61878
87 0.61362
88 0.60849
89 0.60337
90 0.59827
91 0.59319
92 0.58813
93 0.58309
94 0.57808
95 0.57308
96 0.56810
97 0.56314
98 0.55821
99 0.55330
100 0.54841
101 0.54355
102 0.53871
103 0.53390
104 0.52910
105 0.52434
106 0.51960
107 0.51488
108 0.51019
109 0.50553
110 0.50089
111 0.49628
112 0.49170
113 0.48714
114 0.48261
115 0.47811
116 0.47363
117 0.46919
118 0.46477
119 0.46038
120 0.45602
121 0.45168
122 0.44738
123 0.44310
124 0.43886
125 0.43464
126 0.43045
127 0.42629
128 0.42216
129 0.41806
130 0.41398
131 0.40994
132 0.40593
133 0.40194
134 0.39799
135 0.39406
136 0.39017
137 0.38630
138 0.38247
139 0.37866
140 0.37489
141 0.37114
142 0.36742
143 0.36373
144 0.36008
145 0.35645
146 0.35285
147 0.34928
148 0.34574
149 0.34223
150 0.33875
151 0.33529
152 0.33187
153 0.32848
154 0.32511
155 0.32177
156 0.31847
157 0.31519
158 0.31194
159 0.30871
160 0.30552
161 0.30236
162 0.29922
163 0.29611
164 0.29303
165 0.28998
166 0.28695
167 0.28395
168 0.28098
169 0.27804
170 0.27512
171 0.27223
172 0.26937
173 0.26654
174 0.26373
175 0.26095
176 0.25819
177 0.25546
178 0.25276
179 0.25008
180 0.24743
181 0.24481
182 0.24221
183 0.23963
184 0.23708
185 0.23456
186 0.23206
187 0.22958
188 0.22713
189 0.22470
190 0.22230
191 0.21992
192 0.21757
193 0.21524
194 0.21293
195 0.21065
196 0.20839
197 0.20615
198 0.20393
199 0.20174
200 0.19957
201 0.19742
202 0.19530
203 0.19320
204 0.19111
205 0.18905
206 0.18702
207 0.18500
208 0.18300
209 0.18103
210 0.17907
211 0.17714
212 0.17523
213 0.17333
214 0.17146
215 0.16961
216 0.16778
217 0.16596
218 0.16417
219 0.16239
220 0.16064
221 0.15890
222 0.15718
223 0.15548
224 0.15380
225 0.15214
226 0.15050
227 0.14887
228 0.14726
229 0.14567
230 0.14409
231 0.14254
232 0.14100
233 0.13948
234 0.13797
235 0.13648
236 0.13501
237 0.13355
238 0.13211
239 0.13069
240 0.12928
241 0.12789
242 0.12651
243 0.12515
244 0.12380
245 0.12247
246 0.12115
247 0.11985
248 0.11856
249 0.11729
250 0.11603
251 0.11479
252 0.11356
253 0.11234
254 0.11114
255 0.10995
256 0.10878
257 0.10762
258 0.10647
259 0.10533
260 0.10421
261 0.10310
262 0.10200
263 0.10092
264 0.09985
265 0.09879
266 0.09774
267 0.09670
268 0.09568
269 0.09467
270 0.09367
271 0.09268
272 0.09170
273 0.09073
274 0.08978
275 0.08884
276 0.08790
277 0.08698
278 0.08607
279 0.08517
280 0.08428
281 0.08340
282 0.08253
283 0.08167
284 0.08082
285 0.07998
286 0.07915
287 0.07833
288 0.07751
289 0.07671
290 0.07592
291 0.07514
292 0.07436
293 0.07360
294 0.07284
295 0.07210
296 0.07136
297 0.07063
298 0.06991
299 0.06919
300 0.06849
301 0.06779
302 0.06711
303 0.06643
304 0.06575
305 0.06509
306 0.06443
307 0.06379
308 0.06314
309 0.06251
310 0.06188
311 0.06127
312 0.06066
313 0.06005
314 0.05945
315 0.05886
316 0.05828
317 0.05770
318 0.05714
319 0.05657
320 0.05602
321 0.05547
322 0.05492
323 0.05439
324 0.05386
325 0.05333
326 0.05282
327 0.05230
328 0.05180
329 0.05130
330 0.05080
331 0.05032
332 0.04983
333 0.04936
334 0.04889
335 0.04842
336 0.04796
337 0.04751
338 0.04706
339 0.04661
340 0.04618
341 0.04574
342 0.04531
343 0.04489
344 0.04447
345 0.04406
346 0.04365
347 0.04325
348 0.04285
349 0.04246
350 0.04207
351 0.04168
352 0.04130
353 0.04093
354 0.04055
355 0.04019
356 0.03983
357 0.03947
358 0.03911
359 0.03876
360 0.03842
361 0.03808
362 0.03774
363 0.03741
364 0.03708
365 0.03675
366 0.03643
367 0.03611
368 0.03580
369 0.03549
370 0.03518
371 0.03488
372 0.03458
373 0.03428
374 0.03399
375 0.03370
376 0.03341
377 0.03313
378 0.03285
379 0.03258
380 0.03230
381 0.03203
382 0.03177
383 0.03151
384 0.03125
385 0.03099
386 0.03074
387 0.03049
388 0.03024
389 0.02999
390 0.02975
391 0.02951
392 0.02928
393 0.02904
394 0.02881
395 0.02859
396 0.02836
397 0.02814
398 0.02792
399 0.02770
400 0.02749
401 0.02728
402 0.02707
403 0.02686
404 0.02666
405 0.02645
406 0.02625
407 0.02606
408 0.02586
409 0.02567
410 0.02548
411 0.02529
412 0.02511
413 0.02492
414 0.02474
415 0.02456
416 0.02439
417 0.02421
418 0.02404
419 0.02387
420 0.02370
421 0.02353
422 0.02337
423 0.02321
424 0.02305
425 0.02289
426 0.02273
427 0.02258
428 0.02242
429 0.02227
430 0.02212
431 0.02198
432 0.02183
433 0.02169
434 0.02155
435 0.02141
436 0.02127
437 0.02113
438 0.02100
439 0.02086
440 0.02073
441 0.02060
442 0.02047
443 0.02035
444 0.02022
445 0.02010
446 0.01997
447 0.01985
448 0.01973
449 0.01962
450 0.01950
451 0.01939
452 0.01927
453 0.01916
454 0.01905
455 0.01894
456 0.01883
457 0.01873
458 0.01862
459 0.01852
460 0.01842
461 0.01832
462 0.01822
463 0.01812
464 0.01802
465 0.01793
466 0.01783
467 0.01774
468 0.01765
469 0.01756
470 0.01747
471 0.01738
472 0.01729
473 0.01721
474 0.01712
475 0.01704
476 0.01696
477 0.01688
478 0.01680
479 0.01672
480 0.01664
481 0.01656
482 0.01649
483 0.01641
484 0.01634
485 0.01627
486 0.01620
487 0.01613
488 0.01606
489 0.01599
490 0.01592
491 0.01586
492 0.01579
493 0.01573
494 0.01567
495 0.01560
496 0.01554
497 0.01548
498 0.01542
499 0.01536
500 0.01531
501 0.01525
502 0.01520
503 0.01514
504 0.01509
505 0.01504
506 0.01498
507 0.01493
508 0.01488
509 0.01483
510 0.01479
511 0.01474
512 0.01469
513 0.01465
514 0.01460
515 0.01456
516 0.01452
517 0.01447
518 0.01443
519 0.01439
520 0.01435
521 0.01431
522 0.01428
523 0.01424
524 0.01420
525 0.01417
526 0.01413
527 0.01410
528 0.01406
529 0.01403
530 0.01400
531 0.01397
532 0.01394
533 0.01391
534 0.01388
535 0.01386
536 0.01383
537 0.01380
538 0.01378
539 0.01375
540 0.01373
541 0.01371
542 0.01368
543 0.01366
544 0.01364
545 0.01362
546 0.01360
547 0.01359
548 0.01357
549 0.01355
550 0.01354
551 0.01352
552 0.01351
553 0.01349
554 0.01348
555 0.01347
556 0.01345
557 0.01344
558 0.01343
559 0.01342
560 0.01342
561 0.01341
562 0.01340
563 0.01339
564 0.01339
565 0.01338
566 0.01338
567 0.01338
568 0.01337
569 0.01337
570 0.01337
571 0.01337
572 0.01337
573 0.01337
574 0.01337
575 0.01337
576 0.01338
577 0.01338
578 0.01338
579 0.01339
580 0.01340
581 0.01340
582 0.01341
583 0.01342
584 0.01343
585 0.01344
586 0.01345
587 0.01346
588 0.01347
589 0.01348
590 0.01350
591 0.01351
592 0.01353
593 0.01354
594 0.01356
595 0.01358
596 0.01360
597 0.01362
598 0.01364
599 0.01366
600 0.01368
601 0.01370
602 0.01373
603 0.01375
604 0.01378
605 0.01380
606 0.01383
607 0.01386
608 0.01389
609 0.01392
610 0.01395
611 0.01398
612 0.01401
613 0.01404
614 0.01408
615 0.01411
616 0.01415
617 0.01419
618 0.01423
619 0.01427
620 0.01431
621 0.01435
622 0.01439
623 0.01443
624 0.01448
625 0.01452
626 0.01457
627 0.01462
628 0.01467
629 0.01472
630 0.01477
631 0.01482
632 0.01487
633 0.01492
634 0.01498
635 0.01503
636 0.01509
637 0.01515
638 0.01521
639 0.01527
640 0.01533
641 0.01540
642 0.01546
643 0.01553
644 0.01559
645 0.01566
646 0.01573
647 0.01580
648 0.01588
649 0.01595
650 0.01603
651 0.01610
652 0.01618
653 0.01626
654 0.01634
655 0.01642
656 0.01651
657 0.01660
658 0.01668
659 0.01677
660 0.01686
661 0.01695
662 0.01705
663 0.01714
664 0.01724
665 0.01734
666 0.01744
667 0.01754
668 0.01765
669 0.01775
670 0.01786
671 0.01797
672 0.01808
673 0.01820
674 0.01831
675 0.01843
676 0.01855
677 0.01867
678 0.01880
679 0.01892
680 0.01905
681 0.01918
682 0.01932
683 0.01945
684 0.01959
685 0.01973
686 0.01987
687 0.02002
688 0.02016
689 0.02031
690 0.02047
691 0.02062
692 0.02078
693 0.02094
694 0.02110
695 0.02127
696 0.02144
697 0.02161
698 0.02178
699 0.02196
700 0.02214
701 0.02232
702 0.02251
703 0.02270
704 0.02289
705 0.02309
706 0.02329
707 0.02349
708 0.02370
709 0.02391
710 0.02413
711 0.02434
712 0.02457
713 0.02479
714 0.02502
715 0.02526
716 0.02549
717 0.02574
718 0.02598
719 0.02623
720 0.02649
721 0.02675
722 0.02701
723 0.02728
724 0.02755
725 0.02783
726 0.02811
727 0.02840
728 0.02869
729 0.02899
730 0.02930
731 0.02961
732 0.02992
733 0.03024
734 0.03057
735 0.03090
736 0.03124
737 0.03158
738 0.03193
739 0.03229
740 0.03265
741 0.03302
742 0.03340
743 0.03378
744 0.03417
745 0.03456
746 0.03496
747 0.03537
748 0.03578
749 0.03620
750 0.03663
751 0.03707
752 0.03752
753 0.03797
754 0.03844
755 0.03891
756 0.03939
757 0.03988
758 0.04038
759 0.04089
760 0.04141
761 0.04194
762 0.04248
763 0.04303
764 0.04358
765 0.04416
766 0.04474
767 0.04533
768 0.04593
769 0.04655
770 0.04718
771 0.04782
772 0.04847
773 0.04914
774 0.04982
775 0.05051
776 0.05121
777 0.05194
778 0.05267
779 0.05342
780 0.05418
781 0.05496
782 0.05576
783 0.05657
784 0.05740
785 0.05825
786 0.05911
787 0.05999
788 0.06089
789 0.06180
790 0.06274
791 0.06370
792 0.06467
793 0.06567
794 0.06668
795 0.06772
796 0.06878
797 0.06986
798 0.07097
799 0.07210
800 0.07325
801 0.07443
802 0.07563
803 0.07686
804 0.07811
805 0.07940
806 0.08071
807 0.08205
808 0.08341
809 0.08481
810 0.08624
811 0.08770
812 0.08920
813 0.09072
814 0.09228
815 0.09388
816 0.09551
817 0.09718
818 0.09888
819 0.10062
820 0.10241
821 0.10423
822 0.10610
823 0.10800
824 0.10996
825 0.11195
826 0.11400
827 0.11609
828 0.11823
829 0.12042
830 0.12266
831 0.12495
832 0.12730
833 0.12970
834 0.13216
835 0.13468
836 0.13725
837 0.13989
838 0.14260
839 0.14537
840 0.14820
841 0.15110
842 0.15408
843 0.15713
844 0.16025
845 0.16345
846 0.16672
847 0.17008
848 0.17352
849 0.17705
850 0.18066
851 0.18437
852 0.18816
853 0.19206
854 0.19605
855 0.20014
856 0.20434
857 0.20864
858 0.21305
859 0.21758
860 0.22222
861 0.22699
862 0.23187
863 0.23688
864 0.24203
865 0.24730
866 0.25272
867 0.25828
868 0.26398
869 0.26984
870 0.27585
871 0.28202
872 0.28836
873 0.29486
874 0.30154
875 0.30840
876 0.31544
877 0.32268
878 0.33011
879 0.33775
880 0.34559
881 0.35365
882 0.36194
883 0.37045
884 0.37919
885 0.38818
886 0.39742
887 0.40692
888 0.41668
889 0.42672
890 0.43704
891 0.44766
892 0.45857
893 0.46980
894 0.48135
895 0.49322
896 0.50544
897 0.51801
898 0.53095
899 0.54426
900 0.55795
901 0.57205
902 0.58656
903 0.60149
904 0.61687
905 0.63270
906 0.64899
907 0.66578
908 0.68306
909 0.70086
910 0.71919
911 0.73807
912 0.75342
913 0.75636
914 0.75973
915 0.76304
916 0.76521
917 0.76625
918 0.76763
919 0.76941
920 0.77174
921 0.77479
922 0.77402
923 0.77324
924 0.77730
925 0.77654
926 0.77577
927 0.78128
928 0.78053
929 0.77977
930 0.77902
931 0.78670
932 0.78597
933 0.78524
934 0.78451
935 0.78377
936 0.78303
937 0.78229
938 0.79352
939 0.79282
940 0.79211
941 0.79140
942 0.79069
943 0.78998
944 0.78927
945 0.78855
946 0.78784
947 0.78712
948 0.78640
949 0.78568
950 0.80325
951 0.80258
952 0.80191
953 0.80124
954 0.80056
955 0.79989
956 0.79922
957 0.79854
958 0.79786
959 0.79718
960 0.79650
961 0.79582
962 0.79514
963 0.79446
964 0.79377
965 0.79309
966 0.79240
967 0.79171
968 0.79102
969 0.79033
970 0.78964
971 0.78894
972 0.78825
973 0.81896
974 0.81836
975 0.81775
976 0.81714
977 0.81653
978 0.81592
979 0.81531
980 0.81469
981 0.81408
982 0.81346
983 0.81285
984 0.81223
985 0.81161
986 0.81099
987 0.81037
988 0.80974
989 0.80912
990 0.80849
991 0.80787
992 0.80724
993 0.80661
994 0.80598
995 0.80535
996 0.80472
997 0.80408
998 0.80345
999 0.80281
1000 0.80218
1001 0.80154
1002 0.80090
1003 0.80026
1004 0.79962
1005 0.79897
1006 0.79833
1007 0.79769
1008 0.79704
1009 0.79639
1010 0.79574
1011 0.79509
1012 0.79444
1013 0.79379
1014 0.79314
1015 0.79249
1016 0.79183
1017 0.79117
1018 0.79052
1019 0.78986
1020 0.78920
1021 0.78854
1022 0.78787
1023 0.78721
1024 0.78655
1025 0.78588
1026 0.85223
1027 0.85176
1028 0.85128
1029 0.85079
1030 0.85031
1031 0.84983
1032 0.84934
1033 0.84886
1034 0.84837
1035 0.84789
1036 0.84740
1037 0.84691
1038 0.84642
1039 0.84593
1040 0.84544
1041 0.84495
1042 0.84445
1043 0.84396
1044 0.84346
1045 0.84297
1046 0.84247
1047 0.84197
1048 0.84147
1049 0.84097
1050 0.84047
1051 0.83997
1052 0.83947
1053 0.83896
1054 0.83846
1055 0.83795
1056 0.83745
1057 0.83694
1058 0.83643
1059 0.83592
1060 0.83541
1061 0.83490
1062 0.83439
1063 0.83387
1064 0.83336
1065 0.83284
1066 0.83233
1067 0.83181
1068 0.83129
1069 0.83077
1070 0.83025
1071 0.82973
1072 0.82921
1073 0.82869
1074 0.82816
1075 0.82764
1076 0.82711
1077 0.82659
1078 0.82606
1079 0.82553
1080 0.82500
1081 0.82447
1082 0.82394
1083 0.82341
1084 0.82288
1085 0.82234
1086 0.82181
1087 0.82127
1088 0.82073
1089 0.82020
1090 0.81966
1091 0.81912
1092 0.81858
1093 0.81804
1094 0.81749
1095 0.81695
1096 0.81641
1097 0.81586
1098 0.81531
1099 0.81477
1100 0.81422
1101 0.81367
1102 0.81312
1103 0.81257
1104 0.81202
1105 0.81147
1106 0.81091
1107 0.81036
1108 0.80980
1109 0.80925
1110 0.80869
1111 0.80813
1112 0.80757
1113 0.80701
1114 0.80645
1115 0.80589
1116 0.80533
1117 0.80476
1118 0.80420
1119 0.80363
1120 0.80307
1121 0.80250
1122 0.80193
1123 0.80136
1124 0.80079
1125 0.80022
1126 0.79965
1127 0.79908
1128 0.79850
1129 0.79793
1130 0.79735
1131 0.79677
1132 0.79620
1133 0.79562
1134 0.79504
1135 0.79446
1136 0.79388
1137 0.79330
1138 0.79271
1139 0.79213
1140 0.79154
1141 0.79096
1142 0.79037
1143 0.78979
1144 0.78920
1145 0.78861
1146 0.78802
1147 0.78743
1148 0.78683
1149 0.78624
1150 0.78565
1151 0.78505
1152 0.78446
1153 0.78386
1154 0.78326
1155 0.78267
1156 0.78207
1157 0.78147
1158 0.78087
1159 0.78026
1160 0.77966
1161 0.77906
1162 0.77845
1163 0.77785
1164 0.77724
1165 0.77664
1166 0.77603
1167 0.77542
1168 0.77481
1169 0.77420
1170 0.77359
1171 0.77297
1172 0.77236
1173 0.77175
1174 0.77113
1175 0.77052
1176 0.76990
1177 0.76928
1178 0.76866
1179 0.76804
1180 0.76742
1181 0.76680
1182 0.76618
1183 0.76556
1184 0.76493
1185 0.76431
1186 0.76369
1187 0.76306
1188 0.76243
1189 0.76180
1190 0.76117
1191 0.76055
1192 0.75991
1193 0.75928
1194 0.75865
1195 0.75802
1196 0.75738
1197 0.75675
1198 0.75611
1199 0.75548
1200 0.75484
1201 0.75420
1202 0.75356
1203 0.75292
1204 0.75228
1205 0.75164
1206 0.75100
1207 0.75035
1208 0.74971
1209 0.74907
1210 0.74842
1211 0.74777
1212 0.74713
1213 0.74648
1214 0.74583
1215 0.74518
1216 1.00000
