17 0.99915
18 0.99908
19 0.99900
20 0.99892
21 0.99884
22 0.99876
23 0.99868
24 0.99859
25 0.99850
26 0.99841
27 0.99832
28 0.99823
29 0.99814
30 0.99804
31 0.99795
32 0.99785
33 0.99775
34 0.99765
35 0.99755
36 0.99744
37 0.99734
38 0.99723
39 0.99713
40 0.99702
41 0.99691
42 0.99680
43 0.99669
44 0.99657
45 0.99646
46 0.99635
47 0.99623
48 0.99611
49 0.99600
50 0.99588
51 0.99576
52 0.99564
53 0.99551
54 0.99539
55 0.99527
56 0.99514
57 0.99502
58 0.99489
59 0.99477
60 0.99464
61 0.99451
62 0.99438
63 0.99425
64 0.99412
65 0.99399
66 0.99386
67 0.99372
68 0.99359
69 0.99345
70 0.99332
71 0.99318
72 0.99305
73 0.99291
74 0.99277
75 0.99263
76 0.99249
77 0.99235
78 0.99221
79 0.99207
80 0.99193
81 0.99179
82 0.99165
83 0.99150
84 0.99136
85 0.99121
86 0.99107
87 0.99092
88 0.99078
89 0.99063
90 0.99048
91 0.99034
92 0.99019
93 0.99004
94 0.98989
95 0.98974
96 0.98959
97 0.98944
98 0.98929
99 0.98914
100 0.98899
101 0.98884
102 0.98868
103 0.98853
104 0.98838
105 0.98822
106 0.98807
107 0.98791
108 0.98776
109 0.98761
110 0.98745
111 0.98729
112 0.98714
113 0.98698
114 0.98682
115 0.98667
116 0.98651
117 0.98635
118 0.98619
119 0.98604
120 0.98588
121 0.98572
122 0.98556
123 0.98540
124 0.98524
125 0.98508
126 0.98492
127 0.98476
128 0.98460
129 0.98444
130 0.98428
131 0.98412
132 0.98396
133 0.98379
134 0.98363
135 0.98347
136 0.98331
137 0.98315
138 0.98298
139 0.98282
140 0.98266
141 0.98249
142 0.98233
143 0.98217
144 0.98200
145 0.98184
146 0.98168
147 0.98151
148 0.98135
149 0.98118
150 0.98102
151 0.98086
152 0.98069
153 0.98053
154 0.98036
155 0.98020
156 0.98003
157 0.97987
158 0.97970
159 0.97954
160 0.97937
161 0.97920
162 0.97904
163 0.97887
164 0.97871
165 0.97854
166 0.97838
167 0.97821
168 0.97804
169 0.97788
170 0.97771
171 0.97755
172 0.97738
173 0.97722
174 0.97705
175 0.97688
176 0.97672
177 0.97655
178 0.97638
179 0.97622
180 0.97605
181 0.97589
182 0.97572
183 0.97555
184 0.97539
185 0.97522
186 0.97506
187 0.97489
188 0.97473
189 0.97456
190 0.97439
191 0.97423
192 0.97406
193 0.97390
194 0.97373
195 0.97357
196 0.97340
197 0.97323
198 0.97307
199 0.97290
200 0.97274
201 0.97257
202 0.97241
203 0.97224
204 0.97208
205 0.97191
206 0.97175
207 0.97159
208 0.97142
209 0.97126
210 0.97109
211 0.97093
212 0.97076
213 0.97060
214 0.97044
215 0.97027
216 0.97011
217 0.96995
218 0.96978
219 0.96962
220 0.96946
221 0.96929
222 0.96913
223 0.96897
224 0.96881
225 0.96864
226 0.96848
227 0.96832
228 0.96816
229 0.96800
230 0.96784
231 0.96767
232 0.96751
233 0.96735
234 0.96719
235 0.96703
236 0.96687
237 0.96671
238 0.96655
239 0.96639
240 0.96623
241 0.96607
242 0.96591
243 0.96575
244 0.96559
245 0.96544
246 0.96528
247 0.96512
248 0.96496
249 0.96480
250 0.96465
251 0.96449
252 0.96433
253 0.96418
254 0.96402
255 0.96386
256 0.96371
257 0.96355
258 0.96339
259 0.96324
260 0.96308
261 0.96293
262 0.96277
263 0.96262
264 0.96247
265 0.96231
266 0.96216
267 0.96200
268 0.96185
269 0.96170
270 0.96155
271 0.96139
272 0.96124
273 0.96109
274 0.96094
275 0.96079
276 0.96064
277 0.96049
278 0.96034
279 0.96019
280 0.96004
281 0.95989
282 0.95974
283 0.95959
284 0.95944
285 0.95929
286 0.95914
287 0.95899
288 0.95885
289 0.95870
290 0.95855
291 0.95841
292 0.95826
293 0.95811
294 0.95797
295 0.95782
296 0.95768
297 0.95753
298 0.95739
299 0.95725
300 0.95710
301 0.95696
302 0.95682
303 0.95667
304 0.95653
305 0.95639
306 0.95625
307 0.95611
308 0.95597
309 0.95583
310 0.95569
311 0.95555
312 0.95541
313 0.95527
314 0.95513
315 0.95499
316 0.95485
317 0.95471
318 0.95458
319 0.95444
320 0.95430
321 0.95417
322 0.95403
323 0.95390
324 0.95376
325 0.95363
326 0.95349
327 0.95336
328 0.95322
329 0.95309
330 0.95296
331 0.95282
332 0.95269
333 0.95256
334 0.95243
335 0.95230
336 0.95217
337 0.95204
338 0.95191
339 0.95178
340 0.95165
341 0.95152
342 0.95139
343 0.95127
344 0.95114
345 0.95101
346 0.95088
347 0.95076
348 0.95063
349 0.95051
350 0.95038
351 0.95026
352 0.95013
353 0.95001
354 0.94989
355 0.94976
356 0.94964
357 0.94952
358 0.94940
359 0.94928
360 0.94916
361 0.94904
362 0.94892
363 0.94880
364 0.94868
365 0.94856
366 0.94844
367 0.94832
368 0.94821
369 0.94809
370 0.94797
371 0.94786
372 0.94774
373 0.94763
374 0.94751
375 0.94740
376 0.94729
377 0.94717
378 0.94706
379 0.94695
380 0.94684
381 0.94673
382 0.94661
383 0.94650
384 0.94639
385 0.94629
386 0.94618
387 0.94607
388 0.94596
389 0.94585
390 0.94575
391 0.94564
392 0.94553
393 0.94543
394 0.94532
395 0.94522
396 0.94511
397 0.94501
398 0.94491
399 0.94480
400 0.94470
401 0.94460
402 0.94450
403 0.94440
404 0.94430
405 0.94420
406 0.94410
407 0.94400
408 0.94390
409 0.94380
410 0.94370
411 0.94361
412 0.94351
413 0.94342
414 0.94332
415 0.94323
416 0.94313
417 0.94304
418 0.94294
419 0.94285
420 0.94276
421 0.94267
422 0.94258
423 0.94249
424 0.94239
425 0.94231
426 0.94222
427 0.94213
428 0.94204
429 0.94195
430 0.94186
431 0.94178
432 0.94169
433 0.94161
434 0.94152
435 0.94144
436 0.94135
437 0.94127
438 0.94119
439 0.94110
440 0.94102
441 0.94094
442 0.94086
443 0.94078
444 0.94070
445 0.94062
446 0.94054
447 0.94046
448 0.94039
449 0.94031
450 0.94023
451 0.94016
452 0.94008
453 0.94001
454 0.93993
455 0.93986
456 0.93978
457 0.93971
458 0.93964
459 0.93957
460 0.93950
461 0.93943
462 0.93936
463 0.93929
464 0.93922
465 0.93915
466 0.93908
467 0.93902
468 0.93895
469 0.93888
470 0.93882
471 0.93875
472 0.93869
473 0.93863
474 0.93856
475 0.93850
476 0.93844
477 0.93838
478 0.93832
479 0.93826
480 0.93820
481 0.93814
482 0.93808
483 0.93802
484 0.93796
485 0.93791
486 0.93785
487 0.93779
488 0.93774
489 0.93768
490 0.93763
491 0.93758
492 0.93752
493 0.93747
494 0.93742
495 0.93737
496 0.93732
497 0.93727
498 0.93722
499 0.93717
500 0.93712
501 0.93708
502 0.93703
503 0.93698
504 0.93694
505 0.93689
506 0.93685
507 0.93681
508 0.93676
509 0.93672
510 0.93668
511 0.93664
512 0.93660
513 0.93656
514 0.93652
515 0.93648
516 0.93644
517 0.93640
518 0.93636
519 0.93633
520 0.93629
521 0.93626
522 0.93622
523 0.93619
524 0.93615
525 0.93612
526 0.93609
527 0.93606
528 0.93603
529 0.93600
530 0.93597
531 0.93594
532 0.93591
533 0.93588
534 0.93585
535 0.93583
536 0.93580
537 0.93578
538 0.93575
539 0.93573
540 0.93570
541 0.93568
542 0.93566
543 0.93564
544 0.93562
545 0.93560
546 0.93558
547 0.93556
548 0.93554
549 0.93552
550 0.93551
551 0.93549
552 0.93547
553 0.93546
554 0.93544
555 0.93543
556 0.93542
557 0.93540
558 0.93539
559 0.93538
560 0.93537
561 0.93536
562 0.93535
563 0.93534
564 0.93534
565 0.93533
566 0.93532
567 0.93532
568 0.93531
569 0.93531
570 0.93530
571 0.93530
572 0.93530
573 0.93529
574 0.93529
575 0.93529
576 0.93529
577 0.93529
578 0.93529
579 0.93530
580 0.93530
581 0.93530
582 0.93531
583 0.93531
584 0.93532
585 0.93532
586 0.93533
587 0.93534
588 0.93534
589 0.93535
590 0.93536
591 0.93537
592 0.93538
593 0.93539
594 0.93541
595 0.93542
596 0.93543
597 0.93545
598 0.93546
599 0.93548
600 0.93549
601 0.93551
602 0.93553
603 0.93555
604 0.93557
605 0.93559
606 0.93561
607 0.93563
608 0.93565
609 0.93567
610 0.93569
611 0.93572
612 0.93574
613 0.93577
614 0.93579
615 0.93582
616 0.93585
617 0.93588
618 0.93591
619 0.93593
620 0.93597
621 0.93600
622 0.93603
623 0.93606
624 0.93609
625 0.93613
626 0.93616
627 0.93620
628 0.93623
629 0.93627
630 0.93631
631 0.93634
632 0.93638
633 0.93642
634 0.93646
635 0.93650
636 0.93655
637 0.93659
638 0.93663
639 0.93667
640 0.93672
641 0.93676
642 0.93681
643 0.93686
644 0.93690
645 0.93695
646 0.93700
647 0.93705
648 0.93710
649 0.93715
650 0.93720
651 0.93726
652 0.93731
653 0.93736
654 0.93742
655 0.93747
656 0.93753
657 0.93759
658 0.93765
659 0.93770
660 0.93776
661 0.93782
662 0.93788
663 0.93795
664 0.93801
665 0.93807
666 0.93813
667 0.93820
668 0.93826
669 0.93833
670 0.93840
671 0.93846
672 0.93853
673 0.93860
674 0.93867
675 0.93874
676 0.93881
677 0.93888
678 0.93896
679 0.93903
680 0.93911
681 0.93918
682 0.93926
683 0.93933
684 0.93941
685 0.93949
686 0.93957
687 0.93965
688 0.93973
689 0.93981
690 0.93989
691 0.93997
692 0.94006
693 0.94014
694 0.94023
695 0.94031
696 0.94040
697 0.94049
698 0.94057
699 0.94066
700 0.94075
701 0.94084
702 0.94093
703 0.94103
704 0.94112
705 0.94121
706 0.94131
707 0.94140
708 0.94150
709 0.94160
710 0.94169
711 0.94179
712 0.94189
713 0.94199
714 0.94209
715 0.94219
716 0.94230
717 0.94240
718 0.94250
719 0.94261
720 0.94271
721 0.94282
722 0.94293
723 0.94304
724 0.94314
725 0.94325
726 0.94337
727 0.94348
728 0.94359
729 0.94370
730 0.94382
731 0.94393
732 0.94405
733 0.94416
734 0.94428
735 0.94440
736 0.94451
737 0.94463
738 0.94475
739 0.94488
740 0.94500
741 0.94512
742 0.94524
743 0.94537
744 0.94549
745 0.94562
746 0.94575
747 0.94587
748 0.94600
749 0.94613
750 0.94626
751 0.94639
752 0.94653
753 0.94666
754 0.94679
755 0.94693
756 0.94706
757 0.94720
758 0.94733
759 0.94747
760 0.94761
761 0.94775
762 0.94789
763 0.94803
764 0.94817
765 0.94832
766 0.94846
767 0.94861
768 0.94875
769 0.94890
770 0.94904
771 0.94919
772 0.94934
773 0.94949
774 0.94964
775 0.94979
776 0.94995
777 0.95010
778 0.95025
779 0.95041
780 0.95056
781 0.95072
782 0.95088
783 0.95104
784 0.95120
785 0.95136
786 0.95152
787 0.95168
788 0.95184
789 0.95201
790 0.95217
791 0.95234
792 0.95250
793 0.95267
794 0.95284
795 0.95301
796 0.95318
797 0.95335
798 0.95352
799 0.95369
800 0.95387
801 0.95404
802 0.95422
803 0.95439
804 0.95457
805 0.95475
806 0.95493
807 0.95511
808 0.95529
809 0.95547
810 0.95565
811 0.95583
812 0.95602
813 0.95620
814 0.95639
815 0.95658
816 0.95677
817 0.95695
818 0.95714
819 0.95734
820 0.95753
821 0.95772
822 0.95791
823 0.95811
824 0.95830
825 0.95850
826 0.95870
827 0.95890
828 0.95909
829 0.95929
830 0.95950
831 0.95970
832 0.95990
833 0.96010
834 0.96031
835 0.96051
836 0.96072
837 0.96093
838 0.96114
839 0.96135
840 0.96156
841 0.96177
842 0.96198
843 0.96219
844 0.96241
845 0.96262
846 0.96284
847 0.96306
848 0.96328
849 0.96349
850 0.96371
851 0.96394
852 0.96416
853 0.96438
854 0.96460
855 0.96483
856 0.96505
857 0.96528
858 0.96551
859 0.96574
860 0.96597
861 0.96620
862 0.96643
863 0.96666
864 0.96690
865 0.96713
866 0.96737
867 0.96760
868 0.96784
869 0.96808
870 0.96832
871 0.96856
872 0.96880
873 0.96904
874 0.96929
875 0.96953
876 0.96978
877 0.97002
878 0.97027
879 0.97052
880 0.97077
881 0.97102
882 0.97127
883 0.97153
884 0.97178
885 0.97203
886 0.97229
887 0.97255
888 0.97280
889 0.97306
890 0.97332
891 0.97358
892 0.97384
893 0.97411
894 0.97437
895 0.97464
896 0.97490
897 0.97517
898 0.97544
899 0.97571
900 0.97598
901 0.97625
902 0.97652
903 0.97679
904 0.97707
905 0.97734
906 0.97762
907 0.97790
908 0.97817
909 0.97845
910 0.97874
911 0.97902
912 0.97924
913 0.97946
914 0.97972
915 0.97997
916 0.98014
917 0.98023
918 0.98035
919 0.98049
920 0.98067
921 0.98090
922 0.98087
923 0.98084
924 0.98113
925 0.98110
926 0.98107
927 0.98146
928 0.98143
929 0.98140
930 0.98137
931 0.98190
932 0.98188
933 0.98185
934 0.98182
935 0.98179
936 0.98176
937 0.98174
938 0.98250
939 0.98247
940 0.98244
941 0.98242
942 0.98239
943 0.98236
944 0.98234
945 0.98231
946 0.98228
947 0.98226
948 0.98223
949 0.98220
950 0.98337
951 0.98334
952 0.98332
953 0.98329
954 0.98327
955 0.98324
956 0.98322
957 0.98320
958 0.98317
959 0.98315
960 0.98312
961 0.98310
962 0.98307
963 0.98305
964 0.98302
965 0.98300
966 0.98297
967 0.98295
968 0.98292
969 0.98290
970 0.98287
971 0.98285
972 0.98282
973 0.98482
974 0.98480
975 0.98478
976 0.98475
977 0.98473
978 0.98471
979 0.98469
980 0.98467
981 0.98464
982 0.98462
983 0.98460
984 0.98458
985 0.98455
986 0.98453
987 0.98451
988 0.98449
989 0.98447
990 0.98444
991 0.98442
992 0.98440
993 0.98438
994 0.98435
995 0.98433
996 0.98431
997 0.98429
998 0.98426
999 0.98424
1000 0.98422
1001 0.98420
1002 0.98418
1003 0.98415
1004 0.98413
1005 0.98411
1006 0.98409
1007 0.98406
1008 0.98404
1009 0.98402
1010 0.98400
1011 0.98397
1012 0.98395
1013 0.98393
1014 0.98391
1015 0.98388
1016 0.98386
1017 0.98384
1018 0.98382
1019 0.98379
1020 0.98377
1021 0.98375
1022 0.98373
1023 0.98370
1024 0.98368
1025 0.98366
1026 0.98789
1027 0.98787
1028 0.98785
1029 0.98784
1030 0.98782
1031 0.98780
1032 0.98779
1033 0.98777
1034 0.98775
1035 0.98774
1036 0.98772
1037 0.98770
1038 0.98769
1039 0.98767
1040 0.98765
1041 0.98764
1042 0.98762
1043 0.98760
1044 0.98758
1045 0.98757
1046 0.98755
1047 0.98753
1048 0.98752
1049 0.98750
1050 0.98748
1051 0.98747
1052 0.98745
1053 0.98743
1054 0.98742
1055 0.98740
1056 0.98738
1057 0.98736
1058 0.98735
1059 0.98733
1060 0.98731
1061 0.98730
1062 0.98728
1063 0.98726
1064 0.98725
1065 0.98723
1066 0.98721
1067 0.98719
1068 0.98718
1069 0.98716
1070 0.98714
1071 0.98713
1072 0.98711
1073 0.98709
1074 0.98707
1075 0.98706
1076 0.98704
1077 0.98702
1078 0.98701
1079 0.98699
1080 0.98697
1081 0.98695
1082 0.98694
1083 0.98692
1084 0.98690
1085 0.98689
1086 0.98687
1087 0.98685
1088 0.98683
1089 0.98682
1090 0.98680
1091 0.98678
1092 0.98677
1093 0.98675
1094 0.98673
1095 0.98671
1096 0.98670
1097 0.98668
1098 0.98666
1099 0.98664
1100 0.98663
1101 0.98661
1102 0.98659
1103 0.98658
1104 0.98656
1105 0.98654
1106 0.98652
1107 0.98651
1108 0.98649
1109 0.98647
1110 0.98645
1111 0.98644
1112 0.98642
1113 0.98640
1114 0.98639
1115 0.98637
1116 0.98635
1117 0.98633
1118 0.98632
1119 0.98630
1120 0.98628
1121 0.98626
1122 0.98625
1123 0.98623
1124 0.98621
1125 0.98619
1126 0.98618
1127 0.98616
1128 0.98614
1129 0.98612
1130 0.98611
1131 0.98609
1132 0.98607
1133 0.98605
1134 0.98604
1135 0.98602
1136 0.98600
1137 0.98598
1138 0.98597
1139 0.98595
1140 0.98593
1141 0.98591
1142 0.98590
1143 0.98588
1144 0.98586
1145 0.98584
1146 0.98583
1147 0.98581
1148 0.98579
1149 0.98577
1150 0.98576
1151 0.98574
1152 0.98572
1153 0.98570
1154 0.98569
1155 0.98567
1156 0.98565
1157 0.98563
1158 0.98562
1159 0.98560
1160 0.98558
1161 0.98556
1162 0.98554
1163 0.98553
1164 0.98551
1165 0.98549
1166 0.98547
1167 0.98546
1168 0.98544
1169 0.98542
1170 0.98540
1171 0.98539
1172 0.98537
1173 0.98535
1174 0.98533
1175 0.98531
1176 0.98530
1177 0.98528
1178 0.98526
1179 0.98524
1180 0.98523
1181 0.98521
1182 0.98519
1183 0.98517
1184 0.98515
1185 0.98514
1186 0.98512
1187 0.98510
1188 0.98508
1189 0.98507
1190 0.98505
1191 0.98503
1192 0.98501
1193 0.98499
1194 0.98498
1195 0.98496
1196 0.98494
1197 0.98492
1198 0.98491
1199 0.98489
1200 0.98487
1201 0.98485
1202 0.98483
1203 0.98482
1204 0.98480
1205 0.98478
1206 0.98476
1207 0.98474
1208 0.98473
1209 0.98471
1210 0.98469
1211 0.98467
1212 0.98465
1213 0.98464
1214 0.98462
1215 0.98460
1216 1.00000
