17 0.96099
18 0.95760
19 0.95414
20 0.95060
21 0.94699
22 0.94331
23 0.93957
24 0.93577
25 0.93191
26 0.92799
27 0.92403
28 0.92001
29 0.91594
30 0.91182
31 0.90767
32 0.90347
33 0.89923
34 0.89495
35 0.89064
36 0.88630
37 0.88192
38 0.87751
39 0.87308
40 0.86862
41 0.86413
42 0.85962
43 0.85509
44 0.85053
45 0.84596
46 0.84137
47 0.83676
48 0.83214
49 0.82750
50 0.82285
51 0.81818
52 0.81351
53 0.80883
54 0.80414
55 0.79944
56 0.79473
57 0.79002
58 0.78531
59 0.78059
60 0.77587
61 0.77115
62 0.76643
63 0.76170
64 0.75698
65 0.75226
66 0.74754
67 0.74283
68 0.73812
69 0.73341
70 0.72871
71 0.72402
72 0.71933
73 0.71465
74 0.70998
75 0.70532
76 0.70066
77 0.69602
78 0.69138
79 0.68676
80 0.68215
81 0.67755
82 0.67296
83 0.66839
84 0.66383
85 0.65928
86 0.65474
87 0.65022
88 0.64572
89 0.64123
90 0.63676
91 0.63230
92 0.62786
93 0.62344
94 0.61903
95 0.61464
96 0.61027
97 0.60592
98 0.60158
99 0.59726
100 0.59297
101 0.58869
102 0.58443
103 0.58019
104 0.57597
105 0.57177
106 0.56759
107 0.56343
108 0.55929
109 0.55518
110 0.55108
111 0.54700
112 0.54295
113 0.53892
114 0.53491
115 0.53092
116 0.52695
117 0.52300
118 0.51908
119 0.51518
120 0.51130
121 0.50744
122 0.50361
123 0.49979
124 0.49600
125 0.49224
126 0.48849
127 0.48477
128 0.48107
129 0.47740
130 0.47374
131 0.47011
132 0.46651
133 0.46292
134 0.45936
135 0.45582
136 0.45231
137 0.44882
138 0.44535
139 0.44190
140 0.43848
141 0.43508
142 0.43170
143 0.42835
144 0.42502
145 0.42171
146 0.41842
147 0.41516
148 0.41192
149 0.40870
150 0.40551
151 0.40233
152 0.39919
153 0.39606
154 0.39295
155 0.38987
156 0.38681
157 0.38378
158 0.38076
159 0.37777
160 0.37480
161 0.37185
162 0.36892
163 0.36602
164 0.36314
165 0.36028
166 0.35744
167 0.35462
168 0.35182
169 0.34905
170 0.34630
171 0.34356
172 0.34085
173 0.33816
174 0.33549
175 0.33285
176 0.33022
177 0.32761
178 0.32503
179 0.32246
180 0.31991
181 0.31739
182 0.31488
183 0.31240
184 0.30993
185 0.30749
186 0.30506
187 0.30266
188 0.30027
189 0.29791
190 0.29556
191 0.29323
192 0.29092
193 0.28863
194 0.28636
195 0.28411
196 0.28187
197 0.27966
198 0.27746
199 0.27528
200 0.27312
201 0.27098
202 0.26886
203 0.26675
204 0.26466
205 0.26259
206 0.26054
207 0.25850
208 0.25648
209 0.25448
210 0.25249
211 0.25053
212 0.24858
213 0.24664
214 0.24472
215 0.24282
216 0.24094
217 0.23907
218 0.23722
219 0.23538
220 0.23356
221 0.23175
222 0.22997
223 0.22819
224 0.22643
225 0.22469
226 0.22296
227 0.22125
228 0.21955
229 0.21787
230 0.21620
231 0.21455
232 0.21291
233 0.21129
234 0.20968
235 0.20808
236 0.20650
237 0.20493
238 0.20338
239 0.20184
240 0.20031
241 0.19880
242 0.19730
243 0.19581
244 0.19434
245 0.19288
246 0.19144
247 0.19000
248 0.18858
249 0.18718
250 0.18578
251 0.18440
252 0.18303
253 0.18167
254 0.18032
255 0.17899
256 0.17767
257 0.17636
258 0.17506
259 0.17378
260 0.17250
261 0.17124
262 0.16999
263 0.16875
264 0.16752
265 0.16630
266 0.16510
267 0.16390
268 0.16272
269 0.16154
270 0.16038
271 0.15923
272 0.15809
273 0.15695
274 0.15583
275 0.15472
276 0.15362
277 0.15253
278 0.15145
279 0.15038
280 0.14932
281 0.14827
282 0.14723
283 0.14620
284 0.14517
285 0.14416
286 0.14316
287 0.14216
288 0.14118
289 0.14020
290 0.13923
291 0.13828
292 0.13733
293 0.13639
294 0.13546
295 0.13453
296 0.13362
297 0.13271
298 0.13181
299 0.13093
300 0.13004
301 0.12917
302 0.12831
303 0.12745
304 0.12660
305 0.12576
306 0.12493
307 0.12410
308 0.12329
309 0.12248
310 0.12167
311 0.12088
312 0.12009
313 0.11931
314 0.11854
315 0.11777
316 0.11702
317 0.11627
318 0.11552
319 0.11478
320 0.11405
321 0.11333
322 0.11261
323 0.11190
324 0.11120
325 0.11050
326 0.10981
327 0.10913
328 0.10845
329 0.10778
330 0.10712
331 0.10646
332 0.10581
333 0.10516
334 0.10453
335 0.10389
336 0.10326
337 0.10264
338 0.10203
339 0.10142
340 0.10081
341 0.10022
342 0.09962
343 0.09904
344 0.09846
345 0.09788
346 0.09731
347 0.09675
348 0.09619
349 0.09563
350 0.09508
351 0.09454
352 0.09400
353 0.09347
354 0.09294
355 0.09242
356 0.09190
357 0.09139
358 0.09088
359 0.09038
360 0.08988
361 0.08939
362 0.08890
363 0.08841
364 0.08794
365 0.08746
366 0.08699
367 0.08653
368 0.08607
369 0.08561
370 0.08516
371 0.08471
372 0.08427
373 0.08383
374 0.08340
375 0.08297
376 0.08254
377 0.08212
378 0.08170
379 0.08129
380 0.08088
381 0.08047
382 0.08007
383 0.07968
384 0.07928
385 0.07889
386 0.07851
387 0.07813
388 0.07775
389 0.07738
390 0.07701
391 0.07664
392 0.07628
393 0.07592
394 0.07556
395 0.07521
396 0.07486
397 0.07452
398 0.07418
399 0.07384
400 0.07351
401 0.07318
402 0.07285
403 0.07252
404 0.07220
405 0.07189
406 0.07157
407 0.07126
408 0.07096
409 0.07065
410 0.07035
411 0.07005
412 0.06976
413 0.06947
414 0.06918
415 0.06889
416 0.06861
417 0.06833
418 0.06806
419 0.06778
420 0.06752
421 0.06725
422 0.06698
423 0.06672
424 0.06646
425 0.06621
426 0.06596
427 0.06571
428 0.06546
429 0.06522
430 0.06497
431 0.06474
432 0.06450
433 0.06427
434 0.06404
435 0.06381
436 0.06358
437 0.06336
438 0.06314
439 0.06292
440 0.06271
441 0.06249
442 0.06228
443 0.06208
444 0.06187
445 0.06167
446 0.06147
447 0.06127
448 0.06108
449 0.06089
450 0.06070
451 0.06051
452 0.06032
453 0.06014
454 0.05996
455 0.05978
456 0.05961
457 0.05943
458 0.05926
459 0.05909
460 0.05893
461 0.05876
462 0.05860
463 0.05844
464 0.05828
465 0.05813
466 0.05797
467 0.05782
468 0.05767
469 0.05753
470 0.05738
471 0.05724
472 0.05710
473 0.05696
474 0.05683
475 0.05669
476 0.05656
477 0.05643
478 0.05630
479 0.05618
480 0.05605
481 0.05593
482 0.05581
483 0.05569
484 0.05558
485 0.05547
486 0.05535
487 0.05524
488 0.05514
489 0.05503
490 0.05493
491 0.05483
492 0.05473
493 0.05463
494 0.05453
495 0.05444
496 0.05435
497 0.05426
498 0.05417
499 0.05408
500 0.05400
501 0.05392
502 0.05384
503 0.05376
504 0.05368
505 0.05361
506 0.05354
507 0.05346
508 0.05340
509 0.05333
510 0.05326
511 0.05320
512 0.05314
513 0.05308
514 0.05302
515 0.05296
516 0.05291
517 0.05286
518 0.05281
519 0.05276
520 0.05271
521 0.05267
522 0.05262
523 0.05258
524 0.05254
525 0.05250
526 0.05247
527 0.05243
528 0.05240
529 0.05237
530 0.05234
531 0.05232
532 0.05229
533 0.05227
534 0.05225
535 0.05223
536 0.05221
537 0.05219
538 0.05218
539 0.05217
540 0.05216
541 0.05215
542 0.05214
543 0.05214
544 0.05213
545 0.05213
546 0.05213
547 0.05213
548 0.05214
549 0.05214
550 0.05215
551 0.05216
552 0.05217
553 0.05218
554 0.05219
555 0.05221
556 0.05222
557 0.05224
558 0.05226
559 0.05228
560 0.05231
561 0.05233
562 0.05236
563 0.05239
564 0.05242
565 0.05246
566 0.05249
567 0.05253
568 0.05256
569 0.05260
570 0.05265
571 0.05269
572 0.05274
573 0.05278
574 0.05283
575 0.05289
576 0.05294
577 0.05300
578 0.05305
579 0.05311
580 0.05317
581 0.05324
582 0.05330
583 0.05337
584 0.05343
585 0.05351
586 0.05358
587 0.05365
588 0.05373
589 0.05381
590 0.05389
591 0.05397
592 0.05406
593 0.05414
594 0.05423
595 0.05433
596 0.05442
597 0.05451
598 0.05461
599 0.05471
600 0.05482
601 0.05492
602 0.05503
603 0.05514
604 0.05525
605 0.05536
606 0.05548
607 0.05560
608 0.05572
609 0.05584
610 0.05597
611 0.05609
612 0.05622
613 0.05635
614 0.05648
615 0.05662
616 0.05675
617 0.05689
618 0.05704
619 0.05718
620 0.05733
621 0.05748
622 0.05763
623 0.05779
624 0.05794
625 0.05810
626 0.05827
627 0.05843
628 0.05860
629 0.05877
630 0.05894
631 0.05912
632 0.05930
633 0.05948
634 0.05967
635 0.05986
636 0.06005
637 0.06024
638 0.06044
639 0.06064
640 0.06084
641 0.06104
642 0.06125
643 0.06146
644 0.06168
645 0.06190
646 0.06212
647 0.06234
648 0.06257
649 0.06280
650 0.06304
651 0.06327
652 0.06352
653 0.06376
654 0.06401
655 0.06426
656 0.06451
657 0.06477
658 0.06503
659 0.06530
660 0.06557
661 0.06584
662 0.06612
663 0.06640
664 0.06668
665 0.06697
666 0.06726
667 0.06756
668 0.06786
669 0.06816
670 0.06847
671 0.06878
672 0.06910
673 0.06942
674 0.06975
675 0.07008
676 0.07041
677 0.07075
678 0.07109
679 0.07144
680 0.07179
681 0.07215
682 0.07251
683 0.07287
684 0.07324
685 0.07362
686 0.07400
687 0.07438
688 0.07477
689 0.07517
690 0.07557
691 0.07598
692 0.07639
693 0.07680
694 0.07723
695 0.07765
696 0.07809
697 0.07852
698 0.07897
699 0.07942
700 0.07987
701 0.08034
702 0.08080
703 0.08128
704 0.08176
705 0.08224
706 0.08274
707 0.08324
708 0.08374
709 0.08425
710 0.08477
711 0.08530
712 0.08583
713 0.08637
714 0.08691
715 0.08747
716 0.08803
717 0.08859
718 0.08917
719 0.08975
720 0.09034
721 0.09094
722 0.09154
723 0.09215
724 0.09275
725 0.09336
726 0.09398
727 0.09461
728 0.09524
729 0.09589
730 0.09654
731 0.09720
732 0.09786
733 0.09854
734 0.09923
735 0.09992
736 0.10062
737 0.10133
738 0.10206
739 0.10279
740 0.10353
741 0.10428
742 0.10504
743 0.10580
744 0.10658
745 0.10737
746 0.10817
747 0.10898
748 0.10980
749 0.11064
750 0.11148
751 0.11233
752 0.11320
753 0.11407
754 0.11496
755 0.11586
756 0.11677
757 0.11770
758 0.11863
759 0.11958
760 0.12054
761 0.12151
762 0.12250
763 0.12350
764 0.12452
765 0.12554
766 0.12658
767 0.12764
768 0.12871
769 0.12979
770 0.13089
771 0.13200
772 0.13313
773 0.13427
774 0.13543
775 0.13661
776 0.13780
777 0.13900
778 0.14023
779 0.14147
780 0.14273
781 0.14400
782 0.14529
783 0.14660
784 0.14793
785 0.14928
786 0.15065
787 0.15203
788 0.15343
789 0.15486
790 0.15630
791 0.15777
792 0.15925
793 0.16076
794 0.16228
795 0.16383
796 0.16540
797 0.16699
798 0.16861
799 0.17025
800 0.17191
801 0.17359
802 0.17530
803 0.17703
804 0.17879
805 0.18058
806 0.18239
807 0.18422
808 0.18609
809 0.18798
810 0.18989
811 0.19184
812 0.19381
813 0.19581
814 0.19784
815 0.19991
816 0.20200
817 0.20412
818 0.20627
819 0.20846
820 0.21068
821 0.21293
822 0.21521
823 0.21753
824 0.21989
825 0.22228
826 0.22470
827 0.22716
828 0.22966
829 0.23220
830 0.23477
831 0.23738
832 0.24004
833 0.24273
834 0.24547
835 0.24825
836 0.25106
837 0.25393
838 0.25684
839 0.25979
840 0.26279
841 0.26583
842 0.26892
843 0.27206
844 0.27525
845 0.27849
846 0.28178
847 0.28512
848 0.28852
849 0.29196
850 0.29547
851 0.29902
852 0.30264
853 0.30631
854 0.31004
855 0.31383
856 0.31768
857 0.32159
858 0.32557
859 0.32961
860 0.33371
861 0.33788
862 0.34212
863 0.34643
864 0.35081
865 0.35526
866 0.35978
867 0.36438
868 0.36905
869 0.37380
870 0.37863
871 0.38354
872 0.38853
873 0.39360
874 0.39876
875 0.40400
876 0.40933
877 0.41476
878 0.42027
879 0.42587
880 0.43157
881 0.43737
882 0.44326
883 0.44926
884 0.45535
885 0.46156
886 0.46786
887 0.47428
888 0.48080
889 0.48744
890 0.49420
891 0.50106
892 0.50805
893 0.51516
894 0.52240
895 0.52976
896 0.53725
897 0.54487
898 0.55263
899 0.56052
900 0.56855
901 0.57672
902 0.58504
903 0.59351
904 0.60212
905 0.61089
906 0.61982
907 0.62891
908 0.63816
909 0.64758
910 0.65717
911 0.66693
912 0.67466
913 0.69452
914 0.70808
915 0.71768
916 0.72314
917 0.72584
918 0.72891
919 0.73246
920 0.73663
921 0.74159
922 0.74073
923 0.73987
924 0.74596
925 0.74512
926 0.74427
927 0.75195
928 0.75112
929 0.75029
930 0.74946
931 0.75952
932 0.75872
933 0.75791
934 0.75710
935 0.75630
936 0.75549
937 0.75468
938 0.76859
939 0.76782
940 0.76705
941 0.76627
942 0.76549
943 0.76472
944 0.76394
945 0.76315
946 0.76237
947 0.76159
948 0.76080
949 0.76002
950 0.78081
951 0.78008
952 0.77935
953 0.77861
954 0.77788
955 0.77715
956 0.77641
957 0.77567
958 0.77493
959 0.77419
960 0.77345
961 0.77271
962 0.77196
963 0.77122
964 0.77047
965 0.76972
966 0.76897
967 0.76822
968 0.76747
969 0.76671
970 0.76596
971 0.76520
972 0.76444
973 0.79948
974 0.79882
975 0.79815
976 0.79749
977 0.79682
978 0.79616
979 0.79549
980 0.79482
981 0.79415
982 0.79348
983 0.79281
984 0.79213
985 0.79146
986 0.79078
987 0.79010
988 0.78943
989 0.78875
990 0.78807
991 0.78738
992 0.78670
993 0.78602
994 0.78533
995 0.78464
996 0.78396
997 0.78327
998 0.78258
999 0.78188
1000 0.78119
1001 0.78050
1002 0.77980
1003 0.77911
1004 0.77841
1005 0.77771
1006 0.77701
1007 0.77631
1008 0.77561
1009 0.77490
1010 0.77420
1011 0.77349
1012 0.77279
1013 0.77208
1014 0.77137
1015 0.77066
1016 0.76995
1017 0.76923
1018 0.76852
1019 0.76780
1020 0.76709
1021 0.76637
1022 0.76565
1023 0.76493
1024 0.76421
1025 0.76349
1026 0.83710
1027 0.83658
1028 0.83606
1029 0.83553
1030 0.83501
1031 0.83448
1032 0.83395
1033 0.83343
1034 0.83290
1035 0.83237
1036 0.83183
1037 0.83130
1038 0.83077
1039 0.83023
1040 0.82970
1041 0.82916
1042 0.82862
1043 0.82808
1044 0.82755
1045 0.82700
1046 0.82646
1047 0.82592
1048 0.82538
1049 0.82483
1050 0.82429
1051 0.82374
1052 0.82319
1053 0.82264
1054 0.82210
1055 0.82154
1056 0.82099
1057 0.82044
1058 0.81989
1059 0.81933
1060 0.81878
1061 0.81822
1062 0.81766
1063 0.81711
1064 0.81655
1065 0.81599
1066 0.81543
1067 0.81486
1068 0.81430
1069 0.81374
1070 0.81317
1071 0.81260
1072 0.81204
1073 0.81147
1074 0.81090
1075 0.81033
1076 0.80976
1077 0.80919
1078 0.80861
1079 0.80804
1080 0.80746
1081 0.80689
1082 0.80631
1083 0.80573
1084 0.80515
1085 0.80458
1086 0.80399
1087 0.80341
1088 0.80283
1089 0.80225
1090 0.80166
1091 0.80108
1092 0.80049
1093 0.79990
1094 0.79931
1095 0.79872
1096 0.79813
1097 0.79754
1098 0.79695
1099 0.79636
1100 0.79576
1101 0.79517
1102 0.79457
1103 0.79397
1104 0.79337
1105 0.79277
1106 0.79217
1107 0.79157
1108 0.79097
1109 0.79037
1110 0.78976
1111 0.78916
1112 0.78855
1113 0.78795
1114 0.78734
1115 0.78673
1116 0.78612
1117 0.78551
1118 0.78490
1119 0.78429
1120 0.78367
1121 0.78306
1122 0.78244
1123 0.78183
1124 0.78121
1125 0.78059
1126 0.77997
1127 0.77935
1128 0.77873
1129 0.77811
1130 0.77749
1131 0.77686
1132 0.77624
1133 0.77561
1134 0.77499
1135 0.77436
1136 0.77373
1137 0.77310
1138 0.77247
1139 0.77184
1140 0.77121
1141 0.77057
1142 0.76994
1143 0.76931
1144 0.76867
1145 0.76803
1146 0.76740
1147 0.76676
1148 0.76612
1149 0.76548
1150 0.76484
1151 0.76419
1152 0.76355
1153 0.76291
1154 0.76226
1155 0.76162
1156 0.76097
1157 0.76032
1158 0.75967
1159 0.75902
1160 0.75837
1161 0.75772
1162 0.75707
1163 0.75642
1164 0.75576
1165 0.75511
1166 0.75445
1167 0.75379
1168 0.75314
1169 0.75248
1170 0.75182
1171 0.75116
1172 0.75050
1173 0.74984
1174 0.74917
1175 0.74851
1176 0.74784
1177 0.74718
1178 0.74651
1179 0.74585
1180 0.74518
1181 0.74451
1182 0.74384
1183 0.74317
1184 0.74250
1185 0.74182
1186 0.74115
1187 0.74048
1188 0.73980
1189 0.73912
1190 0.73845
1191 0.73777
1192 0.73709
1193 0.73641
1194 0.73573
1195 0.73505
1196 0.73437
1197 0.73369
1198 0.73300
1199 0.73232
1200 0.73163
1201 0.73095
1202 0.73026
1203 0.72957
1204 0.72888
1205 0.72819
1206 0.72750
1207 0.72681
1208 0.72612
1209 0.72543
1210 0.72473
1211 0.72404
1212 0.72334
1213 0.72265
1214 0.72195
1215 0.72125
1216 1.00000
