17 0.74446
18 0.72489
19 0.70529
20 0.68572
21 0.66620
22 0.64679
23 0.62751
24 0.60839
25 0.58948
26 0.57078
27 0.55234
28 0.53416
29 0.51627
30 0.49868
31 0.48142
32 0.46449
33 0.44791
34 0.43169
35 0.41583
36 0.40034
37 0.38523
38 0.37050
39 0.35616
40 0.34221
41 0.32864
42 0.31546
43 0.30267
44 0.29026
45 0.27824
46 0.26659
47 0.25532
48 0.24443
49 0.23389
50 0.22372
51 0.21390
52 0.20443
53 0.19530
54 0.18650
55 0.17803
56 0.16988
57 0.16204
58 0.15450
59 0.14726
60 0.14031
61 0.13364
62 0.12724
63 0.12111
64 0.11523
65 0.10960
66 0.10421
67 0.09905
68 0.09411
69 0.08940
70 0.08489
71 0.08058
72 0.07647
73 0.07255
74 0.06881
75 0.06524
76 0.06183
77 0.05859
78 0.05551
79 0.05257
80 0.04977
81 0.04711
82 0.04457
83 0.04217
84 0.03988
85 0.03771
86 0.03564
87 0.03368
88 0.03182
89 0.03006
90 0.02838
91 0.02680
92 0.02529
93 0.02387
94 0.02252
95 0.02124
96 0.02003
97 0.01888
98 0.01780
99 0.01677
100 0.01580
101 0.01488
102 0.01402
103 0.01320
104 0.01243
105 0.01170
106 0.01101
107 0.01035
108 0.00974
109 0.00916
110 0.00861
111 0.00810
112 0.00761
113 0.00715
114 0.00672
115 0.00631
116 0.00593
117 0.00557
118 0.00523
119 0.00491
120 0.00461
121 0.00433
122 0.00406
123 0.00381
124 0.00357
125 0.00335
126 0.00314
127 0.00295
128 0.00276
129 0.00259
130 0.00243
131 0.00228
132 0.00213
133 0.00200
134 0.00187
135 0.00175
136 0.00164
137 0.00154
138 0.00144
139 0.00135
140 0.00126
141 0.00118
142 0.00111
143 0.00103
144 0.00097
145 0.00091
146 0.00085
147 0.00079
148 0.00074
149 0.00069
150 0.00065
151 0.00061
152 0.00057
153 0.00053
154 0.00050
155 0.00046
156 0.00043
157 0.00040
158 0.00038
159 0.00035
160 0.00033
161 0.00031
162 0.00029
163 0.00027
164 0.00025
165 0.00024
166 0.00022
167 0.00021
168 0.00019
169 0.00018
170 0.00017
171 0.00016
172 0.00015
173 0.00014
174 0.00013
175 0.00012
176 0.00011
177 0.00010
178 0.00010
179 0.00009
180 0.00008
181 0.00008
182 0.00007
183 0.00007
184 0.00006
185 0.00006
186 0.00006
187 0.00005
188 0.00005
189 0.00005
190 0.00004
191 0.00004
192 0.00004
193 0.00003
194 0.00003
195 0.00003
196 0.00003
197 0.00003
198 0.00002
199 0.00002
200 0.00002
201 0.00002
202 0.00002
203 0.00002
204 0.00002
205 0.00001
206 0.00001
207 0.00001
208 0.00001
209 0.00001
210 0.00001
211 0.00001
212 0.00001
213 0.00001
214 0.00001
215 0.00001
216 0.00001
217 0.00001
218 0.00001
219 0.00001
220 0.00001
221 0.00000
222 0.00000
223 0.00000
224 0.00000
225 0.00000
226 0.00000
227 0.00000
228 0.00000
229 0.00000
230 0.00000
231 0.00000
232 0.00000
233 0.00000
234 0.00000
235 0.00000
236 0.00000
237 0.00000
238 0.00000
239 0.00000
240 0.00000
241 0.00000
242 0.00000
243 0.00000
244 0.00000
245 0.00000
246 0.00000
247 0.00000
248 0.00000
249 0.00000
250 0.00000
251 0.00000
252 0.00000
253 0.00000
254 0.00000
255 0.00000
256 0.00000
257 0.00000
258 0.00000
259 0.00000
260 0.00000
261 0.00000
262 0.00000
263 0.00000
264 0.00000
265 0.00000
266 0.00000
267 0.00000
268 0.00000
269 0.00000
270 0.00000
271 0.00000
272 0.00000
273 0.00000
274 0.00000
275 0.00000
276 0.00000
277 0.00000
278 0.00000
279 0.00000
280 0.00000
281 0.00000
282 0.00000
283 0.00000
284 0.00000
285 0.00000
286 0.00000
287 0.00000
288 0.00000
289 0.00000
290 0.00000
291 0.00000
292 0.00000
293 0.00000
294 0.00000
295 0.00000
296 0.00000
297 0.00000
298 0.00000
299 0.00000
300 0.00000
301 0.00000
302 0.00000
303 0.00000
304 0.00000
305 0.00000
306 0.00000
307 0.00000
308 0.00000
309 0.00000
310 0.00000
311 0.00000
312 0.00000
313 0.00000
314 0.00000
315 0.00000
316 0.00000
317 0.00000
318 0.00000
319 0.00000
320 0.00000
321 0.00000
322 0.00000
323 0.00000
324 0.00000
325 0.00000
326 0.00000
327 0.00000
328 0.00000
329 0.00000
330 0.00000
331 0.00000
332 0.00000
333 0.00000
334 0.00000
335 0.00000
336 0.00000
337 0.00000
338 0.00000
339 0.00000
340 0.00000
341 0.00000
342 0.00000
343 0.00000
344 0.00000
345 0.00000
346 0.00000
347 0.00000
348 0.00000
349 0.00000
350 0.00000
351 0.00000
352 0.00000
353 0.00000
354 0.00000
355 0.00000
356 0.00000
357 0.00000
358 0.00000
359 0.00000
360 0.00000
361 0.00000
362 0.00000
363 0.00000
364 0.00000
365 0.00000
366 0.00000
367 0.00000
368 0.00000
369 0.00000
370 0.00000
371 0.00000
372 0.00000
373 0.00000
374 0.00000
375 0.00000
376 0.00000
377 0.00000
378 0.00000
379 0.00000
380 0.00000
381 0.00000
382 0.00000
383 0.00000
384 0.00000
385 0.00000
386 0.00000
387 0.00000
388 0.00000
389 0.00000
390 0.00000
391 0.00000
392 0.00000
393 0.00000
394 0.00000
395 0.00000
396 0.00000
397 0.00000
398 0.00000
399 0.00000
400 0.00000
401 0.00000
402 0.00000
403 0.00000
404 0.00000
405 0.00000
406 0.00000
407 0.00000
408 0.00000
409 0.00000
410 0.00000
411 0.00000
412 0.00000
413 0.00000
414 0.00000
415 0.00000
416 0.00000
417 0.00000
418 0.00000
419 0.00000
420 0.00000
421 0.00000
422 0.00000
423 0.00000
424 0.00000
425 0.00000
426 0.00000
427 0.00000
428 0.00000
429 0.00000
430 0.00000
431 0.00000
432 0.00000
433 0.00000
434 0.00000
435 0.00000
436 0.00000
437 0.00000
438 0.00000
439 0.00000
440 0.00000
441 0.00000
442 0.00000
443 0.00000
444 0.00000
445 0.00000
446 0.00000
447 0.00000
448 0.00000
449 0.00000
450 0.00000
451 0.00000
452 0.00000
453 0.00000
454 0.00000
455 0.00000
456 0.00000
457 0.00000
458 0.00000
459 0.00000
460 0.00000
461 0.00000
462 0.00000
463 0.00000
464 0.00000
465 0.00000
466 0.00000
467 0.00000
468 0.00000
469 0.00000
470 0.00000
471 0.00000
472 0.00000
473 0.00000
474 0.00000
475 0.00000
476 0.00000
477 0.00000
478 0.00000
479 0.00000
480 0.00000
481 0.00000
482 0.00000
483 0.00000
484 0.00000
485 0.00000
486 0.00000
487 0.00000
488 0.00000
489 0.00000
490 0.00000
491 0.00000
492 0.00000
493 0.00000
494 0.00000
495 0.00000
496 0.00000
497 0.00000
498 0.00000
499 0.00000
500 0.00000
501 0.00000
502 0.00000
503 0.00000
504 0.00000
505 0.00000
506 0.00000
507 0.00000
508 0.00000
509 0.00000
510 0.00000
511 0.00000
512 0.00000
513 0.00000
514 0.00000
515 0.00000
516 0.00000
517 0.00000
518 0.00000
519 0.00000
520 0.00000
521 0.00000
522 0.00000
523 0.00000
524 0.00000
525 0.00000
526 0.00000
527 0.00000
528 0.00000
529 0.00000
530 0.00000
531 0.00000
532 0.00000
533 0.00000
534 0.00000
535 0.00000
536 0.00000
537 0.00000
538 0.00000
539 0.00000
540 0.00000
541 0.00000
542 0.00000
543 0.00000
544 0.00000
545 0.00000
546 0.00000
547 0.00000
548 0.00000
549 0.00000
550 0.00000
551 0.00000
552 0.00000
553 0.00000
554 0.00000
555 0.00000
556 0.00000
557 0.00000
558 0.00000
559 0.00000
560 0.00000
561 0.00000
562 0.00000
563 0.00000
564 0.00000
565 0.00000
566 0.00000
567 0.00000
568 0.00000
569 0.00000
570 0.00000
571 0.00000
572 0.00000
573 0.00000
574 0.00000
575 0.00000
576 0.00000
577 0.00000
578 0.00000
579 0.00000
580 0.00000
581 0.00000
582 0.00000
583 0.00000
584 0.00000
585 0.00000
586 0.00000
587 0.00000
588 0.00000
589 0.00000
590 0.00000
591 0.00000
592 0.00000
593 0.00000
594 0.00000
595 0.00000
596 0.00000
597 0.00000
598 0.00000
599 0.00000
600 0.00000
601 0.00000
602 0.00000
603 0.00000
604 0.00000
605 0.00000
606 0.00000
607 0.00000
608 0.00000
609 0.00000
610 0.00000
611 0.00000
612 0.00000
613 0.00000
614 0.00000
615 0.00000
616 0.00000
617 0.00000
618 0.00000
619 0.00000
620 0.00000
621 0.00000
622 0.00000
623 0.00000
624 0.00000
625 0.00000
626 0.00000
627 0.00000
628 0.00000
629 0.00000
630 0.00000
631 0.00000
632 0.00000
633 0.00000
634 0.00000
635 0.00000
636 0.00000
637 0.00000
638 0.00000
639 0.00000
640 0.00000
641 0.00000
642 0.00000
643 0.00000
644 0.00000
645 0.00000
646 0.00000
647 0.00000
648 0.00000
649 0.00000
650 0.00000
651 0.00000
652 0.00000
653 0.00000
654 0.00000
655 0.00000
656 0.00000
657 0.00000
658 0.00000
659 0.00000
660 0.00000
661 0.00000
662 0.00000
663 0.00000
664 0.00000
665 0.00000
666 0.00000
667 0.00000
668 0.00000
669 0.00000
670 0.00000
671 0.00000
672 0.00000
673 0.00000
674 0.00000
675 0.00000
676 0.00000
677 0.00000
678 0.00000
679 0.00000
680 0.00000
681 0.00000
682 0.00000
683 0.00000
684 0.00000
685 0.00000
686 0.00000
687 0.00000
688 0.00000
689 0.00000
690 0.00000
691 0.00000
692 0.00000
693 0.00000
694 0.00000
695 0.00000
696 0.00000
697 0.00000
698 0.00000
699 0.00000
700 0.00000
701 0.00000
702 0.00000
703 0.00000
704 0.00000
705 0.00000
706 0.00000
707 0.00000
708 0.00000
709 0.00000
710 0.00000
711 0.00000
712 0.00000
713 0.00000
714 0.00000
715 0.00000
716 0.00000
717 0.00000
718 0.00000
719 0.00000
720 0.00000
721 0.00000
722 0.00000
723 0.00000
724 0.00000
725 0.00000
726 0.00000
727 0.00000
728 0.00000
729 0.00000
730 0.00000
731 0.00000
732 0.00000
733 0.00000
734 0.00000
735 0.00000
736 0.00000
737 0.00000
738 0.00000
739 0.00000
740 0.00000
741 0.00000
742 0.00000
743 0.00000
744 0.00000
745 0.00000
746 0.00000
747 0.00000
748 0.00000
749 0.00000
750 0.00000
751 0.00000
752 0.00000
753 0.00000
754 0.00000
755 0.00000
756 0.00000
757 0.00000
758 0.00000
759 0.00000
760 0.00000
761 0.00000
762 0.00000
763 0.00000
764 0.00000
765 0.00000
766 0.00000
767 0.00000
768 0.00000
769 0.00000
770 0.00000
771 0.00000
772 0.00000
773 0.00000
774 0.00000
775 0.00000
776 0.00000
777 0.00000
778 0.00000
779 0.00000
780 0.00000
781 0.00000
782 0.00000
783 0.00000
784 0.00000
785 0.00000
786 0.00000
787 0.00000
788 0.00000
789 0.00000
790 0.00000
791 0.00000
792 0.00000
793 0.00000
794 0.00000
795 0.00000
796 0.00000
797 0.00000
798 0.00000
799 0.00000
800 0.00000
801 0.00000
802 0.00000
803 0.00000
804 0.00000
805 0.00000
806 0.00000
807 0.00000
808 0.00000
809 0.00000
810 0.00000
811 0.00000
812 0.00000
813 0.00000
814 0.00000
815 0.00000
816 0.00000
817 0.00000
818 0.00000
819 0.00000
820 0.00000
821 0.00000
822 0.00000
823 0.00000
824 0.00000
825 0.00000
826 0.00000
827 0.00000
828 0.00000
829 0.00000
830 0.00000
831 0.00000
832 0.00000
833 0.00000
834 0.00000
835 0.00000
836 0.00000
837 0.00000
838 0.00000
839 0.00000
840 0.00000
841 0.00000
842 0.00000
843 0.00000
844 0.00000
845 0.00000
846 0.00000
847 0.00000
848 0.00000
849 0.00000
850 0.00000
851 0.00001
852 0.00001
853 0.00001
854 0.00001
855 0.00001
856 0.00001
857 0.00001
858 0.00001
859 0.00001
860 0.00001
861 0.00002
862 0.00002
863 0.00002
864 0.00002
865 0.00002
866 0.00003
867 0.00003
868 0.00003
869 0.00004
870 0.00004
871 0.00005
872 0.00005
873 0.00006
874 0.00007
875 0.00007
876 0.00008
877 0.00009
878 0.00011
879 0.00012
880 0.00013
881 0.00015
882 0.00017
883 0.00019
884 0.00022
885 0.00024
886 0.00027
887 0.00031
888 0.00035
889 0.00039
890 0.00044
891 0.00050
892 0.00056
893 0.00064
894 0.00072
895 0.00081
896 0.00092
897 0.00104
898 0.00117
899 0.00133
900 0.00150
901 0.00170
902 0.00193
903 0.00219
904 0.00248
905 0.00281
906 0.00319
907 0.00362
908 0.00410
909 0.00466
910 0.00529
911 0.00601
912 0.00661
913 0.00726
914 0.00809
915 0.00899
916 0.00962
917 0.00991
918 0.01032
919 0.01090
920 0.01173
921 0.01292
922 0.01253
923 0.01216
924 0.01386
925 0.01345
926 0.01306
927 0.01561
928 0.01517
929 0.01474
930 0.01432
931 0.01838
932 0.01789
933 0.01741
934 0.01694
935 0.01648
936 0.01603
937 0.01559
938 0.02243
939 0.02187
940 0.02133
941 0.02079
942 0.02026
943 0.01974
944 0.01924
945 0.01874
946 0.01825
947 0.01777
948 0.01730
949 0.01684
950 0.02970
951 0.02903
952 0.02838
953 0.02774
954 0.02710
955 0.02648
956 0.02587
957 0.02527
958 0.02467
959 0.02409
960 0.02352
961 0.02295
962 0.02240
963 0.02185
964 0.02132
965 0.02079
966 0.02027
967 0.01977
968 0.01927
969 0.01878
970 0.01830
971 0.01783
972 0.01736
973 0.04645
974 0.04558
975 0.04473
976 0.04388
977 0.04305
978 0.04222
979 0.04140
980 0.04060
981 0.03980
982 0.03901
983 0.03823
984 0.03746
985 0.03670
986 0.03595
987 0.03521
988 0.03447
989 0.03375
990 0.03304
991 0.03233
992 0.03164
993 0.03095
994 0.03028
995 0.02961
996 0.02895
997 0.02830
998 0.02766
999 0.02703
1000 0.02641
1001 0.02580
1002 0.02520
1003 0.02461
1004 0.02402
1005 0.02345
1006 0.02288
1007 0.02233
1008 0.02178
1009 0.02124
1010 0.02071
1011 0.02019
1012 0.01968
1013 0.01917
1014 0.01868
1015 0.01819
1016 0.01772
1017 0.01725
1018 0.01679
1019 0.01634
1020 0.01590
1021 0.01546
1022 0.01504
1023 0.01462
1024 0.01421
1025 0.01381
1026 0.11117
1027 0.10971
1028 0.10824
1029 0.10678
1030 0.10533
1031 0.10388
1032 0.10244
1033 0.10101
1034 0.09958
1035 0.09816
1036 0.09674
1037 0.09533
1038 0.09393
1039 0.09254
1040 0.09116
1041 0.08978
1042 0.08841
1043 0.08705
1044 0.08570
1045 0.08436
1046 0.08303
1047 0.08171
1048 0.08039
1049 0.07909
1050 0.07780
1051 0.07652
1052 0.07524
1053 0.07398
1054 0.07273
1055 0.07149
1056 0.07026
1057 0.06904
1058 0.06784
1059 0.06664
1060 0.06546
1061 0.06428
1062 0.06312
1063 0.06198
1064 0.06084
1065 0.05971
1066 0.05860
1067 0.05750
1068 0.05641
1069 0.05534
1070 0.05428
1071 0.05323
1072 0.05219
1073 0.05116
1074 0.05015
1075 0.04915
1076 0.04816
1077 0.04719
1078 0.04623
1079 0.04528
1080 0.04434
1081 0.04342
1082 0.04251
1083 0.04161
1084 0.04073
1085 0.03985
1086 0.03900
1087 0.03815
1088 0.03731
1089 0.03649
1090 0.03568
1091 0.03489
1092 0.03410
1093 0.03333
1094 0.03257
1095 0.03183
1096 0.03109
1097 0.03037
1098 0.02966
1099 0.02896
1100 0.02827
1101 0.02760
1102 0.02693
1103 0.02628
1104 0.02564
1105 0.02502
1106 0.02440
1107 0.02379
1108 0.02320
1109 0.02262
1110 0.02205
1111 0.02148
1112 0.02093
1113 0.02039
1114 0.01987
1115 0.01935
1116 0.01884
1117 0.01834
1118 0.01785
1119 0.01738
1120 0.01691
1121 0.01645
1122 0.01600
1123 0.01556
1124 0.01513
1125 0.01471
1126 0.01430
1127 0.01390
1128 0.01351
1129 0.01312
1130 0.01275
1131 0.01238
1132 0.01202
1133 0.01167
1134 0.01133
1135 0.01100
1136 0.01067
1137 0.01035
1138 0.01004
1139 0.00974
1140 0.00944
1141 0.00915
1142 0.00887
1143 0.00860
1144 0.00833
1145 0.00807
1146 0.00781
1147 0.00757
1148 0.00733
1149 0.00709
1150 0.00686
1151 0.00664
1152 0.00642
1153 0.00621
1154 0.00601
1155 0.00581
1156 0.00562
1157 0.00543
1158 0.00524
1159 0.00507
1160 0.00489
1161 0.00473
1162 0.00456
1163 0.00440
1164 0.00425
1165 0.00410
1166 0.00396
1167 0.00382
1168 0.00368
1169 0.00355
1170 0.00342
1171 0.00330
1172 0.00317
1173 0.00306
1174 0.00295
1175 0.00284
1176 0.00273
1177 0.00263
1178 0.00253
1179 0.00243
1180 0.00234
1181 0.00225
1182 0.00216
1183 0.00208
1184 0.00200
1185 0.00192
1186 0.00184
1187 0.00177
1188 0.00170
1189 0.00163
1190 0.00157
1191 0.00150
1192 0.00144
1193 0.00138
1194 0.00132
1195 0.00127
1196 0.00122
1197 0.00117
1198 0.00112
1199 0.00107
1200 0.00102
1201 0.00098
1202 0.00094
1203 0.00090
1204 0.00086
1205 0.00082
1206 0.00078
1207 0.00075
1208 0.00072
1209 0.00068
1210 0.00065
1211 0.00062
1212 0.00059
1213 0.00057
1214 0.00054
1215 0.00052
1216 1.00000
