17 0.73865
18 0.71906
19 0.69949
20 0.67998
21 0.66057
22 0.64129
23 0.62218
24 0.60327
25 0.58457
26 0.56613
27 0.54795
28 0.53006
29 0.51247
30 0.49521
31 0.47827
32 0.46168
33 0.44544
34 0.42957
35 0.41406
36 0.39893
37 0.38417
38 0.36980
39 0.35580
40 0.34219
41 0.32896
42 0.31611
43 0.30363
44 0.29154
45 0.27981
46 0.26845
47 0.25746
48 0.24683
49 0.23654
50 0.22661
51 0.21702
52 0.20776
53 0.19882
54 0.19021
55 0.18191
56 0.17392
57 0.16623
58 0.15882
59 0.15170
60 0.14486
61 0.13828
62 0.13196
63 0.12590
64 0.12008
65 0.11449
66 0.10914
67 0.10401
68 0.09909
69 0.09439
70 0.08988
71 0.08557
72 0.08144
73 0.07749
74 0.07372
75 0.07011
76 0.06667
77 0.06338
78 0.06024
79 0.05724
80 0.05438
81 0.05165
82 0.04904
83 0.04656
84 0.04420
85 0.04195
86 0.03980
87 0.03776
88 0.03581
89 0.03396
90 0.03220
91 0.03052
92 0.02893
93 0.02742
94 0.02598
95 0.02461
96 0.02331
97 0.02207
98 0.02090
99 0.01978
100 0.01873
101 0.01772
102 0.01677
103 0.01587
104 0.01501
105 0.01420
106 0.01343
107 0.01270
108 0.01200
109 0.01135
110 0.01073
111 0.01014
112 0.00958
113 0.00905
114 0.00855
115 0.00808
116 0.00763
117 0.00721
118 0.00681
119 0.00643
120 0.00607
121 0.00573
122 0.00541
123 0.00510
124 0.00482
125 0.00454
126 0.00429
127 0.00405
128 0.00382
129 0.00360
130 0.00340
131 0.00320
132 0.00302
133 0.00285
134 0.00269
135 0.00253
136 0.00239
137 0.00225
138 0.00212
139 0.00200
140 0.00189
141 0.00178
142 0.00168
143 0.00158
144 0.00149
145 0.00140
146 0.00132
147 0.00125
148 0.00117
149 0.00111
150 0.00104
151 0.00098
152 0.00092
153 0.00087
154 0.00082
155 0.00077
156 0.00073
157 0.00069
158 0.00065
159 0.00061
160 0.00057
161 0.00054
162 0.00051
163 0.00048
164 0.00045
165 0.00042
166 0.00040
167 0.00038
168 0.00035
169 0.00033
170 0.00031
171 0.00030
172 0.00028
173 0.00026
174 0.00025
175 0.00023
176 0.00022
177 0.00021
178 0.00019
179 0.00018
180 0.00017
181 0.00016
182 0.00015
183 0.00014
184 0.00014
185 0.00013
186 0.00012
187 0.00011
188 0.00011
189 0.00010
190 0.00009
191 0.00009
192 0.00008
193 0.00008
194 0.00007
195 0.00007
196 0.00007
197 0.00006
198 0.00006
199 0.00006
200 0.00005
201 0.00005
202 0.00005
203 0.00004
204 0.00004
205 0.00004
206 0.00004
207 0.00003
208 0.00003
209 0.00003
210 0.00003
211 0.00003
212 0.00003
213 0.00002
214 0.00002
215 0.00002
216 0.00002
217 0.00002
218 0.00002
219 0.00002
220 0.00002
221 0.00001
222 0.00001
223 0.00001
224 0.00001
225 0.00001
226 0.00001
227 0.00001
228 0.00001
229 0.00001
230 0.00001
231 0.00001
232 0.00001
233 0.00001
234 0.00001
235 0.00001
236 0.00001
237 0.00001
238 0.00001
239 0.00001
240 0.00000
241 0.00000
242 0.00000
243 0.00000
244 0.00000
245 0.00000
246 0.00000
247 0.00000
248 0.00000
249 0.00000
250 0.00000
251 0.00000
252 0.00000
253 0.00000
254 0.00000
255 0.00000
256 0.00000
257 0.00000
258 0.00000
259 0.00000
260 0.00000
261 0.00000
262 0.00000
263 0.00000
264 0.00000
265 0.00000
266 0.00000
267 0.00000
268 0.00000
269 0.00000
270 0.00000
271 0.00000
272 0.00000
273 0.00000
274 0.00000
275 0.00000
276 0.00000
277 0.00000
278 0.00000
279 0.00000
280 0.00000
281 0.00000
282 0.00000
283 0.00000
284 0.00000
285 0.00000
286 0.00000
287 0.00000
288 0.00000
289 0.00000
290 0.00000
291 0.00000
292 0.00000
293 0.00000
294 0.00000
295 0.00000
296 0.00000
297 0.00000
298 0.00000
299 0.00000
300 0.00000
301 0.00000
302 0.00000
303 0.00000
304 0.00000
305 0.00000
306 0.00000
307 0.00000
308 0.00000
309 0.00000
310 0.00000
311 0.00000
312 0.00000
313 0.00000
314 0.00000
315 0.00000
316 0.00000
317 0.00000
318 0.00000
319 0.00000
320 0.00000
321 0.00000
322 0.00000
323 0.00000
324 0.00000
325 0.00000
326 0.00000
327 0.00000
328 0.00000
329 0.00000
330 0.00000
331 0.00000
332 0.00000
333 0.00000
334 0.00000
335 0.00000
336 0.00000
337 0.00000
338 0.00000
339 0.00000
340 0.00000
341 0.00000
342 0.00000
343 0.00000
344 0.00000
345 0.00000
346 0.00000
347 0.00000
348 0.00000
349 0.00000
350 0.00000
351 0.00000
352 0.00000
353 0.00000
354 0.00000
355 0.00000
356 0.00000
357 0.00000
358 0.00000
359 0.00000
360 0.00000
361 0.00000
362 0.00000
363 0.00000
364 0.00000
365 0.00000
366 0.00000
367 0.00000
368 0.00000
369 0.00000
370 0.00000
371 0.00000
372 0.00000
373 0.00000
374 0.00000
375 0.00000
376 0.00000
377 0.00000
378 0.00000
379 0.00000
380 0.00000
381 0.00000
382 0.00000
383 0.00000
384 0.00000
385 0.00000
386 0.00000
387 0.00000
388 0.00000
389 0.00000
390 0.00000
391 0.00000
392 0.00000
393 0.00000
394 0.00000
395 0.00000
396 0.00000
397 0.00000
398 0.00000
399 0.00000
400 0.00000
401 0.00000
402 0.00000
403 0.00000
404 0.00000
405 0.00000
406 0.00000
407 0.00000
408 0.00000
409 0.00000
410 0.00000
411 0.00000
412 0.00000
413 0.00000
414 0.00000
415 0.00000
416 0.00000
417 0.00000
418 0.00000
419 0.00000
420 0.00000
421 0.00000
422 0.00000
423 0.00000
424 0.00000
425 0.00000
426 0.00000
427 0.00000
428 0.00000
429 0.00000
430 0.00000
431 0.00000
432 0.00000
433 0.00000
434 0.00000
435 0.00000
436 0.00000
437 0.00000
438 0.00000
439 0.00000
440 0.00000
441 0.00000
442 0.00000
443 0.00000
444 0.00000
445 0.00000
446 0.00000
447 0.00000
448 0.00000
449 0.00000
450 0.00000
451 0.00000
452 0.00000
453 0.00000
454 0.00000
455 0.00000
456 0.00000
457 0.00000
458 0.00000
459 0.00000
460 0.00000
461 0.00000
462 0.00000
463 0.00000
464 0.00000
465 0.00000
466 0.00000
467 0.00000
468 0.00000
469 0.00000
470 0.00000
471 0.00000
472 0.00000
473 0.00000
474 0.00000
475 0.00000
476 0.00000
477 0.00000
478 0.00000
479 0.00000
480 0.00000
481 0.00000
482 0.00000
483 0.00000
484 0.00000
485 0.00000
486 0.00000
487 0.00000
488 0.00000
489 0.00000
490 0.00000
491 0.00000
492 0.00000
493 0.00000
494 0.00000
495 0.00000
496 0.00000
497 0.00000
498 0.00000
499 0.00000
500 0.00000
501 0.00000
502 0.00000
503 0.00000
504 0.00000
505 0.00000
506 0.00000
507 0.00000
508 0.00000
509 0.00000
510 0.00000
511 0.00000
512 0.00000
513 0.00000
514 0.00000
515 0.00000
516 0.00000
517 0.00000
518 0.00000
519 0.00000
520 0.00000
521 0.00000
522 0.00000
523 0.00000
524 0.00000
525 0.00000
526 0.00000
527 0.00000
528 0.00000
529 0.00000
530 0.00000
531 0.00000
532 0.00000
533 0.00000
534 0.00000
535 0.00000
536 0.00000
537 0.00000
538 0.00000
539 0.00000
540 0.00000
541 0.00000
542 0.00000
543 0.00000
544 0.00000
545 0.00000
546 0.00000
547 0.00000
548 0.00000
549 0.00000
550 0.00000
551 0.00000
552 0.00000
553 0.00000
554 0.00000
555 0.00000
556 0.00000
557 0.00000
558 0.00000
559 0.00000
560 0.00000
561 0.00000
562 0.00000
563 0.00000
564 0.00000
565 0.00000
566 0.00000
567 0.00000
568 0.00000
569 0.00000
570 0.00000
571 0.00000
572 0.00000
573 0.00000
574 0.00000
575 0.00000
576 0.00000
577 0.00000
578 0.00000
579 0.00000
580 0.00000
581 0.00000
582 0.00000
583 0.00000
584 0.00000
585 0.00000
586 0.00000
587 0.00000
588 0.00000
589 0.00000
590 0.00000
591 0.00000
592 0.00000
593 0.00000
594 0.00000
595 0.00000
596 0.00000
597 0.00000
598 0.00000
599 0.00000
600 0.00000
601 0.00000
602 0.00000
603 0.00000
604 0.00000
605 0.00000
606 0.00000
607 0.00000
608 0.00000
609 0.00000
610 0.00000
611 0.00000
612 0.00000
613 0.00000
614 0.00000
615 0.00000
616 0.00000
617 0.00000
618 0.00000
619 0.00000
620 0.00000
621 0.00000
622 0.00000
623 0.00000
624 0.00000
625 0.00000
626 0.00000
627 0.00000
628 0.00000
629 0.00000
630 0.00000
631 0.00000
632 0.00000
633 0.00000
634 0.00000
635 0.00000
636 0.00000
637 0.00000
638 0.00000
639 0.00000
640 0.00000
641 0.00000
642 0.00000
643 0.00000
644 0.00000
645 0.00000
646 0.00000
647 0.00000
648 0.00000
649 0.00000
650 0.00000
651 0.00000
652 0.00000
653 0.00000
654 0.00000
655 0.00000
656 0.00000
657 0.00000
658 0.00000
659 0.00000
660 0.00000
661 0.00000
662 0.00000
663 0.00000
664 0.00000
665 0.00000
666 0.00000
667 0.00000
668 0.00000
669 0.00000
670 0.00000
671 0.00000
672 0.00000
673 0.00000
674 0.00000
675 0.00000
676 0.00000
677 0.00000
678 0.00000
679 0.00000
680 0.00000
681 0.00000
682 0.00000
683 0.00000
684 0.00000
685 0.00000
686 0.00000
687 0.00000
688 0.00000
689 0.00000
690 0.00000
691 0.00000
692 0.00000
693 0.00000
694 0.00000
695 0.00000
696 0.00000
697 0.00000
698 0.00000
699 0.00000
700 0.00000
701 0.00000
702 0.00000
703 0.00000
704 0.00000
705 0.00000
706 0.00000
707 0.00000
708 0.00000
709 0.00000
710 0.00000
711 0.00000
712 0.00000
713 0.00000
714 0.00000
715 0.00000
716 0.00000
717 0.00000
718 0.00000
719 0.00000
720 0.00000
721 0.00000
722 0.00000
723 0.00000
724 0.00000
725 0.00000
726 0.00000
727 0.00000
728 0.00000
729 0.00000
730 0.00000
731 0.00000
732 0.00000
733 0.00000
734 0.00000
735 0.00000
736 0.00000
737 0.00000
738 0.00000
739 0.00000
740 0.00000
741 0.00000
742 0.00000
743 0.00000
744 0.00000
745 0.00000
746 0.00000
747 0.00000
748 0.00000
749 0.00000
750 0.00000
751 0.00000
752 0.00000
753 0.00000
754 0.00000
755 0.00000
756 0.00000
757 0.00000
758 0.00000
759 0.00000
760 0.00000
761 0.00000
762 0.00000
763 0.00000
764 0.00000
765 0.00000
766 0.00000
767 0.00000
768 0.00000
769 0.00000
770 0.00000
771 0.00000
772 0.00000
773 0.00000
774 0.00000
775 0.00000
776 0.00000
777 0.00000
778 0.00000
779 0.00000
780 0.00000
781 0.00000
782 0.00000
783 0.00000
784 0.00000
785 0.00000
786 0.00000
787 0.00000
788 0.00000
789 0.00000
790 0.00000
791 0.00000
792 0.00000
793 0.00000
794 0.00000
795 0.00000
796 0.00000
797 0.00000
798 0.00000
799 0.00000
800 0.00000
801 0.00000
802 0.00000
803 0.00000
804 0.00000
805 0.00000
806 0.00000
807 0.00000
808 0.00000
809 0.00000
810 0.00000
811 0.00000
812 0.00000
813 0.00000
814 0.00000
815 0.00000
816 0.00000
817 0.00000
818 0.00000
819 0.00000
820 0.00000
821 0.00000
822 0.00000
823 0.00000
824 0.00000
825 0.00000
826 0.00000
827 0.00000
828 0.00000
829 0.00000
830 0.00000
831 0.00000
832 0.00000
833 0.00000
834 0.00000
835 0.00000
836 0.00000
837 0.00000
838 0.00001
839 0.00001
840 0.00001
841 0.00001
842 0.00001
843 0.00001
844 0.00001
845 0.00001
846 0.00001
847 0.00001
848 0.00001
849 0.00001
850 0.00001
851 0.00001
852 0.00001
853 0.00002
854 0.00002
855 0.00002
856 0.00002
857 0.00002
858 0.00002
859 0.00002
860 0.00003
861 0.00003
862 0.00003
863 0.00003
864 0.00003
865 0.00004
866 0.00004
867 0.00004
868 0.00005
869 0.00005
870 0.00005
871 0.00006
872 0.00006
873 0.00007
874 0.00007
875 0.00008
876 0.00008
877 0.00009
878 0.00010
879 0.00010
880 0.00011
881 0.00012
882 0.00013
883 0.00014
884 0.00015
885 0.00016
886 0.00018
887 0.00019
888 0.00021
889 0.00022
890 0.00024
891 0.00026
892 0.00028
893 0.00030
894 0.00033
895 0.00035
896 0.00038
897 0.00041
898 0.00044
899 0.00048
900 0.00052
901 0.00056
902 0.00061
903 0.00066
904 0.00071
905 0.00077
906 0.00083
907 0.00090
908 0.00097
909 0.00105
910 0.00114
911 0.00123
912 0.00130
913 0.00178
914 0.00228
915 0.00278
916 0.00313
917 0.00330
918 0.00353
919 0.00385
920 0.00429
921 0.00492
922 0.00474
923 0.00457
924 0.00547
925 0.00527
926 0.00508
927 0.00645
928 0.00623
929 0.00601
930 0.00580
931 0.00803
932 0.00777
933 0.00751
934 0.00726
935 0.00702
936 0.00678
937 0.00655
938 0.01044
939 0.01012
940 0.00981
941 0.00951
942 0.00921
943 0.00892
944 0.00863
945 0.00836
946 0.00809
947 0.00782
948 0.00757
949 0.00732
950 0.01497
951 0.01456
952 0.01415
953 0.01375
954 0.01336
955 0.01298
956 0.01260
957 0.01223
958 0.01188
959 0.01152
960 0.01118
961 0.01085
962 0.01052
963 0.01020
964 0.00988
965 0.00958
966 0.00928
967 0.00899
968 0.00870
969 0.00842
970 0.00815
971 0.00789
972 0.00763
973 0.02602
974 0.02540
975 0.02479
976 0.02419
977 0.02361
978 0.02303
979 0.02246
980 0.02190
981 0.02134
982 0.02080
983 0.02027
984 0.01975
985 0.01923
986 0.01873
987 0.01823
988 0.01774
989 0.01727
990 0.01680
991 0.01634
992 0.01589
993 0.01544
994 0.01501
995 0.01458
996 0.01417
997 0.01376
998 0.01336
999 0.01297
1000 0.01259
1001 0.01221
1002 0.01185
1003 0.01149
1004 0.01114
1005 0.01080
1006 0.01046
1007 0.01013
1008 0.00982
1009 0.00950
1010 0.00920
1011 0.00890
1012 0.00862
1013 0.00833
1014 0.00806
1015 0.00779
1016 0.00753
1017 0.00728
1018 0.00703
1019 0.00679
1020 0.00655
1021 0.00633
1022 0.00610
1023 0.00589
1024 0.00568
1025 0.00547
1026 0.07204
1027 0.07077
1028 0.06952
1029 0.06829
1030 0.06706
1031 0.06584
1032 0.06464
1033 0.06345
1034 0.06227
1035 0.06111
1036 0.05995
1037 0.05881
1038 0.05769
1039 0.05657
1040 0.05547
1041 0.05438
1042 0.05331
1043 0.05224
1044 0.05119
1045 0.05016
1046 0.04913
1047 0.04812
1048 0.04713
1049 0.04614
1050 0.04517
1051 0.04422
1052 0.04327
1053 0.04234
1054 0.04143
1055 0.04052
1056 0.03963
1057 0.03876
1058 0.03789
1059 0.03704
1060 0.03621
1061 0.03538
1062 0.03457
1063 0.03378
1064 0.03299
1065 0.03222
1066 0.03146
1067 0.03071
1068 0.02998
1069 0.02926
1070 0.02855
1071 0.02785
1072 0.02717
1073 0.02650
1074 0.02584
1075 0.02519
1076 0.02456
1077 0.02394
1078 0.02333
1079 0.02273
1080 0.02214
1081 0.02156
1082 0.02100
1083 0.02044
1084 0.01990
1085 0.01937
1086 0.01885
1087 0.01834
1088 0.01784
1089 0.01735
1090 0.01687
1091 0.01640
1092 0.01594
1093 0.01549
1094 0.01506
1095 0.01463
1096 0.01421
1097 0.01380
1098 0.01340
1099 0.01301
1100 0.01262
1101 0.01225
1102 0.01189
1103 0.01153
1104 0.01118
1105 0.01085
1106 0.01051
1107 0.01019
1108 0.00988
1109 0.00957
1110 0.00927
1111 0.00898
1112 0.00870
1113 0.00842
1114 0.00815
1115 0.00789
1116 0.00763
1117 0.00738
1118 0.00714
1119 0.00691
1120 0.00668
1121 0.00646
1122 0.00624
1123 0.00603
1124 0.00582
1125 0.00562
1126 0.00543
1127 0.00524
1128 0.00506
1129 0.00488
1130 0.00471
1131 0.00455
1132 0.00438
1133 0.00423
1134 0.00407
1135 0.00393
1136 0.00378
1137 0.00364
1138 0.00351
1139 0.00338
1140 0.00325
1141 0.00313
1142 0.00301
1143 0.00290
1144 0.00279
1145 0.00268
1146 0.00258
1147 0.00248
1148 0.00238
1149 0.00229
1150 0.00220
1151 0.00211
1152 0.00203
1153 0.00194
1154 0.00187
1155 0.00179
1156 0.00172
1157 0.00165
1158 0.00158
1159 0.00151
1160 0.00145
1161 0.00139
1162 0.00133
1163 0.00127
1164 0.00122
1165 0.00117
1166 0.00112
1167 0.00107
1168 0.00102
1169 0.00098
1170 0.00093
1171 0.00089
1172 0.00085
1173 0.00081
1174 0.00078
1175 0.00074
1176 0.00071
1177 0.00067
1178 0.00064
1179 0.00061
1180 0.00059
1181 0.00056
1182 0.00053
1183 0.00051
1184 0.00048
1185 0.00046
1186 0.00044
1187 0.00042
1188 0.00040
1189 0.00038
1190 0.00036
1191 0.00034
1192 0.00032
1193 0.00031
1194 0.00029
1195 0.00028
1196 0.00026
1197 0.00025
1198 0.00024
1199 0.00022
1200 0.00021
1201 0.00020
1202 0.00019
1203 0.00018
1204 0.00017
1205 0.00016
1206 0.00015
1207 0.00014
1208 0.00014
1209 0.00013
1210 0.00012
1211 0.00012
1212 0.00011
1213 0.00010
1214 0.00010
1215 0.00009
1216 1.00000
