17 0.87780
18 0.86771
19 0.85747
20 0.84710
21 0.83661
22 0.82602
23 0.81533
24 0.80458
25 0.79375
26 0.78288
27 0.77196
28 0.76102
29 0.75005
30 0.73907
31 0.72809
32 0.71711
33 0.70615
34 0.69521
35 0.68430
36 0.67343
37 0.66260
38 0.65181
39 0.64108
40 0.63041
41 0.61981
42 0.60927
43 0.59881
44 0.58843
45 0.57813
46 0.56791
47 0.55779
48 0.54775
49 0.53782
50 0.52798
51 0.51824
52 0.50861
53 0.49909
54 0.48967
55 0.48036
56 0.47116
57 0.46208
58 0.45311
59 0.44425
60 0.43551
61 0.42689
62 0.41839
63 0.41001
64 0.40174
65 0.39359
66 0.38557
67 0.37766
68 0.36988
69 0.36221
70 0.35466
71 0.34724
72 0.33993
73 0.33274
74 0.32567
75 0.31871
76 0.31188
77 0.30516
78 0.29856
79 0.29207
80 0.28570
81 0.27944
82 0.27329
83 0.26725
84 0.26132
85 0.25551
86 0.24980
87 0.24420
88 0.23870
89 0.23331
90 0.22803
91 0.22284
92 0.21776
93 0.21278
94 0.20789
95 0.20310
96 0.19841
97 0.19382
98 0.18931
99 0.18490
100 0.18058
101 0.17635
102 0.17221
103 0.16815
104 0.16418
105 0.16030
106 0.15649
107 0.15277
108 0.14913
109 0.14556
110 0.14208
111 0.13867
112 0.13533
113 0.13207
114 0.12888
115 0.12576
116 0.12271
117 0.11973
118 0.11681
119 0.11396
120 0.11118
121 0.10846
122 0.10580
123 0.10320
124 0.10066
125 0.09818
126 0.09576
127 0.09339
128 0.09108
129 0.08882
130 0.08662
131 0.08446
132 0.08236
133 0.08031
134 0.07831
135 0.07635
136 0.07444
137 0.07258
138 0.07076
139 0.06898
140 0.06725
141 0.06556
142 0.06391
143 0.06230
144 0.06072
145 0.05919
146 0.05770
147 0.05624
148 0.05481
149 0.05343
150 0.05207
151 0.05075
152 0.04946
153 0.04821
154 0.04698
155 0.04579
156 0.04462
157 0.04349
158 0.04238
159 0.04130
160 0.04025
161 0.03922
162 0.03822
163 0.03725
164 0.03630
165 0.03537
166 0.03447
167 0.03359
168 0.03273
169 0.03189
170 0.03108
171 0.03028
172 0.02951
173 0.02875
174 0.02802
175 0.02730
176 0.02660
177 0.02592
178 0.02526
179 0.02461
180 0.02398
181 0.02337
182 0.02277
183 0.02219
184 0.02162
185 0.02107
186 0.02053
187 0.02001
188 0.01950
189 0.01900
190 0.01851
191 0.01804
192 0.01758
193 0.01713
194 0.01670
195 0.01627
196 0.01586
197 0.01545
198 0.01506
199 0.01468
200 0.01430
201 0.01394
202 0.01359
203 0.01324
204 0.01291
205 0.01258
206 0.01226
207 0.01195
208 0.01165
209 0.01135
210 0.01107
211 0.01079
212 0.01052
213 0.01025
214 0.00999
215 0.00974
216 0.00950
217 0.00926
218 0.00903
219 0.00880
220 0.00858
221 0.00836
222 0.00816
223 0.00795
224 0.00775
225 0.00756
226 0.00737
227 0.00719
228 0.00701
229 0.00684
230 0.00667
231 0.00650
232 0.00634
233 0.00618
234 0.00603
235 0.00588
236 0.00574
237 0.00560
238 0.00546
239 0.00533
240 0.00520
241 0.00507
242 0.00495
243 0.00483
244 0.00471
245 0.00459
246 0.00448
247 0.00437
248 0.00427
249 0.00416
250 0.00406
251 0.00397
252 0.00387
253 0.00378
254 0.00369
255 0.00360
256 0.00351
257 0.00343
258 0.00335
259 0.00327
260 0.00319
261 0.00312
262 0.00304
263 0.00297
264 0.00290
265 0.00283
266 0.00277
267 0.00270
268 0.00264
269 0.00258
270 0.00252
271 0.00246
272 0.00240
273 0.00235
274 0.00229
275 0.00224
276 0.00219
277 0.00214
278 0.00209
279 0.00204
280 0.00199
281 0.00195
282 0.00190
283 0.00186
284 0.00182
285 0.00178
286 0.00174
287 0.00170
288 0.00166
289 0.00162
290 0.00159
291 0.00155
292 0.00152
293 0.00148
294 0.00145
295 0.00142
296 0.00139
297 0.00136
298 0.00133
299 0.00130
300 0.00127
301 0.00124
302 0.00122
303 0.00119
304 0.00116
305 0.00114
306 0.00112
307 0.00109
308 0.00107
309 0.00105
310 0.00102
311 0.00100
312 0.00098
313 0.00096
314 0.00094
315 0.00092
316 0.00090
317 0.00088
318 0.00086
319 0.00085
320 0.00083
321 0.00081
322 0.00080
323 0.00078
324 0.00076
325 0.00075
326 0.00073
327 0.00072
328 0.00070
329 0.00069
330 0.00068
331 0.00066
332 0.00065
333 0.00064
334 0.00062
335 0.00061
336 0.00060
337 0.00059
338 0.00058
339 0.00057
340 0.00056
341 0.00054
342 0.00053
343 0.00052
344 0.00051
345 0.00050
346 0.00049
347 0.00049
348 0.00048
349 0.00047
350 0.00046
351 0.00045
352 0.00044
353 0.00043
354 0.00043
355 0.00042
356 0.00041
357 0.00040
358 0.00040
359 0.00039
360 0.00038
361 0.00038
362 0.00037
363 0.00036
364 0.00036
365 0.00035
366 0.00034
367 0.00034
368 0.00033
369 0.00033
370 0.00032
371 0.00032
372 0.00031
373 0.00031
374 0.00030
375 0.00029
376 0.00029
377 0.00029
378 0.00028
379 0.00028
380 0.00027
381 0.00027
382 0.00026
383 0.00026
384 0.00025
385 0.00025
386 0.00025
387 0.00024
388 0.00024
389 0.00023
390 0.00023
391 0.00023
392 0.00022
393 0.00022
394 0.00022
395 0.00021
396 0.00021
397 0.00021
398 0.00020
399 0.00020
400 0.00020
401 0.00020
402 0.00019
403 0.00019
404 0.00019
405 0.00018
406 0.00018
407 0.00018
408 0.00018
409 0.00017
410 0.00017
411 0.00017
412 0.00017
413 0.00017
414 0.00016
415 0.00016
416 0.00016
417 0.00016
418 0.00015
419 0.00015
420 0.00015
421 0.00015
422 0.00015
423 0.00014
424 0.00014
425 0.00014
426 0.00014
427 0.00014
428 0.00014
429 0.00013
430 0.00013
431 0.00013
432 0.00013
433 0.00013
434 0.00013
435 0.00012
436 0.00012
437 0.00012
438 0.00012
439 0.00012
440 0.00012
441 0.00012
442 0.00012
443 0.00011
444 0.00011
445 0.00011
446 0.00011
447 0.00011
448 0.00011
449 0.00011
450 0.00011
451 0.00010
452 0.00010
453 0.00010
454 0.00010
455 0.00010
456 0.00010
457 0.00010
458 0.00010
459 0.00010
460 0.00010
461 0.00009
462 0.00009
463 0.00009
464 0.00009
465 0.00009
466 0.00009
467 0.00009
468 0.00009
469 0.00009
470 0.00009
471 0.00009
472 0.00009
473 0.00009
474 0.00008
475 0.00008
476 0.00008
477 0.00008
478 0.00008
479 0.00008
480 0.00008
481 0.00008
482 0.00008
483 0.00008
484 0.00008
485 0.00008
486 0.00008
487 0.00008
488 0.00008
489 0.00008
490 0.00008
491 0.00008
492 0.00007
493 0.00007
494 0.00007
495 0.00007
496 0.00007
497 0.00007
498 0.00007
499 0.00007
500 0.00007
501 0.00007
502 0.00007
503 0.00007
504 0.00007
505 0.00007
506 0.00007
507 0.00007
508 0.00007
509 0.00007
510 0.00007
511 0.00007
512 0.00007
513 0.00007
514 0.00007
515 0.00007
516 0.00007
517 0.00007
518 0.00007
519 0.00007
520 0.00006
521 0.00006
522 0.00006
523 0.00006
524 0.00006
525 0.00006
526 0.00006
527 0.00006
528 0.00006
529 0.00006
530 0.00006
531 0.00006
532 0.00006
533 0.00006
534 0.00006
535 0.00006
536 0.00006
537 0.00006
538 0.00006
539 0.00006
540 0.00006
541 0.00006
542 0.00006
543 0.00006
544 0.00006
545 0.00006
546 0.00006
547 0.00006
548 0.00006
549 0.00006
550 0.00006
551 0.00006
552 0.00006
553 0.00006
554 0.00006
555 0.00006
556 0.00006
557 0.00006
558 0.00006
559 0.00006
560 0.00006
561 0.00006
562 0.00006
563 0.00006
564 0.00006
565 0.00006
566 0.00006
567 0.00006
568 0.00006
569 0.00006
570 0.00006
571 0.00006
572 0.00006
573 0.00006
574 0.00006
575 0.00006
576 0.00006
577 0.00006
578 0.00006
579 0.00006
580 0.00006
581 0.00006
582 0.00006
583 0.00006
584 0.00006
585 0.00006
586 0.00007
587 0.00007
588 0.00007
589 0.00007
590 0.00007
591 0.00007
592 0.00007
593 0.00007
594 0.00007
595 0.00007
596 0.00007
597 0.00007
598 0.00007
599 0.00007
600 0.00007
601 0.00007
602 0.00007
603 0.00007
604 0.00007
605 0.00007
606 0.00007
607 0.00007
608 0.00007
609 0.00007
610 0.00007
611 0.00007
612 0.00007
613 0.00008
614 0.00008
615 0.00008
616 0.00008
617 0.00008
618 0.00008
619 0.00008
620 0.00008
621 0.00008
622 0.00008
623 0.00008
624 0.00008
625 0.00008
626 0.00008
627 0.00008
628 0.00008
629 0.00009
630 0.00009
631 0.00009
632 0.00009
633 0.00009
634 0.00009
635 0.00009
636 0.00009
637 0.00009
638 0.00009
639 0.00009
640 0.00009
641 0.00010
642 0.00010
643 0.00010
644 0.00010
645 0.00010
646 0.00010
647 0.00010
648 0.00010
649 0.00010
650 0.00011
651 0.00011
652 0.00011
653 0.00011
654 0.00011
655 0.00011
656 0.00011
657 0.00011
658 0.00012
659 0.00012
660 0.00012
661 0.00012
662 0.00012
663 0.00012
664 0.00012
665 0.00013
666 0.00013
667 0.00013
668 0.00013
669 0.00013
670 0.00014
671 0.00014
672 0.00014
673 0.00014
674 0.00014
675 0.00015
676 0.00015
677 0.00015
678 0.00015
679 0.00015
680 0.00016
681 0.00016
682 0.00016
683 0.00016
684 0.00017
685 0.00017
686 0.00017
687 0.00017
688 0.00018
689 0.00018
690 0.00018
691 0.00019
692 0.00019
693 0.00019
694 0.00020
695 0.00020
696 0.00020
697 0.00021
698 0.00021
699 0.00021
700 0.00022
701 0.00022
702 0.00023
703 0.00023
704 0.00023
705 0.00024
706 0.00024
707 0.00025
708 0.00025
709 0.00026
710 0.00026
711 0.00027
712 0.00027
713 0.00028
714 0.00028
715 0.00029
716 0.00029
717 0.00030
718 0.00031
719 0.00031
720 0.00032
721 0.00032
722 0.00033
723 0.00034
724 0.00034
725 0.00035
726 0.00036
727 0.00037
728 0.00038
729 0.00038
730 0.00039
731 0.00040
732 0.00041
733 0.00042
734 0.00043
735 0.00044
736 0.00045
737 0.00046
738 0.00047
739 0.00048
740 0.00049
741 0.00050
742 0.00051
743 0.00052
744 0.00054
745 0.00055
746 0.00056
747 0.00058
748 0.00059
749 0.00060
750 0.00062
751 0.00064
752 0.00065
753 0.00067
754 0.00068
755 0.00070
756 0.00072
757 0.00074
758 0.00076
759 0.00078
760 0.00080
761 0.00082
762 0.00084
763 0.00086
764 0.00088
765 0.00091
766 0.00093
767 0.00095
768 0.00098
769 0.00101
770 0.00103
771 0.00106
772 0.00109
773 0.00112
774 0.00115
775 0.00119
776 0.00122
777 0.00125
778 0.00129
779 0.00133
780 0.00136
781 0.00140
782 0.00144
783 0.00149
784 0.00153
785 0.00158
786 0.00162
787 0.00167
788 0.00172
789 0.00177
790 0.00182
791 0.00188
792 0.00194
793 0.00200
794 0.00206
795 0.00212
796 0.00219
797 0.00225
798 0.00233
799 0.00240
800 0.00247
801 0.00255
802 0.00263
803 0.00272
804 0.00281
805 0.00290
806 0.00299
807 0.00309
808 0.00319
809 0.00329
810 0.00340
811 0.00351
812 0.00363
813 0.00375
814 0.00388
815 0.00401
816 0.00415
817 0.00429
818 0.00443
819 0.00459
820 0.00474
821 0.00491
822 0.00508
823 0.00526
824 0.00544
825 0.00563
826 0.00583
827 0.00604
828 0.00625
829 0.00648
830 0.00671
831 0.00695
832 0.00720
833 0.00747
834 0.00774
835 0.00802
836 0.00832
837 0.00863
838 0.00895
839 0.00928
840 0.00963
841 0.00999
842 0.01037
843 0.01076
844 0.01117
845 0.01160
846 0.01204
847 0.01250
848 0.01299
849 0.01349
850 0.01402
851 0.01456
852 0.01514
853 0.01573
854 0.01635
855 0.01700
856 0.01768
857 0.01839
858 0.01913
859 0.01990
860 0.02070
861 0.02154
862 0.02242
863 0.02334
864 0.02430
865 0.02530
866 0.02634
867 0.02744
868 0.02858
869 0.02978
870 0.03103
871 0.03233
872 0.03370
873 0.03513
874 0.03663
875 0.03819
876 0.03983
877 0.04155
878 0.04334
879 0.04522
880 0.04719
881 0.04925
882 0.05141
883 0.05367
884 0.05604
885 0.05852
886 0.06112
887 0.06384
888 0.06670
889 0.06970
890 0.07284
891 0.07613
892 0.07958
893 0.08321
894 0.08701
895 0.09100
896 0.09518
897 0.09957
898 0.10418
899 0.10902
900 0.11410
901 0.11944
902 0.12505
903 0.13093
904 0.13712
905 0.14361
906 0.15044
907 0.15762
908 0.16516
909 0.17309
910 0.18143
911 0.19019
912 0.19728
913 0.21848
914 0.23432
915 0.24635
916 0.25349
917 0.25706
918 0.26125
919 0.26623
920 0.27224
921 0.27966
922 0.27826
923 0.27686
924 0.28622
925 0.28482
926 0.28342
927 0.29564
928 0.29423
929 0.29282
930 0.29142
931 0.30806
932 0.30664
933 0.30523
934 0.30383
935 0.30242
936 0.30101
937 0.29961
938 0.32358
939 0.32217
940 0.32076
941 0.31936
942 0.31795
943 0.31655
944 0.31515
945 0.31375
946 0.31235
947 0.31095
948 0.30956
949 0.30816
950 0.34567
951 0.34427
952 0.34287
953 0.34147
954 0.34008
955 0.33868
956 0.33729
957 0.33590
958 0.33451
959 0.33312
960 0.33174
961 0.33035
962 0.32897
963 0.32759
964 0.32621
965 0.32483
966 0.32345
967 0.32207
968 0.32070
969 0.31932
970 0.31795
971 0.31658
972 0.31521
973 0.38208
974 0.38071
975 0.37935
976 0.37798
977 0.37662
978 0.37526
979 0.37390
980 0.37254
981 0.37118
982 0.36983
983 0.36847
984 0.36712
985 0.36576
986 0.36441
987 0.36306
988 0.36171
989 0.36036
990 0.35901
991 0.35766
992 0.35631
993 0.35497
994 0.35363
995 0.35228
996 0.35094
997 0.34960
998 0.34826
999 0.34692
1000 0.34558
1001 0.34425
1002 0.34291
1003 0.34158
1004 0.34024
1005 0.33891
1006 0.33758
1007 0.33625
1008 0.33492
1009 0.33359
1010 0.33227
1011 0.33094
1012 0.32962
1013 0.32829
1014 0.32697
1015 0.32565
1016 0.32433
1017 0.32301
1018 0.32169
1019 0.32037
1020 0.31906
1021 0.31774
1022 0.31643
1023 0.31512
1024 0.31380
1025 0.31249
1026 0.46520
1027 0.46395
1028 0.46270
1029 0.46145
1030 0.46020
1031 0.45895
1032 0.45771
1033 0.45646
1034 0.45521
1035 0.45396
1036 0.45272
1037 0.45147
1038 0.45022
1039 0.44897
1040 0.44773
1041 0.44648
1042 0.44524
1043 0.44399
1044 0.44275
1045 0.44150
1046 0.44026
1047 0.43901
1048 0.43777
1049 0.43653
1050 0.43529
1051 0.43404
1052 0.43280
1053 0.43156
1054 0.43032
1055 0.42908
1056 0.42784
1057 0.42660
1058 0.42536
1059 0.42413
1060 0.42289
1061 0.42165
1062 0.42041
1063 0.41918
1064 0.41794
1065 0.41671
1066 0.41547
1067 0.41424
1068 0.41301
1069 0.41178
1070 0.41054
1071 0.40931
1072 0.40808
1073 0.40685
1074 0.40562
1075 0.40440
1076 0.40317
1077 0.40194
1078 0.40072
1079 0.39949
1080 0.39827
1081 0.39704
1082 0.39582
1083 0.39460
1084 0.39337
1085 0.39215
1086 0.39093
1087 0.38971
1088 0.38850
1089 0.38728
1090 0.38606
1091 0.38485
1092 0.38363
1093 0.38242
1094 0.38120
1095 0.37999
1096 0.37878
1097 0.37757
1098 0.37636
1099 0.37515
1100 0.37394
1101 0.37273
1102 0.37153
1103 0.37032
1104 0.36912
1105 0.36792
1106 0.36671
1107 0.36551
1108 0.36431
1109 0.36311
1110 0.36191
1111 0.36072
1112 0.35952
1113 0.35832
1114 0.35713
1115 0.35594
1116 0.35474
1117 0.35355
1118 0.35236
1119 0.35117
1120 0.34998
1121 0.34880
1122 0.34761
1123 0.34643
1124 0.34524
1125 0.34406
1126 0.34288
1127 0.34170
1128 0.34052
1129 0.33934
1130 0.33816
1131 0.33698
1132 0.33581
1133 0.33463
1134 0.33346
1135 0.33229
1136 0.33112
1137 0.32995
1138 0.32878
1139 0.32761
1140 0.32645
1141 0.32528
1142 0.32412
1143 0.32295
1144 0.32179
1145 0.32063
1146 0.31947
1147 0.31831
1148 0.31716
1149 0.31600
1150 0.31484
1151 0.31369
1152 0.31254
1153 0.31139
1154 0.31024
1155 0.30909
1156 0.30794
1157 0.30679
1158 0.30564
1159 0.30450
1160 0.30336
1161 0.30221
1162 0.30107
1163 0.29993
1164 0.29879
1165 0.29765
1166 0.29652
1167 0.29538
1168 0.29424
1169 0.29311
1170 0.29198
1171 0.29085
1172 0.28971
1173 0.28858
1174 0.28746
1175 0.28633
1176 0.28520
1177 0.28407
1178 0.28295
1179 0.28183
1180 0.28070
1181 0.27958
1182 0.27846
1183 0.27734
1184 0.27622
1185 0.27510
1186 0.27398
1187 0.27287
1188 0.27175
1189 0.27064
1190 0.26952
1191 0.26841
1192 0.26730
1193 0.26618
1194 0.26507
1195 0.26396
1196 0.26285
1197 0.26174
1198 0.26064
1199 0.25953
1200 0.25842
1201 0.25732
1202 0.25621
1203 0.25510
1204 0.25400
1205 0.25290
1206 0.25179
1207 0.25069
1208 0.24959
1209 0.24849
1210 0.24738
1211 0.24628
1212 0.24518
1213 0.24408
1214 0.24298
1215 0.24188
1216 1.00000
