17 0.99548
18 0.99508
19 0.99467
20 0.99425
21 0.99382
22 0.99338
23 0.99293
24 0.99247
25 0.99201
26 0.99153
27 0.99105
28 0.99056
29 0.99006
30 0.98955
31 0.98904
32 0.98852
33 0.98799
34 0.98745
35 0.98691
36 0.98636
37 0.98581
38 0.98525
39 0.98468
40 0.98411
41 0.98353
42 0.98295
43 0.98235
44 0.98176
45 0.98116
46 0.98055
47 0.97994
48 0.97932
49 0.97870
50 0.97807
51 0.97744
52 0.97681
53 0.97617
54 0.97552
55 0.97487
56 0.97422
57 0.97356
58 0.97290
59 0.97223
60 0.97156
61 0.97089
62 0.97021
63 0.96953
64 0.96885
65 0.96816
66 0.96747
67 0.96677
68 0.96607
69 0.96537
70 0.96467
71 0.96396
72 0.96325
73 0.96253
74 0.96182
75 0.96110
76 0.96037
77 0.95965
78 0.95892
79 0.95819
80 0.95746
81 0.95672
82 0.95598
83 0.95524
84 0.95450
85 0.95375
86 0.95300
87 0.95226
88 0.95150
89 0.95075
90 0.94999
91 0.94923
92 0.94847
93 0.94771
94 0.94695
95 0.94618
96 0.94542
97 0.94465
98 0.94388
99 0.94310
100 0.94233
101 0.94156
102 0.94078
103 0.94000
104 0.93922
105 0.93844
106 0.93766
107 0.93687
108 0.93609
109 0.93530
110 0.93451
111 0.93373
112 0.93294
113 0.93215
114 0.93135
115 0.93056
116 0.92977
117 0.92897
118 0.92818
119 0.92738
120 0.92659
121 0.92579
122 0.92499
123 0.92419
124 0.92339
125 0.92259
126 0.92179
127 0.92099
128 0.92019
129 0.91938
130 0.91858
131 0.91778
132 0.91697
133 0.91617
134 0.91536
135 0.91456
136 0.91375
137 0.91295
138 0.91214
139 0.91134
140 0.91053
141 0.90973
142 0.90892
143 0.90811
144 0.90731
145 0.90650
146 0.90569
147 0.90489
148 0.90408
149 0.90327
150 0.90247
151 0.90166
152 0.90085
153 0.90005
154 0.89924
155 0.89843
156 0.89763
157 0.89682
158 0.89602
159 0.89521
160 0.89441
161 0.89361
162 0.89280
163 0.89200
164 0.89119
165 0.89039
166 0.88959
167 0.88879
168 0.88799
169 0.88719
170 0.88639
171 0.88559
172 0.88479
173 0.88399
174 0.88319
175 0.88239
176 0.88160
177 0.88080
178 0.88001
179 0.87921
180 0.87842
181 0.87762
182 0.87683
183 0.87604
184 0.87525
185 0.87446
186 0.87367
187 0.87288
188 0.87209
189 0.87131
190 0.87052
191 0.86974
192 0.86895
193 0.86817
194 0.86739
195 0.86661
196 0.86583
197 0.86505
198 0.86427
199 0.86349
200 0.86272
201 0.86194
202 0.86117
203 0.86039
204 0.85962
205 0.85885
206 0.85808
207 0.85731
208 0.85655
209 0.85578
210 0.85502
211 0.85425
212 0.85349
213 0.85273
214 0.85197
215 0.85121
216 0.85045
217 0.84970
218 0.84894
219 0.84819
220 0.84744
221 0.84669
222 0.84594
223 0.84519
224 0.84444
225 0.84370
226 0.84295
227 0.84221
228 0.84147
229 0.84073
230 0.83999
231 0.83925
232 0.83852
233 0.83778
234 0.83705
235 0.83632
236 0.83559
237 0.83486
238 0.83414
239 0.83341
240 0.83269
241 0.83196
242 0.83124
243 0.83053
244 0.82981
245 0.82909
246 0.82838
247 0.82767
248 0.82696
249 0.82625
250 0.82554
251 0.82483
252 0.82413
253 0.82343
254 0.82272
255 0.82203
256 0.82133
257 0.82063
258 0.81994
259 0.81924
260 0.81855
261 0.81786
262 0.81718
263 0.81649
264 0.81581
265 0.81513
266 0.81445
267 0.81377
268 0.81309
269 0.81242
270 0.81174
271 0.81107
272 0.81040
273 0.80973
274 0.80907
275 0.80840
276 0.80774
277 0.80708
278 0.80642
279 0.80577
280 0.80511
281 0.80446
282 0.80381
283 0.80316
284 0.80251
285 0.80187
286 0.80122
287 0.80058
288 0.79994
289 0.79930
290 0.79867
291 0.79803
292 0.79740
293 0.79677
294 0.79614
295 0.79552
296 0.79489
297 0.79427
298 0.79365
299 0.79303
300 0.79242
301 0.79180
302 0.79119
303 0.79058
304 0.78997
305 0.78937
306 0.78876
307 0.78816
308 0.78756
309 0.78696
310 0.78637
311 0.78577
312 0.78518
313 0.78459
314 0.78401
315 0.78342
316 0.78284
317 0.78225
318 0.78168
319 0.78110
320 0.78052
321 0.77995
322 0.77938
323 0.77881
324 0.77824
325 0.77768
326 0.77712
327 0.77656
328 0.77600
329 0.77544
330 0.77489
331 0.77434
332 0.77379
333 0.77324
334 0.77269
335 0.77215
336 0.77161
337 0.77107
338 0.77053
339 0.77000
340 0.76947
341 0.76894
342 0.76841
343 0.76788
344 0.76736
345 0.76684
346 0.76632
347 0.76580
348 0.76529
349 0.76477
350 0.76426
351 0.76376
352 0.76325
353 0.76275
354 0.76225
355 0.76175
356 0.76125
357 0.76075
358 0.76026
359 0.75977
360 0.75928
361 0.75880
362 0.75831
363 0.75783
364 0.75735
365 0.75688
366 0.75640
367 0.75593
368 0.75546
369 0.75499
370 0.75453
371 0.75407
372 0.75360
373 0.75315
374 0.75269
375 0.75224
376 0.75178
377 0.75134
378 0.75089
379 0.75044
380 0.75000
381 0.74956
382 0.74912
383 0.74869
384 0.74826
385 0.74782
386 0.74740
387 0.74697
388 0.74655
389 0.74613
390 0.74571
391 0.74529
392 0.74488
393 0.74446
394 0.74405
395 0.74365
396 0.74324
397 0.74284
398 0.74244
399 0.74204
400 0.74165
401 0.74125
402 0.74086
403 0.74047
404 0.74009
405 0.73970
406 0.73932
407 0.73894
408 0.73857
409 0.73819
410 0.73782
411 0.73745
412 0.73709
413 0.73672
414 0.73636
415 0.73600
416 0.73564
417 0.73529
418 0.73494
419 0.73459
420 0.73424
421 0.73389
422 0.73355
423 0.73321
424 0.73287
425 0.73254
426 0.73220
427 0.73187
428 0.73155
429 0.73122
430 0.73090
431 0.73058
432 0.73026
433 0.72994
434 0.72963
435 0.72932
436 0.72901
437 0.72870
438 0.72840
439 0.72810
440 0.72780
441 0.72750
442 0.72721
443 0.72692
444 0.72663
445 0.72634
446 0.72606
447 0.72578
448 0.72550
449 0.72522
450 0.72495
451 0.72468
452 0.72441
453 0.72414
454 0.72388
455 0.72362
456 0.72336
457 0.72310
458 0.72285
459 0.72260
460 0.72235
461 0.72210
462 0.72186
463 0.72162
464 0.72138
465 0.72114
466 0.72091
467 0.72068
468 0.72045
469 0.72022
470 0.72000
471 0.71978
472 0.71956
473 0.71935
474 0.71913
475 0.71892
476 0.71871
477 0.71851
478 0.71831
479 0.71811
480 0.71791
481 0.71771
482 0.71752
483 0.71733
484 0.71714
485 0.71696
486 0.71678
487 0.71660
488 0.71642
489 0.71624
490 0.71607
491 0.71590
492 0.71574
493 0.71557
494 0.71541
495 0.71525
496 0.71509
497 0.71494
498 0.71479
499 0.71464
500 0.71450
501 0.71435
502 0.71421
503 0.71407
504 0.71394
505 0.71381
506 0.71368
507 0.71355
508 0.71342
509 0.71330
510 0.71318
511 0.71307
512 0.71295
513 0.71284
514 0.71273
515 0.71263
516 0.71252
517 0.71242
518 0.71232
519 0.71223
520 0.71214
521 0.71205
522 0.71196
523 0.71187
524 0.71179
525 0.71171
526 0.71164
527 0.71156
528 0.71149
529 0.71142
530 0.71136
531 0.71129
532 0.71123
533 0.71118
534 0.71112
535 0.71107
536 0.71102
537 0.71097
538 0.71093
539 0.71089
540 0.71085
541 0.71082
542 0.71078
543 0.71075
544 0.71073
545 0.71070
546 0.71068
547 0.71066
548 0.71064
549 0.71063
550 0.71062
551 0.71061
552 0.71061
553 0.71061
554 0.71061
555 0.71061
556 0.71062
557 0.71063
558 0.71064
559 0.71065
560 0.71067
561 0.71069
562 0.71071
563 0.71074
564 0.71077
565 0.71080
566 0.71084
567 0.71087
568 0.71092
569 0.71096
570 0.71100
571 0.71105
572 0.71111
573 0.71116
574 0.71122
575 0.71128
576 0.71134
577 0.71141
578 0.71148
579 0.71155
580 0.71163
581 0.71171
582 0.71179
583 0.71187
584 0.71196
585 0.71205
586 0.71214
587 0.71224
588 0.71234
589 0.71244
590 0.71254
591 0.71265
592 0.71276
593 0.71287
594 0.71299
595 0.71311
596 0.71323
597 0.71336
598 0.71349
599 0.71362
600 0.71375
601 0.71389
602 0.71403
603 0.71418
604 0.71432
605 0.71447
606 0.71463
607 0.71478
608 0.71494
609 0.71510
610 0.71527
611 0.71544
612 0.71561
613 0.71578
614 0.71596
615 0.71614
616 0.71633
617 0.71651
618 0.71670
619 0.71690
620 0.71709
621 0.71729
622 0.71750
623 0.71770
624 0.71791
625 0.71812
626 0.71834
627 0.71856
628 0.71878
629 0.71900
630 0.71923
631 0.71946
632 0.71970
633 0.71994
634 0.72018
635 0.72042
636 0.72067
637 0.72092
638 0.72117
639 0.72143
640 0.72169
641 0.72196
642 0.72222
643 0.72249
644 0.72277
645 0.72305
646 0.72333
647 0.72361
648 0.72390
649 0.72419
650 0.72448
651 0.72478
652 0.72508
653 0.72538
654 0.72569
655 0.72600
656 0.72631
657 0.72663
658 0.72695
659 0.72728
660 0.72760
661 0.72793
662 0.72827
663 0.72861
664 0.72895
665 0.72929
666 0.72964
667 0.72999
668 0.73035
669 0.73071
670 0.73107
671 0.73144
672 0.73180
673 0.73218
674 0.73255
675 0.73293
676 0.73332
677 0.73370
678 0.73410
679 0.73449
680 0.73489
681 0.73529
682 0.73569
683 0.73610
684 0.73651
685 0.73693
686 0.73735
687 0.73777
688 0.73820
689 0.73863
690 0.73906
691 0.73950
692 0.73994
693 0.74039
694 0.74084
695 0.74129
696 0.74175
697 0.74221
698 0.74267
699 0.74314
700 0.74361
701 0.74409
702 0.74457
703 0.74505
704 0.74554
705 0.74603
706 0.74652
707 0.74702
708 0.74752
709 0.74803
710 0.74854
711 0.74905
712 0.74957
713 0.75009
714 0.75062
715 0.75115
716 0.75168
717 0.75222
718 0.75276
719 0.75331
720 0.75386
721 0.75441
722 0.75497
723 0.75553
724 0.75609
725 0.75666
726 0.75724
727 0.75782
728 0.75840
729 0.75898
730 0.75957
731 0.76017
732 0.76077
733 0.76137
734 0.76198
735 0.76259
736 0.76320
737 0.76382
738 0.76445
739 0.76507
740 0.76571
741 0.76634
742 0.76698
743 0.76763
744 0.76828
745 0.76893
746 0.76959
747 0.77025
748 0.77092
749 0.77159
750 0.77227
751 0.77295
752 0.77363
753 0.77432
754 0.77501
755 0.77571
756 0.77641
757 0.77712
758 0.77783
759 0.77855
760 0.77927
761 0.77999
762 0.78072
763 0.78145
764 0.78219
765 0.78294
766 0.78368
767 0.78444
768 0.78519
769 0.78595
770 0.78672
771 0.78749
772 0.78827
773 0.78905
774 0.78983
775 0.79062
776 0.79142
777 0.79222
778 0.79302
779 0.79383
780 0.79465
781 0.79547
782 0.79629
783 0.79712
784 0.79795
785 0.79879
786 0.79963
787 0.80048
788 0.80134
789 0.80220
790 0.80306
791 0.80393
792 0.80480
793 0.80568
794 0.80656
795 0.80745
796 0.80835
797 0.80925
798 0.81015
799 0.81106
800 0.81198
801 0.81290
802 0.81382
803 0.81475
804 0.81569
805 0.81663
806 0.81757
807 0.81853
808 0.81948
809 0.82045
810 0.82141
811 0.82239
812 0.82337
813 0.82435
814 0.82534
815 0.82634
816 0.82734
817 0.82834
818 0.82936
819 0.83037
820 0.83140
821 0.83243
822 0.83346
823 0.83450
824 0.83555
825 0.83660
826 0.83766
827 0.83872
828 0.83979
829 0.84086
830 0.84194
831 0.84303
832 0.84412
833 0.84522
834 0.84632
835 0.84743
836 0.84855
837 0.84967
838 0.85080
839 0.85193
840 0.85307
841 0.85422
842 0.85537
843 0.85653
844 0.85770
845 0.85887
846 0.86004
847 0.86123
848 0.86242
849 0.86361
850 0.86482
851 0.86602
852 0.86724
853 0.86846
854 0.86969
855 0.87092
856 0.87216
857 0.87341
858 0.87466
859 0.87592
860 0.87719
861 0.87846
862 0.87974
863 0.88103
864 0.88233
865 0.88363
866 0.88493
867 0.88625
868 0.88757
869 0.88889
870 0.89023
871 0.89157
872 0.89292
873 0.89427
874 0.89563
875 0.89700
876 0.89838
877 0.89976
878 0.90115
879 0.90255
880 0.90396
881 0.90537
882 0.90679
883 0.90821
884 0.90965
885 0.91109
886 0.91254
887 0.91399
888 0.91545
889 0.91692
890 0.91840
891 0.91989
892 0.92138
893 0.92288
894 0.92439
895 0.92591
896 0.92743
897 0.92896
898 0.93050
899 0.93205
900 0.93360
901 0.93516
902 0.93673
903 0.93831
904 0.93990
905 0.94149
906 0.94310
907 0.94471
908 0.94632
909 0.94795
910 0.94959
911 0.95123
912 0.95254
913 0.95305
914 0.95362
915 0.95418
916 0.95457
917 0.95478
918 0.95504
919 0.95536
920 0.95577
921 0.95628
922 0.95621
923 0.95615
924 0.95681
925 0.95674
926 0.95668
927 0.95755
928 0.95749
929 0.95742
930 0.95736
931 0.95856
932 0.95849
933 0.95843
934 0.95837
935 0.95831
936 0.95824
937 0.95818
938 0.95990
939 0.95984
940 0.95978
941 0.95972
942 0.95966
943 0.95960
944 0.95954
945 0.95948
946 0.95942
947 0.95936
948 0.95930
949 0.95924
950 0.96188
951 0.96182
952 0.96177
953 0.96171
954 0.96165
955 0.96160
956 0.96154
957 0.96148
958 0.96143
959 0.96137
960 0.96131
961 0.96126
962 0.96120
963 0.96114
964 0.96109
965 0.96103
966 0.96097
967 0.96092
968 0.96086
969 0.96080
970 0.96075
971 0.96069
972 0.96063
973 0.96517
974 0.96512
975 0.96507
976 0.96502
977 0.96497
978 0.96492
979 0.96487
980 0.96482
981 0.96477
982 0.96472
983 0.96467
984 0.96462
985 0.96457
986 0.96452
987 0.96447
988 0.96442
989 0.96437
990 0.96432
991 0.96426
992 0.96421
993 0.96416
994 0.96411
995 0.96406
996 0.96401
997 0.96396
998 0.96391
999 0.96386
1000 0.96381
1001 0.96376
1002 0.96371
1003 0.96366
1004 0.96360
1005 0.96355
1006 0.96350
1007 0.96345
1008 0.96340
1009 0.96335
1010 0.96330
1011 0.96325
1012 0.96320
1013 0.96315
1014 0.96309
1015 0.96304
1016 0.96299
1017 0.96294
1018 0.96289
1019 0.96284
1020 0.96279
1021 0.96274
1022 0.96269
1023 0.96263
1024 0.96258
1025 0.96253
1026 0.97215
1027 0.97211
1028 0.97208
1029 0.97204
1030 0.97200
1031 0.97196
1032 0.97192
1033 0.97188
1034 0.97185
1035 0.97181
1036 0.97177
1037 0.97173
1038 0.97169
1039 0.97165
1040 0.97161
1041 0.97158
1042 0.97154
1043 0.97150
1044 0.97146
1045 0.97142
1046 0.97138
1047 0.97134
1048 0.97131
1049 0.97127
1050 0.97123
1051 0.97119
1052 0.97115
1053 0.97111
1054 0.97107
1055 0.97104
1056 0.97100
1057 0.97096
1058 0.97092
1059 0.97088
1060 0.97084
1061 0.97080
1062 0.97076
1063 0.97073
1064 0.97069
1065 0.97065
1066 0.97061
1067 0.97057
1068 0.97053
1069 0.97049
1070 0.97045
1071 0.97042
1072 0.97038
1073 0.97034
1074 0.97030
1075 0.97026
1076 0.97022
1077 0.97018
1078 0.97014
1079 0.97010
1080 0.97006
1081 0.97003
1082 0.96999
1083 0.96995
1084 0.96991
1085 0.96987
1086 0.96983
1087 0.96979
1088 0.96975
1089 0.96971
1090 0.96967
1091 0.96963
1092 0.96959
1093 0.96956
1094 0.96952
1095 0.96948
1096 0.96944
1097 0.96940
1098 0.96936
1099 0.96932
1100 0.96928
1101 0.96924
1102 0.96920
1103 0.96916
1104 0.96912
1105 0.96908
1106 0.96904
1107 0.96901
1108 0.96897
1109 0.96893
1110 0.96889
1111 0.96885
1112 0.96881
1113 0.96877
1114 0.96873
1115 0.96869
1116 0.96865
1117 0.96861
1118 0.96857
1119 0.96853
1120 0.96849
1121 0.96845
1122 0.96841
1123 0.96837
1124 0.96833
1125 0.96829
1126 0.96825
1127 0.96821
1128 0.96817
1129 0.96813
1130 0.96810
1131 0.96806
1132 0.96802
1133 0.96798
1134 0.96794
1135 0.96790
1136 0.96786
1137 0.96782
1138 0.96778
1139 0.96774
1140 0.96770
1141 0.96766
1142 0.96762
1143 0.96758
1144 0.96754
1145 0.96750
1146 0.96746
1147 0.96742
1148 0.96738
1149 0.96734
1150 0.96730
1151 0.96726
1152 0.96722
1153 0.96718
1154 0.96714
1155 0.96710
1156 0.96706
1157 0.96702
1158 0.96698
1159 0.96694
1160 0.96690
1161 0.96686
1162 0.96682
1163 0.96678
1164 0.96674
1165 0.96670
1166 0.96666
1167 0.96662
1168 0.96658
1169 0.96654
1170 0.96650
1171 0.96646
1172 0.96641
1173 0.96637
1174 0.96633
1175 0.96629
1176 0.96625
1177 0.96621
1178 0.96617
1179 0.96613
1180 0.96609
1181 0.96605
1182 0.96601
1183 0.96597
1184 0.96593
1185 0.96589
1186 0.96585
1187 0.96581
1188 0.96577
1189 0.96573
1190 0.96569
1191 0.96565
1192 0.96561
1193 0.96557
1194 0.96553
1195 0.96548
1196 0.96544
1197 0.96540
1198 0.96536
1199 0.96532
1200 0.96528
1201 0.96524
1202 0.96520
1203 0.96516
1204 0.96512
1205 0.96508
1206 0.96504
1207 0.96500
1208 0.96496
1209 0.96492
1210 0.96487
1211 0.96483
1212 0.96479
1213 0.96475
1214 0.96471
1215 0.96467
1216 1.00000
