17 0.97829
18 0.97638
19 0.97444
20 0.97244
21 0.97040
22 0.96833
23 0.96621
24 0.96405
25 0.96185
26 0.95962
27 0.95736
28 0.95506
29 0.95273
30 0.95037
31 0.94798
32 0.94556
33 0.94311
34 0.94064
35 0.93814
36 0.93561
37 0.93306
38 0.93049
39 0.92789
40 0.92528
41 0.92264
42 0.91998
43 0.91730
44 0.91461
45 0.91190
46 0.90916
47 0.90642
48 0.90365
49 0.90088
50 0.89808
51 0.89527
52 0.89245
53 0.88962
54 0.88677
55 0.88391
56 0.88104
57 0.87816
58 0.87527
59 0.87237
60 0.86946
61 0.86654
62 0.86361
63 0.86068
64 0.85773
65 0.85478
66 0.85182
67 0.84886
68 0.84589
69 0.84291
70 0.83993
71 0.83695
72 0.83396
73 0.83097
74 0.82797
75 0.82497
76 0.82197
77 0.81896
78 0.81595
79 0.81294
80 0.80993
81 0.80692
82 0.80390
83 0.80089
84 0.79787
85 0.79486
86 0.79184
87 0.78883
88 0.78581
89 0.78280
90 0.77979
91 0.77677
92 0.77377
93 0.77076
94 0.76775
95 0.76475
96 0.76175
97 0.75875
98 0.75576
99 0.75277
100 0.74978
101 0.74679
102 0.74381
103 0.74084
104 0.73786
105 0.73490
106 0.73193
107 0.72897
108 0.72602
109 0.72307
110 0.72013
111 0.71719
112 0.71426
113 0.71133
114 0.70841
115 0.70550
116 0.70259
117 0.69969
118 0.69679
119 0.69390
120 0.69102
121 0.68815
122 0.68528
123 0.68242
124 0.67956
125 0.67672
126 0.67388
127 0.67105
128 0.66822
129 0.66541
130 0.66260
131 0.65980
132 0.65701
133 0.65422
134 0.65145
135 0.64868
136 0.64592
137 0.64317
138 0.64043
139 0.63769
140 0.63497
141 0.63225
142 0.62955
143 0.62685
144 0.62416
145 0.62148
146 0.61881
147 0.61615
148 0.61350
149 0.61085
150 0.60822
151 0.60560
152 0.60298
153 0.60038
154 0.59778
155 0.59520
156 0.59262
157 0.59006
158 0.58750
159 0.58496
160 0.58242
161 0.57989
162 0.57738
163 0.57487
164 0.57237
165 0.56989
166 0.56741
167 0.56494
168 0.56249
169 0.56004
170 0.55761
171 0.55518
172 0.55276
173 0.55036
174 0.54796
175 0.54558
176 0.54320
177 0.54084
178 0.53849
179 0.53614
180 0.53381
181 0.53149
182 0.52917
183 0.52687
184 0.52458
185 0.52230
186 0.52003
187 0.51777
188 0.51551
189 0.51327
190 0.51105
191 0.50883
192 0.50662
193 0.50442
194 0.50223
195 0.50005
196 0.49788
197 0.49573
198 0.49358
199 0.49144
200 0.48932
201 0.48720
202 0.48510
203 0.48300
204 0.48092
205 0.47884
206 0.47678
207 0.47472
208 0.47268
209 0.47065
210 0.46862
211 0.46661
212 0.46461
213 0.46261
214 0.46063
215 0.45866
216 0.45670
217 0.45474
218 0.45280
219 0.45087
220 0.44895
221 0.44704
222 0.44513
223 0.44324
224 0.44136
225 0.43949
226 0.43762
227 0.43577
228 0.43393
229 0.43210
230 0.43027
231 0.42846
232 0.42666
233 0.42486
234 0.42308
235 0.42130
236 0.41954
237 0.41779
238 0.41604
239 0.41430
240 0.41258
241 0.41086
242 0.40915
243 0.40746
244 0.40577
245 0.40409
246 0.40242
247 0.40076
248 0.39911
249 0.39747
250 0.39583
251 0.39421
252 0.39260
253 0.39099
254 0.38940
255 0.38781
256 0.38623
257 0.38466
258 0.38311
259 0.38156
260 0.38001
261 0.37848
262 0.37696
263 0.37544
264 0.37394
265 0.37244
266 0.37095
267 0.36947
268 0.36800
269 0.36654
270 0.36509
271 0.36364
272 0.36220
273 0.36078
274 0.35936
275 0.35795
276 0.35654
277 0.35515
278 0.35376
279 0.35239
280 0.35102
281 0.34966
282 0.34830
283 0.34696
284 0.34562
285 0.34430
286 0.34298
287 0.34166
288 0.34036
289 0.33907
290 0.33778
291 0.33650
292 0.33523
293 0.33396
294 0.33271
295 0.33146
296 0.33022
297 0.32898
298 0.32776
299 0.32654
300 0.32533
301 0.32413
302 0.32293
303 0.32175
304 0.32057
305 0.31940
306 0.31823
307 0.31707
308 0.31592
309 0.31478
310 0.31365
311 0.31252
312 0.31140
313 0.31029
314 0.30918
315 0.30808
316 0.30699
317 0.30590
318 0.30483
319 0.30376
320 0.30269
321 0.30164
322 0.30059
323 0.29954
324 0.29851
325 0.29748
326 0.29646
327 0.29544
328 0.29443
329 0.29343
330 0.29244
331 0.29145
332 0.29047
333 0.28949
334 0.28852
335 0.28756
336 0.28661
337 0.28566
338 0.28471
339 0.28378
340 0.28285
341 0.28192
342 0.28101
343 0.28010
344 0.27919
345 0.27829
346 0.27740
347 0.27652
348 0.27564
349 0.27477
350 0.27390
351 0.27304
352 0.27218
353 0.27133
354 0.27049
355 0.26965
356 0.26882
357 0.26800
358 0.26718
359 0.26637
360 0.26556
361 0.26476
362 0.26396
363 0.26317
364 0.26239
365 0.26161
366 0.26084
367 0.26007
368 0.25931
369 0.25855
370 0.25780
371 0.25706
372 0.25632
373 0.25559
374 0.25486
375 0.25414
376 0.25342
377 0.25271
378 0.25200
379 0.25130
380 0.25061
381 0.24992
382 0.24923
383 0.24855
384 0.24788
385 0.24721
386 0.24655
387 0.24589
388 0.24524
389 0.24459
390 0.24395
391 0.24331
392 0.24268
393 0.24205
394 0.24143
395 0.24081
396 0.24020
397 0.23959
398 0.23899
399 0.23839
400 0.23780
401 0.23721
402 0.23663
403 0.23605
404 0.23548
405 0.23491
406 0.23435
407 0.23379
408 0.23324
409 0.23269
410 0.23214
411 0.23160
412 0.23107
413 0.23054
414 0.23002
415 0.22949
416 0.22898
417 0.22847
418 0.22796
419 0.22746
420 0.22696
421 0.22647
422 0.22598
423 0.22550
424 0.22502
425 0.22454
426 0.22407
427 0.22361
428 0.22315
429 0.22269
430 0.22224
431 0.22179
432 0.22135
433 0.22091
434 0.22047
435 0.22004
436 0.21962
437 0.21920
438 0.21878
439 0.21836
440 0.21796
441 0.21755
442 0.21715
443 0.21675
444 0.21636
445 0.21598
446 0.21559
447 0.21521
448 0.21484
449 0.21447
450 0.21410
451 0.21374
452 0.21338
453 0.21303
454 0.21267
455 0.21233
456 0.21199
457 0.21165
458 0.21132
459 0.21099
460 0.21066
461 0.21034
462 0.21002
463 0.20971
464 0.20940
465 0.20909
466 0.20879
467 0.20849
468 0.20820
469 0.20791
470 0.20762
471 0.20734
472 0.20706
473 0.20679
474 0.20652
475 0.20625
476 0.20599
477 0.20573
478 0.20548
479 0.20523
480 0.20498
481 0.20474
482 0.20450
483 0.20427
484 0.20403
485 0.20381
486 0.20358
487 0.20336
488 0.20315
489 0.20294
490 0.20273
491 0.20252
492 0.20232
493 0.20213
494 0.20194
495 0.20175
496 0.20156
497 0.20138
498 0.20120
499 0.20103
500 0.20086
501 0.20069
502 0.20053
503 0.20037
504 0.20022
505 0.20006
506 0.19992
507 0.19977
508 0.19963
509 0.19950
510 0.19937
511 0.19924
512 0.19911
513 0.19899
514 0.19887
515 0.19876
516 0.19865
517 0.19854
518 0.19844
519 0.19834
520 0.19825
521 0.19816
522 0.19807
523 0.19799
524 0.19791
525 0.19783
526 0.19776
527 0.19769
528 0.19763
529 0.19757
530 0.19751
531 0.19746
532 0.19741
533 0.19736
534 0.19732
535 0.19728
536 0.19725
537 0.19721
538 0.19719
539 0.19716
540 0.19715
541 0.19713
542 0.19712
543 0.19711
544 0.19711
545 0.19711
546 0.19711
547 0.19712
548 0.19713
549 0.19714
550 0.19716
551 0.19719
552 0.19721
553 0.19724
554 0.19728
555 0.19732
556 0.19736
557 0.19741
558 0.19746
559 0.19751
560 0.19757
561 0.19763
562 0.19770
563 0.19777
564 0.19784
565 0.19792
566 0.19800
567 0.19809
568 0.19818
569 0.19827
570 0.19837
571 0.19847
572 0.19858
573 0.19869
574 0.19880
575 0.19892
576 0.19904
577 0.19917
578 0.19930
579 0.19943
580 0.19957
581 0.19972
582 0.19986
583 0.20002
584 0.20017
585 0.20033
586 0.20050
587 0.20066
588 0.20084
589 0.20101
590 0.20120
591 0.20138
592 0.20157
593 0.20177
594 0.20197
595 0.20217
596 0.20238
597 0.20259
598 0.20280
599 0.20303
600 0.20325
601 0.20348
602 0.20372
603 0.20396
604 0.20420
605 0.20445
606 0.20470
607 0.20496
608 0.20522
609 0.20549
610 0.20576
611 0.20603
612 0.20632
613 0.20660
614 0.20689
615 0.20719
616 0.20749
617 0.20779
618 0.20810
619 0.20842
620 0.20874
621 0.20906
622 0.20939
623 0.20973
624 0.21007
625 0.21041
626 0.21076
627 0.21112
628 0.21148
629 0.21184
630 0.21221
631 0.21259
632 0.21297
633 0.21336
634 0.21375
635 0.21415
636 0.21455
637 0.21496
638 0.21537
639 0.21579
640 0.21622
641 0.21665
642 0.21708
643 0.21753
644 0.21797
645 0.21843
646 0.21889
647 0.21935
648 0.21982
649 0.22030
650 0.22078
651 0.22127
652 0.22176
653 0.22226
654 0.22277
655 0.22328
656 0.22380
657 0.22433
658 0.22486
659 0.22539
660 0.22594
661 0.22649
662 0.22705
663 0.22761
664 0.22818
665 0.22876
666 0.22934
667 0.22993
668 0.23052
669 0.23112
670 0.23173
671 0.23234
672 0.23296
673 0.23358
674 0.23422
675 0.23485
676 0.23550
677 0.23615
678 0.23681
679 0.23748
680 0.23815
681 0.23883
682 0.23952
683 0.24021
684 0.24091
685 0.24162
686 0.24233
687 0.24306
688 0.24379
689 0.24453
690 0.24527
691 0.24603
692 0.24679
693 0.24756
694 0.24833
695 0.24911
696 0.24990
697 0.25070
698 0.25151
699 0.25233
700 0.25315
701 0.25399
702 0.25483
703 0.25568
704 0.25654
705 0.25741
706 0.25828
707 0.25917
708 0.26006
709 0.26097
710 0.26188
711 0.26279
712 0.26372
713 0.26466
714 0.26560
715 0.26656
716 0.26752
717 0.26850
718 0.26948
719 0.27048
720 0.27148
721 0.27249
722 0.27352
723 0.27455
724 0.27560
725 0.27665
726 0.27772
727 0.27880
728 0.27988
729 0.28098
730 0.28209
731 0.28321
732 0.28434
733 0.28549
734 0.28664
735 0.28781
736 0.28898
737 0.29017
738 0.29137
739 0.29259
740 0.29381
741 0.29505
742 0.29630
743 0.29756
744 0.29883
745 0.30012
746 0.30142
747 0.30273
748 0.30405
749 0.30538
750 0.30672
751 0.30807
752 0.30943
753 0.31081
754 0.31221
755 0.31361
756 0.31503
757 0.31647
758 0.31791
759 0.31938
760 0.32085
761 0.32234
762 0.32385
763 0.32537
764 0.32691
765 0.32846
766 0.33002
767 0.33161
768 0.33320
769 0.33482
770 0.33645
771 0.33809
772 0.33975
773 0.34143
774 0.34313
775 0.34484
776 0.34657
777 0.34831
778 0.35007
779 0.35185
780 0.35365
781 0.35547
782 0.35730
783 0.35915
784 0.36102
785 0.36291
786 0.36482
787 0.36675
788 0.36869
789 0.37066
790 0.37264
791 0.37465
792 0.37667
793 0.37872
794 0.38079
795 0.38287
796 0.38498
797 0.38711
798 0.38926
799 0.39143
800 0.39362
801 0.39584
802 0.39808
803 0.40034
804 0.40262
805 0.40493
806 0.40726
807 0.40961
808 0.41199
809 0.41439
810 0.41682
811 0.41927
812 0.42175
813 0.42425
814 0.42677
815 0.42933
816 0.43190
817 0.43451
818 0.43714
819 0.43980
820 0.44249
821 0.44520
822 0.44794
823 0.45071
824 0.45351
825 0.45634
826 0.45919
827 0.46208
828 0.46500
829 0.46794
830 0.47092
831 0.47393
832 0.47697
833 0.48004
834 0.48314
835 0.48628
836 0.48945
837 0.49265
838 0.49588
839 0.49915
840 0.50246
841 0.50580
842 0.50917
843 0.51258
844 0.51603
845 0.51951
846 0.52303
847 0.52658
848 0.53018
849 0.53381
850 0.53748
851 0.54119
852 0.54495
853 0.54874
854 0.55257
855 0.55644
856 0.56036
857 0.56431
858 0.56831
859 0.57235
860 0.57644
861 0.58057
862 0.58475
863 0.58897
864 0.59324
865 0.59755
866 0.60191
867 0.60632
868 0.61078
869 0.61528
870 0.61984
871 0.62444
872 0.62910
873 0.63381
874 0.63857
875 0.64338
876 0.64824
877 0.65316
878 0.65814
879 0.66317
880 0.66825
881 0.67340
882 0.67860
883 0.68386
884 0.68917
885 0.69455
886 0.69999
887 0.70543
888 0.71090
889 0.71644
890 0.72203
891 0.72769
892 0.73342
893 0.73920
894 0.74506
895 0.75098
896 0.75696
897 0.76302
898 0.76914
899 0.77533
900 0.78159
901 0.78793
902 0.79433
903 0.80081
904 0.80736
905 0.81399
906 0.82070
907 0.82748
908 0.83434
909 0.84128
910 0.84830
911 0.85540
912 0.86104
913 0.86281
914 0.86484
915 0.86683
916 0.86813
917 0.86876
918 0.86958
919 0.87065
920 0.87204
921 0.87386
922 0.87340
923 0.87293
924 0.87535
925 0.87490
926 0.87444
927 0.87772
928 0.87727
929 0.87682
930 0.87638
931 0.88093
932 0.88050
933 0.88007
934 0.87963
935 0.87920
936 0.87876
937 0.87832
938 0.88496
939 0.88454
940 0.88413
941 0.88371
942 0.88329
943 0.88287
944 0.88245
945 0.88203
946 0.88160
947 0.88118
948 0.88075
949 0.88033
950 0.89067
951 0.89028
952 0.88989
953 0.88950
954 0.88910
955 0.88871
956 0.88831
957 0.88791
958 0.88751
959 0.88712
960 0.88672
961 0.88631
962 0.88591
963 0.88551
964 0.88511
965 0.88470
966 0.88430
967 0.88389
968 0.88348
969 0.88308
970 0.88267
971 0.88226
972 0.88185
973 0.89984
974 0.89949
975 0.89914
976 0.89878
977 0.89843
978 0.89807
979 0.89772
980 0.89736
981 0.89700
982 0.89664
983 0.89628
984 0.89592
985 0.89556
986 0.89520
987 0.89484
988 0.89447
989 0.89411
990 0.89374
991 0.89338
992 0.89301
993 0.89264
994 0.89227
995 0.89191
996 0.89154
997 0.89116
998 0.89079
999 0.89042
1000 0.89005
1001 0.88967
1002 0.88930
1003 0.88892
1004 0.88855
1005 0.88817
1006 0.88779
1007 0.88741
1008 0.88703
1009 0.88665
1010 0.88627
1011 0.88589
1012 0.88550
1013 0.88512
1014 0.88473
1015 0.88435
1016 0.88396
1017 0.88357
1018 0.88319
1019 0.88280
1020 0.88241
1021 0.88202
1022 0.88163
1023 0.88123
1024 0.88084
1025 0.88045
1026 0.91898
1027 0.91870
1028 0.91843
1029 0.91816
1030 0.91788
1031 0.91761
1032 0.91733
1033 0.91705
1034 0.91678
1035 0.91650
1036 0.91622
1037 0.91594
1038 0.91566
1039 0.91538
1040 0.91510
1041 0.91482
1042 0.91453
1043 0.91425
1044 0.91397
1045 0.91368
1046 0.91340
1047 0.91311
1048 0.91283
1049 0.91254
1050 0.91225
1051 0.91196
1052 0.91168
1053 0.91139
1054 0.91110
1055 0.91081
1056 0.91052
1057 0.91022
1058 0.90993
1059 0.90964
1060 0.90935
1061 0.90905
1062 0.90876
1063 0.90846
1064 0.90816
1065 0.90787
1066 0.90757
1067 0.90727
1068 0.90697
1069 0.90667
1070 0.90637
1071 0.90607
1072 0.90577
1073 0.90547
1074 0.90517
1075 0.90487
1076 0.90456
1077 0.90426
1078 0.90395
1079 0.90365
1080 0.90334
1081 0.90303
1082 0.90273
1083 0.90242
1084 0.90211
1085 0.90180
1086 0.90149
1087 0.90118
1088 0.90087
1089 0.90056
1090 0.90024
1091 0.89993
1092 0.89962
1093 0.89930
1094 0.89899
1095 0.89867
1096 0.89836
1097 0.89804
1098 0.89772
1099 0.89740
1100 0.89708
1101 0.89676
1102 0.89644
1103 0.89612
1104 0.89580
1105 0.89548
1106 0.89516
1107 0.89483
1108 0.89451
1109 0.89418
1110 0.89386
1111 0.89353
1112 0.89321
1113 0.89288
1114 0.89255
1115 0.89222
1116 0.89189
1117 0.89156
1118 0.89123
1119 0.89090
1120 0.89057
1121 0.89024
1122 0.88990
1123 0.88957
1124 0.88923
1125 0.88890
1126 0.88856
1127 0.88823
1128 0.88789
1129 0.88755
1130 0.88721
1131 0.88687
1132 0.88653
1133 0.88619
1134 0.88585
1135 0.88551
1136 0.88517
1137 0.88483
1138 0.88448
1139 0.88414
1140 0.88379
1141 0.88345
1142 0.88310
1143 0.88276
1144 0.88241
1145 0.88206
1146 0.88171
1147 0.88136
1148 0.88101
1149 0.88066
1150 0.88031
1151 0.87996
1152 0.87960
1153 0.87925
1154 0.87890
1155 0.87854
1156 0.87819
1157 0.87783
1158 0.87747
1159 0.87712
1160 0.87676
1161 0.87640
1162 0.87604
1163 0.87568
1164 0.87532
1165 0.87496
1166 0.87460
1167 0.87423
1168 0.87387
1169 0.87351
1170 0.87314
1171 0.87278
1172 0.87241
1173 0.87204
1174 0.87168
1175 0.87131
1176 0.87094
1177 0.87057
1178 0.87020
1179 0.86983
1180 0.86946
1181 0.86909
1182 0.86871
1183 0.86834
1184 0.86797
1185 0.86759
1186 0.86722
1187 0.86684
1188 0.86646
1189 0.86609
1190 0.86571
1191 0.86533
1192 0.86495
1193 0.86457
1194 0.86419
1195 0.86381
1196 0.86343
1197 0.86305
1198 0.86266
1199 0.86228
1200 0.86189
1201 0.86151
1202 0.86112
1203 0.86074
1204 0.86035
1205 0.85996
1206 0.85957
1207 0.85918
1208 0.85879
1209 0.85840
1210 0.85801
1211 0.85762
1212 0.85723
1213 0.85684
1214 0.85644
1215 0.85605
1216 1.00000
