17 0.97827
18 0.97637
19 0.97442
20 0.97242
21 0.97038
22 0.96830
23 0.96618
24 0.96402
25 0.96182
26 0.95959
27 0.95732
28 0.95502
29 0.95269
30 0.95032
31 0.94793
32 0.94551
33 0.94306
34 0.94058
35 0.93808
36 0.93555
37 0.93299
38 0.93042
39 0.92782
40 0.92520
41 0.92256
42 0.91990
43 0.91722
44 0.91452
45 0.91180
46 0.90906
47 0.90631
48 0.90354
49 0.90076
50 0.89796
51 0.89515
52 0.89233
53 0.88949
54 0.88664
55 0.88377
56 0.88090
57 0.87801
58 0.87512
59 0.87221
60 0.86929
61 0.86637
62 0.86344
63 0.86050
64 0.85755
65 0.85459
66 0.85163
67 0.84866
68 0.84568
69 0.84270
70 0.83972
71 0.83673
72 0.83373
73 0.83073
74 0.82773
75 0.82473
76 0.82172
77 0.81871
78 0.81569
79 0.81268
80 0.80966
81 0.80664
82 0.80362
83 0.80060
84 0.79758
85 0.79456
86 0.79153
87 0.78851
88 0.78549
89 0.78247
90 0.77945
91 0.77644
92 0.77342
93 0.77041
94 0.76740
95 0.76439
96 0.76138
97 0.75838
98 0.75538
99 0.75238
100 0.74938
101 0.74639
102 0.74341
103 0.74042
104 0.73745
105 0.73447
106 0.73150
107 0.72854
108 0.72558
109 0.72262
110 0.71967
111 0.71673
112 0.71379
113 0.71086
114 0.70793
115 0.70501
116 0.70209
117 0.69919
118 0.69628
119 0.69339
120 0.69050
121 0.68762
122 0.68474
123 0.68188
124 0.67902
125 0.67616
126 0.67332
127 0.67048
128 0.66765
129 0.66483
130 0.66201
131 0.65920
132 0.65640
133 0.65361
134 0.65083
135 0.64806
136 0.64529
137 0.64254
138 0.63979
139 0.63705
140 0.63432
141 0.63159
142 0.62888
143 0.62618
144 0.62348
145 0.62080
146 0.61812
147 0.61545
148 0.61279
149 0.61014
150 0.60750
151 0.60487
152 0.60225
153 0.59964
154 0.59704
155 0.59445
156 0.59187
157 0.58930
158 0.58673
159 0.58418
160 0.58164
161 0.57910
162 0.57658
163 0.57407
164 0.57157
165 0.56907
166 0.56659
167 0.56412
168 0.56166
169 0.55920
170 0.55676
171 0.55433
172 0.55191
173 0.54950
174 0.54709
175 0.54470
176 0.54232
177 0.53995
178 0.53759
179 0.53524
180 0.53290
181 0.53057
182 0.52825
183 0.52595
184 0.52365
185 0.52136
186 0.51908
187 0.51682
188 0.51456
189 0.51231
190 0.51008
191 0.50785
192 0.50564
193 0.50343
194 0.50124
195 0.49906
196 0.49688
197 0.49472
198 0.49257
199 0.49042
200 0.48829
201 0.48617
202 0.48406
203 0.48196
204 0.47987
205 0.47779
206 0.47572
207 0.47366
208 0.47161
209 0.46957
210 0.46754
211 0.46552
212 0.46351
213 0.46151
214 0.45953
215 0.45755
216 0.45558
217 0.45362
218 0.45167
219 0.44974
220 0.44781
221 0.44589
222 0.44398
223 0.44209
224 0.44020
225 0.43832
226 0.43645
227 0.43460
228 0.43275
229 0.43091
230 0.42908
231 0.42726
232 0.42545
233 0.42365
234 0.42187
235 0.42009
236 0.41832
237 0.41656
238 0.41481
239 0.41306
240 0.41133
241 0.40961
242 0.40790
243 0.40620
244 0.40450
245 0.40282
246 0.40114
247 0.39948
248 0.39782
249 0.39618
250 0.39454
251 0.39291
252 0.39129
253 0.38968
254 0.38808
255 0.38649
256 0.38491
257 0.38333
258 0.38177
259 0.38022
260 0.37867
261 0.37713
262 0.37560
263 0.37408
264 0.37257
265 0.37107
266 0.36958
267 0.36809
268 0.36662
269 0.36515
270 0.36369
271 0.36224
272 0.36080
273 0.35937
274 0.35795
275 0.35653
276 0.35512
277 0.35372
278 0.35233
279 0.35095
280 0.34958
281 0.34821
282 0.34686
283 0.34551
284 0.34417
285 0.34283
286 0.34151
287 0.34019
288 0.33888
289 0.33758
290 0.33629
291 0.33501
292 0.33373
293 0.33246
294 0.33120
295 0.32995
296 0.32870
297 0.32747
298 0.32624
299 0.32501
300 0.32380
301 0.32259
302 0.32139
303 0.32020
304 0.31902
305 0.31784
306 0.31667
307 0.31551
308 0.31436
309 0.31321
310 0.31207
311 0.31094
312 0.30981
313 0.30870
314 0.30759
315 0.30648
316 0.30539
317 0.30430
318 0.30321
319 0.30214
320 0.30107
321 0.30001
322 0.29896
323 0.29791
324 0.29687
325 0.29584
326 0.29481
327 0.29379
328 0.29278
329 0.29177
330 0.29077
331 0.28978
332 0.28879
333 0.28781
334 0.28684
335 0.28587
336 0.28491
337 0.28396
338 0.28301
339 0.28207
340 0.28114
341 0.28021
342 0.27929
343 0.27837
344 0.27747
345 0.27656
346 0.27567
347 0.27478
348 0.27389
349 0.27302
350 0.27214
351 0.27128
352 0.27042
353 0.26957
354 0.26872
355 0.26788
356 0.26704
357 0.26621
358 0.26539
359 0.26457
360 0.26376
361 0.26295
362 0.26215
363 0.26136
364 0.26057
365 0.25979
366 0.25901
367 0.25824
368 0.25747
369 0.25671
370 0.25596
371 0.25521
372 0.25447
373 0.25373
374 0.25300
375 0.25227
376 0.25155
377 0.25083
378 0.25012
379 0.24942
380 0.24872
381 0.24802
382 0.24733
383 0.24665
384 0.24597
385 0.24530
386 0.24463
387 0.24397
388 0.24331
389 0.24266
390 0.24201
391 0.24137
392 0.24073
393 0.24010
394 0.23947
395 0.23885
396 0.23823
397 0.23762
398 0.23701
399 0.23641
400 0.23581
401 0.23522
402 0.23463
403 0.23405
404 0.23347
405 0.23290
406 0.23233
407 0.23177
408 0.23121
409 0.23065
410 0.23011
411 0.22956
412 0.22902
413 0.22849
414 0.22796
415 0.22743
416 0.22691
417 0.22639
418 0.22588
419 0.22538
420 0.22487
421 0.22437
422 0.22388
423 0.22339
424 0.22291
425 0.22243
426 0.22195
427 0.22148
428 0.22101
429 0.22055
430 0.22009
431 0.21964
432 0.21919
433 0.21875
434 0.21831
435 0.21787
436 0.21744
437 0.21701
438 0.21659
439 0.21617
440 0.21575
441 0.21534
442 0.21494
443 0.21454
444 0.21414
445 0.21374
446 0.21335
447 0.21297
448 0.21259
449 0.21221
450 0.21184
451 0.21147
452 0.21111
453 0.21074
454 0.21039
455 0.21004
456 0.20969
457 0.20934
458 0.20900
459 0.20867
460 0.20833
461 0.20801
462 0.20768
463 0.20736
464 0.20705
465 0.20673
466 0.20643
467 0.20612
468 0.20582
469 0.20552
470 0.20523
471 0.20494
472 0.20466
473 0.20438
474 0.20410
475 0.20383
476 0.20356
477 0.20329
478 0.20303
479 0.20277
480 0.20252
481 0.20227
482 0.20202
483 0.20178
484 0.20154
485 0.20131
486 0.20108
487 0.20085
488 0.20063
489 0.20041
490 0.20019
491 0.19998
492 0.19977
493 0.19957
494 0.19937
495 0.19917
496 0.19898
497 0.19879
498 0.19860
499 0.19842
500 0.19824
501 0.19807
502 0.19790
503 0.19773
504 0.19757
505 0.19741
506 0.19725
507 0.19710
508 0.19695
509 0.19681
510 0.19666
511 0.19653
512 0.19639
513 0.19626
514 0.19614
515 0.19601
516 0.19590
517 0.19578
518 0.19567
519 0.19556
520 0.19546
521 0.19536
522 0.19526
523 0.19517
524 0.19508
525 0.19499
526 0.19491
527 0.19483
528 0.19476
529 0.19469
530 0.19462
531 0.19456
532 0.19450
533 0.19444
534 0.19439
535 0.19434
536 0.19430
537 0.19425
538 0.19422
539 0.19418
540 0.19415
541 0.19413
542 0.19411
543 0.19409
544 0.19407
545 0.19406
546 0.19405
547 0.19405
548 0.19405
549 0.19405
550 0.19406
551 0.19407
552 0.19409
553 0.19411
554 0.19413
555 0.19416
556 0.19419
557 0.19422
558 0.19426
559 0.19430
560 0.19435
561 0.19440
562 0.19445
563 0.19451
564 0.19457
565 0.19463
566 0.19470
567 0.19478
568 0.19485
569 0.19493
570 0.19502
571 0.19511
572 0.19520
573 0.19530
574 0.19540
575 0.19550
576 0.19561
577 0.19572
578 0.19584
579 0.19596
580 0.19608
581 0.19621
582 0.19635
583 0.19648
584 0.19662
585 0.19677
586 0.19692
587 0.19707
588 0.19723
589 0.19739
590 0.19756
591 0.19773
592 0.19790
593 0.19808
594 0.19826
595 0.19845
596 0.19864
597 0.19884
598 0.19904
599 0.19924
600 0.19945
601 0.19966
602 0.19988
603 0.20010
604 0.20033
605 0.20056
606 0.20080
607 0.20103
608 0.20128
609 0.20153
610 0.20178
611 0.20204
612 0.20230
613 0.20257
614 0.20284
615 0.20312
616 0.20340
617 0.20368
618 0.20398
619 0.20427
620 0.20457
621 0.20488
622 0.20519
623 0.20550
624 0.20582
625 0.20615
626 0.20647
627 0.20681
628 0.20715
629 0.20749
630 0.20784
631 0.20820
632 0.20856
633 0.20892
634 0.20929
635 0.20967
636 0.21005
637 0.21043
638 0.21082
639 0.21122
640 0.21162
641 0.21203
642 0.21244
643 0.21286
644 0.21328
645 0.21371
646 0.21415
647 0.21459
648 0.21503
649 0.21548
650 0.21594
651 0.21640
652 0.21687
653 0.21735
654 0.21783
655 0.21831
656 0.21881
657 0.21930
658 0.21981
659 0.22032
660 0.22084
661 0.22136
662 0.22189
663 0.22242
664 0.22296
665 0.22351
666 0.22406
667 0.22462
668 0.22519
669 0.22576
670 0.22633
671 0.22692
672 0.22751
673 0.22810
674 0.22870
675 0.22931
676 0.22992
677 0.23054
678 0.23117
679 0.23180
680 0.23244
681 0.23309
682 0.23374
683 0.23440
684 0.23507
685 0.23575
686 0.23643
687 0.23711
688 0.23781
689 0.23851
690 0.23922
691 0.23994
692 0.24067
693 0.24140
694 0.24214
695 0.24288
696 0.24364
697 0.24440
698 0.24517
699 0.24594
700 0.24673
701 0.24752
702 0.24833
703 0.24914
704 0.24996
705 0.25078
706 0.25162
707 0.25246
708 0.25332
709 0.25418
710 0.25504
711 0.25592
712 0.25680
713 0.25769
714 0.25860
715 0.25951
716 0.26043
717 0.26135
718 0.26229
719 0.26324
720 0.26420
721 0.26517
722 0.26614
723 0.26713
724 0.26813
725 0.26913
726 0.27015
727 0.27118
728 0.27221
729 0.27326
730 0.27432
731 0.27539
732 0.27647
733 0.27755
734 0.27866
735 0.27977
736 0.28089
737 0.28202
738 0.28317
739 0.28433
740 0.28549
741 0.28667
742 0.28786
743 0.28907
744 0.29028
745 0.29151
746 0.29275
747 0.29400
748 0.29526
749 0.29652
750 0.29780
751 0.29909
752 0.30039
753 0.30171
754 0.30303
755 0.30438
756 0.30573
757 0.30710
758 0.30848
759 0.30987
760 0.31128
761 0.31270
762 0.31414
763 0.31559
764 0.31705
765 0.31853
766 0.32002
767 0.32153
768 0.32305
769 0.32459
770 0.32615
771 0.32771
772 0.32930
773 0.33090
774 0.33251
775 0.33414
776 0.33579
777 0.33745
778 0.33914
779 0.34083
780 0.34255
781 0.34428
782 0.34602
783 0.34779
784 0.34957
785 0.35137
786 0.35319
787 0.35503
788 0.35688
789 0.35875
790 0.36064
791 0.36256
792 0.36448
793 0.36643
794 0.36840
795 0.37039
796 0.37240
797 0.37443
798 0.37647
799 0.37854
800 0.38063
801 0.38274
802 0.38487
803 0.38703
804 0.38920
805 0.39140
806 0.39362
807 0.39586
808 0.39812
809 0.40041
810 0.40272
811 0.40505
812 0.40741
813 0.40979
814 0.41220
815 0.41463
816 0.41708
817 0.41956
818 0.42207
819 0.42460
820 0.42715
821 0.42974
822 0.43234
823 0.43498
824 0.43764
825 0.44033
826 0.44305
827 0.44580
828 0.44857
829 0.45138
830 0.45421
831 0.45707
832 0.45996
833 0.46288
834 0.46583
835 0.46882
836 0.47183
837 0.47488
838 0.47795
839 0.48106
840 0.48420
841 0.48738
842 0.49059
843 0.49383
844 0.49710
845 0.50041
846 0.50376
847 0.50714
848 0.51056
849 0.51401
850 0.51750
851 0.52102
852 0.52459
853 0.52819
854 0.53183
855 0.53551
856 0.53923
857 0.54299
858 0.54679
859 0.55063
860 0.55451
861 0.55843
862 0.56240
863 0.56641
864 0.57046
865 0.57456
866 0.57870
867 0.58288
868 0.58711
869 0.59139
870 0.59571
871 0.60008
872 0.60450
873 0.60897
874 0.61349
875 0.61806
876 0.62267
877 0.62734
878 0.63206
879 0.63683
880 0.64166
881 0.64654
882 0.65147
883 0.65646
884 0.66149
885 0.66658
886 0.67171
887 0.67685
888 0.68202
889 0.68724
890 0.69252
891 0.69786
892 0.70325
893 0.70871
894 0.71423
895 0.71981
896 0.72545
897 0.73115
898 0.73692
899 0.74275
900 0.74865
901 0.75461
902 0.76064
903 0.76674
904 0.77291
905 0.77915
906 0.78546
907 0.79184
908 0.79829
909 0.80481
910 0.81141
911 0.81809
912 0.82337
913 0.83621
914 0.84478
915 0.85073
916 0.85407
917 0.85572
918 0.85758
919 0.85971
920 0.86218
921 0.86510
922 0.86462
923 0.86413
924 0.86767
925 0.86720
926 0.86673
927 0.87114
928 0.87068
929 0.87022
930 0.86976
931 0.87548
932 0.87504
933 0.87459
934 0.87415
935 0.87370
936 0.87325
937 0.87280
938 0.88063
939 0.88021
940 0.87978
941 0.87935
942 0.87893
943 0.87850
944 0.87807
945 0.87763
946 0.87720
947 0.87677
948 0.87633
949 0.87590
950 0.88746
951 0.88707
952 0.88667
953 0.88627
954 0.88587
955 0.88546
956 0.88506
957 0.88466
958 0.88425
959 0.88385
960 0.88344
961 0.88303
962 0.88262
963 0.88221
964 0.88180
965 0.88139
966 0.88098
967 0.88057
968 0.88016
969 0.87974
970 0.87932
971 0.87891
972 0.87849
973 0.89775
974 0.89739
975 0.89703
976 0.89668
977 0.89632
978 0.89596
979 0.89560
980 0.89524
981 0.89488
982 0.89452
983 0.89415
984 0.89379
985 0.89342
986 0.89306
987 0.89269
988 0.89233
989 0.89196
990 0.89159
991 0.89122
992 0.89085
993 0.89048
994 0.89010
995 0.88973
996 0.88936
997 0.88898
998 0.88860
999 0.88823
1000 0.88785
1001 0.88747
1002 0.88709
1003 0.88671
1004 0.88633
1005 0.88595
1006 0.88556
1007 0.88518
1008 0.88479
1009 0.88441
1010 0.88402
1011 0.88364
1012 0.88325
1013 0.88286
1014 0.88247
1015 0.88208
1016 0.88169
1017 0.88130
1018 0.88090
1019 0.88051
1020 0.88011
1021 0.87972
1022 0.87932
1023 0.87893
1024 0.87853
1025 0.87813
1026 0.91796
1027 0.91769
1028 0.91741
1029 0.91713
1030 0.91686
1031 0.91658
1032 0.91630
1033 0.91602
1034 0.91575
1035 0.91547
1036 0.91519
1037 0.91490
1038 0.91462
1039 0.91434
1040 0.91406
1041 0.91377
1042 0.91349
1043 0.91321
1044 0.91292
1045 0.91263
1046 0.91235
1047 0.91206
1048 0.91177
1049 0.91148
1050 0.91120
1051 0.91091
1052 0.91062
1053 0.91033
1054 0.91003
1055 0.90974
1056 0.90945
1057 0.90916
1058 0.90886
1059 0.90857
1060 0.90827
1061 0.90798
1062 0.90768
1063 0.90738
1064 0.90708
1065 0.90679
1066 0.90649
1067 0.90619
1068 0.90589
1069 0.90559
1070 0.90528
1071 0.90498
1072 0.90468
1073 0.90438
1074 0.90407
1075 0.90377
1076 0.90346
1077 0.90316
1078 0.90285
1079 0.90254
1080 0.90223
1081 0.90193
1082 0.90162
1083 0.90131
1084 0.90100
1085 0.90069
1086 0.90037
1087 0.90006
1088 0.89975
1089 0.89943
1090 0.89912
1091 0.89881
1092 0.89849
1093 0.89817
1094 0.89786
1095 0.89754
1096 0.89722
1097 0.89690
1098 0.89658
1099 0.89626
1100 0.89594
1101 0.89562
1102 0.89530
1103 0.89498
1104 0.89465
1105 0.89433
1106 0.89401
1107 0.89368
1108 0.89335
1109 0.89303
1110 0.89270
1111 0.89237
1112 0.89204
1113 0.89172
1114 0.89139
1115 0.89106
1116 0.89072
1117 0.89039
1118 0.89006
1119 0.88973
1120 0.88939
1121 0.88906
1122 0.88873
1123 0.88839
1124 0.88805
1125 0.88772
1126 0.88738
1127 0.88704
1128 0.88670
1129 0.88636
1130 0.88602
1131 0.88568
1132 0.88534
1133 0.88500
1134 0.88466
1135 0.88431
1136 0.88397
1137 0.88362
1138 0.88328
1139 0.88293
1140 0.88259
1141 0.88224
1142 0.88189
1143 0.88154
1144 0.88119
1145 0.88084
1146 0.88049
1147 0.88014
1148 0.87979
1149 0.87944
1150 0.87909
1151 0.87873
1152 0.87838
1153 0.87802
1154 0.87767
1155 0.87731
1156 0.87695
1157 0.87660
1158 0.87624
1159 0.87588
1160 0.87552
1161 0.87516
1162 0.87480
1163 0.87444
1164 0.87407
1165 0.87371
1166 0.87335
1167 0.87298
1168 0.87262
1169 0.87225
1170 0.87189
1171 0.87152
1172 0.87115
1173 0.87078
1174 0.87041
1175 0.87004
1176 0.86967
1177 0.86930
1178 0.86893
1179 0.86856
1180 0.86818
1181 0.86781
1182 0.86743
1183 0.86706
1184 0.86668
1185 0.86630
1186 0.86592
1187 0.86555
1188 0.86517
1189 0.86479
1190 0.86441
1191 0.86403
1192 0.86364
1193 0.86326
1194 0.86288
1195 0.86249
1196 0.86211
1197 0.86172
1198 0.86134
1199 0.86095
1200 0.86056
1201 0.86018
1202 0.85979
1203 0.85940
1204 0.85901
1205 0.85862
1206 0.85823
1207 0.85784
1208 0.85744
1209 0.85705
1210 0.85666
1211 0.85626
1212 0.85587
1213 0.85547
1214 0.85507
1215 0.85468
1216 1.00000
