17 0.95482
18 0.95092
19 0.94692
20 0.94284
21 0.93869
22 0.93445
23 0.93015
24 0.92578
25 0.92134
26 0.91685
27 0.91229
28 0.90768
29 0.90302
30 0.89831
31 0.89356
32 0.88876
33 0.88392
34 0.87903
35 0.87412
36 0.86917
37 0.86418
38 0.85917
39 0.85412
40 0.84905
41 0.84396
42 0.83885
43 0.83371
44 0.82855
45 0.82338
46 0.81819
47 0.81299
48 0.80777
49 0.80254
50 0.79730
51 0.79206
52 0.78681
53 0.78155
54 0.77628
55 0.77102
56 0.76575
57 0.76048
58 0.75521
59 0.74994
60 0.74467
61 0.73941
62 0.73415
63 0.72890
64 0.72366
65 0.71842
66 0.71319
67 0.70796
68 0.70275
69 0.69755
70 0.69236
71 0.68718
72 0.68201
73 0.67686
74 0.67173
75 0.66660
76 0.66150
77 0.65640
78 0.65133
79 0.64627
80 0.64123
81 0.63621
82 0.63121
83 0.62623
84 0.62127
85 0.61633
86 0.61141
87 0.60651
88 0.60163
89 0.59677
90 0.59194
91 0.58713
92 0.58234
93 0.57758
94 0.57284
95 0.56812
96 0.56343
97 0.55877
98 0.55413
99 0.54951
100 0.54492
101 0.54035
102 0.53582
103 0.53130
104 0.52682
105 0.52236
106 0.51793
107 0.51352
108 0.50914
109 0.50479
110 0.50047
111 0.49617
112 0.49190
113 0.48766
114 0.48344
115 0.47926
116 0.47510
117 0.47097
118 0.46687
119 0.46280
120 0.45875
121 0.45473
122 0.45074
123 0.44678
124 0.44285
125 0.43895
126 0.43507
127 0.43122
128 0.42740
129 0.42361
130 0.41985
131 0.41612
132 0.41241
133 0.40873
134 0.40508
135 0.40146
136 0.39787
137 0.39430
138 0.39076
139 0.38725
140 0.38377
141 0.38032
142 0.37689
143 0.37349
144 0.37012
145 0.36677
146 0.36346
147 0.36017
148 0.35690
149 0.35367
150 0.35046
151 0.34728
152 0.34412
153 0.34099
154 0.33789
155 0.33482
156 0.33177
157 0.32874
158 0.32575
159 0.32277
160 0.31983
161 0.31691
162 0.31401
163 0.31114
164 0.30830
165 0.30548
166 0.30269
167 0.29992
168 0.29717
169 0.29445
170 0.29176
171 0.28908
172 0.28644
173 0.28381
174 0.28121
175 0.27864
176 0.27608
177 0.27356
178 0.27105
179 0.26857
180 0.26611
181 0.26367
182 0.26125
183 0.25886
184 0.25649
185 0.25414
186 0.25181
187 0.24951
188 0.24723
189 0.24497
190 0.24273
191 0.24051
192 0.23831
193 0.23613
194 0.23398
195 0.23184
196 0.22972
197 0.22763
198 0.22555
199 0.22350
200 0.22146
201 0.21945
202 0.21745
203 0.21547
204 0.21351
205 0.21158
206 0.20966
207 0.20775
208 0.20587
209 0.20401
210 0.20216
211 0.20033
212 0.19852
213 0.19673
214 0.19495
215 0.19319
216 0.19145
217 0.18973
218 0.18803
219 0.18634
220 0.18466
221 0.18301
222 0.18137
223 0.17974
224 0.17814
225 0.17655
226 0.17497
227 0.17341
228 0.17187
229 0.17034
230 0.16883
231 0.16733
232 0.16585
233 0.16438
234 0.16292
235 0.16149
236 0.16006
237 0.15865
238 0.15726
239 0.15587
240 0.15451
241 0.15315
242 0.15181
243 0.15049
244 0.14917
245 0.14787
246 0.14659
247 0.14531
248 0.14405
249 0.14280
250 0.14157
251 0.14035
252 0.13914
253 0.13794
254 0.13675
255 0.13558
256 0.13442
257 0.13327
258 0.13213
259 0.13101
260 0.12989
261 0.12879
262 0.12770
263 0.12662
264 0.12555
265 0.12449
266 0.12344
267 0.12240
268 0.12138
269 0.12036
270 0.11936
271 0.11836
272 0.11738
273 0.11640
274 0.11544
275 0.11448
276 0.11354
277 0.11260
278 0.11168
279 0.11076
280 0.10986
281 0.10896
282 0.10807
283 0.10719
284 0.10632
285 0.10546
286 0.10461
287 0.10377
288 0.10293
289 0.10211
290 0.10129
291 0.10048
292 0.09968
293 0.09889
294 0.09811
295 0.09733
296 0.09656
297 0.09580
298 0.09505
299 0.09431
300 0.09357
301 0.09284
302 0.09212
303 0.09141
304 0.09070
305 0.09001
306 0.08931
307 0.08863
308 0.08795
309 0.08728
310 0.08662
311 0.08596
312 0.08531
313 0.08467
314 0.08404
315 0.08341
316 0.08278
317 0.08217
318 0.08156
319 0.08095
320 0.08036
321 0.07977
322 0.07918
323 0.07860
324 0.07803
325 0.07746
326 0.07690
327 0.07635
328 0.07580
329 0.07525
330 0.07472
331 0.07418
332 0.07366
333 0.07314
334 0.07262
335 0.07211
336 0.07161
337 0.07111
338 0.07061
339 0.07012
340 0.06964
341 0.06916
342 0.06868
343 0.06822
344 0.06775
345 0.06729
346 0.06684
347 0.06639
348 0.06594
349 0.06550
350 0.06507
351 0.06464
352 0.06421
353 0.06379
354 0.06337
355 0.06296
356 0.06255
357 0.06214
358 0.06174
359 0.06135
360 0.06095
361 0.06057
362 0.06018
363 0.05980
364 0.05943
365 0.05906
366 0.05869
367 0.05832
368 0.05796
369 0.05761
370 0.05726
371 0.05691
372 0.05656
373 0.05622
374 0.05588
375 0.05555
376 0.05522
377 0.05489
378 0.05457
379 0.05425
380 0.05393
381 0.05362
382 0.05331
383 0.05300
384 0.05270
385 0.05240
386 0.05211
387 0.05181
388 0.05152
389 0.05123
390 0.05095
391 0.05067
392 0.05039
393 0.05012
394 0.04985
395 0.04958
396 0.04931
397 0.04905
398 0.04879
399 0.04853
400 0.04828
401 0.04803
402 0.04778
403 0.04753
404 0.04729
405 0.04705
406 0.04681
407 0.04657
408 0.04634
409 0.04611
410 0.04588
411 0.04566
412 0.04544
413 0.04522
414 0.04500
415 0.04479
416 0.04457
417 0.04436
418 0.04416
419 0.04395
420 0.04375
421 0.04355
422 0.04335
423 0.04315
424 0.04296
425 0.04277
426 0.04258
427 0.04239
428 0.04221
429 0.04203
430 0.04185
431 0.04167
432 0.04149
433 0.04132
434 0.04115
435 0.04098
436 0.04081
437 0.04064
438 0.04048
439 0.04032
440 0.04016
441 0.04000
442 0.03985
443 0.03969
444 0.03954
445 0.03939
446 0.03925
447 0.03910
448 0.03896
449 0.03881
450 0.03867
451 0.03854
452 0.03840
453 0.03826
454 0.03813
455 0.03800
456 0.03787
457 0.03774
458 0.03762
459 0.03749
460 0.03737
461 0.03725
462 0.03713
463 0.03702
464 0.03690
465 0.03679
466 0.03667
467 0.03656
468 0.03646
469 0.03635
470 0.03624
471 0.03614
472 0.03604
473 0.03594
474 0.03584
475 0.03574
476 0.03564
477 0.03555
478 0.03546
479 0.03536
480 0.03528
481 0.03519
482 0.03510
483 0.03501
484 0.03493
485 0.03485
486 0.03477
487 0.03469
488 0.03461
489 0.03453
490 0.03446
491 0.03439
492 0.03431
493 0.03424
494 0.03418
495 0.03411
496 0.03404
497 0.03398
498 0.03391
499 0.03385
500 0.03379
501 0.03373
502 0.03367
503 0.03362
504 0.03356
505 0.03351
506 0.03346
507 0.03341
508 0.03336
509 0.03331
510 0.03326
511 0.03322
512 0.03317
513 0.03313
514 0.03309
515 0.03305
516 0.03301
517 0.03297
518 0.03293
519 0.03290
520 0.03287
521 0.03283
522 0.03280
523 0.03277
524 0.03274
525 0.03271
526 0.03269
527 0.03266
528 0.03264
529 0.03261
530 0.03259
531 0.03257
532 0.03255
533 0.03253
534 0.03252
535 0.03250
536 0.03249
537 0.03248
538 0.03246
539 0.03245
540 0.03244
541 0.03244
542 0.03243
543 0.03242
544 0.03242
545 0.03242
546 0.03241
547 0.03241
548 0.03242
549 0.03242
550 0.03242
551 0.03243
552 0.03243
553 0.03244
554 0.03245
555 0.03246
556 0.03247
557 0.03248
558 0.03249
559 0.03251
560 0.03252
561 0.03254
562 0.03256
563 0.03258
564 0.03260
565 0.03262
566 0.03265
567 0.03267
568 0.03270
569 0.03273
570 0.03276
571 0.03279
572 0.03282
573 0.03286
574 0.03289
575 0.03293
576 0.03297
577 0.03301
578 0.03305
579 0.03309
580 0.03313
581 0.03318
582 0.03322
583 0.03327
584 0.03332
585 0.03337
586 0.03342
587 0.03347
588 0.03353
589 0.03358
590 0.03364
591 0.03370
592 0.03376
593 0.03382
594 0.03388
595 0.03395
596 0.03401
597 0.03408
598 0.03415
599 0.03422
600 0.03430
601 0.03437
602 0.03445
603 0.03452
604 0.03460
605 0.03468
606 0.03477
607 0.03485
608 0.03494
609 0.03503
610 0.03512
611 0.03521
612 0.03530
613 0.03539
614 0.03549
615 0.03559
616 0.03569
617 0.03579
618 0.03590
619 0.03600
620 0.03611
621 0.03622
622 0.03633
623 0.03645
624 0.03656
625 0.03668
626 0.03680
627 0.03692
628 0.03704
629 0.03717
630 0.03730
631 0.03743
632 0.03756
633 0.03769
634 0.03783
635 0.03797
636 0.03811
637 0.03825
638 0.03840
639 0.03855
640 0.03870
641 0.03885
642 0.03900
643 0.03916
644 0.03932
645 0.03948
646 0.03964
647 0.03981
648 0.03998
649 0.04015
650 0.04033
651 0.04050
652 0.04068
653 0.04087
654 0.04105
655 0.04124
656 0.04143
657 0.04162
658 0.04182
659 0.04202
660 0.04222
661 0.04242
662 0.04263
663 0.04284
664 0.04305
665 0.04327
666 0.04349
667 0.04371
668 0.04394
669 0.04417
670 0.04440
671 0.04463
672 0.04487
673 0.04512
674 0.04536
675 0.04561
676 0.04586
677 0.04612
678 0.04638
679 0.04664
680 0.04691
681 0.04718
682 0.04745
683 0.04773
684 0.04802
685 0.04830
686 0.04859
687 0.04888
688 0.04917
689 0.04946
690 0.04976
691 0.05006
692 0.05036
693 0.05067
694 0.05098
695 0.05130
696 0.05162
697 0.05195
698 0.05228
699 0.05261
700 0.05295
701 0.05330
702 0.05365
703 0.05400
704 0.05436
705 0.05472
706 0.05509
707 0.05546
708 0.05584
709 0.05622
710 0.05661
711 0.05701
712 0.05741
713 0.05781
714 0.05822
715 0.05864
716 0.05906
717 0.05949
718 0.05992
719 0.06036
720 0.06081
721 0.06126
722 0.06172
723 0.06218
724 0.06265
725 0.06313
726 0.06361
727 0.06411
728 0.06460
729 0.06511
730 0.06562
731 0.06614
732 0.06667
733 0.06720
734 0.06774
735 0.06829
736 0.06884
737 0.06941
738 0.06998
739 0.07056
740 0.07115
741 0.07175
742 0.07235
743 0.07297
744 0.07359
745 0.07422
746 0.07486
747 0.07551
748 0.07617
749 0.07684
750 0.07752
751 0.07821
752 0.07890
753 0.07961
754 0.08033
755 0.08106
756 0.08180
757 0.08255
758 0.08331
759 0.08408
760 0.08487
761 0.08566
762 0.08647
763 0.08729
764 0.08812
765 0.08896
766 0.08981
767 0.09068
768 0.09156
769 0.09246
770 0.09336
771 0.09428
772 0.09522
773 0.09617
774 0.09713
775 0.09811
776 0.09910
777 0.10010
778 0.10113
779 0.10216
780 0.10322
781 0.10428
782 0.10537
783 0.10647
784 0.10759
785 0.10873
786 0.10988
787 0.11105
788 0.11224
789 0.11345
790 0.11468
791 0.11592
792 0.11719
793 0.11847
794 0.11978
795 0.12110
796 0.12245
797 0.12381
798 0.12520
799 0.12661
800 0.12805
801 0.12950
802 0.13098
803 0.13248
804 0.13401
805 0.13556
806 0.13714
807 0.13874
808 0.14036
809 0.14202
810 0.14370
811 0.14540
812 0.14714
813 0.14890
814 0.15069
815 0.15252
816 0.15437
817 0.15625
818 0.15816
819 0.16011
820 0.16208
821 0.16409
822 0.16613
823 0.16821
824 0.17032
825 0.17247
826 0.17465
827 0.17687
828 0.17913
829 0.18142
830 0.18376
831 0.18613
832 0.18855
833 0.19100
834 0.19350
835 0.19604
836 0.19862
837 0.20125
838 0.20392
839 0.20664
840 0.20941
841 0.21223
842 0.21509
843 0.21800
844 0.22097
845 0.22399
846 0.22706
847 0.23018
848 0.23336
849 0.23660
850 0.23989
851 0.24324
852 0.24665
853 0.25012
854 0.25366
855 0.25726
856 0.26092
857 0.26465
858 0.26845
859 0.27231
860 0.27625
861 0.28025
862 0.28433
863 0.28849
864 0.29272
865 0.29703
866 0.30142
867 0.30589
868 0.31044
869 0.31508
870 0.31980
871 0.32461
872 0.32951
873 0.33450
874 0.33959
875 0.34477
876 0.35005
877 0.35543
878 0.36091
879 0.36650
880 0.37219
881 0.37799
882 0.38391
883 0.38993
884 0.39607
885 0.40233
886 0.40871
887 0.41522
888 0.42185
889 0.42861
890 0.43550
891 0.44252
892 0.44969
893 0.45699
894 0.46444
895 0.47204
896 0.47978
897 0.48768
898 0.49574
899 0.50395
900 0.51234
901 0.52088
902 0.52960
903 0.53850
904 0.54757
905 0.55683
906 0.56628
907 0.57591
908 0.58575
909 0.59578
910 0.60602
911 0.61647
912 0.62476
913 0.64636
914 0.66122
915 0.67180
916 0.67784
917 0.68083
918 0.68425
919 0.68820
920 0.69285
921 0.69841
922 0.69744
923 0.69646
924 0.70330
925 0.70234
926 0.70138
927 0.71003
928 0.70909
929 0.70815
930 0.70721
931 0.71857
932 0.71766
933 0.71674
934 0.71582
935 0.71491
936 0.71399
937 0.71306
938 0.72884
939 0.72796
940 0.72708
941 0.72619
942 0.72530
943 0.72442
944 0.72353
945 0.72264
946 0.72175
947 0.72085
948 0.71996
949 0.71906
950 0.74272
951 0.74188
952 0.74105
953 0.74021
954 0.73937
955 0.73853
956 0.73768
957 0.73684
958 0.73600
959 0.73515
960 0.73430
961 0.73345
962 0.73260
963 0.73175
964 0.73090
965 0.73005
966 0.72919
967 0.72833
968 0.72748
969 0.72662
970 0.72576
971 0.72489
972 0.72403
973 0.76406
974 0.76330
975 0.76254
976 0.76177
977 0.76101
978 0.76025
979 0.75948
980 0.75871
981 0.75794
982 0.75717
983 0.75640
984 0.75563
985 0.75485
986 0.75408
987 0.75330
988 0.75252
989 0.75174
990 0.75096
991 0.75018
992 0.74940
993 0.74862
994 0.74783
995 0.74704
996 0.74626
997 0.74547
998 0.74468
999 0.74389
1000 0.74309
1001 0.74230
1002 0.74150
1003 0.74071
1004 0.73991
1005 0.73911
1006 0.73831
1007 0.73751
1008 0.73671
1009 0.73590
1010 0.73510
1011 0.73429
1012 0.73349
1013 0.73268
1014 0.73187
1015 0.73106
1016 0.73025
1017 0.72943
1018 0.72862
1019 0.72781
1020 0.72699
1021 0.72617
1022 0.72535
1023 0.72453
1024 0.72371
1025 0.72289
1026 0.80746
1027 0.80686
1028 0.80625
1029 0.80564
1030 0.80503
1031 0.80442
1032 0.80381
1033 0.80320
1034 0.80258
1035 0.80197
1036 0.80135
1037 0.80074
1038 0.80012
1039 0.79950
1040 0.79888
1041 0.79826
1042 0.79763
1043 0.79701
1044 0.79639
1045 0.79576
1046 0.79513
1047 0.79451
1048 0.79388
1049 0.79325
1050 0.79262
1051 0.79199
1052 0.79135
1053 0.79072
1054 0.79008
1055 0.78945
1056 0.78881
1057 0.78817
1058 0.78753
1059 0.78689
1060 0.78625
1061 0.78561
1062 0.78496
1063 0.78432
1064 0.78367
1065 0.78303
1066 0.78238
1067 0.78173
1068 0.78108
1069 0.78043
1070 0.77978
1071 0.77912
1072 0.77847
1073 0.77782
1074 0.77716
1075 0.77650
1076 0.77584
1077 0.77518
1078 0.77452
1079 0.77386
1080 0.77320
1081 0.77254
1082 0.77187
1083 0.77121
1084 0.77054
1085 0.76987
1086 0.76921
1087 0.76854
1088 0.76787
1089 0.76719
1090 0.76652
1091 0.76585
1092 0.76517
1093 0.76450
1094 0.76382
1095 0.76314
1096 0.76247
1097 0.76179
1098 0.76110
1099 0.76042
1100 0.75974
1101 0.75906
1102 0.75837
1103 0.75769
1104 0.75700
1105 0.75631
1106 0.75562
1107 0.75493
1108 0.75424
1109 0.75355
1110 0.75286
1111 0.75217
1112 0.75147
1113 0.75078
1114 0.75008
1115 0.74938
1116 0.74868
1117 0.74798
1118 0.74728
1119 0.74658
1120 0.74588
1121 0.74518
1122 0.74447
1123 0.74377
1124 0.74306
1125 0.74235
1126 0.74165
1127 0.74094
1128 0.74023
1129 0.73952
1130 0.73880
1131 0.73809
1132 0.73738
1133 0.73666
1134 0.73595
1135 0.73523
1136 0.73451
1137 0.73379
1138 0.73307
1139 0.73235
1140 0.73163
1141 0.73091
1142 0.73019
1143 0.72946
1144 0.72874
1145 0.72801
1146 0.72729
1147 0.72656
1148 0.72583
1149 0.72510
1150 0.72437
1151 0.72364
1152 0.72290
1153 0.72217
1154 0.72144
1155 0.72070
1156 0.71997
1157 0.71923
1158 0.71849
1159 0.71775
1160 0.71701
1161 0.71627
1162 0.71553
1163 0.71479
1164 0.71404
1165 0.71330
1166 0.71255
1167 0.71181
1168 0.71106
1169 0.71031
1170 0.70957
1171 0.70882
1172 0.70807
1173 0.70731
1174 0.70656
1175 0.70581
1176 0.70506
1177 0.70430
1178 0.70355
1179 0.70279
1180 0.70203
1181 0.70127
1182 0.70052
1183 0.69976
1184 0.69900
1185 0.69823
1186 0.69747
1187 0.69671
1188 0.69594
1189 0.69518
1190 0.69441
1191 0.69365
1192 0.69288
1193 0.69211
1194 0.69134
1195 0.69057
1196 0.68980
1197 0.68903
1198 0.68826
1199 0.68749
1200 0.68671
1201 0.68594
1202 0.68516
1203 0.68439
1204 0.68361
1205 0.68283
1206 0.68205
1207 0.68127
1208 0.68049
1209 0.67971
1210 0.67893
1211 0.67815
1212 0.67736
1213 0.67658
1214 0.67580
1215 0.67501
1216 1.00000
