17 0.77220
18 0.75469
19 0.73713
20 0.71955
21 0.70199
22 0.68447
23 0.66702
24 0.64968
25 0.63246
26 0.61539
27 0.59849
28 0.58177
29 0.56526
30 0.54897
31 0.53291
32 0.51709
33 0.50153
34 0.48624
35 0.47122
36 0.45648
37 0.44203
38 0.42788
39 0.41402
40 0.40047
41 0.38721
42 0.37427
43 0.36163
44 0.34930
45 0.33727
46 0.32556
47 0.31415
48 0.30304
49 0.29223
50 0.28173
51 0.27152
52 0.26160
53 0.25197
54 0.24263
55 0.23356
56 0.22478
57 0.21626
58 0.20802
59 0.20003
60 0.19230
61 0.18483
62 0.17760
63 0.17061
64 0.16385
65 0.15733
66 0.15103
67 0.14495
68 0.13908
69 0.13342
70 0.12797
71 0.12271
72 0.11764
73 0.11276
74 0.10805
75 0.10353
76 0.09917
77 0.09498
78 0.09095
79 0.08707
80 0.08334
81 0.07976
82 0.07631
83 0.07301
84 0.06983
85 0.06678
86 0.06386
87 0.06105
88 0.05835
89 0.05577
90 0.05329
91 0.05092
92 0.04864
93 0.04646
94 0.04437
95 0.04236
96 0.04044
97 0.03861
98 0.03685
99 0.03517
100 0.03356
101 0.03201
102 0.03054
103 0.02913
104 0.02778
105 0.02649
106 0.02526
107 0.02408
108 0.02296
109 0.02188
110 0.02086
111 0.01988
112 0.01894
113 0.01804
114 0.01719
115 0.01637
116 0.01560
117 0.01485
118 0.01415
119 0.01347
120 0.01283
121 0.01221
122 0.01162
123 0.01106
124 0.01053
125 0.01002
126 0.00954
127 0.00908
128 0.00864
129 0.00822
130 0.00782
131 0.00744
132 0.00708
133 0.00673
134 0.00640
135 0.00609
136 0.00579
137 0.00551
138 0.00524
139 0.00498
140 0.00473
141 0.00450
142 0.00428
143 0.00407
144 0.00387
145 0.00368
146 0.00349
147 0.00332
148 0.00316
149 0.00300
150 0.00285
151 0.00271
152 0.00257
153 0.00245
154 0.00233
155 0.00221
156 0.00210
157 0.00199
158 0.00190
159 0.00180
160 0.00171
161 0.00163
162 0.00154
163 0.00147
164 0.00139
165 0.00132
166 0.00126
167 0.00120
168 0.00114
169 0.00108
170 0.00102
171 0.00097
172 0.00092
173 0.00088
174 0.00083
175 0.00079
176 0.00075
177 0.00072
178 0.00068
179 0.00065
180 0.00061
181 0.00058
182 0.00055
183 0.00053
184 0.00050
185 0.00047
186 0.00045
187 0.00043
188 0.00041
189 0.00039
190 0.00037
191 0.00035
192 0.00033
193 0.00031
194 0.00030
195 0.00028
196 0.00027
197 0.00026
198 0.00024
199 0.00023
200 0.00022
201 0.00021
202 0.00020
203 0.00019
204 0.00018
205 0.00017
206 0.00016
207 0.00015
208 0.00015
209 0.00014
210 0.00013
211 0.00013
212 0.00012
213 0.00011
214 0.00011
215 0.00010
216 0.00010
217 0.00009
218 0.00009
219 0.00008
220 0.00008
221 0.00008
222 0.00007
223 0.00007
224 0.00007
225 0.00006
226 0.00006
227 0.00006
228 0.00005
229 0.00005
230 0.00005
231 0.00005
232 0.00004
233 0.00004
234 0.00004
235 0.00004
236 0.00004
237 0.00003
238 0.00003
239 0.00003
240 0.00003
241 0.00003
242 0.00003
243 0.00003
244 0.00002
245 0.00002
246 0.00002
247 0.00002
248 0.00002
249 0.00002
250 0.00002
251 0.00002
252 0.00002
253 0.00002
254 0.00002
255 0.00001
256 0.00001
257 0.00001
258 0.00001
259 0.00001
260 0.00001
261 0.00001
262 0.00001
263 0.00001
264 0.00001
265 0.00001
266 0.00001
267 0.00001
268 0.00001
269 0.00001
270 0.00001
271 0.00001
272 0.00001
273 0.00001
274 0.00001
275 0.00001
276 0.00001
277 0.00001
278 0.00000
279 0.00000
280 0.00000
281 0.00000
282 0.00000
283 0.00000
284 0.00000
285 0.00000
286 0.00000
287 0.00000
288 0.00000
289 0.00000
290 0.00000
291 0.00000
292 0.00000
293 0.00000
294 0.00000
295 0.00000
296 0.00000
297 0.00000
298 0.00000
299 0.00000
300 0.00000
301 0.00000
302 0.00000
303 0.00000
304 0.00000
305 0.00000
306 0.00000
307 0.00000
308 0.00000
309 0.00000
310 0.00000
311 0.00000
312 0.00000
313 0.00000
314 0.00000
315 0.00000
316 0.00000
317 0.00000
318 0.00000
319 0.00000
320 0.00000
321 0.00000
322 0.00000
323 0.00000
324 0.00000
325 0.00000
326 0.00000
327 0.00000
328 0.00000
329 0.00000
330 0.00000
331 0.00000
332 0.00000
333 0.00000
334 0.00000
335 0.00000
336 0.00000
337 0.00000
338 0.00000
339 0.00000
340 0.00000
341 0.00000
342 0.00000
343 0.00000
344 0.00000
345 0.00000
346 0.00000
347 0.00000
348 0.00000
349 0.00000
350 0.00000
351 0.00000
352 0.00000
353 0.00000
354 0.00000
355 0.00000
356 0.00000
357 0.00000
358 0.00000
359 0.00000
360 0.00000
361 0.00000
362 0.00000
363 0.00000
364 0.00000
365 0.00000
366 0.00000
367 0.00000
368 0.00000
369 0.00000
370 0.00000
371 0.00000
372 0.00000
373 0.00000
374 0.00000
375 0.00000
376 0.00000
377 0.00000
378 0.00000
379 0.00000
380 0.00000
381 0.00000
382 0.00000
383 0.00000
384 0.00000
385 0.00000
386 0.00000
387 0.00000
388 0.00000
389 0.00000
390 0.00000
391 0.00000
392 0.00000
393 0.00000
394 0.00000
395 0.00000
396 0.00000
397 0.00000
398 0.00000
399 0.00000
400 0.00000
401 0.00000
402 0.00000
403 0.00000
404 0.00000
405 0.00000
406 0.00000
407 0.00000
408 0.00000
409 0.00000
410 0.00000
411 0.00000
412 0.00000
413 0.00000
414 0.00000
415 0.00000
416 0.00000
417 0.00000
418 0.00000
419 0.00000
420 0.00000
421 0.00000
422 0.00000
423 0.00000
424 0.00000
425 0.00000
426 0.00000
427 0.00000
428 0.00000
429 0.00000
430 0.00000
431 0.00000
432 0.00000
433 0.00000
434 0.00000
435 0.00000
436 0.00000
437 0.00000
438 0.00000
439 0.00000
440 0.00000
441 0.00000
442 0.00000
443 0.00000
444 0.00000
445 0.00000
446 0.00000
447 0.00000
448 0.00000
449 0.00000
450 0.00000
451 0.00000
452 0.00000
453 0.00000
454 0.00000
455 0.00000
456 0.00000
457 0.00000
458 0.00000
459 0.00000
460 0.00000
461 0.00000
462 0.00000
463 0.00000
464 0.00000
465 0.00000
466 0.00000
467 0.00000
468 0.00000
469 0.00000
470 0.00000
471 0.00000
472 0.00000
473 0.00000
474 0.00000
475 0.00000
476 0.00000
477 0.00000
478 0.00000
479 0.00000
480 0.00000
481 0.00000
482 0.00000
483 0.00000
484 0.00000
485 0.00000
486 0.00000
487 0.00000
488 0.00000
489 0.00000
490 0.00000
491 0.00000
492 0.00000
493 0.00000
494 0.00000
495 0.00000
496 0.00000
497 0.00000
498 0.00000
499 0.00000
500 0.00000
501 0.00000
502 0.00000
503 0.00000
504 0.00000
505 0.00000
506 0.00000
507 0.00000
508 0.00000
509 0.00000
510 0.00000
511 0.00000
512 0.00000
513 0.00000
514 0.00000
515 0.00000
516 0.00000
517 0.00000
518 0.00000
519 0.00000
520 0.00000
521 0.00000
522 0.00000
523 0.00000
524 0.00000
525 0.00000
526 0.00000
527 0.00000
528 0.00000
529 0.00000
530 0.00000
531 0.00000
532 0.00000
533 0.00000
534 0.00000
535 0.00000
536 0.00000
537 0.00000
538 0.00000
539 0.00000
540 0.00000
541 0.00000
542 0.00000
543 0.00000
544 0.00000
545 0.00000
546 0.00000
547 0.00000
548 0.00000
549 0.00000
550 0.00000
551 0.00000
552 0.00000
553 0.00000
554 0.00000
555 0.00000
556 0.00000
557 0.00000
558 0.00000
559 0.00000
560 0.00000
561 0.00000
562 0.00000
563 0.00000
564 0.00000
565 0.00000
566 0.00000
567 0.00000
568 0.00000
569 0.00000
570 0.00000
571 0.00000
572 0.00000
573 0.00000
574 0.00000
575 0.00000
576 0.00000
577 0.00000
578 0.00000
579 0.00000
580 0.00000
581 0.00000
582 0.00000
583 0.00000
584 0.00000
585 0.00000
586 0.00000
587 0.00000
588 0.00000
589 0.00000
590 0.00000
591 0.00000
592 0.00000
593 0.00000
594 0.00000
595 0.00000
596 0.00000
597 0.00000
598 0.00000
599 0.00000
600 0.00000
601 0.00000
602 0.00000
603 0.00000
604 0.00000
605 0.00000
606 0.00000
607 0.00000
608 0.00000
609 0.00000
610 0.00000
611 0.00000
612 0.00000
613 0.00000
614 0.00000
615 0.00000
616 0.00000
617 0.00000
618 0.00000
619 0.00000
620 0.00000
621 0.00000
622 0.00000
623 0.00000
624 0.00000
625 0.00000
626 0.00000
627 0.00000
628 0.00000
629 0.00000
630 0.00000
631 0.00000
632 0.00000
633 0.00000
634 0.00000
635 0.00000
636 0.00000
637 0.00000
638 0.00000
639 0.00000
640 0.00000
641 0.00000
642 0.00000
643 0.00000
644 0.00000
645 0.00000
646 0.00000
647 0.00000
648 0.00000
649 0.00000
650 0.00000
651 0.00000
652 0.00000
653 0.00000
654 0.00000
655 0.00000
656 0.00000
657 0.00000
658 0.00000
659 0.00000
660 0.00000
661 0.00000
662 0.00000
663 0.00000
664 0.00000
665 0.00000
666 0.00000
667 0.00000
668 0.00000
669 0.00000
670 0.00000
671 0.00000
672 0.00000
673 0.00000
674 0.00000
675 0.00000
676 0.00000
677 0.00000
678 0.00000
679 0.00000
680 0.00000
681 0.00000
682 0.00000
683 0.00000
684 0.00000
685 0.00000
686 0.00000
687 0.00000
688 0.00000
689 0.00000
690 0.00000
691 0.00000
692 0.00000
693 0.00000
694 0.00000
695 0.00000
696 0.00000
697 0.00000
698 0.00000
699 0.00000
700 0.00000
701 0.00000
702 0.00000
703 0.00000
704 0.00000
705 0.00000
706 0.00000
707 0.00000
708 0.00000
709 0.00000
710 0.00000
711 0.00000
712 0.00000
713 0.00000
714 0.00000
715 0.00000
716 0.00000
717 0.00000
718 0.00000
719 0.00000
720 0.00000
721 0.00000
722 0.00000
723 0.00000
724 0.00000
725 0.00000
726 0.00000
727 0.00000
728 0.00000
729 0.00000
730 0.00000
731 0.00000
732 0.00000
733 0.00000
734 0.00000
735 0.00000
736 0.00000
737 0.00000
738 0.00000
739 0.00000
740 0.00000
741 0.00000
742 0.00000
743 0.00000
744 0.00000
745 0.00000
746 0.00000
747 0.00000
748 0.00000
749 0.00000
750 0.00000
751 0.00000
752 0.00000
753 0.00000
754 0.00000
755 0.00000
756 0.00000
757 0.00000
758 0.00000
759 0.00000
760 0.00000
761 0.00000
762 0.00000
763 0.00000
764 0.00000
765 0.00000
766 0.00000
767 0.00000
768 0.00000
769 0.00000
770 0.00000
771 0.00000
772 0.00000
773 0.00000
774 0.00000
775 0.00000
776 0.00000
777 0.00000
778 0.00000
779 0.00000
780 0.00000
781 0.00000
782 0.00000
783 0.00000
784 0.00000
785 0.00000
786 0.00000
787 0.00000
788 0.00000
789 0.00000
790 0.00000
791 0.00000
792 0.00000
793 0.00000
794 0.00000
795 0.00000
796 0.00000
797 0.00000
798 0.00000
799 0.00000
800 0.00000
801 0.00000
802 0.00001
803 0.00001
804 0.00001
805 0.00001
806 0.00001
807 0.00001
808 0.00001
809 0.00001
810 0.00001
811 0.00001
812 0.00001
813 0.00001
814 0.00001
815 0.00001
816 0.00001
817 0.00001
818 0.00001
819 0.00001
820 0.00002
821 0.00002
822 0.00002
823 0.00002
824 0.00002
825 0.00002
826 0.00002
827 0.00002
828 0.00002
829 0.00003
830 0.00003
831 0.00003
832 0.00003
833 0.00003
834 0.00004
835 0.00004
836 0.00004
837 0.00004
838 0.00005
839 0.00005
840 0.00005
841 0.00006
842 0.00006
843 0.00007
844 0.00007
845 0.00007
846 0.00008
847 0.00009
848 0.00009
849 0.00010
850 0.00010
851 0.00011
852 0.00012
853 0.00013
854 0.00014
855 0.00015
856 0.00016
857 0.00017
858 0.00018
859 0.00019
860 0.00020
861 0.00022
862 0.00023
863 0.00025
864 0.00027
865 0.00029
866 0.00031
867 0.00033
868 0.00036
869 0.00038
870 0.00041
871 0.00044
872 0.00047
873 0.00051
874 0.00054
875 0.00058
876 0.00062
877 0.00067
878 0.00072
879 0.00077
880 0.00083
881 0.00089
882 0.00096
883 0.00103
884 0.00111
885 0.00119
886 0.00128
887 0.00137
888 0.00148
889 0.00159
890 0.00171
891 0.00184
892 0.00198
893 0.00213
894 0.00229
895 0.00246
896 0.00265
897 0.00285
898 0.00307
899 0.00331
900 0.00356
901 0.00384
902 0.00413
903 0.00445
904 0.00480
905 0.00517
906 0.00557
907 0.00600
908 0.00647
909 0.00698
910 0.00752
911 0.00811
912 0.00857
913 0.01093
914 0.01317
915 0.01522
916 0.01657
917 0.01723
918 0.01808
919 0.01920
920 0.02070
921 0.02275
922 0.02219
923 0.02164
924 0.02446
925 0.02387
926 0.02329
927 0.02738
928 0.02674
929 0.02611
930 0.02550
931 0.03175
932 0.03106
933 0.03037
934 0.02969
935 0.02902
936 0.02837
937 0.02772
938 0.03790
939 0.03713
940 0.03636
941 0.03561
942 0.03486
943 0.03413
944 0.03340
945 0.03269
946 0.03199
947 0.03130
948 0.03062
949 0.02995
950 0.04831
951 0.04743
952 0.04655
953 0.04569
954 0.04483
955 0.04399
956 0.04315
957 0.04233
958 0.04152
959 0.04071
960 0.03992
961 0.03914
962 0.03837
963 0.03761
964 0.03685
965 0.03611
966 0.03538
967 0.03466
968 0.03395
969 0.03325
970 0.03255
971 0.03187
972 0.03120
973 0.07066
974 0.06960
975 0.06855
976 0.06751
977 0.06647
978 0.06545
979 0.06443
980 0.06342
981 0.06243
982 0.06144
983 0.06046
984 0.05949
985 0.05852
986 0.05757
987 0.05662
988 0.05569
989 0.05476
990 0.05384
991 0.05293
992 0.05203
993 0.05114
994 0.05026
995 0.04938
996 0.04852
997 0.04766
998 0.04681
999 0.04597
1000 0.04514
1001 0.04432
1002 0.04351
1003 0.04271
1004 0.04191
1005 0.04113
1006 0.04035
1007 0.03958
1008 0.03882
1009 0.03807
1010 0.03733
1011 0.03660
1012 0.03587
1013 0.03516
1014 0.03445
1015 0.03375
1016 0.03306
1017 0.03238
1018 0.03171
1019 0.03104
1020 0.03039
1021 0.02974
1022 0.02911
1023 0.02848
1024 0.02786
1025 0.02725
1026 0.15112
1027 0.14965
1028 0.14819
1029 0.14673
1030 0.14526
1031 0.14380
1032 0.14234
1033 0.14087
1034 0.13941
1035 0.13794
1036 0.13648
1037 0.13502
1038 0.13355
1039 0.13209
1040 0.13063
1041 0.12917
1042 0.12772
1043 0.12626
1044 0.12481
1045 0.12336
1046 0.12191
1047 0.12046
1048 0.11902
1049 0.11758
1050 0.11614
1051 0.11471
1052 0.11328
1053 0.11185
1054 0.11043
1055 0.10902
1056 0.10760
1057 0.10620
1058 0.10479
1059 0.10340
1060 0.10201
1061 0.10062
1062 0.09924
1063 0.09787
1064 0.09650
1065 0.09514
1066 0.09379
1067 0.09244
1068 0.09110
1069 0.08977
1070 0.08845
1071 0.08713
1072 0.08583
1073 0.08453
1074 0.08324
1075 0.08195
1076 0.08068
1077 0.07942
1078 0.07816
1079 0.07692
1080 0.07568
1081 0.07446
1082 0.07324
1083 0.07204
1084 0.07084
1085 0.06965
1086 0.06848
1087 0.06732
1088 0.06616
1089 0.06502
1090 0.06389
1091 0.06277
1092 0.06166
1093 0.06056
1094 0.05947
1095 0.05840
1096 0.05733
1097 0.05628
1098 0.05524
1099 0.05421
1100 0.05319
1101 0.05219
1102 0.05119
1103 0.05021
1104 0.04924
1105 0.04828
1106 0.04734
1107 0.04640
1108 0.04548
1109 0.04457
1110 0.04367
1111 0.04278
1112 0.04191
1113 0.04105
1114 0.04020
1115 0.03936
1116 0.03853
1117 0.03771
1118 0.03691
1119 0.03612
1120 0.03534
1121 0.03457
1122 0.03382
1123 0.03307
1124 0.03234
1125 0.03162
1126 0.03091
1127 0.03021
1128 0.02952
1129 0.02885
1130 0.02818
1131 0.02753
1132 0.02689
1133 0.02626
1134 0.02564
1135 0.02503
1136 0.02443
1137 0.02384
1138 0.02326
1139 0.02269
1140 0.02214
1141 0.02159
1142 0.02106
1143 0.02053
1144 0.02001
1145 0.01951
1146 0.01901
1147 0.01852
1148 0.01805
1149 0.01758
1150 0.01712
1151 0.01667
1152 0.01623
1153 0.01580
1154 0.01538
1155 0.01496
1156 0.01456
1157 0.01416
1158 0.01378
1159 0.01340
1160 0.01303
1161 0.01266
1162 0.01231
1163 0.01196
1164 0.01162
1165 0.01129
1166 0.01097
1167 0.01065
1168 0.01034
1169 0.01004
1170 0.00975
1171 0.00946
1172 0.00918
1173 0.00891
1174 0.00864
1175 0.00838
1176 0.00812
1177 0.00787
1178 0.00763
1179 0.00740
1180 0.00717
1181 0.00694
1182 0.00673
1183 0.00651
1184 0.00631
1185 0.00610
1186 0.00591
1187 0.00572
1188 0.00553
1189 0.00535
1190 0.00518
1191 0.00500
1192 0.00484
1193 0.00468
1194 0.00452
1195 0.00437
1196 0.00422
1197 0.00407
1198 0.00393
1199 0.00380
1200 0.00367
1201 0.00354
1202 0.00341
1203 0.00329
1204 0.00318
1205 0.00306
1206 0.00295
1207 0.00285
1208 0.00274
1209 0.00264
1210 0.00255
1211 0.00245
1212 0.00236
1213 0.00227
1214 0.00219
1215 0.00211
1216 1.00000
