17 0.98380
18 0.98238
19 0.98092
20 0.97942
21 0.97790
22 0.97634
23 0.97475
24 0.97313
25 0.97148
26 0.96980
27 0.96810
28 0.96637
29 0.96461
30 0.96283
31 0.96103
32 0.95920
33 0.95735
34 0.95548
35 0.95359
36 0.95168
37 0.94975
38 0.94780
39 0.94583
40 0.94384
41 0.94184
42 0.93982
43 0.93778
44 0.93573
45 0.93366
46 0.93158
47 0.92948
48 0.92737
49 0.92525
50 0.92311
51 0.92096
52 0.91880
53 0.91662
54 0.91444
55 0.91224
56 0.91004
57 0.90782
58 0.90559
59 0.90336
60 0.90111
61 0.89886
62 0.89659
63 0.89432
64 0.89204
65 0.88975
66 0.88746
67 0.88516
68 0.88285
69 0.88054
70 0.87822
71 0.87589
72 0.87356
73 0.87122
74 0.86888
75 0.86653
76 0.86418
77 0.86183
78 0.85947
79 0.85710
80 0.85473
81 0.85236
82 0.84999
83 0.84761
84 0.84523
85 0.84285
86 0.84047
87 0.83808
88 0.83569
89 0.83330
90 0.83091
91 0.82852
92 0.82613
93 0.82373
94 0.82134
95 0.81894
96 0.81654
97 0.81415
98 0.81175
99 0.80936
100 0.80696
101 0.80456
102 0.80217
103 0.79977
104 0.79738
105 0.79499
106 0.79260
107 0.79021
108 0.78782
109 0.78543
110 0.78305
111 0.78066
112 0.77828
113 0.77590
114 0.77352
115 0.77115
116 0.76878
117 0.76641
118 0.76404
119 0.76168
120 0.75932
121 0.75696
122 0.75460
123 0.75225
124 0.74991
125 0.74756
126 0.74522
127 0.74288
128 0.74055
129 0.73822
130 0.73589
131 0.73357
132 0.73125
133 0.72894
134 0.72663
135 0.72433
136 0.72203
137 0.71973
138 0.71744
139 0.71515
140 0.71287
141 0.71060
142 0.70832
143 0.70606
144 0.70380
145 0.70154
146 0.69929
147 0.69704
148 0.69480
149 0.69257
150 0.69034
151 0.68811
152 0.68589
153 0.68368
154 0.68147
155 0.67927
156 0.67708
157 0.67489
158 0.67270
159 0.67052
160 0.66835
161 0.66618
162 0.66402
163 0.66187
164 0.65972
165 0.65758
166 0.65545
167 0.65332
168 0.65119
169 0.64908
170 0.64697
171 0.64486
172 0.64277
173 0.64068
174 0.63859
175 0.63651
176 0.63444
177 0.63238
178 0.63032
179 0.62827
180 0.62623
181 0.62419
182 0.62216
183 0.62013
184 0.61812
185 0.61611
186 0.61410
187 0.61211
188 0.61012
189 0.60813
190 0.60616
191 0.60419
192 0.60223
193 0.60027
194 0.59832
195 0.59638
196 0.59445
197 0.59252
198 0.59060
199 0.58869
200 0.58679
201 0.58489
202 0.58300
203 0.58111
204 0.57923
205 0.57736
206 0.57550
207 0.57365
208 0.57180
209 0.56996
210 0.56812
211 0.56630
212 0.56448
213 0.56266
214 0.56086
215 0.55906
216 0.55727
217 0.55549
218 0.55371
219 0.55194
220 0.55018
221 0.54842
222 0.54668
223 0.54494
224 0.54320
225 0.54148
226 0.53976
227 0.53805
228 0.53634
229 0.53465
230 0.53296
231 0.53128
232 0.52960
233 0.52793
234 0.52627
235 0.52462
236 0.52297
237 0.52133
238 0.51970
239 0.51807
240 0.51646
241 0.51485
242 0.51324
243 0.51165
244 0.51006
245 0.50848
246 0.50690
247 0.50533
248 0.50377
249 0.50222
250 0.50067
251 0.49913
252 0.49760
253 0.49608
254 0.49456
255 0.49305
256 0.49154
257 0.49004
258 0.48855
259 0.48707
260 0.48560
261 0.48413
262 0.48266
263 0.48121
264 0.47976
265 0.47832
266 0.47689
267 0.47546
268 0.47404
269 0.47262
270 0.47122
271 0.46982
272 0.46842
273 0.46704
274 0.46566
275 0.46429
276 0.46292
277 0.46156
278 0.46021
279 0.45886
280 0.45752
281 0.45619
282 0.45487
283 0.45355
284 0.45224
285 0.45093
286 0.44963
287 0.44834
288 0.44705
289 0.44577
290 0.44450
291 0.44324
292 0.44198
293 0.44072
294 0.43948
295 0.43824
296 0.43701
297 0.43578
298 0.43456
299 0.43334
300 0.43214
301 0.43094
302 0.42974
303 0.42855
304 0.42737
305 0.42620
306 0.42503
307 0.42386
308 0.42271
309 0.42156
310 0.42041
311 0.41928
312 0.41814
313 0.41702
314 0.41590
315 0.41479
316 0.41368
317 0.41258
318 0.41148
319 0.41040
320 0.40931
321 0.40824
322 0.40717
323 0.40610
324 0.40505
325 0.40399
326 0.40295
327 0.40191
328 0.40087
329 0.39984
330 0.39882
331 0.39781
332 0.39680
333 0.39579
334 0.39479
335 0.39380
336 0.39281
337 0.39183
338 0.39086
339 0.38989
340 0.38892
341 0.38796
342 0.38701
343 0.38607
344 0.38512
345 0.38419
346 0.38326
347 0.38234
348 0.38142
349 0.38051
350 0.37960
351 0.37870
352 0.37780
353 0.37691
354 0.37603
355 0.37515
356 0.37427
357 0.37340
358 0.37254
359 0.37168
360 0.37083
361 0.36999
362 0.36914
363 0.36831
364 0.36748
365 0.36665
366 0.36583
367 0.36502
368 0.36421
369 0.36341
370 0.36261
371 0.36182
372 0.36103
373 0.36025
374 0.35947
375 0.35870
376 0.35793
377 0.35717
378 0.35641
379 0.35566
380 0.35491
381 0.35417
382 0.35344
383 0.35271
384 0.35198
385 0.35126
386 0.35054
387 0.34983
388 0.34913
389 0.34843
390 0.34773
391 0.34704
392 0.34636
393 0.34568
394 0.34500
395 0.34433
396 0.34366
397 0.34300
398 0.34235
399 0.34170
400 0.34105
401 0.34041
402 0.33977
403 0.33914
404 0.33851
405 0.33789
406 0.33728
407 0.33666
408 0.33606
409 0.33545
410 0.33485
411 0.33426
412 0.33367
413 0.33309
414 0.33251
415 0.33194
416 0.33137
417 0.33080
418 0.33024
419 0.32968
420 0.32913
421 0.32859
422 0.32804
423 0.32751
424 0.32697
425 0.32645
426 0.32592
427 0.32540
428 0.32489
429 0.32438
430 0.32388
431 0.32337
432 0.32288
433 0.32239
434 0.32190
435 0.32142
436 0.32094
437 0.32046
438 0.32000
439 0.31953
440 0.31907
441 0.31861
442 0.31816
443 0.31772
444 0.31727
445 0.31683
446 0.31640
447 0.31597
448 0.31555
449 0.31513
450 0.31471
451 0.31430
452 0.31389
453 0.31349
454 0.31309
455 0.31269
456 0.31230
457 0.31192
458 0.31153
459 0.31116
460 0.31078
461 0.31041
462 0.31005
463 0.30969
464 0.30933
465 0.30898
466 0.30863
467 0.30829
468 0.30795
469 0.30762
470 0.30729
471 0.30696
472 0.30664
473 0.30632
474 0.30601
475 0.30570
476 0.30539
477 0.30509
478 0.30479
479 0.30450
480 0.30421
481 0.30393
482 0.30365
483 0.30337
484 0.30310
485 0.30283
486 0.30257
487 0.30231
488 0.30206
489 0.30181
490 0.30156
491 0.30132
492 0.30108
493 0.30084
494 0.30061
495 0.30039
496 0.30016
497 0.29995
498 0.29973
499 0.29952
500 0.29932
501 0.29912
502 0.29892
503 0.29873
504 0.29854
505 0.29835
506 0.29817
507 0.29800
508 0.29782
509 0.29766
510 0.29749
511 0.29733
512 0.29718
513 0.29702
514 0.29688
515 0.29673
516 0.29659
517 0.29646
518 0.29633
519 0.29620
520 0.29608
521 0.29596
522 0.29585
523 0.29573
524 0.29563
525 0.29553
526 0.29543
527 0.29533
528 0.29525
529 0.29516
530 0.29508
531 0.29500
532 0.29493
533 0.29486
534 0.29479
535 0.29473
536 0.29468
537 0.29463
538 0.29458
539 0.29453
540 0.29449
541 0.29446
542 0.29443
543 0.29440
544 0.29438
545 0.29436
546 0.29434
547 0.29433
548 0.29433
549 0.29433
550 0.29433
551 0.29433
552 0.29435
553 0.29436
554 0.29438
555 0.29440
556 0.29443
557 0.29446
558 0.29450
559 0.29454
560 0.29459
561 0.29464
562 0.29469
563 0.29475
564 0.29481
565 0.29488
566 0.29495
567 0.29503
568 0.29511
569 0.29519
570 0.29528
571 0.29537
572 0.29547
573 0.29557
574 0.29568
575 0.29579
576 0.29591
577 0.29603
578 0.29615
579 0.29628
580 0.29641
581 0.29655
582 0.29669
583 0.29684
584 0.29699
585 0.29715
586 0.29731
587 0.29747
588 0.29764
589 0.29782
590 0.29800
591 0.29818
592 0.29837
593 0.29856
594 0.29876
595 0.29896
596 0.29917
597 0.29938
598 0.29960
599 0.29982
600 0.30005
601 0.30028
602 0.30051
603 0.30076
604 0.30100
605 0.30125
606 0.30151
607 0.30177
608 0.30203
609 0.30230
610 0.30258
611 0.30286
612 0.30314
613 0.30343
614 0.30373
615 0.30403
616 0.30433
617 0.30464
618 0.30496
619 0.30528
620 0.30561
621 0.30594
622 0.30627
623 0.30662
624 0.30696
625 0.30731
626 0.30767
627 0.30803
628 0.30840
629 0.30877
630 0.30915
631 0.30954
632 0.30993
633 0.31032
634 0.31072
635 0.31113
636 0.31154
637 0.31196
638 0.31238
639 0.31281
640 0.31324
641 0.31368
642 0.31413
643 0.31458
644 0.31503
645 0.31550
646 0.31596
647 0.31644
648 0.31692
649 0.31740
650 0.31790
651 0.31839
652 0.31890
653 0.31941
654 0.31992
655 0.32045
656 0.32097
657 0.32151
658 0.32205
659 0.32260
660 0.32315
661 0.32371
662 0.32427
663 0.32485
664 0.32542
665 0.32601
666 0.32660
667 0.32720
668 0.32780
669 0.32841
670 0.32903
671 0.32966
672 0.33029
673 0.33092
674 0.33157
675 0.33222
676 0.33288
677 0.33354
678 0.33422
679 0.33489
680 0.33558
681 0.33627
682 0.33697
683 0.33768
684 0.33840
685 0.33912
686 0.33985
687 0.34058
688 0.34133
689 0.34208
690 0.34284
691 0.34360
692 0.34438
693 0.34516
694 0.34595
695 0.34675
696 0.34755
697 0.34836
698 0.34918
699 0.35001
700 0.35085
701 0.35169
702 0.35255
703 0.35341
704 0.35428
705 0.35515
706 0.35604
707 0.35693
708 0.35784
709 0.35875
710 0.35967
711 0.36059
712 0.36153
713 0.36248
714 0.36343
715 0.36439
716 0.36537
717 0.36635
718 0.36734
719 0.36834
720 0.36935
721 0.37036
722 0.37139
723 0.37243
724 0.37347
725 0.37453
726 0.37560
727 0.37667
728 0.37776
729 0.37885
730 0.37995
731 0.38107
732 0.38219
733 0.38333
734 0.38447
735 0.38563
736 0.38679
737 0.38797
738 0.38915
739 0.39035
740 0.39155
741 0.39276
742 0.39399
743 0.39522
744 0.39647
745 0.39772
746 0.39898
747 0.40026
748 0.40155
749 0.40284
750 0.40415
751 0.40547
752 0.40680
753 0.40814
754 0.40949
755 0.41086
756 0.41223
757 0.41362
758 0.41502
759 0.41643
760 0.41785
761 0.41929
762 0.42073
763 0.42219
764 0.42367
765 0.42515
766 0.42665
767 0.42816
768 0.42968
769 0.43121
770 0.43276
771 0.43431
772 0.43589
773 0.43747
774 0.43907
775 0.44069
776 0.44232
777 0.44396
778 0.44561
779 0.44729
780 0.44897
781 0.45067
782 0.45239
783 0.45411
784 0.45586
785 0.45762
786 0.45938
787 0.46117
788 0.46296
789 0.46477
790 0.46660
791 0.46845
792 0.47031
793 0.47218
794 0.47407
795 0.47598
796 0.47791
797 0.47985
798 0.48181
799 0.48378
800 0.48577
801 0.48778
802 0.48981
803 0.49186
804 0.49392
805 0.49600
806 0.49810
807 0.50021
808 0.50235
809 0.50450
810 0.50667
811 0.50886
812 0.51107
813 0.51330
814 0.51555
815 0.51782
816 0.52010
817 0.52241
818 0.52474
819 0.52709
820 0.52945
821 0.53184
822 0.53425
823 0.53668
824 0.53914
825 0.54161
826 0.54410
827 0.54662
828 0.54916
829 0.55170
830 0.55426
831 0.55685
832 0.55946
833 0.56209
834 0.56474
835 0.56742
836 0.57012
837 0.57284
838 0.57559
839 0.57837
840 0.58116
841 0.58398
842 0.58683
843 0.58970
844 0.59260
845 0.59552
846 0.59847
847 0.60144
848 0.60444
849 0.60747
850 0.61053
851 0.61361
852 0.61671
853 0.61985
854 0.62301
855 0.62621
856 0.62943
857 0.63268
858 0.63595
859 0.63926
860 0.64260
861 0.64597
862 0.64936
863 0.65279
864 0.65625
865 0.65974
866 0.66326
867 0.66681
868 0.67040
869 0.67401
870 0.67766
871 0.68135
872 0.68506
873 0.68881
874 0.69260
875 0.69642
876 0.70027
877 0.70416
878 0.70808
879 0.71204
880 0.71603
881 0.72007
882 0.72414
883 0.72824
884 0.73239
885 0.73657
886 0.74079
887 0.74505
888 0.74935
889 0.75368
890 0.75806
891 0.76248
892 0.76694
893 0.77144
894 0.77598
895 0.78057
896 0.78520
897 0.78987
898 0.79458
899 0.79934
900 0.80414
901 0.80899
902 0.81389
903 0.81883
904 0.82381
905 0.82884
906 0.83392
907 0.83905
908 0.84423
909 0.84946
910 0.85473
911 0.86006
912 0.86428
913 0.87483
914 0.88179
915 0.88657
916 0.88927
917 0.89065
918 0.89218
919 0.89391
920 0.89588
921 0.89817
922 0.89790
923 0.89763
924 0.90037
925 0.90011
926 0.89985
927 0.90322
928 0.90297
929 0.90272
930 0.90247
931 0.90678
932 0.90655
933 0.90631
934 0.90607
935 0.90583
936 0.90559
937 0.90535
938 0.91118
939 0.91096
940 0.91074
941 0.91052
942 0.91029
943 0.91007
944 0.90985
945 0.90962
946 0.90940
947 0.90918
948 0.90895
949 0.90873
950 0.91724
951 0.91705
952 0.91685
953 0.91665
954 0.91646
955 0.91626
956 0.91606
957 0.91586
958 0.91566
959 0.91546
960 0.91526
961 0.91506
962 0.91486
963 0.91466
964 0.91446
965 0.91426
966 0.91406
967 0.91386
968 0.91366
969 0.91345
970 0.91325
971 0.91305
972 0.91284
973 0.92689
974 0.92674
975 0.92658
976 0.92642
977 0.92627
978 0.92611
979 0.92595
980 0.92580
981 0.92564
982 0.92540
983 0.92514
984 0.92488
985 0.92462
986 0.92435
987 0.92409
988 0.92383
989 0.92356
990 0.92330
991 0.92303
992 0.92277
993 0.92250
994 0.92223
995 0.92196
996 0.92170
997 0.92143
998 0.92116
999 0.92089
1000 0.92061
1001 0.92034
1002 0.92007
1003 0.91980
1004 0.91952
1005 0.91925
1006 0.91897
1007 0.91870
1008 0.91842
1009 0.91814
1010 0.91787
1011 0.91759
1012 0.91731
1013 0.91703
1014 0.91675
1015 0.91647
1016 0.91619
1017 0.91591
1018 0.91563
1019 0.91534
1020 0.91506
1021 0.91477
1022 0.91449
1023 0.91420
1024 0.91392
1025 0.91363
1026 0.94229
1027 0.94209
1028 0.94190
1029 0.94170
1030 0.94150
1031 0.94130
1032 0.94111
1033 0.94091
1034 0.94071
1035 0.94051
1036 0.94031
1037 0.94011
1038 0.93991
1039 0.93971
1040 0.93951
1041 0.93930
1042 0.93910
1043 0.93890
1044 0.93869
1045 0.93849
1046 0.93829
1047 0.93808
1048 0.93788
1049 0.93767
1050 0.93746
1051 0.93726
1052 0.93705
1053 0.93684
1054 0.93663
1055 0.93643
1056 0.93622
1057 0.93601
1058 0.93580
1059 0.93559
1060 0.93538
1061 0.93516
1062 0.93495
1063 0.93474
1064 0.93453
1065 0.93431
1066 0.93410
1067 0.93389
1068 0.93367
1069 0.93346
1070 0.93324
1071 0.93302
1072 0.93281
1073 0.93259
1074 0.93237
1075 0.93216
1076 0.93194
1077 0.93172
1078 0.93150
1079 0.93128
1080 0.93106
1081 0.93084
1082 0.93062
1083 0.93039
1084 0.93017
1085 0.92995
1086 0.92973
1087 0.92950
1088 0.92928
1089 0.92905
1090 0.92883
1091 0.92860
1092 0.92838
1093 0.92815
1094 0.92792
1095 0.92770
1096 0.92747
1097 0.92724
1098 0.92701
1099 0.92678
1100 0.92655
1101 0.92632
1102 0.92609
1103 0.92586
1104 0.92563
1105 0.92539
1106 0.92516
1107 0.92493
1108 0.92469
1109 0.92446
1110 0.92422
1111 0.92399
1112 0.92375
1113 0.92352
1114 0.92328
1115 0.92304
1116 0.92280
1117 0.92257
1118 0.92233
1119 0.92209
1120 0.92185
1121 0.92161
1122 0.92137
1123 0.92113
1124 0.92088
1125 0.92064
1126 0.92040
1127 0.92016
1128 0.91991
1129 0.91967
1130 0.91942
1131 0.91918
1132 0.91893
1133 0.91869
1134 0.91844
1135 0.91819
1136 0.91794
1137 0.91770
1138 0.91745
1139 0.91720
1140 0.91695
1141 0.91670
1142 0.91645
1143 0.91620
1144 0.91594
1145 0.91569
1146 0.91544
1147 0.91519
1148 0.91493
1149 0.91468
1150 0.91442
1151 0.91417
1152 0.91391
1153 0.91366
1154 0.91340
1155 0.91314
1156 0.91288
1157 0.91263
1158 0.91237
1159 0.91211
1160 0.91185
1161 0.91159
1162 0.91133
1163 0.91107
1164 0.91080
1165 0.91054
1166 0.91028
1167 0.91001
1168 0.90975
1169 0.90949
1170 0.90922
1171 0.90896
1172 0.90869
1173 0.90842
1174 0.90816
1175 0.90789
1176 0.90762
1177 0.90735
1178 0.90708
1179 0.90681
1180 0.90654
1181 0.90627
1182 0.90600
1183 0.90573
1184 0.90546
1185 0.90519
1186 0.90491
1187 0.90464
1188 0.90437
1189 0.90409
1190 0.90382
1191 0.90354
1192 0.90326
1193 0.90299
1194 0.90271
1195 0.90243
1196 0.90215
1197 0.90188
1198 0.90160
1199 0.90132
1200 0.90104
1201 0.90076
1202 0.90047
1203 0.90019
1204 0.89991
1205 0.89963
1206 0.89934
1207 0.89906
1208 0.89877
1209 0.89849
1210 0.89820
1211 0.89792
1212 0.89763
1213 0.89734
1214 0.89706
1215 0.89677
1216 1.00000
