17 0.99819
18 0.99802
19 0.99784
20 0.99765
21 0.99746
22 0.99727
23 0.99707
24 0.99686
25 0.99665
26 0.99643
27 0.99621
28 0.99598
29 0.99575
30 0.99551
31 0.99527
32 0.99503
33 0.99477
34 0.99452
35 0.99426
36 0.99399
37 0.99372
38 0.99345
39 0.99317
40 0.99289
41 0.99260
42 0.99231
43 0.99201
44 0.99171
45 0.99141
46 0.99110
47 0.99079
48 0.99047
49 0.99015
50 0.98983
51 0.98950
52 0.98917
53 0.98884
54 0.98850
55 0.98816
56 0.98781
57 0.98746
58 0.98711
59 0.98675
60 0.98639
61 0.98603
62 0.98566
63 0.98529
64 0.98492
65 0.98454
66 0.98416
67 0.98378
68 0.98339
69 0.98300
70 0.98261
71 0.98221
72 0.98181
73 0.98141
74 0.98100
75 0.98060
76 0.98018
77 0.97977
78 0.97935
79 0.97893
80 0.97851
81 0.97809
82 0.97766
83 0.97723
84 0.97679
85 0.97635
86 0.97592
87 0.97547
88 0.97503
89 0.97458
90 0.97413
91 0.97368
92 0.97323
93 0.97277
94 0.97231
95 0.97185
96 0.97138
97 0.97091
98 0.97044
99 0.96997
100 0.96950
101 0.96902
102 0.96854
103 0.96806
104 0.96758
105 0.96710
106 0.96661
107 0.96612
108 0.96563
109 0.96513
110 0.96464
111 0.96414
112 0.96364
113 0.96314
114 0.96263
115 0.96213
116 0.96162
117 0.96111
118 0.96060
119 0.96009
120 0.95957
121 0.95905
122 0.95853
123 0.95801
124 0.95749
125 0.95697
126 0.95644
127 0.95591
128 0.95538
129 0.95485
130 0.95432
131 0.95379
132 0.95325
133 0.95271
134 0.95217
135 0.95163
136 0.95109
137 0.95055
138 0.95000
139 0.94946
140 0.94891
141 0.94836
142 0.94781
143 0.94726
144 0.94670
145 0.94615
146 0.94559
147 0.94504
148 0.94448
149 0.94392
150 0.94336
151 0.94279
152 0.94223
153 0.94167
154 0.94110
155 0.94053
156 0.93997
157 0.93940
158 0.93883
159 0.93825
160 0.93768
161 0.93711
162 0.93653
163 0.93596
164 0.93538
165 0.93480
166 0.93423
167 0.93365
168 0.93307
169 0.93249
170 0.93190
171 0.93132
172 0.93074
173 0.93015
174 0.92957
175 0.92898
176 0.92839
177 0.92781
178 0.92722
179 0.92663
180 0.92604
181 0.92545
182 0.92486
183 0.92427
184 0.92367
185 0.92308
186 0.92249
187 0.92189
188 0.92130
189 0.92070
190 0.92011
191 0.91951
192 0.91891
193 0.91832
194 0.91772
195 0.91712
196 0.91652
197 0.91592
198 0.91532
199 0.91472
200 0.91412
201 0.91352
202 0.91292
203 0.91231
204 0.91171
205 0.91111
206 0.91051
207 0.90990
208 0.90930
209 0.90870
210 0.90809
211 0.90749
212 0.90689
213 0.90628
214 0.90568
215 0.90507
216 0.90447
217 0.90386
218 0.90326
219 0.90265
220 0.90205
221 0.90144
222 0.90083
223 0.90023
224 0.89962
225 0.89902
226 0.89841
227 0.89781
228 0.89720
229 0.89659
230 0.89599
231 0.89538
232 0.89478
233 0.89417
234 0.89356
235 0.89296
236 0.89235
237 0.89175
238 0.89114
239 0.89054
240 0.88993
241 0.88933
242 0.88872
243 0.88812
244 0.88752
245 0.88691
246 0.88631
247 0.88571
248 0.88510
249 0.88450
250 0.88390
251 0.88329
252 0.88269
253 0.88209
254 0.88149
255 0.88089
256 0.88029
257 0.87969
258 0.87909
259 0.87849
260 0.87789
261 0.87729
262 0.87669
263 0.87609
264 0.87550
265 0.87490
266 0.87430
267 0.87371
268 0.87311
269 0.87252
270 0.87192
271 0.87133
272 0.87074
273 0.87014
274 0.86955
275 0.86896
276 0.86837
277 0.86778
278 0.86719
279 0.86660
280 0.86601
281 0.86542
282 0.86483
283 0.86425
284 0.86366
285 0.86307
286 0.86249
287 0.86191
288 0.86132
289 0.86074
290 0.86016
291 0.85958
292 0.85900
293 0.85842
294 0.85784
295 0.85726
296 0.85668
297 0.85611
298 0.85553
299 0.85495
300 0.85438
301 0.85381
302 0.85323
303 0.85266
304 0.85209
305 0.85152
306 0.85095
307 0.85039
308 0.84982
309 0.84925
310 0.84869
311 0.84812
312 0.84756
313 0.84700
314 0.84644
315 0.84587
316 0.84532
317 0.84476
318 0.84420
319 0.84364
320 0.84309
321 0.84253
322 0.84198
323 0.84143
324 0.84087
325 0.84032
326 0.83978
327 0.83923
328 0.83868
329 0.83813
330 0.83759
331 0.83705
332 0.83650
333 0.83596
334 0.83542
335 0.83488
336 0.83434
337 0.83381
338 0.83327
339 0.83274
340 0.83220
341 0.83167
342 0.83114
343 0.83061
344 0.83008
345 0.82955
346 0.82903
347 0.82850
348 0.82798
349 0.82746
350 0.82694
351 0.82642
352 0.82590
353 0.82538
354 0.82487
355 0.82435
356 0.82384
357 0.82333
358 0.82282
359 0.82231
360 0.82180
361 0.82129
362 0.82079
363 0.82028
364 0.81978
365 0.81928
366 0.81878
367 0.81828
368 0.81779
369 0.81729
370 0.81680
371 0.81630
372 0.81581
373 0.81532
374 0.81483
375 0.81435
376 0.81386
377 0.81338
378 0.81290
379 0.81242
380 0.81194
381 0.81146
382 0.81098
383 0.81051
384 0.81004
385 0.80956
386 0.80909
387 0.80863
388 0.80816
389 0.80769
390 0.80723
391 0.80677
392 0.80631
393 0.80585
394 0.80539
395 0.80494
396 0.80448
397 0.80403
398 0.80358
399 0.80313
400 0.80268
401 0.80224
402 0.80179
403 0.80135
404 0.80091
405 0.80047
406 0.80003
407 0.79960
408 0.79916
409 0.79873
410 0.79830
411 0.79787
412 0.79744
413 0.79702
414 0.79659
415 0.79617
416 0.79575
417 0.79533
418 0.79491
419 0.79450
420 0.79409
421 0.79368
422 0.79327
423 0.79286
424 0.79245
425 0.79205
426 0.79165
427 0.79125
428 0.79085
429 0.79045
430 0.79005
431 0.78966
432 0.78927
433 0.78888
434 0.78849
435 0.78811
436 0.78772
437 0.78734
438 0.78696
439 0.78658
440 0.78621
441 0.78583
442 0.78546
443 0.78509
444 0.78472
445 0.78436
446 0.78399
447 0.78363
448 0.78327
449 0.78291
450 0.78255
451 0.78220
452 0.78185
453 0.78150
454 0.78115
455 0.78080
456 0.78046
457 0.78011
458 0.77977
459 0.77943
460 0.77910
461 0.77876
462 0.77843
463 0.77810
464 0.77777
465 0.77745
466 0.77712
467 0.77680
468 0.77648
469 0.77616
470 0.77585
471 0.77553
472 0.77522
473 0.77491
474 0.77460
475 0.77430
476 0.77400
477 0.77369
478 0.77340
479 0.77310
480 0.77281
481 0.77251
482 0.77222
483 0.77194
484 0.77165
485 0.77137
486 0.77108
487 0.77081
488 0.77053
489 0.77025
490 0.76998
491 0.76971
492 0.76944
493 0.76918
494 0.76892
495 0.76865
496 0.76840
497 0.76814
498 0.76788
499 0.76763
500 0.76738
501 0.76714
502 0.76689
503 0.76665
504 0.76641
505 0.76617
506 0.76593
507 0.76570
508 0.76547
509 0.76524
510 0.76501
511 0.76479
512 0.76457
513 0.76435
514 0.76413
515 0.76392
516 0.76370
517 0.76349
518 0.76329
519 0.76308
520 0.76288
521 0.76268
522 0.76248
523 0.76229
524 0.76209
525 0.76190
526 0.76172
527 0.76153
528 0.76135
529 0.76117
530 0.76099
531 0.76081
532 0.76064
533 0.76047
534 0.76030
535 0.76014
536 0.75997
537 0.75981
538 0.75965
539 0.75950
540 0.75935
541 0.75920
542 0.75905
543 0.75890
544 0.75876
545 0.75862
546 0.75848
547 0.75835
548 0.75822
549 0.75809
550 0.75796
551 0.75784
552 0.75772
553 0.75760
554 0.75748
555 0.75737
556 0.75726
557 0.75715
558 0.75704
559 0.75694
560 0.75684
561 0.75674
562 0.75665
563 0.75655
564 0.75646
565 0.75638
566 0.75629
567 0.75621
568 0.75613
569 0.75606
570 0.75599
571 0.75592
572 0.75585
573 0.75578
574 0.75572
575 0.75566
576 0.75561
577 0.75555
578 0.75550
579 0.75546
580 0.75541
581 0.75537
582 0.75533
583 0.75529
584 0.75526
585 0.75523
586 0.75520
587 0.75518
588 0.75516
589 0.75514
590 0.75512
591 0.75511
592 0.75510
593 0.75509
594 0.75509
595 0.75508
596 0.75509
597 0.75509
598 0.75510
599 0.75511
600 0.75512
601 0.75514
602 0.75516
603 0.75518
604 0.75521
605 0.75524
606 0.75527
607 0.75530
608 0.75534
609 0.75538
610 0.75542
611 0.75547
612 0.75552
613 0.75558
614 0.75563
615 0.75569
616 0.75575
617 0.75582
618 0.75589
619 0.75596
620 0.75604
621 0.75612
622 0.75620
623 0.75628
624 0.75637
625 0.75646
626 0.75656
627 0.75665
628 0.75676
629 0.75686
630 0.75697
631 0.75708
632 0.75719
633 0.75731
634 0.75743
635 0.75755
636 0.75768
637 0.75781
638 0.75795
639 0.75808
640 0.75822
641 0.75837
642 0.75852
643 0.75867
644 0.75882
645 0.75898
646 0.75914
647 0.75931
648 0.75947
649 0.75964
650 0.75982
651 0.76000
652 0.76018
653 0.76037
654 0.76055
655 0.76075
656 0.76094
657 0.76114
658 0.76135
659 0.76155
660 0.76176
661 0.76198
662 0.76219
663 0.76241
664 0.76264
665 0.76287
666 0.76310
667 0.76333
668 0.76357
669 0.76382
670 0.76406
671 0.76431
672 0.76457
673 0.76482
674 0.76509
675 0.76535
676 0.76562
677 0.76589
678 0.76617
679 0.76645
680 0.76673
681 0.76702
682 0.76731
683 0.76761
684 0.76791
685 0.76821
686 0.76852
687 0.76883
688 0.76914
689 0.76946
690 0.76978
691 0.77011
692 0.77044
693 0.77078
694 0.77111
695 0.77146
696 0.77180
697 0.77215
698 0.77251
699 0.77287
700 0.77323
701 0.77360
702 0.77397
703 0.77434
704 0.77472
705 0.77511
706 0.77549
707 0.77588
708 0.77628
709 0.77668
710 0.77708
711 0.77749
712 0.77791
713 0.77832
714 0.77874
715 0.77917
716 0.77960
717 0.78003
718 0.78047
719 0.78091
720 0.78136
721 0.78181
722 0.78227
723 0.78273
724 0.78319
725 0.78366
726 0.78413
727 0.78461
728 0.78509
729 0.78558
730 0.78607
731 0.78657
732 0.78707
733 0.78757
734 0.78808
735 0.78860
736 0.78912
737 0.78964
738 0.79017
739 0.79070
740 0.79124
741 0.79178
742 0.79233
743 0.79288
744 0.79344
745 0.79400
746 0.79456
747 0.79513
748 0.79571
749 0.79629
750 0.79687
751 0.79746
752 0.79806
753 0.79866
754 0.79926
755 0.79987
756 0.80049
757 0.80111
758 0.80173
759 0.80236
760 0.80300
761 0.80364
762 0.80428
763 0.80493
764 0.80559
765 0.80625
766 0.80692
767 0.80759
768 0.80826
769 0.80894
770 0.80963
771 0.81032
772 0.81102
773 0.81172
774 0.81243
775 0.81314
776 0.81386
777 0.81458
778 0.81531
779 0.81605
780 0.81679
781 0.81753
782 0.81829
783 0.81904
784 0.81980
785 0.82057
786 0.82135
787 0.82213
788 0.82291
789 0.82370
790 0.82450
791 0.82530
792 0.82611
793 0.82692
794 0.82774
795 0.82856
796 0.82940
797 0.83023
798 0.83107
799 0.83192
800 0.83278
801 0.83364
802 0.83450
803 0.83538
804 0.83626
805 0.83714
806 0.83803
807 0.83893
808 0.83983
809 0.84074
810 0.84166
811 0.84258
812 0.84351
813 0.84444
814 0.84538
815 0.84633
816 0.84728
817 0.84824
818 0.84921
819 0.85018
820 0.85116
821 0.85214
822 0.85313
823 0.85413
824 0.85514
825 0.85615
826 0.85717
827 0.85819
828 0.85923
829 0.86026
830 0.86131
831 0.86236
832 0.86342
833 0.86449
834 0.86556
835 0.86664
836 0.86773
837 0.86882
838 0.86992
839 0.87103
840 0.87214
841 0.87327
842 0.87440
843 0.87553
844 0.87668
845 0.87783
846 0.87898
847 0.88015
848 0.88132
849 0.88250
850 0.88369
851 0.88489
852 0.88609
853 0.88730
854 0.88852
855 0.88974
856 0.89098
857 0.89222
858 0.89347
859 0.89472
860 0.89599
861 0.89726
862 0.89854
863 0.89983
864 0.90112
865 0.90243
866 0.90374
867 0.90506
868 0.90639
869 0.90772
870 0.90907
871 0.91042
872 0.91178
873 0.91315
874 0.91453
875 0.91591
876 0.91731
877 0.91871
878 0.92012
879 0.92154
880 0.92297
881 0.92440
882 0.92585
883 0.92731
884 0.92877
885 0.93024
886 0.93172
887 0.93321
888 0.93471
889 0.93622
890 0.93773
891 0.93926
892 0.94080
893 0.94234
894 0.94389
895 0.94546
896 0.94703
897 0.94861
898 0.95020
899 0.95180
900 0.95341
901 0.95503
902 0.95666
903 0.95830
904 0.95995
905 0.96160
906 0.96327
907 0.96495
908 0.96664
909 0.96834
910 0.97004
911 0.97176
912 0.97314
913 0.97343
914 0.97376
915 0.97408
916 0.97430
917 0.97442
918 0.97457
919 0.97475
920 0.97498
921 0.97528
922 0.97524
923 0.97520
924 0.97558
925 0.97554
926 0.97550
927 0.97600
928 0.97597
929 0.97593
930 0.97589
931 0.97658
932 0.97654
933 0.97650
934 0.97647
935 0.97643
936 0.97640
937 0.97636
938 0.97734
939 0.97731
940 0.97727
941 0.97724
942 0.97720
943 0.97717
944 0.97714
945 0.97710
946 0.97707
947 0.97703
948 0.97700
949 0.97696
950 0.97847
951 0.97844
952 0.97841
953 0.97837
954 0.97834
955 0.97831
956 0.97828
957 0.97824
958 0.97821
959 0.97818
960 0.97815
961 0.97812
962 0.97808
963 0.97805
964 0.97802
965 0.97799
966 0.97795
967 0.97792
968 0.97789
969 0.97786
970 0.97783
971 0.97779
972 0.97776
973 0.98034
974 0.98032
975 0.98029
976 0.98026
977 0.98023
978 0.98020
979 0.98017
980 0.98014
981 0.98012
982 0.98009
983 0.98006
984 0.98003
985 0.98000
986 0.97997
987 0.97994
988 0.97991
989 0.97989
990 0.97986
991 0.97983
992 0.97980
993 0.97977
994 0.97974
995 0.97971
996 0.97968
997 0.97965
998 0.97963
999 0.97960
1000 0.97957
1001 0.97954
1002 0.97951
1003 0.97948
1004 0.97945
1005 0.97942
1006 0.97939
1007 0.97937
1008 0.97934
1009 0.97931
1010 0.97928
1011 0.97925
1012 0.97922
1013 0.97919
1014 0.97916
1015 0.97913
1016 0.97910
1017 0.97907
1018 0.97905
1019 0.97902
1020 0.97899
1021 0.97896
1022 0.97893
1023 0.97890
1024 0.97887
1025 0.97884
1026 0.98431
1027 0.98429
1028 0.98426
1029 0.98424
1030 0.98422
1031 0.98420
1032 0.98418
1033 0.98416
1034 0.98413
1035 0.98411
1036 0.98409
1037 0.98407
1038 0.98405
1039 0.98403
1040 0.98400
1041 0.98398
1042 0.98396
1043 0.98394
1044 0.98392
1045 0.98389
1046 0.98387
1047 0.98385
1048 0.98383
1049 0.98381
1050 0.98378
1051 0.98376
1052 0.98374
1053 0.98372
1054 0.98370
1055 0.98368
1056 0.98365
1057 0.98363
1058 0.98361
1059 0.98359
1060 0.98357
1061 0.98354
1062 0.98352
1063 0.98350
1064 0.98348
1065 0.98346
1066 0.98343
1067 0.98341
1068 0.98339
1069 0.98337
1070 0.98335
1071 0.98332
1072 0.98330
1073 0.98328
1074 0.98326
1075 0.98323
1076 0.98321
1077 0.98319
1078 0.98317
1079 0.98315
1080 0.98312
1081 0.98310
1082 0.98308
1083 0.98306
1084 0.98304
1085 0.98301
1086 0.98299
1087 0.98297
1088 0.98295
1089 0.98292
1090 0.98290
1091 0.98288
1092 0.98286
1093 0.98284
1094 0.98281
1095 0.98279
1096 0.98277
1097 0.98275
1098 0.98272
1099 0.98270
1100 0.98268
1101 0.98266
1102 0.98263
1103 0.98261
1104 0.98259
1105 0.98257
1106 0.98255
1107 0.98252
1108 0.98250
1109 0.98248
1110 0.98246
1111 0.98243
1112 0.98241
1113 0.98239
1114 0.98237
1115 0.98234
1116 0.98232
1117 0.98230
1118 0.98228
1119 0.98225
1120 0.98223
1121 0.98221
1122 0.98219
1123 0.98216
1124 0.98214
1125 0.98212
1126 0.98210
1127 0.98207
1128 0.98205
1129 0.98203
1130 0.98201
1131 0.98198
1132 0.98196
1133 0.98194
1134 0.98192
1135 0.98189
1136 0.98187
1137 0.98185
1138 0.98183
1139 0.98180
1140 0.98178
1141 0.98176
1142 0.98173
1143 0.98171
1144 0.98169
1145 0.98167
1146 0.98164
1147 0.98162
1148 0.98160
1149 0.98158
1150 0.98155
1151 0.98153
1152 0.98151
1153 0.98148
1154 0.98146
1155 0.98144
1156 0.98142
1157 0.98139
1158 0.98137
1159 0.98135
1160 0.98133
1161 0.98130
1162 0.98128
1163 0.98126
1164 0.98123
1165 0.98121
1166 0.98119
1167 0.98117
1168 0.98114
1169 0.98112
1170 0.98110
1171 0.98107
1172 0.98105
1173 0.98103
1174 0.98101
1175 0.98098
1176 0.98096
1177 0.98094
1178 0.98091
1179 0.98089
1180 0.98087
1181 0.98084
1182 0.98082
1183 0.98080
1184 0.98078
1185 0.98075
1186 0.98073
1187 0.98071
1188 0.98068
1189 0.98066
1190 0.98064
1191 0.98061
1192 0.98059
1193 0.98057
1194 0.98055
1195 0.98052
1196 0.98050
1197 0.98048
1198 0.98045
1199 0.98043
1200 0.98041
1201 0.98038
1202 0.98036
1203 0.98034
1204 0.98031
1205 0.98029
1206 0.98027
1207 0.98024
1208 0.98022
1209 0.98020
1210 0.98018
1211 0.98015
1212 0.98013
1213 0.98011
1214 0.98008
1215 0.98006
1216 1.00000
