17 0.99822
18 0.99806
19 0.99790
20 0.99773
21 0.99756
22 0.99739
23 0.99721
24 0.99703
25 0.99685
26 0.99666
27 0.99647
28 0.99627
29 0.99608
30 0.99588
31 0.99567
32 0.99547
33 0.99526
34 0.99504
35 0.99483
36 0.99461
37 0.99439
38 0.99417
39 0.99394
40 0.99372
41 0.99349
42 0.99325
43 0.99302
44 0.99278
45 0.99254
46 0.99230
47 0.99206
48 0.99181
49 0.99156
50 0.99131
51 0.99106
52 0.99081
53 0.99055
54 0.99029
55 0.99003
56 0.98977
57 0.98951
58 0.98924
59 0.98898
60 0.98871
61 0.98844
62 0.98817
63 0.98789
64 0.98762
65 0.98734
66 0.98706
67 0.98678
68 0.98650
69 0.98622
70 0.98593
71 0.98565
72 0.98536
73 0.98507
74 0.98478
75 0.98449
76 0.98420
77 0.98391
78 0.98361
79 0.98332
80 0.98302
81 0.98272
82 0.98242
83 0.98212
84 0.98182
85 0.98152
86 0.98121
87 0.98091
88 0.98060
89 0.98030
90 0.97999
91 0.97968
92 0.97937
93 0.97906
94 0.97875
95 0.97844
96 0.97812
97 0.97781
98 0.97749
99 0.97718
100 0.97686
101 0.97654
102 0.97622
103 0.97590
104 0.97558
105 0.97526
106 0.97494
107 0.97462
108 0.97430
109 0.97397
110 0.97365
111 0.97332
112 0.97300
113 0.97267
114 0.97235
115 0.97202
116 0.97169
117 0.97136
118 0.97103
119 0.97070
120 0.97037
121 0.97004
122 0.96971
123 0.96938
124 0.96905
125 0.96871
126 0.96838
127 0.96805
128 0.96771
129 0.96738
130 0.96704
131 0.96671
132 0.96637
133 0.96604
134 0.96570
135 0.96537
136 0.96503
137 0.96469
138 0.96435
139 0.96402
140 0.96368
141 0.96334
142 0.96300
143 0.96266
144 0.96232
145 0.96198
146 0.96164
147 0.96130
148 0.96096
149 0.96062
150 0.96028
151 0.95994
152 0.95960
153 0.95926
154 0.95892
155 0.95858
156 0.95824
157 0.95790
158 0.95755
159 0.95721
160 0.95687
161 0.95653
162 0.95619
163 0.95584
164 0.95550
165 0.95516
166 0.95482
167 0.95448
168 0.95413
169 0.95379
170 0.95345
171 0.95311
172 0.95277
173 0.95242
174 0.95208
175 0.95174
176 0.95140
177 0.95106
178 0.95071
179 0.95037
180 0.95003
181 0.94969
182 0.94935
183 0.94901
184 0.94867
185 0.94832
186 0.94798
187 0.94764
188 0.94730
189 0.94696
190 0.94662
191 0.94628
192 0.94594
193 0.94560
194 0.94526
195 0.94492
196 0.94458
197 0.94424
198 0.94390
199 0.94356
200 0.94323
201 0.94289
202 0.94255
203 0.94221
204 0.94188
205 0.94154
206 0.94120
207 0.94086
208 0.94053
209 0.94019
210 0.93986
211 0.93952
212 0.93919
213 0.93885
214 0.93852
215 0.93818
216 0.93785
217 0.93751
218 0.93718
219 0.93685
220 0.93652
221 0.93618
222 0.93585
223 0.93552
224 0.93519
225 0.93486
226 0.93453
227 0.93420
228 0.93387
229 0.93354
230 0.93321
231 0.93288
232 0.93256
233 0.93223
234 0.93190
235 0.93158
236 0.93125
237 0.93092
238 0.93060
239 0.93027
240 0.92995
241 0.92963
242 0.92930
243 0.92898
244 0.92866
245 0.92834
246 0.92802
247 0.92769
248 0.92737
249 0.92705
250 0.92674
251 0.92642
252 0.92610
253 0.92578
254 0.92546
255 0.92515
256 0.92483
257 0.92452
258 0.92420
259 0.92389
260 0.92357
261 0.92326
262 0.92295
263 0.92264
264 0.92232
265 0.92201
266 0.92170
267 0.92139
268 0.92108
269 0.92078
270 0.92047
271 0.92016
272 0.91985
273 0.91955
274 0.91924
275 0.91894
276 0.91863
277 0.91833
278 0.91803
279 0.91773
280 0.91742
281 0.91712
282 0.91682
283 0.91652
284 0.91622
285 0.91593
286 0.91563
287 0.91533
288 0.91504
289 0.91474
290 0.91444
291 0.91415
292 0.91386
293 0.91356
294 0.91327
295 0.91298
296 0.91269
297 0.91240
298 0.91211
299 0.91182
300 0.91154
301 0.91125
302 0.91096
303 0.91068
304 0.91039
305 0.91011
306 0.90982
307 0.90954
308 0.90926
309 0.90898
310 0.90870
311 0.90842
312 0.90814
313 0.90786
314 0.90759
315 0.90731
316 0.90703
317 0.90676
318 0.90649
319 0.90621
320 0.90594
321 0.90567
322 0.90540
323 0.90513
324 0.90486
325 0.90459
326 0.90432
327 0.90405
328 0.90379
329 0.90352
330 0.90326
331 0.90300
332 0.90273
333 0.90247
334 0.90221
335 0.90195
336 0.90169
337 0.90143
338 0.90117
339 0.90092
340 0.90066
341 0.90041
342 0.90015
343 0.89990
344 0.89965
345 0.89940
346 0.89915
347 0.89890
348 0.89865
349 0.89840
350 0.89815
351 0.89790
352 0.89766
353 0.89741
354 0.89717
355 0.89693
356 0.89669
357 0.89645
358 0.89621
359 0.89597
360 0.89573
361 0.89549
362 0.89525
363 0.89502
364 0.89478
365 0.89455
366 0.89432
367 0.89409
368 0.89386
369 0.89363
370 0.89340
371 0.89317
372 0.89294
373 0.89272
374 0.89249
375 0.89227
376 0.89204
377 0.89182
378 0.89160
379 0.89138
380 0.89116
381 0.89094
382 0.89072
383 0.89051
384 0.89029
385 0.89008
386 0.88986
387 0.88965
388 0.88944
389 0.88923
390 0.88902
391 0.88881
392 0.88860
393 0.88840
394 0.88819
395 0.88798
396 0.88778
397 0.88758
398 0.88738
399 0.88718
400 0.88698
401 0.88678
402 0.88658
403 0.88638
404 0.88619
405 0.88599
406 0.88580
407 0.88561
408 0.88541
409 0.88522
410 0.88503
411 0.88485
412 0.88466
413 0.88447
414 0.88429
415 0.88410
416 0.88392
417 0.88374
418 0.88356
419 0.88338
420 0.88320
421 0.88302
422 0.88284
423 0.88266
424 0.88249
425 0.88232
426 0.88214
427 0.88197
428 0.88180
429 0.88163
430 0.88146
431 0.88130
432 0.88113
433 0.88096
434 0.88080
435 0.88064
436 0.88047
437 0.88031
438 0.88015
439 0.87999
440 0.87984
441 0.87968
442 0.87952
443 0.87937
444 0.87922
445 0.87906
446 0.87891
447 0.87876
448 0.87861
449 0.87847
450 0.87832
451 0.87817
452 0.87803
453 0.87789
454 0.87774
455 0.87760
456 0.87746
457 0.87732
458 0.87719
459 0.87705
460 0.87691
461 0.87678
462 0.87665
463 0.87651
464 0.87638
465 0.87625
466 0.87612
467 0.87600
468 0.87587
469 0.87574
470 0.87562
471 0.87550
472 0.87538
473 0.87525
474 0.87514
475 0.87502
476 0.87490
477 0.87478
478 0.87467
479 0.87455
480 0.87444
481 0.87433
482 0.87422
483 0.87411
484 0.87400
485 0.87390
486 0.87379
487 0.87369
488 0.87358
489 0.87348
490 0.87338
491 0.87328
492 0.87318
493 0.87308
494 0.87299
495 0.87289
496 0.87280
497 0.87271
498 0.87262
499 0.87253
500 0.87244
501 0.87235
502 0.87226
503 0.87218
504 0.87209
505 0.87201
506 0.87193
507 0.87185
508 0.87177
509 0.87169
510 0.87161
511 0.87154
512 0.87146
513 0.87139
514 0.87132
515 0.87125
516 0.87118
517 0.87111
518 0.87104
519 0.87098
520 0.87091
521 0.87085
522 0.87079
523 0.87073
524 0.87067
525 0.87061
526 0.87055
527 0.87049
528 0.87044
529 0.87039
530 0.87033
531 0.87028
532 0.87023
533 0.87019
534 0.87014
535 0.87009
536 0.87005
537 0.87000
538 0.86996
539 0.86992
540 0.86988
541 0.86984
542 0.86981
543 0.86977
544 0.86974
545 0.86970
546 0.86967
547 0.86964
548 0.86961
549 0.86958
550 0.86956
551 0.86953
552 0.86951
553 0.86948
554 0.86946
555 0.86944
556 0.86942
557 0.86941
558 0.86939
559 0.86938
560 0.86936
561 0.86935
562 0.86934
563 0.86933
564 0.86932
565 0.86931
566 0.86931
567 0.86930
568 0.86930
569 0.86930
570 0.86930
571 0.86930
572 0.86930
573 0.86930
574 0.86931
575 0.86931
576 0.86932
577 0.86933
578 0.86934
579 0.86935
580 0.86936
581 0.86938
582 0.86939
583 0.86941
584 0.86943
585 0.86945
586 0.86947
587 0.86949
588 0.86951
589 0.86954
590 0.86957
591 0.86959
592 0.86962
593 0.86965
594 0.86968
595 0.86972
596 0.86975
597 0.86979
598 0.86982
599 0.86986
600 0.86990
601 0.86994
602 0.86999
603 0.87003
604 0.87008
605 0.87012
606 0.87017
607 0.87022
608 0.87027
609 0.87033
610 0.87038
611 0.87043
612 0.87049
613 0.87055
614 0.87061
615 0.87067
616 0.87073
617 0.87080
618 0.87086
619 0.87093
620 0.87100
621 0.87107
622 0.87114
623 0.87121
624 0.87128
625 0.87136
626 0.87143
627 0.87151
628 0.87159
629 0.87167
630 0.87175
631 0.87184
632 0.87192
633 0.87201
634 0.87210
635 0.87219
636 0.87228
637 0.87237
638 0.87247
639 0.87256
640 0.87266
641 0.87276
642 0.87286
643 0.87296
644 0.87306
645 0.87316
646 0.87327
647 0.87338
648 0.87349
649 0.87360
650 0.87371
651 0.87382
652 0.87394
653 0.87405
654 0.87417
655 0.87429
656 0.87441
657 0.87453
658 0.87465
659 0.87478
660 0.87491
661 0.87503
662 0.87516
663 0.87529
664 0.87543
665 0.87556
666 0.87570
667 0.87583
668 0.87597
669 0.87611
670 0.87625
671 0.87640
672 0.87654
673 0.87669
674 0.87684
675 0.87699
676 0.87714
677 0.87729
678 0.87744
679 0.87760
680 0.87776
681 0.87792
682 0.87808
683 0.87824
684 0.87840
685 0.87857
686 0.87873
687 0.87890
688 0.87907
689 0.87924
690 0.87941
691 0.87959
692 0.87976
693 0.87994
694 0.88012
695 0.88030
696 0.88048
697 0.88067
698 0.88085
699 0.88104
700 0.88123
701 0.88142
702 0.88161
703 0.88181
704 0.88200
705 0.88220
706 0.88240
707 0.88260
708 0.88280
709 0.88300
710 0.88321
711 0.88341
712 0.88362
713 0.88383
714 0.88404
715 0.88426
716 0.88447
717 0.88469
718 0.88491
719 0.88512
720 0.88535
721 0.88557
722 0.88579
723 0.88602
724 0.88625
725 0.88648
726 0.88671
727 0.88694
728 0.88718
729 0.88741
730 0.88765
731 0.88789
732 0.88813
733 0.88838
734 0.88862
735 0.88887
736 0.88912
737 0.88937
738 0.88962
739 0.88987
740 0.89013
741 0.89038
742 0.89064
743 0.89090
744 0.89116
745 0.89143
746 0.89169
747 0.89196
748 0.89223
749 0.89250
750 0.89277
751 0.89305
752 0.89332
753 0.89360
754 0.89388
755 0.89416
756 0.89445
757 0.89473
758 0.89502
759 0.89530
760 0.89560
761 0.89589
762 0.89618
763 0.89648
764 0.89677
765 0.89707
766 0.89737
767 0.89768
768 0.89798
769 0.89829
770 0.89859
771 0.89890
772 0.89922
773 0.89953
774 0.89985
775 0.90016
776 0.90048
777 0.90080
778 0.90113
779 0.90145
780 0.90178
781 0.90210
782 0.90243
783 0.90277
784 0.90310
785 0.90344
786 0.90377
787 0.90411
788 0.90445
789 0.90480
790 0.90514
791 0.90549
792 0.90584
793 0.90619
794 0.90654
795 0.90690
796 0.90725
797 0.90761
798 0.90797
799 0.90833
800 0.90870
801 0.90906
802 0.90943
803 0.90980
804 0.91017
805 0.91055
806 0.91092
807 0.91130
808 0.91168
809 0.91206
810 0.91244
811 0.91283
812 0.91322
813 0.91361
814 0.91400
815 0.91439
816 0.91479
817 0.91518
818 0.91558
819 0.91599
820 0.91639
821 0.91679
822 0.91720
823 0.91761
824 0.91802
825 0.91844
826 0.91885
827 0.91927
828 0.91969
829 0.92011
830 0.92053
831 0.92096
832 0.92139
833 0.92182
834 0.92225
835 0.92268
836 0.92312
837 0.92355
838 0.92399
839 0.92444
840 0.92488
841 0.92533
842 0.92578
843 0.92623
844 0.92668
845 0.92713
846 0.92759
847 0.92805
848 0.92851
849 0.92897
850 0.92944
851 0.92991
852 0.93037
853 0.93085
854 0.93132
855 0.93180
856 0.93227
857 0.93275
858 0.93324
859 0.93372
860 0.93421
861 0.93470
862 0.93519
863 0.93568
864 0.93618
865 0.93668
866 0.93718
867 0.93768
868 0.93818
869 0.93869
870 0.93920
871 0.93971
872 0.94022
873 0.94074
874 0.94126
875 0.94178
876 0.94230
877 0.94282
878 0.94335
879 0.94388
880 0.94441
881 0.94494
882 0.94548
883 0.94602
884 0.94656
885 0.94710
886 0.94765
887 0.94819
888 0.94874
889 0.94930
890 0.94985
891 0.95041
892 0.95097
893 0.95153
894 0.95209
895 0.95266
896 0.95323
897 0.95380
898 0.95437
899 0.95495
900 0.95552
901 0.95610
902 0.95669
903 0.95727
904 0.95786
905 0.95845
906 0.95904
907 0.95964
908 0.96024
909 0.96083
910 0.96144
911 0.96204
912 0.96251
913 0.96505
914 0.96671
915 0.96784
916 0.96849
917 0.96882
918 0.96920
919 0.96961
920 0.97008
921 0.97062
922 0.97057
923 0.97053
924 0.97117
925 0.97112
926 0.97108
927 0.97186
928 0.97182
929 0.97177
930 0.97173
931 0.97272
932 0.97268
933 0.97264
934 0.97259
935 0.97255
936 0.97251
937 0.97247
938 0.97379
939 0.97375
940 0.97371
941 0.97367
942 0.97363
943 0.97359
944 0.97355
945 0.97351
946 0.97347
947 0.97343
948 0.97339
949 0.97335
950 0.97527
951 0.97524
952 0.97520
953 0.97516
954 0.97512
955 0.97509
956 0.97505
957 0.97501
958 0.97498
959 0.97494
960 0.97490
961 0.97486
962 0.97483
963 0.97479
964 0.97475
965 0.97471
966 0.97468
967 0.97464
968 0.97460
969 0.97456
970 0.97453
971 0.97449
972 0.97445
973 0.97759
974 0.97755
975 0.97752
976 0.97749
977 0.97746
978 0.97742
979 0.97739
980 0.97736
981 0.97732
982 0.97729
983 0.97726
984 0.97723
985 0.97719
986 0.97716
987 0.97713
988 0.97709
989 0.97706
990 0.97703
991 0.97699
992 0.97696
993 0.97693
994 0.97689
995 0.97686
996 0.97683
997 0.97680
998 0.97676
999 0.97673
1000 0.97670
1001 0.97666
1002 0.97663
1003 0.97660
1004 0.97656
1005 0.97653
1006 0.97650
1007 0.97646
1008 0.97643
1009 0.97640
1010 0.97636
1011 0.97633
1012 0.97630
1013 0.97626
1014 0.97623
1015 0.97620
1016 0.97616
1017 0.97613
1018 0.97610
1019 0.97606
1020 0.97603
1021 0.97600
1022 0.97596
1023 0.97593
1024 0.97590
1025 0.97586
1026 0.98223
1027 0.98221
1028 0.98218
1029 0.98216
1030 0.98213
1031 0.98211
1032 0.98208
1033 0.98206
1034 0.98203
1035 0.98201
1036 0.98198
1037 0.98196
1038 0.98193
1039 0.98191
1040 0.98188
1041 0.98186
1042 0.98184
1043 0.98181
1044 0.98179
1045 0.98176
1046 0.98174
1047 0.98171
1048 0.98169
1049 0.98166
1050 0.98164
1051 0.98161
1052 0.98159
1053 0.98156
1054 0.98154
1055 0.98151
1056 0.98149
1057 0.98146
1058 0.98144
1059 0.98141
1060 0.98139
1061 0.98136
1062 0.98134
1063 0.98131
1064 0.98129
1065 0.98126
1066 0.98124
1067 0.98121
1068 0.98119
1069 0.98116
1070 0.98114
1071 0.98111
1072 0.98109
1073 0.98106
1074 0.98104
1075 0.98101
1076 0.98099
1077 0.98096
1078 0.98094
1079 0.98091
1080 0.98089
1081 0.98086
1082 0.98083
1083 0.98081
1084 0.98078
1085 0.98076
1086 0.98073
1087 0.98071
1088 0.98068
1089 0.98066
1090 0.98063
1091 0.98061
1092 0.98058
1093 0.98056
1094 0.98053
1095 0.98051
1096 0.98048
1097 0.98046
1098 0.98043
1099 0.98041
1100 0.98038
1101 0.98035
1102 0.98033
1103 0.98030
1104 0.98028
1105 0.98025
1106 0.98023
1107 0.98020
1108 0.98018
1109 0.98015
1110 0.98013
1111 0.98010
1112 0.98007
1113 0.98005
1114 0.98002
1115 0.98000
1116 0.97997
1117 0.97995
1118 0.97992
1119 0.97990
1120 0.97987
1121 0.97984
1122 0.97982
1123 0.97979
1124 0.97977
1125 0.97974
1126 0.97972
1127 0.97969
1128 0.97967
1129 0.97964
1130 0.97961
1131 0.97959
1132 0.97956
1133 0.97954
1134 0.97951
1135 0.97949
1136 0.97946
1137 0.97943
1138 0.97941
1139 0.97938
1140 0.97936
1141 0.97933
1142 0.97931
1143 0.97928
1144 0.97925
1145 0.97923
1146 0.97920
1147 0.97918
1148 0.97915
1149 0.97913
1150 0.97910
1151 0.97907
1152 0.97905
1153 0.97902
1154 0.97900
1155 0.97897
1156 0.97894
1157 0.97892
1158 0.97889
1159 0.97887
1160 0.97884
1161 0.97881
1162 0.97879
1163 0.97876
1164 0.97874
1165 0.97871
1166 0.97869
1167 0.97866
1168 0.97863
1169 0.97861
1170 0.97858
1171 0.97856
1172 0.97853
1173 0.97850
1174 0.97848
1175 0.97845
1176 0.97842
1177 0.97840
1178 0.97837
1179 0.97835
1180 0.97832
1181 0.97829
1182 0.97827
1183 0.97824
1184 0.97822
1185 0.97819
1186 0.97816
1187 0.97814
1188 0.97811
1189 0.97809
1190 0.97806
1191 0.97803
1192 0.97801
1193 0.97798
1194 0.97795
1195 0.97793
1196 0.97790
1197 0.97788
1198 0.97785
1199 0.97782
1200 0.97780
1201 0.97777
1202 0.97774
1203 0.97772
1204 0.97769
1205 0.97767
1206 0.97764
1207 0.97761
1208 0.97759
1209 0.97756
1210 0.97753
1211 0.97751
1212 0.97748
1213 0.97745
1214 0.97743
1215 0.97740
1216 1.00000
