17 0.96859
18 0.96576
19 0.96284
20 0.95986
21 0.95680
22 0.95368
23 0.95048
24 0.94723
25 0.94391
26 0.94053
27 0.93709
28 0.93360
29 0.93005
30 0.92645
31 0.92280
32 0.91910
33 0.91536
34 0.91157
35 0.90774
36 0.90386
37 0.89995
38 0.89599
39 0.89200
40 0.88797
41 0.88391
42 0.87982
43 0.87569
44 0.87154
45 0.86735
46 0.86314
47 0.85890
48 0.85463
49 0.85034
50 0.84603
51 0.84170
52 0.83734
53 0.83296
54 0.82857
55 0.82416
56 0.81973
57 0.81529
58 0.81083
59 0.80636
60 0.80187
61 0.79737
62 0.79287
63 0.78835
64 0.78382
65 0.77929
66 0.77474
67 0.77019
68 0.76564
69 0.76108
70 0.75651
71 0.75194
72 0.74737
73 0.74280
74 0.73823
75 0.73365
76 0.72908
77 0.72450
78 0.71993
79 0.71536
80 0.71079
81 0.70622
82 0.70166
83 0.69710
84 0.69255
85 0.68801
86 0.68346
87 0.67893
88 0.67440
89 0.66988
90 0.66537
91 0.66087
92 0.65638
93 0.65189
94 0.64742
95 0.64296
96 0.63850
97 0.63406
98 0.62963
99 0.62522
100 0.62081
101 0.61642
102 0.61204
103 0.60768
104 0.60332
105 0.59899
106 0.59467
107 0.59036
108 0.58607
109 0.58179
110 0.57753
111 0.57329
112 0.56906
113 0.56485
114 0.56065
115 0.55648
116 0.55232
117 0.54818
118 0.54405
119 0.53995
120 0.53586
121 0.53179
122 0.52774
123 0.52371
124 0.51970
125 0.51571
126 0.51173
127 0.50778
128 0.50385
129 0.49993
130 0.49604
131 0.49217
132 0.48832
133 0.48448
134 0.48067
135 0.47688
136 0.47311
137 0.46936
138 0.46563
139 0.46193
140 0.45824
141 0.45458
142 0.45093
143 0.44731
144 0.44371
145 0.44013
146 0.43658
147 0.43304
148 0.42953
149 0.42604
150 0.42257
151 0.41912
152 0.41569
153 0.41229
154 0.40890
155 0.40554
156 0.40220
157 0.39889
158 0.39559
159 0.39232
160 0.38907
161 0.38584
162 0.38263
163 0.37945
164 0.37628
165 0.37314
166 0.37002
167 0.36692
168 0.36385
169 0.36079
170 0.35776
171 0.35475
172 0.35176
173 0.34879
174 0.34584
175 0.34292
176 0.34001
177 0.33713
178 0.33427
179 0.33143
180 0.32861
181 0.32581
182 0.32304
183 0.32028
184 0.31755
185 0.31484
186 0.31214
187 0.30947
188 0.30682
189 0.30419
190 0.30158
191 0.29899
192 0.29642
193 0.29387
194 0.29134
195 0.28883
196 0.28635
197 0.28388
198 0.28143
199 0.27900
200 0.27659
201 0.27420
202 0.27183
203 0.26948
204 0.26715
205 0.26483
206 0.26254
207 0.26026
208 0.25801
209 0.25577
210 0.25355
211 0.25135
212 0.24917
213 0.24701
214 0.24486
215 0.24274
216 0.24063
217 0.23854
218 0.23647
219 0.23441
220 0.23237
221 0.23035
222 0.22835
223 0.22637
224 0.22440
225 0.22245
226 0.22051
227 0.21860
228 0.21670
229 0.21481
230 0.21294
231 0.21109
232 0.20926
233 0.20744
234 0.20564
235 0.20385
236 0.20208
237 0.20033
238 0.19859
239 0.19687
240 0.19516
241 0.19347
242 0.19179
243 0.19013
244 0.18848
245 0.18685
246 0.18523
247 0.18363
248 0.18204
249 0.18047
250 0.17891
251 0.17737
252 0.17584
253 0.17432
254 0.17282
255 0.17133
256 0.16985
257 0.16839
258 0.16694
259 0.16551
260 0.16409
261 0.16268
262 0.16129
263 0.15990
264 0.15853
265 0.15718
266 0.15584
267 0.15450
268 0.15319
269 0.15188
270 0.15059
271 0.14930
272 0.14803
273 0.14678
274 0.14553
275 0.14430
276 0.14308
277 0.14187
278 0.14067
279 0.13948
280 0.13830
281 0.13714
282 0.13598
283 0.13484
284 0.13371
285 0.13259
286 0.13148
287 0.13038
288 0.12929
289 0.12821
290 0.12714
291 0.12608
292 0.12503
293 0.12399
294 0.12297
295 0.12195
296 0.12094
297 0.11994
298 0.11895
299 0.11797
300 0.11700
301 0.11604
302 0.11509
303 0.11415
304 0.11322
305 0.11230
306 0.11138
307 0.11048
308 0.10958
309 0.10869
310 0.10781
311 0.10694
312 0.10608
313 0.10522
314 0.10438
315 0.10354
316 0.10271
317 0.10189
318 0.10108
319 0.10028
320 0.09948
321 0.09869
322 0.09791
323 0.09714
324 0.09637
325 0.09561
326 0.09486
327 0.09412
328 0.09338
329 0.09265
330 0.09193
331 0.09122
332 0.09051
333 0.08981
334 0.08912
335 0.08843
336 0.08775
337 0.08708
338 0.08641
339 0.08575
340 0.08510
341 0.08445
342 0.08381
343 0.08318
344 0.08255
345 0.08193
346 0.08132
347 0.08071
348 0.08011
349 0.07951
350 0.07892
351 0.07834
352 0.07776
353 0.07718
354 0.07662
355 0.07606
356 0.07550
357 0.07495
358 0.07440
359 0.07387
360 0.07333
361 0.07280
362 0.07228
363 0.07176
364 0.07125
365 0.07074
366 0.07024
367 0.06974
368 0.06925
369 0.06876
370 0.06828
371 0.06781
372 0.06733
373 0.06687
374 0.06640
375 0.06594
376 0.06549
377 0.06504
378 0.06460
379 0.06416
380 0.06372
381 0.06329
382 0.06287
383 0.06244
384 0.06203
385 0.06161
386 0.06120
387 0.06080
388 0.06040
389 0.06000
390 0.05961
391 0.05922
392 0.05884
393 0.05846
394 0.05808
395 0.05771
396 0.05734
397 0.05697
398 0.05661
399 0.05625
400 0.05590
401 0.05555
402 0.05520
403 0.05486
404 0.05452
405 0.05418
406 0.05385
407 0.05352
408 0.05320
409 0.05288
410 0.05256
411 0.05224
412 0.05193
413 0.05162
414 0.05132
415 0.05102
416 0.05072
417 0.05042
418 0.05013
419 0.04984
420 0.04955
421 0.04927
422 0.04899
423 0.04871
424 0.04844
425 0.04817
426 0.04790
427 0.04763
428 0.04737
429 0.04711
430 0.04685
431 0.04660
432 0.04635
433 0.04610
434 0.04585
435 0.04561
436 0.04537
437 0.04513
438 0.04490
439 0.04466
440 0.04443
441 0.04421
442 0.04398
443 0.04376
444 0.04354
445 0.04332
446 0.04311
447 0.04289
448 0.04268
449 0.04248
450 0.04227
451 0.04207
452 0.04187
453 0.04167
454 0.04147
455 0.04128
456 0.04109
457 0.04090
458 0.04071
459 0.04053
460 0.04034
461 0.04016
462 0.03999
463 0.03981
464 0.03964
465 0.03946
466 0.03929
467 0.03913
468 0.03896
469 0.03880
470 0.03863
471 0.03848
472 0.03832
473 0.03816
474 0.03801
475 0.03786
476 0.03771
477 0.03756
478 0.03741
479 0.03727
480 0.03713
481 0.03699
482 0.03685
483 0.03671
484 0.03658
485 0.03644
486 0.03631
487 0.03618
488 0.03606
489 0.03593
490 0.03581
491 0.03568
492 0.03556
493 0.03544
494 0.03533
495 0.03521
496 0.03510
497 0.03499
498 0.03488
499 0.03477
500 0.03466
501 0.03455
502 0.03445
503 0.03435
504 0.03425
505 0.03415
506 0.03405
507 0.03396
508 0.03386
509 0.03377
510 0.03368
511 0.03359
512 0.03350
513 0.03342
514 0.03333
515 0.03325
516 0.03317
517 0.03309
518 0.03301
519 0.03293
520 0.03286
521 0.03278
522 0.03271
523 0.03264
524 0.03257
525 0.03250
526 0.03243
527 0.03237
528 0.03231
529 0.03224
530 0.03218
531 0.03212
532 0.03207
533 0.03201
534 0.03195
535 0.03190
536 0.03185
537 0.03180
538 0.03175
539 0.03170
540 0.03165
541 0.03161
542 0.03157
543 0.03152
544 0.03148
545 0.03144
546 0.03141
547 0.03137
548 0.03133
549 0.03130
550 0.03127
551 0.03124
552 0.03121
553 0.03118
554 0.03115
555 0.03113
556 0.03110
557 0.03108
558 0.03106
559 0.03104
560 0.03102
561 0.03101
562 0.03099
563 0.03098
564 0.03096
565 0.03095
566 0.03094
567 0.03094
568 0.03093
569 0.03092
570 0.03092
571 0.03092
572 0.03091
573 0.03091
574 0.03092
575 0.03092
576 0.03092
577 0.03093
578 0.03094
579 0.03095
580 0.03096
581 0.03097
582 0.03098
583 0.03100
584 0.03101
585 0.03103
586 0.03105
587 0.03107
588 0.03109
589 0.03112
590 0.03114
591 0.03117
592 0.03120
593 0.03123
594 0.03126
595 0.03129
596 0.03132
597 0.03136
598 0.03140
599 0.03144
600 0.03148
601 0.03152
602 0.03156
603 0.03161
604 0.03166
605 0.03171
606 0.03176
607 0.03181
608 0.03186
609 0.03192
610 0.03197
611 0.03203
612 0.03209
613 0.03215
614 0.03222
615 0.03228
616 0.03235
617 0.03242
618 0.03249
619 0.03256
620 0.03263
621 0.03271
622 0.03279
623 0.03287
624 0.03295
625 0.03303
626 0.03311
627 0.03320
628 0.03329
629 0.03338
630 0.03347
631 0.03357
632 0.03366
633 0.03376
634 0.03386
635 0.03396
636 0.03407
637 0.03418
638 0.03428
639 0.03440
640 0.03451
641 0.03462
642 0.03474
643 0.03486
644 0.03498
645 0.03511
646 0.03523
647 0.03536
648 0.03549
649 0.03563
650 0.03576
651 0.03590
652 0.03604
653 0.03618
654 0.03633
655 0.03648
656 0.03663
657 0.03678
658 0.03694
659 0.03709
660 0.03726
661 0.03742
662 0.03759
663 0.03776
664 0.03793
665 0.03810
666 0.03828
667 0.03846
668 0.03865
669 0.03884
670 0.03903
671 0.03922
672 0.03942
673 0.03962
674 0.03982
675 0.04003
676 0.04024
677 0.04045
678 0.04067
679 0.04089
680 0.04111
681 0.04134
682 0.04157
683 0.04180
684 0.04204
685 0.04228
686 0.04252
687 0.04277
688 0.04303
689 0.04328
690 0.04354
691 0.04381
692 0.04407
693 0.04435
694 0.04462
695 0.04490
696 0.04519
697 0.04548
698 0.04577
699 0.04607
700 0.04638
701 0.04669
702 0.04700
703 0.04732
704 0.04764
705 0.04797
706 0.04830
707 0.04864
708 0.04899
709 0.04934
710 0.04969
711 0.05005
712 0.05042
713 0.05079
714 0.05117
715 0.05155
716 0.05194
717 0.05233
718 0.05274
719 0.05314
720 0.05356
721 0.05398
722 0.05441
723 0.05484
724 0.05528
725 0.05573
726 0.05619
727 0.05665
728 0.05712
729 0.05760
730 0.05808
731 0.05858
732 0.05908
733 0.05958
734 0.06010
735 0.06063
736 0.06116
737 0.06170
738 0.06225
739 0.06281
740 0.06338
741 0.06396
742 0.06454
743 0.06514
744 0.06575
745 0.06636
746 0.06699
747 0.06763
748 0.06827
749 0.06893
750 0.06960
751 0.07028
752 0.07097
753 0.07167
754 0.07238
755 0.07311
756 0.07384
757 0.07459
758 0.07535
759 0.07613
760 0.07691
761 0.07771
762 0.07853
763 0.07936
764 0.08020
765 0.08105
766 0.08192
767 0.08281
768 0.08371
769 0.08462
770 0.08556
771 0.08650
772 0.08747
773 0.08845
774 0.08944
775 0.09046
776 0.09149
777 0.09254
778 0.09360
779 0.09469
780 0.09580
781 0.09692
782 0.09807
783 0.09923
784 0.10042
785 0.10162
786 0.10285
787 0.10410
788 0.10537
789 0.10667
790 0.10799
791 0.10933
792 0.11069
793 0.11208
794 0.11350
795 0.11494
796 0.11641
797 0.11790
798 0.11943
799 0.12098
800 0.12256
801 0.12416
802 0.12580
803 0.12747
804 0.12917
805 0.13090
806 0.13266
807 0.13446
808 0.13629
809 0.13814
810 0.14002
811 0.14194
812 0.14389
813 0.14588
814 0.14791
815 0.14997
816 0.15208
817 0.15422
818 0.15641
819 0.15864
820 0.16091
821 0.16323
822 0.16559
823 0.16800
824 0.17045
825 0.17296
826 0.17551
827 0.17811
828 0.18077
829 0.18347
830 0.18623
831 0.18905
832 0.19192
833 0.19485
834 0.19783
835 0.20088
836 0.20399
837 0.20717
838 0.21040
839 0.21371
840 0.21708
841 0.22052
842 0.22403
843 0.22761
844 0.23127
845 0.23500
846 0.23881
847 0.24270
848 0.24667
849 0.25073
850 0.25487
851 0.25910
852 0.26341
853 0.26782
854 0.27232
855 0.27692
856 0.28162
857 0.28642
858 0.29132
859 0.29633
860 0.30144
861 0.30667
862 0.31201
863 0.31747
864 0.32304
865 0.32874
866 0.33457
867 0.34052
868 0.34661
869 0.35283
870 0.35919
871 0.36569
872 0.37234
873 0.37913
874 0.38608
875 0.39319
876 0.40046
877 0.40789
878 0.41550
879 0.42327
880 0.43123
881 0.43937
882 0.44770
883 0.45622
884 0.46493
885 0.47385
886 0.48298
887 0.49233
888 0.50189
889 0.51167
890 0.52169
891 0.53195
892 0.54245
893 0.55320
894 0.56420
895 0.57547
896 0.58701
897 0.59883
898 0.61094
899 0.62333
900 0.63603
901 0.64904
902 0.66237
903 0.67602
904 0.69001
905 0.70434
906 0.71903
907 0.73409
908 0.74951
909 0.76533
910 0.78153
911 0.79815
912 0.81160
913 0.81394
914 0.81661
915 0.81923
916 0.82095
917 0.82178
918 0.82286
919 0.82427
920 0.82611
921 0.82852
922 0.82791
923 0.82729
924 0.83050
925 0.82989
926 0.82929
927 0.83362
928 0.83303
929 0.83244
930 0.83185
931 0.83789
932 0.83732
933 0.83674
934 0.83616
935 0.83559
936 0.83501
937 0.83443
938 0.84324
939 0.84268
940 0.84213
941 0.84157
942 0.84102
943 0.84046
944 0.83990
945 0.83934
946 0.83878
947 0.83822
948 0.83765
949 0.83709
950 0.85084
951 0.85032
952 0.84980
953 0.84927
954 0.84875
955 0.84822
956 0.84769
957 0.84717
958 0.84664
959 0.84610
960 0.84557
961 0.84504
962 0.84450
963 0.84397
964 0.84343
965 0.84290
966 0.84236
967 0.84182
968 0.84128
969 0.84073
970 0.84019
971 0.83965
972 0.83910
973 0.86309
974 0.86262
975 0.86214
976 0.86167
977 0.86120
978 0.86072
979 0.86024
980 0.85977
981 0.85929
982 0.85881
983 0.85833
984 0.85785
985 0.85736
986 0.85688
987 0.85640
988 0.85591
989 0.85542
990 0.85494
991 0.85445
992 0.85396
993 0.85347
994 0.85298
995 0.85249
996 0.85199
997 0.85150
998 0.85100
999 0.85051
1000 0.85001
1001 0.84951
1002 0.84901
1003 0.84851
1004 0.84801
1005 0.84751
1006 0.84700
1007 0.84650
1008 0.84599
1009 0.84549
1010 0.84498
1011 0.84447
1012 0.84396
1013 0.84345
1014 0.84294
1015 0.84243
1016 0.84191
1017 0.84140
1018 0.84088
1019 0.84036
1020 0.83985
1021 0.83933
1022 0.83881
1023 0.83829
1024 0.83777
1025 0.83724
1026 0.88880
1027 0.88843
1028 0.88806
1029 0.88769
1030 0.88732
1031 0.88695
1032 0.88658
1033 0.88621
1034 0.88583
1035 0.88546
1036 0.88508
1037 0.88470
1038 0.88433
1039 0.88395
1040 0.88357
1041 0.88319
1042 0.88281
1043 0.88243
1044 0.88205
1045 0.88167
1046 0.88128
1047 0.88090
1048 0.88051
1049 0.88013
1050 0.87974
1051 0.87935
1052 0.87896
1053 0.87858
1054 0.87819
1055 0.87780
1056 0.87740
1057 0.87701
1058 0.87662
1059 0.87623
1060 0.87583
1061 0.87544
1062 0.87504
1063 0.87464
1064 0.87424
1065 0.87385
1066 0.87345
1067 0.87305
1068 0.87265
1069 0.87224
1070 0.87184
1071 0.87144
1072 0.87103
1073 0.87063
1074 0.87022
1075 0.86982
1076 0.86941
1077 0.86900
1078 0.86859
1079 0.86818
1080 0.86777
1081 0.86736
1082 0.86695
1083 0.86654
1084 0.86612
1085 0.86571
1086 0.86529
1087 0.86488
1088 0.86446
1089 0.86404
1090 0.86363
1091 0.86321
1092 0.86279
1093 0.86237
1094 0.86194
1095 0.86152
1096 0.86110
1097 0.86067
1098 0.86025
1099 0.85982
1100 0.85940
1101 0.85897
1102 0.85854
1103 0.85811
1104 0.85768
1105 0.85725
1106 0.85682
1107 0.85639
1108 0.85596
1109 0.85552
1110 0.85509
1111 0.85466
1112 0.85422
1113 0.85378
1114 0.85334
1115 0.85291
1116 0.85247
1117 0.85203
1118 0.85159
1119 0.85115
1120 0.85070
1121 0.85026
1122 0.84982
1123 0.84937
1124 0.84893
1125 0.84848
1126 0.84803
1127 0.84758
1128 0.84714
1129 0.84669
1130 0.84624
1131 0.84578
1132 0.84533
1133 0.84488
1134 0.84443
1135 0.84397
1136 0.84352
1137 0.84306
1138 0.84260
1139 0.84215
1140 0.84169
1141 0.84123
1142 0.84077
1143 0.84031
1144 0.83985
1145 0.83938
1146 0.83892
1147 0.83846
1148 0.83799
1149 0.83753
1150 0.83706
1151 0.83659
1152 0.83613
1153 0.83566
1154 0.83519
1155 0.83472
1156 0.83425
1157 0.83377
1158 0.83330
1159 0.83283
1160 0.83235
1161 0.83188
1162 0.83140
1163 0.83093
1164 0.83045
1165 0.82997
1166 0.82949
1167 0.82901
1168 0.82853
1169 0.82805
1170 0.82757
1171 0.82708
1172 0.82660
1173 0.82612
1174 0.82563
1175 0.82514
1176 0.82466
1177 0.82417
1178 0.82368
1179 0.82319
1180 0.82270
1181 0.82221
1182 0.82172
1183 0.82123
1184 0.82073
1185 0.82024
1186 0.81974
1187 0.81925
1188 0.81875
1189 0.81826
1190 0.81776
1191 0.81726
1192 0.81676
1193 0.81626
1194 0.81576
1195 0.81526
1196 0.81475
1197 0.81425
1198 0.81374
1199 0.81324
1200 0.81273
1201 0.81223
1202 0.81172
1203 0.81121
1204 0.81070
1205 0.81019
1206 0.80968
1207 0.80917
1208 0.80866
1209 0.80815
1210 0.80763
1211 0.80712
1212 0.80660
1213 0.80609
1214 0.80557
1215 0.80505
1216 1.00000
