17 0.87188
18 0.86135
19 0.85066
20 0.83984
21 0.82891
22 0.81788
23 0.80676
24 0.79557
25 0.78432
26 0.77302
27 0.76169
28 0.75034
29 0.73897
30 0.72760
31 0.71624
32 0.70489
33 0.69356
34 0.68227
35 0.67102
36 0.65981
37 0.64865
38 0.63756
39 0.62653
40 0.61557
41 0.60469
42 0.59388
43 0.58317
44 0.57254
45 0.56201
46 0.55157
47 0.54124
48 0.53101
49 0.52089
50 0.51088
51 0.50098
52 0.49119
53 0.48153
54 0.47198
55 0.46255
56 0.45325
57 0.44406
58 0.43501
59 0.42607
60 0.41727
61 0.40859
62 0.40004
63 0.39162
64 0.38332
65 0.37516
66 0.36712
67 0.35921
68 0.35143
69 0.34378
70 0.33626
71 0.32886
72 0.32159
73 0.31444
74 0.30743
75 0.30053
76 0.29376
77 0.28711
78 0.28059
79 0.27418
80 0.26790
81 0.26173
82 0.25568
83 0.24975
84 0.24394
85 0.23823
86 0.23264
87 0.22716
88 0.22180
89 0.21654
90 0.21138
91 0.20634
92 0.20139
93 0.19655
94 0.19181
95 0.18718
96 0.18264
97 0.17819
98 0.17385
99 0.16959
100 0.16543
101 0.16136
102 0.15738
103 0.15349
104 0.14968
105 0.14596
106 0.14233
107 0.13877
108 0.13530
109 0.13190
110 0.12859
111 0.12534
112 0.12218
113 0.11909
114 0.11607
115 0.11312
116 0.11024
117 0.10742
118 0.10468
119 0.10200
120 0.09938
121 0.09683
122 0.09434
123 0.09190
124 0.08953
125 0.08721
126 0.08495
127 0.08275
128 0.08060
129 0.07850
130 0.07646
131 0.07446
132 0.07252
133 0.07062
134 0.06877
135 0.06697
136 0.06521
137 0.06350
138 0.06183
139 0.06020
140 0.05861
141 0.05706
142 0.05556
143 0.05409
144 0.05265
145 0.05126
146 0.04990
147 0.04858
148 0.04729
149 0.04603
150 0.04481
151 0.04361
152 0.04245
153 0.04132
154 0.04022
155 0.03915
156 0.03810
157 0.03708
158 0.03609
159 0.03513
160 0.03419
161 0.03327
162 0.03238
163 0.03152
164 0.03067
165 0.02985
166 0.02905
167 0.02827
168 0.02751
169 0.02678
170 0.02606
171 0.02536
172 0.02468
173 0.02402
174 0.02337
175 0.02275
176 0.02213
177 0.02154
178 0.02096
179 0.02040
180 0.01985
181 0.01932
182 0.01880
183 0.01830
184 0.01781
185 0.01733
186 0.01687
187 0.01641
188 0.01597
189 0.01555
190 0.01513
191 0.01473
192 0.01433
193 0.01395
194 0.01358
195 0.01321
196 0.01286
197 0.01252
198 0.01218
199 0.01186
200 0.01154
201 0.01123
202 0.01094
203 0.01064
204 0.01036
205 0.01009
206 0.00982
207 0.00956
208 0.00930
209 0.00906
210 0.00882
211 0.00858
212 0.00836
213 0.00814
214 0.00792
215 0.00771
216 0.00751
217 0.00731
218 0.00712
219 0.00693
220 0.00675
221 0.00657
222 0.00640
223 0.00623
224 0.00607
225 0.00591
226 0.00576
227 0.00561
228 0.00546
229 0.00532
230 0.00518
231 0.00505
232 0.00492
233 0.00479
234 0.00467
235 0.00455
236 0.00443
237 0.00431
238 0.00420
239 0.00410
240 0.00399
241 0.00389
242 0.00379
243 0.00369
244 0.00360
245 0.00351
246 0.00342
247 0.00333
248 0.00325
249 0.00316
250 0.00308
251 0.00301
252 0.00293
253 0.00286
254 0.00278
255 0.00272
256 0.00265
257 0.00258
258 0.00252
259 0.00245
260 0.00239
261 0.00233
262 0.00228
263 0.00222
264 0.00216
265 0.00211
266 0.00206
267 0.00201
268 0.00196
269 0.00191
270 0.00187
271 0.00182
272 0.00178
273 0.00173
274 0.00169
275 0.00165
276 0.00161
277 0.00157
278 0.00153
279 0.00150
280 0.00146
281 0.00143
282 0.00139
283 0.00136
284 0.00133
285 0.00130
286 0.00127
287 0.00124
288 0.00121
289 0.00118
290 0.00115
291 0.00112
292 0.00110
293 0.00107
294 0.00105
295 0.00102
296 0.00100
297 0.00098
298 0.00096
299 0.00093
300 0.00091
301 0.00089
302 0.00087
303 0.00085
304 0.00083
305 0.00081
306 0.00080
307 0.00078
308 0.00076
309 0.00074
310 0.00073
311 0.00071
312 0.00070
313 0.00068
314 0.00067
315 0.00065
316 0.00064
317 0.00062
318 0.00061
319 0.00060
320 0.00058
321 0.00057
322 0.00056
323 0.00055
324 0.00054
325 0.00052
326 0.00051
327 0.00050
328 0.00049
329 0.00048
330 0.00047
331 0.00046
332 0.00045
333 0.00044
334 0.00043
335 0.00042
336 0.00042
337 0.00041
338 0.00040
339 0.00039
340 0.00038
341 0.00038
342 0.00037
343 0.00036
344 0.00035
345 0.00035
346 0.00034
347 0.00033
348 0.00033
349 0.00032
350 0.00031
351 0.00031
352 0.00030
353 0.00030
354 0.00029
355 0.00029
356 0.00028
357 0.00027
358 0.00027
359 0.00026
360 0.00026
361 0.00025
362 0.00025
363 0.00025
364 0.00024
365 0.00024
366 0.00023
367 0.00023
368 0.00022
369 0.00022
370 0.00022
371 0.00021
372 0.00021
373 0.00020
374 0.00020
375 0.00020
376 0.00019
377 0.00019
378 0.00019
379 0.00018
380 0.00018
381 0.00018
382 0.00018
383 0.00017
384 0.00017
385 0.00017
386 0.00016
387 0.00016
388 0.00016
389 0.00016
390 0.00015
391 0.00015
392 0.00015
393 0.00015
394 0.00014
395 0.00014
396 0.00014
397 0.00014
398 0.00014
399 0.00013
400 0.00013
401 0.00013
402 0.00013
403 0.00013
404 0.00012
405 0.00012
406 0.00012
407 0.00012
408 0.00012
409 0.00011
410 0.00011
411 0.00011
412 0.00011
413 0.00011
414 0.00011
415 0.00010
416 0.00010
417 0.00010
418 0.00010
419 0.00010
420 0.00010
421 0.00010
422 0.00010
423 0.00009
424 0.00009
425 0.00009
426 0.00009
427 0.00009
428 0.00009
429 0.00009
430 0.00009
431 0.00008
432 0.00008
433 0.00008
434 0.00008
435 0.00008
436 0.00008
437 0.00008
438 0.00008
439 0.00008
440 0.00008
441 0.00008
442 0.00007
443 0.00007
444 0.00007
445 0.00007
446 0.00007
447 0.00007
448 0.00007
449 0.00007
450 0.00007
451 0.00007
452 0.00007
453 0.00007
454 0.00007
455 0.00006
456 0.00006
457 0.00006
458 0.00006
459 0.00006
460 0.00006
461 0.00006
462 0.00006
463 0.00006
464 0.00006
465 0.00006
466 0.00006
467 0.00006
468 0.00006
469 0.00006
470 0.00006
471 0.00006
472 0.00006
473 0.00005
474 0.00005
475 0.00005
476 0.00005
477 0.00005
478 0.00005
479 0.00005
480 0.00005
481 0.00005
482 0.00005
483 0.00005
484 0.00005
485 0.00005
486 0.00005
487 0.00005
488 0.00005
489 0.00005
490 0.00005
491 0.00005
492 0.00005
493 0.00005
494 0.00005
495 0.00005
496 0.00005
497 0.00005
498 0.00005
499 0.00005
500 0.00005
501 0.00004
502 0.00004
503 0.00004
504 0.00004
505 0.00004
506 0.00004
507 0.00004
508 0.00004
509 0.00004
510 0.00004
511 0.00004
512 0.00004
513 0.00004
514 0.00004
515 0.00004
516 0.00004
517 0.00004
518 0.00004
519 0.00004
520 0.00004
521 0.00004
522 0.00004
523 0.00004
524 0.00004
525 0.00004
526 0.00004
527 0.00004
528 0.00004
529 0.00004
530 0.00004
531 0.00004
532 0.00004
533 0.00004
534 0.00004
535 0.00004
536 0.00004
537 0.00004
538 0.00004
539 0.00004
540 0.00004
541 0.00004
542 0.00004
543 0.00004
544 0.00004
545 0.00004
546 0.00004
547 0.00004
548 0.00004
549 0.00004
550 0.00004
551 0.00004
552 0.00004
553 0.00004
554 0.00004
555 0.00004
556 0.00004
557 0.00004
558 0.00004
559 0.00004
560 0.00004
561 0.00004
562 0.00004
563 0.00004
564 0.00004
565 0.00004
566 0.00004
567 0.00004
568 0.00004
569 0.00004
570 0.00004
571 0.00004
572 0.00004
573 0.00004
574 0.00004
575 0.00004
576 0.00004
577 0.00004
578 0.00004
579 0.00004
580 0.00004
581 0.00004
582 0.00004
583 0.00004
584 0.00004
585 0.00004
586 0.00004
587 0.00004
588 0.00004
589 0.00004
590 0.00004
591 0.00004
592 0.00004
593 0.00004
594 0.00004
595 0.00004
596 0.00004
597 0.00004
598 0.00004
599 0.00005
600 0.00005
601 0.00005
602 0.00005
603 0.00005
604 0.00005
605 0.00005
606 0.00005
607 0.00005
608 0.00005
609 0.00005
610 0.00005
611 0.00005
612 0.00005
613 0.00005
614 0.00005
615 0.00005
616 0.00005
617 0.00005
618 0.00005
619 0.00005
620 0.00005
621 0.00005
622 0.00005
623 0.00005
624 0.00005
625 0.00005
626 0.00006
627 0.00006
628 0.00006
629 0.00006
630 0.00006
631 0.00006
632 0.00006
633 0.00006
634 0.00006
635 0.00006
636 0.00006
637 0.00006
638 0.00006
639 0.00006
640 0.00006
641 0.00006
642 0.00007
643 0.00007
644 0.00007
645 0.00007
646 0.00007
647 0.00007
648 0.00007
649 0.00007
650 0.00007
651 0.00007
652 0.00007
653 0.00007
654 0.00008
655 0.00008
656 0.00008
657 0.00008
658 0.00008
659 0.00008
660 0.00008
661 0.00008
662 0.00008
663 0.00009
664 0.00009
665 0.00009
666 0.00009
667 0.00009
668 0.00009
669 0.00009
670 0.00009
671 0.00010
672 0.00010
673 0.00010
674 0.00010
675 0.00010
676 0.00010
677 0.00011
678 0.00011
679 0.00011
680 0.00011
681 0.00011
682 0.00011
683 0.00012
684 0.00012
685 0.00012
686 0.00012
687 0.00012
688 0.00013
689 0.00013
690 0.00013
691 0.00013
692 0.00014
693 0.00014
694 0.00014
695 0.00014
696 0.00015
697 0.00015
698 0.00015
699 0.00016
700 0.00016
701 0.00016
702 0.00016
703 0.00017
704 0.00017
705 0.00017
706 0.00018
707 0.00018
708 0.00019
709 0.00019
710 0.00019
711 0.00020
712 0.00020
713 0.00021
714 0.00021
715 0.00021
716 0.00022
717 0.00022
718 0.00023
719 0.00023
720 0.00024
721 0.00024
722 0.00025
723 0.00025
724 0.00026
725 0.00027
726 0.00027
727 0.00028
728 0.00029
729 0.00029
730 0.00030
731 0.00031
732 0.00031
733 0.00032
734 0.00033
735 0.00034
736 0.00034
737 0.00035
738 0.00036
739 0.00037
740 0.00038
741 0.00039
742 0.00040
743 0.00041
744 0.00042
745 0.00043
746 0.00044
747 0.00045
748 0.00047
749 0.00048
750 0.00049
751 0.00050
752 0.00052
753 0.00053
754 0.00055
755 0.00056
756 0.00058
757 0.00059
758 0.00061
759 0.00062
760 0.00064
761 0.00066
762 0.00068
763 0.00070
764 0.00072
765 0.00074
766 0.00076
767 0.00078
768 0.00080
769 0.00083
770 0.00085
771 0.00088
772 0.00090
773 0.00093
774 0.00096
775 0.00099
776 0.00102
777 0.00105
778 0.00108
779 0.00111
780 0.00115
781 0.00118
782 0.00122
783 0.00126
784 0.00130
785 0.00134
786 0.00138
787 0.00143
788 0.00147
789 0.00152
790 0.00157
791 0.00162
792 0.00167
793 0.00173
794 0.00178
795 0.00184
796 0.00190
797 0.00197
798 0.00203
799 0.00210
800 0.00217
801 0.00225
802 0.00233
803 0.00241
804 0.00249
805 0.00258
806 0.00267
807 0.00276
808 0.00286
809 0.00296
810 0.00306
811 0.00317
812 0.00328
813 0.00340
814 0.00353
815 0.00365
816 0.00379
817 0.00392
818 0.00407
819 0.00422
820 0.00438
821 0.00454
822 0.00471
823 0.00488
824 0.00507
825 0.00526
826 0.00546
827 0.00567
828 0.00589
829 0.00611
830 0.00635
831 0.00659
832 0.00685
833 0.00712
834 0.00740
835 0.00769
836 0.00800
837 0.00831
838 0.00864
839 0.00899
840 0.00935
841 0.00973
842 0.01013
843 0.01054
844 0.01097
845 0.01142
846 0.01189
847 0.01238
848 0.01289
849 0.01343
850 0.01399
851 0.01458
852 0.01519
853 0.01584
854 0.01651
855 0.01721
856 0.01795
857 0.01872
858 0.01953
859 0.02037
860 0.02126
861 0.02218
862 0.02316
863 0.02417
864 0.02524
865 0.02636
866 0.02753
867 0.02875
868 0.03004
869 0.03139
870 0.03280
871 0.03429
872 0.03584
873 0.03747
874 0.03919
875 0.04098
876 0.04287
877 0.04485
878 0.04693
879 0.04912
880 0.05141
881 0.05382
882 0.05635
883 0.05901
884 0.06180
885 0.06474
886 0.06782
887 0.07107
888 0.07448
889 0.07806
890 0.08184
891 0.08581
892 0.08998
893 0.09437
894 0.09900
895 0.10386
896 0.10898
897 0.11438
898 0.12005
899 0.12603
900 0.13233
901 0.13896
902 0.14595
903 0.15332
904 0.16108
905 0.16926
906 0.17788
907 0.18698
908 0.19656
909 0.20668
910 0.21734
911 0.22859
912 0.23776
913 0.24255
914 0.24812
915 0.25370
916 0.25741
917 0.25920
918 0.26158
919 0.26470
920 0.26883
921 0.27431
922 0.27289
923 0.27147
924 0.27886
925 0.27744
926 0.27602
927 0.28622
928 0.28480
929 0.28338
930 0.28196
931 0.29653
932 0.29510
933 0.29368
934 0.29226
935 0.29084
936 0.28943
937 0.28801
938 0.30987
939 0.30845
940 0.30704
941 0.30562
942 0.30420
943 0.30279
944 0.30138
945 0.29997
946 0.29856
947 0.29715
948 0.29575
949 0.29434
950 0.32973
951 0.32832
952 0.32692
953 0.32551
954 0.32411
955 0.32271
956 0.32131
957 0.31991
958 0.31851
959 0.31711
960 0.31571
961 0.31432
962 0.31293
963 0.31154
964 0.31015
965 0.30876
966 0.30737
967 0.30598
968 0.30460
969 0.30321
970 0.30183
971 0.30045
972 0.29907
973 0.36396
974 0.36259
975 0.36121
976 0.35984
977 0.35847
978 0.35710
979 0.35573
980 0.35436
981 0.35300
982 0.35163
983 0.35026
984 0.34890
985 0.34754
986 0.34617
987 0.34481
988 0.34345
989 0.34210
990 0.34074
991 0.33938
992 0.33803
993 0.33667
994 0.33532
995 0.33396
996 0.33261
997 0.33126
998 0.32991
999 0.32857
1000 0.32722
1001 0.32587
1002 0.32453
1003 0.32318
1004 0.32184
1005 0.32050
1006 0.31915
1007 0.31781
1008 0.31647
1009 0.31514
1010 0.31380
1011 0.31246
1012 0.31112
1013 0.30979
1014 0.30845
1015 0.30712
1016 0.30579
1017 0.30446
1018 0.30312
1019 0.30179
1020 0.30046
1021 0.29914
1022 0.29781
1023 0.29648
1024 0.29515
1025 0.29383
1026 0.44555
1027 0.44429
1028 0.44302
1029 0.44176
1030 0.44049
1031 0.43923
1032 0.43796
1033 0.43670
1034 0.43544
1035 0.43417
1036 0.43291
1037 0.43165
1038 0.43039
1039 0.42913
1040 0.42787
1041 0.42661
1042 0.42535
1043 0.42409
1044 0.42283
1045 0.42157
1046 0.42032
1047 0.41906
1048 0.41780
1049 0.41655
1050 0.41529
1051 0.41404
1052 0.41279
1053 0.41153
1054 0.41028
1055 0.40903
1056 0.40778
1057 0.40653
1058 0.40528
1059 0.40403
1060 0.40278
1061 0.40154
1062 0.40029
1063 0.39904
1064 0.39780
1065 0.39655
1066 0.39531
1067 0.39407
1068 0.39283
1069 0.39159
1070 0.39035
1071 0.38911
1072 0.38787
1073 0.38663
1074 0.38539
1075 0.38416
1076 0.38292
1077 0.38169
1078 0.38045
1079 0.37922
1080 0.37799
1081 0.37676
1082 0.37553
1083 0.37430
1084 0.37307
1085 0.37185
1086 0.37062
1087 0.36940
1088 0.36817
1089 0.36695
1090 0.36573
1091 0.36451
1092 0.36328
1093 0.36207
1094 0.36085
1095 0.35963
1096 0.35841
1097 0.35720
1098 0.35599
1099 0.35477
1100 0.35356
1101 0.35235
1102 0.35114
1103 0.34993
1104 0.34873
1105 0.34752
1106 0.34631
1107 0.34511
1108 0.34391
1109 0.34270
1110 0.34150
1111 0.34030
1112 0.33910
1113 0.33791
1114 0.33671
1115 0.33551
1116 0.33432
1117 0.33313
1118 0.33194
1119 0.33074
1120 0.32955
1121 0.32837
1122 0.32718
1123 0.32599
1124 0.32481
1125 0.32362
1126 0.32244
1127 0.32126
1128 0.32008
1129 0.31890
1130 0.31772
1131 0.31654
1132 0.31537
1133 0.31419
1134 0.31302
1135 0.31184
1136 0.31067
1137 0.30950
1138 0.30833
1139 0.30717
1140 0.30600
1141 0.30483
1142 0.30367
1143 0.30250
1144 0.30134
1145 0.30018
1146 0.29902
1147 0.29786
1148 0.29670
1149 0.29554
1150 0.29439
1151 0.29323
1152 0.29208
1153 0.29093
1154 0.28977
1155 0.28862
1156 0.28747
1157 0.28632
1158 0.28517
1159 0.28403
1160 0.28288
1161 0.28174
1162 0.28059
1163 0.27945
1164 0.27831
1165 0.27716
1166 0.27602
1167 0.27488
1168 0.27374
1169 0.27261
1170 0.27147
1171 0.27033
1172 0.26920
1173 0.26806
1174 0.26693
1175 0.26579
1176 0.26466
1177 0.26353
1178 0.26240
1179 0.26127
1180 0.26014
1181 0.25901
1182 0.25788
1183 0.25675
1184 0.25562
1185 0.25449
1186 0.25336
1187 0.25224
1188 0.25111
1189 0.24999
1190 0.24886
1191 0.24773
1192 0.24661
1193 0.24548
1194 0.24436
1195 0.24324
1196 0.24211
1197 0.24099
1198 0.23986
1199 0.23874
1200 0.23762
1201 0.23649
1202 0.23537
1203 0.23425
1204 0.23312
1205 0.23200
1206 0.23087
1207 0.22975
1208 0.22863
1209 0.22750
1210 0.22638
1211 0.22525
1212 0.22413
1213 0.22300
1214 0.22187
1215 0.22075
1216 1.00000
