17 0.99858
18 0.99846
19 0.99833
20 0.99819
21 0.99806
22 0.99792
23 0.99778
24 0.99764
25 0.99749
26 0.99734
27 0.99719
28 0.99703
29 0.99688
30 0.99672
31 0.99655
32 0.99639
33 0.99622
34 0.99605
35 0.99588
36 0.99571
37 0.99553
38 0.99536
39 0.99518
40 0.99499
41 0.99481
42 0.99463
43 0.99444
44 0.99425
45 0.99406
46 0.99387
47 0.99367
48 0.99347
49 0.99328
50 0.99308
51 0.99288
52 0.99267
53 0.99247
54 0.99226
55 0.99206
56 0.99185
57 0.99164
58 0.99143
59 0.99121
60 0.99100
61 0.99078
62 0.99057
63 0.99035
64 0.99013
65 0.98991
66 0.98969
67 0.98946
68 0.98924
69 0.98901
70 0.98879
71 0.98856
72 0.98833
73 0.98810
74 0.98787
75 0.98764
76 0.98740
77 0.98717
78 0.98693
79 0.98670
80 0.98646
81 0.98622
82 0.98598
83 0.98574
84 0.98550
85 0.98526
86 0.98502
87 0.98477
88 0.98453
89 0.98428
90 0.98404
91 0.98379
92 0.98354
93 0.98329
94 0.98304
95 0.98279
96 0.98254
97 0.98229
98 0.98204
99 0.98179
100 0.98153
101 0.98128
102 0.98102
103 0.98077
104 0.98051
105 0.98025
106 0.98000
107 0.97974
108 0.97948
109 0.97922
110 0.97896
111 0.97870
112 0.97844
113 0.97818
114 0.97792
115 0.97766
116 0.97739
117 0.97713
118 0.97687
119 0.97660
120 0.97634
121 0.97607
122 0.97581
123 0.97554
124 0.97527
125 0.97501
126 0.97474
127 0.97447
128 0.97421
129 0.97394
130 0.97367
131 0.97340
132 0.97313
133 0.97286
134 0.97259
135 0.97232
136 0.97205
137 0.97178
138 0.97151
139 0.97124
140 0.97097
141 0.97069
142 0.97042
143 0.97015
144 0.96988
145 0.96960
146 0.96933
147 0.96906
148 0.96879
149 0.96851
150 0.96824
151 0.96796
152 0.96769
153 0.96742
154 0.96714
155 0.96687
156 0.96659
157 0.96632
158 0.96604
159 0.96577
160 0.96549
161 0.96522
162 0.96494
163 0.96467
164 0.96439
165 0.96412
166 0.96384
167 0.96357
168 0.96329
169 0.96302
170 0.96274
171 0.96247
172 0.96219
173 0.96192
174 0.96164
175 0.96136
176 0.96109
177 0.96081
178 0.96054
179 0.96026
180 0.95999
181 0.95971
182 0.95944
183 0.95916
184 0.95889
185 0.95861
186 0.95834
187 0.95806
188 0.95779
189 0.95751
190 0.95724
191 0.95696
192 0.95669
193 0.95641
194 0.95614
195 0.95587
196 0.95559
197 0.95532
198 0.95504
199 0.95477
200 0.95450
201 0.95422
202 0.95395
203 0.95368
204 0.95341
205 0.95313
206 0.95286
207 0.95259
208 0.95232
209 0.95205
210 0.95178
211 0.95150
212 0.95123
213 0.95096
214 0.95069
215 0.95042
216 0.95015
217 0.94988
218 0.94961
219 0.94934
220 0.94907
221 0.94881
222 0.94854
223 0.94827
224 0.94800
225 0.94773
226 0.94747
227 0.94720
228 0.94693
229 0.94667
230 0.94640
231 0.94613
232 0.94587
233 0.94560
234 0.94534
235 0.94507
236 0.94481
237 0.94455
238 0.94428
239 0.94402
240 0.94376
241 0.94349
242 0.94323
243 0.94297
244 0.94271
245 0.94245
246 0.94219
247 0.94193
248 0.94167
249 0.94141
250 0.94115
251 0.94089
252 0.94063
253 0.94037
254 0.94012
255 0.93986
256 0.93960
257 0.93935
258 0.93909
259 0.93883
260 0.93858
261 0.93833
262 0.93807
263 0.93782
264 0.93756
265 0.93731
266 0.93706
267 0.93681
268 0.93656
269 0.93631
270 0.93605
271 0.93580
272 0.93556
273 0.93531
274 0.93506
275 0.93481
276 0.93456
277 0.93432
278 0.93407
279 0.93382
280 0.93358
281 0.93333
282 0.93309
283 0.93284
284 0.93260
285 0.93236
286 0.93212
287 0.93187
288 0.93163
289 0.93139
290 0.93115
291 0.93091
292 0.93067
293 0.93043
294 0.93019
295 0.92996
296 0.92972
297 0.92948
298 0.92925
299 0.92901
300 0.92878
301 0.92854
302 0.92831
303 0.92808
304 0.92784
305 0.92761
306 0.92738
307 0.92715
308 0.92692
309 0.92669
310 0.92646
311 0.92623
312 0.92601
313 0.92578
314 0.92555
315 0.92533
316 0.92510
317 0.92488
318 0.92465
319 0.92443
320 0.92421
321 0.92398
322 0.92376
323 0.92354
324 0.92332
325 0.92310
326 0.92288
327 0.92266
328 0.92245
329 0.92223
330 0.92201
331 0.92180
332 0.92158
333 0.92137
334 0.92115
335 0.92094
336 0.92073
337 0.92051
338 0.92030
339 0.92009
340 0.91988
341 0.91967
342 0.91947
343 0.91926
344 0.91905
345 0.91884
346 0.91864
347 0.91843
348 0.91823
349 0.91803
350 0.91782
351 0.91762
352 0.91742
353 0.91722
354 0.91702
355 0.91682
356 0.91662
357 0.91642
358 0.91622
359 0.91603
360 0.91583
361 0.91564
362 0.91544
363 0.91525
364 0.91506
365 0.91486
366 0.91467
367 0.91448
368 0.91429
369 0.91410
370 0.91391
371 0.91373
372 0.91354
373 0.91335
374 0.91317
375 0.91298
376 0.91280
377 0.91262
378 0.91243
379 0.91225
380 0.91207
381 0.91189
382 0.91171
383 0.91153
384 0.91135
385 0.91118
386 0.91100
387 0.91083
388 0.91065
389 0.91048
390 0.91030
391 0.91013
392 0.90996
393 0.90979
394 0.90962
395 0.90945
396 0.90928
397 0.90911
398 0.90895
399 0.90878
400 0.90862
401 0.90845
402 0.90829
403 0.90812
404 0.90796
405 0.90780
406 0.90764
407 0.90748
408 0.90732
409 0.90717
410 0.90701
411 0.90685
412 0.90670
413 0.90654
414 0.90639
415 0.90624
416 0.90608
417 0.90593
418 0.90578
419 0.90563
420 0.90548
421 0.90534
422 0.90519
423 0.90504
424 0.90490
425 0.90475
426 0.90461
427 0.90447
428 0.90432
429 0.90418
430 0.90404
431 0.90390
432 0.90376
433 0.90363
434 0.90349
435 0.90335
436 0.90322
437 0.90308
438 0.90295
439 0.90282
440 0.90269
441 0.90256
442 0.90243
443 0.90230
444 0.90217
445 0.90204
446 0.90192
447 0.90179
448 0.90167
449 0.90154
450 0.90142
451 0.90130
452 0.90118
453 0.90106
454 0.90094
455 0.90082
456 0.90070
457 0.90059
458 0.90047
459 0.90036
460 0.90024
461 0.90013
462 0.90002
463 0.89991
464 0.89980
465 0.89969
466 0.89958
467 0.89947
468 0.89937
469 0.89926
470 0.89916
471 0.89905
472 0.89895
473 0.89885
474 0.89875
475 0.89865
476 0.89855
477 0.89845
478 0.89835
479 0.89826
480 0.89816
481 0.89807
482 0.89797
483 0.89788
484 0.89779
485 0.89770
486 0.89761
487 0.89752
488 0.89743
489 0.89735
490 0.89726
491 0.89718
492 0.89709
493 0.89701
494 0.89693
495 0.89685
496 0.89677
497 0.89669
498 0.89661
499 0.89653
500 0.89646
501 0.89638
502 0.89631
503 0.89623
504 0.89616
505 0.89609
506 0.89602
507 0.89595
508 0.89588
509 0.89582
510 0.89575
511 0.89568
512 0.89562
513 0.89556
514 0.89549
515 0.89543
516 0.89537
517 0.89531
518 0.89525
519 0.89520
520 0.89514
521 0.89508
522 0.89503
523 0.89498
524 0.89492
525 0.89487
526 0.89482
527 0.89477
528 0.89473
529 0.89468
530 0.89463
531 0.89459
532 0.89454
533 0.89450
534 0.89446
535 0.89441
536 0.89437
537 0.89434
538 0.89430
539 0.89426
540 0.89422
541 0.89419
542 0.89415
543 0.89412
544 0.89409
545 0.89406
546 0.89403
547 0.89400
548 0.89397
549 0.89395
550 0.89392
551 0.89389
552 0.89387
553 0.89385
554 0.89383
555 0.89381
556 0.89379
557 0.89377
558 0.89375
559 0.89373
560 0.89372
561 0.89371
562 0.89369
563 0.89368
564 0.89367
565 0.89366
566 0.89365
567 0.89364
568 0.89364
569 0.89363
570 0.89363
571 0.89362
572 0.89362
573 0.89362
574 0.89362
575 0.89362
576 0.89362
577 0.89362
578 0.89363
579 0.89363
580 0.89364
581 0.89365
582 0.89365
583 0.89366
584 0.89367
585 0.89369
586 0.89370
587 0.89371
588 0.89373
589 0.89374
590 0.89376
591 0.89378
592 0.89380
593 0.89382
594 0.89384
595 0.89386
596 0.89389
597 0.89391
598 0.89394
599 0.89396
600 0.89399
601 0.89402
602 0.89405
603 0.89408
604 0.89412
605 0.89415
606 0.89419
607 0.89422
608 0.89426
609 0.89430
610 0.89434
611 0.89438
612 0.89442
613 0.89446
614 0.89451
615 0.89455
616 0.89460
617 0.89465
618 0.89469
619 0.89474
620 0.89480
621 0.89485
622 0.89490
623 0.89495
624 0.89501
625 0.89507
626 0.89512
627 0.89518
628 0.89524
629 0.89531
630 0.89537
631 0.89543
632 0.89550
633 0.89556
634 0.89563
635 0.89570
636 0.89577
637 0.89584
638 0.89591
639 0.89598
640 0.89606
641 0.89613
642 0.89621
643 0.89629
644 0.89637
645 0.89645
646 0.89653
647 0.89661
648 0.89669
649 0.89678
650 0.89686
651 0.89695
652 0.89704
653 0.89713
654 0.89722
655 0.89731
656 0.89741
657 0.89750
658 0.89760
659 0.89769
660 0.89779
661 0.89789
662 0.89799
663 0.89809
664 0.89820
665 0.89830
666 0.89841
667 0.89851
668 0.89862
669 0.89873
670 0.89884
671 0.89895
672 0.89906
673 0.89918
674 0.89929
675 0.89941
676 0.89953
677 0.89965
678 0.89977
679 0.89989
680 0.90001
681 0.90014
682 0.90026
683 0.90039
684 0.90052
685 0.90065
686 0.90078
687 0.90091
688 0.90104
689 0.90117
690 0.90131
691 0.90145
692 0.90158
693 0.90172
694 0.90186
695 0.90201
696 0.90215
697 0.90229
698 0.90244
699 0.90259
700 0.90273
701 0.90288
702 0.90303
703 0.90319
704 0.90334
705 0.90349
706 0.90365
707 0.90381
708 0.90397
709 0.90413
710 0.90429
711 0.90445
712 0.90461
713 0.90478
714 0.90494
715 0.90511
716 0.90528
717 0.90545
718 0.90562
719 0.90580
720 0.90597
721 0.90615
722 0.90632
723 0.90650
724 0.90668
725 0.90686
726 0.90705
727 0.90723
728 0.90741
729 0.90760
730 0.90779
731 0.90798
732 0.90817
733 0.90836
734 0.90855
735 0.90875
736 0.90894
737 0.90914
738 0.90934
739 0.90954
740 0.90974
741 0.90994
742 0.91015
743 0.91035
744 0.91056
745 0.91077
746 0.91098
747 0.91119
748 0.91140
749 0.91161
750 0.91183
751 0.91204
752 0.91226
753 0.91248
754 0.91270
755 0.91292
756 0.91315
757 0.91337
758 0.91360
759 0.91383
760 0.91406
761 0.91429
762 0.91452
763 0.91475
764 0.91499
765 0.91522
766 0.91546
767 0.91570
768 0.91594
769 0.91618
770 0.91643
771 0.91667
772 0.91692
773 0.91716
774 0.91741
775 0.91766
776 0.91792
777 0.91817
778 0.91842
779 0.91868
780 0.91894
781 0.91920
782 0.91946
783 0.91972
784 0.91999
785 0.92025
786 0.92052
787 0.92079
788 0.92106
789 0.92133
790 0.92160
791 0.92187
792 0.92215
793 0.92243
794 0.92270
795 0.92298
796 0.92327
797 0.92355
798 0.92383
799 0.92412
800 0.92441
801 0.92470
802 0.92499
803 0.92528
804 0.92557
805 0.92587
806 0.92617
807 0.92646
808 0.92676
809 0.92707
810 0.92737
811 0.92767
812 0.92798
813 0.92829
814 0.92860
815 0.92891
816 0.92922
817 0.92953
818 0.92985
819 0.93016
820 0.93048
821 0.93080
822 0.93112
823 0.93145
824 0.93177
825 0.93210
826 0.93243
827 0.93276
828 0.93309
829 0.93342
830 0.93375
831 0.93409
832 0.93443
833 0.93477
834 0.93511
835 0.93545
836 0.93579
837 0.93614
838 0.93649
839 0.93683
840 0.93719
841 0.93754
842 0.93789
843 0.93825
844 0.93860
845 0.93896
846 0.93932
847 0.93968
848 0.94005
849 0.94041
850 0.94078
851 0.94115
852 0.94152
853 0.94189
854 0.94226
855 0.94264
856 0.94302
857 0.94339
858 0.94377
859 0.94416
860 0.94454
861 0.94493
862 0.94531
863 0.94570
864 0.94609
865 0.94648
866 0.94688
867 0.94727
868 0.94767
869 0.94807
870 0.94847
871 0.94887
872 0.94928
873 0.94968
874 0.95009
875 0.95050
876 0.95091
877 0.95132
878 0.95174
879 0.95215
880 0.95257
881 0.95299
882 0.95341
883 0.95384
884 0.95426
885 0.95469
886 0.95512
887 0.95555
888 0.95598
889 0.95642
890 0.95685
891 0.95729
892 0.95773
893 0.95817
894 0.95861
895 0.95906
896 0.95950
897 0.95995
898 0.96040
899 0.96086
900 0.96131
901 0.96177
902 0.96222
903 0.96268
904 0.96314
905 0.96361
906 0.96407
907 0.96454
908 0.96501
909 0.96548
910 0.96595
911 0.96643
912 0.96680
913 0.96898
914 0.97041
915 0.97139
916 0.97196
917 0.97225
918 0.97257
919 0.97294
920 0.97335
921 0.97382
922 0.97378
923 0.97374
924 0.97431
925 0.97427
926 0.97423
927 0.97492
928 0.97488
929 0.97484
930 0.97480
931 0.97568
932 0.97564
933 0.97560
934 0.97556
935 0.97553
936 0.97549
937 0.97545
938 0.97663
939 0.97659
940 0.97656
941 0.97652
942 0.97648
943 0.97645
944 0.97641
945 0.97638
946 0.97634
947 0.97631
948 0.97627
949 0.97623
950 0.97794
951 0.97791
952 0.97788
953 0.97784
954 0.97781
955 0.97778
956 0.97774
957 0.97771
958 0.97768
959 0.97764
960 0.97761
961 0.97758
962 0.97754
963 0.97751
964 0.97748
965 0.97744
966 0.97741
967 0.97738
968 0.97734
969 0.97731
970 0.97728
971 0.97724
972 0.97721
973 0.98000
974 0.97997
975 0.97994
976 0.97991
977 0.97989
978 0.97986
979 0.97983
980 0.97980
981 0.97977
982 0.97974
983 0.97971
984 0.97968
985 0.97965
986 0.97962
987 0.97959
988 0.97956
989 0.97953
990 0.97950
991 0.97947
992 0.97944
993 0.97941
994 0.97938
995 0.97935
996 0.97933
997 0.97930
998 0.97927
999 0.97924
1000 0.97921
1001 0.97918
1002 0.97915
1003 0.97912
1004 0.97909
1005 0.97906
1006 0.97903
1007 0.97900
1008 0.97897
1009 0.97894
1010 0.97891
1011 0.97888
1012 0.97885
1013 0.97882
1014 0.97879
1015 0.97876
1016 0.97873
1017 0.97870
1018 0.97867
1019 0.97864
1020 0.97861
1021 0.97858
1022 0.97855
1023 0.97852
1024 0.97849
1025 0.97846
1026 0.98414
1027 0.98412
1028 0.98410
1029 0.98408
1030 0.98406
1031 0.98403
1032 0.98401
1033 0.98399
1034 0.98397
1035 0.98395
1036 0.98392
1037 0.98390
1038 0.98388
1039 0.98386
1040 0.98384
1041 0.98381
1042 0.98379
1043 0.98377
1044 0.98375
1045 0.98372
1046 0.98370
1047 0.98368
1048 0.98366
1049 0.98364
1050 0.98361
1051 0.98359
1052 0.98357
1053 0.98355
1054 0.98352
1055 0.98350
1056 0.98348
1057 0.98346
1058 0.98344
1059 0.98341
1060 0.98339
1061 0.98337
1062 0.98335
1063 0.98332
1064 0.98330
1065 0.98328
1066 0.98326
1067 0.98323
1068 0.98321
1069 0.98319
1070 0.98317
1071 0.98315
1072 0.98312
1073 0.98310
1074 0.98308
1075 0.98306
1076 0.98303
1077 0.98301
1078 0.98299
1079 0.98297
1080 0.98294
1081 0.98292
1082 0.98290
1083 0.98288
1084 0.98285
1085 0.98283
1086 0.98281
1087 0.98279
1088 0.98276
1089 0.98274
1090 0.98272
1091 0.98270
1092 0.98267
1093 0.98265
1094 0.98263
1095 0.98261
1096 0.98258
1097 0.98256
1098 0.98254
1099 0.98251
1100 0.98249
1101 0.98247
1102 0.98245
1103 0.98242
1104 0.98240
1105 0.98238
1106 0.98236
1107 0.98233
1108 0.98231
1109 0.98229
1110 0.98226
1111 0.98224
1112 0.98222
1113 0.98220
1114 0.98217
1115 0.98215
1116 0.98213
1117 0.98211
1118 0.98208
1119 0.98206
1120 0.98204
1121 0.98201
1122 0.98199
1123 0.98197
1124 0.98195
1125 0.98192
1126 0.98190
1127 0.98188
1128 0.98185
1129 0.98183
1130 0.98181
1131 0.98179
1132 0.98176
1133 0.98174
1134 0.98172
1135 0.98169
1136 0.98167
1137 0.98165
1138 0.98162
1139 0.98160
1140 0.98158
1141 0.98156
1142 0.98153
1143 0.98151
1144 0.98149
1145 0.98146
1146 0.98144
1147 0.98142
1148 0.98139
1149 0.98137
1150 0.98135
1151 0.98133
1152 0.98130
1153 0.98128
1154 0.98126
1155 0.98123
1156 0.98121
1157 0.98119
1158 0.98116
1159 0.98114
1160 0.98112
1161 0.98109
1162 0.98107
1163 0.98105
1164 0.98102
1165 0.98100
1166 0.98098
1167 0.98095
1168 0.98093
1169 0.98091
1170 0.98089
1171 0.98086
1172 0.98084
1173 0.98082
1174 0.98079
1175 0.98077
1176 0.98075
1177 0.98072
1178 0.98070
1179 0.98068
1180 0.98065
1181 0.98063
1182 0.98061
1183 0.98058
1184 0.98056
1185 0.98054
1186 0.98051
1187 0.98049
1188 0.98047
1189 0.98044
1190 0.98042
1191 0.98040
1192 0.98037
1193 0.98035
1194 0.98033
1195 0.98030
1196 0.98028
1197 0.98025
1198 0.98023
1199 0.98021
1200 0.98018
1201 0.98016
1202 0.98014
1203 0.98011
1204 0.98009
1205 0.98007
1206 0.98004
1207 0.98002
1208 0.98000
1209 0.97997
1210 0.97995
1211 0.97993
1212 0.97990
1213 0.97988
1214 0.97985
1215 0.97983
1216 1.00000
