17 0.77772
18 0.76025
19 0.74269
20 0.72507
21 0.70744
22 0.68981
23 0.67223
24 0.65473
25 0.63732
26 0.62003
27 0.60289
28 0.58592
29 0.56913
30 0.55255
31 0.53618
32 0.52004
33 0.50415
34 0.48852
35 0.47316
36 0.45807
37 0.44327
38 0.42876
39 0.41454
40 0.40063
41 0.38703
42 0.37373
43 0.36075
44 0.34808
45 0.33572
46 0.32368
47 0.31196
48 0.30054
49 0.28944
50 0.27865
51 0.26816
52 0.25798
53 0.24810
54 0.23852
55 0.22923
56 0.22023
57 0.21151
58 0.20307
59 0.19491
60 0.18702
61 0.17939
62 0.17202
63 0.16490
64 0.15803
65 0.15140
66 0.14501
67 0.13885
68 0.13291
69 0.12720
70 0.12169
71 0.11639
72 0.11129
73 0.10639
74 0.10168
75 0.09715
76 0.09280
77 0.08862
78 0.08461
79 0.08076
80 0.07707
81 0.07352
82 0.07013
83 0.06688
84 0.06376
85 0.06077
86 0.05791
87 0.05518
88 0.05256
89 0.05005
90 0.04766
91 0.04537
92 0.04318
93 0.04109
94 0.03909
95 0.03718
96 0.03536
97 0.03362
98 0.03196
99 0.03038
100 0.02886
101 0.02742
102 0.02605
103 0.02474
104 0.02350
105 0.02231
106 0.02118
107 0.02010
108 0.01907
109 0.01810
110 0.01717
111 0.01628
112 0.01544
113 0.01464
114 0.01388
115 0.01316
116 0.01247
117 0.01182
118 0.01120
119 0.01061
120 0.01005
121 0.00952
122 0.00901
123 0.00853
124 0.00808
125 0.00765
126 0.00724
127 0.00685
128 0.00648
129 0.00613
130 0.00580
131 0.00549
132 0.00519
133 0.00491
134 0.00464
135 0.00439
136 0.00415
137 0.00392
138 0.00371
139 0.00350
140 0.00331
141 0.00313
142 0.00296
143 0.00279
144 0.00264
145 0.00249
146 0.00235
147 0.00222
148 0.00210
149 0.00198
150 0.00187
151 0.00177
152 0.00167
153 0.00157
154 0.00149
155 0.00140
156 0.00132
157 0.00125
158 0.00118
159 0.00111
160 0.00105
161 0.00099
162 0.00093
163 0.00088
164 0.00083
165 0.00078
166 0.00074
167 0.00070
168 0.00066
169 0.00062
170 0.00058
171 0.00055
172 0.00052
173 0.00049
174 0.00046
175 0.00044
176 0.00041
177 0.00039
178 0.00036
179 0.00034
180 0.00032
181 0.00031
182 0.00029
183 0.00027
184 0.00026
185 0.00024
186 0.00023
187 0.00021
188 0.00020
189 0.00019
190 0.00018
191 0.00017
192 0.00016
193 0.00015
194 0.00014
195 0.00013
196 0.00013
197 0.00012
198 0.00011
199 0.00010
200 0.00010
201 0.00009
202 0.00009
203 0.00008
204 0.00008
205 0.00007
206 0.00007
207 0.00006
208 0.00006
209 0.00006
210 0.00005
211 0.00005
212 0.00005
213 0.00005
214 0.00004
215 0.00004
216 0.00004
217 0.00004
218 0.00003
219 0.00003
220 0.00003
221 0.00003
222 0.00003
223 0.00003
224 0.00002
225 0.00002
226 0.00002
227 0.00002
228 0.00002
229 0.00002
230 0.00002
231 0.00002
232 0.00001
233 0.00001
234 0.00001
235 0.00001
236 0.00001
237 0.00001
238 0.00001
239 0.00001
240 0.00001
241 0.00001
242 0.00001
243 0.00001
244 0.00001
245 0.00001
246 0.00001
247 0.00001
248 0.00001
249 0.00001
250 0.00001
251 0.00000
252 0.00000
253 0.00000
254 0.00000
255 0.00000
256 0.00000
257 0.00000
258 0.00000
259 0.00000
260 0.00000
261 0.00000
262 0.00000
263 0.00000
264 0.00000
265 0.00000
266 0.00000
267 0.00000
268 0.00000
269 0.00000
270 0.00000
271 0.00000
272 0.00000
273 0.00000
274 0.00000
275 0.00000
276 0.00000
277 0.00000
278 0.00000
279 0.00000
280 0.00000
281 0.00000
282 0.00000
283 0.00000
284 0.00000
285 0.00000
286 0.00000
287 0.00000
288 0.00000
289 0.00000
290 0.00000
291 0.00000
292 0.00000
293 0.00000
294 0.00000
295 0.00000
296 0.00000
297 0.00000
298 0.00000
299 0.00000
300 0.00000
301 0.00000
302 0.00000
303 0.00000
304 0.00000
305 0.00000
306 0.00000
307 0.00000
308 0.00000
309 0.00000
310 0.00000
311 0.00000
312 0.00000
313 0.00000
314 0.00000
315 0.00000
316 0.00000
317 0.00000
318 0.00000
319 0.00000
320 0.00000
321 0.00000
322 0.00000
323 0.00000
324 0.00000
325 0.00000
326 0.00000
327 0.00000
328 0.00000
329 0.00000
330 0.00000
331 0.00000
332 0.00000
333 0.00000
334 0.00000
335 0.00000
336 0.00000
337 0.00000
338 0.00000
339 0.00000
340 0.00000
341 0.00000
342 0.00000
343 0.00000
344 0.00000
345 0.00000
346 0.00000
347 0.00000
348 0.00000
349 0.00000
350 0.00000
351 0.00000
352 0.00000
353 0.00000
354 0.00000
355 0.00000
356 0.00000
357 0.00000
358 0.00000
359 0.00000
360 0.00000
361 0.00000
362 0.00000
363 0.00000
364 0.00000
365 0.00000
366 0.00000
367 0.00000
368 0.00000
369 0.00000
370 0.00000
371 0.00000
372 0.00000
373 0.00000
374 0.00000
375 0.00000
376 0.00000
377 0.00000
378 0.00000
379 0.00000
380 0.00000
381 0.00000
382 0.00000
383 0.00000
384 0.00000
385 0.00000
386 0.00000
387 0.00000
388 0.00000
389 0.00000
390 0.00000
391 0.00000
392 0.00000
393 0.00000
394 0.00000
395 0.00000
396 0.00000
397 0.00000
398 0.00000
399 0.00000
400 0.00000
401 0.00000
402 0.00000
403 0.00000
404 0.00000
405 0.00000
406 0.00000
407 0.00000
408 0.00000
409 0.00000
410 0.00000
411 0.00000
412 0.00000
413 0.00000
414 0.00000
415 0.00000
416 0.00000
417 0.00000
418 0.00000
419 0.00000
420 0.00000
421 0.00000
422 0.00000
423 0.00000
424 0.00000
425 0.00000
426 0.00000
427 0.00000
428 0.00000
429 0.00000
430 0.00000
431 0.00000
432 0.00000
433 0.00000
434 0.00000
435 0.00000
436 0.00000
437 0.00000
438 0.00000
439 0.00000
440 0.00000
441 0.00000
442 0.00000
443 0.00000
444 0.00000
445 0.00000
446 0.00000
447 0.00000
448 0.00000
449 0.00000
450 0.00000
451 0.00000
452 0.00000
453 0.00000
454 0.00000
455 0.00000
456 0.00000
457 0.00000
458 0.00000
459 0.00000
460 0.00000
461 0.00000
462 0.00000
463 0.00000
464 0.00000
465 0.00000
466 0.00000
467 0.00000
468 0.00000
469 0.00000
470 0.00000
471 0.00000
472 0.00000
473 0.00000
474 0.00000
475 0.00000
476 0.00000
477 0.00000
478 0.00000
479 0.00000
480 0.00000
481 0.00000
482 0.00000
483 0.00000
484 0.00000
485 0.00000
486 0.00000
487 0.00000
488 0.00000
489 0.00000
490 0.00000
491 0.00000
492 0.00000
493 0.00000
494 0.00000
495 0.00000
496 0.00000
497 0.00000
498 0.00000
499 0.00000
500 0.00000
501 0.00000
502 0.00000
503 0.00000
504 0.00000
505 0.00000
506 0.00000
507 0.00000
508 0.00000
509 0.00000
510 0.00000
511 0.00000
512 0.00000
513 0.00000
514 0.00000
515 0.00000
516 0.00000
517 0.00000
518 0.00000
519 0.00000
520 0.00000
521 0.00000
522 0.00000
523 0.00000
524 0.00000
525 0.00000
526 0.00000
527 0.00000
528 0.00000
529 0.00000
530 0.00000
531 0.00000
532 0.00000
533 0.00000
534 0.00000
535 0.00000
536 0.00000
537 0.00000
538 0.00000
539 0.00000
540 0.00000
541 0.00000
542 0.00000
543 0.00000
544 0.00000
545 0.00000
546 0.00000
547 0.00000
548 0.00000
549 0.00000
550 0.00000
551 0.00000
552 0.00000
553 0.00000
554 0.00000
555 0.00000
556 0.00000
557 0.00000
558 0.00000
559 0.00000
560 0.00000
561 0.00000
562 0.00000
563 0.00000
564 0.00000
565 0.00000
566 0.00000
567 0.00000
568 0.00000
569 0.00000
570 0.00000
571 0.00000
572 0.00000
573 0.00000
574 0.00000
575 0.00000
576 0.00000
577 0.00000
578 0.00000
579 0.00000
580 0.00000
581 0.00000
582 0.00000
583 0.00000
584 0.00000
585 0.00000
586 0.00000
587 0.00000
588 0.00000
589 0.00000
590 0.00000
591 0.00000
592 0.00000
593 0.00000
594 0.00000
595 0.00000
596 0.00000
597 0.00000
598 0.00000
599 0.00000
600 0.00000
601 0.00000
602 0.00000
603 0.00000
604 0.00000
605 0.00000
606 0.00000
607 0.00000
608 0.00000
609 0.00000
610 0.00000
611 0.00000
612 0.00000
613 0.00000
614 0.00000
615 0.00000
616 0.00000
617 0.00000
618 0.00000
619 0.00000
620 0.00000
621 0.00000
622 0.00000
623 0.00000
624 0.00000
625 0.00000
626 0.00000
627 0.00000
628 0.00000
629 0.00000
630 0.00000
631 0.00000
632 0.00000
633 0.00000
634 0.00000
635 0.00000
636 0.00000
637 0.00000
638 0.00000
639 0.00000
640 0.00000
641 0.00000
642 0.00000
643 0.00000
644 0.00000
645 0.00000
646 0.00000
647 0.00000
648 0.00000
649 0.00000
650 0.00000
651 0.00000
652 0.00000
653 0.00000
654 0.00000
655 0.00000
656 0.00000
657 0.00000
658 0.00000
659 0.00000
660 0.00000
661 0.00000
662 0.00000
663 0.00000
664 0.00000
665 0.00000
666 0.00000
667 0.00000
668 0.00000
669 0.00000
670 0.00000
671 0.00000
672 0.00000
673 0.00000
674 0.00000
675 0.00000
676 0.00000
677 0.00000
678 0.00000
679 0.00000
680 0.00000
681 0.00000
682 0.00000
683 0.00000
684 0.00000
685 0.00000
686 0.00000
687 0.00000
688 0.00000
689 0.00000
690 0.00000
691 0.00000
692 0.00000
693 0.00000
694 0.00000
695 0.00000
696 0.00000
697 0.00000
698 0.00000
699 0.00000
700 0.00000
701 0.00000
702 0.00000
703 0.00000
704 0.00000
705 0.00000
706 0.00000
707 0.00000
708 0.00000
709 0.00000
710 0.00000
711 0.00000
712 0.00000
713 0.00000
714 0.00000
715 0.00000
716 0.00000
717 0.00000
718 0.00000
719 0.00000
720 0.00000
721 0.00000
722 0.00000
723 0.00000
724 0.00000
725 0.00000
726 0.00000
727 0.00000
728 0.00000
729 0.00000
730 0.00000
731 0.00000
732 0.00000
733 0.00000
734 0.00000
735 0.00000
736 0.00000
737 0.00000
738 0.00000
739 0.00000
740 0.00000
741 0.00000
742 0.00000
743 0.00000
744 0.00000
745 0.00000
746 0.00000
747 0.00000
748 0.00000
749 0.00000
750 0.00000
751 0.00000
752 0.00000
753 0.00000
754 0.00000
755 0.00000
756 0.00000
757 0.00000
758 0.00000
759 0.00000
760 0.00000
761 0.00000
762 0.00000
763 0.00000
764 0.00000
765 0.00000
766 0.00000
767 0.00000
768 0.00000
769 0.00000
770 0.00000
771 0.00000
772 0.00000
773 0.00000
774 0.00000
775 0.00000
776 0.00000
777 0.00000
778 0.00000
779 0.00000
780 0.00000
781 0.00000
782 0.00000
783 0.00000
784 0.00000
785 0.00000
786 0.00000
787 0.00000
788 0.00000
789 0.00000
790 0.00000
791 0.00000
792 0.00000
793 0.00000
794 0.00000
795 0.00000
796 0.00000
797 0.00000
798 0.00000
799 0.00000
800 0.00000
801 0.00000
802 0.00000
803 0.00000
804 0.00000
805 0.00000
806 0.00000
807 0.00000
808 0.00000
809 0.00000
810 0.00000
811 0.00000
812 0.00000
813 0.00000
814 0.00000
815 0.00000
816 0.00000
817 0.00000
818 0.00000
819 0.00000
820 0.00000
821 0.00000
822 0.00000
823 0.00000
824 0.00000
825 0.00000
826 0.00000
827 0.00000
828 0.00000
829 0.00001
830 0.00001
831 0.00001
832 0.00001
833 0.00001
834 0.00001
835 0.00001
836 0.00001
837 0.00001
838 0.00001
839 0.00001
840 0.00001
841 0.00002
842 0.00002
843 0.00002
844 0.00002
845 0.00002
846 0.00003
847 0.00003
848 0.00003
849 0.00003
850 0.00004
851 0.00004
852 0.00005
853 0.00005
854 0.00006
855 0.00006
856 0.00007
857 0.00008
858 0.00008
859 0.00009
860 0.00010
861 0.00011
862 0.00012
863 0.00014
864 0.00015
865 0.00017
866 0.00019
867 0.00021
868 0.00023
869 0.00026
870 0.00028
871 0.00031
872 0.00035
873 0.00039
874 0.00043
875 0.00048
876 0.00053
877 0.00059
878 0.00066
879 0.00073
880 0.00082
881 0.00091
882 0.00101
883 0.00113
884 0.00126
885 0.00141
886 0.00157
887 0.00175
888 0.00195
889 0.00218
890 0.00244
891 0.00273
892 0.00305
893 0.00341
894 0.00381
895 0.00426
896 0.00477
897 0.00534
898 0.00598
899 0.00670
900 0.00751
901 0.00842
902 0.00945
903 0.01060
904 0.01189
905 0.01335
906 0.01499
907 0.01684
908 0.01892
909 0.02127
910 0.02392
911 0.02690
912 0.02942
913 0.03128
914 0.03358
915 0.03599
916 0.03762
917 0.03836
918 0.03940
919 0.04084
920 0.04284
921 0.04565
922 0.04475
923 0.04386
924 0.04779
925 0.04687
926 0.04596
927 0.05166
928 0.05070
929 0.04975
930 0.04881
931 0.05747
932 0.05646
933 0.05545
934 0.05446
935 0.05348
936 0.05251
937 0.05155
938 0.06542
939 0.06434
940 0.06328
941 0.06222
942 0.06117
943 0.06013
944 0.05910
945 0.05809
946 0.05708
947 0.05609
948 0.05510
949 0.05413
950 0.07849
951 0.07732
952 0.07617
953 0.07502
954 0.07389
955 0.07276
956 0.07164
957 0.07054
958 0.06944
959 0.06836
960 0.06728
961 0.06621
962 0.06516
963 0.06411
964 0.06307
965 0.06205
966 0.06103
967 0.06003
968 0.05903
969 0.05804
970 0.05707
971 0.05610
972 0.05515
973 0.10510
974 0.10383
975 0.10256
976 0.10130
977 0.10005
978 0.09880
979 0.09756
980 0.09633
981 0.09511
982 0.09390
983 0.09269
984 0.09149
985 0.09030
986 0.08912
987 0.08794
988 0.08678
989 0.08562
990 0.08447
991 0.08333
992 0.08219
993 0.08107
994 0.07995
995 0.07884
996 0.07774
997 0.07665
998 0.07556
999 0.07449
1000 0.07342
1001 0.07236
1002 0.07131
1003 0.07027
1004 0.06923
1005 0.06821
1006 0.06719
1007 0.06618
1008 0.06518
1009 0.06419
1010 0.06320
1011 0.06223
1012 0.06126
1013 0.06030
1014 0.05935
1015 0.05841
1016 0.05748
1017 0.05655
1018 0.05564
1019 0.05473
1020 0.05383
1021 0.05294
1022 0.05206
1023 0.05119
1024 0.05032
1025 0.04946
1026 0.19431
1027 0.19293
1028 0.19154
1029 0.19015
1030 0.18876
1031 0.18737
1032 0.18597
1033 0.18458
1034 0.18318
1035 0.18178
1036 0.18038
1037 0.17897
1038 0.17757
1039 0.17616
1040 0.17475
1041 0.17334
1042 0.17192
1043 0.17051
1044 0.16909
1045 0.16767
1046 0.16625
1047 0.16483
1048 0.16341
1049 0.16198
1050 0.16056
1051 0.15913
1052 0.15770
1053 0.15627
1054 0.15484
1055 0.15341
1056 0.15197
1057 0.15054
1058 0.14910
1059 0.14767
1060 0.14623
1061 0.14480
1062 0.14336
1063 0.14192
1064 0.14049
1065 0.13905
1066 0.13761
1067 0.13618
1068 0.13475
1069 0.13331
1070 0.13188
1071 0.13045
1072 0.12902
1073 0.12759
1074 0.12617
1075 0.12474
1076 0.12332
1077 0.12190
1078 0.12048
1079 0.11907
1080 0.11766
1081 0.11625
1082 0.11485
1083 0.11345
1084 0.11205
1085 0.11066
1086 0.10927
1087 0.10789
1088 0.10651
1089 0.10513
1090 0.10377
1091 0.10240
1092 0.10104
1093 0.09969
1094 0.09835
1095 0.09701
1096 0.09568
1097 0.09435
1098 0.09303
1099 0.09172
1100 0.09041
1101 0.08911
1102 0.08782
1103 0.08654
1104 0.08527
1105 0.08400
1106 0.08274
1107 0.08149
1108 0.08025
1109 0.07902
1110 0.07780
1111 0.07658
1112 0.07538
1113 0.07419
1114 0.07300
1115 0.07182
1116 0.07066
1117 0.06950
1118 0.06836
1119 0.06722
1120 0.06610
1121 0.06498
1122 0.06388
1123 0.06278
1124 0.06170
1125 0.06063
1126 0.05956
1127 0.05851
1128 0.05747
1129 0.05644
1130 0.05543
1131 0.05442
1132 0.05342
1133 0.05244
1134 0.05147
1135 0.05051
1136 0.04955
1137 0.04862
1138 0.04769
1139 0.04677
1140 0.04587
1141 0.04497
1142 0.04409
1143 0.04322
1144 0.04236
1145 0.04152
1146 0.04068
1147 0.03985
1148 0.03904
1149 0.03824
1150 0.03745
1151 0.03667
1152 0.03590
1153 0.03514
1154 0.03440
1155 0.03366
1156 0.03294
1157 0.03223
1158 0.03153
1159 0.03084
1160 0.03016
1161 0.02949
1162 0.02883
1163 0.02818
1164 0.02754
1165 0.02692
1166 0.02630
1167 0.02570
1168 0.02510
1169 0.02452
1170 0.02394
1171 0.02338
1172 0.02282
1173 0.02228
1174 0.02174
1175 0.02122
1176 0.02070
1177 0.02019
1178 0.01970
1179 0.01921
1180 0.01873
1181 0.01826
1182 0.01780
1183 0.01735
1184 0.01691
1185 0.01647
1186 0.01605
1187 0.01563
1188 0.01523
1189 0.01483
1190 0.01443
1191 0.01405
1192 0.01368
1193 0.01331
1194 0.01295
1195 0.01260
1196 0.01225
1197 0.01192
1198 0.01159
1199 0.01127
1200 0.01095
1201 0.01064
1202 0.01034
1203 0.01005
1204 0.00976
1205 0.00948
1206 0.00921
1207 0.00894
1208 0.00868
1209 0.00842
1210 0.00817
1211 0.00793
1212 0.00769
1213 0.00746
1214 0.00724
1215 0.00702
1216 1.00000
