17 0.99616
18 0.99583
19 0.99548
20 0.99512
21 0.99476
22 0.99438
23 0.99400
24 0.99361
25 0.99322
26 0.99281
27 0.99240
28 0.99199
29 0.99156
30 0.99113
31 0.99070
32 0.99025
33 0.98981
34 0.98935
35 0.98889
36 0.98843
37 0.98795
38 0.98748
39 0.98700
40 0.98651
41 0.98602
42 0.98552
43 0.98502
44 0.98451
45 0.98400
46 0.98348
47 0.98296
48 0.98244
49 0.98191
50 0.98138
51 0.98084
52 0.98030
53 0.97975
54 0.97921
55 0.97865
56 0.97810
57 0.97754
58 0.97697
59 0.97641
60 0.97584
61 0.97526
62 0.97468
63 0.97410
64 0.97352
65 0.97293
66 0.97235
67 0.97175
68 0.97116
69 0.97056
70 0.96996
71 0.96935
72 0.96875
73 0.96814
74 0.96753
75 0.96691
76 0.96630
77 0.96568
78 0.96506
79 0.96443
80 0.96381
81 0.96318
82 0.96255
83 0.96192
84 0.96128
85 0.96064
86 0.96001
87 0.95937
88 0.95872
89 0.95808
90 0.95743
91 0.95678
92 0.95613
93 0.95548
94 0.95483
95 0.95418
96 0.95352
97 0.95286
98 0.95220
99 0.95154
100 0.95088
101 0.95022
102 0.94955
103 0.94888
104 0.94822
105 0.94755
106 0.94688
107 0.94621
108 0.94553
109 0.94486
110 0.94419
111 0.94351
112 0.94283
113 0.94216
114 0.94148
115 0.94080
116 0.94012
117 0.93944
118 0.93876
119 0.93807
120 0.93739
121 0.93670
122 0.93602
123 0.93533
124 0.93465
125 0.93396
126 0.93327
127 0.93258
128 0.93189
129 0.93121
130 0.93052
131 0.92982
132 0.92913
133 0.92844
134 0.92775
135 0.92706
136 0.92637
137 0.92567
138 0.92498
139 0.92429
140 0.92359
141 0.92290
142 0.92221
143 0.92151
144 0.92082
145 0.92012
146 0.91943
147 0.91873
148 0.91804
149 0.91734
150 0.91665
151 0.91595
152 0.91526
153 0.91456
154 0.91387
155 0.91317
156 0.91248
157 0.91179
158 0.91109
159 0.91040
160 0.90970
161 0.90901
162 0.90831
163 0.90762
164 0.90693
165 0.90623
166 0.90554
167 0.90485
168 0.90416
169 0.90347
170 0.90277
171 0.90208
172 0.90139
173 0.90070
174 0.90001
175 0.89932
176 0.89863
177 0.89795
178 0.89726
179 0.89657
180 0.89588
181 0.89520
182 0.89451
183 0.89383
184 0.89314
185 0.89246
186 0.89177
187 0.89109
188 0.89041
189 0.88973
190 0.88905
191 0.88837
192 0.88769
193 0.88701
194 0.88633
195 0.88565
196 0.88497
197 0.88430
198 0.88362
199 0.88295
200 0.88228
201 0.88160
202 0.88093
203 0.88026
204 0.87959
205 0.87892
206 0.87825
207 0.87759
208 0.87692
209 0.87625
210 0.87559
211 0.87492
212 0.87426
213 0.87360
214 0.87294
215 0.87228
216 0.87162
217 0.87096
218 0.87031
219 0.86965
220 0.86900
221 0.86834
222 0.86769
223 0.86704
224 0.86639
225 0.86574
226 0.86509
227 0.86444
228 0.86380
229 0.86315
230 0.86251
231 0.86187
232 0.86122
233 0.86058
234 0.85995
235 0.85931
236 0.85867
237 0.85804
238 0.85740
239 0.85677
240 0.85614
241 0.85551
242 0.85488
243 0.85425
244 0.85362
245 0.85300
246 0.85237
247 0.85175
248 0.85113
249 0.85051
250 0.84989
251 0.84927
252 0.84866
253 0.84804
254 0.84743
255 0.84682
256 0.84621
257 0.84560
258 0.84499
259 0.84439
260 0.84378
261 0.84318
262 0.84258
263 0.84198
264 0.84138
265 0.84078
266 0.84018
267 0.83959
268 0.83900
269 0.83840
270 0.83781
271 0.83723
272 0.83664
273 0.83605
274 0.83547
275 0.83489
276 0.83430
277 0.83373
278 0.83315
279 0.83257
280 0.83200
281 0.83142
282 0.83085
283 0.83028
284 0.82971
285 0.82915
286 0.82858
287 0.82802
288 0.82745
289 0.82689
290 0.82633
291 0.82578
292 0.82522
293 0.82467
294 0.82412
295 0.82356
296 0.82302
297 0.82247
298 0.82192
299 0.82138
300 0.82084
301 0.82030
302 0.81976
303 0.81922
304 0.81868
305 0.81815
306 0.81762
307 0.81709
308 0.81656
309 0.81603
310 0.81551
311 0.81498
312 0.81446
313 0.81394
314 0.81342
315 0.81291
316 0.81239
317 0.81188
318 0.81137
319 0.81086
320 0.81035
321 0.80984
322 0.80934
323 0.80884
324 0.80834
325 0.80784
326 0.80734
327 0.80685
328 0.80635
329 0.80586
330 0.80537
331 0.80488
332 0.80440
333 0.80391
334 0.80343
335 0.80295
336 0.80247
337 0.80199
338 0.80152
339 0.80105
340 0.80058
341 0.80011
342 0.79964
343 0.79917
344 0.79871
345 0.79825
346 0.79779
347 0.79733
348 0.79687
349 0.79642
350 0.79597
351 0.79552
352 0.79507
353 0.79462
354 0.79418
355 0.79373
356 0.79329
357 0.79285
358 0.79242
359 0.79198
360 0.79155
361 0.79112
362 0.79069
363 0.79026
364 0.78984
365 0.78941
366 0.78899
367 0.78857
368 0.78815
369 0.78774
370 0.78733
371 0.78691
372 0.78650
373 0.78610
374 0.78569
375 0.78529
376 0.78489
377 0.78449
378 0.78409
379 0.78369
380 0.78330
381 0.78291
382 0.78252
383 0.78213
384 0.78175
385 0.78136
386 0.78098
387 0.78060
388 0.78022
389 0.77985
390 0.77947
391 0.77910
392 0.77873
393 0.77837
394 0.77800
395 0.77764
396 0.77728
397 0.77692
398 0.77656
399 0.77621
400 0.77585
401 0.77550
402 0.77515
403 0.77481
404 0.77446
405 0.77412
406 0.77378
407 0.77344
408 0.77311
409 0.77277
410 0.77244
411 0.77211
412 0.77178
413 0.77146
414 0.77113
415 0.77081
416 0.77049
417 0.77017
418 0.76986
419 0.76955
420 0.76924
421 0.76893
422 0.76862
423 0.76831
424 0.76801
425 0.76771
426 0.76741
427 0.76712
428 0.76682
429 0.76653
430 0.76624
431 0.76596
432 0.76567
433 0.76539
434 0.76511
435 0.76483
436 0.76455
437 0.76428
438 0.76400
439 0.76373
440 0.76346
441 0.76320
442 0.76294
443 0.76267
444 0.76241
445 0.76216
446 0.76190
447 0.76165
448 0.76140
449 0.76115
450 0.76090
451 0.76066
452 0.76042
453 0.76018
454 0.75994
455 0.75971
456 0.75947
457 0.75924
458 0.75901
459 0.75879
460 0.75856
461 0.75834
462 0.75812
463 0.75791
464 0.75769
465 0.75748
466 0.75727
467 0.75706
468 0.75685
469 0.75665
470 0.75645
471 0.75625
472 0.75605
473 0.75585
474 0.75566
475 0.75547
476 0.75528
477 0.75510
478 0.75491
479 0.75473
480 0.75455
481 0.75438
482 0.75420
483 0.75403
484 0.75386
485 0.75369
486 0.75353
487 0.75336
488 0.75320
489 0.75304
490 0.75289
491 0.75273
492 0.75258
493 0.75243
494 0.75229
495 0.75214
496 0.75200
497 0.75186
498 0.75172
499 0.75159
500 0.75145
501 0.75132
502 0.75119
503 0.75107
504 0.75095
505 0.75082
506 0.75070
507 0.75059
508 0.75047
509 0.75036
510 0.75025
511 0.75015
512 0.75004
513 0.74994
514 0.74984
515 0.74974
516 0.74964
517 0.74955
518 0.74946
519 0.74937
520 0.74929
521 0.74920
522 0.74912
523 0.74904
524 0.74897
525 0.74889
526 0.74882
527 0.74875
528 0.74869
529 0.74862
530 0.74856
531 0.74850
532 0.74844
533 0.74839
534 0.74834
535 0.74829
536 0.74824
537 0.74820
538 0.74815
539 0.74811
540 0.74808
541 0.74804
542 0.74801
543 0.74798
544 0.74795
545 0.74793
546 0.74790
547 0.74788
548 0.74786
549 0.74785
550 0.74784
551 0.74783
552 0.74782
553 0.74781
554 0.74781
555 0.74781
556 0.74781
557 0.74782
558 0.74782
559 0.74783
560 0.74785
561 0.74786
562 0.74788
563 0.74790
564 0.74792
565 0.74794
566 0.74797
567 0.74800
568 0.74803
569 0.74807
570 0.74811
571 0.74815
572 0.74819
573 0.74824
574 0.74828
575 0.74833
576 0.74839
577 0.74844
578 0.74850
579 0.74856
580 0.74862
581 0.74869
582 0.74876
583 0.74883
584 0.74890
585 0.74898
586 0.74906
587 0.74914
588 0.74923
589 0.74931
590 0.74940
591 0.74949
592 0.74959
593 0.74969
594 0.74979
595 0.74989
596 0.75000
597 0.75010
598 0.75021
599 0.75033
600 0.75044
601 0.75056
602 0.75068
603 0.75081
604 0.75094
605 0.75107
606 0.75120
607 0.75133
608 0.75147
609 0.75161
610 0.75175
611 0.75190
612 0.75205
613 0.75220
614 0.75235
615 0.75251
616 0.75267
617 0.75283
618 0.75300
619 0.75317
620 0.75334
621 0.75351
622 0.75369
623 0.75387
624 0.75405
625 0.75423
626 0.75442
627 0.75461
628 0.75480
629 0.75500
630 0.75520
631 0.75540
632 0.75561
633 0.75581
634 0.75602
635 0.75624
636 0.75645
637 0.75667
638 0.75689
639 0.75712
640 0.75734
641 0.75757
642 0.75781
643 0.75804
644 0.75828
645 0.75853
646 0.75877
647 0.75902
648 0.75927
649 0.75952
650 0.75978
651 0.76004
652 0.76030
653 0.76057
654 0.76083
655 0.76111
656 0.76138
657 0.76166
658 0.76194
659 0.76222
660 0.76251
661 0.76280
662 0.76309
663 0.76339
664 0.76368
665 0.76398
666 0.76429
667 0.76460
668 0.76491
669 0.76522
670 0.76554
671 0.76586
672 0.76618
673 0.76651
674 0.76684
675 0.76717
676 0.76750
677 0.76784
678 0.76818
679 0.76853
680 0.76888
681 0.76923
682 0.76958
683 0.76994
684 0.77030
685 0.77066
686 0.77103
687 0.77140
688 0.77177
689 0.77215
690 0.77253
691 0.77291
692 0.77330
693 0.77369
694 0.77408
695 0.77448
696 0.77488
697 0.77528
698 0.77568
699 0.77609
700 0.77651
701 0.77692
702 0.77734
703 0.77776
704 0.77819
705 0.77862
706 0.77905
707 0.77948
708 0.77992
709 0.78037
710 0.78081
711 0.78126
712 0.78171
713 0.78217
714 0.78263
715 0.78309
716 0.78356
717 0.78403
718 0.78450
719 0.78498
720 0.78546
721 0.78594
722 0.78643
723 0.78692
724 0.78741
725 0.78791
726 0.78841
727 0.78891
728 0.78942
729 0.78993
730 0.79045
731 0.79097
732 0.79149
733 0.79202
734 0.79255
735 0.79308
736 0.79361
737 0.79416
738 0.79470
739 0.79525
740 0.79580
741 0.79635
742 0.79691
743 0.79747
744 0.79804
745 0.79861
746 0.79918
747 0.79976
748 0.80034
749 0.80093
750 0.80151
751 0.80211
752 0.80270
753 0.80330
754 0.80391
755 0.80451
756 0.80512
757 0.80574
758 0.80636
759 0.80698
760 0.80761
761 0.80824
762 0.80887
763 0.80951
764 0.81015
765 0.81080
766 0.81145
767 0.81210
768 0.81276
769 0.81342
770 0.81409
771 0.81476
772 0.81543
773 0.81611
774 0.81679
775 0.81748
776 0.81817
777 0.81887
778 0.81956
779 0.82027
780 0.82097
781 0.82168
782 0.82240
783 0.82312
784 0.82384
785 0.82457
786 0.82530
787 0.82604
788 0.82678
789 0.82752
790 0.82827
791 0.82902
792 0.82978
793 0.83054
794 0.83130
795 0.83207
796 0.83285
797 0.83363
798 0.83441
799 0.83520
800 0.83599
801 0.83679
802 0.83759
803 0.83839
804 0.83920
805 0.84001
806 0.84083
807 0.84166
808 0.84248
809 0.84331
810 0.84415
811 0.84499
812 0.84584
813 0.84669
814 0.84754
815 0.84840
816 0.84927
817 0.85013
818 0.85101
819 0.85188
820 0.85277
821 0.85365
822 0.85455
823 0.85544
824 0.85634
825 0.85725
826 0.85816
827 0.85908
828 0.86000
829 0.86092
830 0.86185
831 0.86279
832 0.86373
833 0.86467
834 0.86562
835 0.86658
836 0.86754
837 0.86850
838 0.86947
839 0.87045
840 0.87143
841 0.87241
842 0.87340
843 0.87440
844 0.87540
845 0.87640
846 0.87741
847 0.87843
848 0.87945
849 0.88047
850 0.88151
851 0.88254
852 0.88358
853 0.88463
854 0.88568
855 0.88674
856 0.88780
857 0.88887
858 0.88994
859 0.89102
860 0.89211
861 0.89320
862 0.89429
863 0.89539
864 0.89650
865 0.89761
866 0.89873
867 0.89985
868 0.90098
869 0.90211
870 0.90325
871 0.90440
872 0.90555
873 0.90670
874 0.90787
875 0.90903
876 0.91021
877 0.91139
878 0.91257
879 0.91376
880 0.91496
881 0.91616
882 0.91737
883 0.91858
884 0.91980
885 0.92103
886 0.92226
887 0.92350
888 0.92474
889 0.92599
890 0.92725
891 0.92851
892 0.92978
893 0.93106
894 0.93234
895 0.93362
896 0.93492
897 0.93622
898 0.93752
899 0.93883
900 0.94015
901 0.94148
902 0.94281
903 0.94414
904 0.94549
905 0.94684
906 0.94819
907 0.94956
908 0.95093
909 0.95230
910 0.95369
911 0.95507
912 0.95618
913 0.95665
914 0.95718
915 0.95770
916 0.95806
917 0.95825
918 0.95849
919 0.95879
920 0.95917
921 0.95964
922 0.95958
923 0.95952
924 0.96013
925 0.96007
926 0.96001
927 0.96082
928 0.96076
929 0.96070
930 0.96064
931 0.96175
932 0.96169
933 0.96163
934 0.96157
935 0.96152
936 0.96146
937 0.96140
938 0.96299
939 0.96293
940 0.96288
941 0.96282
942 0.96277
943 0.96271
944 0.96265
945 0.96260
946 0.96254
947 0.96249
948 0.96243
949 0.96238
950 0.96482
951 0.96476
952 0.96471
953 0.96466
954 0.96461
955 0.96456
956 0.96450
957 0.96445
958 0.96440
959 0.96435
960 0.96430
961 0.96424
962 0.96419
963 0.96414
964 0.96409
965 0.96403
966 0.96398
967 0.96393
968 0.96388
969 0.96382
970 0.96377
971 0.96372
972 0.96367
973 0.96786
974 0.96782
975 0.96777
976 0.96772
977 0.96768
978 0.96763
979 0.96758
980 0.96754
981 0.96749
982 0.96744
983 0.96740
984 0.96735
985 0.96730
986 0.96726
987 0.96721
988 0.96716
989 0.96712
990 0.96707
991 0.96702
992 0.96698
993 0.96693
994 0.96688
995 0.96684
996 0.96679
997 0.96674
998 0.96669
999 0.96665
1000 0.96660
1001 0.96655
1002 0.96651
1003 0.96646
1004 0.96641
1005 0.96637
1006 0.96632
1007 0.96627
1008 0.96622
1009 0.96618
1010 0.96613
1011 0.96608
1012 0.96604
1013 0.96599
1014 0.96594
1015 0.96589
1016 0.96585
1017 0.96580
1018 0.96575
1019 0.96571
1020 0.96566
1021 0.96561
1022 0.96556
1023 0.96552
1024 0.96547
1025 0.96542
1026 0.97431
1027 0.97427
1028 0.97424
1029 0.97420
1030 0.97417
1031 0.97413
1032 0.97410
1033 0.97406
1034 0.97403
1035 0.97399
1036 0.97395
1037 0.97392
1038 0.97388
1039 0.97385
1040 0.97381
1041 0.97378
1042 0.97374
1043 0.97371
1044 0.97367
1045 0.97364
1046 0.97360
1047 0.97356
1048 0.97353
1049 0.97349
1050 0.97346
1051 0.97342
1052 0.97339
1053 0.97335
1054 0.97331
1055 0.97328
1056 0.97324
1057 0.97321
1058 0.97317
1059 0.97314
1060 0.97310
1061 0.97306
1062 0.97303
1063 0.97299
1064 0.97296
1065 0.97292
1066 0.97288
1067 0.97285
1068 0.97281
1069 0.97278
1070 0.97274
1071 0.97271
1072 0.97267
1073 0.97263
1074 0.97260
1075 0.97256
1076 0.97253
1077 0.97249
1078 0.97245
1079 0.97242
1080 0.97238
1081 0.97234
1082 0.97231
1083 0.97227
1084 0.97224
1085 0.97220
1086 0.97216
1087 0.97213
1088 0.97209
1089 0.97206
1090 0.97202
1091 0.97198
1092 0.97195
1093 0.97191
1094 0.97187
1095 0.97184
1096 0.97180
1097 0.97177
1098 0.97173
1099 0.97169
1100 0.97166
1101 0.97162
1102 0.97158
1103 0.97155
1104 0.97151
1105 0.97148
1106 0.97144
1107 0.97140
1108 0.97137
1109 0.97133
1110 0.97129
1111 0.97126
1112 0.97122
1113 0.97118
1114 0.97115
1115 0.97111
1116 0.97107
1117 0.97104
1118 0.97100
1119 0.97096
1120 0.97093
1121 0.97089
1122 0.97086
1123 0.97082
1124 0.97078
1125 0.97075
1126 0.97071
1127 0.97067
1128 0.97064
1129 0.97060
1130 0.97056
1131 0.97053
1132 0.97049
1133 0.97045
1134 0.97042
1135 0.97038
1136 0.97034
1137 0.97030
1138 0.97027
1139 0.97023
1140 0.97019
1141 0.97016
1142 0.97012
1143 0.97008
1144 0.97005
1145 0.97001
1146 0.96997
1147 0.96994
1148 0.96990
1149 0.96986
1150 0.96983
1151 0.96979
1152 0.96975
1153 0.96971
1154 0.96968
1155 0.96964
1156 0.96960
1157 0.96957
1158 0.96953
1159 0.96949
1160 0.96946
1161 0.96942
1162 0.96938
1163 0.96934
1164 0.96931
1165 0.96927
1166 0.96923
1167 0.96920
1168 0.96916
1169 0.96912
1170 0.96908
1171 0.96905
1172 0.96901
1173 0.96897
1174 0.96894
1175 0.96890
1176 0.96886
1177 0.96882
1178 0.96879
1179 0.96875
1180 0.96871
1181 0.96867
1182 0.96864
1183 0.96860
1184 0.96856
1185 0.96852
1186 0.96849
1187 0.96845
1188 0.96841
1189 0.96838
1190 0.96834
1191 0.96830
1192 0.96826
1193 0.96823
1194 0.96819
1195 0.96815
1196 0.96811
1197 0.96808
1198 0.96804
1199 0.96800
1200 0.96796
1201 0.96793
1202 0.96789
1203 0.96785
1204 0.96781
1205 0.96777
1206 0.96774
1207 0.96770
1208 0.96766
1209 0.96762
1210 0.96759
1211 0.96755
1212 0.96751
1213 0.96747
1214 0.96744
1215 0.96740
1216 1.00000
