17 0.86387
18 0.85248
19 0.84092
20 0.82921
21 0.81736
22 0.80539
23 0.79332
24 0.78116
25 0.76894
26 0.75666
27 0.74434
28 0.73199
29 0.71963
30 0.70726
31 0.69490
32 0.68256
33 0.67025
34 0.65798
35 0.64576
36 0.63359
37 0.62149
38 0.60946
39 0.59751
40 0.58565
41 0.57388
42 0.56221
43 0.55064
44 0.53919
45 0.52785
46 0.51663
47 0.50554
48 0.49457
49 0.48373
50 0.47303
51 0.46247
52 0.45205
53 0.44177
54 0.43163
55 0.42165
56 0.41181
57 0.40212
58 0.39259
59 0.38320
60 0.37397
61 0.36490
62 0.35598
63 0.34721
64 0.33860
65 0.33015
66 0.32185
67 0.31370
68 0.30571
69 0.29787
70 0.29019
71 0.28265
72 0.27527
73 0.26804
74 0.26095
75 0.25402
76 0.24723
77 0.24058
78 0.23408
79 0.22772
80 0.22150
81 0.21542
82 0.20948
83 0.20367
84 0.19800
85 0.19245
86 0.18704
87 0.18175
88 0.17659
89 0.17156
90 0.16665
91 0.16185
92 0.15718
93 0.15262
94 0.14817
95 0.14384
96 0.13962
97 0.13550
98 0.13149
99 0.12759
100 0.12379
101 0.12008
102 0.11648
103 0.11297
104 0.10955
105 0.10623
106 0.10300
107 0.09985
108 0.09679
109 0.09382
110 0.09092
111 0.08811
112 0.08538
113 0.08272
114 0.08014
115 0.07763
116 0.07520
117 0.07283
118 0.07053
119 0.06830
120 0.06613
121 0.06403
122 0.06199
123 0.06000
124 0.05808
125 0.05622
126 0.05440
127 0.05265
128 0.05095
129 0.04929
130 0.04769
131 0.04614
132 0.04463
133 0.04317
134 0.04176
135 0.04039
136 0.03906
137 0.03777
138 0.03652
139 0.03531
140 0.03414
141 0.03301
142 0.03191
143 0.03084
144 0.02981
145 0.02882
146 0.02785
147 0.02692
148 0.02601
149 0.02514
150 0.02429
151 0.02347
152 0.02268
153 0.02191
154 0.02116
155 0.02045
156 0.01975
157 0.01908
158 0.01843
159 0.01780
160 0.01719
161 0.01660
162 0.01603
163 0.01548
164 0.01495
165 0.01444
166 0.01394
167 0.01346
168 0.01300
169 0.01255
170 0.01212
171 0.01170
172 0.01129
173 0.01090
174 0.01052
175 0.01016
176 0.00981
177 0.00946
178 0.00914
179 0.00882
180 0.00851
181 0.00821
182 0.00793
183 0.00765
184 0.00738
185 0.00713
186 0.00688
187 0.00664
188 0.00641
189 0.00618
190 0.00596
191 0.00576
192 0.00555
193 0.00536
194 0.00517
195 0.00499
196 0.00482
197 0.00465
198 0.00448
199 0.00433
200 0.00417
201 0.00403
202 0.00389
203 0.00375
204 0.00362
205 0.00349
206 0.00337
207 0.00325
208 0.00314
209 0.00302
210 0.00292
211 0.00282
212 0.00272
213 0.00262
214 0.00253
215 0.00244
216 0.00235
217 0.00227
218 0.00219
219 0.00212
220 0.00204
221 0.00197
222 0.00190
223 0.00183
224 0.00177
225 0.00171
226 0.00165
227 0.00159
228 0.00153
229 0.00148
230 0.00143
231 0.00138
232 0.00133
233 0.00128
234 0.00124
235 0.00120
236 0.00115
237 0.00111
238 0.00108
239 0.00104
240 0.00100
241 0.00097
242 0.00093
243 0.00090
244 0.00087
245 0.00084
246 0.00081
247 0.00078
248 0.00075
249 0.00073
250 0.00070
251 0.00068
252 0.00066
253 0.00063
254 0.00061
255 0.00059
256 0.00057
257 0.00055
258 0.00053
259 0.00051
260 0.00050
261 0.00048
262 0.00046
263 0.00045
264 0.00043
265 0.00042
266 0.00040
267 0.00039
268 0.00038
269 0.00036
270 0.00035
271 0.00034
272 0.00033
273 0.00032
274 0.00031
275 0.00030
276 0.00029
277 0.00028
278 0.00027
279 0.00026
280 0.00025
281 0.00024
282 0.00023
283 0.00022
284 0.00022
285 0.00021
286 0.00020
287 0.00020
288 0.00019
289 0.00018
290 0.00018
291 0.00017
292 0.00017
293 0.00016
294 0.00016
295 0.00015
296 0.00015
297 0.00014
298 0.00014
299 0.00013
300 0.00013
301 0.00012
302 0.00012
303 0.00012
304 0.00011
305 0.00011
306 0.00010
307 0.00010
308 0.00010
309 0.00010
310 0.00009
311 0.00009
312 0.00009
313 0.00008
314 0.00008
315 0.00008
316 0.00008
317 0.00007
318 0.00007
319 0.00007
320 0.00007
321 0.00006
322 0.00006
323 0.00006
324 0.00006
325 0.00006
326 0.00006
327 0.00005
328 0.00005
329 0.00005
330 0.00005
331 0.00005
332 0.00005
333 0.00004
334 0.00004
335 0.00004
336 0.00004
337 0.00004
338 0.00004
339 0.00004
340 0.00004
341 0.00004
342 0.00003
343 0.00003
344 0.00003
345 0.00003
346 0.00003
347 0.00003
348 0.00003
349 0.00003
350 0.00003
351 0.00003
352 0.00003
353 0.00002
354 0.00002
355 0.00002
356 0.00002
357 0.00002
358 0.00002
359 0.00002
360 0.00002
361 0.00002
362 0.00002
363 0.00002
364 0.00002
365 0.00002
366 0.00002
367 0.00002
368 0.00002
369 0.00002
370 0.00002
371 0.00001
372 0.00001
373 0.00001
374 0.00001
375 0.00001
376 0.00001
377 0.00001
378 0.00001
379 0.00001
380 0.00001
381 0.00001
382 0.00001
383 0.00001
384 0.00001
385 0.00001
386 0.00001
387 0.00001
388 0.00001
389 0.00001
390 0.00001
391 0.00001
392 0.00001
393 0.00001
394 0.00001
395 0.00001
396 0.00001
397 0.00001
398 0.00001
399 0.00001
400 0.00001
401 0.00001
402 0.00001
403 0.00001
404 0.00001
405 0.00001
406 0.00001
407 0.00001
408 0.00001
409 0.00001
410 0.00001
411 0.00001
412 0.00001
413 0.00001
414 0.00001
415 0.00000
416 0.00000
417 0.00000
418 0.00000
419 0.00000
420 0.00000
421 0.00000
422 0.00000
423 0.00000
424 0.00000
425 0.00000
426 0.00000
427 0.00000
428 0.00000
429 0.00000
430 0.00000
431 0.00000
432 0.00000
433 0.00000
434 0.00000
435 0.00000
436 0.00000
437 0.00000
438 0.00000
439 0.00000
440 0.00000
441 0.00000
442 0.00000
443 0.00000
444 0.00000
445 0.00000
446 0.00000
447 0.00000
448 0.00000
449 0.00000
450 0.00000
451 0.00000
452 0.00000
453 0.00000
454 0.00000
455 0.00000
456 0.00000
457 0.00000
458 0.00000
459 0.00000
460 0.00000
461 0.00000
462 0.00000
463 0.00000
464 0.00000
465 0.00000
466 0.00000
467 0.00000
468 0.00000
469 0.00000
470 0.00000
471 0.00000
472 0.00000
473 0.00000
474 0.00000
475 0.00000
476 0.00000
477 0.00000
478 0.00000
479 0.00000
480 0.00000
481 0.00000
482 0.00000
483 0.00000
484 0.00000
485 0.00000
486 0.00000
487 0.00000
488 0.00000
489 0.00000
490 0.00000
491 0.00000
492 0.00000
493 0.00000
494 0.00000
495 0.00000
496 0.00000
497 0.00000
498 0.00000
499 0.00000
500 0.00000
501 0.00000
502 0.00000
503 0.00000
504 0.00000
505 0.00000
506 0.00000
507 0.00000
508 0.00000
509 0.00000
510 0.00000
511 0.00000
512 0.00000
513 0.00000
514 0.00000
515 0.00000
516 0.00000
517 0.00000
518 0.00000
519 0.00000
520 0.00000
521 0.00000
522 0.00000
523 0.00000
524 0.00000
525 0.00000
526 0.00000
527 0.00000
528 0.00000
529 0.00000
530 0.00000
531 0.00000
532 0.00000
533 0.00000
534 0.00000
535 0.00000
536 0.00000
537 0.00000
538 0.00000
539 0.00000
540 0.00000
541 0.00000
542 0.00000
543 0.00000
544 0.00000
545 0.00000
546 0.00000
547 0.00000
548 0.00000
549 0.00000
550 0.00000
551 0.00000
552 0.00000
553 0.00000
554 0.00000
555 0.00000
556 0.00000
557 0.00000
558 0.00000
559 0.00000
560 0.00000
561 0.00000
562 0.00000
563 0.00000
564 0.00000
565 0.00000
566 0.00000
567 0.00000
568 0.00000
569 0.00000
570 0.00000
571 0.00000
572 0.00000
573 0.00000
574 0.00000
575 0.00000
576 0.00000
577 0.00000
578 0.00000
579 0.00000
580 0.00000
581 0.00000
582 0.00000
583 0.00000
584 0.00000
585 0.00000
586 0.00000
587 0.00000
588 0.00000
589 0.00000
590 0.00000
591 0.00000
592 0.00000
593 0.00000
594 0.00000
595 0.00000
596 0.00000
597 0.00000
598 0.00000
599 0.00000
600 0.00000
601 0.00000
602 0.00000
603 0.00000
604 0.00000
605 0.00000
606 0.00000
607 0.00000
608 0.00000
609 0.00000
610 0.00000
611 0.00000
612 0.00000
613 0.00000
614 0.00000
615 0.00000
616 0.00000
617 0.00000
618 0.00000
619 0.00000
620 0.00000
621 0.00000
622 0.00000
623 0.00000
624 0.00000
625 0.00000
626 0.00000
627 0.00000
628 0.00000
629 0.00000
630 0.00000
631 0.00000
632 0.00000
633 0.00000
634 0.00000
635 0.00000
636 0.00000
637 0.00000
638 0.00000
639 0.00000
640 0.00000
641 0.00000
642 0.00000
643 0.00000
644 0.00000
645 0.00000
646 0.00000
647 0.00000
648 0.00000
649 0.00000
650 0.00000
651 0.00000
652 0.00000
653 0.00000
654 0.00000
655 0.00000
656 0.00000
657 0.00000
658 0.00000
659 0.00000
660 0.00000
661 0.00000
662 0.00000
663 0.00000
664 0.00000
665 0.00000
666 0.00000
667 0.00000
668 0.00000
669 0.00000
670 0.00000
671 0.00000
672 0.00000
673 0.00000
674 0.00000
675 0.00000
676 0.00000
677 0.00000
678 0.00000
679 0.00000
680 0.00000
681 0.00000
682 0.00000
683 0.00000
684 0.00000
685 0.00000
686 0.00000
687 0.00000
688 0.00000
689 0.00000
690 0.00000
691 0.00000
692 0.00000
693 0.00000
694 0.00000
695 0.00000
696 0.00000
697 0.00000
698 0.00000
699 0.00000
700 0.00000
701 0.00000
702 0.00000
703 0.00000
704 0.00000
705 0.00000
706 0.00000
707 0.00000
708 0.00000
709 0.00000
710 0.00001
711 0.00001
712 0.00001
713 0.00001
714 0.00001
715 0.00001
716 0.00001
717 0.00001
718 0.00001
719 0.00001
720 0.00001
721 0.00001
722 0.00001
723 0.00001
724 0.00001
725 0.00001
726 0.00001
727 0.00001
728 0.00001
729 0.00001
730 0.00001
731 0.00001
732 0.00001
733 0.00001
734 0.00001
735 0.00001
736 0.00001
737 0.00001
738 0.00001
739 0.00001
740 0.00001
741 0.00001
742 0.00001
743 0.00001
744 0.00002
745 0.00002
746 0.00002
747 0.00002
748 0.00002
749 0.00002
750 0.00002
751 0.00002
752 0.00002
753 0.00002
754 0.00002
755 0.00002
756 0.00002
757 0.00002
758 0.00003
759 0.00003
760 0.00003
761 0.00003
762 0.00003
763 0.00003
764 0.00003
765 0.00003
766 0.00004
767 0.00004
768 0.00004
769 0.00004
770 0.00004
771 0.00004
772 0.00005
773 0.00005
774 0.00005
775 0.00005
776 0.00005
777 0.00006
778 0.00006
779 0.00006
780 0.00007
781 0.00007
782 0.00007
783 0.00007
784 0.00008
785 0.00008
786 0.00009
787 0.00009
788 0.00009
789 0.00010
790 0.00010
791 0.00011
792 0.00011
793 0.00012
794 0.00013
795 0.00013
796 0.00014
797 0.00015
798 0.00015
799 0.00016
800 0.00017
801 0.00018
802 0.00019
803 0.00020
804 0.00021
805 0.00022
806 0.00023
807 0.00024
808 0.00025
809 0.00027
810 0.00028
811 0.00030
812 0.00031
813 0.00033
814 0.00035
815 0.00037
816 0.00039
817 0.00041
818 0.00043
819 0.00046
820 0.00048
821 0.00051
822 0.00054
823 0.00057
824 0.00060
825 0.00064
826 0.00067
827 0.00071
828 0.00076
829 0.00080
830 0.00085
831 0.00090
832 0.00095
833 0.00101
834 0.00107
835 0.00114
836 0.00120
837 0.00128
838 0.00136
839 0.00144
840 0.00153
841 0.00163
842 0.00173
843 0.00184
844 0.00195
845 0.00208
846 0.00221
847 0.00235
848 0.00250
849 0.00267
850 0.00284
851 0.00302
852 0.00322
853 0.00343
854 0.00366
855 0.00391
856 0.00417
857 0.00445
858 0.00474
859 0.00507
860 0.00541
861 0.00578
862 0.00617
863 0.00660
864 0.00705
865 0.00754
866 0.00807
867 0.00863
868 0.00924
869 0.00989
870 0.01059
871 0.01135
872 0.01216
873 0.01303
874 0.01397
875 0.01498
876 0.01607
877 0.01724
878 0.01850
879 0.01986
880 0.02133
881 0.02291
882 0.02462
883 0.02646
884 0.02844
885 0.03058
886 0.03290
887 0.03540
888 0.03809
889 0.04101
890 0.04416
891 0.04757
892 0.05125
893 0.05524
894 0.05955
895 0.06422
896 0.06927
897 0.07475
898 0.08067
899 0.08709
900 0.09405
901 0.10160
902 0.10978
903 0.11865
904 0.12828
905 0.13872
906 0.15006
907 0.16238
908 0.17575
909 0.19028
910 0.20607
911 0.22323
912 0.23776
913 0.24255
914 0.24812
915 0.25370
916 0.25741
917 0.25920
918 0.26158
919 0.26470
920 0.26883
921 0.27431
922 0.27289
923 0.27147
924 0.27886
925 0.27744
926 0.27602
927 0.28622
928 0.28480
929 0.28338
930 0.28196
931 0.29653
932 0.29510
933 0.29368
934 0.29226
935 0.29084
936 0.28943
937 0.28801
938 0.30987
939 0.30845
940 0.30704
941 0.30562
942 0.30420
943 0.30279
944 0.30138
945 0.29997
946 0.29856
947 0.29715
948 0.29575
949 0.29434
950 0.32973
951 0.32832
952 0.32692
953 0.32551
954 0.32411
955 0.32271
956 0.32131
957 0.31991
958 0.31851
959 0.31711
960 0.31571
961 0.31432
962 0.31293
963 0.31154
964 0.31015
965 0.30876
966 0.30737
967 0.30598
968 0.30460
969 0.30321
970 0.30183
971 0.30045
972 0.29907
973 0.36396
974 0.36259
975 0.36121
976 0.35984
977 0.35847
978 0.35710
979 0.35573
980 0.35436
981 0.35300
982 0.35163
983 0.35026
984 0.34890
985 0.34754
986 0.34617
987 0.34481
988 0.34345
989 0.34210
990 0.34074
991 0.33938
992 0.33803
993 0.33667
994 0.33532
995 0.33396
996 0.33261
997 0.33126
998 0.32991
999 0.32857
1000 0.32722
1001 0.32587
1002 0.32453
1003 0.32318
1004 0.32184
1005 0.32050
1006 0.31915
1007 0.31781
1008 0.31647
1009 0.31514
1010 0.31380
1011 0.31246
1012 0.31112
1013 0.30979
1014 0.30845
1015 0.30712
1016 0.30579
1017 0.30446
1018 0.30312
1019 0.30179
1020 0.30046
1021 0.29914
1022 0.29781
1023 0.29648
1024 0.29515
1025 0.29383
1026 0.44555
1027 0.44429
1028 0.44302
1029 0.44176
1030 0.44049
1031 0.43923
1032 0.43796
1033 0.43670
1034 0.43544
1035 0.43417
1036 0.43291
1037 0.43165
1038 0.43039
1039 0.42913
1040 0.42787
1041 0.42661
1042 0.42535
1043 0.42409
1044 0.42283
1045 0.42157
1046 0.42032
1047 0.41906
1048 0.41780
1049 0.41655
1050 0.41529
1051 0.41404
1052 0.41279
1053 0.41153
1054 0.41028
1055 0.40903
1056 0.40778
1057 0.40653
1058 0.40528
1059 0.40403
1060 0.40278
1061 0.40154
1062 0.40029
1063 0.39904
1064 0.39780
1065 0.39655
1066 0.39531
1067 0.39407
1068 0.39283
1069 0.39159
1070 0.39035
1071 0.38911
1072 0.38787
1073 0.38663
1074 0.38539
1075 0.38416
1076 0.38292
1077 0.38169
1078 0.38045
1079 0.37922
1080 0.37799
1081 0.37676
1082 0.37553
1083 0.37430
1084 0.37307
1085 0.37185
1086 0.37062
1087 0.36940
1088 0.36817
1089 0.36695
1090 0.36573
1091 0.36451
1092 0.36328
1093 0.36207
1094 0.36085
1095 0.35963
1096 0.35841
1097 0.35720
1098 0.35599
1099 0.35477
1100 0.35356
1101 0.35235
1102 0.35114
1103 0.34993
1104 0.34873
1105 0.34752
1106 0.34631
1107 0.34511
1108 0.34391
1109 0.34270
1110 0.34150
1111 0.34030
1112 0.33910
1113 0.33791
1114 0.33671
1115 0.33551
1116 0.33432
1117 0.33313
1118 0.33194
1119 0.33074
1120 0.32955
1121 0.32837
1122 0.32718
1123 0.32599
1124 0.32481
1125 0.32362
1126 0.32244
1127 0.32126
1128 0.32008
1129 0.31890
1130 0.31772
1131 0.31654
1132 0.31537
1133 0.31419
1134 0.31302
1135 0.31184
1136 0.31067
1137 0.30950
1138 0.30833
1139 0.30717
1140 0.30600
1141 0.30483
1142 0.30367
1143 0.30250
1144 0.30134
1145 0.30018
1146 0.29902
1147 0.29786
1148 0.29670
1149 0.29554
1150 0.29439
1151 0.29323
1152 0.29208
1153 0.29093
1154 0.28977
1155 0.28862
1156 0.28747
1157 0.28632
1158 0.28517
1159 0.28403
1160 0.28288
1161 0.28174
1162 0.28059
1163 0.27945
1164 0.27831
1165 0.27716
1166 0.27602
1167 0.27488
1168 0.27374
1169 0.27261
1170 0.27147
1171 0.27033
1172 0.26920
1173 0.26806
1174 0.26693
1175 0.26579
1176 0.26466
1177 0.26353
1178 0.26240
1179 0.26127
1180 0.26014
1181 0.25901
1182 0.25788
1183 0.25675
1184 0.25562
1185 0.25449
1186 0.25336
1187 0.25224
1188 0.25111
1189 0.24999
1190 0.24886
1191 0.24773
1192 0.24661
1193 0.24548
1194 0.24436
1195 0.24324
1196 0.24211
1197 0.24099
1198 0.23986
1199 0.23874
1200 0.23762
1201 0.23649
1202 0.23537
1203 0.23425
1204 0.23312
1205 0.23200
1206 0.23087
1207 0.22975
1208 0.22863
1209 0.22750
1210 0.22638
1211 0.22525
1212 0.22413
1213 0.22300
1214 0.22187
1215 0.22075
1216 1.00000
