17 0.88360
18 0.87395
19 0.86416
20 0.85423
21 0.84418
22 0.83403
23 0.82379
24 0.81346
25 0.80307
26 0.79262
27 0.78213
28 0.77159
29 0.76103
30 0.75045
31 0.73986
32 0.72927
33 0.71868
34 0.70810
35 0.69755
36 0.68702
37 0.67652
38 0.66606
39 0.65565
40 0.64528
41 0.63497
42 0.62472
43 0.61453
44 0.60441
45 0.59436
46 0.58438
47 0.57449
48 0.56467
49 0.55494
50 0.54530
51 0.53575
52 0.52629
53 0.51693
54 0.50766
55 0.49849
56 0.48943
57 0.48046
58 0.47160
59 0.46285
60 0.45420
61 0.44566
62 0.43722
63 0.42890
64 0.42069
65 0.41258
66 0.40459
67 0.39671
68 0.38894
69 0.38128
70 0.37374
71 0.36630
72 0.35898
73 0.35176
74 0.34466
75 0.33767
76 0.33079
77 0.32402
78 0.31736
79 0.31081
80 0.30437
81 0.29803
82 0.29180
83 0.28568
84 0.27966
85 0.27375
86 0.26794
87 0.26223
88 0.25662
89 0.25112
90 0.24571
91 0.24040
92 0.23519
93 0.23008
94 0.22506
95 0.22014
96 0.21531
97 0.21057
98 0.20592
99 0.20136
100 0.19690
101 0.19251
102 0.18822
103 0.18401
104 0.17988
105 0.17583
106 0.17187
107 0.16798
108 0.16418
109 0.16045
110 0.15680
111 0.15322
112 0.14972
113 0.14629
114 0.14294
115 0.13965
116 0.13643
117 0.13328
118 0.13020
119 0.12718
120 0.12423
121 0.12134
122 0.11851
123 0.11575
124 0.11304
125 0.11040
126 0.10781
127 0.10528
128 0.10280
129 0.10038
130 0.09801
131 0.09570
132 0.09343
133 0.09122
134 0.08906
135 0.08695
136 0.08488
137 0.08286
138 0.08089
139 0.07896
140 0.07707
141 0.07523
142 0.07343
143 0.07167
144 0.06996
145 0.06828
146 0.06664
147 0.06504
148 0.06348
149 0.06195
150 0.06046
151 0.05900
152 0.05758
153 0.05619
154 0.05483
155 0.05351
156 0.05221
157 0.05095
158 0.04972
159 0.04852
160 0.04734
161 0.04619
162 0.04507
163 0.04398
164 0.04291
165 0.04187
166 0.04086
167 0.03987
168 0.03890
169 0.03795
170 0.03703
171 0.03613
172 0.03525
173 0.03440
174 0.03356
175 0.03275
176 0.03195
177 0.03117
178 0.03042
179 0.02968
180 0.02896
181 0.02825
182 0.02757
183 0.02690
184 0.02624
185 0.02561
186 0.02498
187 0.02438
188 0.02379
189 0.02321
190 0.02265
191 0.02210
192 0.02156
193 0.02104
194 0.02053
195 0.02003
196 0.01955
197 0.01908
198 0.01861
199 0.01816
200 0.01773
201 0.01730
202 0.01688
203 0.01647
204 0.01608
205 0.01569
206 0.01531
207 0.01494
208 0.01458
209 0.01423
210 0.01389
211 0.01356
212 0.01324
213 0.01292
214 0.01261
215 0.01231
216 0.01201
217 0.01173
218 0.01145
219 0.01118
220 0.01091
221 0.01065
222 0.01040
223 0.01015
224 0.00991
225 0.00968
226 0.00945
227 0.00922
228 0.00901
229 0.00879
230 0.00859
231 0.00838
232 0.00819
233 0.00800
234 0.00781
235 0.00763
236 0.00745
237 0.00727
238 0.00710
239 0.00694
240 0.00678
241 0.00662
242 0.00647
243 0.00632
244 0.00617
245 0.00603
246 0.00589
247 0.00575
248 0.00562
249 0.00549
250 0.00537
251 0.00524
252 0.00512
253 0.00501
254 0.00489
255 0.00478
256 0.00467
257 0.00457
258 0.00446
259 0.00436
260 0.00427
261 0.00417
262 0.00408
263 0.00398
264 0.00390
265 0.00381
266 0.00372
267 0.00364
268 0.00356
269 0.00348
270 0.00340
271 0.00333
272 0.00326
273 0.00318
274 0.00311
275 0.00305
276 0.00298
277 0.00291
278 0.00285
279 0.00279
280 0.00273
281 0.00267
282 0.00261
283 0.00256
284 0.00250
285 0.00245
286 0.00239
287 0.00234
288 0.00229
289 0.00224
290 0.00220
291 0.00215
292 0.00211
293 0.00206
294 0.00202
295 0.00198
296 0.00193
297 0.00189
298 0.00186
299 0.00182
300 0.00178
301 0.00174
302 0.00171
303 0.00167
304 0.00164
305 0.00160
306 0.00157
307 0.00154
308 0.00151
309 0.00148
310 0.00145
311 0.00142
312 0.00139
313 0.00136
314 0.00134
315 0.00131
316 0.00128
317 0.00126
318 0.00123
319 0.00121
320 0.00119
321 0.00116
322 0.00114
323 0.00112
324 0.00110
325 0.00108
326 0.00106
327 0.00104
328 0.00102
329 0.00100
330 0.00098
331 0.00096
332 0.00094
333 0.00092
334 0.00091
335 0.00089
336 0.00087
337 0.00086
338 0.00084
339 0.00083
340 0.00081
341 0.00080
342 0.00078
343 0.00077
344 0.00075
345 0.00074
346 0.00073
347 0.00071
348 0.00070
349 0.00069
350 0.00068
351 0.00066
352 0.00065
353 0.00064
354 0.00063
355 0.00062
356 0.00061
357 0.00060
358 0.00059
359 0.00058
360 0.00057
361 0.00056
362 0.00055
363 0.00054
364 0.00053
365 0.00052
366 0.00051
367 0.00051
368 0.00050
369 0.00049
370 0.00048
371 0.00047
372 0.00047
373 0.00046
374 0.00045
375 0.00044
376 0.00044
377 0.00043
378 0.00042
379 0.00042
380 0.00041
381 0.00040
382 0.00040
383 0.00039
384 0.00039
385 0.00038
386 0.00037
387 0.00037
388 0.00036
389 0.00036
390 0.00035
391 0.00035
392 0.00034
393 0.00034
394 0.00033
395 0.00033
396 0.00032
397 0.00032
398 0.00031
399 0.00031
400 0.00031
401 0.00030
402 0.00030
403 0.00029
404 0.00029
405 0.00029
406 0.00028
407 0.00028
408 0.00027
409 0.00027
410 0.00027
411 0.00026
412 0.00026
413 0.00026
414 0.00025
415 0.00025
416 0.00025
417 0.00024
418 0.00024
419 0.00024
420 0.00023
421 0.00023
422 0.00023
423 0.00023
424 0.00022
425 0.00022
426 0.00022
427 0.00022
428 0.00021
429 0.00021
430 0.00021
431 0.00021
432 0.00020
433 0.00020
434 0.00020
435 0.00020
436 0.00019
437 0.00019
438 0.00019
439 0.00019
440 0.00019
441 0.00018
442 0.00018
443 0.00018
444 0.00018
445 0.00018
446 0.00017
447 0.00017
448 0.00017
449 0.00017
450 0.00017
451 0.00017
452 0.00016
453 0.00016
454 0.00016
455 0.00016
456 0.00016
457 0.00016
458 0.00016
459 0.00015
460 0.00015
461 0.00015
462 0.00015
463 0.00015
464 0.00015
465 0.00015
466 0.00015
467 0.00014
468 0.00014
469 0.00014
470 0.00014
471 0.00014
472 0.00014
473 0.00014
474 0.00014
475 0.00014
476 0.00013
477 0.00013
478 0.00013
479 0.00013
480 0.00013
481 0.00013
482 0.00013
483 0.00013
484 0.00013
485 0.00013
486 0.00013
487 0.00012
488 0.00012
489 0.00012
490 0.00012
491 0.00012
492 0.00012
493 0.00012
494 0.00012
495 0.00012
496 0.00012
497 0.00012
498 0.00012
499 0.00012
500 0.00012
501 0.00011
502 0.00011
503 0.00011
504 0.00011
505 0.00011
506 0.00011
507 0.00011
508 0.00011
509 0.00011
510 0.00011
511 0.00011
512 0.00011
513 0.00011
514 0.00011
515 0.00011
516 0.00011
517 0.00011
518 0.00011
519 0.00011
520 0.00011
521 0.00011
522 0.00011
523 0.00010
524 0.00010
525 0.00010
526 0.00010
527 0.00010
528 0.00010
529 0.00010
530 0.00010
531 0.00010
532 0.00010
533 0.00010
534 0.00010
535 0.00010
536 0.00010
537 0.00010
538 0.00010
539 0.00010
540 0.00010
541 0.00010
542 0.00010
543 0.00010
544 0.00010
545 0.00010
546 0.00010
547 0.00010
548 0.00010
549 0.00010
550 0.00010
551 0.00010
552 0.00010
553 0.00010
554 0.00010
555 0.00010
556 0.00010
557 0.00010
558 0.00010
559 0.00010
560 0.00010
561 0.00010
562 0.00010
563 0.00010
564 0.00010
565 0.00010
566 0.00010
567 0.00010
568 0.00010
569 0.00010
570 0.00010
571 0.00010
572 0.00010
573 0.00010
574 0.00010
575 0.00010
576 0.00010
577 0.00010
578 0.00010
579 0.00010
580 0.00010
581 0.00010
582 0.00010
583 0.00011
584 0.00011
585 0.00011
586 0.00011
587 0.00011
588 0.00011
589 0.00011
590 0.00011
591 0.00011
592 0.00011
593 0.00011
594 0.00011
595 0.00011
596 0.00011
597 0.00011
598 0.00011
599 0.00011
600 0.00011
601 0.00011
602 0.00011
603 0.00011
604 0.00012
605 0.00012
606 0.00012
607 0.00012
608 0.00012
609 0.00012
610 0.00012
611 0.00012
612 0.00012
613 0.00012
614 0.00012
615 0.00012
616 0.00012
617 0.00013
618 0.00013
619 0.00013
620 0.00013
621 0.00013
622 0.00013
623 0.00013
624 0.00013
625 0.00013
626 0.00013
627 0.00014
628 0.00014
629 0.00014
630 0.00014
631 0.00014
632 0.00014
633 0.00014
634 0.00014
635 0.00014
636 0.00015
637 0.00015
638 0.00015
639 0.00015
640 0.00015
641 0.00015
642 0.00015
643 0.00016
644 0.00016
645 0.00016
646 0.00016
647 0.00016
648 0.00016
649 0.00017
650 0.00017
651 0.00017
652 0.00017
653 0.00017
654 0.00018
655 0.00018
656 0.00018
657 0.00018
658 0.00018
659 0.00019
660 0.00019
661 0.00019
662 0.00019
663 0.00020
664 0.00020
665 0.00020
666 0.00020
667 0.00021
668 0.00021
669 0.00021
670 0.00021
671 0.00022
672 0.00022
673 0.00022
674 0.00023
675 0.00023
676 0.00023
677 0.00024
678 0.00024
679 0.00024
680 0.00025
681 0.00025
682 0.00025
683 0.00026
684 0.00026
685 0.00026
686 0.00027
687 0.00027
688 0.00028
689 0.00028
690 0.00029
691 0.00029
692 0.00029
693 0.00030
694 0.00030
695 0.00031
696 0.00031
697 0.00032
698 0.00032
699 0.00033
700 0.00034
701 0.00034
702 0.00035
703 0.00035
704 0.00036
705 0.00037
706 0.00037
707 0.00038
708 0.00039
709 0.00039
710 0.00040
711 0.00041
712 0.00041
713 0.00042
714 0.00043
715 0.00044
716 0.00045
717 0.00045
718 0.00046
719 0.00047
720 0.00048
721 0.00049
722 0.00050
723 0.00051
724 0.00052
725 0.00053
726 0.00054
727 0.00055
728 0.00056
729 0.00058
730 0.00059
731 0.00060
732 0.00061
733 0.00062
734 0.00064
735 0.00065
736 0.00067
737 0.00068
738 0.00069
739 0.00071
740 0.00073
741 0.00074
742 0.00076
743 0.00078
744 0.00079
745 0.00081
746 0.00083
747 0.00085
748 0.00087
749 0.00089
750 0.00091
751 0.00093
752 0.00095
753 0.00097
754 0.00100
755 0.00102
756 0.00105
757 0.00107
758 0.00110
759 0.00112
760 0.00115
761 0.00118
762 0.00121
763 0.00124
764 0.00127
765 0.00130
766 0.00134
767 0.00137
768 0.00140
769 0.00144
770 0.00148
771 0.00152
772 0.00156
773 0.00160
774 0.00164
775 0.00168
776 0.00173
777 0.00177
778 0.00182
779 0.00187
780 0.00192
781 0.00198
782 0.00203
783 0.00209
784 0.00214
785 0.00220
786 0.00227
787 0.00233
788 0.00240
789 0.00246
790 0.00254
791 0.00261
792 0.00268
793 0.00276
794 0.00284
795 0.00293
796 0.00301
797 0.00310
798 0.00319
799 0.00329
800 0.00339
801 0.00349
802 0.00359
803 0.00370
804 0.00382
805 0.00393
806 0.00405
807 0.00418
808 0.00431
809 0.00444
810 0.00458
811 0.00473
812 0.00488
813 0.00503
814 0.00519
815 0.00536
816 0.00553
817 0.00571
818 0.00590
819 0.00609
820 0.00629
821 0.00649
822 0.00671
823 0.00693
824 0.00716
825 0.00740
826 0.00765
827 0.00791
828 0.00818
829 0.00845
830 0.00874
831 0.00904
832 0.00935
833 0.00968
834 0.01001
835 0.01036
836 0.01072
837 0.01110
838 0.01149
839 0.01190
840 0.01232
841 0.01276
842 0.01322
843 0.01370
844 0.01419
845 0.01471
846 0.01524
847 0.01580
848 0.01638
849 0.01698
850 0.01761
851 0.01826
852 0.01894
853 0.01965
854 0.02039
855 0.02116
856 0.02196
857 0.02280
858 0.02366
859 0.02457
860 0.02551
861 0.02650
862 0.02752
863 0.02859
864 0.02971
865 0.03087
866 0.03209
867 0.03335
868 0.03467
869 0.03605
870 0.03749
871 0.03899
872 0.04055
873 0.04219
874 0.04389
875 0.04568
876 0.04754
877 0.04948
878 0.05151
879 0.05363
880 0.05585
881 0.05817
882 0.06059
883 0.06312
884 0.06576
885 0.06853
886 0.07142
887 0.07445
888 0.07761
889 0.08093
890 0.08439
891 0.08801
892 0.09181
893 0.09578
894 0.09993
895 0.10429
896 0.10884
897 0.11361
898 0.11861
899 0.12385
900 0.12933
901 0.13508
902 0.14110
903 0.14741
904 0.15403
905 0.16097
906 0.16824
907 0.17586
908 0.18386
909 0.19225
910 0.20105
911 0.21028
912 0.21774
913 0.23981
914 0.25619
915 0.26857
916 0.27590
917 0.27957
918 0.28386
919 0.28894
920 0.29508
921 0.30262
922 0.30120
923 0.29979
924 0.30930
925 0.30788
926 0.30647
927 0.31884
928 0.31742
929 0.31601
930 0.31459
931 0.33139
932 0.32997
933 0.32856
934 0.32714
935 0.32573
936 0.32432
937 0.32291
938 0.34703
939 0.34562
940 0.34421
941 0.34280
942 0.34139
943 0.33999
944 0.33858
945 0.33718
946 0.33578
947 0.33438
948 0.33298
949 0.33158
950 0.36919
951 0.36780
952 0.36640
953 0.36501
954 0.36361
955 0.36222
956 0.36083
957 0.35944
958 0.35805
959 0.35667
960 0.35528
961 0.35390
962 0.35251
963 0.35113
964 0.34975
965 0.34837
966 0.34699
967 0.34562
968 0.34424
969 0.34287
970 0.34150
971 0.34013
972 0.33876
973 0.40552
974 0.40417
975 0.40281
976 0.40146
977 0.40010
978 0.39875
979 0.39740
980 0.39605
981 0.39470
982 0.39335
983 0.39200
984 0.39065
985 0.38930
986 0.38796
987 0.38661
988 0.38527
989 0.38392
990 0.38258
991 0.38124
992 0.37990
993 0.37856
994 0.37722
995 0.37588
996 0.37455
997 0.37321
998 0.37188
999 0.37054
1000 0.36921
1001 0.36788
1002 0.36655
1003 0.36522
1004 0.36389
1005 0.36256
1006 0.36123
1007 0.35991
1008 0.35858
1009 0.35726
1010 0.35594
1011 0.35462
1012 0.35330
1013 0.35198
1014 0.35066
1015 0.34934
1016 0.34802
1017 0.34671
1018 0.34540
1019 0.34408
1020 0.34277
1021 0.34146
1022 0.34015
1023 0.33884
1024 0.33753
1025 0.33623
1026 0.48771
1027 0.48648
1028 0.48525
1029 0.48402
1030 0.48279
1031 0.48157
1032 0.48034
1033 0.47911
1034 0.47788
1035 0.47665
1036 0.47542
1037 0.47419
1038 0.47296
1039 0.47174
1040 0.47051
1041 0.46928
1042 0.46805
1043 0.46682
1044 0.46560
1045 0.46437
1046 0.46314
1047 0.46191
1048 0.46069
1049 0.45946
1050 0.45823
1051 0.45701
1052 0.45578
1053 0.45455
1054 0.45333
1055 0.45210
1056 0.45088
1057 0.44965
1058 0.44843
1059 0.44720
1060 0.44598
1061 0.44476
1062 0.44353
1063 0.44231
1064 0.44109
1065 0.43987
1066 0.43864
1067 0.43742
1068 0.43620
1069 0.43498
1070 0.43376
1071 0.43254
1072 0.43132
1073 0.43010
1074 0.42889
1075 0.42767
1076 0.42645
1077 0.42523
1078 0.42402
1079 0.42280
1080 0.42159
1081 0.42037
1082 0.41916
1083 0.41794
1084 0.41673
1085 0.41552
1086 0.41431
1087 0.41309
1088 0.41188
1089 0.41067
1090 0.40946
1091 0.40826
1092 0.40705
1093 0.40584
1094 0.40463
1095 0.40343
1096 0.40222
1097 0.40102
1098 0.39981
1099 0.39861
1100 0.39741
1101 0.39620
1102 0.39500
1103 0.39380
1104 0.39260
1105 0.39140
1106 0.39021
1107 0.38901
1108 0.38781
1109 0.38662
1110 0.38542
1111 0.38423
1112 0.38303
1113 0.38184
1114 0.38065
1115 0.37946
1116 0.37827
1117 0.37708
1118 0.37589
1119 0.37470
1120 0.37352
1121 0.37233
1122 0.37115
1123 0.36996
1124 0.36878
1125 0.36760
1126 0.36642
1127 0.36524
1128 0.36406
1129 0.36288
1130 0.36170
1131 0.36053
1132 0.35935
1133 0.35818
1134 0.35700
1135 0.35583
1136 0.35466
1137 0.35349
1138 0.35232
1139 0.35115
1140 0.34998
1141 0.34882
1142 0.34765
1143 0.34649
1144 0.34532
1145 0.34416
1146 0.34300
1147 0.34184
1148 0.34068
1149 0.33952
1150 0.33837
1151 0.33721
1152 0.33606
1153 0.33490
1154 0.33375
1155 0.33260
1156 0.33145
1157 0.33030
1158 0.32915
1159 0.32800
1160 0.32686
1161 0.32571
1162 0.32457
1163 0.32342
1164 0.32228
1165 0.32114
1166 0.32000
1167 0.31886
1168 0.31772
1169 0.31659
1170 0.31545
1171 0.31432
1172 0.31319
1173 0.31205
1174 0.31092
1175 0.30979
1176 0.30866
1177 0.30754
1178 0.30641
1179 0.30528
1180 0.30416
1181 0.30304
1182 0.30191
1183 0.30079
1184 0.29967
1185 0.29855
1186 0.29743
1187 0.29632
1188 0.29520
1189 0.29409
1190 0.29297
1191 0.29186
1192 0.29075
1193 0.28963
1194 0.28852
1195 0.28742
1196 0.28631
1197 0.28520
1198 0.28409
1199 0.28299
1200 0.28188
1201 0.28078
1202 0.27968
1203 0.27858
1204 0.27748
1205 0.27638
1206 0.27528
1207 0.27418
1208 0.27308
1209 0.27199
1210 0.27089
1211 0.26980
1212 0.26870
1213 0.26761
1214 0.26652
1215 0.26542
1216 1.00000
