17 0.95155
18 0.94737
19 0.94309
20 0.93873
21 0.93429
22 0.92977
23 0.92517
24 0.92050
25 0.91576
26 0.91096
27 0.90611
28 0.90119
29 0.89622
30 0.89121
31 0.88614
32 0.88103
33 0.87588
34 0.87068
35 0.86546
36 0.86019
37 0.85490
38 0.84957
39 0.84422
40 0.83884
41 0.83344
42 0.82802
43 0.82257
44 0.81711
45 0.81164
46 0.80615
47 0.80065
48 0.79513
49 0.78961
50 0.78408
51 0.77854
52 0.77300
53 0.76746
54 0.76191
55 0.75636
56 0.75082
57 0.74527
58 0.73973
59 0.73419
60 0.72866
61 0.72314
62 0.71762
63 0.71211
64 0.70661
65 0.70112
66 0.69564
67 0.69018
68 0.68473
69 0.67929
70 0.67387
71 0.66846
72 0.66307
73 0.65770
74 0.65234
75 0.64700
76 0.64169
77 0.63639
78 0.63111
79 0.62586
80 0.62062
81 0.61541
82 0.61022
83 0.60505
84 0.59991
85 0.59479
86 0.58970
87 0.58463
88 0.57959
89 0.57457
90 0.56958
91 0.56462
92 0.55968
93 0.55477
94 0.54989
95 0.54503
96 0.54021
97 0.53541
98 0.53064
99 0.52590
100 0.52119
101 0.51651
102 0.51186
103 0.50724
104 0.50264
105 0.49808
106 0.49355
107 0.48905
108 0.48458
109 0.48014
110 0.47573
111 0.47135
112 0.46700
113 0.46268
114 0.45840
115 0.45414
116 0.44992
117 0.44573
118 0.44156
119 0.43743
120 0.43334
121 0.42927
122 0.42523
123 0.42123
124 0.41725
125 0.41331
126 0.40940
127 0.40552
128 0.40167
129 0.39785
130 0.39406
131 0.39030
132 0.38658
133 0.38288
134 0.37922
135 0.37559
136 0.37198
137 0.36841
138 0.36487
139 0.36136
140 0.35787
141 0.35442
142 0.35100
143 0.34761
144 0.34425
145 0.34091
146 0.33761
147 0.33434
148 0.33109
149 0.32787
150 0.32469
151 0.32153
152 0.31840
153 0.31530
154 0.31223
155 0.30918
156 0.30616
157 0.30318
158 0.30021
159 0.29728
160 0.29437
161 0.29149
162 0.28864
163 0.28582
164 0.28302
165 0.28025
166 0.27750
167 0.27478
168 0.27209
169 0.26942
170 0.26678
171 0.26416
172 0.26157
173 0.25901
174 0.25647
175 0.25395
176 0.25146
177 0.24899
178 0.24655
179 0.24413
180 0.24173
181 0.23936
182 0.23702
183 0.23469
184 0.23239
185 0.23011
186 0.22786
187 0.22563
188 0.22341
189 0.22123
190 0.21906
191 0.21692
192 0.21480
193 0.21269
194 0.21062
195 0.20856
196 0.20652
197 0.20450
198 0.20251
199 0.20053
200 0.19858
201 0.19664
202 0.19473
203 0.19283
204 0.19096
205 0.18910
206 0.18727
207 0.18545
208 0.18365
209 0.18187
210 0.18011
211 0.17836
212 0.17664
213 0.17493
214 0.17324
215 0.17157
216 0.16992
217 0.16828
218 0.16666
219 0.16506
220 0.16348
221 0.16191
222 0.16036
223 0.15882
224 0.15730
225 0.15580
226 0.15431
227 0.15284
228 0.15139
229 0.14995
230 0.14852
231 0.14711
232 0.14572
233 0.14434
234 0.14297
235 0.14162
236 0.14029
237 0.13897
238 0.13766
239 0.13637
240 0.13509
241 0.13382
242 0.13257
243 0.13133
244 0.13011
245 0.12889
246 0.12769
247 0.12651
248 0.12534
249 0.12417
250 0.12303
251 0.12189
252 0.12077
253 0.11966
254 0.11856
255 0.11747
256 0.11640
257 0.11533
258 0.11428
259 0.11324
260 0.11221
261 0.11119
262 0.11018
263 0.10919
264 0.10820
265 0.10723
266 0.10626
267 0.10531
268 0.10437
269 0.10343
270 0.10251
271 0.10160
272 0.10069
273 0.09980
274 0.09892
275 0.09804
276 0.09718
277 0.09632
278 0.09548
279 0.09464
280 0.09382
281 0.09300
282 0.09219
283 0.09139
284 0.09060
285 0.08981
286 0.08904
287 0.08827
288 0.08752
289 0.08677
290 0.08603
291 0.08529
292 0.08457
293 0.08385
294 0.08314
295 0.08244
296 0.08175
297 0.08106
298 0.08038
299 0.07971
300 0.07905
301 0.07839
302 0.07774
303 0.07710
304 0.07646
305 0.07583
306 0.07521
307 0.07460
308 0.07399
309 0.07339
310 0.07279
311 0.07221
312 0.07162
313 0.07105
314 0.07048
315 0.06992
316 0.06936
317 0.06881
318 0.06827
319 0.06773
320 0.06719
321 0.06667
322 0.06615
323 0.06563
324 0.06512
325 0.06462
326 0.06412
327 0.06363
328 0.06314
329 0.06266
330 0.06218
331 0.06171
332 0.06124
333 0.06078
334 0.06032
335 0.05987
336 0.05942
337 0.05898
338 0.05854
339 0.05811
340 0.05769
341 0.05726
342 0.05684
343 0.05643
344 0.05602
345 0.05562
346 0.05522
347 0.05482
348 0.05443
349 0.05404
350 0.05366
351 0.05328
352 0.05291
353 0.05254
354 0.05217
355 0.05181
356 0.05145
357 0.05110
358 0.05075
359 0.05040
360 0.05006
361 0.04972
362 0.04939
363 0.04906
364 0.04873
365 0.04840
366 0.04808
367 0.04777
368 0.04745
369 0.04714
370 0.04684
371 0.04653
372 0.04623
373 0.04594
374 0.04565
375 0.04536
376 0.04507
377 0.04479
378 0.04451
379 0.04423
380 0.04395
381 0.04368
382 0.04342
383 0.04315
384 0.04289
385 0.04263
386 0.04237
387 0.04212
388 0.04187
389 0.04162
390 0.04138
391 0.04114
392 0.04090
393 0.04066
394 0.04043
395 0.04020
396 0.03997
397 0.03974
398 0.03952
399 0.03930
400 0.03908
401 0.03886
402 0.03865
403 0.03844
404 0.03823
405 0.03803
406 0.03782
407 0.03762
408 0.03742
409 0.03723
410 0.03703
411 0.03684
412 0.03665
413 0.03646
414 0.03628
415 0.03609
416 0.03591
417 0.03573
418 0.03556
419 0.03538
420 0.03521
421 0.03504
422 0.03487
423 0.03471
424 0.03454
425 0.03438
426 0.03422
427 0.03406
428 0.03390
429 0.03375
430 0.03360
431 0.03345
432 0.03330
433 0.03315
434 0.03301
435 0.03286
436 0.03272
437 0.03258
438 0.03244
439 0.03231
440 0.03217
441 0.03204
442 0.03191
443 0.03178
444 0.03165
445 0.03153
446 0.03140
447 0.03128
448 0.03116
449 0.03104
450 0.03092
451 0.03081
452 0.03069
453 0.03058
454 0.03047
455 0.03036
456 0.03025
457 0.03014
458 0.03004
459 0.02993
460 0.02983
461 0.02973
462 0.02963
463 0.02953
464 0.02944
465 0.02934
466 0.02925
467 0.02916
468 0.02907
469 0.02898
470 0.02889
471 0.02880
472 0.02872
473 0.02864
474 0.02855
475 0.02847
476 0.02839
477 0.02832
478 0.02824
479 0.02816
480 0.02809
481 0.02802
482 0.02794
483 0.02787
484 0.02781
485 0.02774
486 0.02767
487 0.02761
488 0.02754
489 0.02748
490 0.02742
491 0.02736
492 0.02730
493 0.02724
494 0.02719
495 0.02713
496 0.02708
497 0.02702
498 0.02697
499 0.02692
500 0.02687
501 0.02683
502 0.02678
503 0.02673
504 0.02669
505 0.02664
506 0.02660
507 0.02656
508 0.02652
509 0.02648
510 0.02644
511 0.02641
512 0.02637
513 0.02634
514 0.02630
515 0.02627
516 0.02624
517 0.02621
518 0.02618
519 0.02615
520 0.02612
521 0.02610
522 0.02607
523 0.02605
524 0.02602
525 0.02600
526 0.02598
527 0.02596
528 0.02594
529 0.02592
530 0.02591
531 0.02589
532 0.02588
533 0.02586
534 0.02585
535 0.02584
536 0.02583
537 0.02582
538 0.02581
539 0.02581
540 0.02580
541 0.02580
542 0.02579
543 0.02579
544 0.02579
545 0.02579
546 0.02579
547 0.02579
548 0.02579
549 0.02580
550 0.02580
551 0.02581
552 0.02582
553 0.02582
554 0.02583
555 0.02585
556 0.02586
557 0.02587
558 0.02589
559 0.02590
560 0.02592
561 0.02593
562 0.02595
563 0.02597
564 0.02600
565 0.02602
566 0.02604
567 0.02606
568 0.02609
569 0.02611
570 0.02614
571 0.02617
572 0.02620
573 0.02623
574 0.02626
575 0.02629
576 0.02633
577 0.02636
578 0.02640
579 0.02644
580 0.02648
581 0.02652
582 0.02656
583 0.02660
584 0.02665
585 0.02669
586 0.02674
587 0.02679
588 0.02684
589 0.02689
590 0.02694
591 0.02699
592 0.02705
593 0.02711
594 0.02716
595 0.02722
596 0.02728
597 0.02734
598 0.02741
599 0.02747
600 0.02754
601 0.02760
602 0.02767
603 0.02774
604 0.02782
605 0.02789
606 0.02796
607 0.02804
608 0.02812
609 0.02820
610 0.02828
611 0.02836
612 0.02844
613 0.02853
614 0.02862
615 0.02871
616 0.02880
617 0.02889
618 0.02898
619 0.02908
620 0.02917
621 0.02927
622 0.02937
623 0.02948
624 0.02958
625 0.02968
626 0.02979
627 0.02990
628 0.03001
629 0.03013
630 0.03024
631 0.03036
632 0.03048
633 0.03060
634 0.03072
635 0.03084
636 0.03097
637 0.03110
638 0.03123
639 0.03136
640 0.03150
641 0.03164
642 0.03177
643 0.03192
644 0.03206
645 0.03220
646 0.03235
647 0.03250
648 0.03265
649 0.03281
650 0.03297
651 0.03313
652 0.03329
653 0.03345
654 0.03362
655 0.03379
656 0.03396
657 0.03413
658 0.03431
659 0.03449
660 0.03467
661 0.03486
662 0.03504
663 0.03524
664 0.03543
665 0.03562
666 0.03582
667 0.03602
668 0.03623
669 0.03644
670 0.03665
671 0.03686
672 0.03707
673 0.03728
674 0.03750
675 0.03772
676 0.03794
677 0.03817
678 0.03840
679 0.03863
680 0.03886
681 0.03910
682 0.03935
683 0.03959
684 0.03984
685 0.04010
686 0.04035
687 0.04061
688 0.04088
689 0.04115
690 0.04142
691 0.04169
692 0.04197
693 0.04226
694 0.04255
695 0.04284
696 0.04313
697 0.04343
698 0.04374
699 0.04405
700 0.04436
701 0.04468
702 0.04500
703 0.04533
704 0.04566
705 0.04600
706 0.04634
707 0.04668
708 0.04704
709 0.04739
710 0.04775
711 0.04812
712 0.04849
713 0.04887
714 0.04925
715 0.04964
716 0.05003
717 0.05043
718 0.05084
719 0.05125
720 0.05167
721 0.05209
722 0.05252
723 0.05295
724 0.05339
725 0.05384
726 0.05430
727 0.05476
728 0.05523
729 0.05570
730 0.05619
731 0.05667
732 0.05717
733 0.05767
734 0.05819
735 0.05870
736 0.05923
737 0.05977
738 0.06031
739 0.06086
740 0.06142
741 0.06198
742 0.06256
743 0.06314
744 0.06374
745 0.06434
746 0.06495
747 0.06557
748 0.06620
749 0.06684
750 0.06749
751 0.06814
752 0.06881
753 0.06949
754 0.07018
755 0.07088
756 0.07159
757 0.07231
758 0.07305
759 0.07379
760 0.07455
761 0.07531
762 0.07609
763 0.07688
764 0.07769
765 0.07850
766 0.07933
767 0.08018
768 0.08103
769 0.08190
770 0.08278
771 0.08368
772 0.08459
773 0.08552
774 0.08646
775 0.08741
776 0.08838
777 0.08937
778 0.09037
779 0.09139
780 0.09242
781 0.09347
782 0.09454
783 0.09563
784 0.09673
785 0.09785
786 0.09899
787 0.10015
788 0.10133
789 0.10252
790 0.10374
791 0.10498
792 0.10623
793 0.10751
794 0.10881
795 0.11013
796 0.11147
797 0.11284
798 0.11423
799 0.11564
800 0.11708
801 0.11854
802 0.12002
803 0.12153
804 0.12307
805 0.12463
806 0.12622
807 0.12784
808 0.12948
809 0.13115
810 0.13286
811 0.13459
812 0.13635
813 0.13814
814 0.13996
815 0.14182
816 0.14371
817 0.14563
818 0.14758
819 0.14957
820 0.15160
821 0.15366
822 0.15575
823 0.15789
824 0.16006
825 0.16227
826 0.16452
827 0.16682
828 0.16915
829 0.17152
830 0.17394
831 0.17641
832 0.17891
833 0.18147
834 0.18407
835 0.18672
836 0.18941
837 0.19216
838 0.19496
839 0.19781
840 0.20071
841 0.20366
842 0.20668
843 0.20974
844 0.21287
845 0.21605
846 0.21930
847 0.22260
848 0.22597
849 0.22941
850 0.23290
851 0.23647
852 0.24010
853 0.24380
854 0.24758
855 0.25143
856 0.25535
857 0.25934
858 0.26342
859 0.26757
860 0.27181
861 0.27613
862 0.28053
863 0.28502
864 0.28960
865 0.29427
866 0.29903
867 0.30388
868 0.30883
869 0.31388
870 0.31904
871 0.32429
872 0.32965
873 0.33512
874 0.34070
875 0.34639
876 0.35220
877 0.35813
878 0.36418
879 0.37035
880 0.37665
881 0.38307
882 0.38963
883 0.39633
884 0.40316
885 0.41014
886 0.41726
887 0.42452
888 0.43194
889 0.43952
890 0.44726
891 0.45515
892 0.46322
893 0.47146
894 0.47987
895 0.48845
896 0.49723
897 0.50619
898 0.51534
899 0.52469
900 0.53424
901 0.54399
902 0.55396
903 0.56414
904 0.57454
905 0.58517
906 0.59603
907 0.60713
908 0.61848
909 0.63007
910 0.64192
911 0.65403
912 0.66369
913 0.66746
914 0.67176
915 0.67600
916 0.67878
917 0.68013
918 0.68189
919 0.68419
920 0.68719
921 0.69113
922 0.69013
923 0.68912
924 0.69437
925 0.69338
926 0.69239
927 0.69952
928 0.69855
929 0.69757
930 0.69660
931 0.70657
932 0.70561
933 0.70466
934 0.70371
935 0.70275
936 0.70180
937 0.70084
938 0.71545
939 0.71453
940 0.71360
941 0.71268
942 0.71175
943 0.71083
944 0.70990
945 0.70897
946 0.70804
947 0.70711
948 0.70617
949 0.70524
950 0.72818
951 0.72730
952 0.72642
953 0.72554
954 0.72466
955 0.72378
956 0.72289
957 0.72201
958 0.72112
959 0.72023
960 0.71934
961 0.71845
962 0.71756
963 0.71667
964 0.71577
965 0.71488
966 0.71398
967 0.71308
968 0.71218
969 0.71128
970 0.71038
971 0.70948
972 0.70857
973 0.74890
974 0.74809
975 0.74729
976 0.74648
977 0.74568
978 0.74487
979 0.74406
980 0.74325
981 0.74244
982 0.74162
983 0.74081
984 0.73999
985 0.73918
986 0.73836
987 0.73754
988 0.73672
989 0.73590
990 0.73507
991 0.73425
992 0.73342
993 0.73260
994 0.73177
995 0.73094
996 0.73011
997 0.72928
998 0.72844
999 0.72761
1000 0.72677
1001 0.72594
1002 0.72510
1003 0.72426
1004 0.72342
1005 0.72258
1006 0.72173
1007 0.72089
1008 0.72004
1009 0.71920
1010 0.71835
1011 0.71750
1012 0.71665
1013 0.71580
1014 0.71495
1015 0.71410
1016 0.71324
1017 0.71238
1018 0.71153
1019 0.71067
1020 0.70981
1021 0.70895
1022 0.70809
1023 0.70723
1024 0.70636
1025 0.70550
1026 0.79334
1027 0.79270
1028 0.79205
1029 0.79140
1030 0.79075
1031 0.79010
1032 0.78945
1033 0.78880
1034 0.78815
1035 0.78749
1036 0.78683
1037 0.78618
1038 0.78552
1039 0.78486
1040 0.78420
1041 0.78354
1042 0.78288
1043 0.78221
1044 0.78155
1045 0.78088
1046 0.78022
1047 0.77955
1048 0.77888
1049 0.77821
1050 0.77754
1051 0.77687
1052 0.77619
1053 0.77552
1054 0.77484
1055 0.77417
1056 0.77349
1057 0.77281
1058 0.77213
1059 0.77145
1060 0.77077
1061 0.77008
1062 0.76940
1063 0.76871
1064 0.76803
1065 0.76734
1066 0.76665
1067 0.76596
1068 0.76527
1069 0.76458
1070 0.76389
1071 0.76319
1072 0.76250
1073 0.76180
1074 0.76111
1075 0.76041
1076 0.75971
1077 0.75901
1078 0.75831
1079 0.75761
1080 0.75690
1081 0.75620
1082 0.75549
1083 0.75479
1084 0.75408
1085 0.75337
1086 0.75266
1087 0.75195
1088 0.75124
1089 0.75053
1090 0.74981
1091 0.74910
1092 0.74838
1093 0.74767
1094 0.74695
1095 0.74623
1096 0.74551
1097 0.74479
1098 0.74407
1099 0.74335
1100 0.74262
1101 0.74190
1102 0.74117
1103 0.74045
1104 0.73972
1105 0.73899
1106 0.73826
1107 0.73753
1108 0.73680
1109 0.73606
1110 0.73533
1111 0.73460
1112 0.73386
1113 0.73312
1114 0.73239
1115 0.73165
1116 0.73091
1117 0.73017
1118 0.72943
1119 0.72868
1120 0.72794
1121 0.72720
1122 0.72645
1123 0.72570
1124 0.72496
1125 0.72421
1126 0.72346
1127 0.72271
1128 0.72196
1129 0.72120
1130 0.72045
1131 0.71970
1132 0.71894
1133 0.71819
1134 0.71743
1135 0.71667
1136 0.71591
1137 0.71515
1138 0.71439
1139 0.71363
1140 0.71287
1141 0.71211
1142 0.71134
1143 0.71058
1144 0.70981
1145 0.70904
1146 0.70827
1147 0.70751
1148 0.70674
1149 0.70596
1150 0.70519
1151 0.70442
1152 0.70365
1153 0.70287
1154 0.70210
1155 0.70132
1156 0.70054
1157 0.69977
1158 0.69899
1159 0.69821
1160 0.69743
1161 0.69665
1162 0.69586
1163 0.69508
1164 0.69430
1165 0.69351
1166 0.69272
1167 0.69194
1168 0.69115
1169 0.69036
1170 0.68957
1171 0.68878
1172 0.68799
1173 0.68720
1174 0.68641
1175 0.68561
1176 0.68482
1177 0.68402
1178 0.68323
1179 0.68243
1180 0.68163
1181 0.68083
1182 0.68004
1183 0.67924
1184 0.67843
1185 0.67763
1186 0.67683
1187 0.67603
1188 0.67522
1189 0.67442
1190 0.67361
1191 0.67280
1192 0.67200
1193 0.67119
1194 0.67038
1195 0.66957
1196 0.66876
1197 0.66795
1198 0.66714
1199 0.66632
1200 0.66551
1201 0.66469
1202 0.66388
1203 0.66306
1204 0.66225
1205 0.66143
1206 0.66061
1207 0.65979
1208 0.65897
1209 0.65815
1210 0.65733
1211 0.65651
1212 0.65568
1213 0.65486
1214 0.65404
1215 0.65321
1216 1.00000
