17 0.95066
18 0.94628
19 0.94178
20 0.93718
21 0.93248
22 0.92768
23 0.92279
24 0.91782
25 0.91276
26 0.90762
27 0.90241
28 0.89712
29 0.89177
30 0.88635
31 0.88087
32 0.87533
33 0.86974
34 0.86410
35 0.85840
36 0.85266
37 0.84688
38 0.84105
39 0.83518
40 0.82928
41 0.82335
42 0.81739
43 0.81139
44 0.80537
45 0.79933
46 0.79326
47 0.78717
48 0.78107
49 0.77495
50 0.76881
51 0.76267
52 0.75651
53 0.75034
54 0.74417
55 0.73799
56 0.73181
57 0.72563
58 0.71945
59 0.71327
60 0.70709
61 0.70092
62 0.69475
63 0.68859
64 0.68244
65 0.67629
66 0.67016
67 0.66404
68 0.65794
69 0.65185
70 0.64577
71 0.63971
72 0.63367
73 0.62765
74 0.62165
75 0.61567
76 0.60971
77 0.60377
78 0.59786
79 0.59197
80 0.58611
81 0.58027
82 0.57446
83 0.56867
84 0.56292
85 0.55719
86 0.55149
87 0.54583
88 0.54019
89 0.53459
90 0.52901
91 0.52347
92 0.51796
93 0.51249
94 0.50704
95 0.50164
96 0.49626
97 0.49093
98 0.48562
99 0.48036
100 0.47513
101 0.46993
102 0.46477
103 0.45965
104 0.45457
105 0.44952
106 0.44451
107 0.43954
108 0.43461
109 0.42971
110 0.42486
111 0.42004
112 0.41526
113 0.41052
114 0.40582
115 0.40116
116 0.39653
117 0.39195
118 0.38740
119 0.38290
120 0.37843
121 0.37400
122 0.36962
123 0.36527
124 0.36096
125 0.35669
126 0.35246
127 0.34826
128 0.34411
129 0.34000
130 0.33592
131 0.33189
132 0.32789
133 0.32393
134 0.32001
135 0.31613
136 0.31229
137 0.30848
138 0.30472
139 0.30099
140 0.29730
141 0.29364
142 0.29003
143 0.28645
144 0.28291
145 0.27940
146 0.27593
147 0.27250
148 0.26911
149 0.26575
150 0.26243
151 0.25914
152 0.25589
153 0.25267
154 0.24949
155 0.24635
156 0.24324
157 0.24016
158 0.23712
159 0.23411
160 0.23114
161 0.22820
162 0.22529
163 0.22241
164 0.21957
165 0.21676
166 0.21399
167 0.21124
168 0.20853
169 0.20585
170 0.20320
171 0.20058
172 0.19799
173 0.19544
174 0.19291
175 0.19041
176 0.18795
177 0.18551
178 0.18310
179 0.18072
180 0.17837
181 0.17605
182 0.17375
183 0.17149
184 0.16925
185 0.16704
186 0.16486
187 0.16270
188 0.16057
189 0.15847
190 0.15639
191 0.15434
192 0.15231
193 0.15031
194 0.14834
195 0.14639
196 0.14446
197 0.14256
198 0.14068
199 0.13883
200 0.13700
201 0.13519
202 0.13341
203 0.13165
204 0.12991
205 0.12820
206 0.12650
207 0.12483
208 0.12318
209 0.12155
210 0.11995
211 0.11836
212 0.11680
213 0.11525
214 0.11373
215 0.11222
216 0.11074
217 0.10927
218 0.10782
219 0.10640
220 0.10499
221 0.10360
222 0.10223
223 0.10088
224 0.09954
225 0.09822
226 0.09692
227 0.09564
228 0.09438
229 0.09313
230 0.09190
231 0.09068
232 0.08948
233 0.08830
234 0.08714
235 0.08599
236 0.08485
237 0.08373
238 0.08263
239 0.08154
240 0.08046
241 0.07940
242 0.07836
243 0.07733
244 0.07631
245 0.07530
246 0.07431
247 0.07334
248 0.07238
249 0.07143
250 0.07049
251 0.06957
252 0.06865
253 0.06776
254 0.06687
255 0.06600
256 0.06513
257 0.06428
258 0.06345
259 0.06262
260 0.06180
261 0.06100
262 0.06021
263 0.05942
264 0.05865
265 0.05789
266 0.05714
267 0.05640
268 0.05567
269 0.05495
270 0.05425
271 0.05355
272 0.05286
273 0.05218
274 0.05151
275 0.05084
276 0.05019
277 0.04955
278 0.04892
279 0.04829
280 0.04767
281 0.04707
282 0.04647
283 0.04588
284 0.04529
285 0.04472
286 0.04415
287 0.04359
288 0.04304
289 0.04250
290 0.04196
291 0.04144
292 0.04092
293 0.04040
294 0.03990
295 0.03940
296 0.03891
297 0.03842
298 0.03794
299 0.03747
300 0.03700
301 0.03655
302 0.03609
303 0.03565
304 0.03521
305 0.03478
306 0.03435
307 0.03393
308 0.03351
309 0.03310
310 0.03270
311 0.03230
312 0.03191
313 0.03152
314 0.03114
315 0.03076
316 0.03039
317 0.03002
318 0.02966
319 0.02931
320 0.02896
321 0.02861
322 0.02827
323 0.02793
324 0.02760
325 0.02727
326 0.02695
327 0.02663
328 0.02632
329 0.02601
330 0.02571
331 0.02540
332 0.02511
333 0.02482
334 0.02453
335 0.02424
336 0.02396
337 0.02369
338 0.02341
339 0.02315
340 0.02288
341 0.02262
342 0.02236
343 0.02211
344 0.02186
345 0.02161
346 0.02137
347 0.02113
348 0.02089
349 0.02066
350 0.02043
351 0.02020
352 0.01997
353 0.01975
354 0.01954
355 0.01932
356 0.01911
357 0.01890
358 0.01869
359 0.01849
360 0.01829
361 0.01809
362 0.01790
363 0.01771
364 0.01752
365 0.01733
366 0.01714
367 0.01696
368 0.01678
369 0.01661
370 0.01643
371 0.01626
372 0.01609
373 0.01592
374 0.01576
375 0.01560
376 0.01543
377 0.01528
378 0.01512
379 0.01497
380 0.01481
381 0.01466
382 0.01452
383 0.01437
384 0.01423
385 0.01409
386 0.01395
387 0.01381
388 0.01367
389 0.01354
390 0.01341
391 0.01327
392 0.01315
393 0.01302
394 0.01289
395 0.01277
396 0.01265
397 0.01253
398 0.01241
399 0.01229
400 0.01218
401 0.01206
402 0.01195
403 0.01184
404 0.01173
405 0.01162
406 0.01152
407 0.01141
408 0.01131
409 0.01121
410 0.01111
411 0.01101
412 0.01091
413 0.01081
414 0.01072
415 0.01062
416 0.01053
417 0.01044
418 0.01035
419 0.01026
420 0.01017
421 0.01009
422 0.01000
423 0.00992
424 0.00984
425 0.00975
426 0.00967
427 0.00959
428 0.00951
429 0.00944
430 0.00936
431 0.00929
432 0.00921
433 0.00914
434 0.00907
435 0.00899
436 0.00892
437 0.00885
438 0.00879
439 0.00872
440 0.00865
441 0.00859
442 0.00852
443 0.00846
444 0.00840
445 0.00833
446 0.00827
447 0.00821
448 0.00815
449 0.00809
450 0.00804
451 0.00798
452 0.00792
453 0.00787
454 0.00781
455 0.00776
456 0.00771
457 0.00765
458 0.00760
459 0.00755
460 0.00750
461 0.00745
462 0.00740
463 0.00736
464 0.00731
465 0.00726
466 0.00722
467 0.00717
468 0.00713
469 0.00708
470 0.00704
471 0.00700
472 0.00695
473 0.00691
474 0.00687
475 0.00683
476 0.00679
477 0.00675
478 0.00671
479 0.00668
480 0.00664
481 0.00660
482 0.00657
483 0.00653
484 0.00650
485 0.00646
486 0.00643
487 0.00639
488 0.00636
489 0.00633
490 0.00630
491 0.00627
492 0.00623
493 0.00620
494 0.00617
495 0.00615
496 0.00612
497 0.00609
498 0.00606
499 0.00603
500 0.00601
501 0.00598
502 0.00595
503 0.00593
504 0.00590
505 0.00588
506 0.00585
507 0.00583
508 0.00581
509 0.00579
510 0.00576
511 0.00574
512 0.00572
513 0.00570
514 0.00568
515 0.00566
516 0.00564
517 0.00562
518 0.00560
519 0.00558
520 0.00556
521 0.00554
522 0.00553
523 0.00551
524 0.00549
525 0.00548
526 0.00546
527 0.00544
528 0.00543
529 0.00541
530 0.00540
531 0.00539
532 0.00537
533 0.00536
534 0.00535
535 0.00533
536 0.00532
537 0.00531
538 0.00530
539 0.00529
540 0.00527
541 0.00526
542 0.00525
543 0.00524
544 0.00523
545 0.00522
546 0.00522
547 0.00521
548 0.00520
549 0.00519
550 0.00518
551 0.00518
552 0.00517
553 0.00516
554 0.00516
555 0.00515
556 0.00515
557 0.00514
558 0.00514
559 0.00513
560 0.00513
561 0.00512
562 0.00512
563 0.00512
564 0.00512
565 0.00511
566 0.00511
567 0.00511
568 0.00511
569 0.00511
570 0.00511
571 0.00511
572 0.00511
573 0.00511
574 0.00511
575 0.00511
576 0.00511
577 0.00511
578 0.00512
579 0.00512
580 0.00512
581 0.00512
582 0.00513
583 0.00513
584 0.00514
585 0.00514
586 0.00515
587 0.00515
588 0.00516
589 0.00516
590 0.00517
591 0.00518
592 0.00518
593 0.00519
594 0.00520
595 0.00521
596 0.00522
597 0.00523
598 0.00524
599 0.00524
600 0.00526
601 0.00527
602 0.00528
603 0.00529
604 0.00530
605 0.00531
606 0.00533
607 0.00534
608 0.00535
609 0.00537
610 0.00538
611 0.00540
612 0.00541
613 0.00543
614 0.00544
615 0.00546
616 0.00548
617 0.00550
618 0.00551
619 0.00553
620 0.00555
621 0.00557
622 0.00559
623 0.00561
624 0.00563
625 0.00566
626 0.00568
627 0.00570
628 0.00572
629 0.00575
630 0.00577
631 0.00580
632 0.00582
633 0.00585
634 0.00588
635 0.00590
636 0.00593
637 0.00596
638 0.00599
639 0.00602
640 0.00605
641 0.00608
642 0.00611
643 0.00614
644 0.00618
645 0.00621
646 0.00624
647 0.00628
648 0.00632
649 0.00635
650 0.00639
651 0.00643
652 0.00647
653 0.00650
654 0.00654
655 0.00659
656 0.00663
657 0.00667
658 0.00671
659 0.00676
660 0.00680
661 0.00685
662 0.00689
663 0.00694
664 0.00699
665 0.00704
666 0.00709
667 0.00714
668 0.00719
669 0.00725
670 0.00730
671 0.00736
672 0.00741
673 0.00747
674 0.00753
675 0.00759
676 0.00765
677 0.00771
678 0.00777
679 0.00784
680 0.00790
681 0.00797
682 0.00804
683 0.00811
684 0.00818
685 0.00825
686 0.00832
687 0.00840
688 0.00847
689 0.00855
690 0.00863
691 0.00870
692 0.00878
693 0.00887
694 0.00895
695 0.00903
696 0.00912
697 0.00921
698 0.00930
699 0.00939
700 0.00948
701 0.00958
702 0.00968
703 0.00977
704 0.00987
705 0.00998
706 0.01008
707 0.01019
708 0.01030
709 0.01041
710 0.01052
711 0.01063
712 0.01075
713 0.01087
714 0.01099
715 0.01111
716 0.01124
717 0.01137
718 0.01150
719 0.01163
720 0.01177
721 0.01191
722 0.01205
723 0.01219
724 0.01234
725 0.01249
726 0.01265
727 0.01280
728 0.01296
729 0.01312
730 0.01329
731 0.01346
732 0.01363
733 0.01381
734 0.01399
735 0.01417
736 0.01436
737 0.01455
738 0.01474
739 0.01494
740 0.01514
741 0.01535
742 0.01556
743 0.01578
744 0.01600
745 0.01622
746 0.01645
747 0.01668
748 0.01692
749 0.01717
750 0.01742
751 0.01767
752 0.01793
753 0.01820
754 0.01847
755 0.01874
756 0.01903
757 0.01932
758 0.01961
759 0.01991
760 0.02022
761 0.02054
762 0.02086
763 0.02119
764 0.02152
765 0.02187
766 0.02222
767 0.02258
768 0.02294
769 0.02332
770 0.02370
771 0.02409
772 0.02450
773 0.02491
774 0.02533
775 0.02576
776 0.02619
777 0.02664
778 0.02710
779 0.02757
780 0.02806
781 0.02855
782 0.02905
783 0.02957
784 0.03010
785 0.03064
786 0.03119
787 0.03176
788 0.03234
789 0.03293
790 0.03354
791 0.03416
792 0.03480
793 0.03545
794 0.03612
795 0.03681
796 0.03751
797 0.03823
798 0.03896
799 0.03972
800 0.04049
801 0.04129
802 0.04210
803 0.04294
804 0.04379
805 0.04467
806 0.04556
807 0.04649
808 0.04743
809 0.04840
810 0.04939
811 0.05041
812 0.05146
813 0.05253
814 0.05363
815 0.05476
816 0.05592
817 0.05711
818 0.05833
819 0.05958
820 0.06087
821 0.06219
822 0.06355
823 0.06494
824 0.06637
825 0.06784
826 0.06935
827 0.07090
828 0.07249
829 0.07412
830 0.07580
831 0.07753
832 0.07930
833 0.08113
834 0.08300
835 0.08493
836 0.08691
837 0.08894
838 0.09104
839 0.09319
840 0.09540
841 0.09768
842 0.10002
843 0.10243
844 0.10491
845 0.10746
846 0.11008
847 0.11278
848 0.11556
849 0.11842
850 0.12137
851 0.12440
852 0.12752
853 0.13073
854 0.13404
855 0.13745
856 0.14096
857 0.14457
858 0.14829
859 0.15213
860 0.15608
861 0.16016
862 0.16435
863 0.16868
864 0.17314
865 0.17774
866 0.18247
867 0.18736
868 0.19240
869 0.19760
870 0.20295
871 0.20848
872 0.21418
873 0.22006
874 0.22613
875 0.23240
876 0.23886
877 0.24553
878 0.25241
879 0.25952
880 0.26686
881 0.27443
882 0.28226
883 0.29034
884 0.29868
885 0.30730
886 0.31620
887 0.32540
888 0.33490
889 0.34473
890 0.35487
891 0.36536
892 0.37621
893 0.38742
894 0.39901
895 0.41099
896 0.42338
897 0.43620
898 0.44945
899 0.46317
900 0.47735
901 0.49203
902 0.50722
903 0.52293
904 0.53920
905 0.55604
906 0.57347
907 0.59151
908 0.61020
909 0.62955
910 0.64959
911 0.67034
912 0.68728
913 0.69084
914 0.69491
915 0.69892
916 0.70156
917 0.70283
918 0.70450
919 0.70667
920 0.70950
921 0.71322
922 0.71227
923 0.71133
924 0.71628
925 0.71535
926 0.71441
927 0.72114
928 0.72022
929 0.71930
930 0.71838
931 0.72778
932 0.72688
933 0.72599
934 0.72509
935 0.72419
936 0.72329
937 0.72238
938 0.73615
939 0.73528
940 0.73441
941 0.73354
942 0.73267
943 0.73179
944 0.73092
945 0.73005
946 0.72917
947 0.72829
948 0.72741
949 0.72653
950 0.74812
951 0.74729
952 0.74647
953 0.74564
954 0.74481
955 0.74398
956 0.74315
957 0.74232
958 0.74148
959 0.74065
960 0.73981
961 0.73897
962 0.73813
963 0.73729
964 0.73645
965 0.73561
966 0.73476
967 0.73392
968 0.73307
969 0.73222
970 0.73137
971 0.73052
972 0.72967
973 0.76757
974 0.76682
975 0.76606
976 0.76531
977 0.76455
978 0.76379
979 0.76303
980 0.76227
981 0.76151
982 0.76075
983 0.75998
984 0.75922
985 0.75845
986 0.75768
987 0.75691
988 0.75614
989 0.75537
990 0.75460
991 0.75382
992 0.75305
993 0.75227
994 0.75149
995 0.75071
996 0.74993
997 0.74915
998 0.74837
999 0.74758
1000 0.74680
1001 0.74601
1002 0.74522
1003 0.74443
1004 0.74364
1005 0.74285
1006 0.74206
1007 0.74127
1008 0.74047
1009 0.73967
1010 0.73888
1011 0.73808
1012 0.73728
1013 0.73648
1014 0.73568
1015 0.73487
1016 0.73407
1017 0.73326
1018 0.73245
1019 0.73165
1020 0.73084
1021 0.73003
1022 0.72921
1023 0.72840
1024 0.72759
1025 0.72677
1026 0.80914
1027 0.80854
1028 0.80793
1029 0.80733
1030 0.80672
1031 0.80612
1032 0.80551
1033 0.80490
1034 0.80429
1035 0.80368
1036 0.80307
1037 0.80245
1038 0.80184
1039 0.80122
1040 0.80061
1041 0.79999
1042 0.79937
1043 0.79875
1044 0.79813
1045 0.79751
1046 0.79688
1047 0.79626
1048 0.79563
1049 0.79501
1050 0.79438
1051 0.79375
1052 0.79312
1053 0.79249
1054 0.79186
1055 0.79123
1056 0.79059
1057 0.78996
1058 0.78932
1059 0.78869
1060 0.78805
1061 0.78741
1062 0.78677
1063 0.78613
1064 0.78549
1065 0.78484
1066 0.78420
1067 0.78356
1068 0.78291
1069 0.78226
1070 0.78161
1071 0.78096
1072 0.78031
1073 0.77966
1074 0.77901
1075 0.77836
1076 0.77770
1077 0.77705
1078 0.77639
1079 0.77573
1080 0.77507
1081 0.77441
1082 0.77375
1083 0.77309
1084 0.77243
1085 0.77176
1086 0.77110
1087 0.77043
1088 0.76977
1089 0.76910
1090 0.76843
1091 0.76776
1092 0.76709
1093 0.76642
1094 0.76574
1095 0.76507
1096 0.76439
1097 0.76372
1098 0.76304
1099 0.76236
1100 0.76168
1101 0.76100
1102 0.76032
1103 0.75964
1104 0.75896
1105 0.75827
1106 0.75759
1107 0.75690
1108 0.75622
1109 0.75553
1110 0.75484
1111 0.75415
1112 0.75346
1113 0.75277
1114 0.75207
1115 0.75138
1116 0.75068
1117 0.74999
1118 0.74929
1119 0.74859
1120 0.74790
1121 0.74720
1122 0.74649
1123 0.74579
1124 0.74509
1125 0.74439
1126 0.74368
1127 0.74298
1128 0.74227
1129 0.74156
1130 0.74085
1131 0.74014
1132 0.73943
1133 0.73872
1134 0.73801
1135 0.73730
1136 0.73658
1137 0.73587
1138 0.73515
1139 0.73444
1140 0.73372
1141 0.73300
1142 0.73228
1143 0.73156
1144 0.73084
1145 0.73011
1146 0.72939
1147 0.72867
1148 0.72794
1149 0.72721
1150 0.72649
1151 0.72576
1152 0.72503
1153 0.72430
1154 0.72357
1155 0.72284
1156 0.72210
1157 0.72137
1158 0.72064
1159 0.71990
1160 0.71916
1161 0.71843
1162 0.71769
1163 0.71695
1164 0.71621
1165 0.71547
1166 0.71473
1167 0.71398
1168 0.71324
1169 0.71250
1170 0.71175
1171 0.71100
1172 0.71026
1173 0.70951
1174 0.70876
1175 0.70801
1176 0.70726
1177 0.70651
1178 0.70576
1179 0.70500
1180 0.70425
1181 0.70350
1182 0.70274
1183 0.70198
1184 0.70123
1185 0.70047
1186 0.69971
1187 0.69895
1188 0.69819
1189 0.69743
1190 0.69666
1191 0.69590
1192 0.69514
1193 0.69437
1194 0.69361
1195 0.69284
1196 0.69207
1197 0.69130
1198 0.69054
1199 0.68977
1200 0.68899
1201 0.68822
1202 0.68745
1203 0.68668
1204 0.68590
1205 0.68513
1206 0.68435
1207 0.68358
1208 0.68280
1209 0.68202
1210 0.68124
1211 0.68046
1212 0.67968
1213 0.67890
1214 0.67812
1215 0.67734
1216 1.00000
