17 0.75568
18 0.73713
19 0.71856
20 0.70001
21 0.68151
22 0.66309
23 0.64480
24 0.62665
25 0.60867
26 0.59089
27 0.57332
28 0.55599
29 0.53891
30 0.52210
31 0.50556
32 0.48933
33 0.47339
34 0.45777
35 0.44247
36 0.42749
37 0.41285
38 0.39854
39 0.38457
40 0.37094
41 0.35766
42 0.34472
43 0.33212
44 0.31987
45 0.30795
46 0.29638
47 0.28514
48 0.27423
49 0.26365
50 0.25339
51 0.24345
52 0.23383
53 0.22452
54 0.21551
55 0.20680
56 0.19838
57 0.19025
58 0.18240
59 0.17483
60 0.16752
61 0.16048
62 0.15368
63 0.14714
64 0.14084
65 0.13477
66 0.12894
67 0.12332
68 0.11792
69 0.11273
70 0.10774
71 0.10295
72 0.09835
73 0.09394
74 0.08970
75 0.08563
76 0.08173
77 0.07800
78 0.07441
79 0.07098
80 0.06770
81 0.06455
82 0.06153
83 0.05865
84 0.05589
85 0.05325
86 0.05073
87 0.04831
88 0.04601
89 0.04380
90 0.04170
91 0.03969
92 0.03777
93 0.03594
94 0.03419
95 0.03252
96 0.03092
97 0.02941
98 0.02796
99 0.02658
100 0.02526
101 0.02400
102 0.02281
103 0.02167
104 0.02059
105 0.01955
106 0.01857
107 0.01763
108 0.01674
109 0.01589
110 0.01509
111 0.01432
112 0.01359
113 0.01290
114 0.01224
115 0.01161
116 0.01101
117 0.01044
118 0.00991
119 0.00939
120 0.00891
121 0.00845
122 0.00801
123 0.00759
124 0.00720
125 0.00682
126 0.00646
127 0.00612
128 0.00580
129 0.00550
130 0.00521
131 0.00494
132 0.00468
133 0.00443
134 0.00419
135 0.00397
136 0.00376
137 0.00356
138 0.00337
139 0.00319
140 0.00302
141 0.00286
142 0.00271
143 0.00257
144 0.00243
145 0.00230
146 0.00218
147 0.00206
148 0.00195
149 0.00185
150 0.00175
151 0.00165
152 0.00156
153 0.00148
154 0.00140
155 0.00132
156 0.00125
157 0.00119
158 0.00112
159 0.00106
160 0.00100
161 0.00095
162 0.00090
163 0.00085
164 0.00080
165 0.00076
166 0.00072
167 0.00068
168 0.00064
169 0.00061
170 0.00058
171 0.00054
172 0.00052
173 0.00049
174 0.00046
175 0.00044
176 0.00041
177 0.00039
178 0.00037
179 0.00035
180 0.00033
181 0.00031
182 0.00030
183 0.00028
184 0.00026
185 0.00025
186 0.00024
187 0.00022
188 0.00021
189 0.00020
190 0.00019
191 0.00018
192 0.00017
193 0.00016
194 0.00015
195 0.00014
196 0.00014
197 0.00013
198 0.00012
199 0.00012
200 0.00011
201 0.00010
202 0.00010
203 0.00009
204 0.00009
205 0.00008
206 0.00008
207 0.00007
208 0.00007
209 0.00007
210 0.00006
211 0.00006
212 0.00006
213 0.00005
214 0.00005
215 0.00005
216 0.00005
217 0.00004
218 0.00004
219 0.00004
220 0.00004
221 0.00003
222 0.00003
223 0.00003
224 0.00003
225 0.00003
226 0.00003
227 0.00002
228 0.00002
229 0.00002
230 0.00002
231 0.00002
232 0.00002
233 0.00002
234 0.00002
235 0.00002
236 0.00002
237 0.00001
238 0.00001
239 0.00001
240 0.00001
241 0.00001
242 0.00001
243 0.00001
244 0.00001
245 0.00001
246 0.00001
247 0.00001
248 0.00001
249 0.00001
250 0.00001
251 0.00001
252 0.00001
253 0.00001
254 0.00001
255 0.00001
256 0.00001
257 0.00001
258 0.00000
259 0.00000
260 0.00000
261 0.00000
262 0.00000
263 0.00000
264 0.00000
265 0.00000
266 0.00000
267 0.00000
268 0.00000
269 0.00000
270 0.00000
271 0.00000
272 0.00000
273 0.00000
274 0.00000
275 0.00000
276 0.00000
277 0.00000
278 0.00000
279 0.00000
280 0.00000
281 0.00000
282 0.00000
283 0.00000
284 0.00000
285 0.00000
286 0.00000
287 0.00000
288 0.00000
289 0.00000
290 0.00000
291 0.00000
292 0.00000
293 0.00000
294 0.00000
295 0.00000
296 0.00000
297 0.00000
298 0.00000
299 0.00000
300 0.00000
301 0.00000
302 0.00000
303 0.00000
304 0.00000
305 0.00000
306 0.00000
307 0.00000
308 0.00000
309 0.00000
310 0.00000
311 0.00000
312 0.00000
313 0.00000
314 0.00000
315 0.00000
316 0.00000
317 0.00000
318 0.00000
319 0.00000
320 0.00000
321 0.00000
322 0.00000
323 0.00000
324 0.00000
325 0.00000
326 0.00000
327 0.00000
328 0.00000
329 0.00000
330 0.00000
331 0.00000
332 0.00000
333 0.00000
334 0.00000
335 0.00000
336 0.00000
337 0.00000
338 0.00000
339 0.00000
340 0.00000
341 0.00000
342 0.00000
343 0.00000
344 0.00000
345 0.00000
346 0.00000
347 0.00000
348 0.00000
349 0.00000
350 0.00000
351 0.00000
352 0.00000
353 0.00000
354 0.00000
355 0.00000
356 0.00000
357 0.00000
358 0.00000
359 0.00000
360 0.00000
361 0.00000
362 0.00000
363 0.00000
364 0.00000
365 0.00000
366 0.00000
367 0.00000
368 0.00000
369 0.00000
370 0.00000
371 0.00000
372 0.00000
373 0.00000
374 0.00000
375 0.00000
376 0.00000
377 0.00000
378 0.00000
379 0.00000
380 0.00000
381 0.00000
382 0.00000
383 0.00000
384 0.00000
385 0.00000
386 0.00000
387 0.00000
388 0.00000
389 0.00000
390 0.00000
391 0.00000
392 0.00000
393 0.00000
394 0.00000
395 0.00000
396 0.00000
397 0.00000
398 0.00000
399 0.00000
400 0.00000
401 0.00000
402 0.00000
403 0.00000
404 0.00000
405 0.00000
406 0.00000
407 0.00000
408 0.00000
409 0.00000
410 0.00000
411 0.00000
412 0.00000
413 0.00000
414 0.00000
415 0.00000
416 0.00000
417 0.00000
418 0.00000
419 0.00000
420 0.00000
421 0.00000
422 0.00000
423 0.00000
424 0.00000
425 0.00000
426 0.00000
427 0.00000
428 0.00000
429 0.00000
430 0.00000
431 0.00000
432 0.00000
433 0.00000
434 0.00000
435 0.00000
436 0.00000
437 0.00000
438 0.00000
439 0.00000
440 0.00000
441 0.00000
442 0.00000
443 0.00000
444 0.00000
445 0.00000
446 0.00000
447 0.00000
448 0.00000
449 0.00000
450 0.00000
451 0.00000
452 0.00000
453 0.00000
454 0.00000
455 0.00000
456 0.00000
457 0.00000
458 0.00000
459 0.00000
460 0.00000
461 0.00000
462 0.00000
463 0.00000
464 0.00000
465 0.00000
466 0.00000
467 0.00000
468 0.00000
469 0.00000
470 0.00000
471 0.00000
472 0.00000
473 0.00000
474 0.00000
475 0.00000
476 0.00000
477 0.00000
478 0.00000
479 0.00000
480 0.00000
481 0.00000
482 0.00000
483 0.00000
484 0.00000
485 0.00000
486 0.00000
487 0.00000
488 0.00000
489 0.00000
490 0.00000
491 0.00000
492 0.00000
493 0.00000
494 0.00000
495 0.00000
496 0.00000
497 0.00000
498 0.00000
499 0.00000
500 0.00000
501 0.00000
502 0.00000
503 0.00000
504 0.00000
505 0.00000
506 0.00000
507 0.00000
508 0.00000
509 0.00000
510 0.00000
511 0.00000
512 0.00000
513 0.00000
514 0.00000
515 0.00000
516 0.00000
517 0.00000
518 0.00000
519 0.00000
520 0.00000
521 0.00000
522 0.00000
523 0.00000
524 0.00000
525 0.00000
526 0.00000
527 0.00000
528 0.00000
529 0.00000
530 0.00000
531 0.00000
532 0.00000
533 0.00000
534 0.00000
535 0.00000
536 0.00000
537 0.00000
538 0.00000
539 0.00000
540 0.00000
541 0.00000
542 0.00000
543 0.00000
544 0.00000
545 0.00000
546 0.00000
547 0.00000
548 0.00000
549 0.00000
550 0.00000
551 0.00000
552 0.00000
553 0.00000
554 0.00000
555 0.00000
556 0.00000
557 0.00000
558 0.00000
559 0.00000
560 0.00000
561 0.00000
562 0.00000
563 0.00000
564 0.00000
565 0.00000
566 0.00000
567 0.00000
568 0.00000
569 0.00000
570 0.00000
571 0.00000
572 0.00000
573 0.00000
574 0.00000
575 0.00000
576 0.00000
577 0.00000
578 0.00000
579 0.00000
580 0.00000
581 0.00000
582 0.00000
583 0.00000
584 0.00000
585 0.00000
586 0.00000
587 0.00000
588 0.00000
589 0.00000
590 0.00000
591 0.00000
592 0.00000
593 0.00000
594 0.00000
595 0.00000
596 0.00000
597 0.00000
598 0.00000
599 0.00000
600 0.00000
601 0.00000
602 0.00000
603 0.00000
604 0.00000
605 0.00000
606 0.00000
607 0.00000
608 0.00000
609 0.00000
610 0.00000
611 0.00000
612 0.00000
613 0.00000
614 0.00000
615 0.00000
616 0.00000
617 0.00000
618 0.00000
619 0.00000
620 0.00000
621 0.00000
622 0.00000
623 0.00000
624 0.00000
625 0.00000
626 0.00000
627 0.00000
628 0.00000
629 0.00000
630 0.00000
631 0.00000
632 0.00000
633 0.00000
634 0.00000
635 0.00000
636 0.00000
637 0.00000
638 0.00000
639 0.00000
640 0.00000
641 0.00000
642 0.00000
643 0.00000
644 0.00000
645 0.00000
646 0.00000
647 0.00000
648 0.00000
649 0.00000
650 0.00000
651 0.00000
652 0.00000
653 0.00000
654 0.00000
655 0.00000
656 0.00000
657 0.00000
658 0.00000
659 0.00000
660 0.00000
661 0.00000
662 0.00000
663 0.00000
664 0.00000
665 0.00000
666 0.00000
667 0.00000
668 0.00000
669 0.00000
670 0.00000
671 0.00000
672 0.00000
673 0.00000
674 0.00000
675 0.00000
676 0.00000
677 0.00000
678 0.00000
679 0.00000
680 0.00000
681 0.00000
682 0.00000
683 0.00000
684 0.00000
685 0.00000
686 0.00000
687 0.00000
688 0.00000
689 0.00000
690 0.00000
691 0.00000
692 0.00000
693 0.00000
694 0.00000
695 0.00000
696 0.00000
697 0.00000
698 0.00000
699 0.00000
700 0.00000
701 0.00000
702 0.00000
703 0.00000
704 0.00000
705 0.00000
706 0.00000
707 0.00000
708 0.00000
709 0.00000
710 0.00000
711 0.00000
712 0.00000
713 0.00000
714 0.00000
715 0.00000
716 0.00000
717 0.00000
718 0.00000
719 0.00000
720 0.00000
721 0.00000
722 0.00000
723 0.00000
724 0.00000
725 0.00000
726 0.00000
727 0.00000
728 0.00000
729 0.00000
730 0.00000
731 0.00000
732 0.00000
733 0.00000
734 0.00000
735 0.00000
736 0.00000
737 0.00000
738 0.00000
739 0.00000
740 0.00000
741 0.00000
742 0.00000
743 0.00000
744 0.00000
745 0.00000
746 0.00000
747 0.00000
748 0.00000
749 0.00000
750 0.00000
751 0.00000
752 0.00000
753 0.00000
754 0.00000
755 0.00000
756 0.00000
757 0.00000
758 0.00000
759 0.00000
760 0.00000
761 0.00000
762 0.00000
763 0.00000
764 0.00000
765 0.00000
766 0.00000
767 0.00000
768 0.00000
769 0.00000
770 0.00000
771 0.00000
772 0.00000
773 0.00000
774 0.00000
775 0.00000
776 0.00000
777 0.00000
778 0.00000
779 0.00000
780 0.00000
781 0.00000
782 0.00000
783 0.00000
784 0.00000
785 0.00000
786 0.00000
787 0.00000
788 0.00000
789 0.00000
790 0.00000
791 0.00000
792 0.00000
793 0.00000
794 0.00000
795 0.00000
796 0.00000
797 0.00000
798 0.00000
799 0.00000
800 0.00000
801 0.00000
802 0.00000
803 0.00000
804 0.00000
805 0.00000
806 0.00000
807 0.00000
808 0.00000
809 0.00000
810 0.00000
811 0.00000
812 0.00000
813 0.00000
814 0.00000
815 0.00000
816 0.00000
817 0.00000
818 0.00000
819 0.00000
820 0.00001
821 0.00001
822 0.00001
823 0.00001
824 0.00001
825 0.00001
826 0.00001
827 0.00001
828 0.00001
829 0.00001
830 0.00001
831 0.00001
832 0.00001
833 0.00001
834 0.00001
835 0.00001
836 0.00001
837 0.00002
838 0.00002
839 0.00002
840 0.00002
841 0.00002
842 0.00002
843 0.00002
844 0.00003
845 0.00003
846 0.00003
847 0.00003
848 0.00003
849 0.00004
850 0.00004
851 0.00004
852 0.00004
853 0.00005
854 0.00005
855 0.00005
856 0.00006
857 0.00006
858 0.00007
859 0.00007
860 0.00008
861 0.00008
862 0.00009
863 0.00009
864 0.00010
865 0.00011
866 0.00012
867 0.00013
868 0.00014
869 0.00015
870 0.00016
871 0.00017
872 0.00018
873 0.00020
874 0.00021
875 0.00023
876 0.00024
877 0.00026
878 0.00028
879 0.00030
880 0.00033
881 0.00035
882 0.00038
883 0.00041
884 0.00044
885 0.00047
886 0.00051
887 0.00055
888 0.00059
889 0.00064
890 0.00069
891 0.00074
892 0.00080
893 0.00086
894 0.00093
895 0.00100
896 0.00108
897 0.00117
898 0.00126
899 0.00136
900 0.00147
901 0.00158
902 0.00171
903 0.00185
904 0.00199
905 0.00215
906 0.00233
907 0.00251
908 0.00271
909 0.00293
910 0.00317
911 0.00342
912 0.00361
913 0.00476
914 0.00590
915 0.00700
916 0.00774
917 0.00810
918 0.00858
919 0.00922
920 0.01009
921 0.01131
922 0.01097
923 0.01063
924 0.01234
925 0.01198
926 0.01162
927 0.01415
928 0.01375
929 0.01336
930 0.01297
931 0.01696
932 0.01650
933 0.01605
934 0.01562
935 0.01519
936 0.01477
937 0.01436
938 0.02106
939 0.02053
940 0.02001
941 0.01951
942 0.01901
943 0.01852
944 0.01804
945 0.01757
946 0.01711
947 0.01665
948 0.01621
949 0.01577
950 0.02836
951 0.02773
952 0.02710
953 0.02648
954 0.02587
955 0.02528
956 0.02469
957 0.02411
958 0.02354
959 0.02298
960 0.02243
961 0.02189
962 0.02136
963 0.02083
964 0.02032
965 0.01982
966 0.01932
967 0.01883
968 0.01836
969 0.01789
970 0.01743
971 0.01697
972 0.01653
973 0.04512
974 0.04428
975 0.04344
976 0.04262
977 0.04180
978 0.04100
979 0.04020
980 0.03941
981 0.03863
982 0.03786
983 0.03710
984 0.03635
985 0.03561
986 0.03488
987 0.03416
988 0.03344
989 0.03274
990 0.03204
991 0.03136
992 0.03068
993 0.03001
994 0.02935
995 0.02870
996 0.02806
997 0.02743
998 0.02681
999 0.02620
1000 0.02559
1001 0.02500
1002 0.02441
1003 0.02384
1004 0.02327
1005 0.02271
1006 0.02216
1007 0.02162
1008 0.02109
1009 0.02056
1010 0.02005
1011 0.01954
1012 0.01904
1013 0.01856
1014 0.01808
1015 0.01760
1016 0.01714
1017 0.01669
1018 0.01624
1019 0.01580
1020 0.01537
1021 0.01495
1022 0.01454
1023 0.01414
1024 0.01374
1025 0.01335
1026 0.10972
1027 0.10827
1028 0.10682
1029 0.10538
1030 0.10394
1031 0.10251
1032 0.10108
1033 0.09966
1034 0.09825
1035 0.09684
1036 0.09544
1037 0.09405
1038 0.09266
1039 0.09129
1040 0.08992
1041 0.08856
1042 0.08721
1043 0.08586
1044 0.08453
1045 0.08320
1046 0.08188
1047 0.08058
1048 0.07928
1049 0.07799
1050 0.07671
1051 0.07544
1052 0.07419
1053 0.07294
1054 0.07170
1055 0.07048
1056 0.06926
1057 0.06806
1058 0.06687
1059 0.06569
1060 0.06452
1061 0.06336
1062 0.06221
1063 0.06108
1064 0.05995
1065 0.05884
1066 0.05775
1067 0.05666
1068 0.05559
1069 0.05452
1070 0.05347
1071 0.05244
1072 0.05141
1073 0.05040
1074 0.04940
1075 0.04841
1076 0.04744
1077 0.04648
1078 0.04553
1079 0.04459
1080 0.04367
1081 0.04276
1082 0.04186
1083 0.04097
1084 0.04010
1085 0.03924
1086 0.03839
1087 0.03756
1088 0.03673
1089 0.03592
1090 0.03513
1091 0.03434
1092 0.03357
1093 0.03281
1094 0.03206
1095 0.03132
1096 0.03060
1097 0.02988
1098 0.02918
1099 0.02850
1100 0.02782
1101 0.02715
1102 0.02650
1103 0.02586
1104 0.02523
1105 0.02461
1106 0.02400
1107 0.02340
1108 0.02282
1109 0.02225
1110 0.02168
1111 0.02113
1112 0.02059
1113 0.02006
1114 0.01953
1115 0.01902
1116 0.01852
1117 0.01803
1118 0.01755
1119 0.01708
1120 0.01662
1121 0.01617
1122 0.01573
1123 0.01530
1124 0.01487
1125 0.01446
1126 0.01406
1127 0.01366
1128 0.01327
1129 0.01290
1130 0.01253
1131 0.01216
1132 0.01181
1133 0.01147
1134 0.01113
1135 0.01080
1136 0.01048
1137 0.01017
1138 0.00986
1139 0.00956
1140 0.00927
1141 0.00899
1142 0.00871
1143 0.00844
1144 0.00818
1145 0.00792
1146 0.00767
1147 0.00743
1148 0.00719
1149 0.00696
1150 0.00674
1151 0.00652
1152 0.00631
1153 0.00610
1154 0.00590
1155 0.00570
1156 0.00551
1157 0.00533
1158 0.00515
1159 0.00497
1160 0.00480
1161 0.00464
1162 0.00448
1163 0.00432
1164 0.00417
1165 0.00402
1166 0.00388
1167 0.00374
1168 0.00361
1169 0.00348
1170 0.00335
1171 0.00323
1172 0.00311
1173 0.00300
1174 0.00289
1175 0.00278
1176 0.00268
1177 0.00258
1178 0.00248
1179 0.00238
1180 0.00229
1181 0.00220
1182 0.00212
1183 0.00204
1184 0.00196
1185 0.00188
1186 0.00181
1187 0.00173
1188 0.00166
1189 0.00160
1190 0.00153
1191 0.00147
1192 0.00141
1193 0.00135
1194 0.00130
1195 0.00124
1196 0.00119
1197 0.00114
1198 0.00109
1199 0.00105
1200 0.00100
1201 0.00096
1202 0.00092
1203 0.00088
1204 0.00084
1205 0.00080
1206 0.00077
1207 0.00073
1208 0.00070
1209 0.00067
1210 0.00064
1211 0.00061
1212 0.00058
1213 0.00056
1214 0.00053
1215 0.00051
1216 1.00000
