17 0.83275
18 0.81934
19 0.80580
20 0.79214
21 0.77841
22 0.76460
23 0.75075
24 0.73688
25 0.72300
26 0.70913
27 0.69528
28 0.68148
29 0.66773
30 0.65405
31 0.64044
32 0.62693
33 0.61351
34 0.60021
35 0.58702
36 0.57397
37 0.56104
38 0.54826
39 0.53563
40 0.52316
41 0.51084
42 0.49869
43 0.48671
44 0.47490
45 0.46327
46 0.45181
47 0.44054
48 0.42946
49 0.41856
50 0.40785
51 0.39733
52 0.38700
53 0.37686
54 0.36691
55 0.35715
56 0.34759
57 0.33821
58 0.32903
59 0.32004
60 0.31123
61 0.30262
62 0.29419
63 0.28594
64 0.27788
65 0.27000
66 0.26230
67 0.25478
68 0.24744
69 0.24027
70 0.23327
71 0.22644
72 0.21977
73 0.21328
74 0.20694
75 0.20076
76 0.19474
77 0.18888
78 0.18317
79 0.17760
80 0.17218
81 0.16691
82 0.16178
83 0.15678
84 0.15192
85 0.14719
86 0.14260
87 0.13813
88 0.13378
89 0.12956
90 0.12546
91 0.12147
92 0.11760
93 0.11384
94 0.11019
95 0.10664
96 0.10320
97 0.09986
98 0.09662
99 0.09347
100 0.09042
101 0.08746
102 0.08459
103 0.08180
104 0.07911
105 0.07649
106 0.07395
107 0.07150
108 0.06911
109 0.06681
110 0.06457
111 0.06240
112 0.06031
113 0.05828
114 0.05631
115 0.05440
116 0.05256
117 0.05078
118 0.04905
119 0.04738
120 0.04576
121 0.04420
122 0.04268
123 0.04122
124 0.03980
125 0.03843
126 0.03711
127 0.03583
128 0.03459
129 0.03339
130 0.03223
131 0.03111
132 0.03003
133 0.02899
134 0.02798
135 0.02700
136 0.02606
137 0.02515
138 0.02426
139 0.02341
140 0.02259
141 0.02180
142 0.02103
143 0.02029
144 0.01958
145 0.01889
146 0.01822
147 0.01758
148 0.01696
149 0.01636
150 0.01578
151 0.01522
152 0.01468
153 0.01416
154 0.01366
155 0.01317
156 0.01270
157 0.01225
158 0.01182
159 0.01140
160 0.01099
161 0.01060
162 0.01022
163 0.00986
164 0.00951
165 0.00917
166 0.00884
167 0.00852
168 0.00822
169 0.00793
170 0.00764
171 0.00737
172 0.00711
173 0.00685
174 0.00661
175 0.00637
176 0.00615
177 0.00593
178 0.00571
179 0.00551
180 0.00531
181 0.00512
182 0.00494
183 0.00476
184 0.00459
185 0.00443
186 0.00427
187 0.00412
188 0.00397
189 0.00383
190 0.00370
191 0.00356
192 0.00344
193 0.00331
194 0.00320
195 0.00308
196 0.00297
197 0.00287
198 0.00277
199 0.00267
200 0.00257
201 0.00248
202 0.00239
203 0.00231
204 0.00223
205 0.00215
206 0.00207
207 0.00200
208 0.00193
209 0.00186
210 0.00179
211 0.00173
212 0.00167
213 0.00161
214 0.00156
215 0.00150
216 0.00145
217 0.00140
218 0.00135
219 0.00130
220 0.00126
221 0.00121
222 0.00117
223 0.00113
224 0.00109
225 0.00105
226 0.00101
227 0.00098
228 0.00095
229 0.00091
230 0.00088
231 0.00085
232 0.00082
233 0.00079
234 0.00077
235 0.00074
236 0.00071
237 0.00069
238 0.00067
239 0.00064
240 0.00062
241 0.00060
242 0.00058
243 0.00056
244 0.00054
245 0.00052
246 0.00050
247 0.00049
248 0.00047
249 0.00046
250 0.00044
251 0.00043
252 0.00041
253 0.00040
254 0.00038
255 0.00037
256 0.00036
257 0.00035
258 0.00034
259 0.00032
260 0.00031
261 0.00030
262 0.00029
263 0.00028
264 0.00027
265 0.00027
266 0.00026
267 0.00025
268 0.00024
269 0.00023
270 0.00022
271 0.00022
272 0.00021
273 0.00020
274 0.00020
275 0.00019
276 0.00018
277 0.00018
278 0.00017
279 0.00017
280 0.00016
281 0.00016
282 0.00015
283 0.00015
284 0.00014
285 0.00014
286 0.00013
287 0.00013
288 0.00013
289 0.00012
290 0.00012
291 0.00011
292 0.00011
293 0.00011
294 0.00010
295 0.00010
296 0.00010
297 0.00009
298 0.00009
299 0.00009
300 0.00009
301 0.00008
302 0.00008
303 0.00008
304 0.00008
305 0.00007
306 0.00007
307 0.00007
308 0.00007
309 0.00007
310 0.00006
311 0.00006
312 0.00006
313 0.00006
314 0.00006
315 0.00005
316 0.00005
317 0.00005
318 0.00005
319 0.00005
320 0.00005
321 0.00005
322 0.00004
323 0.00004
324 0.00004
325 0.00004
326 0.00004
327 0.00004
328 0.00004
329 0.00004
330 0.00004
331 0.00003
332 0.00003
333 0.00003
334 0.00003
335 0.00003
336 0.00003
337 0.00003
338 0.00003
339 0.00003
340 0.00003
341 0.00003
342 0.00003
343 0.00002
344 0.00002
345 0.00002
346 0.00002
347 0.00002
348 0.00002
349 0.00002
350 0.00002
351 0.00002
352 0.00002
353 0.00002
354 0.00002
355 0.00002
356 0.00002
357 0.00002
358 0.00002
359 0.00002
360 0.00002
361 0.00002
362 0.00002
363 0.00001
364 0.00001
365 0.00001
366 0.00001
367 0.00001
368 0.00001
369 0.00001
370 0.00001
371 0.00001
372 0.00001
373 0.00001
374 0.00001
375 0.00001
376 0.00001
377 0.00001
378 0.00001
379 0.00001
380 0.00001
381 0.00001
382 0.00001
383 0.00001
384 0.00001
385 0.00001
386 0.00001
387 0.00001
388 0.00001
389 0.00001
390 0.00001
391 0.00001
392 0.00001
393 0.00001
394 0.00001
395 0.00001
396 0.00001
397 0.00001
398 0.00001
399 0.00001
400 0.00001
401 0.00001
402 0.00001
403 0.00001
404 0.00001
405 0.00001
406 0.00001
407 0.00001
408 0.00001
409 0.00001
410 0.00001
411 0.00001
412 0.00000
413 0.00000
414 0.00000
415 0.00000
416 0.00000
417 0.00000
418 0.00000
419 0.00000
420 0.00000
421 0.00000
422 0.00000
423 0.00000
424 0.00000
425 0.00000
426 0.00000
427 0.00000
428 0.00000
429 0.00000
430 0.00000
431 0.00000
432 0.00000
433 0.00000
434 0.00000
435 0.00000
436 0.00000
437 0.00000
438 0.00000
439 0.00000
440 0.00000
441 0.00000
442 0.00000
443 0.00000
444 0.00000
445 0.00000
446 0.00000
447 0.00000
448 0.00000
449 0.00000
450 0.00000
451 0.00000
452 0.00000
453 0.00000
454 0.00000
455 0.00000
456 0.00000
457 0.00000
458 0.00000
459 0.00000
460 0.00000
461 0.00000
462 0.00000
463 0.00000
464 0.00000
465 0.00000
466 0.00000
467 0.00000
468 0.00000
469 0.00000
470 0.00000
471 0.00000
472 0.00000
473 0.00000
474 0.00000
475 0.00000
476 0.00000
477 0.00000
478 0.00000
479 0.00000
480 0.00000
481 0.00000
482 0.00000
483 0.00000
484 0.00000
485 0.00000
486 0.00000
487 0.00000
488 0.00000
489 0.00000
490 0.00000
491 0.00000
492 0.00000
493 0.00000
494 0.00000
495 0.00000
496 0.00000
497 0.00000
498 0.00000
499 0.00000
500 0.00000
501 0.00000
502 0.00000
503 0.00000
504 0.00000
505 0.00000
506 0.00000
507 0.00000
508 0.00000
509 0.00000
510 0.00000
511 0.00000
512 0.00000
513 0.00000
514 0.00000
515 0.00000
516 0.00000
517 0.00000
518 0.00000
519 0.00000
520 0.00000
521 0.00000
522 0.00000
523 0.00000
524 0.00000
525 0.00000
526 0.00000
527 0.00000
528 0.00000
529 0.00000
530 0.00000
531 0.00000
532 0.00000
533 0.00000
534 0.00000
535 0.00000
536 0.00000
537 0.00000
538 0.00000
539 0.00000
540 0.00000
541 0.00000
542 0.00000
543 0.00000
544 0.00000
545 0.00000
546 0.00000
547 0.00000
548 0.00000
549 0.00000
550 0.00000
551 0.00000
552 0.00000
553 0.00000
554 0.00000
555 0.00000
556 0.00000
557 0.00000
558 0.00000
559 0.00000
560 0.00000
561 0.00000
562 0.00000
563 0.00000
564 0.00000
565 0.00000
566 0.00000
567 0.00000
568 0.00000
569 0.00000
570 0.00000
571 0.00000
572 0.00000
573 0.00000
574 0.00000
575 0.00000
576 0.00000
577 0.00000
578 0.00000
579 0.00000
580 0.00000
581 0.00000
582 0.00000
583 0.00000
584 0.00000
585 0.00000
586 0.00000
587 0.00000
588 0.00000
589 0.00000
590 0.00000
591 0.00000
592 0.00000
593 0.00000
594 0.00000
595 0.00000
596 0.00000
597 0.00000
598 0.00000
599 0.00000
600 0.00000
601 0.00000
602 0.00000
603 0.00000
604 0.00000
605 0.00000
606 0.00000
607 0.00000
608 0.00000
609 0.00000
610 0.00000
611 0.00000
612 0.00000
613 0.00000
614 0.00000
615 0.00000
616 0.00000
617 0.00000
618 0.00000
619 0.00000
620 0.00000
621 0.00000
622 0.00000
623 0.00000
624 0.00000
625 0.00000
626 0.00000
627 0.00000
628 0.00000
629 0.00000
630 0.00000
631 0.00000
632 0.00000
633 0.00000
634 0.00000
635 0.00000
636 0.00000
637 0.00000
638 0.00000
639 0.00000
640 0.00000
641 0.00000
642 0.00000
643 0.00000
644 0.00000
645 0.00000
646 0.00000
647 0.00000
648 0.00000
649 0.00000
650 0.00000
651 0.00000
652 0.00000
653 0.00000
654 0.00000
655 0.00000
656 0.00000
657 0.00000
658 0.00000
659 0.00000
660 0.00000
661 0.00000
662 0.00000
663 0.00000
664 0.00000
665 0.00000
666 0.00000
667 0.00000
668 0.00000
669 0.00000
670 0.00000
671 0.00000
672 0.00000
673 0.00000
674 0.00000
675 0.00000
676 0.00000
677 0.00000
678 0.00000
679 0.00000
680 0.00000
681 0.00000
682 0.00000
683 0.00000
684 0.00000
685 0.00000
686 0.00000
687 0.00000
688 0.00001
689 0.00001
690 0.00001
691 0.00001
692 0.00001
693 0.00001
694 0.00001
695 0.00001
696 0.00001
697 0.00001
698 0.00001
699 0.00001
700 0.00001
701 0.00001
702 0.00001
703 0.00001
704 0.00001
705 0.00001
706 0.00001
707 0.00001
708 0.00001
709 0.00001
710 0.00001
711 0.00001
712 0.00001
713 0.00001
714 0.00001
715 0.00001
716 0.00001
717 0.00001
718 0.00001
719 0.00001
720 0.00001
721 0.00001
722 0.00001
723 0.00001
724 0.00001
725 0.00001
726 0.00001
727 0.00001
728 0.00001
729 0.00001
730 0.00002
731 0.00002
732 0.00002
733 0.00002
734 0.00002
735 0.00002
736 0.00002
737 0.00002
738 0.00002
739 0.00002
740 0.00002
741 0.00002
742 0.00002
743 0.00002
744 0.00002
745 0.00002
746 0.00003
747 0.00003
748 0.00003
749 0.00003
750 0.00003
751 0.00003
752 0.00003
753 0.00003
754 0.00003
755 0.00003
756 0.00004
757 0.00004
758 0.00004
759 0.00004
760 0.00004
761 0.00004
762 0.00004
763 0.00005
764 0.00005
765 0.00005
766 0.00005
767 0.00005
768 0.00005
769 0.00006
770 0.00006
771 0.00006
772 0.00006
773 0.00007
774 0.00007
775 0.00007
776 0.00007
777 0.00008
778 0.00008
779 0.00008
780 0.00009
781 0.00009
782 0.00009
783 0.00010
784 0.00010
785 0.00010
786 0.00011
787 0.00011
788 0.00012
789 0.00012
790 0.00013
791 0.00013
792 0.00014
793 0.00015
794 0.00015
795 0.00016
796 0.00017
797 0.00017
798 0.00018
799 0.00019
800 0.00020
801 0.00021
802 0.00021
803 0.00022
804 0.00023
805 0.00024
806 0.00026
807 0.00027
808 0.00028
809 0.00029
810 0.00031
811 0.00032
812 0.00033
813 0.00035
814 0.00037
815 0.00038
816 0.00040
817 0.00042
818 0.00044
819 0.00046
820 0.00049
821 0.00051
822 0.00053
823 0.00056
824 0.00059
825 0.00062
826 0.00065
827 0.00068
828 0.00071
829 0.00075
830 0.00078
831 0.00082
832 0.00087
833 0.00091
834 0.00096
835 0.00101
836 0.00106
837 0.00111
838 0.00117
839 0.00123
840 0.00129
841 0.00136
842 0.00143
843 0.00151
844 0.00159
845 0.00167
846 0.00176
847 0.00186
848 0.00196
849 0.00206
850 0.00217
851 0.00229
852 0.00242
853 0.00255
854 0.00269
855 0.00283
856 0.00299
857 0.00316
858 0.00333
859 0.00352
860 0.00372
861 0.00392
862 0.00415
863 0.00438
864 0.00463
865 0.00489
866 0.00517
867 0.00547
868 0.00578
869 0.00611
870 0.00647
871 0.00684
872 0.00724
873 0.00766
874 0.00811
875 0.00859
876 0.00910
877 0.00963
878 0.01020
879 0.01081
880 0.01145
881 0.01214
882 0.01287
883 0.01364
884 0.01446
885 0.01534
886 0.01627
887 0.01726
888 0.01831
889 0.01943
890 0.02062
891 0.02189
892 0.02324
893 0.02468
894 0.02621
895 0.02784
896 0.02957
897 0.03142
898 0.03339
899 0.03549
900 0.03772
901 0.04010
902 0.04264
903 0.04535
904 0.04824
905 0.05131
906 0.05459
907 0.05809
908 0.06183
909 0.06581
910 0.07006
911 0.07459
912 0.07824
913 0.09097
914 0.10119
915 0.10942
916 0.11444
917 0.11692
918 0.11992
919 0.12361
920 0.12822
921 0.13410
922 0.13278
923 0.13146
924 0.13911
925 0.13777
926 0.13643
927 0.14675
928 0.14539
929 0.14402
930 0.14267
931 0.15721
932 0.15582
933 0.15444
934 0.15305
935 0.15167
936 0.15029
937 0.14891
938 0.17064
939 0.16922
940 0.16781
941 0.16640
942 0.16499
943 0.16359
944 0.16218
945 0.16078
946 0.15938
947 0.15799
948 0.15659
949 0.15520
950 0.19056
951 0.18913
952 0.18769
953 0.18626
954 0.18483
955 0.18340
956 0.18197
957 0.18054
958 0.17912
959 0.17769
960 0.17627
961 0.17485
962 0.17343
963 0.17201
964 0.17059
965 0.16918
966 0.16777
967 0.16636
968 0.16495
969 0.16354
970 0.16214
971 0.16074
972 0.15934
973 0.22539
974 0.22395
975 0.22251
976 0.22107
977 0.21963
978 0.21819
979 0.21676
980 0.21532
981 0.21388
982 0.21244
983 0.21101
984 0.20957
985 0.20813
986 0.20670
987 0.20527
988 0.20383
989 0.20240
990 0.20097
991 0.19953
992 0.19810
993 0.19667
994 0.19525
995 0.19382
996 0.19239
997 0.19097
998 0.18954
999 0.18812
1000 0.18670
1001 0.18528
1002 0.18387
1003 0.18245
1004 0.18104
1005 0.17962
1006 0.17821
1007 0.17681
1008 0.17540
1009 0.17400
1010 0.17260
1011 0.17120
1012 0.16980
1013 0.16841
1014 0.16702
1015 0.16563
1016 0.16425
1017 0.16286
1018 0.16149
1019 0.16011
1020 0.15874
1021 0.15737
1022 0.15600
1023 0.15464
1024 0.15328
1025 0.15193
1026 0.31254
1027 0.31125
1028 0.30995
1029 0.30866
1030 0.30737
1031 0.30609
1032 0.30480
1033 0.30352
1034 0.30223
1035 0.30095
1036 0.29967
1037 0.29839
1038 0.29711
1039 0.29584
1040 0.29456
1041 0.29329
1042 0.29202
1043 0.29075
1044 0.28948
1045 0.28821
1046 0.28694
1047 0.28567
1048 0.28441
1049 0.28315
1050 0.28188
1051 0.28062
1052 0.27936
1053 0.27811
1054 0.27685
1055 0.27559
1056 0.27434
1057 0.27308
1058 0.27183
1059 0.27058
1060 0.26933
1061 0.26808
1062 0.26683
1063 0.26558
1064 0.26433
1065 0.26309
1066 0.26184
1067 0.26060
1068 0.25935
1069 0.25811
1070 0.25687
1071 0.25563
1072 0.25439
1073 0.25315
1074 0.25191
1075 0.25067
1076 0.24943
1077 0.24820
1078 0.24696
1079 0.24572
1080 0.24449
1081 0.24325
1082 0.24201
1083 0.24078
1084 0.23955
1085 0.23831
1086 0.23708
1087 0.23584
1088 0.23461
1089 0.23337
1090 0.23214
1091 0.23091
1092 0.22967
1093 0.22844
1094 0.22720
1095 0.22597
1096 0.22474
1097 0.22350
1098 0.22227
1099 0.22103
1100 0.21979
1101 0.21856
1102 0.21732
1103 0.21608
1104 0.21484
1105 0.21360
1106 0.21236
1107 0.21112
1108 0.20988
1109 0.20864
1110 0.20740
1111 0.20615
1112 0.20491
1113 0.20366
1114 0.20242
1115 0.20117
1116 0.19992
1117 0.19867
1118 0.19742
1119 0.19617
1120 0.19491
1121 0.19366
1122 0.19240
1123 0.19114
1124 0.18988
1125 0.18862
1126 0.18736
1127 0.18610
1128 0.18483
1129 0.18356
1130 0.18230
1131 0.18103
1132 0.17976
1133 0.17848
1134 0.17721
1135 0.17593
1136 0.17466
1137 0.17338
1138 0.17210
1139 0.17082
1140 0.16953
1141 0.16825
1142 0.16696
1143 0.16568
1144 0.16439
1145 0.16310
1146 0.16181
1147 0.16052
1148 0.15922
1149 0.15793
1150 0.15663
1151 0.15534
1152 0.15404
1153 0.15274
1154 0.15144
1155 0.15014
1156 0.14884
1157 0.14754
1158 0.14624
1159 0.14494
1160 0.14364
1161 0.14234
1162 0.14103
1163 0.13973
1164 0.13843
1165 0.13713
1166 0.13583
1167 0.13453
1168 0.13323
1169 0.13193
1170 0.13063
1171 0.12934
1172 0.12804
1173 0.12675
1174 0.12545
1175 0.12416
1176 0.12287
1177 0.12159
1178 0.12030
1179 0.11902
1180 0.11774
1181 0.11646
1182 0.11519
1183 0.11392
1184 0.11265
1185 0.11138
1186 0.11012
1187 0.10886
1188 0.10760
1189 0.10635
1190 0.10511
1191 0.10386
1192 0.10262
1193 0.10139
1194 0.10016
1195 0.09893
1196 0.09772
1197 0.09650
1198 0.09529
1199 0.09409
1200 0.09289
1201 0.09170
1202 0.09051
1203 0.08933
1204 0.08815
1205 0.08699
1206 0.08583
1207 0.08467
1208 0.08352
1209 0.08238
1210 0.08125
1211 0.08012
1212 0.07900
1213 0.07789
1214 0.07678
1215 0.07568
1216 1.00000
