17 0.83757
18 0.82423
19 0.81073
20 0.79709
21 0.78334
22 0.76949
23 0.75557
24 0.74160
25 0.72759
26 0.71357
27 0.69955
28 0.68555
29 0.67159
30 0.65767
31 0.64381
32 0.63003
33 0.61633
34 0.60272
35 0.58923
36 0.57585
37 0.56259
38 0.54947
39 0.53649
40 0.52366
41 0.51099
42 0.49847
43 0.48613
44 0.47395
45 0.46195
46 0.45013
47 0.43849
48 0.42704
49 0.41578
50 0.40471
51 0.39383
52 0.38316
53 0.37267
54 0.36239
55 0.35230
56 0.34242
57 0.33273
58 0.32324
59 0.31395
60 0.30486
61 0.29596
62 0.28727
63 0.27876
64 0.27045
65 0.26234
66 0.25441
67 0.24667
68 0.23912
69 0.23175
70 0.22457
71 0.21756
72 0.21074
73 0.20409
74 0.19761
75 0.19130
76 0.18516
77 0.17918
78 0.17337
79 0.16771
80 0.16221
81 0.15687
82 0.15167
83 0.14662
84 0.14172
85 0.13696
86 0.13234
87 0.12785
88 0.12349
89 0.11927
90 0.11517
91 0.11120
92 0.10734
93 0.10361
94 0.09999
95 0.09648
96 0.09308
97 0.08979
98 0.08661
99 0.08352
100 0.08054
101 0.07765
102 0.07485
103 0.07215
104 0.06953
105 0.06701
106 0.06456
107 0.06220
108 0.05991
109 0.05771
110 0.05557
111 0.05351
112 0.05152
113 0.04960
114 0.04775
115 0.04596
116 0.04423
117 0.04256
118 0.04095
119 0.03940
120 0.03790
121 0.03646
122 0.03507
123 0.03373
124 0.03243
125 0.03118
126 0.02998
127 0.02882
128 0.02771
129 0.02663
130 0.02559
131 0.02460
132 0.02363
133 0.02271
134 0.02182
135 0.02096
136 0.02014
137 0.01934
138 0.01858
139 0.01784
140 0.01713
141 0.01645
142 0.01580
143 0.01517
144 0.01456
145 0.01398
146 0.01342
147 0.01288
148 0.01236
149 0.01186
150 0.01138
151 0.01092
152 0.01048
153 0.01006
154 0.00965
155 0.00926
156 0.00888
157 0.00852
158 0.00817
159 0.00784
160 0.00752
161 0.00721
162 0.00692
163 0.00663
164 0.00636
165 0.00610
166 0.00585
167 0.00561
168 0.00538
169 0.00516
170 0.00494
171 0.00474
172 0.00454
173 0.00435
174 0.00417
175 0.00400
176 0.00384
177 0.00368
178 0.00352
179 0.00338
180 0.00324
181 0.00310
182 0.00297
183 0.00285
184 0.00273
185 0.00262
186 0.00251
187 0.00240
188 0.00230
189 0.00221
190 0.00211
191 0.00203
192 0.00194
193 0.00186
194 0.00178
195 0.00171
196 0.00164
197 0.00157
198 0.00150
199 0.00144
200 0.00138
201 0.00132
202 0.00126
203 0.00121
204 0.00116
205 0.00111
206 0.00107
207 0.00102
208 0.00098
209 0.00094
210 0.00090
211 0.00086
212 0.00082
213 0.00079
214 0.00076
215 0.00072
216 0.00069
217 0.00067
218 0.00064
219 0.00061
220 0.00059
221 0.00056
222 0.00054
223 0.00051
224 0.00049
225 0.00047
226 0.00045
227 0.00043
228 0.00042
229 0.00040
230 0.00038
231 0.00037
232 0.00035
233 0.00034
234 0.00032
235 0.00031
236 0.00030
237 0.00028
238 0.00027
239 0.00026
240 0.00025
241 0.00024
242 0.00023
243 0.00022
244 0.00021
245 0.00020
246 0.00019
247 0.00019
248 0.00018
249 0.00017
250 0.00016
251 0.00016
252 0.00015
253 0.00014
254 0.00014
255 0.00013
256 0.00013
257 0.00012
258 0.00012
259 0.00011
260 0.00011
261 0.00010
262 0.00010
263 0.00010
264 0.00009
265 0.00009
266 0.00008
267 0.00008
268 0.00008
269 0.00007
270 0.00007
271 0.00007
272 0.00007
273 0.00006
274 0.00006
275 0.00006
276 0.00006
277 0.00005
278 0.00005
279 0.00005
280 0.00005
281 0.00005
282 0.00004
283 0.00004
284 0.00004
285 0.00004
286 0.00004
287 0.00004
288 0.00003
289 0.00003
290 0.00003
291 0.00003
292 0.00003
293 0.00003
294 0.00003
295 0.00003
296 0.00002
297 0.00002
298 0.00002
299 0.00002
300 0.00002
301 0.00002
302 0.00002
303 0.00002
304 0.00002
305 0.00002
306 0.00002
307 0.00002
308 0.00002
309 0.00001
310 0.00001
311 0.00001
312 0.00001
313 0.00001
314 0.00001
315 0.00001
316 0.00001
317 0.00001
318 0.00001
319 0.00001
320 0.00001
321 0.00001
322 0.00001
323 0.00001
324 0.00001
325 0.00001
326 0.00001
327 0.00001
328 0.00001
329 0.00001
330 0.00001
331 0.00001
332 0.00001
333 0.00001
334 0.00001
335 0.00001
336 0.00001
337 0.00001
338 0.00001
339 0.00000
340 0.00000
341 0.00000
342 0.00000
343 0.00000
344 0.00000
345 0.00000
346 0.00000
347 0.00000
348 0.00000
349 0.00000
350 0.00000
351 0.00000
352 0.00000
353 0.00000
354 0.00000
355 0.00000
356 0.00000
357 0.00000
358 0.00000
359 0.00000
360 0.00000
361 0.00000
362 0.00000
363 0.00000
364 0.00000
365 0.00000
366 0.00000
367 0.00000
368 0.00000
369 0.00000
370 0.00000
371 0.00000
372 0.00000
373 0.00000
374 0.00000
375 0.00000
376 0.00000
377 0.00000
378 0.00000
379 0.00000
380 0.00000
381 0.00000
382 0.00000
383 0.00000
384 0.00000
385 0.00000
386 0.00000
387 0.00000
388 0.00000
389 0.00000
390 0.00000
391 0.00000
392 0.00000
393 0.00000
394 0.00000
395 0.00000
396 0.00000
397 0.00000
398 0.00000
399 0.00000
400 0.00000
401 0.00000
402 0.00000
403 0.00000
404 0.00000
405 0.00000
406 0.00000
407 0.00000
408 0.00000
409 0.00000
410 0.00000
411 0.00000
412 0.00000
413 0.00000
414 0.00000
415 0.00000
416 0.00000
417 0.00000
418 0.00000
419 0.00000
420 0.00000
421 0.00000
422 0.00000
423 0.00000
424 0.00000
425 0.00000
426 0.00000
427 0.00000
428 0.00000
429 0.00000
430 0.00000
431 0.00000
432 0.00000
433 0.00000
434 0.00000
435 0.00000
436 0.00000
437 0.00000
438 0.00000
439 0.00000
440 0.00000
441 0.00000
442 0.00000
443 0.00000
444 0.00000
445 0.00000
446 0.00000
447 0.00000
448 0.00000
449 0.00000
450 0.00000
451 0.00000
452 0.00000
453 0.00000
454 0.00000
455 0.00000
456 0.00000
457 0.00000
458 0.00000
459 0.00000
460 0.00000
461 0.00000
462 0.00000
463 0.00000
464 0.00000
465 0.00000
466 0.00000
467 0.00000
468 0.00000
469 0.00000
470 0.00000
471 0.00000
472 0.00000
473 0.00000
474 0.00000
475 0.00000
476 0.00000
477 0.00000
478 0.00000
479 0.00000
480 0.00000
481 0.00000
482 0.00000
483 0.00000
484 0.00000
485 0.00000
486 0.00000
487 0.00000
488 0.00000
489 0.00000
490 0.00000
491 0.00000
492 0.00000
493 0.00000
494 0.00000
495 0.00000
496 0.00000
497 0.00000
498 0.00000
499 0.00000
500 0.00000
501 0.00000
502 0.00000
503 0.00000
504 0.00000
505 0.00000
506 0.00000
507 0.00000
508 0.00000
509 0.00000
510 0.00000
511 0.00000
512 0.00000
513 0.00000
514 0.00000
515 0.00000
516 0.00000
517 0.00000
518 0.00000
519 0.00000
520 0.00000
521 0.00000
522 0.00000
523 0.00000
524 0.00000
525 0.00000
526 0.00000
527 0.00000
528 0.00000
529 0.00000
530 0.00000
531 0.00000
532 0.00000
533 0.00000
534 0.00000
535 0.00000
536 0.00000
537 0.00000
538 0.00000
539 0.00000
540 0.00000
541 0.00000
542 0.00000
543 0.00000
544 0.00000
545 0.00000
546 0.00000
547 0.00000
548 0.00000
549 0.00000
550 0.00000
551 0.00000
552 0.00000
553 0.00000
554 0.00000
555 0.00000
556 0.00000
557 0.00000
558 0.00000
559 0.00000
560 0.00000
561 0.00000
562 0.00000
563 0.00000
564 0.00000
565 0.00000
566 0.00000
567 0.00000
568 0.00000
569 0.00000
570 0.00000
571 0.00000
572 0.00000
573 0.00000
574 0.00000
575 0.00000
576 0.00000
577 0.00000
578 0.00000
579 0.00000
580 0.00000
581 0.00000
582 0.00000
583 0.00000
584 0.00000
585 0.00000
586 0.00000
587 0.00000
588 0.00000
589 0.00000
590 0.00000
591 0.00000
592 0.00000
593 0.00000
594 0.00000
595 0.00000
596 0.00000
597 0.00000
598 0.00000
599 0.00000
600 0.00000
601 0.00000
602 0.00000
603 0.00000
604 0.00000
605 0.00000
606 0.00000
607 0.00000
608 0.00000
609 0.00000
610 0.00000
611 0.00000
612 0.00000
613 0.00000
614 0.00000
615 0.00000
616 0.00000
617 0.00000
618 0.00000
619 0.00000
620 0.00000
621 0.00000
622 0.00000
623 0.00000
624 0.00000
625 0.00000
626 0.00000
627 0.00000
628 0.00000
629 0.00000
630 0.00000
631 0.00000
632 0.00000
633 0.00000
634 0.00000
635 0.00000
636 0.00000
637 0.00000
638 0.00000
639 0.00000
640 0.00000
641 0.00000
642 0.00000
643 0.00000
644 0.00000
645 0.00000
646 0.00000
647 0.00000
648 0.00000
649 0.00000
650 0.00000
651 0.00000
652 0.00000
653 0.00000
654 0.00000
655 0.00000
656 0.00000
657 0.00000
658 0.00000
659 0.00000
660 0.00000
661 0.00000
662 0.00000
663 0.00000
664 0.00000
665 0.00000
666 0.00000
667 0.00000
668 0.00000
669 0.00000
670 0.00000
671 0.00000
672 0.00000
673 0.00000
674 0.00000
675 0.00000
676 0.00000
677 0.00000
678 0.00000
679 0.00000
680 0.00000
681 0.00000
682 0.00000
683 0.00000
684 0.00000
685 0.00000
686 0.00000
687 0.00000
688 0.00000
689 0.00000
690 0.00000
691 0.00000
692 0.00000
693 0.00000
694 0.00000
695 0.00000
696 0.00000
697 0.00000
698 0.00000
699 0.00000
700 0.00000
701 0.00000
702 0.00000
703 0.00000
704 0.00000
705 0.00000
706 0.00000
707 0.00000
708 0.00000
709 0.00000
710 0.00000
711 0.00000
712 0.00000
713 0.00000
714 0.00000
715 0.00000
716 0.00000
717 0.00000
718 0.00000
719 0.00000
720 0.00000
721 0.00000
722 0.00000
723 0.00000
724 0.00000
725 0.00000
726 0.00000
727 0.00000
728 0.00000
729 0.00000
730 0.00000
731 0.00000
732 0.00000
733 0.00000
734 0.00000
735 0.00000
736 0.00000
737 0.00000
738 0.00000
739 0.00000
740 0.00000
741 0.00000
742 0.00000
743 0.00000
744 0.00000
745 0.00000
746 0.00000
747 0.00000
748 0.00000
749 0.00000
750 0.00000
751 0.00000
752 0.00000
753 0.00000
754 0.00000
755 0.00000
756 0.00000
757 0.00000
758 0.00000
759 0.00000
760 0.00000
761 0.00000
762 0.00000
763 0.00000
764 0.00000
765 0.00000
766 0.00000
767 0.00000
768 0.00001
769 0.00001
770 0.00001
771 0.00001
772 0.00001
773 0.00001
774 0.00001
775 0.00001
776 0.00001
777 0.00001
778 0.00001
779 0.00001
780 0.00001
781 0.00001
782 0.00001
783 0.00001
784 0.00001
785 0.00001
786 0.00001
787 0.00001
788 0.00001
789 0.00002
790 0.00002
791 0.00002
792 0.00002
793 0.00002
794 0.00002
795 0.00002
796 0.00002
797 0.00002
798 0.00003
799 0.00003
800 0.00003
801 0.00003
802 0.00003
803 0.00004
804 0.00004
805 0.00004
806 0.00004
807 0.00005
808 0.00005
809 0.00005
810 0.00005
811 0.00006
812 0.00006
813 0.00007
814 0.00007
815 0.00007
816 0.00008
817 0.00008
818 0.00009
819 0.00010
820 0.00010
821 0.00011
822 0.00012
823 0.00013
824 0.00013
825 0.00014
826 0.00015
827 0.00016
828 0.00018
829 0.00019
830 0.00020
831 0.00021
832 0.00023
833 0.00025
834 0.00026
835 0.00028
836 0.00030
837 0.00033
838 0.00035
839 0.00038
840 0.00040
841 0.00043
842 0.00047
843 0.00050
844 0.00054
845 0.00058
846 0.00062
847 0.00067
848 0.00072
849 0.00078
850 0.00084
851 0.00091
852 0.00098
853 0.00105
854 0.00114
855 0.00123
856 0.00132
857 0.00143
858 0.00154
859 0.00167
860 0.00180
861 0.00195
862 0.00211
863 0.00228
864 0.00247
865 0.00267
866 0.00289
867 0.00313
868 0.00339
869 0.00368
870 0.00399
871 0.00432
872 0.00469
873 0.00509
874 0.00553
875 0.00600
876 0.00652
877 0.00708
878 0.00770
879 0.00837
880 0.00911
881 0.00991
882 0.01078
883 0.01174
884 0.01278
885 0.01392
886 0.01517
887 0.01653
888 0.01803
889 0.01966
890 0.02145
891 0.02341
892 0.02556
893 0.02791
894 0.03049
895 0.03331
896 0.03641
897 0.03981
898 0.04354
899 0.04764
900 0.05213
901 0.05707
902 0.06250
903 0.06846
904 0.07501
905 0.08222
906 0.09014
907 0.09886
908 0.10846
909 0.11902
910 0.13065
911 0.14346
912 0.15437
913 0.15861
914 0.16359
915 0.16862
916 0.17197
917 0.17355
918 0.17569
919 0.17853
920 0.18233
921 0.18743
922 0.18602
923 0.18461
924 0.19155
925 0.19014
926 0.18872
927 0.19841
928 0.19698
929 0.19555
930 0.19413
931 0.20812
932 0.20669
933 0.20526
934 0.20383
935 0.20240
936 0.20097
937 0.19954
938 0.22080
939 0.21937
940 0.21793
941 0.21650
942 0.21506
943 0.21363
944 0.21220
945 0.21077
946 0.20934
947 0.20791
948 0.20648
949 0.20505
950 0.23998
951 0.23854
952 0.23711
953 0.23568
954 0.23424
955 0.23281
956 0.23138
957 0.22995
958 0.22852
959 0.22709
960 0.22566
961 0.22424
962 0.22281
963 0.22138
964 0.21995
965 0.21853
966 0.21710
967 0.21568
968 0.21425
969 0.21283
970 0.21141
971 0.20998
972 0.20856
973 0.27386
974 0.27245
975 0.27104
976 0.26963
977 0.26822
978 0.26681
979 0.26540
980 0.26399
981 0.26258
982 0.26118
983 0.25977
984 0.25836
985 0.25695
986 0.25555
987 0.25414
988 0.25273
989 0.25132
990 0.24991
991 0.24851
992 0.24710
993 0.24569
994 0.24428
995 0.24288
996 0.24147
997 0.24006
998 0.23865
999 0.23724
1000 0.23584
1001 0.23443
1002 0.23302
1003 0.23161
1004 0.23020
1005 0.22880
1006 0.22739
1007 0.22598
1008 0.22457
1009 0.22317
1010 0.22176
1011 0.22035
1012 0.21894
1013 0.21754
1014 0.21613
1015 0.21472
1016 0.21332
1017 0.21191
1018 0.21050
1019 0.20910
1020 0.20770
1021 0.20629
1022 0.20489
1023 0.20349
1024 0.20208
1025 0.20068
1026 0.35749
1027 0.35620
1028 0.35490
1029 0.35360
1030 0.35231
1031 0.35102
1032 0.34972
1033 0.34843
1034 0.34714
1035 0.34586
1036 0.34457
1037 0.34328
1038 0.34200
1039 0.34072
1040 0.33943
1041 0.33815
1042 0.33688
1043 0.33560
1044 0.33432
1045 0.33304
1046 0.33177
1047 0.33050
1048 0.32923
1049 0.32796
1050 0.32669
1051 0.32542
1052 0.32415
1053 0.32289
1054 0.32162
1055 0.32036
1056 0.31910
1057 0.31784
1058 0.31658
1059 0.31533
1060 0.31407
1061 0.31282
1062 0.31156
1063 0.31031
1064 0.30906
1065 0.30781
1066 0.30656
1067 0.30531
1068 0.30407
1069 0.30282
1070 0.30158
1071 0.30034
1072 0.29910
1073 0.29786
1074 0.29662
1075 0.29538
1076 0.29415
1077 0.29291
1078 0.29168
1079 0.29045
1080 0.28922
1081 0.28799
1082 0.28676
1083 0.28553
1084 0.28430
1085 0.28308
1086 0.28185
1087 0.28063
1088 0.27941
1089 0.27819
1090 0.27697
1091 0.27575
1092 0.27453
1093 0.27331
1094 0.27210
1095 0.27088
1096 0.26967
1097 0.26845
1098 0.26724
1099 0.26603
1100 0.26482
1101 0.26361
1102 0.26240
1103 0.26119
1104 0.25998
1105 0.25877
1106 0.25757
1107 0.25636
1108 0.25515
1109 0.25395
1110 0.25274
1111 0.25154
1112 0.25034
1113 0.24913
1114 0.24793
1115 0.24673
1116 0.24552
1117 0.24432
1118 0.24312
1119 0.24192
1120 0.24072
1121 0.23952
1122 0.23831
1123 0.23711
1124 0.23591
1125 0.23471
1126 0.23351
1127 0.23231
1128 0.23111
1129 0.22991
1130 0.22870
1131 0.22750
1132 0.22630
1133 0.22510
1134 0.22389
1135 0.22269
1136 0.22148
1137 0.22028
1138 0.21907
1139 0.21787
1140 0.21666
1141 0.21545
1142 0.21425
1143 0.21304
1144 0.21183
1145 0.21062
1146 0.20941
1147 0.20819
1148 0.20698
1149 0.20577
1150 0.20455
1151 0.20333
1152 0.20212
1153 0.20090
1154 0.19968
1155 0.19846
1156 0.19723
1157 0.19601
1158 0.19479
1159 0.19356
1160 0.19233
1161 0.19110
1162 0.18987
1163 0.18864
1164 0.18741
1165 0.18617
1166 0.18494
1167 0.18370
1168 0.18246
1169 0.18122
1170 0.17997
1171 0.17873
1172 0.17749
1173 0.17624
1174 0.17499
1175 0.17374
1176 0.17249
1177 0.17124
1178 0.16998
1179 0.16873
1180 0.16747
1181 0.16621
1182 0.16495
1183 0.16369
1184 0.16243
1185 0.16117
1186 0.15990
1187 0.15864
1188 0.15737
1189 0.15611
1190 0.15484
1191 0.15357
1192 0.15230
1193 0.15103
1194 0.14976
1195 0.14849
1196 0.14722
1197 0.14594
1198 0.14467
1199 0.14340
1200 0.14213
1201 0.14086
1202 0.13958
1203 0.13831
1204 0.13704
1205 0.13577
1206 0.13450
1207 0.13323
1208 0.13196
1209 0.13069
1210 0.12943
1211 0.12816
1212 0.12690
1213 0.12564
1214 0.12438
1215 0.12312
1216 1.00000
