17 0.95721
18 0.95338
19 0.94946
20 0.94544
21 0.94134
22 0.93714
23 0.93286
24 0.92850
25 0.92407
26 0.91956
27 0.91498
28 0.91034
29 0.90563
30 0.90086
31 0.89603
32 0.89114
33 0.88621
34 0.88122
35 0.87618
36 0.87109
37 0.86597
38 0.86080
39 0.85559
40 0.85034
41 0.84506
42 0.83975
43 0.83440
44 0.82903
45 0.82362
46 0.81820
47 0.81274
48 0.80727
49 0.80178
50 0.79626
51 0.79073
52 0.78519
53 0.77963
54 0.77406
55 0.76847
56 0.76288
57 0.75728
58 0.75167
59 0.74606
60 0.74044
61 0.73482
62 0.72920
63 0.72358
64 0.71796
65 0.71234
66 0.70672
67 0.70111
68 0.69551
69 0.68991
70 0.68431
71 0.67873
72 0.67315
73 0.66759
74 0.66204
75 0.65649
76 0.65096
77 0.64545
78 0.63995
79 0.63446
80 0.62899
81 0.62354
82 0.61811
83 0.61269
84 0.60729
85 0.60191
86 0.59655
87 0.59122
88 0.58590
89 0.58061
90 0.57534
91 0.57009
92 0.56486
93 0.55966
94 0.55449
95 0.54934
96 0.54421
97 0.53911
98 0.53404
99 0.52899
100 0.52397
101 0.51898
102 0.51402
103 0.50908
104 0.50418
105 0.49930
106 0.49445
107 0.48963
108 0.48484
109 0.48008
110 0.47536
111 0.47066
112 0.46599
113 0.46135
114 0.45674
115 0.45217
116 0.44763
117 0.44311
118 0.43863
119 0.43418
120 0.42977
121 0.42538
122 0.42103
123 0.41671
124 0.41242
125 0.40817
126 0.40394
127 0.39975
128 0.39559
129 0.39147
130 0.38738
131 0.38332
132 0.37929
133 0.37529
134 0.37133
135 0.36740
136 0.36350
137 0.35964
138 0.35581
139 0.35201
140 0.34824
141 0.34450
142 0.34080
143 0.33713
144 0.33349
145 0.32989
146 0.32631
147 0.32277
148 0.31926
149 0.31578
150 0.31233
151 0.30892
152 0.30553
153 0.30218
154 0.29886
155 0.29557
156 0.29231
157 0.28908
158 0.28588
159 0.28272
160 0.27958
161 0.27647
162 0.27339
163 0.27035
164 0.26733
165 0.26434
166 0.26138
167 0.25846
168 0.25556
169 0.25268
170 0.24984
171 0.24703
172 0.24424
173 0.24149
174 0.23876
175 0.23606
176 0.23339
177 0.23074
178 0.22812
179 0.22553
180 0.22297
181 0.22043
182 0.21792
183 0.21544
184 0.21298
185 0.21055
186 0.20814
187 0.20576
188 0.20340
189 0.20107
190 0.19877
191 0.19649
192 0.19423
193 0.19200
194 0.18980
195 0.18762
196 0.18546
197 0.18332
198 0.18121
199 0.17912
200 0.17706
201 0.17502
202 0.17300
203 0.17100
204 0.16902
205 0.16707
206 0.16514
207 0.16323
208 0.16135
209 0.15948
210 0.15763
211 0.15581
212 0.15401
213 0.15222
214 0.15046
215 0.14872
216 0.14700
217 0.14529
218 0.14361
219 0.14195
220 0.14030
221 0.13868
222 0.13707
223 0.13548
224 0.13391
225 0.13236
226 0.13083
227 0.12932
228 0.12782
229 0.12634
230 0.12488
231 0.12343
232 0.12200
233 0.12059
234 0.11920
235 0.11782
236 0.11646
237 0.11511
238 0.11378
239 0.11247
240 0.11117
241 0.10989
242 0.10862
243 0.10737
244 0.10613
245 0.10491
246 0.10370
247 0.10250
248 0.10133
249 0.10016
250 0.09901
251 0.09787
252 0.09675
253 0.09564
254 0.09454
255 0.09346
256 0.09239
257 0.09134
258 0.09029
259 0.08926
260 0.08824
261 0.08724
262 0.08624
263 0.08526
264 0.08429
265 0.08333
266 0.08239
267 0.08145
268 0.08053
269 0.07962
270 0.07872
271 0.07783
272 0.07695
273 0.07608
274 0.07522
275 0.07438
276 0.07354
277 0.07271
278 0.07190
279 0.07109
280 0.07030
281 0.06951
282 0.06873
283 0.06797
284 0.06721
285 0.06646
286 0.06572
287 0.06499
288 0.06427
289 0.06356
290 0.06286
291 0.06217
292 0.06148
293 0.06080
294 0.06014
295 0.05948
296 0.05882
297 0.05818
298 0.05754
299 0.05692
300 0.05630
301 0.05568
302 0.05508
303 0.05448
304 0.05389
305 0.05331
306 0.05274
307 0.05217
308 0.05161
309 0.05105
310 0.05051
311 0.04997
312 0.04943
313 0.04891
314 0.04839
315 0.04787
316 0.04736
317 0.04686
318 0.04637
319 0.04588
320 0.04540
321 0.04492
322 0.04445
323 0.04399
324 0.04353
325 0.04308
326 0.04263
327 0.04219
328 0.04175
329 0.04132
330 0.04089
331 0.04047
332 0.04006
333 0.03965
334 0.03924
335 0.03885
336 0.03845
337 0.03806
338 0.03768
339 0.03730
340 0.03692
341 0.03655
342 0.03619
343 0.03582
344 0.03547
345 0.03511
346 0.03477
347 0.03442
348 0.03408
349 0.03375
350 0.03342
351 0.03309
352 0.03277
353 0.03245
354 0.03214
355 0.03182
356 0.03152
357 0.03121
358 0.03092
359 0.03062
360 0.03033
361 0.03004
362 0.02976
363 0.02947
364 0.02920
365 0.02892
366 0.02865
367 0.02838
368 0.02812
369 0.02786
370 0.02760
371 0.02735
372 0.02710
373 0.02685
374 0.02660
375 0.02636
376 0.02612
377 0.02589
378 0.02566
379 0.02543
380 0.02520
381 0.02497
382 0.02475
383 0.02453
384 0.02432
385 0.02410
386 0.02389
387 0.02369
388 0.02348
389 0.02328
390 0.02308
391 0.02288
392 0.02268
393 0.02249
394 0.02230
395 0.02211
396 0.02193
397 0.02174
398 0.02156
399 0.02138
400 0.02121
401 0.02103
402 0.02086
403 0.02069
404 0.02052
405 0.02035
406 0.02019
407 0.02003
408 0.01987
409 0.01971
410 0.01956
411 0.01940
412 0.01925
413 0.01910
414 0.01895
415 0.01881
416 0.01866
417 0.01852
418 0.01838
419 0.01824
420 0.01810
421 0.01796
422 0.01783
423 0.01770
424 0.01757
425 0.01744
426 0.01731
427 0.01719
428 0.01706
429 0.01694
430 0.01682
431 0.01670
432 0.01658
433 0.01647
434 0.01635
435 0.01624
436 0.01612
437 0.01601
438 0.01591
439 0.01580
440 0.01569
441 0.01559
442 0.01548
443 0.01538
444 0.01528
445 0.01518
446 0.01508
447 0.01498
448 0.01489
449 0.01479
450 0.01470
451 0.01461
452 0.01452
453 0.01443
454 0.01434
455 0.01425
456 0.01417
457 0.01408
458 0.01400
459 0.01391
460 0.01383
461 0.01375
462 0.01367
463 0.01359
464 0.01352
465 0.01344
466 0.01336
467 0.01329
468 0.01322
469 0.01314
470 0.01307
471 0.01300
472 0.01293
473 0.01287
474 0.01280
475 0.01273
476 0.01267
477 0.01260
478 0.01254
479 0.01248
480 0.01241
481 0.01235
482 0.01229
483 0.01224
484 0.01218
485 0.01212
486 0.01206
487 0.01201
488 0.01195
489 0.01190
490 0.01185
491 0.01179
492 0.01174
493 0.01169
494 0.01164
495 0.01159
496 0.01154
497 0.01150
498 0.01145
499 0.01140
500 0.01136
501 0.01131
502 0.01127
503 0.01123
504 0.01119
505 0.01114
506 0.01110
507 0.01106
508 0.01102
509 0.01099
510 0.01095
511 0.01091
512 0.01087
513 0.01084
514 0.01080
515 0.01077
516 0.01074
517 0.01070
518 0.01067
519 0.01064
520 0.01061
521 0.01058
522 0.01055
523 0.01052
524 0.01049
525 0.01046
526 0.01044
527 0.01041
528 0.01038
529 0.01036
530 0.01033
531 0.01031
532 0.01029
533 0.01026
534 0.01024
535 0.01022
536 0.01020
537 0.01018
538 0.01016
539 0.01014
540 0.01012
541 0.01010
542 0.01009
543 0.01007
544 0.01006
545 0.01004
546 0.01002
547 0.01001
548 0.01000
549 0.00998
550 0.00997
551 0.00996
552 0.00995
553 0.00994
554 0.00993
555 0.00992
556 0.00991
557 0.00990
558 0.00989
559 0.00988
560 0.00988
561 0.00987
562 0.00986
563 0.00986
564 0.00985
565 0.00985
566 0.00985
567 0.00984
568 0.00984
569 0.00984
570 0.00984
571 0.00984
572 0.00984
573 0.00984
574 0.00984
575 0.00984
576 0.00984
577 0.00985
578 0.00985
579 0.00986
580 0.00986
581 0.00987
582 0.00987
583 0.00988
584 0.00988
585 0.00989
586 0.00990
587 0.00991
588 0.00992
589 0.00993
590 0.00994
591 0.00995
592 0.00996
593 0.00998
594 0.00999
595 0.01000
596 0.01002
597 0.01004
598 0.01005
599 0.01007
600 0.01009
601 0.01010
602 0.01012
603 0.01014
604 0.01016
605 0.01018
606 0.01021
607 0.01023
608 0.01025
609 0.01027
610 0.01030
611 0.01032
612 0.01035
613 0.01038
614 0.01040
615 0.01043
616 0.01046
617 0.01049
618 0.01052
619 0.01055
620 0.01058
621 0.01061
622 0.01065
623 0.01068
624 0.01072
625 0.01075
626 0.01079
627 0.01083
628 0.01086
629 0.01090
630 0.01094
631 0.01099
632 0.01103
633 0.01107
634 0.01111
635 0.01116
636 0.01120
637 0.01125
638 0.01130
639 0.01135
640 0.01140
641 0.01145
642 0.01150
643 0.01155
644 0.01161
645 0.01166
646 0.01172
647 0.01177
648 0.01183
649 0.01189
650 0.01195
651 0.01201
652 0.01208
653 0.01214
654 0.01221
655 0.01227
656 0.01234
657 0.01241
658 0.01248
659 0.01255
660 0.01262
661 0.01270
662 0.01277
663 0.01285
664 0.01293
665 0.01301
666 0.01309
667 0.01317
668 0.01326
669 0.01334
670 0.01343
671 0.01352
672 0.01361
673 0.01370
674 0.01379
675 0.01389
676 0.01399
677 0.01408
678 0.01418
679 0.01429
680 0.01439
681 0.01450
682 0.01460
683 0.01471
684 0.01483
685 0.01494
686 0.01505
687 0.01517
688 0.01529
689 0.01541
690 0.01554
691 0.01566
692 0.01579
693 0.01592
694 0.01606
695 0.01619
696 0.01633
697 0.01647
698 0.01661
699 0.01676
700 0.01691
701 0.01706
702 0.01721
703 0.01737
704 0.01752
705 0.01769
706 0.01785
707 0.01802
708 0.01819
709 0.01836
710 0.01854
711 0.01872
712 0.01890
713 0.01909
714 0.01927
715 0.01947
716 0.01966
717 0.01986
718 0.02007
719 0.02028
720 0.02049
721 0.02070
722 0.02092
723 0.02114
724 0.02137
725 0.02159
726 0.02183
727 0.02206
728 0.02230
729 0.02255
730 0.02280
731 0.02305
732 0.02331
733 0.02358
734 0.02384
735 0.02412
736 0.02440
737 0.02468
738 0.02497
739 0.02527
740 0.02557
741 0.02587
742 0.02618
743 0.02650
744 0.02683
745 0.02716
746 0.02749
747 0.02784
748 0.02819
749 0.02854
750 0.02890
751 0.02928
752 0.02965
753 0.03004
754 0.03043
755 0.03083
756 0.03124
757 0.03165
758 0.03208
759 0.03251
760 0.03295
761 0.03340
762 0.03386
763 0.03433
764 0.03481
765 0.03530
766 0.03579
767 0.03630
768 0.03682
769 0.03735
770 0.03789
771 0.03844
772 0.03900
773 0.03957
774 0.04016
775 0.04075
776 0.04136
777 0.04199
778 0.04262
779 0.04327
780 0.04393
781 0.04461
782 0.04530
783 0.04601
784 0.04673
785 0.04747
786 0.04822
787 0.04899
788 0.04977
789 0.05057
790 0.05139
791 0.05223
792 0.05309
793 0.05396
794 0.05485
795 0.05577
796 0.05670
797 0.05766
798 0.05863
799 0.05963
800 0.06065
801 0.06169
802 0.06276
803 0.06385
804 0.06497
805 0.06611
806 0.06728
807 0.06847
808 0.06969
809 0.07094
810 0.07222
811 0.07353
812 0.07487
813 0.07624
814 0.07764
815 0.07908
816 0.08055
817 0.08205
818 0.08359
819 0.08517
820 0.08678
821 0.08843
822 0.09013
823 0.09186
824 0.09364
825 0.09546
826 0.09732
827 0.09923
828 0.10119
829 0.10319
830 0.10524
831 0.10735
832 0.10950
833 0.11172
834 0.11398
835 0.11630
836 0.11869
837 0.12113
838 0.12363
839 0.12620
840 0.12883
841 0.13153
842 0.13430
843 0.13714
844 0.14006
845 0.14304
846 0.14611
847 0.14926
848 0.15249
849 0.15580
850 0.15921
851 0.16270
852 0.16628
853 0.16996
854 0.17374
855 0.17762
856 0.18160
857 0.18569
858 0.18989
859 0.19421
860 0.19864
861 0.20319
862 0.20787
863 0.21268
864 0.21761
865 0.22269
866 0.22790
867 0.23326
868 0.23877
869 0.24444
870 0.25026
871 0.25625
872 0.26240
873 0.26874
874 0.27525
875 0.28194
876 0.28883
877 0.29592
878 0.30320
879 0.31070
880 0.31842
881 0.32636
882 0.33454
883 0.34295
884 0.35161
885 0.36052
886 0.36970
887 0.37914
888 0.38887
889 0.39889
890 0.40921
891 0.41984
892 0.43078
893 0.44206
894 0.45368
895 0.46565
896 0.47799
897 0.49070
898 0.50380
899 0.51730
900 0.53122
901 0.54558
902 0.56037
903 0.57563
904 0.59136
905 0.60759
906 0.62432
907 0.64158
908 0.65939
909 0.67776
910 0.69672
911 0.71628
912 0.73220
913 0.73535
914 0.73895
915 0.74249
916 0.74482
917 0.74594
918 0.74741
919 0.74933
920 0.75183
921 0.75510
922 0.75426
923 0.75343
924 0.75779
925 0.75697
926 0.75615
927 0.76206
928 0.76125
929 0.76044
930 0.75963
931 0.76789
932 0.76710
933 0.76631
934 0.76553
935 0.76474
936 0.76394
937 0.76315
938 0.77522
939 0.77446
940 0.77370
941 0.77294
942 0.77217
943 0.77141
944 0.77064
945 0.76987
946 0.76910
947 0.76833
948 0.76756
949 0.76679
950 0.78568
951 0.78496
952 0.78424
953 0.78352
954 0.78279
955 0.78207
956 0.78134
957 0.78062
958 0.77989
959 0.77916
960 0.77842
961 0.77769
962 0.77696
963 0.77622
964 0.77549
965 0.77475
966 0.77401
967 0.77327
968 0.77253
969 0.77178
970 0.77104
971 0.77029
972 0.76954
973 0.80262
974 0.80197
975 0.80131
976 0.80066
977 0.80000
978 0.79934
979 0.79868
980 0.79802
981 0.79735
982 0.79669
983 0.79602
984 0.79536
985 0.79469
986 0.79402
987 0.79335
988 0.79268
989 0.79201
990 0.79133
991 0.79066
992 0.78998
993 0.78930
994 0.78863
995 0.78795
996 0.78727
997 0.78658
998 0.78590
999 0.78522
1000 0.78453
1001 0.78384
1002 0.78315
1003 0.78247
1004 0.78177
1005 0.78108
1006 0.78039
1007 0.77970
1008 0.77900
1009 0.77830
1010 0.77761
1011 0.77691
1012 0.77621
1013 0.77551
1014 0.77481
1015 0.77410
1016 0.77340
1017 0.77269
1018 0.77198
1019 0.77128
1020 0.77057
1021 0.76986
1022 0.76915
1023 0.76843
1024 0.76772
1025 0.76700
1026 0.83859
1027 0.83807
1028 0.83755
1029 0.83703
1030 0.83651
1031 0.83599
1032 0.83546
1033 0.83494
1034 0.83441
1035 0.83389
1036 0.83336
1037 0.83283
1038 0.83230
1039 0.83177
1040 0.83124
1041 0.83070
1042 0.83017
1043 0.82963
1044 0.82910
1045 0.82856
1046 0.82802
1047 0.82748
1048 0.82694
1049 0.82640
1050 0.82586
1051 0.82532
1052 0.82477
1053 0.82423
1054 0.82368
1055 0.82313
1056 0.82259
1057 0.82204
1058 0.82149
1059 0.82094
1060 0.82039
1061 0.81983
1062 0.81928
1063 0.81872
1064 0.81817
1065 0.81761
1066 0.81705
1067 0.81649
1068 0.81593
1069 0.81537
1070 0.81481
1071 0.81425
1072 0.81369
1073 0.81312
1074 0.81256
1075 0.81199
1076 0.81142
1077 0.81085
1078 0.81028
1079 0.80971
1080 0.80914
1081 0.80857
1082 0.80799
1083 0.80742
1084 0.80685
1085 0.80627
1086 0.80569
1087 0.80511
1088 0.80453
1089 0.80395
1090 0.80337
1091 0.80279
1092 0.80221
1093 0.80162
1094 0.80104
1095 0.80045
1096 0.79986
1097 0.79928
1098 0.79869
1099 0.79810
1100 0.79751
1101 0.79691
1102 0.79632
1103 0.79573
1104 0.79513
1105 0.79454
1106 0.79394
1107 0.79334
1108 0.79274
1109 0.79215
1110 0.79154
1111 0.79094
1112 0.79034
1113 0.78974
1114 0.78913
1115 0.78853
1116 0.78792
1117 0.78731
1118 0.78671
1119 0.78610
1120 0.78549
1121 0.78488
1122 0.78426
1123 0.78365
1124 0.78304
1125 0.78242
1126 0.78181
1127 0.78119
1128 0.78057
1129 0.77996
1130 0.77934
1131 0.77872
1132 0.77809
1133 0.77747
1134 0.77685
1135 0.77623
1136 0.77560
1137 0.77497
1138 0.77435
1139 0.77372
1140 0.77309
1141 0.77246
1142 0.77183
1143 0.77120
1144 0.77057
1145 0.76993
1146 0.76930
1147 0.76866
1148 0.76803
1149 0.76739
1150 0.76675
1151 0.76611
1152 0.76547
1153 0.76483
1154 0.76419
1155 0.76355
1156 0.76291
1157 0.76226
1158 0.76162
1159 0.76097
1160 0.76032
1161 0.75968
1162 0.75903
1163 0.75838
1164 0.75773
1165 0.75708
1166 0.75642
1167 0.75577
1168 0.75512
1169 0.75446
1170 0.75380
1171 0.75315
1172 0.75249
1173 0.75183
1174 0.75117
1175 0.75051
1176 0.74985
1177 0.74919
1178 0.74852
1179 0.74786
1180 0.74720
1181 0.74653
1182 0.74586
1183 0.74520
1184 0.74453
1185 0.74386
1186 0.74319
1187 0.74252
1188 0.74185
1189 0.74117
1190 0.74050
1191 0.73983
1192 0.73915
1193 0.73847
1194 0.73780
1195 0.73712
1196 0.73644
1197 0.73576
1198 0.73508
1199 0.73440
1200 0.73372
1201 0.73303
1202 0.73235
1203 0.73167
1204 0.73098
1205 0.73029
1206 0.72961
1207 0.72892
1208 0.72823
1209 0.72754
1210 0.72685
1211 0.72616
1212 0.72547
1213 0.72477
1214 0.72408
1215 0.72339
1216 1.00000
