17 0.85300
18 0.84106
19 0.82896
20 0.81675
21 0.80443
22 0.79202
23 0.77954
24 0.76701
25 0.75445
26 0.74186
27 0.72926
28 0.71666
29 0.70409
30 0.69153
31 0.67902
32 0.66656
33 0.65415
34 0.64181
35 0.62954
36 0.61736
37 0.60527
38 0.59327
39 0.58138
40 0.56960
41 0.55793
42 0.54638
43 0.53496
44 0.52366
45 0.51250
46 0.50148
47 0.49059
48 0.47985
49 0.46925
50 0.45881
51 0.44851
52 0.43836
53 0.42836
54 0.41852
55 0.40884
56 0.39931
57 0.38994
58 0.38072
59 0.37167
60 0.36277
61 0.35403
62 0.34544
63 0.33702
64 0.32875
65 0.32064
66 0.31268
67 0.30487
68 0.29722
69 0.28973
70 0.28238
71 0.27518
72 0.26813
73 0.26123
74 0.25448
75 0.24787
76 0.24140
77 0.23507
78 0.22888
79 0.22283
80 0.21691
81 0.21113
82 0.20547
83 0.19995
84 0.19456
85 0.18929
86 0.18414
87 0.17912
88 0.17421
89 0.16942
90 0.16475
91 0.16020
92 0.15575
93 0.15141
94 0.14718
95 0.14306
96 0.13904
97 0.13512
98 0.13130
99 0.12758
100 0.12395
101 0.12042
102 0.11698
103 0.11363
104 0.11036
105 0.10718
106 0.10409
107 0.10108
108 0.09815
109 0.09529
110 0.09252
111 0.08981
112 0.08719
113 0.08463
114 0.08214
115 0.07972
116 0.07737
117 0.07508
118 0.07286
119 0.07070
120 0.06860
121 0.06656
122 0.06457
123 0.06264
124 0.06077
125 0.05895
126 0.05718
127 0.05546
128 0.05379
129 0.05217
130 0.05059
131 0.04906
132 0.04758
133 0.04613
134 0.04473
135 0.04337
136 0.04205
137 0.04077
138 0.03953
139 0.03832
140 0.03715
141 0.03602
142 0.03491
143 0.03384
144 0.03281
145 0.03180
146 0.03082
147 0.02987
148 0.02895
149 0.02806
150 0.02720
151 0.02636
152 0.02554
153 0.02476
154 0.02399
155 0.02325
156 0.02253
157 0.02183
158 0.02116
159 0.02050
160 0.01987
161 0.01925
162 0.01865
163 0.01807
164 0.01751
165 0.01697
166 0.01644
167 0.01593
168 0.01544
169 0.01496
170 0.01449
171 0.01404
172 0.01360
173 0.01318
174 0.01277
175 0.01237
176 0.01199
177 0.01162
178 0.01125
179 0.01090
180 0.01056
181 0.01024
182 0.00992
183 0.00961
184 0.00931
185 0.00902
186 0.00874
187 0.00847
188 0.00821
189 0.00795
190 0.00771
191 0.00747
192 0.00723
193 0.00701
194 0.00679
195 0.00658
196 0.00638
197 0.00618
198 0.00599
199 0.00580
200 0.00563
201 0.00545
202 0.00528
203 0.00512
204 0.00496
205 0.00481
206 0.00466
207 0.00452
208 0.00438
209 0.00424
210 0.00411
211 0.00399
212 0.00387
213 0.00375
214 0.00363
215 0.00352
216 0.00341
217 0.00331
218 0.00321
219 0.00311
220 0.00302
221 0.00292
222 0.00284
223 0.00275
224 0.00267
225 0.00258
226 0.00251
227 0.00243
228 0.00236
229 0.00229
230 0.00222
231 0.00215
232 0.00209
233 0.00202
234 0.00196
235 0.00190
236 0.00185
237 0.00179
238 0.00174
239 0.00169
240 0.00164
241 0.00159
242 0.00154
243 0.00150
244 0.00145
245 0.00141
246 0.00137
247 0.00133
248 0.00129
249 0.00125
250 0.00121
251 0.00118
252 0.00114
253 0.00111
254 0.00108
255 0.00105
256 0.00102
257 0.00099
258 0.00096
259 0.00093
260 0.00090
261 0.00088
262 0.00085
263 0.00083
264 0.00080
265 0.00078
266 0.00076
267 0.00074
268 0.00072
269 0.00070
270 0.00068
271 0.00066
272 0.00064
273 0.00062
274 0.00060
275 0.00059
276 0.00057
277 0.00055
278 0.00054
279 0.00052
280 0.00051
281 0.00049
282 0.00048
283 0.00047
284 0.00045
285 0.00044
286 0.00043
287 0.00042
288 0.00041
289 0.00040
290 0.00039
291 0.00037
292 0.00036
293 0.00036
294 0.00035
295 0.00034
296 0.00033
297 0.00032
298 0.00031
299 0.00030
300 0.00029
301 0.00029
302 0.00028
303 0.00027
304 0.00026
305 0.00026
306 0.00025
307 0.00024
308 0.00024
309 0.00023
310 0.00023
311 0.00022
312 0.00021
313 0.00021
314 0.00020
315 0.00020
316 0.00019
317 0.00019
318 0.00018
319 0.00018
320 0.00017
321 0.00017
322 0.00017
323 0.00016
324 0.00016
325 0.00015
326 0.00015
327 0.00015
328 0.00014
329 0.00014
330 0.00014
331 0.00013
332 0.00013
333 0.00013
334 0.00012
335 0.00012
336 0.00012
337 0.00012
338 0.00011
339 0.00011
340 0.00011
341 0.00010
342 0.00010
343 0.00010
344 0.00010
345 0.00010
346 0.00009
347 0.00009
348 0.00009
349 0.00009
350 0.00008
351 0.00008
352 0.00008
353 0.00008
354 0.00008
355 0.00008
356 0.00007
357 0.00007
358 0.00007
359 0.00007
360 0.00007
361 0.00007
362 0.00007
363 0.00006
364 0.00006
365 0.00006
366 0.00006
367 0.00006
368 0.00006
369 0.00006
370 0.00005
371 0.00005
372 0.00005
373 0.00005
374 0.00005
375 0.00005
376 0.00005
377 0.00005
378 0.00005
379 0.00005
380 0.00004
381 0.00004
382 0.00004
383 0.00004
384 0.00004
385 0.00004
386 0.00004
387 0.00004
388 0.00004
389 0.00004
390 0.00004
391 0.00004
392 0.00004
393 0.00003
394 0.00003
395 0.00003
396 0.00003
397 0.00003
398 0.00003
399 0.00003
400 0.00003
401 0.00003
402 0.00003
403 0.00003
404 0.00003
405 0.00003
406 0.00003
407 0.00003
408 0.00003
409 0.00003
410 0.00003
411 0.00003
412 0.00002
413 0.00002
414 0.00002
415 0.00002
416 0.00002
417 0.00002
418 0.00002
419 0.00002
420 0.00002
421 0.00002
422 0.00002
423 0.00002
424 0.00002
425 0.00002
426 0.00002
427 0.00002
428 0.00002
429 0.00002
430 0.00002
431 0.00002
432 0.00002
433 0.00002
434 0.00002
435 0.00002
436 0.00002
437 0.00002
438 0.00002
439 0.00002
440 0.00002
441 0.00002
442 0.00002
443 0.00002
444 0.00002
445 0.00002
446 0.00001
447 0.00001
448 0.00001
449 0.00001
450 0.00001
451 0.00001
452 0.00001
453 0.00001
454 0.00001
455 0.00001
456 0.00001
457 0.00001
458 0.00001
459 0.00001
460 0.00001
461 0.00001
462 0.00001
463 0.00001
464 0.00001
465 0.00001
466 0.00001
467 0.00001
468 0.00001
469 0.00001
470 0.00001
471 0.00001
472 0.00001
473 0.00001
474 0.00001
475 0.00001
476 0.00001
477 0.00001
478 0.00001
479 0.00001
480 0.00001
481 0.00001
482 0.00001
483 0.00001
484 0.00001
485 0.00001
486 0.00001
487 0.00001
488 0.00001
489 0.00001
490 0.00001
491 0.00001
492 0.00001
493 0.00001
494 0.00001
495 0.00001
496 0.00001
497 0.00001
498 0.00001
499 0.00001
500 0.00001
501 0.00001
502 0.00001
503 0.00001
504 0.00001
505 0.00001
506 0.00001
507 0.00001
508 0.00001
509 0.00001
510 0.00001
511 0.00001
512 0.00001
513 0.00001
514 0.00001
515 0.00001
516 0.00001
517 0.00001
518 0.00001
519 0.00001
520 0.00001
521 0.00001
522 0.00001
523 0.00001
524 0.00001
525 0.00001
526 0.00001
527 0.00001
528 0.00001
529 0.00001
530 0.00001
531 0.00001
532 0.00001
533 0.00001
534 0.00001
535 0.00001
536 0.00001
537 0.00001
538 0.00001
539 0.00001
540 0.00001
541 0.00001
542 0.00001
543 0.00001
544 0.00001
545 0.00001
546 0.00001
547 0.00001
548 0.00001
549 0.00001
550 0.00001
551 0.00001
552 0.00001
553 0.00001
554 0.00001
555 0.00001
556 0.00001
557 0.00001
558 0.00001
559 0.00001
560 0.00001
561 0.00001
562 0.00001
563 0.00001
564 0.00001
565 0.00001
566 0.00001
567 0.00001
568 0.00001
569 0.00001
570 0.00001
571 0.00001
572 0.00001
573 0.00001
574 0.00001
575 0.00001
576 0.00001
577 0.00001
578 0.00001
579 0.00001
580 0.00001
581 0.00001
582 0.00001
583 0.00001
584 0.00001
585 0.00001
586 0.00001
587 0.00001
588 0.00001
589 0.00001
590 0.00001
591 0.00001
592 0.00001
593 0.00001
594 0.00001
595 0.00001
596 0.00001
597 0.00001
598 0.00001
599 0.00001
600 0.00001
601 0.00001
602 0.00001
603 0.00001
604 0.00001
605 0.00001
606 0.00001
607 0.00001
608 0.00001
609 0.00001
610 0.00001
611 0.00001
612 0.00001
613 0.00001
614 0.00001
615 0.00001
616 0.00001
617 0.00001
618 0.00001
619 0.00001
620 0.00001
621 0.00001
622 0.00001
623 0.00001
624 0.00001
625 0.00001
626 0.00001
627 0.00001
628 0.00001
629 0.00001
630 0.00001
631 0.00001
632 0.00001
633 0.00001
634 0.00001
635 0.00001
636 0.00001
637 0.00001
638 0.00001
639 0.00001
640 0.00001
641 0.00001
642 0.00001
643 0.00001
644 0.00001
645 0.00001
646 0.00001
647 0.00001
648 0.00001
649 0.00001
650 0.00001
651 0.00001
652 0.00001
653 0.00001
654 0.00001
655 0.00001
656 0.00001
657 0.00002
658 0.00002
659 0.00002
660 0.00002
661 0.00002
662 0.00002
663 0.00002
664 0.00002
665 0.00002
666 0.00002
667 0.00002
668 0.00002
669 0.00002
670 0.00002
671 0.00002
672 0.00002
673 0.00002
674 0.00002
675 0.00002
676 0.00002
677 0.00002
678 0.00002
679 0.00002
680 0.00002
681 0.00002
682 0.00002
683 0.00002
684 0.00002
685 0.00002
686 0.00002
687 0.00003
688 0.00003
689 0.00003
690 0.00003
691 0.00003
692 0.00003
693 0.00003
694 0.00003
695 0.00003
696 0.00003
697 0.00003
698 0.00003
699 0.00003
700 0.00003
701 0.00003
702 0.00003
703 0.00004
704 0.00004
705 0.00004
706 0.00004
707 0.00004
708 0.00004
709 0.00004
710 0.00004
711 0.00004
712 0.00004
713 0.00004
714 0.00004
715 0.00005
716 0.00005
717 0.00005
718 0.00005
719 0.00005
720 0.00005
721 0.00005
722 0.00005
723 0.00006
724 0.00006
725 0.00006
726 0.00006
727 0.00006
728 0.00006
729 0.00007
730 0.00007
731 0.00007
732 0.00007
733 0.00007
734 0.00007
735 0.00008
736 0.00008
737 0.00008
738 0.00008
739 0.00009
740 0.00009
741 0.00009
742 0.00009
743 0.00010
744 0.00010
745 0.00010
746 0.00010
747 0.00011
748 0.00011
749 0.00011
750 0.00012
751 0.00012
752 0.00012
753 0.00013
754 0.00013
755 0.00014
756 0.00014
757 0.00014
758 0.00015
759 0.00015
760 0.00016
761 0.00016
762 0.00017
763 0.00017
764 0.00018
765 0.00019
766 0.00019
767 0.00020
768 0.00020
769 0.00021
770 0.00022
771 0.00022
772 0.00023
773 0.00024
774 0.00025
775 0.00026
776 0.00027
777 0.00027
778 0.00028
779 0.00029
780 0.00030
781 0.00032
782 0.00033
783 0.00034
784 0.00035
785 0.00036
786 0.00038
787 0.00039
788 0.00040
789 0.00042
790 0.00043
791 0.00045
792 0.00047
793 0.00048
794 0.00050
795 0.00052
796 0.00054
797 0.00056
798 0.00058
799 0.00060
800 0.00063
801 0.00065
802 0.00068
803 0.00070
804 0.00073
805 0.00076
806 0.00079
807 0.00082
808 0.00085
809 0.00089
810 0.00092
811 0.00096
812 0.00100
813 0.00104
814 0.00108
815 0.00113
816 0.00117
817 0.00122
818 0.00127
819 0.00133
820 0.00138
821 0.00144
822 0.00150
823 0.00156
824 0.00163
825 0.00170
826 0.00177
827 0.00185
828 0.00193
829 0.00202
830 0.00210
831 0.00220
832 0.00229
833 0.00239
834 0.00250
835 0.00261
836 0.00273
837 0.00285
838 0.00298
839 0.00312
840 0.00326
841 0.00341
842 0.00356
843 0.00373
844 0.00390
845 0.00408
846 0.00427
847 0.00447
848 0.00468
849 0.00490
850 0.00514
851 0.00538
852 0.00564
853 0.00591
854 0.00619
855 0.00649
856 0.00681
857 0.00714
858 0.00749
859 0.00785
860 0.00824
861 0.00864
862 0.00907
863 0.00952
864 0.01000
865 0.01050
866 0.01103
867 0.01158
868 0.01217
869 0.01279
870 0.01344
871 0.01413
872 0.01485
873 0.01562
874 0.01643
875 0.01728
876 0.01818
877 0.01913
878 0.02013
879 0.02119
880 0.02231
881 0.02349
882 0.02473
883 0.02605
884 0.02745
885 0.02892
886 0.03047
887 0.03212
888 0.03386
889 0.03570
890 0.03765
891 0.03970
892 0.04188
893 0.04419
894 0.04663
895 0.04921
896 0.05194
897 0.05484
898 0.05790
899 0.06115
900 0.06459
901 0.06823
902 0.07209
903 0.07618
904 0.08052
905 0.08512
906 0.08999
907 0.09515
908 0.10063
909 0.10644
910 0.11261
911 0.11915
912 0.12444
913 0.14131
914 0.15433
915 0.16449
916 0.17059
917 0.17364
918 0.17726
919 0.18162
920 0.18696
921 0.19365
922 0.19229
923 0.19093
924 0.19949
925 0.19812
926 0.19676
927 0.20808
928 0.20670
929 0.20532
930 0.20395
931 0.21961
932 0.21822
933 0.21682
934 0.21543
935 0.21404
936 0.21266
937 0.21127
938 0.23421
939 0.23281
940 0.23140
941 0.23000
942 0.22860
943 0.22720
944 0.22581
945 0.22441
946 0.22301
947 0.22162
948 0.22023
949 0.21883
950 0.25539
951 0.25398
952 0.25258
953 0.25117
954 0.24977
955 0.24837
956 0.24696
957 0.24556
958 0.24416
959 0.24277
960 0.24137
961 0.23997
962 0.23857
963 0.23718
964 0.23578
965 0.23439
966 0.23300
967 0.23160
968 0.23021
969 0.22882
970 0.22743
971 0.22604
972 0.22465
973 0.29127
974 0.28988
975 0.28850
976 0.28711
977 0.28573
978 0.28434
979 0.28296
980 0.28158
981 0.28019
982 0.27881
983 0.27743
984 0.27605
985 0.27467
986 0.27329
987 0.27191
988 0.27053
989 0.26916
990 0.26778
991 0.26640
992 0.26502
993 0.26365
994 0.26227
995 0.26090
996 0.25952
997 0.25815
998 0.25677
999 0.25540
1000 0.25402
1001 0.25265
1002 0.25127
1003 0.24990
1004 0.24853
1005 0.24715
1006 0.24578
1007 0.24440
1008 0.24303
1009 0.24166
1010 0.24029
1011 0.23891
1012 0.23754
1013 0.23617
1014 0.23479
1015 0.23342
1016 0.23205
1017 0.23068
1018 0.22930
1019 0.22793
1020 0.22656
1021 0.22519
1022 0.22382
1023 0.22244
1024 0.22107
1025 0.21970
1026 0.37636
1027 0.37506
1028 0.37377
1029 0.37248
1030 0.37119
1031 0.36990
1032 0.36861
1033 0.36732
1034 0.36604
1035 0.36475
1036 0.36347
1037 0.36219
1038 0.36090
1039 0.35962
1040 0.35834
1041 0.35707
1042 0.35579
1043 0.35451
1044 0.35324
1045 0.35196
1046 0.35069
1047 0.34942
1048 0.34815
1049 0.34688
1050 0.34562
1051 0.34435
1052 0.34308
1053 0.34182
1054 0.34056
1055 0.33930
1056 0.33804
1057 0.33678
1058 0.33552
1059 0.33426
1060 0.33301
1061 0.33176
1062 0.33050
1063 0.32925
1064 0.32800
1065 0.32675
1066 0.32551
1067 0.32426
1068 0.32302
1069 0.32177
1070 0.32053
1071 0.31929
1072 0.31805
1073 0.31681
1074 0.31557
1075 0.31434
1076 0.31310
1077 0.31187
1078 0.31064
1079 0.30941
1080 0.30818
1081 0.30695
1082 0.30573
1083 0.30450
1084 0.30328
1085 0.30205
1086 0.30083
1087 0.29961
1088 0.29839
1089 0.29717
1090 0.29596
1091 0.29474
1092 0.29353
1093 0.29232
1094 0.29110
1095 0.28989
1096 0.28868
1097 0.28748
1098 0.28627
1099 0.28506
1100 0.28386
1101 0.28265
1102 0.28145
1103 0.28025
1104 0.27905
1105 0.27785
1106 0.27665
1107 0.27545
1108 0.27426
1109 0.27306
1110 0.27187
1111 0.27068
1112 0.26948
1113 0.26829
1114 0.26710
1115 0.26591
1116 0.26472
1117 0.26353
1118 0.26235
1119 0.26116
1120 0.25998
1121 0.25879
1122 0.25761
1123 0.25642
1124 0.25524
1125 0.25406
1126 0.25288
1127 0.25170
1128 0.25052
1129 0.24934
1130 0.24816
1131 0.24698
1132 0.24580
1133 0.24462
1134 0.24344
1135 0.24227
1136 0.24109
1137 0.23991
1138 0.23874
1139 0.23756
1140 0.23638
1141 0.23521
1142 0.23403
1143 0.23285
1144 0.23168
1145 0.23050
1146 0.22933
1147 0.22815
1148 0.22697
1149 0.22580
1150 0.22462
1151 0.22344
1152 0.22227
1153 0.22109
1154 0.21991
1155 0.21873
1156 0.21755
1157 0.21637
1158 0.21519
1159 0.21401
1160 0.21283
1161 0.21165
1162 0.21047
1163 0.20928
1164 0.20810
1165 0.20691
1166 0.20573
1167 0.20454
1168 0.20335
1169 0.20216
1170 0.20097
1171 0.19978
1172 0.19859
1173 0.19740
1174 0.19620
1175 0.19501
1176 0.19381
1177 0.19262
1178 0.19142
1179 0.19022
1180 0.18902
1181 0.18781
1182 0.18661
1183 0.18540
1184 0.18420
1185 0.18299
1186 0.18178
1187 0.18057
1188 0.17936
1189 0.17814
1190 0.17693
1191 0.17571
1192 0.17450
1193 0.17328
1194 0.17206
1195 0.17084
1196 0.16961
1197 0.16839
1198 0.16716
1199 0.16594
1200 0.16471
1201 0.16348
1202 0.16225
1203 0.16102
1204 0.15979
1205 0.15855
1206 0.15732
1207 0.15609
1208 0.15485
1209 0.15361
1210 0.15238
1211 0.15114
1212 0.14990
1213 0.14866
1214 0.14742
1215 0.14618
1216 1.00000
