17 0.83061
18 0.81677
19 0.80277
20 0.78864
21 0.77440
22 0.76007
23 0.74569
24 0.73126
25 0.71681
26 0.70236
27 0.68793
28 0.67353
29 0.65918
30 0.64489
31 0.63068
32 0.61655
33 0.60253
34 0.58862
35 0.57484
36 0.56119
37 0.54768
38 0.53432
39 0.52113
40 0.50809
41 0.49523
42 0.48255
43 0.47005
44 0.45774
45 0.44562
46 0.43370
47 0.42198
48 0.41046
49 0.39914
50 0.38803
51 0.37713
52 0.36644
53 0.35596
54 0.34569
55 0.33564
56 0.32579
57 0.31616
58 0.30673
59 0.29752
60 0.28851
61 0.27971
62 0.27112
63 0.26273
64 0.25455
65 0.24656
66 0.23878
67 0.23119
68 0.22379
69 0.21659
70 0.20957
71 0.20274
72 0.19609
73 0.18963
74 0.18334
75 0.17722
76 0.17128
77 0.16550
78 0.15989
79 0.15444
80 0.14915
81 0.14401
82 0.13903
83 0.13419
84 0.12950
85 0.12496
86 0.12055
87 0.11628
88 0.11214
89 0.10813
90 0.10425
91 0.10049
92 0.09686
93 0.09334
94 0.08993
95 0.08663
96 0.08345
97 0.08037
98 0.07739
99 0.07451
100 0.07173
101 0.06904
102 0.06644
103 0.06394
104 0.06152
105 0.05918
106 0.05693
107 0.05475
108 0.05265
109 0.05062
110 0.04867
111 0.04679
112 0.04497
113 0.04322
114 0.04153
115 0.03990
116 0.03834
117 0.03683
118 0.03537
119 0.03397
120 0.03263
121 0.03133
122 0.03008
123 0.02888
124 0.02772
125 0.02661
126 0.02553
127 0.02450
128 0.02351
129 0.02256
130 0.02164
131 0.02076
132 0.01991
133 0.01910
134 0.01832
135 0.01757
136 0.01684
137 0.01615
138 0.01548
139 0.01484
140 0.01423
141 0.01364
142 0.01307
143 0.01253
144 0.01200
145 0.01150
146 0.01102
147 0.01056
148 0.01012
149 0.00969
150 0.00928
151 0.00889
152 0.00852
153 0.00816
154 0.00781
155 0.00748
156 0.00716
157 0.00686
158 0.00657
159 0.00629
160 0.00602
161 0.00576
162 0.00552
163 0.00528
164 0.00505
165 0.00484
166 0.00463
167 0.00443
168 0.00424
169 0.00406
170 0.00388
171 0.00371
172 0.00355
173 0.00340
174 0.00325
175 0.00311
176 0.00298
177 0.00285
178 0.00273
179 0.00261
180 0.00249
181 0.00239
182 0.00228
183 0.00218
184 0.00209
185 0.00200
186 0.00191
187 0.00183
188 0.00175
189 0.00167
190 0.00160
191 0.00153
192 0.00146
193 0.00140
194 0.00134
195 0.00128
196 0.00122
197 0.00117
198 0.00112
199 0.00107
200 0.00102
201 0.00098
202 0.00094
203 0.00089
204 0.00086
205 0.00082
206 0.00078
207 0.00075
208 0.00071
209 0.00068
210 0.00065
211 0.00063
212 0.00060
213 0.00057
214 0.00055
215 0.00052
216 0.00050
217 0.00048
218 0.00046
219 0.00044
220 0.00042
221 0.00040
222 0.00038
223 0.00037
224 0.00035
225 0.00033
226 0.00032
227 0.00031
228 0.00029
229 0.00028
230 0.00027
231 0.00026
232 0.00024
233 0.00023
234 0.00022
235 0.00021
236 0.00021
237 0.00020
238 0.00019
239 0.00018
240 0.00017
241 0.00016
242 0.00016
243 0.00015
244 0.00014
245 0.00014
246 0.00013
247 0.00013
248 0.00012
249 0.00012
250 0.00011
251 0.00011
252 0.00010
253 0.00010
254 0.00009
255 0.00009
256 0.00009
257 0.00008
258 0.00008
259 0.00007
260 0.00007
261 0.00007
262 0.00007
263 0.00006
264 0.00006
265 0.00006
266 0.00006
267 0.00005
268 0.00005
269 0.00005
270 0.00005
271 0.00004
272 0.00004
273 0.00004
274 0.00004
275 0.00004
276 0.00004
277 0.00003
278 0.00003
279 0.00003
280 0.00003
281 0.00003
282 0.00003
283 0.00003
284 0.00003
285 0.00002
286 0.00002
287 0.00002
288 0.00002
289 0.00002
290 0.00002
291 0.00002
292 0.00002
293 0.00002
294 0.00002
295 0.00002
296 0.00002
297 0.00001
298 0.00001
299 0.00001
300 0.00001
301 0.00001
302 0.00001
303 0.00001
304 0.00001
305 0.00001
306 0.00001
307 0.00001
308 0.00001
309 0.00001
310 0.00001
311 0.00001
312 0.00001
313 0.00001
314 0.00001
315 0.00001
316 0.00001
317 0.00001
318 0.00001
319 0.00001
320 0.00001
321 0.00001
322 0.00001
323 0.00001
324 0.00001
325 0.00000
326 0.00000
327 0.00000
328 0.00000
329 0.00000
330 0.00000
331 0.00000
332 0.00000
333 0.00000
334 0.00000
335 0.00000
336 0.00000
337 0.00000
338 0.00000
339 0.00000
340 0.00000
341 0.00000
342 0.00000
343 0.00000
344 0.00000
345 0.00000
346 0.00000
347 0.00000
348 0.00000
349 0.00000
350 0.00000
351 0.00000
352 0.00000
353 0.00000
354 0.00000
355 0.00000
356 0.00000
357 0.00000
358 0.00000
359 0.00000
360 0.00000
361 0.00000
362 0.00000
363 0.00000
364 0.00000
365 0.00000
366 0.00000
367 0.00000
368 0.00000
369 0.00000
370 0.00000
371 0.00000
372 0.00000
373 0.00000
374 0.00000
375 0.00000
376 0.00000
377 0.00000
378 0.00000
379 0.00000
380 0.00000
381 0.00000
382 0.00000
383 0.00000
384 0.00000
385 0.00000
386 0.00000
387 0.00000
388 0.00000
389 0.00000
390 0.00000
391 0.00000
392 0.00000
393 0.00000
394 0.00000
395 0.00000
396 0.00000
397 0.00000
398 0.00000
399 0.00000
400 0.00000
401 0.00000
402 0.00000
403 0.00000
404 0.00000
405 0.00000
406 0.00000
407 0.00000
408 0.00000
409 0.00000
410 0.00000
411 0.00000
412 0.00000
413 0.00000
414 0.00000
415 0.00000
416 0.00000
417 0.00000
418 0.00000
419 0.00000
420 0.00000
421 0.00000
422 0.00000
423 0.00000
424 0.00000
425 0.00000
426 0.00000
427 0.00000
428 0.00000
429 0.00000
430 0.00000
431 0.00000
432 0.00000
433 0.00000
434 0.00000
435 0.00000
436 0.00000
437 0.00000
438 0.00000
439 0.00000
440 0.00000
441 0.00000
442 0.00000
443 0.00000
444 0.00000
445 0.00000
446 0.00000
447 0.00000
448 0.00000
449 0.00000
450 0.00000
451 0.00000
452 0.00000
453 0.00000
454 0.00000
455 0.00000
456 0.00000
457 0.00000
458 0.00000
459 0.00000
460 0.00000
461 0.00000
462 0.00000
463 0.00000
464 0.00000
465 0.00000
466 0.00000
467 0.00000
468 0.00000
469 0.00000
470 0.00000
471 0.00000
472 0.00000
473 0.00000
474 0.00000
475 0.00000
476 0.00000
477 0.00000
478 0.00000
479 0.00000
480 0.00000
481 0.00000
482 0.00000
483 0.00000
484 0.00000
485 0.00000
486 0.00000
487 0.00000
488 0.00000
489 0.00000
490 0.00000
491 0.00000
492 0.00000
493 0.00000
494 0.00000
495 0.00000
496 0.00000
497 0.00000
498 0.00000
499 0.00000
500 0.00000
501 0.00000
502 0.00000
503 0.00000
504 0.00000
505 0.00000
506 0.00000
507 0.00000
508 0.00000
509 0.00000
510 0.00000
511 0.00000
512 0.00000
513 0.00000
514 0.00000
515 0.00000
516 0.00000
517 0.00000
518 0.00000
519 0.00000
520 0.00000
521 0.00000
522 0.00000
523 0.00000
524 0.00000
525 0.00000
526 0.00000
527 0.00000
528 0.00000
529 0.00000
530 0.00000
531 0.00000
532 0.00000
533 0.00000
534 0.00000
535 0.00000
536 0.00000
537 0.00000
538 0.00000
539 0.00000
540 0.00000
541 0.00000
542 0.00000
543 0.00000
544 0.00000
545 0.00000
546 0.00000
547 0.00000
548 0.00000
549 0.00000
550 0.00000
551 0.00000
552 0.00000
553 0.00000
554 0.00000
555 0.00000
556 0.00000
557 0.00000
558 0.00000
559 0.00000
560 0.00000
561 0.00000
562 0.00000
563 0.00000
564 0.00000
565 0.00000
566 0.00000
567 0.00000
568 0.00000
569 0.00000
570 0.00000
571 0.00000
572 0.00000
573 0.00000
574 0.00000
575 0.00000
576 0.00000
577 0.00000
578 0.00000
579 0.00000
580 0.00000
581 0.00000
582 0.00000
583 0.00000
584 0.00000
585 0.00000
586 0.00000
587 0.00000
588 0.00000
589 0.00000
590 0.00000
591 0.00000
592 0.00000
593 0.00000
594 0.00000
595 0.00000
596 0.00000
597 0.00000
598 0.00000
599 0.00000
600 0.00000
601 0.00000
602 0.00000
603 0.00000
604 0.00000
605 0.00000
606 0.00000
607 0.00000
608 0.00000
609 0.00000
610 0.00000
611 0.00000
612 0.00000
613 0.00000
614 0.00000
615 0.00000
616 0.00000
617 0.00000
618 0.00000
619 0.00000
620 0.00000
621 0.00000
622 0.00000
623 0.00000
624 0.00000
625 0.00000
626 0.00000
627 0.00000
628 0.00000
629 0.00000
630 0.00000
631 0.00000
632 0.00000
633 0.00000
634 0.00000
635 0.00000
636 0.00000
637 0.00000
638 0.00000
639 0.00000
640 0.00000
641 0.00000
642 0.00000
643 0.00000
644 0.00000
645 0.00000
646 0.00000
647 0.00000
648 0.00000
649 0.00000
650 0.00000
651 0.00000
652 0.00000
653 0.00000
654 0.00000
655 0.00000
656 0.00000
657 0.00000
658 0.00000
659 0.00000
660 0.00000
661 0.00000
662 0.00000
663 0.00000
664 0.00000
665 0.00000
666 0.00000
667 0.00000
668 0.00000
669 0.00000
670 0.00000
671 0.00000
672 0.00000
673 0.00000
674 0.00000
675 0.00000
676 0.00000
677 0.00000
678 0.00000
679 0.00000
680 0.00000
681 0.00000
682 0.00000
683 0.00000
684 0.00000
685 0.00000
686 0.00000
687 0.00000
688 0.00000
689 0.00000
690 0.00000
691 0.00000
692 0.00000
693 0.00000
694 0.00000
695 0.00000
696 0.00000
697 0.00000
698 0.00000
699 0.00000
700 0.00000
701 0.00000
702 0.00000
703 0.00000
704 0.00000
705 0.00000
706 0.00000
707 0.00000
708 0.00000
709 0.00000
710 0.00000
711 0.00000
712 0.00000
713 0.00000
714 0.00000
715 0.00000
716 0.00000
717 0.00000
718 0.00000
719 0.00000
720 0.00000
721 0.00000
722 0.00000
723 0.00000
724 0.00000
725 0.00000
726 0.00000
727 0.00000
728 0.00000
729 0.00000
730 0.00000
731 0.00000
732 0.00000
733 0.00000
734 0.00000
735 0.00000
736 0.00000
737 0.00000
738 0.00000
739 0.00000
740 0.00000
741 0.00000
742 0.00000
743 0.00000
744 0.00000
745 0.00000
746 0.00000
747 0.00000
748 0.00000
749 0.00000
750 0.00000
751 0.00000
752 0.00000
753 0.00000
754 0.00000
755 0.00000
756 0.00000
757 0.00000
758 0.00000
759 0.00000
760 0.00000
761 0.00000
762 0.00000
763 0.00000
764 0.00000
765 0.00000
766 0.00000
767 0.00000
768 0.00000
769 0.00000
770 0.00000
771 0.00000
772 0.00000
773 0.00000
774 0.00000
775 0.00000
776 0.00000
777 0.00000
778 0.00001
779 0.00001
780 0.00001
781 0.00001
782 0.00001
783 0.00001
784 0.00001
785 0.00001
786 0.00001
787 0.00001
788 0.00001
789 0.00001
790 0.00001
791 0.00001
792 0.00001
793 0.00001
794 0.00001
795 0.00001
796 0.00001
797 0.00002
798 0.00002
799 0.00002
800 0.00002
801 0.00002
802 0.00002
803 0.00002
804 0.00002
805 0.00003
806 0.00003
807 0.00003
808 0.00003
809 0.00003
810 0.00003
811 0.00004
812 0.00004
813 0.00004
814 0.00005
815 0.00005
816 0.00005
817 0.00006
818 0.00006
819 0.00006
820 0.00007
821 0.00007
822 0.00008
823 0.00008
824 0.00009
825 0.00010
826 0.00010
827 0.00011
828 0.00012
829 0.00013
830 0.00014
831 0.00015
832 0.00016
833 0.00017
834 0.00018
835 0.00019
836 0.00021
837 0.00023
838 0.00024
839 0.00026
840 0.00028
841 0.00030
842 0.00033
843 0.00035
844 0.00038
845 0.00041
846 0.00044
847 0.00048
848 0.00052
849 0.00056
850 0.00060
851 0.00065
852 0.00070
853 0.00076
854 0.00083
855 0.00089
856 0.00097
857 0.00105
858 0.00113
859 0.00123
860 0.00133
861 0.00145
862 0.00157
863 0.00170
864 0.00185
865 0.00201
866 0.00218
867 0.00237
868 0.00257
869 0.00280
870 0.00304
871 0.00331
872 0.00360
873 0.00392
874 0.00427
875 0.00465
876 0.00507
877 0.00553
878 0.00603
879 0.00657
880 0.00717
881 0.00783
882 0.00855
883 0.00933
884 0.01020
885 0.01114
886 0.01218
887 0.01332
888 0.01457
889 0.01594
890 0.01745
891 0.01910
892 0.02092
893 0.02292
894 0.02512
895 0.02754
896 0.03019
897 0.03312
898 0.03634
899 0.03989
900 0.04379
901 0.04809
902 0.05284
903 0.05806
904 0.06383
905 0.07018
906 0.07720
907 0.08494
908 0.09349
909 0.10293
910 0.11335
911 0.12487
912 0.13469
913 0.13874
914 0.14353
915 0.14838
916 0.15161
917 0.15312
918 0.15517
919 0.15792
920 0.16160
921 0.16658
922 0.16516
923 0.16375
924 0.17055
925 0.16913
926 0.16771
927 0.17722
928 0.17579
929 0.17436
930 0.17294
931 0.18673
932 0.18529
933 0.18385
934 0.18242
935 0.18098
936 0.17955
937 0.17812
938 0.19916
939 0.19772
940 0.19627
941 0.19483
942 0.19338
943 0.19194
944 0.19050
945 0.18906
946 0.18762
947 0.18619
948 0.18475
949 0.18332
950 0.21807
951 0.21662
952 0.21517
953 0.21372
954 0.21228
955 0.21083
956 0.20939
957 0.20794
958 0.20650
959 0.20506
960 0.20361
961 0.20217
962 0.20073
963 0.19929
964 0.19785
965 0.19641
966 0.19498
967 0.19354
968 0.19210
969 0.19067
970 0.18924
971 0.18780
972 0.18637
973 0.25175
974 0.25032
975 0.24889
976 0.24746
977 0.24603
978 0.24460
979 0.24317
980 0.24174
981 0.24031
982 0.23888
983 0.23745
984 0.23602
985 0.23459
986 0.23316
987 0.23173
988 0.23030
989 0.22886
990 0.22743
991 0.22600
992 0.22457
993 0.22314
994 0.22171
995 0.22028
996 0.21885
997 0.21742
998 0.21599
999 0.21456
1000 0.21313
1001 0.21171
1002 0.21028
1003 0.20885
1004 0.20742
1005 0.20600
1006 0.20457
1007 0.20315
1008 0.20172
1009 0.20030
1010 0.19888
1011 0.19745
1012 0.19603
1013 0.19462
1014 0.19320
1015 0.19178
1016 0.19037
1017 0.18895
1018 0.18754
1019 0.18613
1020 0.18472
1021 0.18331
1022 0.18191
1023 0.18050
1024 0.17910
1025 0.17770
1026 0.33617
1027 0.33488
1028 0.33358
1029 0.33228
1030 0.33099
1031 0.32970
1032 0.32841
1033 0.32712
1034 0.32583
1035 0.32454
1036 0.32326
1037 0.32197
1038 0.32069
1039 0.31941
1040 0.31813
1041 0.31685
1042 0.31557
1043 0.31429
1044 0.31302
1045 0.31174
1046 0.31047
1047 0.30920
1048 0.30793
1049 0.30666
1050 0.30540
1051 0.30413
1052 0.30286
1053 0.30160
1054 0.30034
1055 0.29908
1056 0.29782
1057 0.29656
1058 0.29530
1059 0.29405
1060 0.29279
1061 0.29154
1062 0.29029
1063 0.28904
1064 0.28779
1065 0.28654
1066 0.28529
1067 0.28405
1068 0.28280
1069 0.28156
1070 0.28032
1071 0.27907
1072 0.27783
1073 0.27659
1074 0.27536
1075 0.27412
1076 0.27288
1077 0.27165
1078 0.27041
1079 0.26918
1080 0.26794
1081 0.26671
1082 0.26548
1083 0.26425
1084 0.26302
1085 0.26179
1086 0.26056
1087 0.25934
1088 0.25811
1089 0.25688
1090 0.25566
1091 0.25443
1092 0.25321
1093 0.25199
1094 0.25076
1095 0.24954
1096 0.24832
1097 0.24709
1098 0.24587
1099 0.24465
1100 0.24343
1101 0.24221
1102 0.24099
1103 0.23977
1104 0.23855
1105 0.23733
1106 0.23611
1107 0.23489
1108 0.23366
1109 0.23244
1110 0.23122
1111 0.23000
1112 0.22878
1113 0.22756
1114 0.22634
1115 0.22512
1116 0.22389
1117 0.22267
1118 0.22145
1119 0.22022
1120 0.21900
1121 0.21777
1122 0.21655
1123 0.21532
1124 0.21409
1125 0.21286
1126 0.21163
1127 0.21040
1128 0.20917
1129 0.20794
1130 0.20671
1131 0.20547
1132 0.20424
1133 0.20300
1134 0.20176
1135 0.20052
1136 0.19928
1137 0.19804
1138 0.19680
1139 0.19556
1140 0.19431
1141 0.19306
1142 0.19182
1143 0.19057
1144 0.18932
1145 0.18806
1146 0.18681
1147 0.18555
1148 0.18430
1149 0.18304
1150 0.18178
1151 0.18052
1152 0.17925
1153 0.17799
1154 0.17672
1155 0.17545
1156 0.17418
1157 0.17291
1158 0.17164
1159 0.17037
1160 0.16909
1161 0.16782
1162 0.16654
1163 0.16526
1164 0.16398
1165 0.16270
1166 0.16141
1167 0.16013
1168 0.15884
1169 0.15756
1170 0.15627
1171 0.15498
1172 0.15369
1173 0.15240
1174 0.15111
1175 0.14982
1176 0.14853
1177 0.14724
1178 0.14594
1179 0.14465
1180 0.14336
1181 0.14207
1182 0.14077
1183 0.13948
1184 0.13819
1185 0.13690
1186 0.13561
1187 0.13432
1188 0.13303
1189 0.13174
1190 0.13045
1191 0.12916
1192 0.12788
1193 0.12659
1194 0.12531
1195 0.12403
1196 0.12275
1197 0.12147
1198 0.12020
1199 0.11893
1200 0.11766
1201 0.11639
1202 0.11513
1203 0.11387
1204 0.11261
1205 0.11135
1206 0.11010
1207 0.10885
1208 0.10761
1209 0.10637
1210 0.10513
1211 0.10390
1212 0.10267
1213 0.10145
1214 0.10023
1215 0.09902
1216 1.00000
