17 0.90375
18 0.89548
19 0.88704
20 0.87845
21 0.86972
22 0.86086
23 0.85188
24 0.84280
25 0.83362
26 0.82435
27 0.81500
28 0.80558
29 0.79610
30 0.78656
31 0.77698
32 0.76736
33 0.75770
34 0.74802
35 0.73833
36 0.72862
37 0.71890
38 0.70918
39 0.69947
40 0.68977
41 0.68008
42 0.67042
43 0.66078
44 0.65117
45 0.64159
46 0.63206
47 0.62256
48 0.61311
49 0.60371
50 0.59436
51 0.58507
52 0.57584
53 0.56667
54 0.55757
55 0.54853
56 0.53956
57 0.53067
58 0.52185
59 0.51311
60 0.50444
61 0.49586
62 0.48736
63 0.47894
64 0.47061
65 0.46236
66 0.45421
67 0.44614
68 0.43816
69 0.43027
70 0.42248
71 0.41478
72 0.40717
73 0.39965
74 0.39223
75 0.38491
76 0.37768
77 0.37054
78 0.36350
79 0.35656
80 0.34971
81 0.34296
82 0.33631
83 0.32975
84 0.32329
85 0.31692
86 0.31065
87 0.30447
88 0.29839
89 0.29240
90 0.28650
91 0.28070
92 0.27499
93 0.26937
94 0.26385
95 0.25841
96 0.25307
97 0.24781
98 0.24265
99 0.23757
100 0.23258
101 0.22767
102 0.22285
103 0.21812
104 0.21347
105 0.20890
106 0.20442
107 0.20001
108 0.19569
109 0.19145
110 0.18728
111 0.18319
112 0.17918
113 0.17525
114 0.17139
115 0.16760
116 0.16389
117 0.16024
118 0.15667
119 0.15317
120 0.14974
121 0.14637
122 0.14308
123 0.13984
124 0.13668
125 0.13357
126 0.13053
127 0.12755
128 0.12464
129 0.12178
130 0.11898
131 0.11624
132 0.11356
133 0.11093
134 0.10836
135 0.10584
136 0.10338
137 0.10097
138 0.09861
139 0.09630
140 0.09404
141 0.09182
142 0.08966
143 0.08755
144 0.08548
145 0.08345
146 0.08147
147 0.07954
148 0.07764
149 0.07579
150 0.07398
151 0.07221
152 0.07048
153 0.06879
154 0.06714
155 0.06552
156 0.06394
157 0.06240
158 0.06089
159 0.05942
160 0.05798
161 0.05657
162 0.05520
163 0.05386
164 0.05254
165 0.05126
166 0.05001
167 0.04879
168 0.04760
169 0.04643
170 0.04529
171 0.04418
172 0.04310
173 0.04204
174 0.04100
175 0.04000
176 0.03901
177 0.03805
178 0.03711
179 0.03619
180 0.03530
181 0.03442
182 0.03357
183 0.03274
184 0.03193
185 0.03114
186 0.03036
187 0.02961
188 0.02887
189 0.02816
190 0.02745
191 0.02677
192 0.02611
193 0.02545
194 0.02482
195 0.02420
196 0.02360
197 0.02301
198 0.02243
199 0.02187
200 0.02133
201 0.02080
202 0.02028
203 0.01977
204 0.01928
205 0.01879
206 0.01832
207 0.01786
208 0.01742
209 0.01698
210 0.01656
211 0.01614
212 0.01574
213 0.01535
214 0.01496
215 0.01459
216 0.01422
217 0.01387
218 0.01352
219 0.01318
220 0.01285
221 0.01253
222 0.01222
223 0.01191
224 0.01161
225 0.01132
226 0.01104
227 0.01077
228 0.01050
229 0.01024
230 0.00998
231 0.00973
232 0.00949
233 0.00925
234 0.00902
235 0.00880
236 0.00858
237 0.00837
238 0.00816
239 0.00795
240 0.00776
241 0.00756
242 0.00738
243 0.00719
244 0.00702
245 0.00684
246 0.00667
247 0.00651
248 0.00635
249 0.00619
250 0.00604
251 0.00589
252 0.00574
253 0.00560
254 0.00547
255 0.00533
256 0.00520
257 0.00507
258 0.00495
259 0.00483
260 0.00471
261 0.00459
262 0.00448
263 0.00437
264 0.00427
265 0.00416
266 0.00406
267 0.00396
268 0.00387
269 0.00377
270 0.00368
271 0.00359
272 0.00351
273 0.00342
274 0.00334
275 0.00326
276 0.00318
277 0.00310
278 0.00303
279 0.00296
280 0.00289
281 0.00282
282 0.00275
283 0.00268
284 0.00262
285 0.00256
286 0.00250
287 0.00244
288 0.00238
289 0.00232
290 0.00227
291 0.00222
292 0.00216
293 0.00211
294 0.00206
295 0.00202
296 0.00197
297 0.00192
298 0.00188
299 0.00183
300 0.00179
301 0.00175
302 0.00171
303 0.00167
304 0.00163
305 0.00159
306 0.00156
307 0.00152
308 0.00149
309 0.00145
310 0.00142
311 0.00139
312 0.00136
313 0.00133
314 0.00130
315 0.00127
316 0.00124
317 0.00121
318 0.00118
319 0.00116
320 0.00113
321 0.00111
322 0.00108
323 0.00106
324 0.00103
325 0.00101
326 0.00099
327 0.00097
328 0.00095
329 0.00093
330 0.00091
331 0.00089
332 0.00087
333 0.00085
334 0.00083
335 0.00081
336 0.00079
337 0.00078
338 0.00076
339 0.00074
340 0.00073
341 0.00071
342 0.00070
343 0.00068
344 0.00067
345 0.00065
346 0.00064
347 0.00063
348 0.00061
349 0.00060
350 0.00059
351 0.00058
352 0.00057
353 0.00055
354 0.00054
355 0.00053
356 0.00052
357 0.00051
358 0.00050
359 0.00049
360 0.00048
361 0.00047
362 0.00046
363 0.00045
364 0.00044
365 0.00043
366 0.00043
367 0.00042
368 0.00041
369 0.00040
370 0.00039
371 0.00039
372 0.00038
373 0.00037
374 0.00036
375 0.00036
376 0.00035
377 0.00034
378 0.00034
379 0.00033
380 0.00032
381 0.00032
382 0.00031
383 0.00031
384 0.00030
385 0.00030
386 0.00029
387 0.00029
388 0.00028
389 0.00027
390 0.00027
391 0.00027
392 0.00026
393 0.00026
394 0.00025
395 0.00025
396 0.00024
397 0.00024
398 0.00023
399 0.00023
400 0.00023
401 0.00022
402 0.00022
403 0.00021
404 0.00021
405 0.00021
406 0.00020
407 0.00020
408 0.00020
409 0.00019
410 0.00019
411 0.00019
412 0.00018
413 0.00018
414 0.00018
415 0.00018
416 0.00017
417 0.00017
418 0.00017
419 0.00016
420 0.00016
421 0.00016
422 0.00016
423 0.00015
424 0.00015
425 0.00015
426 0.00015
427 0.00015
428 0.00014
429 0.00014
430 0.00014
431 0.00014
432 0.00014
433 0.00013
434 0.00013
435 0.00013
436 0.00013
437 0.00013
438 0.00012
439 0.00012
440 0.00012
441 0.00012
442 0.00012
443 0.00012
444 0.00011
445 0.00011
446 0.00011
447 0.00011
448 0.00011
449 0.00011
450 0.00011
451 0.00010
452 0.00010
453 0.00010
454 0.00010
455 0.00010
456 0.00010
457 0.00010
458 0.00009
459 0.00009
460 0.00009
461 0.00009
462 0.00009
463 0.00009
464 0.00009
465 0.00009
466 0.00009
467 0.00009
468 0.00008
469 0.00008
470 0.00008
471 0.00008
472 0.00008
473 0.00008
474 0.00008
475 0.00008
476 0.00008
477 0.00008
478 0.00008
479 0.00007
480 0.00007
481 0.00007
482 0.00007
483 0.00007
484 0.00007
485 0.00007
486 0.00007
487 0.00007
488 0.00007
489 0.00007
490 0.00007
491 0.00007
492 0.00007
493 0.00007
494 0.00006
495 0.00006
496 0.00006
497 0.00006
498 0.00006
499 0.00006
500 0.00006
501 0.00006
502 0.00006
503 0.00006
504 0.00006
505 0.00006
506 0.00006
507 0.00006
508 0.00006
509 0.00006
510 0.00006
511 0.00006
512 0.00006
513 0.00006
514 0.00006
515 0.00006
516 0.00005
517 0.00005
518 0.00005
519 0.00005
520 0.00005
521 0.00005
522 0.00005
523 0.00005
524 0.00005
525 0.00005
526 0.00005
527 0.00005
528 0.00005
529 0.00005
530 0.00005
531 0.00005
532 0.00005
533 0.00005
534 0.00005
535 0.00005
536 0.00005
537 0.00005
538 0.00005
539 0.00005
540 0.00005
541 0.00005
542 0.00005
543 0.00005
544 0.00005
545 0.00005
546 0.00005
547 0.00005
548 0.00005
549 0.00005
550 0.00005
551 0.00005
552 0.00005
553 0.00005
554 0.00005
555 0.00005
556 0.00005
557 0.00005
558 0.00005
559 0.00005
560 0.00005
561 0.00005
562 0.00005
563 0.00005
564 0.00005
565 0.00005
566 0.00005
567 0.00005
568 0.00005
569 0.00005
570 0.00005
571 0.00005
572 0.00005
573 0.00005
574 0.00005
575 0.00005
576 0.00005
577 0.00005
578 0.00005
579 0.00005
580 0.00005
581 0.00005
582 0.00005
583 0.00005
584 0.00005
585 0.00005
586 0.00005
587 0.00005
588 0.00005
589 0.00005
590 0.00005
591 0.00005
592 0.00005
593 0.00005
594 0.00005
595 0.00005
596 0.00005
597 0.00005
598 0.00005
599 0.00005
600 0.00005
601 0.00005
602 0.00005
603 0.00005
604 0.00005
605 0.00005
606 0.00005
607 0.00005
608 0.00005
609 0.00005
610 0.00005
611 0.00005
612 0.00005
613 0.00005
614 0.00005
615 0.00005
616 0.00005
617 0.00005
618 0.00005
619 0.00005
620 0.00005
621 0.00005
622 0.00005
623 0.00005
624 0.00006
625 0.00006
626 0.00006
627 0.00006
628 0.00006
629 0.00006
630 0.00006
631 0.00006
632 0.00006
633 0.00006
634 0.00006
635 0.00006
636 0.00006
637 0.00006
638 0.00006
639 0.00006
640 0.00006
641 0.00006
642 0.00006
643 0.00007
644 0.00007
645 0.00007
646 0.00007
647 0.00007
648 0.00007
649 0.00007
650 0.00007
651 0.00007
652 0.00007
653 0.00007
654 0.00007
655 0.00007
656 0.00007
657 0.00008
658 0.00008
659 0.00008
660 0.00008
661 0.00008
662 0.00008
663 0.00008
664 0.00008
665 0.00008
666 0.00008
667 0.00009
668 0.00009
669 0.00009
670 0.00009
671 0.00009
672 0.00009
673 0.00009
674 0.00009
675 0.00010
676 0.00010
677 0.00010
678 0.00010
679 0.00010
680 0.00010
681 0.00011
682 0.00011
683 0.00011
684 0.00011
685 0.00011
686 0.00011
687 0.00012
688 0.00012
689 0.00012
690 0.00012
691 0.00012
692 0.00013
693 0.00013
694 0.00013
695 0.00013
696 0.00014
697 0.00014
698 0.00014
699 0.00014
700 0.00015
701 0.00015
702 0.00015
703 0.00015
704 0.00016
705 0.00016
706 0.00016
707 0.00017
708 0.00017
709 0.00017
710 0.00018
711 0.00018
712 0.00018
713 0.00019
714 0.00019
715 0.00020
716 0.00020
717 0.00021
718 0.00021
719 0.00021
720 0.00022
721 0.00022
722 0.00023
723 0.00023
724 0.00024
725 0.00024
726 0.00025
727 0.00026
728 0.00026
729 0.00027
730 0.00027
731 0.00028
732 0.00029
733 0.00030
734 0.00030
735 0.00031
736 0.00032
737 0.00033
738 0.00033
739 0.00034
740 0.00035
741 0.00036
742 0.00037
743 0.00038
744 0.00039
745 0.00040
746 0.00041
747 0.00042
748 0.00043
749 0.00044
750 0.00046
751 0.00047
752 0.00048
753 0.00049
754 0.00051
755 0.00052
756 0.00054
757 0.00055
758 0.00057
759 0.00058
760 0.00060
761 0.00062
762 0.00064
763 0.00066
764 0.00068
765 0.00070
766 0.00072
767 0.00074
768 0.00076
769 0.00078
770 0.00081
771 0.00083
772 0.00086
773 0.00089
774 0.00091
775 0.00094
776 0.00097
777 0.00100
778 0.00104
779 0.00107
780 0.00111
781 0.00114
782 0.00118
783 0.00122
784 0.00126
785 0.00130
786 0.00135
787 0.00139
788 0.00144
789 0.00149
790 0.00154
791 0.00159
792 0.00165
793 0.00171
794 0.00177
795 0.00183
796 0.00189
797 0.00196
798 0.00203
799 0.00211
800 0.00218
801 0.00226
802 0.00235
803 0.00243
804 0.00252
805 0.00262
806 0.00272
807 0.00282
808 0.00293
809 0.00304
810 0.00316
811 0.00328
812 0.00340
813 0.00354
814 0.00368
815 0.00382
816 0.00397
817 0.00413
818 0.00429
819 0.00447
820 0.00465
821 0.00484
822 0.00503
823 0.00524
824 0.00545
825 0.00568
826 0.00591
827 0.00616
828 0.00642
829 0.00669
830 0.00697
831 0.00727
832 0.00758
833 0.00791
834 0.00825
835 0.00860
836 0.00898
837 0.00937
838 0.00978
839 0.01022
840 0.01067
841 0.01114
842 0.01164
843 0.01217
844 0.01272
845 0.01329
846 0.01390
847 0.01454
848 0.01520
849 0.01591
850 0.01664
851 0.01742
852 0.01824
853 0.01909
854 0.01999
855 0.02094
856 0.02194
857 0.02299
858 0.02410
859 0.02526
860 0.02648
861 0.02777
862 0.02913
863 0.03056
864 0.03207
865 0.03366
866 0.03533
867 0.03710
868 0.03896
869 0.04092
870 0.04299
871 0.04518
872 0.04748
873 0.04991
874 0.05248
875 0.05519
876 0.05805
877 0.06108
878 0.06427
879 0.06765
880 0.07122
881 0.07499
882 0.07897
883 0.08319
884 0.08765
885 0.09236
886 0.09735
887 0.10263
888 0.10823
889 0.11414
890 0.12041
891 0.12705
892 0.13408
893 0.14153
894 0.14942
895 0.15779
896 0.16666
897 0.17607
898 0.18604
899 0.19663
900 0.20786
901 0.21977
902 0.23242
903 0.24585
904 0.26010
905 0.27525
906 0.29133
907 0.30842
908 0.32659
909 0.34589
910 0.36642
911 0.38824
912 0.40640
913 0.41148
914 0.41733
915 0.42314
916 0.42698
917 0.42884
918 0.43129
919 0.43449
920 0.43868
921 0.44422
922 0.44281
923 0.44140
924 0.44881
925 0.44741
926 0.44601
927 0.45615
928 0.45476
929 0.45337
930 0.45198
931 0.46631
932 0.46493
933 0.46355
934 0.46218
935 0.46080
936 0.45942
937 0.45805
938 0.47928
939 0.47793
940 0.47657
941 0.47522
942 0.47386
943 0.47251
944 0.47115
945 0.46980
946 0.46845
947 0.46709
948 0.46574
949 0.46438
950 0.49821
951 0.49689
952 0.49558
953 0.49426
954 0.49294
955 0.49162
956 0.49030
957 0.48899
958 0.48767
959 0.48635
960 0.48503
961 0.48371
962 0.48240
963 0.48108
964 0.47976
965 0.47844
966 0.47712
967 0.47581
968 0.47449
969 0.47317
970 0.47185
971 0.47053
972 0.46922
973 0.52988
974 0.52864
975 0.52739
976 0.52614
977 0.52489
978 0.52364
979 0.52239
980 0.52115
981 0.51990
982 0.51865
983 0.51740
984 0.51614
985 0.51489
986 0.51364
987 0.51239
988 0.51114
989 0.50989
990 0.50863
991 0.50738
992 0.50613
993 0.50488
994 0.50362
995 0.50237
996 0.50112
997 0.49986
998 0.49861
999 0.49736
1000 0.49610
1001 0.49485
1002 0.49359
1003 0.49234
1004 0.49109
1005 0.48983
1006 0.48858
1007 0.48732
1008 0.48607
1009 0.48481
1010 0.48356
1011 0.48230
1012 0.48105
1013 0.47979
1014 0.47854
1015 0.47729
1016 0.47603
1017 0.47478
1018 0.47352
1019 0.47227
1020 0.47101
1021 0.46976
1022 0.46851
1023 0.46725
1024 0.46600
1025 0.46475
1026 0.60142
1027 0.60035
1028 0.59927
1029 0.59820
1030 0.59712
1031 0.59604
1032 0.59496
1033 0.59388
1034 0.59280
1035 0.59172
1036 0.59064
1037 0.58956
1038 0.58847
1039 0.58739
1040 0.58630
1041 0.58522
1042 0.58413
1043 0.58305
1044 0.58196
1045 0.58087
1046 0.57978
1047 0.57869
1048 0.57760
1049 0.57651
1050 0.57542
1051 0.57433
1052 0.57323
1053 0.57214
1054 0.57105
1055 0.56995
1056 0.56886
1057 0.56776
1058 0.56666
1059 0.56557
1060 0.56447
1061 0.56337
1062 0.56227
1063 0.56117
1064 0.56007
1065 0.55897
1066 0.55787
1067 0.55677
1068 0.55567
1069 0.55457
1070 0.55346
1071 0.55236
1072 0.55126
1073 0.55015
1074 0.54905
1075 0.54794
1076 0.54684
1077 0.54573
1078 0.54462
1079 0.54352
1080 0.54241
1081 0.54130
1082 0.54019
1083 0.53909
1084 0.53798
1085 0.53687
1086 0.53576
1087 0.53465
1088 0.53354
1089 0.53243
1090 0.53131
1091 0.53020
1092 0.52909
1093 0.52798
1094 0.52687
1095 0.52575
1096 0.52464
1097 0.52353
1098 0.52241
1099 0.52130
1100 0.52019
1101 0.51907
1102 0.51796
1103 0.51684
1104 0.51573
1105 0.51461
1106 0.51350
1107 0.51238
1108 0.51126
1109 0.51015
1110 0.50903
1111 0.50792
1112 0.50680
1113 0.50568
1114 0.50456
1115 0.50345
1116 0.50233
1117 0.50121
1118 0.50010
1119 0.49898
1120 0.49786
1121 0.49674
1122 0.49562
1123 0.49451
1124 0.49339
1125 0.49227
1126 0.49115
1127 0.49003
1128 0.48892
1129 0.48780
1130 0.48668
1131 0.48556
1132 0.48444
1133 0.48332
1134 0.48221
1135 0.48109
1136 0.47997
1137 0.47885
1138 0.47773
1139 0.47661
1140 0.47550
1141 0.47438
1142 0.47326
1143 0.47214
1144 0.47102
1145 0.46991
1146 0.46879
1147 0.46767
1148 0.46655
1149 0.46544
1150 0.46432
1151 0.46320
1152 0.46209
1153 0.46097
1154 0.45985
1155 0.45874
1156 0.45762
1157 0.45651
1158 0.45539
1159 0.45427
1160 0.45316
1161 0.45204
1162 0.45093
1163 0.44981
1164 0.44870
1165 0.44759
1166 0.44647
1167 0.44536
1168 0.44425
1169 0.44313
1170 0.44202
1171 0.44091
1172 0.43980
1173 0.43868
1174 0.43757
1175 0.43646
1176 0.43535
1177 0.43424
1178 0.43313
1179 0.43202
1180 0.43091
1181 0.42980
1182 0.42869
1183 0.42759
1184 0.42648
1185 0.42537
1186 0.42426
1187 0.42316
1188 0.42205
1189 0.42095
1190 0.41984
1191 0.41874
1192 0.41763
1193 0.41653
1194 0.41542
1195 0.41432
1196 0.41322
1197 0.41212
1198 0.41102
1199 0.40991
1200 0.40881
1201 0.40771
1202 0.40662
1203 0.40552
1204 0.40442
1205 0.40332
1206 0.40222
1207 0.40113
1208 0.40003
1209 0.39894
1210 0.39784
1211 0.39675
1212 0.39565
1213 0.39456
1214 0.39347
1215 0.39238
1216 1.00000
