17 0.97982
18 0.97798
19 0.97609
20 0.97415
21 0.97215
22 0.97011
23 0.96802
24 0.96588
25 0.96370
26 0.96148
27 0.95922
28 0.95691
29 0.95457
30 0.95218
31 0.94976
32 0.94730
33 0.94481
34 0.94228
35 0.93972
36 0.93713
37 0.93450
38 0.93185
39 0.92916
40 0.92645
41 0.92370
42 0.92093
43 0.91814
44 0.91531
45 0.91246
46 0.90959
47 0.90669
48 0.90377
49 0.90082
50 0.89786
51 0.89487
52 0.89187
53 0.88884
54 0.88579
55 0.88273
56 0.87964
57 0.87654
58 0.87343
59 0.87029
60 0.86714
61 0.86398
62 0.86080
63 0.85760
64 0.85440
65 0.85118
66 0.84794
67 0.84470
68 0.84144
69 0.83817
70 0.83490
71 0.83161
72 0.82831
73 0.82500
74 0.82169
75 0.81836
76 0.81503
77 0.81169
78 0.80835
79 0.80499
80 0.80164
81 0.79827
82 0.79490
83 0.79153
84 0.78815
85 0.78476
86 0.78137
87 0.77798
88 0.77459
89 0.77119
90 0.76779
91 0.76439
92 0.76099
93 0.75758
94 0.75418
95 0.75077
96 0.74737
97 0.74396
98 0.74055
99 0.73715
100 0.73374
101 0.73034
102 0.72694
103 0.72354
104 0.72014
105 0.71674
106 0.71335
107 0.70996
108 0.70657
109 0.70318
110 0.69980
111 0.69642
112 0.69305
113 0.68968
114 0.68632
115 0.68295
116 0.67960
117 0.67625
118 0.67290
119 0.66957
120 0.66623
121 0.66291
122 0.65958
123 0.65627
124 0.65296
125 0.64966
126 0.64637
127 0.64308
128 0.63980
129 0.63653
130 0.63326
131 0.63000
132 0.62676
133 0.62351
134 0.62028
135 0.61706
136 0.61384
137 0.61064
138 0.60744
139 0.60425
140 0.60107
141 0.59790
142 0.59474
143 0.59159
144 0.58844
145 0.58531
146 0.58219
147 0.57908
148 0.57598
149 0.57288
150 0.56980
151 0.56673
152 0.56367
153 0.56062
154 0.55758
155 0.55455
156 0.55154
157 0.54853
158 0.54554
159 0.54255
160 0.53958
161 0.53662
162 0.53367
163 0.53073
164 0.52780
165 0.52488
166 0.52198
167 0.51909
168 0.51621
169 0.51334
170 0.51048
171 0.50764
172 0.50480
173 0.50198
174 0.49917
175 0.49638
176 0.49359
177 0.49082
178 0.48806
179 0.48531
180 0.48258
181 0.47986
182 0.47714
183 0.47445
184 0.47176
185 0.46909
186 0.46643
187 0.46378
188 0.46114
189 0.45852
190 0.45591
191 0.45331
192 0.45072
193 0.44815
194 0.44559
195 0.44304
196 0.44051
197 0.43799
198 0.43548
199 0.43298
200 0.43050
201 0.42802
202 0.42557
203 0.42312
204 0.42069
205 0.41827
206 0.41586
207 0.41346
208 0.41108
209 0.40871
210 0.40635
211 0.40401
212 0.40167
213 0.39935
214 0.39705
215 0.39475
216 0.39247
217 0.39020
218 0.38794
219 0.38570
220 0.38347
221 0.38125
222 0.37904
223 0.37685
224 0.37466
225 0.37250
226 0.37034
227 0.36819
228 0.36606
229 0.36394
230 0.36183
231 0.35974
232 0.35765
233 0.35558
234 0.35352
235 0.35147
236 0.34944
237 0.34741
238 0.34540
239 0.34340
240 0.34142
241 0.33944
242 0.33748
243 0.33553
244 0.33359
245 0.33166
246 0.32974
247 0.32784
248 0.32594
249 0.32406
250 0.32219
251 0.32034
252 0.31849
253 0.31665
254 0.31483
255 0.31302
256 0.31122
257 0.30943
258 0.30765
259 0.30588
260 0.30412
261 0.30238
262 0.30065
263 0.29892
264 0.29721
265 0.29551
266 0.29382
267 0.29214
268 0.29047
269 0.28882
270 0.28717
271 0.28553
272 0.28391
273 0.28229
274 0.28069
275 0.27910
276 0.27751
277 0.27594
278 0.27438
279 0.27282
280 0.27128
281 0.26975
282 0.26823
283 0.26672
284 0.26522
285 0.26373
286 0.26225
287 0.26077
288 0.25931
289 0.25786
290 0.25642
291 0.25499
292 0.25357
293 0.25215
294 0.25075
295 0.24936
296 0.24798
297 0.24660
298 0.24524
299 0.24388
300 0.24254
301 0.24120
302 0.23987
303 0.23855
304 0.23724
305 0.23594
306 0.23465
307 0.23337
308 0.23210
309 0.23083
310 0.22958
311 0.22833
312 0.22709
313 0.22587
314 0.22465
315 0.22343
316 0.22223
317 0.22104
318 0.21985
319 0.21867
320 0.21750
321 0.21634
322 0.21519
323 0.21405
324 0.21291
325 0.21178
326 0.21066
327 0.20955
328 0.20845
329 0.20735
330 0.20627
331 0.20519
332 0.20411
333 0.20305
334 0.20199
335 0.20094
336 0.19990
337 0.19887
338 0.19785
339 0.19683
340 0.19582
341 0.19481
342 0.19382
343 0.19283
344 0.19185
345 0.19087
346 0.18991
347 0.18895
348 0.18800
349 0.18705
350 0.18611
351 0.18518
352 0.18426
353 0.18334
354 0.18243
355 0.18153
356 0.18063
357 0.17974
358 0.17886
359 0.17798
360 0.17711
361 0.17625
362 0.17540
363 0.17455
364 0.17370
365 0.17287
366 0.17204
367 0.17121
368 0.17040
369 0.16958
370 0.16878
371 0.16798
372 0.16719
373 0.16640
374 0.16562
375 0.16485
376 0.16408
377 0.16332
378 0.16256
379 0.16181
380 0.16107
381 0.16033
382 0.15960
383 0.15887
384 0.15815
385 0.15744
386 0.15673
387 0.15602
388 0.15532
389 0.15463
390 0.15395
391 0.15326
392 0.15259
393 0.15192
394 0.15125
395 0.15059
396 0.14994
397 0.14929
398 0.14865
399 0.14801
400 0.14738
401 0.14675
402 0.14613
403 0.14551
404 0.14490
405 0.14429
406 0.14369
407 0.14309
408 0.14250
409 0.14191
410 0.14133
411 0.14075
412 0.14018
413 0.13961
414 0.13905
415 0.13849
416 0.13794
417 0.13739
418 0.13685
419 0.13631
420 0.13578
421 0.13525
422 0.13472
423 0.13420
424 0.13368
425 0.13317
426 0.13267
427 0.13216
428 0.13167
429 0.13117
430 0.13068
431 0.13020
432 0.12972
433 0.12924
434 0.12877
435 0.12831
436 0.12784
437 0.12738
438 0.12693
439 0.12648
440 0.12603
441 0.12559
442 0.12515
443 0.12472
444 0.12429
445 0.12386
446 0.12344
447 0.12303
448 0.12261
449 0.12220
450 0.12180
451 0.12139
452 0.12100
453 0.12060
454 0.12021
455 0.11983
456 0.11944
457 0.11907
458 0.11869
459 0.11832
460 0.11795
461 0.11759
462 0.11723
463 0.11688
464 0.11652
465 0.11617
466 0.11583
467 0.11549
468 0.11515
469 0.11482
470 0.11449
471 0.11416
472 0.11384
473 0.11352
474 0.11320
475 0.11289
476 0.11258
477 0.11227
478 0.11197
479 0.11167
480 0.11138
481 0.11108
482 0.11080
483 0.11051
484 0.11023
485 0.10995
486 0.10968
487 0.10940
488 0.10914
489 0.10887
490 0.10861
491 0.10835
492 0.10810
493 0.10784
494 0.10760
495 0.10735
496 0.10711
497 0.10687
498 0.10663
499 0.10640
500 0.10617
501 0.10595
502 0.10572
503 0.10550
504 0.10529
505 0.10507
506 0.10486
507 0.10466
508 0.10445
509 0.10425
510 0.10405
511 0.10386
512 0.10367
513 0.10348
514 0.10329
515 0.10311
516 0.10293
517 0.10275
518 0.10258
519 0.10241
520 0.10224
521 0.10208
522 0.10192
523 0.10176
524 0.10161
525 0.10145
526 0.10130
527 0.10116
528 0.10101
529 0.10087
530 0.10074
531 0.10060
532 0.10047
533 0.10034
534 0.10022
535 0.10010
536 0.09998
537 0.09986
538 0.09975
539 0.09964
540 0.09953
541 0.09942
542 0.09932
543 0.09922
544 0.09913
545 0.09904
546 0.09895
547 0.09886
548 0.09877
549 0.09869
550 0.09862
551 0.09854
552 0.09847
553 0.09840
554 0.09833
555 0.09827
556 0.09821
557 0.09815
558 0.09810
559 0.09805
560 0.09800
561 0.09795
562 0.09791
563 0.09787
564 0.09783
565 0.09780
566 0.09777
567 0.09774
568 0.09772
569 0.09770
570 0.09768
571 0.09766
572 0.09765
573 0.09764
574 0.09763
575 0.09763
576 0.09763
577 0.09763
578 0.09764
579 0.09764
580 0.09766
581 0.09767
582 0.09769
583 0.09771
584 0.09773
585 0.09776
586 0.09779
587 0.09783
588 0.09786
589 0.09790
590 0.09795
591 0.09799
592 0.09804
593 0.09809
594 0.09815
595 0.09821
596 0.09827
597 0.09834
598 0.09841
599 0.09848
600 0.09855
601 0.09863
602 0.09871
603 0.09880
604 0.09889
605 0.09898
606 0.09908
607 0.09918
608 0.09928
609 0.09938
610 0.09949
611 0.09961
612 0.09972
613 0.09984
614 0.09997
615 0.10009
616 0.10022
617 0.10036
618 0.10050
619 0.10064
620 0.10078
621 0.10093
622 0.10108
623 0.10124
624 0.10140
625 0.10156
626 0.10173
627 0.10190
628 0.10208
629 0.10226
630 0.10244
631 0.10263
632 0.10282
633 0.10301
634 0.10321
635 0.10342
636 0.10362
637 0.10384
638 0.10405
639 0.10427
640 0.10450
641 0.10472
642 0.10496
643 0.10519
644 0.10543
645 0.10568
646 0.10593
647 0.10618
648 0.10644
649 0.10671
650 0.10698
651 0.10725
652 0.10753
653 0.10781
654 0.10809
655 0.10839
656 0.10868
657 0.10898
658 0.10929
659 0.10960
660 0.10992
661 0.11024
662 0.11057
663 0.11090
664 0.11123
665 0.11158
666 0.11192
667 0.11228
668 0.11263
669 0.11300
670 0.11337
671 0.11374
672 0.11412
673 0.11451
674 0.11490
675 0.11529
676 0.11570
677 0.11611
678 0.11652
679 0.11694
680 0.11737
681 0.11780
682 0.11824
683 0.11869
684 0.11914
685 0.11960
686 0.12006
687 0.12053
688 0.12101
689 0.12150
690 0.12199
691 0.12249
692 0.12299
693 0.12350
694 0.12402
695 0.12455
696 0.12508
697 0.12562
698 0.12617
699 0.12673
700 0.12729
701 0.12786
702 0.12844
703 0.12903
704 0.12963
705 0.13023
706 0.13084
707 0.13146
708 0.13209
709 0.13272
710 0.13337
711 0.13402
712 0.13468
713 0.13535
714 0.13603
715 0.13672
716 0.13741
717 0.13812
718 0.13883
719 0.13956
720 0.14029
721 0.14103
722 0.14178
723 0.14255
724 0.14332
725 0.14410
726 0.14489
727 0.14569
728 0.14651
729 0.14733
730 0.14816
731 0.14901
732 0.14986
733 0.15073
734 0.15161
735 0.15250
736 0.15340
737 0.15431
738 0.15524
739 0.15618
740 0.15713
741 0.15809
742 0.15906
743 0.16005
744 0.16105
745 0.16206
746 0.16309
747 0.16413
748 0.16518
749 0.16625
750 0.16733
751 0.16843
752 0.16954
753 0.17067
754 0.17181
755 0.17296
756 0.17414
757 0.17532
758 0.17653
759 0.17774
760 0.17898
761 0.18022
762 0.18149
763 0.18277
764 0.18407
765 0.18539
766 0.18673
767 0.18808
768 0.18945
769 0.19084
770 0.19225
771 0.19368
772 0.19513
773 0.19659
774 0.19808
775 0.19959
776 0.20112
777 0.20267
778 0.20424
779 0.20583
780 0.20744
781 0.20908
782 0.21074
783 0.21242
784 0.21412
785 0.21585
786 0.21760
787 0.21938
788 0.22118
789 0.22301
790 0.22486
791 0.22674
792 0.22864
793 0.23057
794 0.23253
795 0.23452
796 0.23653
797 0.23857
798 0.24065
799 0.24275
800 0.24487
801 0.24702
802 0.24920
803 0.25142
804 0.25366
805 0.25594
806 0.25825
807 0.26059
808 0.26297
809 0.26538
810 0.26783
811 0.27031
812 0.27283
813 0.27538
814 0.27797
815 0.28060
816 0.28327
817 0.28597
818 0.28872
819 0.29151
820 0.29434
821 0.29720
822 0.30012
823 0.30307
824 0.30607
825 0.30912
826 0.31221
827 0.31534
828 0.31853
829 0.32176
830 0.32504
831 0.32837
832 0.33175
833 0.33518
834 0.33866
835 0.34220
836 0.34579
837 0.34943
838 0.35314
839 0.35689
840 0.36071
841 0.36459
842 0.36852
843 0.37252
844 0.37658
845 0.38070
846 0.38489
847 0.38914
848 0.39346
849 0.39784
850 0.40230
851 0.40683
852 0.41142
853 0.41609
854 0.42084
855 0.42566
856 0.43056
857 0.43554
858 0.44060
859 0.44573
860 0.45096
861 0.45626
862 0.46165
863 0.46713
864 0.47270
865 0.47837
866 0.48412
867 0.48997
868 0.49591
869 0.50195
870 0.50810
871 0.51434
872 0.52069
873 0.52714
874 0.53370
875 0.54038
876 0.54716
877 0.55406
878 0.56107
879 0.56820
880 0.57546
881 0.58284
882 0.59034
883 0.59797
884 0.60573
885 0.61363
886 0.62166
887 0.62983
888 0.63814
889 0.64659
890 0.65520
891 0.66395
892 0.67285
893 0.68191
894 0.69113
895 0.70052
896 0.71006
897 0.71978
898 0.72967
899 0.73973
900 0.74998
901 0.76040
902 0.77102
903 0.78182
904 0.79282
905 0.80402
906 0.81542
907 0.82702
908 0.83884
909 0.85087
910 0.86313
911 0.87560
912 0.88568
913 0.88721
914 0.88893
915 0.89063
916 0.89177
917 0.89236
918 0.89312
919 0.89407
920 0.89528
921 0.89684
922 0.89656
923 0.89628
924 0.89833
925 0.89805
926 0.89778
927 0.90051
928 0.90025
929 0.89998
930 0.89972
931 0.90349
932 0.90324
933 0.90298
934 0.90273
935 0.90248
936 0.90222
937 0.90197
938 0.90742
939 0.90719
940 0.90695
941 0.90671
942 0.90648
943 0.90624
944 0.90600
945 0.90576
946 0.90552
947 0.90529
948 0.90498
949 0.90464
950 0.91299
951 0.91267
952 0.91235
953 0.91204
954 0.91172
955 0.91140
956 0.91108
957 0.91076
958 0.91044
959 0.91012
960 0.90979
961 0.90947
962 0.90915
963 0.90882
964 0.90850
965 0.90817
966 0.90784
967 0.90751
968 0.90719
969 0.90686
970 0.90653
971 0.90619
972 0.90586
973 0.92037
974 0.92008
975 0.91980
976 0.91951
977 0.91923
978 0.91894
979 0.91866
980 0.91837
981 0.91808
982 0.91779
983 0.91750
984 0.91721
985 0.91692
986 0.91663
987 0.91634
988 0.91605
989 0.91575
990 0.91546
991 0.91516
992 0.91487
993 0.91457
994 0.91428
995 0.91398
996 0.91368
997 0.91338
998 0.91308
999 0.91278
1000 0.91248
1001 0.91218
1002 0.91188
1003 0.91157
1004 0.91127
1005 0.91097
1006 0.91066
1007 0.91035
1008 0.91005
1009 0.90974
1010 0.90943
1011 0.90912
1012 0.90882
1013 0.90851
1014 0.90819
1015 0.90788
1016 0.90757
1017 0.90726
1018 0.90695
1019 0.90663
1020 0.90632
1021 0.90600
1022 0.90569
1023 0.90537
1024 0.90505
1025 0.90473
1026 0.93572
1027 0.93550
1028 0.93528
1029 0.93506
1030 0.93484
1031 0.93462
1032 0.93440
1033 0.93418
1034 0.93396
1035 0.93374
1036 0.93351
1037 0.93329
1038 0.93306
1039 0.93284
1040 0.93261
1041 0.93239
1042 0.93216
1043 0.93194
1044 0.93171
1045 0.93148
1046 0.93125
1047 0.93102
1048 0.93079
1049 0.93056
1050 0.93033
1051 0.93010
1052 0.92987
1053 0.92964
1054 0.92941
1055 0.92917
1056 0.92894
1057 0.92871
1058 0.92847
1059 0.92824
1060 0.92800
1061 0.92777
1062 0.92753
1063 0.92729
1064 0.92705
1065 0.92682
1066 0.92658
1067 0.92634
1068 0.92610
1069 0.92586
1070 0.92562
1071 0.92538
1072 0.92513
1073 0.92489
1074 0.92465
1075 0.92441
1076 0.92416
1077 0.92392
1078 0.92367
1079 0.92343
1080 0.92318
1081 0.92293
1082 0.92269
1083 0.92244
1084 0.92219
1085 0.92194
1086 0.92169
1087 0.92144
1088 0.92119
1089 0.92094
1090 0.92069
1091 0.92044
1092 0.92019
1093 0.91993
1094 0.91968
1095 0.91943
1096 0.91917
1097 0.91892
1098 0.91866
1099 0.91840
1100 0.91815
1101 0.91789
1102 0.91763
1103 0.91737
1104 0.91712
1105 0.91686
1106 0.91660
1107 0.91634
1108 0.91607
1109 0.91581
1110 0.91555
1111 0.91529
1112 0.91503
1113 0.91476
1114 0.91450
1115 0.91423
1116 0.91397
1117 0.91370
1118 0.91344
1119 0.91317
1120 0.91290
1121 0.91263
1122 0.91236
1123 0.91209
1124 0.91183
1125 0.91155
1126 0.91128
1127 0.91101
1128 0.91074
1129 0.91047
1130 0.91020
1131 0.90992
1132 0.90965
1133 0.90937
1134 0.90910
1135 0.90882
1136 0.90855
1137 0.90827
1138 0.90799
1139 0.90771
1140 0.90744
1141 0.90716
1142 0.90688
1143 0.90660
1144 0.90632
1145 0.90604
1146 0.90575
1147 0.90547
1148 0.90519
1149 0.90490
1150 0.90462
1151 0.90434
1152 0.90405
1153 0.90377
1154 0.90348
1155 0.90319
1156 0.90291
1157 0.90262
1158 0.90233
1159 0.90204
1160 0.90175
1161 0.90146
1162 0.90117
1163 0.90088
1164 0.90059
1165 0.90029
1166 0.90000
1167 0.89971
1168 0.89941
1169 0.89912
1170 0.89882
1171 0.89853
1172 0.89823
1173 0.89794
1174 0.89764
1175 0.89734
1176 0.89704
1177 0.89674
1178 0.89644
1179 0.89614
1180 0.89584
1181 0.89554
1182 0.89524
1183 0.89494
1184 0.89463
1185 0.89433
1186 0.89403
1187 0.89372
1188 0.89342
1189 0.89311
1190 0.89280
1191 0.89250
1192 0.89219
1193 0.89188
1194 0.89157
1195 0.89126
1196 0.89095
1197 0.89064
1198 0.89033
1199 0.89002
1200 0.88971
1201 0.88940
1202 0.88908
1203 0.88877
1204 0.88845
1205 0.88814
1206 0.88782
1207 0.88751
1208 0.88719
1209 0.88687
1210 0.88656
1211 0.88624
1212 0.88592
1213 0.88560
1214 0.88528
1215 0.88496
1216 1.00000
