17 0.99472
18 0.99425
19 0.99377
20 0.99328
21 0.99278
22 0.99226
23 0.99174
24 0.99121
25 0.99066
26 0.99011
27 0.98954
28 0.98897
29 0.98839
30 0.98780
31 0.98720
32 0.98659
33 0.98597
34 0.98535
35 0.98472
36 0.98408
37 0.98343
38 0.98278
39 0.98212
40 0.98145
41 0.98077
42 0.98009
43 0.97940
44 0.97871
45 0.97801
46 0.97730
47 0.97659
48 0.97587
49 0.97514
50 0.97441
51 0.97368
52 0.97294
53 0.97219
54 0.97144
55 0.97069
56 0.96993
57 0.96916
58 0.96839
59 0.96761
60 0.96684
61 0.96605
62 0.96526
63 0.96447
64 0.96368
65 0.96287
66 0.96207
67 0.96126
68 0.96045
69 0.95963
70 0.95882
71 0.95799
72 0.95717
73 0.95634
74 0.95550
75 0.95467
76 0.95383
77 0.95299
78 0.95214
79 0.95129
80 0.95044
81 0.94959
82 0.94873
83 0.94787
84 0.94701
85 0.94615
86 0.94528
87 0.94441
88 0.94354
89 0.94266
90 0.94179
91 0.94091
92 0.94003
93 0.93915
94 0.93826
95 0.93737
96 0.93649
97 0.93559
98 0.93470
99 0.93381
100 0.93291
101 0.93202
102 0.93112
103 0.93022
104 0.92931
105 0.92841
106 0.92751
107 0.92660
108 0.92569
109 0.92478
110 0.92387
111 0.92296
112 0.92205
113 0.92114
114 0.92022
115 0.91931
116 0.91839
117 0.91748
118 0.91656
119 0.91564
120 0.91472
121 0.91380
122 0.91288
123 0.91196
124 0.91103
125 0.91011
126 0.90919
127 0.90826
128 0.90734
129 0.90641
130 0.90549
131 0.90456
132 0.90364
133 0.90271
134 0.90178
135 0.90086
136 0.89993
137 0.89900
138 0.89808
139 0.89715
140 0.89622
141 0.89529
142 0.89437
143 0.89344
144 0.89251
145 0.89158
146 0.89066
147 0.88973
148 0.88880
149 0.88788
150 0.88695
151 0.88602
152 0.88510
153 0.88417
154 0.88325
155 0.88232
156 0.88140
157 0.88047
158 0.87955
159 0.87863
160 0.87770
161 0.87678
162 0.87586
163 0.87494
164 0.87402
165 0.87310
166 0.87218
167 0.87126
168 0.87034
169 0.86943
170 0.86851
171 0.86759
172 0.86668
173 0.86577
174 0.86485
175 0.86394
176 0.86303
177 0.86212
178 0.86121
179 0.86030
180 0.85939
181 0.85849
182 0.85758
183 0.85668
184 0.85577
185 0.85487
186 0.85397
187 0.85307
188 0.85217
189 0.85127
190 0.85037
191 0.84948
192 0.84858
193 0.84769
194 0.84680
195 0.84591
196 0.84502
197 0.84413
198 0.84324
199 0.84236
200 0.84147
201 0.84059
202 0.83971
203 0.83883
204 0.83795
205 0.83707
206 0.83620
207 0.83532
208 0.83445
209 0.83358
210 0.83271
211 0.83184
212 0.83097
213 0.83011
214 0.82924
215 0.82838
216 0.82752
217 0.82666
218 0.82580
219 0.82495
220 0.82409
221 0.82324
222 0.82239
223 0.82154
224 0.82069
225 0.81984
226 0.81900
227 0.81816
228 0.81732
229 0.81648
230 0.81564
231 0.81480
232 0.81397
233 0.81314
234 0.81231
235 0.81148
236 0.81065
237 0.80983
238 0.80900
239 0.80818
240 0.80736
241 0.80655
242 0.80573
243 0.80492
244 0.80411
245 0.80330
246 0.80249
247 0.80168
248 0.80088
249 0.80008
250 0.79928
251 0.79848
252 0.79768
253 0.79689
254 0.79610
255 0.79531
256 0.79452
257 0.79373
258 0.79295
259 0.79217
260 0.79139
261 0.79061
262 0.78983
263 0.78906
264 0.78829
265 0.78752
266 0.78675
267 0.78599
268 0.78522
269 0.78446
270 0.78370
271 0.78295
272 0.78219
273 0.78144
274 0.78069
275 0.77994
276 0.77920
277 0.77845
278 0.77771
279 0.77697
280 0.77624
281 0.77550
282 0.77477
283 0.77404
284 0.77331
285 0.77259
286 0.77186
287 0.77114
288 0.77042
289 0.76971
290 0.76899
291 0.76828
292 0.76757
293 0.76686
294 0.76616
295 0.76545
296 0.76475
297 0.76406
298 0.76336
299 0.76267
300 0.76198
301 0.76129
302 0.76060
303 0.75992
304 0.75923
305 0.75855
306 0.75788
307 0.75720
308 0.75653
309 0.75586
310 0.75519
311 0.75453
312 0.75387
313 0.75321
314 0.75255
315 0.75189
316 0.75124
317 0.75059
318 0.74994
319 0.74929
320 0.74865
321 0.74801
322 0.74737
323 0.74673
324 0.74610
325 0.74547
326 0.74484
327 0.74422
328 0.74359
329 0.74297
330 0.74235
331 0.74174
332 0.74112
333 0.74051
334 0.73990
335 0.73929
336 0.73869
337 0.73809
338 0.73749
339 0.73689
340 0.73630
341 0.73571
342 0.73512
343 0.73453
344 0.73395
345 0.73337
346 0.73279
347 0.73221
348 0.73164
349 0.73107
350 0.73050
351 0.72994
352 0.72937
353 0.72881
354 0.72825
355 0.72770
356 0.72714
357 0.72659
358 0.72605
359 0.72550
360 0.72496
361 0.72442
362 0.72388
363 0.72334
364 0.72281
365 0.72228
366 0.72176
367 0.72123
368 0.72071
369 0.72019
370 0.71967
371 0.71916
372 0.71865
373 0.71814
374 0.71763
375 0.71713
376 0.71663
377 0.71613
378 0.71563
379 0.71514
380 0.71465
381 0.71416
382 0.71367
383 0.71319
384 0.71271
385 0.71223
386 0.71176
387 0.71129
388 0.71082
389 0.71035
390 0.70989
391 0.70942
392 0.70897
393 0.70851
394 0.70806
395 0.70761
396 0.70716
397 0.70671
398 0.70627
399 0.70583
400 0.70539
401 0.70496
402 0.70452
403 0.70410
404 0.70367
405 0.70324
406 0.70282
407 0.70240
408 0.70199
409 0.70158
410 0.70116
411 0.70076
412 0.70035
413 0.69995
414 0.69955
415 0.69915
416 0.69876
417 0.69837
418 0.69798
419 0.69759
420 0.69721
421 0.69683
422 0.69645
423 0.69607
424 0.69570
425 0.69533
426 0.69497
427 0.69460
428 0.69424
429 0.69388
430 0.69353
431 0.69317
432 0.69282
433 0.69247
434 0.69213
435 0.69179
436 0.69145
437 0.69111
438 0.69078
439 0.69045
440 0.69012
441 0.68979
442 0.68947
443 0.68915
444 0.68883
445 0.68852
446 0.68820
447 0.68790
448 0.68759
449 0.68729
450 0.68699
451 0.68669
452 0.68639
453 0.68610
454 0.68581
455 0.68552
456 0.68524
457 0.68496
458 0.68468
459 0.68441
460 0.68413
461 0.68386
462 0.68360
463 0.68333
464 0.68307
465 0.68281
466 0.68256
467 0.68230
468 0.68205
469 0.68181
470 0.68156
471 0.68132
472 0.68108
473 0.68085
474 0.68061
475 0.68038
476 0.68016
477 0.67993
478 0.67971
479 0.67949
480 0.67928
481 0.67906
482 0.67885
483 0.67865
484 0.67844
485 0.67824
486 0.67804
487 0.67785
488 0.67765
489 0.67746
490 0.67728
491 0.67709
492 0.67691
493 0.67673
494 0.67656
495 0.67638
496 0.67621
497 0.67605
498 0.67588
499 0.67572
500 0.67557
501 0.67541
502 0.67526
503 0.67511
504 0.67496
505 0.67482
506 0.67468
507 0.67454
508 0.67441
509 0.67427
510 0.67415
511 0.67402
512 0.67390
513 0.67378
514 0.67366
515 0.67355
516 0.67344
517 0.67333
518 0.67322
519 0.67312
520 0.67302
521 0.67293
522 0.67283
523 0.67274
524 0.67266
525 0.67257
526 0.67249
527 0.67241
528 0.67234
529 0.67227
530 0.67220
531 0.67213
532 0.67207
533 0.67201
534 0.67195
535 0.67190
536 0.67185
537 0.67180
538 0.67176
539 0.67171
540 0.67167
541 0.67164
542 0.67161
543 0.67158
544 0.67155
545 0.67153
546 0.67151
547 0.67149
548 0.67148
549 0.67147
550 0.67146
551 0.67145
552 0.67145
553 0.67145
554 0.67146
555 0.67147
556 0.67148
557 0.67149
558 0.67151
559 0.67153
560 0.67155
561 0.67158
562 0.67161
563 0.67164
564 0.67168
565 0.67172
566 0.67176
567 0.67180
568 0.67185
569 0.67190
570 0.67196
571 0.67202
572 0.67208
573 0.67214
574 0.67221
575 0.67228
576 0.67236
577 0.67244
578 0.67252
579 0.67260
580 0.67269
581 0.67278
582 0.67287
583 0.67297
584 0.67307
585 0.67317
586 0.67328
587 0.67339
588 0.67350
589 0.67362
590 0.67374
591 0.67386
592 0.67399
593 0.67412
594 0.67425
595 0.67439
596 0.67453
597 0.67467
598 0.67482
599 0.67497
600 0.67512
601 0.67528
602 0.67544
603 0.67560
604 0.67577
605 0.67594
606 0.67612
607 0.67629
608 0.67647
609 0.67666
610 0.67684
611 0.67704
612 0.67723
613 0.67743
614 0.67763
615 0.67783
616 0.67804
617 0.67825
618 0.67847
619 0.67869
620 0.67891
621 0.67913
622 0.67936
623 0.67960
624 0.67983
625 0.68007
626 0.68032
627 0.68056
628 0.68081
629 0.68107
630 0.68132
631 0.68158
632 0.68185
633 0.68212
634 0.68239
635 0.68267
636 0.68294
637 0.68323
638 0.68351
639 0.68380
640 0.68410
641 0.68439
642 0.68470
643 0.68500
644 0.68531
645 0.68562
646 0.68594
647 0.68626
648 0.68658
649 0.68691
650 0.68724
651 0.68757
652 0.68791
653 0.68825
654 0.68860
655 0.68895
656 0.68930
657 0.68966
658 0.69002
659 0.69039
660 0.69075
661 0.69113
662 0.69150
663 0.69188
664 0.69227
665 0.69266
666 0.69305
667 0.69344
668 0.69384
669 0.69425
670 0.69466
671 0.69507
672 0.69548
673 0.69590
674 0.69633
675 0.69675
676 0.69719
677 0.69762
678 0.69806
679 0.69850
680 0.69895
681 0.69940
682 0.69986
683 0.70032
684 0.70078
685 0.70125
686 0.70173
687 0.70220
688 0.70268
689 0.70317
690 0.70366
691 0.70415
692 0.70465
693 0.70515
694 0.70565
695 0.70616
696 0.70668
697 0.70720
698 0.70772
699 0.70825
700 0.70878
701 0.70931
702 0.70985
703 0.71040
704 0.71095
705 0.71150
706 0.71206
707 0.71262
708 0.71319
709 0.71376
710 0.71433
711 0.71491
712 0.71549
713 0.71608
714 0.71668
715 0.71727
716 0.71788
717 0.71848
718 0.71909
719 0.71971
720 0.72033
721 0.72095
722 0.72158
723 0.72222
724 0.72286
725 0.72350
726 0.72415
727 0.72480
728 0.72546
729 0.72612
730 0.72678
731 0.72746
732 0.72813
733 0.72881
734 0.72950
735 0.73019
736 0.73089
737 0.73159
738 0.73229
739 0.73300
740 0.73372
741 0.73444
742 0.73516
743 0.73589
744 0.73662
745 0.73736
746 0.73811
747 0.73886
748 0.73961
749 0.74037
750 0.74114
751 0.74191
752 0.74268
753 0.74346
754 0.74425
755 0.74504
756 0.74583
757 0.74663
758 0.74744
759 0.74825
760 0.74907
761 0.74989
762 0.75071
763 0.75155
764 0.75238
765 0.75323
766 0.75408
767 0.75493
768 0.75579
769 0.75665
770 0.75752
771 0.75840
772 0.75928
773 0.76017
774 0.76106
775 0.76195
776 0.76286
777 0.76377
778 0.76468
779 0.76560
780 0.76653
781 0.76746
782 0.76839
783 0.76934
784 0.77029
785 0.77124
786 0.77220
787 0.77317
788 0.77414
789 0.77512
790 0.77610
791 0.77709
792 0.77808
793 0.77908
794 0.78009
795 0.78110
796 0.78212
797 0.78315
798 0.78418
799 0.78522
800 0.78626
801 0.78731
802 0.78837
803 0.78943
804 0.79050
805 0.79157
806 0.79265
807 0.79374
808 0.79483
809 0.79593
810 0.79704
811 0.79815
812 0.79927
813 0.80040
814 0.80153
815 0.80267
816 0.80381
817 0.80497
818 0.80612
819 0.80729
820 0.80846
821 0.80964
822 0.81083
823 0.81202
824 0.81322
825 0.81442
826 0.81563
827 0.81685
828 0.81808
829 0.81931
830 0.82055
831 0.82180
832 0.82305
833 0.82431
834 0.82558
835 0.82686
836 0.82814
837 0.82943
838 0.83072
839 0.83203
840 0.83334
841 0.83466
842 0.83598
843 0.83732
844 0.83866
845 0.84001
846 0.84136
847 0.84272
848 0.84410
849 0.84547
850 0.84686
851 0.84825
852 0.84965
853 0.85106
854 0.85248
855 0.85390
856 0.85533
857 0.85677
858 0.85822
859 0.85968
860 0.86114
861 0.86261
862 0.86409
863 0.86558
864 0.86708
865 0.86858
866 0.87009
867 0.87161
868 0.87314
869 0.87468
870 0.87622
871 0.87778
872 0.87934
873 0.88091
874 0.88249
875 0.88408
876 0.88567
877 0.88728
878 0.88889
879 0.89052
880 0.89215
881 0.89379
882 0.89543
883 0.89709
884 0.89876
885 0.90043
886 0.90212
887 0.90381
888 0.90551
889 0.90723
890 0.90895
891 0.91068
892 0.91242
893 0.91416
894 0.91592
895 0.91769
896 0.91947
897 0.92125
898 0.92305
899 0.92485
900 0.92667
901 0.92849
902 0.93033
903 0.93217
904 0.93403
905 0.93589
906 0.93777
907 0.93965
908 0.94154
909 0.94345
910 0.94536
911 0.94729
912 0.94882
913 0.94937
914 0.94999
915 0.95059
916 0.95100
917 0.95123
918 0.95151
919 0.95186
920 0.95230
921 0.95285
922 0.95278
923 0.95271
924 0.95342
925 0.95335
926 0.95328
927 0.95422
928 0.95415
929 0.95408
930 0.95401
931 0.95530
932 0.95523
933 0.95517
934 0.95510
935 0.95503
936 0.95496
937 0.95490
938 0.95675
939 0.95668
940 0.95662
941 0.95655
942 0.95649
943 0.95642
944 0.95636
945 0.95629
946 0.95623
947 0.95616
948 0.95610
949 0.95604
950 0.95888
951 0.95882
952 0.95876
953 0.95870
954 0.95863
955 0.95857
956 0.95851
957 0.95845
958 0.95839
959 0.95833
960 0.95827
961 0.95821
962 0.95815
963 0.95809
964 0.95803
965 0.95797
966 0.95790
967 0.95784
968 0.95778
969 0.95772
970 0.95766
971 0.95760
972 0.95754
973 0.96243
974 0.96237
975 0.96232
976 0.96226
977 0.96221
978 0.96216
979 0.96210
980 0.96205
981 0.96199
982 0.96194
983 0.96188
984 0.96183
985 0.96178
986 0.96172
987 0.96167
988 0.96161
989 0.96156
990 0.96150
991 0.96145
992 0.96139
993 0.96134
994 0.96128
995 0.96123
996 0.96118
997 0.96112
998 0.96107
999 0.96101
1000 0.96096
1001 0.96090
1002 0.96085
1003 0.96079
1004 0.96074
1005 0.96068
1006 0.96063
1007 0.96057
1008 0.96052
1009 0.96046
1010 0.96041
1011 0.96035
1012 0.96030
1013 0.96024
1014 0.96019
1015 0.96013
1016 0.96008
1017 0.96002
1018 0.95997
1019 0.95991
1020 0.95986
1021 0.95980
1022 0.95975
1023 0.95969
1024 0.95964
1025 0.95958
1026 0.96995
1027 0.96991
1028 0.96986
1029 0.96982
1030 0.96978
1031 0.96974
1032 0.96970
1033 0.96966
1034 0.96962
1035 0.96958
1036 0.96953
1037 0.96949
1038 0.96945
1039 0.96941
1040 0.96937
1041 0.96933
1042 0.96929
1043 0.96924
1044 0.96920
1045 0.96916
1046 0.96912
1047 0.96908
1048 0.96904
1049 0.96899
1050 0.96895
1051 0.96891
1052 0.96887
1053 0.96883
1054 0.96879
1055 0.96874
1056 0.96870
1057 0.96866
1058 0.96862
1059 0.96858
1060 0.96854
1061 0.96849
1062 0.96845
1063 0.96841
1064 0.96837
1065 0.96833
1066 0.96828
1067 0.96824
1068 0.96820
1069 0.96816
1070 0.96812
1071 0.96808
1072 0.96803
1073 0.96799
1074 0.96795
1075 0.96791
1076 0.96787
1077 0.96782
1078 0.96778
1079 0.96774
1080 0.96770
1081 0.96766
1082 0.96761
1083 0.96757
1084 0.96753
1085 0.96749
1086 0.96744
1087 0.96740
1088 0.96736
1089 0.96732
1090 0.96728
1091 0.96723
1092 0.96719
1093 0.96715
1094 0.96711
1095 0.96706
1096 0.96702
1097 0.96698
1098 0.96694
1099 0.96690
1100 0.96685
1101 0.96681
1102 0.96677
1103 0.96673
1104 0.96668
1105 0.96664
1106 0.96660
1107 0.96656
1108 0.96651
1109 0.96647
1110 0.96643
1111 0.96639
1112 0.96634
1113 0.96630
1114 0.96626
1115 0.96622
1116 0.96617
1117 0.96613
1118 0.96609
1119 0.96605
1120 0.96600
1121 0.96596
1122 0.96592
1123 0.96587
1124 0.96583
1125 0.96579
1126 0.96575
1127 0.96570
1128 0.96566
1129 0.96562
1130 0.96558
1131 0.96553
1132 0.96549
1133 0.96545
1134 0.96540
1135 0.96536
1136 0.96532
1137 0.96528
1138 0.96523
1139 0.96519
1140 0.96515
1141 0.96510
1142 0.96506
1143 0.96502
1144 0.96497
1145 0.96493
1146 0.96489
1147 0.96485
1148 0.96480
1149 0.96476
1150 0.96472
1151 0.96467
1152 0.96463
1153 0.96459
1154 0.96454
1155 0.96450
1156 0.96446
1157 0.96441
1158 0.96437
1159 0.96433
1160 0.96428
1161 0.96424
1162 0.96420
1163 0.96415
1164 0.96411
1165 0.96407
1166 0.96402
1167 0.96398
1168 0.96394
1169 0.96389
1170 0.96385
1171 0.96381
1172 0.96376
1173 0.96372
1174 0.96368
1175 0.96363
1176 0.96359
1177 0.96355
1178 0.96350
1179 0.96346
1180 0.96342
1181 0.96337
1182 0.96333
1183 0.96329
1184 0.96324
1185 0.96320
1186 0.96316
1187 0.96311
1188 0.96307
1189 0.96302
1190 0.96298
1191 0.96294
1192 0.96289
1193 0.96285
1194 0.96281
1195 0.96276
1196 0.96272
1197 0.96268
1198 0.96263
1199 0.96259
1200 0.96254
1201 0.96250
1202 0.96246
1203 0.96241
1204 0.96237
1205 0.96232
1206 0.96228
1207 0.96224
1208 0.96219
1209 0.96215
1210 0.96211
1211 0.96206
1212 0.96202
1213 0.96197
1214 0.96193
1215 0.96189
1216 1.00000
