17 0.95401
18 0.94991
19 0.94570
20 0.94140
21 0.93700
22 0.93251
23 0.92793
24 0.92327
25 0.91853
26 0.91371
27 0.90882
28 0.90386
29 0.89884
30 0.89375
31 0.88860
32 0.88339
33 0.87813
34 0.87282
35 0.86746
36 0.86205
37 0.85659
38 0.85110
39 0.84557
40 0.84000
41 0.83439
42 0.82875
43 0.82309
44 0.81739
45 0.81167
46 0.80593
47 0.80016
48 0.79437
49 0.78856
50 0.78274
51 0.77690
52 0.77105
53 0.76519
54 0.75932
55 0.75344
56 0.74755
57 0.74166
58 0.73576
59 0.72986
60 0.72397
61 0.71807
62 0.71217
63 0.70628
64 0.70039
65 0.69451
66 0.68863
67 0.68276
68 0.67690
69 0.67105
70 0.66521
71 0.65939
72 0.65358
73 0.64778
74 0.64200
75 0.63623
76 0.63048
77 0.62475
78 0.61904
79 0.61334
80 0.60767
81 0.60202
82 0.59639
83 0.59078
84 0.58520
85 0.57964
86 0.57411
87 0.56860
88 0.56311
89 0.55766
90 0.55223
91 0.54682
92 0.54145
93 0.53610
94 0.53078
95 0.52550
96 0.52024
97 0.51501
98 0.50982
99 0.50465
100 0.49952
101 0.49442
102 0.48935
103 0.48431
104 0.47930
105 0.47433
106 0.46939
107 0.46449
108 0.45962
109 0.45478
110 0.44998
111 0.44521
112 0.44048
113 0.43578
114 0.43112
115 0.42649
116 0.42189
117 0.41734
118 0.41281
119 0.40833
120 0.40387
121 0.39946
122 0.39508
123 0.39073
124 0.38642
125 0.38215
126 0.37791
127 0.37371
128 0.36955
129 0.36542
130 0.36132
131 0.35726
132 0.35324
133 0.34926
134 0.34530
135 0.34139
136 0.33751
137 0.33366
138 0.32986
139 0.32608
140 0.32234
141 0.31864
142 0.31497
143 0.31134
144 0.30774
145 0.30417
146 0.30064
147 0.29715
148 0.29369
149 0.29026
150 0.28686
151 0.28350
152 0.28018
153 0.27689
154 0.27363
155 0.27040
156 0.26721
157 0.26405
158 0.26092
159 0.25782
160 0.25476
161 0.25173
162 0.24873
163 0.24576
164 0.24282
165 0.23991
166 0.23704
167 0.23420
168 0.23138
169 0.22860
170 0.22585
171 0.22312
172 0.22043
173 0.21777
174 0.21513
175 0.21253
176 0.20995
177 0.20740
178 0.20488
179 0.20239
180 0.19993
181 0.19750
182 0.19509
183 0.19271
184 0.19035
185 0.18803
186 0.18573
187 0.18345
188 0.18121
189 0.17899
190 0.17679
191 0.17462
192 0.17247
193 0.17035
194 0.16826
195 0.16619
196 0.16414
197 0.16212
198 0.16012
199 0.15815
200 0.15620
201 0.15427
202 0.15237
203 0.15048
204 0.14862
205 0.14679
206 0.14497
207 0.14318
208 0.14141
209 0.13966
210 0.13793
211 0.13622
212 0.13453
213 0.13287
214 0.13122
215 0.12960
216 0.12799
217 0.12641
218 0.12484
219 0.12329
220 0.12176
221 0.12026
222 0.11877
223 0.11729
224 0.11584
225 0.11441
226 0.11299
227 0.11159
228 0.11021
229 0.10884
230 0.10749
231 0.10616
232 0.10485
233 0.10355
234 0.10227
235 0.10101
236 0.09976
237 0.09853
238 0.09731
239 0.09611
240 0.09492
241 0.09375
242 0.09259
243 0.09145
244 0.09032
245 0.08921
246 0.08811
247 0.08703
248 0.08596
249 0.08490
250 0.08386
251 0.08283
252 0.08181
253 0.08081
254 0.07982
255 0.07884
256 0.07788
257 0.07693
258 0.07599
259 0.07506
260 0.07414
261 0.07324
262 0.07235
263 0.07147
264 0.07060
265 0.06974
266 0.06889
267 0.06806
268 0.06723
269 0.06642
270 0.06562
271 0.06482
272 0.06404
273 0.06327
274 0.06251
275 0.06176
276 0.06101
277 0.06028
278 0.05956
279 0.05884
280 0.05814
281 0.05745
282 0.05676
283 0.05608
284 0.05542
285 0.05476
286 0.05411
287 0.05347
288 0.05283
289 0.05221
290 0.05159
291 0.05098
292 0.05038
293 0.04979
294 0.04920
295 0.04863
296 0.04806
297 0.04750
298 0.04694
299 0.04640
300 0.04586
301 0.04532
302 0.04480
303 0.04428
304 0.04377
305 0.04326
306 0.04276
307 0.04227
308 0.04178
309 0.04131
310 0.04083
311 0.04037
312 0.03991
313 0.03945
314 0.03900
315 0.03856
316 0.03813
317 0.03769
318 0.03727
319 0.03685
320 0.03644
321 0.03603
322 0.03563
323 0.03523
324 0.03484
325 0.03445
326 0.03407
327 0.03369
328 0.03332
329 0.03295
330 0.03259
331 0.03223
332 0.03188
333 0.03153
334 0.03119
335 0.03085
336 0.03051
337 0.03018
338 0.02986
339 0.02954
340 0.02922
341 0.02891
342 0.02860
343 0.02829
344 0.02799
345 0.02769
346 0.02740
347 0.02711
348 0.02683
349 0.02655
350 0.02627
351 0.02599
352 0.02572
353 0.02546
354 0.02519
355 0.02493
356 0.02468
357 0.02442
358 0.02417
359 0.02393
360 0.02368
361 0.02344
362 0.02321
363 0.02297
364 0.02274
365 0.02251
366 0.02229
367 0.02207
368 0.02185
369 0.02163
370 0.02142
371 0.02121
372 0.02100
373 0.02080
374 0.02059
375 0.02039
376 0.02020
377 0.02000
378 0.01981
379 0.01962
380 0.01943
381 0.01925
382 0.01907
383 0.01889
384 0.01871
385 0.01853
386 0.01836
387 0.01819
388 0.01802
389 0.01786
390 0.01769
391 0.01753
392 0.01737
393 0.01721
394 0.01706
395 0.01690
396 0.01675
397 0.01660
398 0.01646
399 0.01631
400 0.01617
401 0.01603
402 0.01589
403 0.01575
404 0.01561
405 0.01548
406 0.01534
407 0.01521
408 0.01508
409 0.01495
410 0.01483
411 0.01470
412 0.01458
413 0.01446
414 0.01434
415 0.01422
416 0.01411
417 0.01399
418 0.01388
419 0.01377
420 0.01366
421 0.01355
422 0.01344
423 0.01333
424 0.01323
425 0.01312
426 0.01302
427 0.01292
428 0.01282
429 0.01272
430 0.01263
431 0.01253
432 0.01244
433 0.01234
434 0.01225
435 0.01216
436 0.01207
437 0.01198
438 0.01190
439 0.01181
440 0.01173
441 0.01164
442 0.01156
443 0.01148
444 0.01140
445 0.01132
446 0.01124
447 0.01117
448 0.01109
449 0.01101
450 0.01094
451 0.01087
452 0.01080
453 0.01072
454 0.01065
455 0.01059
456 0.01052
457 0.01045
458 0.01038
459 0.01032
460 0.01025
461 0.01019
462 0.01013
463 0.01007
464 0.01000
465 0.00994
466 0.00989
467 0.00983
468 0.00977
469 0.00971
470 0.00966
471 0.00960
472 0.00955
473 0.00949
474 0.00944
475 0.00939
476 0.00934
477 0.00929
478 0.00924
479 0.00919
480 0.00914
481 0.00909
482 0.00905
483 0.00900
484 0.00895
485 0.00891
486 0.00887
487 0.00882
488 0.00878
489 0.00874
490 0.00870
491 0.00865
492 0.00861
493 0.00858
494 0.00854
495 0.00850
496 0.00846
497 0.00842
498 0.00839
499 0.00835
500 0.00832
501 0.00828
502 0.00825
503 0.00821
504 0.00818
505 0.00815
506 0.00812
507 0.00809
508 0.00806
509 0.00803
510 0.00800
511 0.00797
512 0.00794
513 0.00791
514 0.00789
515 0.00786
516 0.00783
517 0.00781
518 0.00778
519 0.00776
520 0.00773
521 0.00771
522 0.00769
523 0.00767
524 0.00764
525 0.00762
526 0.00760
527 0.00758
528 0.00756
529 0.00754
530 0.00752
531 0.00751
532 0.00749
533 0.00747
534 0.00745
535 0.00744
536 0.00742
537 0.00740
538 0.00739
539 0.00737
540 0.00736
541 0.00735
542 0.00733
543 0.00732
544 0.00731
545 0.00729
546 0.00728
547 0.00727
548 0.00726
549 0.00725
550 0.00724
551 0.00723
552 0.00722
553 0.00721
554 0.00721
555 0.00720
556 0.00719
557 0.00719
558 0.00718
559 0.00717
560 0.00717
561 0.00716
562 0.00716
563 0.00716
564 0.00715
565 0.00715
566 0.00715
567 0.00714
568 0.00714
569 0.00714
570 0.00714
571 0.00714
572 0.00714
573 0.00714
574 0.00714
575 0.00714
576 0.00714
577 0.00715
578 0.00715
579 0.00715
580 0.00716
581 0.00716
582 0.00717
583 0.00717
584 0.00718
585 0.00718
586 0.00719
587 0.00720
588 0.00720
589 0.00721
590 0.00722
591 0.00723
592 0.00724
593 0.00725
594 0.00726
595 0.00727
596 0.00728
597 0.00729
598 0.00731
599 0.00732
600 0.00733
601 0.00735
602 0.00736
603 0.00738
604 0.00739
605 0.00741
606 0.00742
607 0.00744
608 0.00746
609 0.00748
610 0.00750
611 0.00752
612 0.00754
613 0.00756
614 0.00758
615 0.00760
616 0.00762
617 0.00765
618 0.00767
619 0.00769
620 0.00772
621 0.00774
622 0.00777
623 0.00780
624 0.00782
625 0.00785
626 0.00788
627 0.00791
628 0.00794
629 0.00797
630 0.00800
631 0.00804
632 0.00807
633 0.00810
634 0.00814
635 0.00817
636 0.00821
637 0.00824
638 0.00828
639 0.00832
640 0.00836
641 0.00840
642 0.00844
643 0.00848
644 0.00852
645 0.00857
646 0.00861
647 0.00866
648 0.00870
649 0.00875
650 0.00880
651 0.00885
652 0.00890
653 0.00895
654 0.00900
655 0.00905
656 0.00910
657 0.00916
658 0.00921
659 0.00927
660 0.00933
661 0.00939
662 0.00945
663 0.00951
664 0.00957
665 0.00963
666 0.00970
667 0.00976
668 0.00983
669 0.00990
670 0.00997
671 0.01004
672 0.01011
673 0.01018
674 0.01026
675 0.01033
676 0.01041
677 0.01049
678 0.01057
679 0.01065
680 0.01073
681 0.01082
682 0.01090
683 0.01099
684 0.01108
685 0.01117
686 0.01127
687 0.01136
688 0.01146
689 0.01155
690 0.01165
691 0.01175
692 0.01186
693 0.01196
694 0.01207
695 0.01218
696 0.01229
697 0.01240
698 0.01252
699 0.01263
700 0.01275
701 0.01288
702 0.01300
703 0.01313
704 0.01325
705 0.01338
706 0.01351
707 0.01365
708 0.01378
709 0.01392
710 0.01406
711 0.01421
712 0.01435
713 0.01450
714 0.01465
715 0.01481
716 0.01497
717 0.01513
718 0.01529
719 0.01546
720 0.01563
721 0.01580
722 0.01597
723 0.01615
724 0.01634
725 0.01652
726 0.01671
727 0.01691
728 0.01710
729 0.01730
730 0.01751
731 0.01772
732 0.01793
733 0.01815
734 0.01837
735 0.01859
736 0.01882
737 0.01906
738 0.01930
739 0.01954
740 0.01979
741 0.02004
742 0.02030
743 0.02056
744 0.02083
745 0.02111
746 0.02139
747 0.02167
748 0.02196
749 0.02226
750 0.02256
751 0.02287
752 0.02318
753 0.02351
754 0.02383
755 0.02417
756 0.02451
757 0.02486
758 0.02522
759 0.02558
760 0.02595
761 0.02633
762 0.02672
763 0.02711
764 0.02752
765 0.02793
766 0.02835
767 0.02878
768 0.02922
769 0.02966
770 0.03012
771 0.03059
772 0.03107
773 0.03155
774 0.03205
775 0.03256
776 0.03308
777 0.03361
778 0.03416
779 0.03471
780 0.03528
781 0.03586
782 0.03646
783 0.03706
784 0.03768
785 0.03832
786 0.03897
787 0.03963
788 0.04031
789 0.04100
790 0.04171
791 0.04244
792 0.04318
793 0.04394
794 0.04472
795 0.04551
796 0.04633
797 0.04716
798 0.04801
799 0.04889
800 0.04978
801 0.05070
802 0.05163
803 0.05259
804 0.05357
805 0.05458
806 0.05561
807 0.05666
808 0.05774
809 0.05885
810 0.05998
811 0.06114
812 0.06233
813 0.06355
814 0.06480
815 0.06608
816 0.06739
817 0.06873
818 0.07011
819 0.07152
820 0.07297
821 0.07446
822 0.07598
823 0.07754
824 0.07914
825 0.08078
826 0.08247
827 0.08419
828 0.08597
829 0.08778
830 0.08965
831 0.09157
832 0.09353
833 0.09555
834 0.09762
835 0.09974
836 0.10192
837 0.10416
838 0.10646
839 0.10882
840 0.11125
841 0.11374
842 0.11629
843 0.11892
844 0.12162
845 0.12439
846 0.12724
847 0.13017
848 0.13317
849 0.13626
850 0.13944
851 0.14271
852 0.14606
853 0.14952
854 0.15307
855 0.15671
856 0.16047
857 0.16433
858 0.16830
859 0.17238
860 0.17658
861 0.18090
862 0.18535
863 0.18992
864 0.19463
865 0.19948
866 0.20447
867 0.20960
868 0.21489
869 0.22033
870 0.22594
871 0.23171
872 0.23765
873 0.24377
874 0.25008
875 0.25658
876 0.26327
877 0.27017
878 0.27727
879 0.28459
880 0.29214
881 0.29992
882 0.30794
883 0.31621
884 0.32473
885 0.33352
886 0.34258
887 0.35193
888 0.36157
889 0.37152
890 0.38178
891 0.39236
892 0.40329
893 0.41456
894 0.42619
895 0.43820
896 0.45059
897 0.46339
898 0.47660
899 0.49024
900 0.50432
901 0.51887
902 0.53389
903 0.54941
904 0.56544
905 0.58200
906 0.59912
907 0.61680
908 0.63508
909 0.65397
910 0.67350
911 0.69368
912 0.71013
913 0.71349
914 0.71733
915 0.72110
916 0.72359
917 0.72478
918 0.72635
919 0.72840
920 0.73107
921 0.73456
922 0.73367
923 0.73278
924 0.73744
925 0.73656
926 0.73568
927 0.74200
928 0.74114
929 0.74027
930 0.73941
931 0.74823
932 0.74739
933 0.74655
934 0.74571
935 0.74486
936 0.74402
937 0.74317
938 0.75608
939 0.75527
940 0.75445
941 0.75364
942 0.75282
943 0.75200
944 0.75118
945 0.75036
946 0.74954
947 0.74871
948 0.74789
949 0.74706
950 0.76730
951 0.76652
952 0.76575
953 0.76498
954 0.76420
955 0.76342
956 0.76264
957 0.76186
958 0.76108
959 0.76030
960 0.75952
961 0.75873
962 0.75795
963 0.75716
964 0.75637
965 0.75558
966 0.75479
967 0.75399
968 0.75320
969 0.75240
970 0.75161
971 0.75081
972 0.75001
973 0.78549
974 0.78478
975 0.78408
976 0.78337
977 0.78267
978 0.78196
979 0.78125
980 0.78054
981 0.77982
982 0.77911
983 0.77840
984 0.77768
985 0.77696
986 0.77625
987 0.77553
988 0.77481
989 0.77408
990 0.77336
991 0.77264
992 0.77191
993 0.77118
994 0.77046
995 0.76973
996 0.76900
997 0.76826
998 0.76753
999 0.76680
1000 0.76606
1001 0.76532
1002 0.76459
1003 0.76385
1004 0.76311
1005 0.76237
1006 0.76162
1007 0.76088
1008 0.76014
1009 0.75939
1010 0.75864
1011 0.75789
1012 0.75714
1013 0.75639
1014 0.75564
1015 0.75489
1016 0.75413
1017 0.75338
1018 0.75262
1019 0.75186
1020 0.75110
1021 0.75034
1022 0.74958
1023 0.74882
1024 0.74805
1025 0.74729
1026 0.82423
1027 0.82367
1028 0.82311
1029 0.82254
1030 0.82198
1031 0.82142
1032 0.82085
1033 0.82028
1034 0.81972
1035 0.81915
1036 0.81858
1037 0.81801
1038 0.81743
1039 0.81686
1040 0.81629
1041 0.81571
1042 0.81514
1043 0.81456
1044 0.81398
1045 0.81340
1046 0.81282
1047 0.81224
1048 0.81166
1049 0.81108
1050 0.81049
1051 0.80991
1052 0.80932
1053 0.80873
1054 0.80815
1055 0.80756
1056 0.80697
1057 0.80637
1058 0.80578
1059 0.80519
1060 0.80459
1061 0.80400
1062 0.80340
1063 0.80281
1064 0.80221
1065 0.80161
1066 0.80101
1067 0.80041
1068 0.79980
1069 0.79920
1070 0.79859
1071 0.79799
1072 0.79738
1073 0.79677
1074 0.79617
1075 0.79556
1076 0.79495
1077 0.79433
1078 0.79372
1079 0.79311
1080 0.79249
1081 0.79188
1082 0.79126
1083 0.79064
1084 0.79002
1085 0.78940
1086 0.78878
1087 0.78816
1088 0.78754
1089 0.78691
1090 0.78629
1091 0.78566
1092 0.78504
1093 0.78441
1094 0.78378
1095 0.78315
1096 0.78252
1097 0.78189
1098 0.78126
1099 0.78062
1100 0.77999
1101 0.77935
1102 0.77872
1103 0.77808
1104 0.77744
1105 0.77680
1106 0.77616
1107 0.77552
1108 0.77488
1109 0.77423
1110 0.77359
1111 0.77294
1112 0.77230
1113 0.77165
1114 0.77100
1115 0.77035
1116 0.76970
1117 0.76905
1118 0.76840
1119 0.76774
1120 0.76709
1121 0.76643
1122 0.76578
1123 0.76512
1124 0.76446
1125 0.76380
1126 0.76314
1127 0.76248
1128 0.76182
1129 0.76116
1130 0.76049
1131 0.75983
1132 0.75916
1133 0.75850
1134 0.75783
1135 0.75716
1136 0.75649
1137 0.75582
1138 0.75515
1139 0.75448
1140 0.75380
1141 0.75313
1142 0.75245
1143 0.75178
1144 0.75110
1145 0.75042
1146 0.74975
1147 0.74907
1148 0.74838
1149 0.74770
1150 0.74702
1151 0.74634
1152 0.74565
1153 0.74497
1154 0.74428
1155 0.74359
1156 0.74291
1157 0.74222
1158 0.74153
1159 0.74084
1160 0.74014
1161 0.73945
1162 0.73876
1163 0.73806
1164 0.73737
1165 0.73667
1166 0.73598
1167 0.73528
1168 0.73458
1169 0.73388
1170 0.73318
1171 0.73248
1172 0.73177
1173 0.73107
1174 0.73037
1175 0.72966
1176 0.72896
1177 0.72825
1178 0.72754
1179 0.72683
1180 0.72612
1181 0.72541
1182 0.72470
1183 0.72399
1184 0.72328
1185 0.72256
1186 0.72185
1187 0.72113
1188 0.72042
1189 0.71970
1190 0.71898
1191 0.71826
1192 0.71754
1193 0.71682
1194 0.71610
1195 0.71538
1196 0.71465
1197 0.71393
1198 0.71320
1199 0.71248
1200 0.71175
1201 0.71102
1202 0.71030
1203 0.70957
1204 0.70884
1205 0.70811
1206 0.70737
1207 0.70664
1208 0.70591
1209 0.70517
1210 0.70444
1211 0.70370
1212 0.70297
1213 0.70223
1214 0.70149
1215 0.70075
1216 1.00000
