17 0.97346
18 0.97106
19 0.96859
20 0.96605
21 0.96346
22 0.96080
23 0.95808
24 0.95530
25 0.95247
26 0.94959
27 0.94666
28 0.94367
29 0.94064
30 0.93756
31 0.93444
32 0.93127
33 0.92806
34 0.92481
35 0.92151
36 0.91818
37 0.91482
38 0.91141
39 0.90798
40 0.90451
41 0.90100
42 0.89747
43 0.89390
44 0.89031
45 0.88668
46 0.88303
47 0.87936
48 0.87566
49 0.87193
50 0.86818
51 0.86441
52 0.86062
53 0.85680
54 0.85297
55 0.84912
56 0.84525
57 0.84136
58 0.83746
59 0.83354
60 0.82961
61 0.82566
62 0.82170
63 0.81772
64 0.81374
65 0.80974
66 0.80573
67 0.80172
68 0.79769
69 0.79365
70 0.78961
71 0.78556
72 0.78151
73 0.77745
74 0.77338
75 0.76931
76 0.76523
77 0.76115
78 0.75707
79 0.75298
80 0.74890
81 0.74481
82 0.74072
83 0.73663
84 0.73254
85 0.72845
86 0.72437
87 0.72028
88 0.71620
89 0.71212
90 0.70804
91 0.70396
92 0.69989
93 0.69582
94 0.69176
95 0.68771
96 0.68365
97 0.67961
98 0.67557
99 0.67154
100 0.66751
101 0.66349
102 0.65948
103 0.65548
104 0.65148
105 0.64750
106 0.64352
107 0.63955
108 0.63559
109 0.63165
110 0.62771
111 0.62378
112 0.61986
113 0.61596
114 0.61206
115 0.60818
116 0.60431
117 0.60045
118 0.59660
119 0.59276
120 0.58894
121 0.58513
122 0.58133
123 0.57755
124 0.57378
125 0.57002
126 0.56628
127 0.56255
128 0.55884
129 0.55514
130 0.55146
131 0.54778
132 0.54413
133 0.54049
134 0.53686
135 0.53325
136 0.52966
137 0.52608
138 0.52252
139 0.51897
140 0.51544
141 0.51192
142 0.50842
143 0.50494
144 0.50147
145 0.49802
146 0.49459
147 0.49117
148 0.48777
149 0.48439
150 0.48102
151 0.47767
152 0.47434
153 0.47103
154 0.46773
155 0.46445
156 0.46118
157 0.45794
158 0.45471
159 0.45150
160 0.44830
161 0.44513
162 0.44197
163 0.43883
164 0.43570
165 0.43260
166 0.42951
167 0.42644
168 0.42338
169 0.42035
170 0.41733
171 0.41433
172 0.41135
173 0.40838
174 0.40543
175 0.40251
176 0.39959
177 0.39670
178 0.39382
179 0.39097
180 0.38813
181 0.38530
182 0.38250
183 0.37971
184 0.37694
185 0.37419
186 0.37145
187 0.36873
188 0.36603
189 0.36335
190 0.36069
191 0.35804
192 0.35541
193 0.35280
194 0.35020
195 0.34762
196 0.34506
197 0.34252
198 0.33999
199 0.33748
200 0.33499
201 0.33251
202 0.33005
203 0.32761
204 0.32519
205 0.32278
206 0.32039
207 0.31801
208 0.31566
209 0.31331
210 0.31099
211 0.30868
212 0.30639
213 0.30411
214 0.30185
215 0.29961
216 0.29738
217 0.29517
218 0.29298
219 0.29080
220 0.28864
221 0.28649
222 0.28436
223 0.28224
224 0.28014
225 0.27805
226 0.27599
227 0.27393
228 0.27189
229 0.26987
230 0.26786
231 0.26587
232 0.26389
233 0.26193
234 0.25998
235 0.25804
236 0.25613
237 0.25422
238 0.25233
239 0.25046
240 0.24860
241 0.24675
242 0.24492
243 0.24310
244 0.24130
245 0.23951
246 0.23773
247 0.23597
248 0.23422
249 0.23248
250 0.23076
251 0.22906
252 0.22736
253 0.22568
254 0.22401
255 0.22236
256 0.22072
257 0.21909
258 0.21748
259 0.21588
260 0.21429
261 0.21271
262 0.21115
263 0.20960
264 0.20806
265 0.20653
266 0.20502
267 0.20352
268 0.20203
269 0.20055
270 0.19908
271 0.19763
272 0.19619
273 0.19476
274 0.19334
275 0.19194
276 0.19054
277 0.18916
278 0.18779
279 0.18643
280 0.18508
281 0.18374
282 0.18241
283 0.18110
284 0.17979
285 0.17850
286 0.17722
287 0.17594
288 0.17468
289 0.17343
290 0.17219
291 0.17096
292 0.16974
293 0.16853
294 0.16733
295 0.16614
296 0.16496
297 0.16380
298 0.16264
299 0.16149
300 0.16035
301 0.15922
302 0.15810
303 0.15699
304 0.15588
305 0.15479
306 0.15371
307 0.15264
308 0.15157
309 0.15052
310 0.14947
311 0.14843
312 0.14741
313 0.14639
314 0.14538
315 0.14438
316 0.14338
317 0.14240
318 0.14142
319 0.14046
320 0.13950
321 0.13855
322 0.13760
323 0.13667
324 0.13574
325 0.13483
326 0.13392
327 0.13301
328 0.13212
329 0.13123
330 0.13035
331 0.12948
332 0.12862
333 0.12777
334 0.12692
335 0.12608
336 0.12524
337 0.12442
338 0.12360
339 0.12279
340 0.12199
341 0.12119
342 0.12040
343 0.11962
344 0.11884
345 0.11807
346 0.11731
347 0.11655
348 0.11581
349 0.11506
350 0.11433
351 0.11360
352 0.11288
353 0.11216
354 0.11145
355 0.11075
356 0.11005
357 0.10936
358 0.10868
359 0.10800
360 0.10733
361 0.10666
362 0.10600
363 0.10535
364 0.10470
365 0.10406
366 0.10342
367 0.10279
368 0.10217
369 0.10155
370 0.10094
371 0.10033
372 0.09973
373 0.09913
374 0.09854
375 0.09796
376 0.09737
377 0.09680
378 0.09623
379 0.09567
380 0.09511
381 0.09455
382 0.09400
383 0.09346
384 0.09292
385 0.09239
386 0.09186
387 0.09133
388 0.09082
389 0.09030
390 0.08979
391 0.08929
392 0.08879
393 0.08829
394 0.08780
395 0.08732
396 0.08683
397 0.08636
398 0.08588
399 0.08542
400 0.08495
401 0.08449
402 0.08404
403 0.08359
404 0.08314
405 0.08270
406 0.08226
407 0.08183
408 0.08140
409 0.08098
410 0.08056
411 0.08014
412 0.07973
413 0.07932
414 0.07891
415 0.07851
416 0.07811
417 0.07772
418 0.07733
419 0.07695
420 0.07656
421 0.07619
422 0.07581
423 0.07544
424 0.07507
425 0.07471
426 0.07435
427 0.07399
428 0.07364
429 0.07329
430 0.07295
431 0.07261
432 0.07227
433 0.07193
434 0.07160
435 0.07127
436 0.07095
437 0.07062
438 0.07031
439 0.06999
440 0.06968
441 0.06937
442 0.06907
443 0.06876
444 0.06846
445 0.06817
446 0.06788
447 0.06759
448 0.06730
449 0.06702
450 0.06674
451 0.06646
452 0.06618
453 0.06591
454 0.06564
455 0.06538
456 0.06511
457 0.06485
458 0.06460
459 0.06434
460 0.06409
461 0.06384
462 0.06360
463 0.06336
464 0.06311
465 0.06288
466 0.06264
467 0.06241
468 0.06218
469 0.06195
470 0.06173
471 0.06151
472 0.06129
473 0.06107
474 0.06086
475 0.06065
476 0.06044
477 0.06024
478 0.06003
479 0.05983
480 0.05963
481 0.05944
482 0.05924
483 0.05905
484 0.05886
485 0.05868
486 0.05849
487 0.05831
488 0.05813
489 0.05796
490 0.05778
491 0.05761
492 0.05744
493 0.05727
494 0.05711
495 0.05695
496 0.05679
497 0.05663
498 0.05647
499 0.05632
500 0.05617
501 0.05602
502 0.05587
503 0.05573
504 0.05559
505 0.05545
506 0.05531
507 0.05517
508 0.05504
509 0.05491
510 0.05478
511 0.05465
512 0.05453
513 0.05440
514 0.05428
515 0.05416
516 0.05405
517 0.05393
518 0.05382
519 0.05371
520 0.05360
521 0.05350
522 0.05339
523 0.05329
524 0.05319
525 0.05309
526 0.05300
527 0.05290
528 0.05281
529 0.05272
530 0.05263
531 0.05255
532 0.05246
533 0.05238
534 0.05230
535 0.05223
536 0.05215
537 0.05208
538 0.05201
539 0.05194
540 0.05187
541 0.05180
542 0.05174
543 0.05168
544 0.05162
545 0.05156
546 0.05150
547 0.05145
548 0.05140
549 0.05135
550 0.05130
551 0.05125
552 0.05121
553 0.05117
554 0.05113
555 0.05109
556 0.05105
557 0.05102
558 0.05099
559 0.05096
560 0.05093
561 0.05090
562 0.05088
563 0.05086
564 0.05084
565 0.05082
566 0.05080
567 0.05079
568 0.05078
569 0.05077
570 0.05076
571 0.05075
572 0.05075
573 0.05074
574 0.05074
575 0.05075
576 0.05075
577 0.05076
578 0.05076
579 0.05077
580 0.05079
581 0.05080
582 0.05082
583 0.05083
584 0.05085
585 0.05088
586 0.05090
587 0.05093
588 0.05096
589 0.05099
590 0.05102
591 0.05105
592 0.05109
593 0.05113
594 0.05117
595 0.05122
596 0.05126
597 0.05131
598 0.05136
599 0.05141
600 0.05147
601 0.05152
602 0.05158
603 0.05164
604 0.05171
605 0.05177
606 0.05184
607 0.05191
608 0.05199
609 0.05206
610 0.05214
611 0.05222
612 0.05230
613 0.05239
614 0.05247
615 0.05256
616 0.05265
617 0.05275
618 0.05285
619 0.05295
620 0.05305
621 0.05315
622 0.05326
623 0.05337
624 0.05348
625 0.05360
626 0.05371
627 0.05383
628 0.05396
629 0.05408
630 0.05421
631 0.05434
632 0.05448
633 0.05461
634 0.05475
635 0.05490
636 0.05504
637 0.05519
638 0.05534
639 0.05549
640 0.05565
641 0.05581
642 0.05597
643 0.05614
644 0.05631
645 0.05648
646 0.05666
647 0.05684
648 0.05702
649 0.05720
650 0.05739
651 0.05758
652 0.05777
653 0.05797
654 0.05817
655 0.05838
656 0.05858
657 0.05879
658 0.05901
659 0.05923
660 0.05945
661 0.05967
662 0.05990
663 0.06013
664 0.06037
665 0.06061
666 0.06085
667 0.06110
668 0.06135
669 0.06160
670 0.06186
671 0.06213
672 0.06239
673 0.06266
674 0.06294
675 0.06322
676 0.06350
677 0.06379
678 0.06408
679 0.06438
680 0.06468
681 0.06499
682 0.06530
683 0.06561
684 0.06593
685 0.06626
686 0.06659
687 0.06692
688 0.06726
689 0.06761
690 0.06796
691 0.06831
692 0.06867
693 0.06903
694 0.06940
695 0.06978
696 0.07016
697 0.07055
698 0.07094
699 0.07134
700 0.07175
701 0.07216
702 0.07257
703 0.07299
704 0.07342
705 0.07386
706 0.07430
707 0.07475
708 0.07520
709 0.07566
710 0.07613
711 0.07661
712 0.07709
713 0.07758
714 0.07808
715 0.07858
716 0.07909
717 0.07961
718 0.08013
719 0.08067
720 0.08121
721 0.08176
722 0.08232
723 0.08288
724 0.08346
725 0.08404
726 0.08462
727 0.08522
728 0.08582
729 0.08644
730 0.08706
731 0.08769
732 0.08833
733 0.08899
734 0.08965
735 0.09032
736 0.09100
737 0.09169
738 0.09239
739 0.09310
740 0.09382
741 0.09455
742 0.09529
743 0.09605
744 0.09681
745 0.09759
746 0.09838
747 0.09918
748 0.09999
749 0.10081
750 0.10165
751 0.10250
752 0.10336
753 0.10424
754 0.10512
755 0.10603
756 0.10694
757 0.10787
758 0.10881
759 0.10977
760 0.11075
761 0.11173
762 0.11273
763 0.11375
764 0.11479
765 0.11584
766 0.11690
767 0.11798
768 0.11908
769 0.12020
770 0.12133
771 0.12248
772 0.12365
773 0.12484
774 0.12605
775 0.12727
776 0.12851
777 0.12978
778 0.13106
779 0.13237
780 0.13369
781 0.13504
782 0.13640
783 0.13779
784 0.13920
785 0.14064
786 0.14209
787 0.14357
788 0.14508
789 0.14661
790 0.14816
791 0.14974
792 0.15134
793 0.15297
794 0.15463
795 0.15632
796 0.15803
797 0.15977
798 0.16154
799 0.16334
800 0.16516
801 0.16702
802 0.16891
803 0.17083
804 0.17279
805 0.17477
806 0.17679
807 0.17885
808 0.18094
809 0.18306
810 0.18522
811 0.18742
812 0.18965
813 0.19192
814 0.19424
815 0.19659
816 0.19898
817 0.20141
818 0.20389
819 0.20641
820 0.20897
821 0.21158
822 0.21423
823 0.21693
824 0.21968
825 0.22248
826 0.22532
827 0.22822
828 0.23117
829 0.23417
830 0.23722
831 0.24033
832 0.24349
833 0.24671
834 0.24999
835 0.25333
836 0.25673
837 0.26020
838 0.26372
839 0.26731
840 0.27097
841 0.27469
842 0.27848
843 0.28234
844 0.28628
845 0.29028
846 0.29437
847 0.29852
848 0.30276
849 0.30708
850 0.31147
851 0.31595
852 0.32052
853 0.32517
854 0.32991
855 0.33475
856 0.33967
857 0.34469
858 0.34981
859 0.35500
860 0.36027
861 0.36564
862 0.37112
863 0.37670
864 0.38239
865 0.38819
866 0.39411
867 0.40014
868 0.40629
869 0.41256
870 0.41896
871 0.42548
872 0.43213
873 0.43892
874 0.44584
875 0.45289
876 0.46010
877 0.46744
878 0.47494
879 0.48258
880 0.49039
881 0.49835
882 0.50647
883 0.51476
884 0.52322
885 0.53186
886 0.54067
887 0.54967
888 0.55885
889 0.56823
890 0.57780
891 0.58757
892 0.59755
893 0.60773
894 0.61813
895 0.62876
896 0.63960
897 0.65068
898 0.66200
899 0.67356
900 0.68536
901 0.69742
902 0.70974
903 0.72233
904 0.73519
905 0.74833
906 0.76176
907 0.77548
908 0.78950
909 0.80383
910 0.81848
911 0.83345
912 0.84556
913 0.84751
914 0.84975
915 0.85193
916 0.85337
917 0.85406
918 0.85497
919 0.85615
920 0.85768
921 0.85969
922 0.85918
923 0.85867
924 0.86134
925 0.86083
926 0.86033
927 0.86394
928 0.86345
929 0.86296
930 0.86246
931 0.86749
932 0.86702
933 0.86654
934 0.86606
935 0.86558
936 0.86509
937 0.86461
938 0.87194
939 0.87148
940 0.87102
941 0.87056
942 0.87010
943 0.86963
944 0.86917
945 0.86870
946 0.86823
947 0.86777
948 0.86730
949 0.86683
950 0.87826
951 0.87782
952 0.87739
953 0.87695
954 0.87652
955 0.87608
956 0.87564
957 0.87520
958 0.87476
959 0.87432
960 0.87388
961 0.87344
962 0.87299
963 0.87255
964 0.87210
965 0.87166
966 0.87121
967 0.87076
968 0.87031
969 0.86986
970 0.86941
971 0.86896
972 0.86850
973 0.88840
974 0.88801
975 0.88762
976 0.88723
977 0.88683
978 0.88644
979 0.88605
980 0.88565
981 0.88526
982 0.88486
983 0.88446
984 0.88406
985 0.88366
986 0.88326
987 0.88286
988 0.88246
989 0.88206
990 0.88165
991 0.88125
992 0.88084
993 0.88043
994 0.88003
995 0.87962
996 0.87921
997 0.87880
998 0.87839
999 0.87798
1000 0.87756
1001 0.87715
1002 0.87674
1003 0.87632
1004 0.87590
1005 0.87549
1006 0.87507
1007 0.87465
1008 0.87423
1009 0.87381
1010 0.87339
1011 0.87296
1012 0.87254
1013 0.87212
1014 0.87169
1015 0.87127
1016 0.87084
1017 0.87041
1018 0.86998
1019 0.86955
1020 0.86912
1021 0.86869
1022 0.86826
1023 0.86783
1024 0.86739
1025 0.86696
1026 0.90961
1027 0.90931
1028 0.90900
1029 0.90870
1030 0.90839
1031 0.90809
1032 0.90778
1033 0.90747
1034 0.90717
1035 0.90686
1036 0.90655
1037 0.90624
1038 0.90593
1039 0.90562
1040 0.90531
1041 0.90499
1042 0.90468
1043 0.90437
1044 0.90405
1045 0.90374
1046 0.90342
1047 0.90310
1048 0.90279
1049 0.90247
1050 0.90215
1051 0.90183
1052 0.90151
1053 0.90119
1054 0.90087
1055 0.90055
1056 0.90022
1057 0.89990
1058 0.89958
1059 0.89925
1060 0.89893
1061 0.89860
1062 0.89827
1063 0.89795
1064 0.89762
1065 0.89729
1066 0.89696
1067 0.89663
1068 0.89630
1069 0.89597
1070 0.89563
1071 0.89530
1072 0.89497
1073 0.89463
1074 0.89430
1075 0.89396
1076 0.89363
1077 0.89329
1078 0.89295
1079 0.89261
1080 0.89227
1081 0.89193
1082 0.89159
1083 0.89125
1084 0.89091
1085 0.89057
1086 0.89022
1087 0.88988
1088 0.88954
1089 0.88919
1090 0.88884
1091 0.88850
1092 0.88815
1093 0.88780
1094 0.88745
1095 0.88710
1096 0.88675
1097 0.88640
1098 0.88605
1099 0.88570
1100 0.88535
1101 0.88499
1102 0.88464
1103 0.88428
1104 0.88393
1105 0.88357
1106 0.88321
1107 0.88286
1108 0.88250
1109 0.88214
1110 0.88178
1111 0.88142
1112 0.88106
1113 0.88069
1114 0.88033
1115 0.87997
1116 0.87960
1117 0.87924
1118 0.87887
1119 0.87851
1120 0.87814
1121 0.87777
1122 0.87740
1123 0.87703
1124 0.87667
1125 0.87629
1126 0.87592
1127 0.87555
1128 0.87518
1129 0.87481
1130 0.87443
1131 0.87406
1132 0.87368
1133 0.87331
1134 0.87293
1135 0.87255
1136 0.87217
1137 0.87179
1138 0.87141
1139 0.87103
1140 0.87065
1141 0.87027
1142 0.86989
1143 0.86951
1144 0.86912
1145 0.86874
1146 0.86835
1147 0.86797
1148 0.86758
1149 0.86719
1150 0.86680
1151 0.86642
1152 0.86603
1153 0.86564
1154 0.86525
1155 0.86485
1156 0.86446
1157 0.86407
1158 0.86367
1159 0.86328
1160 0.86289
1161 0.86249
1162 0.86209
1163 0.86170
1164 0.86130
1165 0.86090
1166 0.86050
1167 0.86010
1168 0.85970
1169 0.85930
1170 0.85890
1171 0.85849
1172 0.85809
1173 0.85768
1174 0.85728
1175 0.85687
1176 0.85647
1177 0.85606
1178 0.85565
1179 0.85524
1180 0.85483
1181 0.85442
1182 0.85401
1183 0.85360
1184 0.85319
1185 0.85278
1186 0.85236
1187 0.85195
1188 0.85153
1189 0.85112
1190 0.85070
1191 0.85029
1192 0.84987
1193 0.84945
1194 0.84903
1195 0.84861
1196 0.84819
1197 0.84777
1198 0.84735
1199 0.84692
1200 0.84650
1201 0.84608
1202 0.84565
1203 0.84523
1204 0.84480
1205 0.84437
1206 0.84395
1207 0.84352
1208 0.84309
1209 0.84266
1210 0.84223
1211 0.84180
1212 0.84136
1213 0.84093
1214 0.84050
1215 0.84006
1216 1.00000
