17 0.99616
18 0.99582
19 0.99547
20 0.99511
21 0.99475
22 0.99438
23 0.99399
24 0.99360
25 0.99321
26 0.99280
27 0.99239
28 0.99198
29 0.99155
30 0.99112
31 0.99068
32 0.99024
33 0.98979
34 0.98933
35 0.98887
36 0.98841
37 0.98793
38 0.98746
39 0.98697
40 0.98648
41 0.98599
42 0.98549
43 0.98499
44 0.98448
45 0.98397
46 0.98345
47 0.98293
48 0.98240
49 0.98187
50 0.98134
51 0.98080
52 0.98026
53 0.97971
54 0.97916
55 0.97861
56 0.97805
57 0.97749
58 0.97692
59 0.97635
60 0.97578
61 0.97520
62 0.97463
63 0.97404
64 0.97346
65 0.97287
66 0.97228
67 0.97168
68 0.97109
69 0.97049
70 0.96988
71 0.96928
72 0.96867
73 0.96806
74 0.96744
75 0.96683
76 0.96621
77 0.96559
78 0.96496
79 0.96434
80 0.96371
81 0.96308
82 0.96245
83 0.96181
84 0.96117
85 0.96053
86 0.95989
87 0.95925
88 0.95861
89 0.95796
90 0.95731
91 0.95666
92 0.95601
93 0.95535
94 0.95470
95 0.95404
96 0.95338
97 0.95272
98 0.95206
99 0.95139
100 0.95073
101 0.95006
102 0.94940
103 0.94873
104 0.94806
105 0.94738
106 0.94671
107 0.94604
108 0.94536
109 0.94468
110 0.94401
111 0.94333
112 0.94265
113 0.94197
114 0.94129
115 0.94060
116 0.93992
117 0.93923
118 0.93855
119 0.93786
120 0.93718
121 0.93649
122 0.93580
123 0.93511
124 0.93442
125 0.93373
126 0.93304
127 0.93235
128 0.93165
129 0.93096
130 0.93027
131 0.92957
132 0.92888
133 0.92818
134 0.92749
135 0.92679
136 0.92610
137 0.92540
138 0.92470
139 0.92401
140 0.92331
141 0.92261
142 0.92191
143 0.92121
144 0.92052
145 0.91982
146 0.91912
147 0.91842
148 0.91772
149 0.91702
150 0.91632
151 0.91562
152 0.91493
153 0.91423
154 0.91353
155 0.91283
156 0.91213
157 0.91143
158 0.91073
159 0.91003
160 0.90934
161 0.90864
162 0.90794
163 0.90724
164 0.90654
165 0.90585
166 0.90515
167 0.90445
168 0.90376
169 0.90306
170 0.90236
171 0.90167
172 0.90097
173 0.90028
174 0.89958
175 0.89889
176 0.89820
177 0.89750
178 0.89681
179 0.89612
180 0.89543
181 0.89473
182 0.89404
183 0.89335
184 0.89266
185 0.89198
186 0.89129
187 0.89060
188 0.88991
189 0.88923
190 0.88854
191 0.88785
192 0.88717
193 0.88649
194 0.88580
195 0.88512
196 0.88444
197 0.88376
198 0.88308
199 0.88240
200 0.88172
201 0.88104
202 0.88036
203 0.87969
204 0.87901
205 0.87834
206 0.87767
207 0.87699
208 0.87632
209 0.87565
210 0.87498
211 0.87431
212 0.87364
213 0.87298
214 0.87231
215 0.87164
216 0.87098
217 0.87032
218 0.86965
219 0.86899
220 0.86833
221 0.86767
222 0.86701
223 0.86636
224 0.86570
225 0.86505
226 0.86439
227 0.86374
228 0.86309
229 0.86244
230 0.86179
231 0.86114
232 0.86049
233 0.85985
234 0.85920
235 0.85856
236 0.85792
237 0.85728
238 0.85664
239 0.85600
240 0.85536
241 0.85472
242 0.85409
243 0.85345
244 0.85282
245 0.85219
246 0.85156
247 0.85093
248 0.85031
249 0.84968
250 0.84905
251 0.84843
252 0.84781
253 0.84719
254 0.84657
255 0.84595
256 0.84533
257 0.84472
258 0.84411
259 0.84349
260 0.84288
261 0.84227
262 0.84166
263 0.84106
264 0.84045
265 0.83985
266 0.83925
267 0.83865
268 0.83805
269 0.83745
270 0.83685
271 0.83626
272 0.83566
273 0.83507
274 0.83448
275 0.83389
276 0.83330
277 0.83272
278 0.83213
279 0.83155
280 0.83097
281 0.83039
282 0.82981
283 0.82923
284 0.82866
285 0.82808
286 0.82751
287 0.82694
288 0.82637
289 0.82580
290 0.82524
291 0.82468
292 0.82411
293 0.82355
294 0.82299
295 0.82243
296 0.82188
297 0.82132
298 0.82077
299 0.82022
300 0.81967
301 0.81912
302 0.81858
303 0.81803
304 0.81749
305 0.81695
306 0.81641
307 0.81587
308 0.81534
309 0.81480
310 0.81427
311 0.81374
312 0.81321
313 0.81268
314 0.81216
315 0.81163
316 0.81111
317 0.81059
318 0.81007
319 0.80956
320 0.80904
321 0.80853
322 0.80802
323 0.80751
324 0.80700
325 0.80649
326 0.80599
327 0.80549
328 0.80498
329 0.80449
330 0.80399
331 0.80349
332 0.80300
333 0.80251
334 0.80202
335 0.80153
336 0.80104
337 0.80056
338 0.80008
339 0.79960
340 0.79912
341 0.79864
342 0.79816
343 0.79769
344 0.79722
345 0.79675
346 0.79628
347 0.79582
348 0.79535
349 0.79489
350 0.79443
351 0.79397
352 0.79352
353 0.79306
354 0.79261
355 0.79216
356 0.79171
357 0.79126
358 0.79082
359 0.79037
360 0.78993
361 0.78949
362 0.78906
363 0.78862
364 0.78819
365 0.78776
366 0.78733
367 0.78690
368 0.78647
369 0.78605
370 0.78563
371 0.78521
372 0.78479
373 0.78437
374 0.78396
375 0.78355
376 0.78314
377 0.78273
378 0.78232
379 0.78192
380 0.78152
381 0.78112
382 0.78072
383 0.78032
384 0.77993
385 0.77954
386 0.77915
387 0.77876
388 0.77837
389 0.77799
390 0.77761
391 0.77723
392 0.77685
393 0.77647
394 0.77610
395 0.77573
396 0.77536
397 0.77499
398 0.77462
399 0.77426
400 0.77390
401 0.77354
402 0.77318
403 0.77283
404 0.77247
405 0.77212
406 0.77177
407 0.77142
408 0.77108
409 0.77074
410 0.77039
411 0.77006
412 0.76972
413 0.76938
414 0.76905
415 0.76872
416 0.76839
417 0.76806
418 0.76774
419 0.76742
420 0.76710
421 0.76678
422 0.76646
423 0.76615
424 0.76584
425 0.76553
426 0.76522
427 0.76492
428 0.76461
429 0.76431
430 0.76401
431 0.76371
432 0.76342
433 0.76313
434 0.76284
435 0.76255
436 0.76226
437 0.76198
438 0.76169
439 0.76141
440 0.76114
441 0.76086
442 0.76059
443 0.76032
444 0.76005
445 0.75978
446 0.75952
447 0.75925
448 0.75899
449 0.75873
450 0.75848
451 0.75822
452 0.75797
453 0.75772
454 0.75748
455 0.75723
456 0.75699
457 0.75675
458 0.75651
459 0.75627
460 0.75604
461 0.75580
462 0.75557
463 0.75535
464 0.75512
465 0.75490
466 0.75468
467 0.75446
468 0.75424
469 0.75403
470 0.75382
471 0.75361
472 0.75340
473 0.75319
474 0.75299
475 0.75279
476 0.75259
477 0.75239
478 0.75220
479 0.75201
480 0.75182
481 0.75163
482 0.75144
483 0.75126
484 0.75108
485 0.75090
486 0.75073
487 0.75055
488 0.75038
489 0.75021
490 0.75004
491 0.74988
492 0.74972
493 0.74955
494 0.74940
495 0.74924
496 0.74909
497 0.74894
498 0.74879
499 0.74864
500 0.74850
501 0.74835
502 0.74821
503 0.74808
504 0.74794
505 0.74781
506 0.74768
507 0.74755
508 0.74743
509 0.74730
510 0.74718
511 0.74706
512 0.74695
513 0.74683
514 0.74672
515 0.74661
516 0.74650
517 0.74640
518 0.74630
519 0.74620
520 0.74610
521 0.74600
522 0.74591
523 0.74582
524 0.74573
525 0.74564
526 0.74556
527 0.74548
528 0.74540
529 0.74533
530 0.74525
531 0.74518
532 0.74511
533 0.74504
534 0.74498
535 0.74492
536 0.74486
537 0.74480
538 0.74475
539 0.74469
540 0.74464
541 0.74460
542 0.74455
543 0.74451
544 0.74447
545 0.74443
546 0.74439
547 0.74436
548 0.74433
549 0.74430
550 0.74428
551 0.74425
552 0.74423
553 0.74421
554 0.74420
555 0.74419
556 0.74417
557 0.74417
558 0.74416
559 0.74416
560 0.74416
561 0.74416
562 0.74416
563 0.74417
564 0.74418
565 0.74419
566 0.74420
567 0.74422
568 0.74424
569 0.74426
570 0.74428
571 0.74431
572 0.74434
573 0.74437
574 0.74440
575 0.74444
576 0.74448
577 0.74452
578 0.74457
579 0.74461
580 0.74466
581 0.74472
582 0.74477
583 0.74483
584 0.74489
585 0.74495
586 0.74501
587 0.74508
588 0.74515
589 0.74522
590 0.74530
591 0.74538
592 0.74546
593 0.74554
594 0.74563
595 0.74571
596 0.74581
597 0.74590
598 0.74599
599 0.74609
600 0.74620
601 0.74630
602 0.74641
603 0.74652
604 0.74663
605 0.74674
606 0.74686
607 0.74698
608 0.74710
609 0.74723
610 0.74736
611 0.74749
612 0.74762
613 0.74776
614 0.74789
615 0.74804
616 0.74818
617 0.74833
618 0.74848
619 0.74863
620 0.74878
621 0.74894
622 0.74910
623 0.74927
624 0.74943
625 0.74960
626 0.74977
627 0.74995
628 0.75012
629 0.75030
630 0.75049
631 0.75067
632 0.75086
633 0.75105
634 0.75125
635 0.75144
636 0.75164
637 0.75184
638 0.75205
639 0.75226
640 0.75247
641 0.75268
642 0.75290
643 0.75312
644 0.75334
645 0.75356
646 0.75379
647 0.75402
648 0.75426
649 0.75449
650 0.75473
651 0.75497
652 0.75522
653 0.75547
654 0.75572
655 0.75597
656 0.75623
657 0.75649
658 0.75675
659 0.75702
660 0.75729
661 0.75756
662 0.75783
663 0.75811
664 0.75839
665 0.75867
666 0.75896
667 0.75925
668 0.75954
669 0.75984
670 0.76014
671 0.76044
672 0.76074
673 0.76105
674 0.76136
675 0.76168
676 0.76199
677 0.76231
678 0.76263
679 0.76296
680 0.76329
681 0.76362
682 0.76396
683 0.76430
684 0.76464
685 0.76498
686 0.76533
687 0.76568
688 0.76603
689 0.76639
690 0.76675
691 0.76711
692 0.76748
693 0.76785
694 0.76822
695 0.76860
696 0.76898
697 0.76936
698 0.76975
699 0.77014
700 0.77053
701 0.77092
702 0.77132
703 0.77172
704 0.77213
705 0.77254
706 0.77295
707 0.77336
708 0.77378
709 0.77420
710 0.77463
711 0.77506
712 0.77549
713 0.77592
714 0.77636
715 0.77680
716 0.77725
717 0.77770
718 0.77815
719 0.77860
720 0.77906
721 0.77952
722 0.77999
723 0.78046
724 0.78093
725 0.78140
726 0.78188
727 0.78236
728 0.78285
729 0.78334
730 0.78383
731 0.78433
732 0.78483
733 0.78533
734 0.78584
735 0.78635
736 0.78686
737 0.78738
738 0.78790
739 0.78843
740 0.78895
741 0.78949
742 0.79002
743 0.79056
744 0.79110
745 0.79165
746 0.79220
747 0.79275
748 0.79331
749 0.79387
750 0.79443
751 0.79500
752 0.79557
753 0.79615
754 0.79673
755 0.79731
756 0.79790
757 0.79849
758 0.79908
759 0.79968
760 0.80028
761 0.80089
762 0.80150
763 0.80211
764 0.80273
765 0.80335
766 0.80397
767 0.80460
768 0.80524
769 0.80587
770 0.80651
771 0.80716
772 0.80780
773 0.80846
774 0.80911
775 0.80977
776 0.81044
777 0.81110
778 0.81178
779 0.81245
780 0.81313
781 0.81382
782 0.81450
783 0.81520
784 0.81589
785 0.81659
786 0.81730
787 0.81801
788 0.81872
789 0.81943
790 0.82015
791 0.82088
792 0.82161
793 0.82234
794 0.82308
795 0.82382
796 0.82457
797 0.82532
798 0.82607
799 0.82683
800 0.82759
801 0.82836
802 0.82913
803 0.82991
804 0.83069
805 0.83147
806 0.83226
807 0.83305
808 0.83385
809 0.83465
810 0.83546
811 0.83627
812 0.83709
813 0.83791
814 0.83873
815 0.83956
816 0.84039
817 0.84123
818 0.84207
819 0.84292
820 0.84377
821 0.84463
822 0.84549
823 0.84635
824 0.84722
825 0.84810
826 0.84898
827 0.84986
828 0.85075
829 0.85164
830 0.85254
831 0.85344
832 0.85435
833 0.85526
834 0.85618
835 0.85710
836 0.85803
837 0.85896
838 0.85990
839 0.86084
840 0.86178
841 0.86273
842 0.86369
843 0.86465
844 0.86562
845 0.86659
846 0.86756
847 0.86854
848 0.86953
849 0.87052
850 0.87152
851 0.87252
852 0.87353
853 0.87454
854 0.87555
855 0.87657
856 0.87760
857 0.87863
858 0.87967
859 0.88071
860 0.88176
861 0.88281
862 0.88387
863 0.88494
864 0.88601
865 0.88708
866 0.88816
867 0.88924
868 0.89033
869 0.89143
870 0.89253
871 0.89364
872 0.89475
873 0.89587
874 0.89699
875 0.89812
876 0.89926
877 0.90040
878 0.90154
879 0.90269
880 0.90385
881 0.90501
882 0.90618
883 0.90736
884 0.90854
885 0.90972
886 0.91091
887 0.91211
888 0.91331
889 0.91452
890 0.91574
891 0.91696
892 0.91819
893 0.91942
894 0.92066
895 0.92190
896 0.92315
897 0.92441
898 0.92567
899 0.92694
900 0.92822
901 0.92950
902 0.93079
903 0.93208
904 0.93338
905 0.93469
906 0.93600
907 0.93732
908 0.93864
909 0.93997
910 0.94131
911 0.94265
912 0.94372
913 0.94789
914 0.95059
915 0.95241
916 0.95344
917 0.95398
918 0.95456
919 0.95521
920 0.95594
921 0.95677
922 0.95671
923 0.95664
924 0.95762
925 0.95755
926 0.95749
927 0.95867
928 0.95861
929 0.95854
930 0.95848
931 0.95997
932 0.95991
933 0.95984
934 0.95978
935 0.95972
936 0.95966
937 0.95960
938 0.96158
939 0.96152
940 0.96146
941 0.96140
942 0.96134
943 0.96128
944 0.96123
945 0.96117
946 0.96111
947 0.96105
948 0.96099
949 0.96093
950 0.96377
951 0.96372
952 0.96367
953 0.96361
954 0.96356
955 0.96350
956 0.96345
957 0.96339
958 0.96334
959 0.96329
960 0.96323
961 0.96318
962 0.96312
963 0.96307
964 0.96301
965 0.96296
966 0.96290
967 0.96285
968 0.96280
969 0.96274
970 0.96269
971 0.96263
972 0.96258
973 0.96718
974 0.96714
975 0.96709
976 0.96704
977 0.96699
978 0.96694
979 0.96690
980 0.96685
981 0.96680
982 0.96675
983 0.96670
984 0.96666
985 0.96661
986 0.96656
987 0.96651
988 0.96646
989 0.96642
990 0.96637
991 0.96632
992 0.96627
993 0.96622
994 0.96617
995 0.96613
996 0.96608
997 0.96603
998 0.96598
999 0.96593
1000 0.96589
1001 0.96584
1002 0.96579
1003 0.96574
1004 0.96569
1005 0.96564
1006 0.96559
1007 0.96555
1008 0.96550
1009 0.96545
1010 0.96540
1011 0.96535
1012 0.96530
1013 0.96525
1014 0.96521
1015 0.96516
1016 0.96511
1017 0.96506
1018 0.96501
1019 0.96496
1020 0.96491
1021 0.96487
1022 0.96482
1023 0.96477
1024 0.96472
1025 0.96467
1026 0.97398
1027 0.97395
1028 0.97391
1029 0.97388
1030 0.97384
1031 0.97380
1032 0.97377
1033 0.97373
1034 0.97370
1035 0.97366
1036 0.97362
1037 0.97359
1038 0.97355
1039 0.97352
1040 0.97348
1041 0.97344
1042 0.97341
1043 0.97337
1044 0.97334
1045 0.97330
1046 0.97326
1047 0.97323
1048 0.97319
1049 0.97315
1050 0.97312
1051 0.97308
1052 0.97304
1053 0.97301
1054 0.97297
1055 0.97294
1056 0.97290
1057 0.97286
1058 0.97283
1059 0.97279
1060 0.97275
1061 0.97272
1062 0.97268
1063 0.97264
1064 0.97261
1065 0.97257
1066 0.97254
1067 0.97250
1068 0.97246
1069 0.97243
1070 0.97239
1071 0.97235
1072 0.97232
1073 0.97228
1074 0.97224
1075 0.97221
1076 0.97217
1077 0.97213
1078 0.97210
1079 0.97206
1080 0.97202
1081 0.97199
1082 0.97195
1083 0.97191
1084 0.97188
1085 0.97184
1086 0.97180
1087 0.97177
1088 0.97173
1089 0.97169
1090 0.97165
1091 0.97162
1092 0.97158
1093 0.97154
1094 0.97151
1095 0.97147
1096 0.97143
1097 0.97140
1098 0.97136
1099 0.97132
1100 0.97129
1101 0.97125
1102 0.97121
1103 0.97117
1104 0.97114
1105 0.97110
1106 0.97106
1107 0.97103
1108 0.97099
1109 0.97095
1110 0.97092
1111 0.97088
1112 0.97084
1113 0.97080
1114 0.97077
1115 0.97073
1116 0.97069
1117 0.97065
1118 0.97062
1119 0.97058
1120 0.97054
1121 0.97051
1122 0.97047
1123 0.97043
1124 0.97039
1125 0.97036
1126 0.97032
1127 0.97028
1128 0.97024
1129 0.97021
1130 0.97017
1131 0.97013
1132 0.97010
1133 0.97006
1134 0.97002
1135 0.96998
1136 0.96995
1137 0.96991
1138 0.96987
1139 0.96983
1140 0.96980
1141 0.96976
1142 0.96972
1143 0.96968
1144 0.96965
1145 0.96961
1146 0.96957
1147 0.96953
1148 0.96950
1149 0.96946
1150 0.96942
1151 0.96938
1152 0.96934
1153 0.96931
1154 0.96927
1155 0.96923
1156 0.96919
1157 0.96916
1158 0.96912
1159 0.96908
1160 0.96904
1161 0.96901
1162 0.96897
1163 0.96893
1164 0.96889
1165 0.96885
1166 0.96882
1167 0.96878
1168 0.96874
1169 0.96870
1170 0.96866
1171 0.96863
1172 0.96859
1173 0.96855
1174 0.96851
1175 0.96847
1176 0.96844
1177 0.96840
1178 0.96836
1179 0.96832
1180 0.96829
1181 0.96825
1182 0.96821
1183 0.96817
1184 0.96813
1185 0.96809
1186 0.96806
1187 0.96802
1188 0.96798
1189 0.96794
1190 0.96790
1191 0.96787
1192 0.96783
1193 0.96779
1194 0.96775
1195 0.96771
1196 0.96767
1197 0.96764
1198 0.96760
1199 0.96756
1200 0.96752
1201 0.96748
1202 0.96745
1203 0.96741
1204 0.96737
1205 0.96733
1206 0.96729
1207 0.96725
1208 0.96722
1209 0.96718
1210 0.96714
1211 0.96710
1212 0.96706
1213 0.96702
1214 0.96698
1215 0.96695
1216 1.00000
