17 0.97783
18 0.97581
19 0.97373
20 0.97160
21 0.96942
22 0.96718
23 0.96489
24 0.96256
25 0.96017
26 0.95774
27 0.95526
28 0.95274
29 0.95018
30 0.94758
31 0.94493
32 0.94225
33 0.93953
34 0.93677
35 0.93398
36 0.93115
37 0.92829
38 0.92539
39 0.92247
40 0.91951
41 0.91653
42 0.91351
43 0.91047
44 0.90740
45 0.90430
46 0.90118
47 0.89803
48 0.89486
49 0.89166
50 0.88844
51 0.88520
52 0.88194
53 0.87866
54 0.87536
55 0.87204
56 0.86871
57 0.86535
58 0.86198
59 0.85859
60 0.85519
61 0.85177
62 0.84833
63 0.84489
64 0.84142
65 0.83795
66 0.83447
67 0.83097
68 0.82746
69 0.82394
70 0.82041
71 0.81687
72 0.81333
73 0.80977
74 0.80621
75 0.80264
76 0.79906
77 0.79548
78 0.79189
79 0.78829
80 0.78469
81 0.78109
82 0.77748
83 0.77387
84 0.77025
85 0.76663
86 0.76301
87 0.75939
88 0.75576
89 0.75213
90 0.74851
91 0.74488
92 0.74125
93 0.73762
94 0.73400
95 0.73037
96 0.72674
97 0.72312
98 0.71950
99 0.71588
100 0.71226
101 0.70865
102 0.70504
103 0.70143
104 0.69783
105 0.69423
106 0.69063
107 0.68704
108 0.68346
109 0.67988
110 0.67630
111 0.67274
112 0.66917
113 0.66562
114 0.66207
115 0.65852
116 0.65499
117 0.65146
118 0.64793
119 0.64442
120 0.64091
121 0.63742
122 0.63393
123 0.63044
124 0.62697
125 0.62351
126 0.62005
127 0.61661
128 0.61317
129 0.60974
130 0.60632
131 0.60292
132 0.59952
133 0.59613
134 0.59276
135 0.58939
136 0.58604
137 0.58269
138 0.57936
139 0.57604
140 0.57272
141 0.56942
142 0.56614
143 0.56286
144 0.55959
145 0.55634
146 0.55310
147 0.54987
148 0.54665
149 0.54345
150 0.54026
151 0.53708
152 0.53391
153 0.53076
154 0.52762
155 0.52449
156 0.52137
157 0.51827
158 0.51518
159 0.51210
160 0.50904
161 0.50599
162 0.50295
163 0.49993
164 0.49692
165 0.49392
166 0.49094
167 0.48797
168 0.48501
169 0.48207
170 0.47914
171 0.47623
172 0.47333
173 0.47044
174 0.46757
175 0.46471
176 0.46186
177 0.45903
178 0.45622
179 0.45341
180 0.45063
181 0.44785
182 0.44509
183 0.44234
184 0.43961
185 0.43689
186 0.43419
187 0.43150
188 0.42883
189 0.42617
190 0.42352
191 0.42089
192 0.41827
193 0.41566
194 0.41307
195 0.41050
196 0.40793
197 0.40539
198 0.40285
199 0.40033
200 0.39783
201 0.39534
202 0.39286
203 0.39040
204 0.38795
205 0.38552
206 0.38310
207 0.38069
208 0.37830
209 0.37592
210 0.37355
211 0.37120
212 0.36887
213 0.36654
214 0.36424
215 0.36194
216 0.35966
217 0.35739
218 0.35514
219 0.35290
220 0.35067
221 0.34846
222 0.34626
223 0.34408
224 0.34190
225 0.33975
226 0.33760
227 0.33547
228 0.33335
229 0.33125
230 0.32916
231 0.32708
232 0.32501
233 0.32296
234 0.32092
235 0.31890
236 0.31689
237 0.31489
238 0.31290
239 0.31093
240 0.30897
241 0.30702
242 0.30508
243 0.30316
244 0.30125
245 0.29936
246 0.29747
247 0.29560
248 0.29374
249 0.29189
250 0.29006
251 0.28824
252 0.28643
253 0.28463
254 0.28284
255 0.28107
256 0.27931
257 0.27756
258 0.27582
259 0.27409
260 0.27238
261 0.27068
262 0.26899
263 0.26731
264 0.26564
265 0.26399
266 0.26234
267 0.26071
268 0.25909
269 0.25748
270 0.25588
271 0.25429
272 0.25272
273 0.25115
274 0.24960
275 0.24806
276 0.24652
277 0.24500
278 0.24349
279 0.24199
280 0.24051
281 0.23903
282 0.23756
283 0.23610
284 0.23466
285 0.23322
286 0.23179
287 0.23038
288 0.22897
289 0.22758
290 0.22620
291 0.22482
292 0.22346
293 0.22210
294 0.22076
295 0.21942
296 0.21810
297 0.21678
298 0.21548
299 0.21418
300 0.21289
301 0.21162
302 0.21035
303 0.20909
304 0.20784
305 0.20661
306 0.20538
307 0.20416
308 0.20294
309 0.20174
310 0.20055
311 0.19936
312 0.19819
313 0.19702
314 0.19586
315 0.19471
316 0.19357
317 0.19244
318 0.19132
319 0.19021
320 0.18910
321 0.18800
322 0.18691
323 0.18583
324 0.18476
325 0.18370
326 0.18264
327 0.18159
328 0.18055
329 0.17952
330 0.17850
331 0.17748
332 0.17647
333 0.17547
334 0.17448
335 0.17349
336 0.17252
337 0.17155
338 0.17059
339 0.16963
340 0.16868
341 0.16775
342 0.16681
343 0.16589
344 0.16497
345 0.16406
346 0.16316
347 0.16226
348 0.16137
349 0.16049
350 0.15962
351 0.15875
352 0.15789
353 0.15704
354 0.15619
355 0.15535
356 0.15452
357 0.15369
358 0.15287
359 0.15205
360 0.15125
361 0.15045
362 0.14965
363 0.14887
364 0.14808
365 0.14731
366 0.14654
367 0.14578
368 0.14502
369 0.14427
370 0.14353
371 0.14279
372 0.14206
373 0.14133
374 0.14061
375 0.13990
376 0.13919
377 0.13849
378 0.13780
379 0.13710
380 0.13642
381 0.13574
382 0.13507
383 0.13440
384 0.13374
385 0.13308
386 0.13243
387 0.13179
388 0.13115
389 0.13051
390 0.12988
391 0.12926
392 0.12864
393 0.12803
394 0.12742
395 0.12681
396 0.12622
397 0.12562
398 0.12504
399 0.12445
400 0.12388
401 0.12330
402 0.12274
403 0.12217
404 0.12162
405 0.12106
406 0.12052
407 0.11997
408 0.11943
409 0.11890
410 0.11837
411 0.11785
412 0.11733
413 0.11681
414 0.11630
415 0.11580
416 0.11529
417 0.11480
418 0.11430
419 0.11382
420 0.11333
421 0.11285
422 0.11238
423 0.11191
424 0.11144
425 0.11098
426 0.11052
427 0.11007
428 0.10962
429 0.10917
430 0.10873
431 0.10830
432 0.10786
433 0.10743
434 0.10701
435 0.10659
436 0.10617
437 0.10576
438 0.10535
439 0.10494
440 0.10454
441 0.10415
442 0.10375
443 0.10336
444 0.10298
445 0.10260
446 0.10222
447 0.10184
448 0.10147
449 0.10111
450 0.10074
451 0.10038
452 0.10003
453 0.09967
454 0.09932
455 0.09898
456 0.09864
457 0.09830
458 0.09796
459 0.09763
460 0.09731
461 0.09698
462 0.09666
463 0.09634
464 0.09603
465 0.09572
466 0.09541
467 0.09511
468 0.09481
469 0.09451
470 0.09421
471 0.09392
472 0.09364
473 0.09335
474 0.09307
475 0.09279
476 0.09252
477 0.09225
478 0.09198
479 0.09171
480 0.09145
481 0.09119
482 0.09093
483 0.09068
484 0.09043
485 0.09019
486 0.08994
487 0.08970
488 0.08946
489 0.08923
490 0.08900
491 0.08877
492 0.08854
493 0.08832
494 0.08810
495 0.08788
496 0.08767
497 0.08746
498 0.08725
499 0.08705
500 0.08684
501 0.08664
502 0.08645
503 0.08625
504 0.08606
505 0.08588
506 0.08569
507 0.08551
508 0.08533
509 0.08515
510 0.08498
511 0.08481
512 0.08464
513 0.08447
514 0.08431
515 0.08415
516 0.08399
517 0.08384
518 0.08369
519 0.08354
520 0.08339
521 0.08325
522 0.08310
523 0.08297
524 0.08283
525 0.08270
526 0.08257
527 0.08244
528 0.08231
529 0.08219
530 0.08207
531 0.08195
532 0.08184
533 0.08173
534 0.08162
535 0.08151
536 0.08141
537 0.08131
538 0.08121
539 0.08111
540 0.08102
541 0.08093
542 0.08084
543 0.08075
544 0.08067
545 0.08059
546 0.08051
547 0.08044
548 0.08037
549 0.08030
550 0.08023
551 0.08016
552 0.08010
553 0.08004
554 0.07999
555 0.07993
556 0.07988
557 0.07983
558 0.07979
559 0.07974
560 0.07970
561 0.07966
562 0.07963
563 0.07959
564 0.07956
565 0.07954
566 0.07951
567 0.07949
568 0.07947
569 0.07945
570 0.07944
571 0.07942
572 0.07941
573 0.07941
574 0.07940
575 0.07940
576 0.07940
577 0.07941
578 0.07942
579 0.07942
580 0.07944
581 0.07945
582 0.07947
583 0.07949
584 0.07951
585 0.07954
586 0.07957
587 0.07960
588 0.07963
589 0.07967
590 0.07971
591 0.07975
592 0.07980
593 0.07985
594 0.07990
595 0.07995
596 0.08001
597 0.08007
598 0.08014
599 0.08020
600 0.08027
601 0.08034
602 0.08042
603 0.08049
604 0.08057
605 0.08066
606 0.08075
607 0.08084
608 0.08093
609 0.08102
610 0.08112
611 0.08122
612 0.08133
613 0.08144
614 0.08155
615 0.08166
616 0.08178
617 0.08190
618 0.08203
619 0.08216
620 0.08229
621 0.08242
622 0.08256
623 0.08270
624 0.08284
625 0.08299
626 0.08314
627 0.08330
628 0.08346
629 0.08362
630 0.08378
631 0.08395
632 0.08412
633 0.08430
634 0.08448
635 0.08466
636 0.08485
637 0.08504
638 0.08523
639 0.08543
640 0.08563
641 0.08584
642 0.08605
643 0.08626
644 0.08648
645 0.08670
646 0.08693
647 0.08716
648 0.08739
649 0.08763
650 0.08787
651 0.08811
652 0.08836
653 0.08862
654 0.08888
655 0.08914
656 0.08941
657 0.08968
658 0.08996
659 0.09024
660 0.09052
661 0.09081
662 0.09111
663 0.09141
664 0.09171
665 0.09202
666 0.09233
667 0.09265
668 0.09298
669 0.09330
670 0.09364
671 0.09398
672 0.09432
673 0.09467
674 0.09502
675 0.09538
676 0.09575
677 0.09612
678 0.09650
679 0.09688
680 0.09726
681 0.09766
682 0.09806
683 0.09846
684 0.09887
685 0.09929
686 0.09971
687 0.10014
688 0.10057
689 0.10101
690 0.10146
691 0.10191
692 0.10237
693 0.10283
694 0.10330
695 0.10378
696 0.10427
697 0.10476
698 0.10525
699 0.10576
700 0.10627
701 0.10679
702 0.10731
703 0.10785
704 0.10839
705 0.10893
706 0.10949
707 0.11005
708 0.11062
709 0.11120
710 0.11178
711 0.11237
712 0.11298
713 0.11359
714 0.11420
715 0.11483
716 0.11546
717 0.11611
718 0.11676
719 0.11742
720 0.11809
721 0.11877
722 0.11945
723 0.12015
724 0.12086
725 0.12158
726 0.12230
727 0.12304
728 0.12378
729 0.12454
730 0.12531
731 0.12609
732 0.12687
733 0.12767
734 0.12848
735 0.12930
736 0.13013
737 0.13097
738 0.13182
739 0.13269
740 0.13356
741 0.13445
742 0.13535
743 0.13626
744 0.13719
745 0.13813
746 0.13908
747 0.14004
748 0.14102
749 0.14201
750 0.14302
751 0.14404
752 0.14507
753 0.14612
754 0.14718
755 0.14826
756 0.14935
757 0.15045
758 0.15158
759 0.15271
760 0.15387
761 0.15504
762 0.15623
763 0.15743
764 0.15865
765 0.15989
766 0.16114
767 0.16241
768 0.16371
769 0.16501
770 0.16634
771 0.16769
772 0.16905
773 0.17044
774 0.17184
775 0.17325
776 0.17469
777 0.17615
778 0.17763
779 0.17913
780 0.18066
781 0.18220
782 0.18377
783 0.18536
784 0.18697
785 0.18861
786 0.19027
787 0.19195
788 0.19366
789 0.19539
790 0.19715
791 0.19894
792 0.20075
793 0.20259
794 0.20445
795 0.20635
796 0.20827
797 0.21022
798 0.21220
799 0.21420
800 0.21624
801 0.21831
802 0.22041
803 0.22254
804 0.22471
805 0.22690
806 0.22913
807 0.23139
808 0.23369
809 0.23602
810 0.23839
811 0.24080
812 0.24324
813 0.24571
814 0.24823
815 0.25079
816 0.25338
817 0.25602
818 0.25869
819 0.26141
820 0.26417
821 0.26698
822 0.26982
823 0.27272
824 0.27565
825 0.27864
826 0.28167
827 0.28475
828 0.28788
829 0.29105
830 0.29428
831 0.29756
832 0.30090
833 0.30428
834 0.30772
835 0.31122
836 0.31477
837 0.31839
838 0.32206
839 0.32579
840 0.32958
841 0.33343
842 0.33735
843 0.34133
844 0.34537
845 0.34949
846 0.35367
847 0.35792
848 0.36224
849 0.36664
850 0.37110
851 0.37565
852 0.38027
853 0.38496
854 0.38974
855 0.39460
856 0.39954
857 0.40457
858 0.40968
859 0.41487
860 0.42016
861 0.42554
862 0.43101
863 0.43658
864 0.44224
865 0.44800
866 0.45386
867 0.45983
868 0.46590
869 0.47207
870 0.47836
871 0.48475
872 0.49126
873 0.49788
874 0.50462
875 0.51149
876 0.51847
877 0.52558
878 0.53282
879 0.54019
880 0.54769
881 0.55532
882 0.56310
883 0.57102
884 0.57908
885 0.58729
886 0.59565
887 0.60416
888 0.61283
889 0.62166
890 0.63066
891 0.63982
892 0.64915
893 0.65866
894 0.66835
895 0.67821
896 0.68827
897 0.69851
898 0.70895
899 0.71958
900 0.73042
901 0.74146
902 0.75272
903 0.76419
904 0.77588
905 0.78779
906 0.79994
907 0.81232
908 0.82495
909 0.83781
910 0.85093
911 0.86431
912 0.87513
913 0.87684
914 0.87877
915 0.88067
916 0.88193
917 0.88249
918 0.88323
919 0.88420
920 0.88545
921 0.88709
922 0.88668
923 0.88626
924 0.88844
925 0.88803
926 0.88762
927 0.89057
928 0.89017
929 0.88977
930 0.88936
931 0.89347
932 0.89308
933 0.89269
934 0.89230
935 0.89191
936 0.89151
937 0.89112
938 0.89710
939 0.89673
940 0.89635
941 0.89597
942 0.89560
943 0.89522
944 0.89484
945 0.89446
946 0.89408
947 0.89369
948 0.89331
949 0.89293
950 0.90224
951 0.90189
952 0.90154
953 0.90118
954 0.90083
955 0.90047
956 0.90012
957 0.89976
958 0.89940
959 0.89904
960 0.89868
961 0.89832
962 0.89796
963 0.89760
964 0.89723
965 0.89687
966 0.89650
967 0.89614
968 0.89577
969 0.89540
970 0.89503
971 0.89466
972 0.89429
973 0.91049
974 0.91017
975 0.90986
976 0.90954
977 0.90922
978 0.90890
979 0.90858
980 0.90826
981 0.90794
982 0.90761
983 0.90729
984 0.90697
985 0.90664
986 0.90632
987 0.90599
988 0.90566
989 0.90534
990 0.90501
991 0.90468
992 0.90435
993 0.90402
994 0.90369
995 0.90335
996 0.90302
997 0.90269
998 0.90235
999 0.90202
1000 0.90168
1001 0.90134
1002 0.90101
1003 0.90067
1004 0.90033
1005 0.89999
1006 0.89965
1007 0.89931
1008 0.89897
1009 0.89862
1010 0.89828
1011 0.89793
1012 0.89759
1013 0.89724
1014 0.89690
1015 0.89655
1016 0.89620
1017 0.89585
1018 0.89550
1019 0.89515
1020 0.89480
1021 0.89445
1022 0.89410
1023 0.89374
1024 0.89339
1025 0.89303
1026 0.92768
1027 0.92743
1028 0.92718
1029 0.92694
1030 0.92669
1031 0.92645
1032 0.92620
1033 0.92595
1034 0.92570
1035 0.92545
1036 0.92520
1037 0.92495
1038 0.92470
1039 0.92445
1040 0.92419
1041 0.92394
1042 0.92369
1043 0.92343
1044 0.92318
1045 0.92293
1046 0.92267
1047 0.92241
1048 0.92216
1049 0.92190
1050 0.92164
1051 0.92138
1052 0.92112
1053 0.92086
1054 0.92060
1055 0.92034
1056 0.92008
1057 0.91982
1058 0.91956
1059 0.91929
1060 0.91903
1061 0.91877
1062 0.91850
1063 0.91824
1064 0.91797
1065 0.91770
1066 0.91744
1067 0.91717
1068 0.91690
1069 0.91663
1070 0.91636
1071 0.91609
1072 0.91582
1073 0.91555
1074 0.91528
1075 0.91501
1076 0.91473
1077 0.91446
1078 0.91419
1079 0.91391
1080 0.91364
1081 0.91336
1082 0.91309
1083 0.91281
1084 0.91253
1085 0.91225
1086 0.91197
1087 0.91169
1088 0.91142
1089 0.91113
1090 0.91085
1091 0.91057
1092 0.91029
1093 0.91001
1094 0.90972
1095 0.90944
1096 0.90916
1097 0.90887
1098 0.90858
1099 0.90830
1100 0.90801
1101 0.90772
1102 0.90744
1103 0.90715
1104 0.90686
1105 0.90657
1106 0.90628
1107 0.90599
1108 0.90570
1109 0.90540
1110 0.90511
1111 0.90482
1112 0.90452
1113 0.90423
1114 0.90393
1115 0.90364
1116 0.90334
1117 0.90304
1118 0.90275
1119 0.90245
1120 0.90215
1121 0.90185
1122 0.90155
1123 0.90125
1124 0.90095
1125 0.90065
1126 0.90035
1127 0.90004
1128 0.89974
1129 0.89943
1130 0.89913
1131 0.89882
1132 0.89852
1133 0.89821
1134 0.89791
1135 0.89760
1136 0.89729
1137 0.89698
1138 0.89667
1139 0.89636
1140 0.89605
1141 0.89574
1142 0.89543
1143 0.89511
1144 0.89480
1145 0.89449
1146 0.89417
1147 0.89386
1148 0.89354
1149 0.89323
1150 0.89291
1151 0.89259
1152 0.89227
1153 0.89196
1154 0.89164
1155 0.89132
1156 0.89100
1157 0.89068
1158 0.89035
1159 0.89003
1160 0.88971
1161 0.88939
1162 0.88906
1163 0.88874
1164 0.88841
1165 0.88809
1166 0.88776
1167 0.88743
1168 0.88710
1169 0.88678
1170 0.88645
1171 0.88612
1172 0.88579
1173 0.88546
1174 0.88513
1175 0.88479
1176 0.88446
1177 0.88413
1178 0.88379
1179 0.88346
1180 0.88312
1181 0.88279
1182 0.88245
1183 0.88212
1184 0.88178
1185 0.88144
1186 0.88110
1187 0.88076
1188 0.88042
1189 0.88008
1190 0.87974
1191 0.87940
1192 0.87906
1193 0.87871
1194 0.87837
1195 0.87803
1196 0.87768
1197 0.87733
1198 0.87699
1199 0.87664
1200 0.87629
1201 0.87595
1202 0.87560
1203 0.87525
1204 0.87490
1205 0.87455
1206 0.87420
1207 0.87385
1208 0.87349
1209 0.87314
1210 0.87279
1211 0.87243
1212 0.87208
1213 0.87172
1214 0.87137
1215 0.87101
1216 1.00000
