17 0.90880
18 0.90094
19 0.89291
20 0.88473
21 0.87642
22 0.86798
23 0.85942
24 0.85075
25 0.84198
26 0.83313
27 0.82419
28 0.81518
29 0.80610
30 0.79697
31 0.78778
32 0.77855
33 0.76929
34 0.75999
35 0.75066
36 0.74132
37 0.73197
38 0.72261
39 0.71324
40 0.70388
41 0.69453
42 0.68519
43 0.67586
44 0.66656
45 0.65728
46 0.64803
47 0.63882
48 0.62964
49 0.62050
50 0.61141
51 0.60236
52 0.59336
53 0.58442
54 0.57553
55 0.56670
56 0.55793
57 0.54922
58 0.54058
59 0.53200
60 0.52350
61 0.51506
62 0.50670
63 0.49841
64 0.49020
65 0.48207
66 0.47401
67 0.46604
68 0.45815
69 0.45034
70 0.44261
71 0.43497
72 0.42741
73 0.41994
74 0.41255
75 0.40526
76 0.39805
77 0.39092
78 0.38389
79 0.37694
80 0.37009
81 0.36332
82 0.35664
83 0.35005
84 0.34355
85 0.33714
86 0.33082
87 0.32459
88 0.31844
89 0.31239
90 0.30642
91 0.30054
92 0.29475
93 0.28904
94 0.28343
95 0.27789
96 0.27245
97 0.26709
98 0.26181
99 0.25662
100 0.25151
101 0.24648
102 0.24154
103 0.23667
104 0.23189
105 0.22719
106 0.22257
107 0.21802
108 0.21356
109 0.20917
110 0.20485
111 0.20062
112 0.19645
113 0.19236
114 0.18835
115 0.18440
116 0.18053
117 0.17673
118 0.17299
119 0.16933
120 0.16573
121 0.16220
122 0.15874
123 0.15534
124 0.15200
125 0.14873
126 0.14552
127 0.14237
128 0.13928
129 0.13626
130 0.13329
131 0.13038
132 0.12752
133 0.12473
134 0.12199
135 0.11930
136 0.11666
137 0.11408
138 0.11156
139 0.10908
140 0.10665
141 0.10427
142 0.10194
143 0.09966
144 0.09743
145 0.09524
146 0.09310
147 0.09100
148 0.08894
149 0.08693
150 0.08496
151 0.08304
152 0.08115
153 0.07930
154 0.07749
155 0.07573
156 0.07399
157 0.07230
158 0.07064
159 0.06902
160 0.06744
161 0.06588
162 0.06437
163 0.06288
164 0.06143
165 0.06001
166 0.05862
167 0.05726
168 0.05593
169 0.05463
170 0.05336
171 0.05212
172 0.05091
173 0.04972
174 0.04856
175 0.04743
176 0.04632
177 0.04523
178 0.04417
179 0.04314
180 0.04213
181 0.04114
182 0.04017
183 0.03923
184 0.03831
185 0.03740
186 0.03652
187 0.03566
188 0.03482
189 0.03400
190 0.03320
191 0.03241
192 0.03165
193 0.03090
194 0.03017
195 0.02945
196 0.02876
197 0.02808
198 0.02741
199 0.02676
200 0.02613
201 0.02551
202 0.02490
203 0.02431
204 0.02374
205 0.02317
206 0.02262
207 0.02209
208 0.02156
209 0.02105
210 0.02055
211 0.02006
212 0.01959
213 0.01912
214 0.01867
215 0.01822
216 0.01779
217 0.01737
218 0.01696
219 0.01655
220 0.01616
221 0.01578
222 0.01540
223 0.01504
224 0.01468
225 0.01433
226 0.01399
227 0.01366
228 0.01334
229 0.01302
230 0.01271
231 0.01241
232 0.01212
233 0.01183
234 0.01155
235 0.01128
236 0.01101
237 0.01075
238 0.01050
239 0.01025
240 0.01001
241 0.00977
242 0.00954
243 0.00932
244 0.00910
245 0.00889
246 0.00868
247 0.00847
248 0.00828
249 0.00808
250 0.00789
251 0.00771
252 0.00753
253 0.00735
254 0.00718
255 0.00701
256 0.00685
257 0.00669
258 0.00653
259 0.00638
260 0.00623
261 0.00609
262 0.00595
263 0.00581
264 0.00568
265 0.00554
266 0.00542
267 0.00529
268 0.00517
269 0.00505
270 0.00493
271 0.00482
272 0.00471
273 0.00460
274 0.00450
275 0.00439
276 0.00429
277 0.00420
278 0.00410
279 0.00401
280 0.00392
281 0.00383
282 0.00374
283 0.00366
284 0.00357
285 0.00349
286 0.00341
287 0.00334
288 0.00326
289 0.00319
290 0.00312
291 0.00305
292 0.00298
293 0.00291
294 0.00285
295 0.00279
296 0.00272
297 0.00266
298 0.00260
299 0.00255
300 0.00249
301 0.00244
302 0.00238
303 0.00233
304 0.00228
305 0.00223
306 0.00218
307 0.00213
308 0.00209
309 0.00204
310 0.00200
311 0.00196
312 0.00191
313 0.00187
314 0.00183
315 0.00179
316 0.00175
317 0.00172
318 0.00168
319 0.00164
320 0.00161
321 0.00158
322 0.00154
323 0.00151
324 0.00148
325 0.00145
326 0.00142
327 0.00139
328 0.00136
329 0.00133
330 0.00130
331 0.00128
332 0.00125
333 0.00122
334 0.00120
335 0.00117
336 0.00115
337 0.00113
338 0.00110
339 0.00108
340 0.00106
341 0.00104
342 0.00102
343 0.00100
344 0.00098
345 0.00096
346 0.00094
347 0.00092
348 0.00090
349 0.00088
350 0.00087
351 0.00085
352 0.00083
353 0.00082
354 0.00080
355 0.00079
356 0.00077
357 0.00076
358 0.00074
359 0.00073
360 0.00071
361 0.00070
362 0.00069
363 0.00067
364 0.00066
365 0.00065
366 0.00064
367 0.00062
368 0.00061
369 0.00060
370 0.00059
371 0.00058
372 0.00057
373 0.00056
374 0.00055
375 0.00054
376 0.00053
377 0.00052
378 0.00051
379 0.00050
380 0.00049
381 0.00048
382 0.00047
383 0.00047
384 0.00046
385 0.00045
386 0.00044
387 0.00043
388 0.00043
389 0.00042
390 0.00041
391 0.00041
392 0.00040
393 0.00039
394 0.00039
395 0.00038
396 0.00037
397 0.00037
398 0.00036
399 0.00035
400 0.00035
401 0.00034
402 0.00034
403 0.00033
404 0.00033
405 0.00032
406 0.00032
407 0.00031
408 0.00031
409 0.00030
410 0.00030
411 0.00029
412 0.00029
413 0.00028
414 0.00028
415 0.00027
416 0.00027
417 0.00027
418 0.00026
419 0.00026
420 0.00025
421 0.00025
422 0.00025
423 0.00024
424 0.00024
425 0.00024
426 0.00023
427 0.00023
428 0.00023
429 0.00022
430 0.00022
431 0.00022
432 0.00021
433 0.00021
434 0.00021
435 0.00021
436 0.00020
437 0.00020
438 0.00020
439 0.00019
440 0.00019
441 0.00019
442 0.00019
443 0.00018
444 0.00018
445 0.00018
446 0.00018
447 0.00017
448 0.00017
449 0.00017
450 0.00017
451 0.00017
452 0.00016
453 0.00016
454 0.00016
455 0.00016
456 0.00016
457 0.00015
458 0.00015
459 0.00015
460 0.00015
461 0.00015
462 0.00015
463 0.00014
464 0.00014
465 0.00014
466 0.00014
467 0.00014
468 0.00014
469 0.00013
470 0.00013
471 0.00013
472 0.00013
473 0.00013
474 0.00013
475 0.00013
476 0.00013
477 0.00012
478 0.00012
479 0.00012
480 0.00012
481 0.00012
482 0.00012
483 0.00012
484 0.00012
485 0.00011
486 0.00011
487 0.00011
488 0.00011
489 0.00011
490 0.00011
491 0.00011
492 0.00011
493 0.00011
494 0.00011
495 0.00011
496 0.00010
497 0.00010
498 0.00010
499 0.00010
500 0.00010
501 0.00010
502 0.00010
503 0.00010
504 0.00010
505 0.00010
506 0.00010
507 0.00010
508 0.00010
509 0.00009
510 0.00009
511 0.00009
512 0.00009
513 0.00009
514 0.00009
515 0.00009
516 0.00009
517 0.00009
518 0.00009
519 0.00009
520 0.00009
521 0.00009
522 0.00009
523 0.00009
524 0.00009
525 0.00009
526 0.00009
527 0.00009
528 0.00008
529 0.00008
530 0.00008
531 0.00008
532 0.00008
533 0.00008
534 0.00008
535 0.00008
536 0.00008
537 0.00008
538 0.00008
539 0.00008
540 0.00008
541 0.00008
542 0.00008
543 0.00008
544 0.00008
545 0.00008
546 0.00008
547 0.00008
548 0.00008
549 0.00008
550 0.00008
551 0.00008
552 0.00008
553 0.00008
554 0.00008
555 0.00008
556 0.00008
557 0.00008
558 0.00008
559 0.00008
560 0.00008
561 0.00008
562 0.00008
563 0.00008
564 0.00008
565 0.00008
566 0.00008
567 0.00008
568 0.00008
569 0.00008
570 0.00008
571 0.00008
572 0.00008
573 0.00008
574 0.00008
575 0.00008
576 0.00008
577 0.00008
578 0.00008
579 0.00008
580 0.00008
581 0.00008
582 0.00008
583 0.00008
584 0.00008
585 0.00008
586 0.00008
587 0.00008
588 0.00008
589 0.00008
590 0.00008
591 0.00008
592 0.00008
593 0.00008
594 0.00008
595 0.00008
596 0.00008
597 0.00008
598 0.00008
599 0.00008
600 0.00008
601 0.00008
602 0.00008
603 0.00008
604 0.00008
605 0.00008
606 0.00008
607 0.00008
608 0.00008
609 0.00008
610 0.00008
611 0.00008
612 0.00009
613 0.00009
614 0.00009
615 0.00009
616 0.00009
617 0.00009
618 0.00009
619 0.00009
620 0.00009
621 0.00009
622 0.00009
623 0.00009
624 0.00009
625 0.00009
626 0.00009
627 0.00009
628 0.00009
629 0.00009
630 0.00010
631 0.00010
632 0.00010
633 0.00010
634 0.00010
635 0.00010
636 0.00010
637 0.00010
638 0.00010
639 0.00010
640 0.00010
641 0.00010
642 0.00011
643 0.00011
644 0.00011
645 0.00011
646 0.00011
647 0.00011
648 0.00011
649 0.00011
650 0.00011
651 0.00012
652 0.00012
653 0.00012
654 0.00012
655 0.00012
656 0.00012
657 0.00012
658 0.00012
659 0.00013
660 0.00013
661 0.00013
662 0.00013
663 0.00013
664 0.00013
665 0.00014
666 0.00014
667 0.00014
668 0.00014
669 0.00014
670 0.00014
671 0.00015
672 0.00015
673 0.00015
674 0.00015
675 0.00015
676 0.00016
677 0.00016
678 0.00016
679 0.00016
680 0.00017
681 0.00017
682 0.00017
683 0.00017
684 0.00018
685 0.00018
686 0.00018
687 0.00018
688 0.00019
689 0.00019
690 0.00019
691 0.00020
692 0.00020
693 0.00020
694 0.00021
695 0.00021
696 0.00021
697 0.00022
698 0.00022
699 0.00023
700 0.00023
701 0.00023
702 0.00024
703 0.00024
704 0.00025
705 0.00025
706 0.00026
707 0.00026
708 0.00027
709 0.00027
710 0.00028
711 0.00028
712 0.00029
713 0.00029
714 0.00030
715 0.00030
716 0.00031
717 0.00032
718 0.00032
719 0.00033
720 0.00034
721 0.00034
722 0.00035
723 0.00036
724 0.00037
725 0.00038
726 0.00038
727 0.00039
728 0.00040
729 0.00041
730 0.00042
731 0.00043
732 0.00044
733 0.00045
734 0.00046
735 0.00047
736 0.00048
737 0.00049
738 0.00050
739 0.00052
740 0.00053
741 0.00054
742 0.00055
743 0.00057
744 0.00058
745 0.00060
746 0.00061
747 0.00063
748 0.00064
749 0.00066
750 0.00068
751 0.00069
752 0.00071
753 0.00073
754 0.00075
755 0.00077
756 0.00079
757 0.00081
758 0.00083
759 0.00086
760 0.00088
761 0.00091
762 0.00093
763 0.00096
764 0.00098
765 0.00101
766 0.00104
767 0.00107
768 0.00110
769 0.00113
770 0.00117
771 0.00120
772 0.00124
773 0.00127
774 0.00131
775 0.00135
776 0.00139
777 0.00143
778 0.00148
779 0.00152
780 0.00157
781 0.00162
782 0.00167
783 0.00172
784 0.00178
785 0.00184
786 0.00189
787 0.00196
788 0.00202
789 0.00208
790 0.00215
791 0.00222
792 0.00230
793 0.00237
794 0.00245
795 0.00254
796 0.00262
797 0.00271
798 0.00281
799 0.00290
800 0.00300
801 0.00311
802 0.00322
803 0.00333
804 0.00345
805 0.00357
806 0.00370
807 0.00383
808 0.00397
809 0.00411
810 0.00426
811 0.00442
812 0.00458
813 0.00475
814 0.00493
815 0.00511
816 0.00530
817 0.00550
818 0.00571
819 0.00593
820 0.00616
821 0.00639
822 0.00664
823 0.00690
824 0.00717
825 0.00745
826 0.00774
827 0.00805
828 0.00837
829 0.00870
830 0.00905
831 0.00942
832 0.00980
833 0.01020
834 0.01062
835 0.01106
836 0.01152
837 0.01199
838 0.01249
839 0.01302
840 0.01357
841 0.01414
842 0.01474
843 0.01537
844 0.01603
845 0.01672
846 0.01745
847 0.01820
848 0.01900
849 0.01983
850 0.02071
851 0.02162
852 0.02259
853 0.02359
854 0.02465
855 0.02576
856 0.02693
857 0.02815
858 0.02944
859 0.03079
860 0.03221
861 0.03370
862 0.03526
863 0.03691
864 0.03863
865 0.04045
866 0.04236
867 0.04437
868 0.04649
869 0.04871
870 0.05105
871 0.05352
872 0.05611
873 0.05884
874 0.06172
875 0.06474
876 0.06793
877 0.07129
878 0.07484
879 0.07857
880 0.08250
881 0.08665
882 0.09103
883 0.09565
884 0.10051
885 0.10565
886 0.11107
887 0.11680
888 0.12284
889 0.12922
890 0.13596
891 0.14308
892 0.15060
893 0.15855
894 0.16695
895 0.17583
896 0.18522
897 0.19515
898 0.20565
899 0.21676
900 0.22852
901 0.24096
902 0.25413
903 0.26808
904 0.28285
905 0.29849
906 0.31506
907 0.33261
908 0.35122
909 0.37094
910 0.39184
911 0.41401
912 0.43242
913 0.43745
914 0.44324
915 0.44897
916 0.45277
917 0.45461
918 0.45702
919 0.46018
920 0.46432
921 0.46977
922 0.46838
923 0.46699
924 0.47429
925 0.47291
926 0.47153
927 0.48151
928 0.48014
929 0.47877
930 0.47740
931 0.49148
932 0.49013
933 0.48878
934 0.48742
935 0.48607
936 0.48472
937 0.48337
938 0.50420
939 0.50287
940 0.50155
941 0.50022
942 0.49889
943 0.49756
944 0.49623
945 0.49491
946 0.49358
947 0.49225
948 0.49092
949 0.48959
950 0.52272
951 0.52143
952 0.52014
953 0.51885
954 0.51756
955 0.51628
956 0.51499
957 0.51370
958 0.51241
959 0.51112
960 0.50983
961 0.50854
962 0.50725
963 0.50596
964 0.50467
965 0.50338
966 0.50209
967 0.50079
968 0.49950
969 0.49821
970 0.49692
971 0.49563
972 0.49434
973 0.55359
974 0.55237
975 0.55116
976 0.54995
977 0.54873
978 0.54752
979 0.54630
980 0.54508
981 0.54387
982 0.54265
983 0.54143
984 0.54021
985 0.53899
986 0.53777
987 0.53655
988 0.53533
989 0.53411
990 0.53289
991 0.53167
992 0.53045
993 0.52922
994 0.52800
995 0.52678
996 0.52555
997 0.52433
998 0.52311
999 0.52188
1000 0.52066
1001 0.51943
1002 0.51820
1003 0.51698
1004 0.51575
1005 0.51453
1006 0.51330
1007 0.51207
1008 0.51084
1009 0.50962
1010 0.50839
1011 0.50716
1012 0.50593
1013 0.50470
1014 0.50348
1015 0.50225
1016 0.50102
1017 0.49979
1018 0.49856
1019 0.49733
1020 0.49610
1021 0.49487
1022 0.49364
1023 0.49241
1024 0.49118
1025 0.48995
1026 0.62287
1027 0.62183
1028 0.62079
1029 0.61975
1030 0.61871
1031 0.61767
1032 0.61663
1033 0.61559
1034 0.61455
1035 0.61350
1036 0.61246
1037 0.61142
1038 0.61037
1039 0.60932
1040 0.60827
1041 0.60723
1042 0.60618
1043 0.60513
1044 0.60408
1045 0.60302
1046 0.60197
1047 0.60092
1048 0.59986
1049 0.59881
1050 0.59775
1051 0.59670
1052 0.59564
1053 0.59458
1054 0.59352
1055 0.59246
1056 0.59140
1057 0.59034
1058 0.58928
1059 0.58822
1060 0.58716
1061 0.58609
1062 0.58503
1063 0.58396
1064 0.58290
1065 0.58183
1066 0.58076
1067 0.57970
1068 0.57863
1069 0.57756
1070 0.57649
1071 0.57542
1072 0.57435
1073 0.57328
1074 0.57220
1075 0.57113
1076 0.57006
1077 0.56899
1078 0.56791
1079 0.56684
1080 0.56576
1081 0.56469
1082 0.56361
1083 0.56253
1084 0.56145
1085 0.56038
1086 0.55930
1087 0.55822
1088 0.55714
1089 0.55606
1090 0.55498
1091 0.55390
1092 0.55282
1093 0.55173
1094 0.55065
1095 0.54957
1096 0.54848
1097 0.54740
1098 0.54632
1099 0.54523
1100 0.54415
1101 0.54306
1102 0.54198
1103 0.54089
1104 0.53980
1105 0.53872
1106 0.53763
1107 0.53654
1108 0.53545
1109 0.53436
1110 0.53328
1111 0.53219
1112 0.53110
1113 0.53001
1114 0.52892
1115 0.52783
1116 0.52674
1117 0.52564
1118 0.52455
1119 0.52346
1120 0.52237
1121 0.52128
1122 0.52019
1123 0.51909
1124 0.51800
1125 0.51691
1126 0.51581
1127 0.51472
1128 0.51363
1129 0.51253
1130 0.51144
1131 0.51035
1132 0.50925
1133 0.50816
1134 0.50706
1135 0.50597
1136 0.50487
1137 0.50378
1138 0.50268
1139 0.50159
1140 0.50049
1141 0.49939
1142 0.49830
1143 0.49720
1144 0.49611
1145 0.49501
1146 0.49391
1147 0.49282
1148 0.49172
1149 0.49063
1150 0.48953
1151 0.48843
1152 0.48734
1153 0.48624
1154 0.48514
1155 0.48405
1156 0.48295
1157 0.48185
1158 0.48076
1159 0.47966
1160 0.47857
1161 0.47747
1162 0.47637
1163 0.47528
1164 0.47418
1165 0.47308
1166 0.47199
1167 0.47089
1168 0.46980
1169 0.46870
1170 0.46761
1171 0.46651
1172 0.46542
1173 0.46432
1174 0.46323
1175 0.46213
1176 0.46104
1177 0.45994
1178 0.45885
1179 0.45775
1180 0.45666
1181 0.45556
1182 0.45447
1183 0.45338
1184 0.45228
1185 0.45119
1186 0.45010
1187 0.44901
1188 0.44791
1189 0.44682
1190 0.44573
1191 0.44464
1192 0.44355
1193 0.44246
1194 0.44137
1195 0.44027
1196 0.43918
1197 0.43809
1198 0.43701
1199 0.43592
1200 0.43483
1201 0.43374
1202 0.43265
1203 0.43156
1204 0.43048
1205 0.42939
1206 0.42830
1207 0.42722
1208 0.42613
1209 0.42504
1210 0.42396
1211 0.42287
1212 0.42179
1213 0.42071
1214 0.41962
1215 0.41854
1216 1.00000
