17 0.87784
18 0.86776
19 0.85752
20 0.84716
21 0.83667
22 0.82609
23 0.81541
24 0.80466
25 0.79384
26 0.78297
27 0.77206
28 0.76112
29 0.75016
30 0.73919
31 0.72821
32 0.71725
33 0.70629
34 0.69536
35 0.68445
36 0.67358
37 0.66276
38 0.65198
39 0.64126
40 0.63059
41 0.61999
42 0.60946
43 0.59901
44 0.58863
45 0.57833
46 0.56812
47 0.55801
48 0.54798
49 0.53805
50 0.52821
51 0.51848
52 0.50886
53 0.49933
54 0.48992
55 0.48062
56 0.47142
57 0.46234
58 0.45338
59 0.44453
60 0.43579
61 0.42717
62 0.41867
63 0.41029
64 0.40203
65 0.39389
66 0.38587
67 0.37796
68 0.37018
69 0.36251
70 0.35497
71 0.34755
72 0.34024
73 0.33305
74 0.32598
75 0.31903
76 0.31220
77 0.30548
78 0.29888
79 0.29239
80 0.28602
81 0.27976
82 0.27361
83 0.26758
84 0.26165
85 0.25584
86 0.25013
87 0.24453
88 0.23903
89 0.23364
90 0.22835
91 0.22317
92 0.21809
93 0.21310
94 0.20822
95 0.20343
96 0.19874
97 0.19414
98 0.18964
99 0.18522
100 0.18090
101 0.17667
102 0.17253
103 0.16847
104 0.16450
105 0.16061
106 0.15680
107 0.15308
108 0.14944
109 0.14587
110 0.14238
111 0.13897
112 0.13563
113 0.13237
114 0.12918
115 0.12605
116 0.12300
117 0.12002
118 0.11710
119 0.11425
120 0.11146
121 0.10874
122 0.10608
123 0.10348
124 0.10094
125 0.09845
126 0.09603
127 0.09366
128 0.09134
129 0.08908
130 0.08688
131 0.08472
132 0.08262
133 0.08056
134 0.07856
135 0.07660
136 0.07468
137 0.07282
138 0.07100
139 0.06922
140 0.06748
141 0.06579
142 0.06414
143 0.06252
144 0.06095
145 0.05941
146 0.05792
147 0.05645
148 0.05503
149 0.05364
150 0.05228
151 0.05096
152 0.04967
153 0.04841
154 0.04718
155 0.04598
156 0.04482
157 0.04368
158 0.04257
159 0.04149
160 0.04043
161 0.03940
162 0.03840
163 0.03742
164 0.03647
165 0.03554
166 0.03463
167 0.03375
168 0.03289
169 0.03205
170 0.03124
171 0.03044
172 0.02966
173 0.02890
174 0.02817
175 0.02745
176 0.02675
177 0.02607
178 0.02540
179 0.02475
180 0.02412
181 0.02351
182 0.02291
183 0.02232
184 0.02175
185 0.02120
186 0.02066
187 0.02013
188 0.01962
189 0.01912
190 0.01863
191 0.01816
192 0.01770
193 0.01725
194 0.01681
195 0.01638
196 0.01596
197 0.01556
198 0.01516
199 0.01478
200 0.01441
201 0.01404
202 0.01369
203 0.01334
204 0.01300
205 0.01267
206 0.01235
207 0.01204
208 0.01174
209 0.01144
210 0.01115
211 0.01087
212 0.01060
213 0.01033
214 0.01007
215 0.00982
216 0.00958
217 0.00934
218 0.00910
219 0.00887
220 0.00865
221 0.00844
222 0.00823
223 0.00802
224 0.00782
225 0.00763
226 0.00744
227 0.00725
228 0.00708
229 0.00690
230 0.00673
231 0.00656
232 0.00640
233 0.00624
234 0.00609
235 0.00594
236 0.00580
237 0.00565
238 0.00552
239 0.00538
240 0.00525
241 0.00512
242 0.00500
243 0.00488
244 0.00476
245 0.00464
246 0.00453
247 0.00442
248 0.00431
249 0.00421
250 0.00411
251 0.00401
252 0.00391
253 0.00382
254 0.00373
255 0.00364
256 0.00355
257 0.00347
258 0.00339
259 0.00331
260 0.00323
261 0.00315
262 0.00308
263 0.00301
264 0.00294
265 0.00287
266 0.00280
267 0.00274
268 0.00267
269 0.00261
270 0.00255
271 0.00249
272 0.00243
273 0.00238
274 0.00232
275 0.00227
276 0.00222
277 0.00217
278 0.00212
279 0.00207
280 0.00202
281 0.00198
282 0.00193
283 0.00189
284 0.00184
285 0.00180
286 0.00176
287 0.00172
288 0.00169
289 0.00165
290 0.00161
291 0.00158
292 0.00154
293 0.00151
294 0.00147
295 0.00144
296 0.00141
297 0.00138
298 0.00135
299 0.00132
300 0.00129
301 0.00126
302 0.00124
303 0.00121
304 0.00118
305 0.00116
306 0.00113
307 0.00111
308 0.00109
309 0.00106
310 0.00104
311 0.00102
312 0.00100
313 0.00098
314 0.00096
315 0.00094
316 0.00092
317 0.00090
318 0.00088
319 0.00086
320 0.00084
321 0.00083
322 0.00081
323 0.00079
324 0.00078
325 0.00076
326 0.00075
327 0.00073
328 0.00072
329 0.00070
330 0.00069
331 0.00068
332 0.00066
333 0.00065
334 0.00064
335 0.00062
336 0.00061
337 0.00060
338 0.00059
339 0.00058
340 0.00057
341 0.00056
342 0.00055
343 0.00054
344 0.00053
345 0.00052
346 0.00051
347 0.00050
348 0.00049
349 0.00048
350 0.00047
351 0.00046
352 0.00045
353 0.00044
354 0.00044
355 0.00043
356 0.00042
357 0.00041
358 0.00041
359 0.00040
360 0.00039
361 0.00038
362 0.00038
363 0.00037
364 0.00036
365 0.00036
366 0.00035
367 0.00035
368 0.00034
369 0.00033
370 0.00033
371 0.00032
372 0.00032
373 0.00031
374 0.00031
375 0.00030
376 0.00030
377 0.00029
378 0.00029
379 0.00028
380 0.00028
381 0.00027
382 0.00027
383 0.00027
384 0.00026
385 0.00026
386 0.00025
387 0.00025
388 0.00025
389 0.00024
390 0.00024
391 0.00023
392 0.00023
393 0.00023
394 0.00022
395 0.00022
396 0.00022
397 0.00021
398 0.00021
399 0.00021
400 0.00020
401 0.00020
402 0.00020
403 0.00020
404 0.00019
405 0.00019
406 0.00019
407 0.00018
408 0.00018
409 0.00018
410 0.00018
411 0.00017
412 0.00017
413 0.00017
414 0.00017
415 0.00017
416 0.00016
417 0.00016
418 0.00016
419 0.00016
420 0.00016
421 0.00015
422 0.00015
423 0.00015
424 0.00015
425 0.00015
426 0.00014
427 0.00014
428 0.00014
429 0.00014
430 0.00014
431 0.00014
432 0.00013
433 0.00013
434 0.00013
435 0.00013
436 0.00013
437 0.00013
438 0.00012
439 0.00012
440 0.00012
441 0.00012
442 0.00012
443 0.00012
444 0.00012
445 0.00012
446 0.00011
447 0.00011
448 0.00011
449 0.00011
450 0.00011
451 0.00011
452 0.00011
453 0.00011
454 0.00011
455 0.00010
456 0.00010
457 0.00010
458 0.00010
459 0.00010
460 0.00010
461 0.00010
462 0.00010
463 0.00010
464 0.00010
465 0.00010
466 0.00009
467 0.00009
468 0.00009
469 0.00009
470 0.00009
471 0.00009
472 0.00009
473 0.00009
474 0.00009
475 0.00009
476 0.00009
477 0.00009
478 0.00009
479 0.00009
480 0.00008
481 0.00008
482 0.00008
483 0.00008
484 0.00008
485 0.00008
486 0.00008
487 0.00008
488 0.00008
489 0.00008
490 0.00008
491 0.00008
492 0.00008
493 0.00008
494 0.00008
495 0.00008
496 0.00008
497 0.00008
498 0.00008
499 0.00007
500 0.00007
501 0.00007
502 0.00007
503 0.00007
504 0.00007
505 0.00007
506 0.00007
507 0.00007
508 0.00007
509 0.00007
510 0.00007
511 0.00007
512 0.00007
513 0.00007
514 0.00007
515 0.00007
516 0.00007
517 0.00007
518 0.00007
519 0.00007
520 0.00007
521 0.00007
522 0.00007
523 0.00007
524 0.00007
525 0.00007
526 0.00007
527 0.00007
528 0.00007
529 0.00007
530 0.00007
531 0.00007
532 0.00007
533 0.00007
534 0.00007
535 0.00007
536 0.00007
537 0.00007
538 0.00007
539 0.00007
540 0.00007
541 0.00007
542 0.00007
543 0.00007
544 0.00007
545 0.00007
546 0.00007
547 0.00007
548 0.00007
549 0.00007
550 0.00007
551 0.00007
552 0.00007
553 0.00007
554 0.00007
555 0.00007
556 0.00007
557 0.00007
558 0.00007
559 0.00007
560 0.00007
561 0.00007
562 0.00007
563 0.00007
564 0.00007
565 0.00007
566 0.00007
567 0.00007
568 0.00007
569 0.00007
570 0.00007
571 0.00007
572 0.00007
573 0.00007
574 0.00007
575 0.00007
576 0.00007
577 0.00007
578 0.00007
579 0.00007
580 0.00007
581 0.00007
582 0.00007
583 0.00007
584 0.00007
585 0.00007
586 0.00007
587 0.00007
588 0.00007
589 0.00007
590 0.00007
591 0.00007
592 0.00007
593 0.00007
594 0.00007
595 0.00007
596 0.00007
597 0.00007
598 0.00007
599 0.00007
600 0.00008
601 0.00008
602 0.00008
603 0.00008
604 0.00008
605 0.00008
606 0.00008
607 0.00008
608 0.00008
609 0.00008
610 0.00008
611 0.00008
612 0.00008
613 0.00008
614 0.00008
615 0.00008
616 0.00008
617 0.00008
618 0.00008
619 0.00009
620 0.00009
621 0.00009
622 0.00009
623 0.00009
624 0.00009
625 0.00009
626 0.00009
627 0.00009
628 0.00009
629 0.00009
630 0.00009
631 0.00009
632 0.00010
633 0.00010
634 0.00010
635 0.00010
636 0.00010
637 0.00010
638 0.00010
639 0.00010
640 0.00010
641 0.00011
642 0.00011
643 0.00011
644 0.00011
645 0.00011
646 0.00011
647 0.00011
648 0.00011
649 0.00011
650 0.00012
651 0.00012
652 0.00012
653 0.00012
654 0.00012
655 0.00012
656 0.00013
657 0.00013
658 0.00013
659 0.00013
660 0.00013
661 0.00013
662 0.00014
663 0.00014
664 0.00014
665 0.00014
666 0.00014
667 0.00014
668 0.00015
669 0.00015
670 0.00015
671 0.00015
672 0.00016
673 0.00016
674 0.00016
675 0.00016
676 0.00017
677 0.00017
678 0.00017
679 0.00017
680 0.00018
681 0.00018
682 0.00018
683 0.00018
684 0.00019
685 0.00019
686 0.00019
687 0.00020
688 0.00020
689 0.00020
690 0.00021
691 0.00021
692 0.00021
693 0.00022
694 0.00022
695 0.00023
696 0.00023
697 0.00023
698 0.00024
699 0.00024
700 0.00025
701 0.00025
702 0.00026
703 0.00026
704 0.00027
705 0.00027
706 0.00028
707 0.00028
708 0.00029
709 0.00029
710 0.00030
711 0.00030
712 0.00031
713 0.00032
714 0.00032
715 0.00033
716 0.00034
717 0.00034
718 0.00035
719 0.00036
720 0.00036
721 0.00037
722 0.00038
723 0.00039
724 0.00040
725 0.00040
726 0.00041
727 0.00042
728 0.00043
729 0.00044
730 0.00045
731 0.00046
732 0.00047
733 0.00048
734 0.00049
735 0.00051
736 0.00052
737 0.00053
738 0.00054
739 0.00055
740 0.00057
741 0.00058
742 0.00059
743 0.00061
744 0.00062
745 0.00064
746 0.00065
747 0.00067
748 0.00069
749 0.00070
750 0.00072
751 0.00074
752 0.00076
753 0.00078
754 0.00080
755 0.00082
756 0.00084
757 0.00086
758 0.00089
759 0.00091
760 0.00093
761 0.00096
762 0.00098
763 0.00101
764 0.00104
765 0.00107
766 0.00110
767 0.00113
768 0.00116
769 0.00119
770 0.00122
771 0.00126
772 0.00129
773 0.00133
774 0.00137
775 0.00141
776 0.00145
777 0.00149
778 0.00153
779 0.00158
780 0.00162
781 0.00167
782 0.00172
783 0.00177
784 0.00182
785 0.00188
786 0.00194
787 0.00199
788 0.00205
789 0.00212
790 0.00218
791 0.00225
792 0.00232
793 0.00239
794 0.00247
795 0.00255
796 0.00263
797 0.00271
798 0.00280
799 0.00289
800 0.00298
801 0.00308
802 0.00318
803 0.00328
804 0.00339
805 0.00350
806 0.00362
807 0.00374
808 0.00386
809 0.00399
810 0.00413
811 0.00427
812 0.00441
813 0.00456
814 0.00472
815 0.00488
816 0.00505
817 0.00523
818 0.00541
819 0.00560
820 0.00580
821 0.00600
822 0.00622
823 0.00644
824 0.00667
825 0.00691
826 0.00716
827 0.00742
828 0.00769
829 0.00797
830 0.00826
831 0.00857
832 0.00888
833 0.00921
834 0.00956
835 0.00992
836 0.01029
837 0.01068
838 0.01108
839 0.01151
840 0.01194
841 0.01240
842 0.01288
843 0.01338
844 0.01390
845 0.01444
846 0.01501
847 0.01560
848 0.01621
849 0.01685
850 0.01752
851 0.01822
852 0.01895
853 0.01972
854 0.02051
855 0.02134
856 0.02221
857 0.02312
858 0.02407
859 0.02506
860 0.02609
861 0.02717
862 0.02830
863 0.02948
864 0.03072
865 0.03201
866 0.03336
867 0.03478
868 0.03626
869 0.03781
870 0.03942
871 0.04112
872 0.04289
873 0.04475
874 0.04670
875 0.04873
876 0.05087
877 0.05310
878 0.05544
879 0.05789
880 0.06047
881 0.06316
882 0.06598
883 0.06894
884 0.07205
885 0.07530
886 0.07872
887 0.08230
888 0.08605
889 0.09000
890 0.09413
891 0.09847
892 0.10303
893 0.10781
894 0.11284
895 0.11811
896 0.12365
897 0.12947
898 0.13559
899 0.14201
900 0.14876
901 0.15586
902 0.16331
903 0.17115
904 0.17940
905 0.18807
906 0.19718
907 0.20677
908 0.21686
909 0.22748
910 0.23865
911 0.25041
912 0.25998
913 0.26488
914 0.27056
915 0.27623
916 0.28001
917 0.28184
918 0.28425
919 0.28743
920 0.29161
921 0.29716
922 0.29573
923 0.29431
924 0.30178
925 0.30035
926 0.29892
927 0.30922
928 0.30779
929 0.30637
930 0.30494
931 0.31962
932 0.31819
933 0.31677
934 0.31534
935 0.31392
936 0.31250
937 0.31108
938 0.33306
939 0.33164
940 0.33022
941 0.32880
942 0.32738
943 0.32597
944 0.32456
945 0.32314
946 0.32173
947 0.32033
948 0.31892
949 0.31751
950 0.35299
951 0.35158
952 0.35018
953 0.34878
954 0.34737
955 0.34597
956 0.34457
957 0.34318
958 0.34178
959 0.34038
960 0.33899
961 0.33760
962 0.33621
963 0.33482
964 0.33343
965 0.33204
966 0.33066
967 0.32927
968 0.32789
969 0.32651
970 0.32513
971 0.32375
972 0.32237
973 0.38718
974 0.38581
975 0.38444
976 0.38308
977 0.38171
978 0.38035
979 0.37899
980 0.37762
981 0.37626
982 0.37490
983 0.37354
984 0.37219
985 0.37083
986 0.36947
987 0.36812
988 0.36676
989 0.36541
990 0.36406
991 0.36271
992 0.36136
993 0.36001
994 0.35866
995 0.35731
996 0.35597
997 0.35462
998 0.35328
999 0.35194
1000 0.35059
1001 0.34925
1002 0.34791
1003 0.34657
1004 0.34524
1005 0.34390
1006 0.34256
1007 0.34123
1008 0.33990
1009 0.33856
1010 0.33723
1011 0.33590
1012 0.33457
1013 0.33324
1014 0.33191
1015 0.33059
1016 0.32926
1017 0.32794
1018 0.32661
1019 0.32529
1020 0.32397
1021 0.32265
1022 0.32133
1023 0.32001
1024 0.31869
1025 0.31737
1026 0.46800
1027 0.46675
1028 0.46550
1029 0.46425
1030 0.46301
1031 0.46176
1032 0.46051
1033 0.45926
1034 0.45801
1035 0.45677
1036 0.45552
1037 0.45427
1038 0.45303
1039 0.45178
1040 0.45054
1041 0.44929
1042 0.44804
1043 0.44680
1044 0.44555
1045 0.44431
1046 0.44307
1047 0.44182
1048 0.44058
1049 0.43934
1050 0.43809
1051 0.43685
1052 0.43561
1053 0.43437
1054 0.43313
1055 0.43189
1056 0.43065
1057 0.42941
1058 0.42817
1059 0.42693
1060 0.42570
1061 0.42446
1062 0.42322
1063 0.42199
1064 0.42075
1065 0.41951
1066 0.41828
1067 0.41705
1068 0.41581
1069 0.41458
1070 0.41335
1071 0.41212
1072 0.41089
1073 0.40966
1074 0.40843
1075 0.40720
1076 0.40597
1077 0.40474
1078 0.40351
1079 0.40229
1080 0.40106
1081 0.39984
1082 0.39861
1083 0.39739
1084 0.39617
1085 0.39495
1086 0.39373
1087 0.39251
1088 0.39129
1089 0.39007
1090 0.38885
1091 0.38763
1092 0.38642
1093 0.38520
1094 0.38399
1095 0.38277
1096 0.38156
1097 0.38035
1098 0.37914
1099 0.37793
1100 0.37672
1101 0.37551
1102 0.37430
1103 0.37309
1104 0.37189
1105 0.37068
1106 0.36948
1107 0.36828
1108 0.36707
1109 0.36587
1110 0.36467
1111 0.36347
1112 0.36228
1113 0.36108
1114 0.35988
1115 0.35869
1116 0.35749
1117 0.35630
1118 0.35511
1119 0.35392
1120 0.35273
1121 0.35154
1122 0.35035
1123 0.34916
1124 0.34798
1125 0.34679
1126 0.34561
1127 0.34442
1128 0.34324
1129 0.34206
1130 0.34088
1131 0.33970
1132 0.33853
1133 0.33735
1134 0.33617
1135 0.33500
1136 0.33383
1137 0.33265
1138 0.33148
1139 0.33031
1140 0.32914
1141 0.32798
1142 0.32681
1143 0.32564
1144 0.32448
1145 0.32332
1146 0.32215
1147 0.32099
1148 0.31983
1149 0.31867
1150 0.31752
1151 0.31636
1152 0.31520
1153 0.31405
1154 0.31290
1155 0.31174
1156 0.31059
1157 0.30944
1158 0.30829
1159 0.30715
1160 0.30600
1161 0.30485
1162 0.30371
1163 0.30256
1164 0.30142
1165 0.30028
1166 0.29914
1167 0.29800
1168 0.29686
1169 0.29572
1170 0.29459
1171 0.29345
1172 0.29232
1173 0.29118
1174 0.29005
1175 0.28892
1176 0.28779
1177 0.28666
1178 0.28553
1179 0.28440
1180 0.28328
1181 0.28215
1182 0.28103
1183 0.27990
1184 0.27878
1185 0.27766
1186 0.27654
1187 0.27541
1188 0.27429
1189 0.27318
1190 0.27206
1191 0.27094
1192 0.26982
1193 0.26871
1194 0.26759
1195 0.26648
1196 0.26536
1197 0.26425
1198 0.26314
1199 0.26203
1200 0.26092
1201 0.25980
1202 0.25869
1203 0.25758
1204 0.25648
1205 0.25537
1206 0.25426
1207 0.25315
1208 0.25204
1209 0.25094
1210 0.24983
1211 0.24872
1212 0.24762
1213 0.24651
1214 0.24541
1215 0.24430
1216 1.00000
