17 0.99295
18 0.99233
19 0.99169
20 0.99103
21 0.99036
22 0.98968
23 0.98898
24 0.98827
25 0.98754
26 0.98681
27 0.98606
28 0.98529
29 0.98452
30 0.98373
31 0.98293
32 0.98212
33 0.98130
34 0.98047
35 0.97963
36 0.97878
37 0.97792
38 0.97706
39 0.97618
40 0.97529
41 0.97439
42 0.97349
43 0.97257
44 0.97165
45 0.97072
46 0.96979
47 0.96884
48 0.96789
49 0.96693
50 0.96596
51 0.96499
52 0.96401
53 0.96302
54 0.96203
55 0.96103
56 0.96002
57 0.95901
58 0.95799
59 0.95697
60 0.95594
61 0.95490
62 0.95386
63 0.95281
64 0.95176
65 0.95071
66 0.94965
67 0.94858
68 0.94751
69 0.94644
70 0.94536
71 0.94427
72 0.94319
73 0.94209
74 0.94100
75 0.93990
76 0.93879
77 0.93769
78 0.93657
79 0.93546
80 0.93434
81 0.93322
82 0.93210
83 0.93097
84 0.92984
85 0.92870
86 0.92757
87 0.92643
88 0.92528
89 0.92414
90 0.92299
91 0.92184
92 0.92069
93 0.91953
94 0.91838
95 0.91722
96 0.91606
97 0.91489
98 0.91373
99 0.91256
100 0.91139
101 0.91022
102 0.90905
103 0.90787
104 0.90670
105 0.90552
106 0.90434
107 0.90316
108 0.90198
109 0.90080
110 0.89962
111 0.89843
112 0.89725
113 0.89606
114 0.89487
115 0.89368
116 0.89249
117 0.89130
118 0.89011
119 0.88892
120 0.88773
121 0.88654
122 0.88534
123 0.88415
124 0.88295
125 0.88176
126 0.88056
127 0.87937
128 0.87817
129 0.87698
130 0.87578
131 0.87459
132 0.87339
133 0.87220
134 0.87100
135 0.86981
136 0.86861
137 0.86742
138 0.86622
139 0.86503
140 0.86383
141 0.86264
142 0.86145
143 0.86025
144 0.85906
145 0.85787
146 0.85668
147 0.85549
148 0.85430
149 0.85311
150 0.85192
151 0.85073
152 0.84955
153 0.84836
154 0.84717
155 0.84599
156 0.84481
157 0.84362
158 0.84244
159 0.84126
160 0.84008
161 0.83891
162 0.83773
163 0.83655
164 0.83538
165 0.83420
166 0.83303
167 0.83186
168 0.83069
169 0.82952
170 0.82836
171 0.82719
172 0.82603
173 0.82487
174 0.82370
175 0.82254
176 0.82139
177 0.82023
178 0.81908
179 0.81792
180 0.81677
181 0.81562
182 0.81447
183 0.81333
184 0.81218
185 0.81104
186 0.80990
187 0.80876
188 0.80762
189 0.80648
190 0.80535
191 0.80422
192 0.80309
193 0.80196
194 0.80083
195 0.79971
196 0.79859
197 0.79747
198 0.79635
199 0.79523
200 0.79412
201 0.79301
202 0.79190
203 0.79079
204 0.78969
205 0.78858
206 0.78748
207 0.78638
208 0.78529
209 0.78419
210 0.78310
211 0.78201
212 0.78092
213 0.77984
214 0.77876
215 0.77768
216 0.77660
217 0.77552
218 0.77445
219 0.77338
220 0.77231
221 0.77124
222 0.77018
223 0.76912
224 0.76806
225 0.76700
226 0.76595
227 0.76490
228 0.76385
229 0.76281
230 0.76176
231 0.76072
232 0.75968
233 0.75865
234 0.75761
235 0.75658
236 0.75556
237 0.75453
238 0.75351
239 0.75249
240 0.75147
241 0.75046
242 0.74945
243 0.74844
244 0.74743
245 0.74643
246 0.74543
247 0.74443
248 0.74343
249 0.74244
250 0.74145
251 0.74047
252 0.73948
253 0.73850
254 0.73752
255 0.73655
256 0.73557
257 0.73460
258 0.73364
259 0.73267
260 0.73171
261 0.73075
262 0.72980
263 0.72885
264 0.72790
265 0.72695
266 0.72601
267 0.72507
268 0.72413
269 0.72319
270 0.72226
271 0.72133
272 0.72041
273 0.71948
274 0.71856
275 0.71765
276 0.71673
277 0.71582
278 0.71491
279 0.71401
280 0.71311
281 0.71221
282 0.71131
283 0.71042
284 0.70953
285 0.70864
286 0.70776
287 0.70688
288 0.70600
289 0.70512
290 0.70425
291 0.70338
292 0.70252
293 0.70166
294 0.70080
295 0.69994
296 0.69909
297 0.69824
298 0.69739
299 0.69655
300 0.69571
301 0.69487
302 0.69404
303 0.69321
304 0.69238
305 0.69155
306 0.69073
307 0.68991
308 0.68910
309 0.68829
310 0.68748
311 0.68667
312 0.68587
313 0.68507
314 0.68427
315 0.68348
316 0.68269
317 0.68190
318 0.68112
319 0.68034
320 0.67956
321 0.67879
322 0.67802
323 0.67725
324 0.67648
325 0.67572
326 0.67497
327 0.67421
328 0.67346
329 0.67271
330 0.67197
331 0.67122
332 0.67049
333 0.66975
334 0.66902
335 0.66829
336 0.66756
337 0.66684
338 0.66612
339 0.66541
340 0.66469
341 0.66398
342 0.66328
343 0.66257
344 0.66187
345 0.66118
346 0.66048
347 0.65979
348 0.65911
349 0.65842
350 0.65774
351 0.65707
352 0.65639
353 0.65572
354 0.65505
355 0.65439
356 0.65373
357 0.65307
358 0.65242
359 0.65177
360 0.65112
361 0.65048
362 0.64983
363 0.64920
364 0.64856
365 0.64793
366 0.64730
367 0.64668
368 0.64606
369 0.64544
370 0.64482
371 0.64421
372 0.64360
373 0.64300
374 0.64240
375 0.64180
376 0.64120
377 0.64061
378 0.64002
379 0.63944
380 0.63886
381 0.63828
382 0.63770
383 0.63713
384 0.63656
385 0.63600
386 0.63543
387 0.63487
388 0.63432
389 0.63377
390 0.63322
391 0.63267
392 0.63213
393 0.63159
394 0.63106
395 0.63052
396 0.62999
397 0.62947
398 0.62895
399 0.62843
400 0.62791
401 0.62740
402 0.62689
403 0.62638
404 0.62588
405 0.62538
406 0.62489
407 0.62439
408 0.62390
409 0.62342
410 0.62293
411 0.62246
412 0.62198
413 0.62151
414 0.62104
415 0.62057
416 0.62011
417 0.61965
418 0.61919
419 0.61874
420 0.61829
421 0.61784
422 0.61740
423 0.61696
424 0.61653
425 0.61609
426 0.61566
427 0.61524
428 0.61481
429 0.61439
430 0.61398
431 0.61357
432 0.61316
433 0.61275
434 0.61235
435 0.61195
436 0.61155
437 0.61116
438 0.61077
439 0.61038
440 0.61000
441 0.60962
442 0.60925
443 0.60887
444 0.60850
445 0.60814
446 0.60778
447 0.60742
448 0.60706
449 0.60671
450 0.60636
451 0.60601
452 0.60567
453 0.60533
454 0.60500
455 0.60466
456 0.60433
457 0.60401
458 0.60369
459 0.60337
460 0.60305
461 0.60274
462 0.60243
463 0.60212
464 0.60182
465 0.60152
466 0.60123
467 0.60094
468 0.60065
469 0.60036
470 0.60008
471 0.59980
472 0.59953
473 0.59926
474 0.59899
475 0.59872
476 0.59846
477 0.59820
478 0.59795
479 0.59770
480 0.59745
481 0.59721
482 0.59697
483 0.59673
484 0.59649
485 0.59626
486 0.59604
487 0.59581
488 0.59559
489 0.59538
490 0.59516
491 0.59495
492 0.59475
493 0.59454
494 0.59434
495 0.59415
496 0.59395
497 0.59376
498 0.59358
499 0.59339
500 0.59322
501 0.59304
502 0.59287
503 0.59270
504 0.59253
505 0.59237
506 0.59221
507 0.59206
508 0.59191
509 0.59176
510 0.59162
511 0.59147
512 0.59134
513 0.59120
514 0.59107
515 0.59095
516 0.59082
517 0.59070
518 0.59059
519 0.59047
520 0.59036
521 0.59026
522 0.59016
523 0.59006
524 0.58996
525 0.58987
526 0.58978
527 0.58970
528 0.58962
529 0.58954
530 0.58946
531 0.58939
532 0.58933
533 0.58926
534 0.58920
535 0.58915
536 0.58910
537 0.58905
538 0.58900
539 0.58896
540 0.58892
541 0.58889
542 0.58886
543 0.58883
544 0.58881
545 0.58879
546 0.58877
547 0.58876
548 0.58875
549 0.58874
550 0.58874
551 0.58874
552 0.58875
553 0.58876
554 0.58877
555 0.58879
556 0.58881
557 0.58883
558 0.58886
559 0.58889
560 0.58892
561 0.58896
562 0.58900
563 0.58905
564 0.58910
565 0.58915
566 0.58921
567 0.58927
568 0.58934
569 0.58941
570 0.58948
571 0.58955
572 0.58963
573 0.58972
574 0.58981
575 0.58990
576 0.58999
577 0.59009
578 0.59019
579 0.59030
580 0.59041
581 0.59053
582 0.59064
583 0.59077
584 0.59089
585 0.59102
586 0.59115
587 0.59129
588 0.59143
589 0.59158
590 0.59173
591 0.59188
592 0.59204
593 0.59220
594 0.59236
595 0.59253
596 0.59270
597 0.59288
598 0.59306
599 0.59325
600 0.59344
601 0.59363
602 0.59382
603 0.59403
604 0.59423
605 0.59444
606 0.59465
607 0.59487
608 0.59509
609 0.59531
610 0.59554
611 0.59578
612 0.59601
613 0.59626
614 0.59650
615 0.59675
616 0.59700
617 0.59726
618 0.59752
619 0.59779
620 0.59806
621 0.59834
622 0.59861
623 0.59890
624 0.59918
625 0.59948
626 0.59977
627 0.60007
628 0.60038
629 0.60068
630 0.60100
631 0.60131
632 0.60164
633 0.60196
634 0.60229
635 0.60263
636 0.60296
637 0.60331
638 0.60365
639 0.60401
640 0.60436
641 0.60472
642 0.60509
643 0.60546
644 0.60583
645 0.60621
646 0.60659
647 0.60698
648 0.60737
649 0.60777
650 0.60817
651 0.60858
652 0.60899
653 0.60940
654 0.60982
655 0.61024
656 0.61067
657 0.61111
658 0.61154
659 0.61199
660 0.61243
661 0.61288
662 0.61334
663 0.61380
664 0.61427
665 0.61474
666 0.61521
667 0.61569
668 0.61618
669 0.61667
670 0.61716
671 0.61766
672 0.61817
673 0.61868
674 0.61919
675 0.61971
676 0.62023
677 0.62076
678 0.62130
679 0.62183
680 0.62238
681 0.62293
682 0.62348
683 0.62404
684 0.62460
685 0.62517
686 0.62574
687 0.62632
688 0.62691
689 0.62750
690 0.62809
691 0.62869
692 0.62930
693 0.62991
694 0.63052
695 0.63114
696 0.63177
697 0.63240
698 0.63303
699 0.63368
700 0.63432
701 0.63497
702 0.63563
703 0.63630
704 0.63696
705 0.63764
706 0.63832
707 0.63900
708 0.63969
709 0.64039
710 0.64109
711 0.64180
712 0.64251
713 0.64323
714 0.64395
715 0.64468
716 0.64542
717 0.64616
718 0.64690
719 0.64766
720 0.64842
721 0.64918
722 0.64995
723 0.65072
724 0.65151
725 0.65229
726 0.65309
727 0.65389
728 0.65469
729 0.65550
730 0.65632
731 0.65714
732 0.65797
733 0.65881
734 0.65965
735 0.66050
736 0.66135
737 0.66221
738 0.66308
739 0.66395
740 0.66483
741 0.66571
742 0.66660
743 0.66750
744 0.66840
745 0.66931
746 0.67023
747 0.67115
748 0.67208
749 0.67302
750 0.67396
751 0.67491
752 0.67587
753 0.67683
754 0.67780
755 0.67878
756 0.67976
757 0.68075
758 0.68174
759 0.68275
760 0.68376
761 0.68477
762 0.68580
763 0.68683
764 0.68786
765 0.68891
766 0.68996
767 0.69102
768 0.69208
769 0.69316
770 0.69424
771 0.69532
772 0.69642
773 0.69752
774 0.69863
775 0.69974
776 0.70087
777 0.70200
778 0.70314
779 0.70428
780 0.70544
781 0.70660
782 0.70776
783 0.70894
784 0.71012
785 0.71131
786 0.71251
787 0.71372
788 0.71494
789 0.71616
790 0.71739
791 0.71863
792 0.71987
793 0.72113
794 0.72239
795 0.72366
796 0.72494
797 0.72622
798 0.72752
799 0.72882
800 0.73013
801 0.73145
802 0.73278
803 0.73411
804 0.73546
805 0.73681
806 0.73817
807 0.73954
808 0.74092
809 0.74231
810 0.74371
811 0.74511
812 0.74652
813 0.74795
814 0.74938
815 0.75082
816 0.75227
817 0.75373
818 0.75519
819 0.75667
820 0.75815
821 0.75965
822 0.76115
823 0.76267
824 0.76419
825 0.76572
826 0.76726
827 0.76881
828 0.77037
829 0.77194
830 0.77352
831 0.77511
832 0.77671
833 0.77832
834 0.77994
835 0.78157
836 0.78321
837 0.78486
838 0.78652
839 0.78819
840 0.78987
841 0.79155
842 0.79325
843 0.79496
844 0.79669
845 0.79842
846 0.80016
847 0.80191
848 0.80367
849 0.80545
850 0.80723
851 0.80903
852 0.81083
853 0.81265
854 0.81448
855 0.81632
856 0.81817
857 0.82003
858 0.82190
859 0.82379
860 0.82568
861 0.82759
862 0.82951
863 0.83144
864 0.83338
865 0.83533
866 0.83730
867 0.83927
868 0.84126
869 0.84326
870 0.84528
871 0.84730
872 0.84934
873 0.85139
874 0.85345
875 0.85552
876 0.85761
877 0.85971
878 0.86182
879 0.86395
880 0.86609
881 0.86824
882 0.87040
883 0.87258
884 0.87476
885 0.87697
886 0.87918
887 0.88141
888 0.88366
889 0.88591
890 0.88818
891 0.89046
892 0.89276
893 0.89507
894 0.89740
895 0.89974
896 0.90209
897 0.90446
898 0.90684
899 0.90923
900 0.91164
901 0.91407
902 0.91651
903 0.91896
904 0.92143
905 0.92391
906 0.92641
907 0.92892
908 0.93145
909 0.93399
910 0.93655
911 0.93913
912 0.94118
913 0.94181
914 0.94252
915 0.94321
916 0.94368
917 0.94394
918 0.94427
919 0.94466
920 0.94516
921 0.94579
922 0.94571
923 0.94563
924 0.94645
925 0.94636
926 0.94628
927 0.94736
928 0.94728
929 0.94721
930 0.94713
931 0.94860
932 0.94853
933 0.94845
934 0.94837
935 0.94829
936 0.94822
937 0.94814
938 0.95026
939 0.95018
940 0.95011
941 0.95004
942 0.94996
943 0.94989
944 0.94981
945 0.94974
946 0.94967
947 0.94959
948 0.94952
949 0.94944
950 0.95270
951 0.95263
952 0.95256
953 0.95249
954 0.95242
955 0.95235
956 0.95228
957 0.95221
958 0.95215
959 0.95208
960 0.95201
961 0.95194
962 0.95187
963 0.95180
964 0.95173
965 0.95166
966 0.95159
967 0.95152
968 0.95145
969 0.95138
970 0.95131
971 0.95124
972 0.95117
973 0.95677
974 0.95671
975 0.95665
976 0.95659
977 0.95652
978 0.95646
979 0.95640
980 0.95634
981 0.95627
982 0.95621
983 0.95615
984 0.95609
985 0.95602
986 0.95596
987 0.95590
988 0.95584
989 0.95577
990 0.95571
991 0.95565
992 0.95559
993 0.95552
994 0.95546
995 0.95540
996 0.95534
997 0.95527
998 0.95521
999 0.95515
1000 0.95509
1001 0.95502
1002 0.95496
1003 0.95490
1004 0.95483
1005 0.95477
1006 0.95471
1007 0.95465
1008 0.95458
1009 0.95452
1010 0.95446
1011 0.95439
1012 0.95433
1013 0.95427
1014 0.95420
1015 0.95414
1016 0.95408
1017 0.95402
1018 0.95395
1019 0.95389
1020 0.95383
1021 0.95376
1022 0.95370
1023 0.95364
1024 0.95357
1025 0.95351
1026 0.96540
1027 0.96536
1028 0.96531
1029 0.96526
1030 0.96521
1031 0.96517
1032 0.96512
1033 0.96507
1034 0.96502
1035 0.96498
1036 0.96493
1037 0.96488
1038 0.96483
1039 0.96479
1040 0.96474
1041 0.96469
1042 0.96464
1043 0.96460
1044 0.96455
1045 0.96450
1046 0.96445
1047 0.96441
1048 0.96436
1049 0.96431
1050 0.96426
1051 0.96421
1052 0.96417
1053 0.96412
1054 0.96407
1055 0.96402
1056 0.96397
1057 0.96393
1058 0.96388
1059 0.96383
1060 0.96378
1061 0.96374
1062 0.96369
1063 0.96364
1064 0.96359
1065 0.96354
1066 0.96349
1067 0.96345
1068 0.96340
1069 0.96335
1070 0.96330
1071 0.96325
1072 0.96321
1073 0.96316
1074 0.96311
1075 0.96306
1076 0.96301
1077 0.96297
1078 0.96292
1079 0.96287
1080 0.96282
1081 0.96277
1082 0.96272
1083 0.96268
1084 0.96263
1085 0.96258
1086 0.96253
1087 0.96248
1088 0.96243
1089 0.96238
1090 0.96234
1091 0.96229
1092 0.96224
1093 0.96219
1094 0.96214
1095 0.96209
1096 0.96205
1097 0.96200
1098 0.96195
1099 0.96190
1100 0.96185
1101 0.96180
1102 0.96175
1103 0.96170
1104 0.96166
1105 0.96161
1106 0.96156
1107 0.96151
1108 0.96146
1109 0.96141
1110 0.96136
1111 0.96131
1112 0.96127
1113 0.96122
1114 0.96117
1115 0.96112
1116 0.96107
1117 0.96102
1118 0.96097
1119 0.96092
1120 0.96087
1121 0.96083
1122 0.96078
1123 0.96073
1124 0.96068
1125 0.96063
1126 0.96058
1127 0.96053
1128 0.96048
1129 0.96043
1130 0.96038
1131 0.96034
1132 0.96029
1133 0.96024
1134 0.96019
1135 0.96014
1136 0.96009
1137 0.96004
1138 0.95999
1139 0.95994
1140 0.95989
1141 0.95984
1142 0.95979
1143 0.95974
1144 0.95970
1145 0.95965
1146 0.95960
1147 0.95955
1148 0.95950
1149 0.95945
1150 0.95940
1151 0.95935
1152 0.95930
1153 0.95925
1154 0.95920
1155 0.95915
1156 0.95910
1157 0.95905
1158 0.95900
1159 0.95895
1160 0.95890
1161 0.95885
1162 0.95880
1163 0.95875
1164 0.95870
1165 0.95866
1166 0.95861
1167 0.95856
1168 0.95851
1169 0.95846
1170 0.95841
1171 0.95836
1172 0.95831
1173 0.95826
1174 0.95821
1175 0.95816
1176 0.95811
1177 0.95806
1178 0.95801
1179 0.95796
1180 0.95791
1181 0.95786
1182 0.95781
1183 0.95776
1184 0.95771
1185 0.95766
1186 0.95761
1187 0.95756
1188 0.95751
1189 0.95746
1190 0.95741
1191 0.95736
1192 0.95731
1193 0.95726
1194 0.95721
1195 0.95716
1196 0.95711
1197 0.95706
1198 0.95701
1199 0.95696
1200 0.95691
1201 0.95686
1202 0.95681
1203 0.95676
1204 0.95671
1205 0.95666
1206 0.95661
1207 0.95655
1208 0.95650
1209 0.95645
1210 0.95640
1211 0.95635
1212 0.95630
1213 0.95625
1214 0.95620
1215 0.95615
1216 1.00000
