17 0.98962
18 0.98871
19 0.98777
20 0.98681
21 0.98582
22 0.98482
23 0.98379
24 0.98275
25 0.98169
26 0.98060
27 0.97950
28 0.97838
29 0.97725
30 0.97610
31 0.97493
32 0.97374
33 0.97255
34 0.97133
35 0.97010
36 0.96886
37 0.96761
38 0.96634
39 0.96505
40 0.96376
41 0.96245
42 0.96113
43 0.95980
44 0.95846
45 0.95711
46 0.95574
47 0.95437
48 0.95298
49 0.95159
50 0.95018
51 0.94877
52 0.94735
53 0.94591
54 0.94447
55 0.94302
56 0.94156
57 0.94010
58 0.93862
59 0.93714
60 0.93565
61 0.93416
62 0.93266
63 0.93115
64 0.92963
65 0.92811
66 0.92658
67 0.92504
68 0.92350
69 0.92195
70 0.92040
71 0.91884
72 0.91728
73 0.91571
74 0.91414
75 0.91256
76 0.91098
77 0.90939
78 0.90780
79 0.90620
80 0.90460
81 0.90300
82 0.90139
83 0.89978
84 0.89816
85 0.89655
86 0.89493
87 0.89330
88 0.89167
89 0.89004
90 0.88841
91 0.88678
92 0.88514
93 0.88350
94 0.88186
95 0.88021
96 0.87857
97 0.87692
98 0.87527
99 0.87361
100 0.87196
101 0.87031
102 0.86865
103 0.86699
104 0.86533
105 0.86367
106 0.86201
107 0.86035
108 0.85869
109 0.85702
110 0.85536
111 0.85369
112 0.85203
113 0.85036
114 0.84870
115 0.84703
116 0.84537
117 0.84370
118 0.84203
119 0.84037
120 0.83870
121 0.83704
122 0.83537
123 0.83371
124 0.83204
125 0.83038
126 0.82872
127 0.82705
128 0.82539
129 0.82373
130 0.82207
131 0.82041
132 0.81876
133 0.81710
134 0.81544
135 0.81379
136 0.81214
137 0.81048
138 0.80883
139 0.80719
140 0.80554
141 0.80389
142 0.80225
143 0.80061
144 0.79897
145 0.79733
146 0.79569
147 0.79406
148 0.79242
149 0.79079
150 0.78916
151 0.78754
152 0.78591
153 0.78429
154 0.78267
155 0.78105
156 0.77944
157 0.77782
158 0.77621
159 0.77460
160 0.77300
161 0.77140
162 0.76979
163 0.76820
164 0.76660
165 0.76501
166 0.76342
167 0.76183
168 0.76025
169 0.75867
170 0.75709
171 0.75551
172 0.75394
173 0.75237
174 0.75080
175 0.74924
176 0.74768
177 0.74612
178 0.74457
179 0.74302
180 0.74147
181 0.73993
182 0.73839
183 0.73685
184 0.73532
185 0.73378
186 0.73226
187 0.73073
188 0.72921
189 0.72770
190 0.72618
191 0.72467
192 0.72316
193 0.72166
194 0.72016
195 0.71867
196 0.71718
197 0.71569
198 0.71420
199 0.71272
200 0.71124
201 0.70977
202 0.70830
203 0.70684
204 0.70537
205 0.70391
206 0.70246
207 0.70101
208 0.69956
209 0.69812
210 0.69668
211 0.69525
212 0.69382
213 0.69239
214 0.69097
215 0.68955
216 0.68813
217 0.68672
218 0.68532
219 0.68391
220 0.68251
221 0.68112
222 0.67973
223 0.67834
224 0.67696
225 0.67558
226 0.67421
227 0.67284
228 0.67148
229 0.67011
230 0.66876
231 0.66740
232 0.66606
233 0.66471
234 0.66337
235 0.66204
236 0.66070
237 0.65938
238 0.65805
239 0.65674
240 0.65542
241 0.65411
242 0.65281
243 0.65150
244 0.65021
245 0.64891
246 0.64763
247 0.64634
248 0.64506
249 0.64379
250 0.64252
251 0.64125
252 0.63999
253 0.63873
254 0.63748
255 0.63623
256 0.63498
257 0.63374
258 0.63251
259 0.63128
260 0.63005
261 0.62883
262 0.62761
263 0.62640
264 0.62519
265 0.62398
266 0.62278
267 0.62159
268 0.62040
269 0.61921
270 0.61803
271 0.61685
272 0.61568
273 0.61451
274 0.61334
275 0.61218
276 0.61103
277 0.60988
278 0.60873
279 0.60759
280 0.60645
281 0.60532
282 0.60419
283 0.60306
284 0.60195
285 0.60083
286 0.59972
287 0.59861
288 0.59751
289 0.59641
290 0.59532
291 0.59423
292 0.59315
293 0.59207
294 0.59100
295 0.58993
296 0.58886
297 0.58780
298 0.58674
299 0.58569
300 0.58464
301 0.58360
302 0.58256
303 0.58153
304 0.58050
305 0.57947
306 0.57845
307 0.57743
308 0.57642
309 0.57541
310 0.57441
311 0.57341
312 0.57242
313 0.57143
314 0.57044
315 0.56946
316 0.56848
317 0.56751
318 0.56654
319 0.56558
320 0.56462
321 0.56367
322 0.56272
323 0.56177
324 0.56083
325 0.55990
326 0.55896
327 0.55804
328 0.55711
329 0.55620
330 0.55528
331 0.55437
332 0.55347
333 0.55256
334 0.55167
335 0.55078
336 0.54989
337 0.54900
338 0.54813
339 0.54725
340 0.54638
341 0.54551
342 0.54465
343 0.54380
344 0.54294
345 0.54209
346 0.54125
347 0.54041
348 0.53957
349 0.53874
350 0.53792
351 0.53709
352 0.53628
353 0.53546
354 0.53465
355 0.53385
356 0.53305
357 0.53225
358 0.53146
359 0.53067
360 0.52989
361 0.52911
362 0.52833
363 0.52756
364 0.52680
365 0.52603
366 0.52528
367 0.52452
368 0.52377
369 0.52303
370 0.52229
371 0.52155
372 0.52082
373 0.52009
374 0.51937
375 0.51865
376 0.51793
377 0.51722
378 0.51652
379 0.51581
380 0.51512
381 0.51442
382 0.51373
383 0.51305
384 0.51237
385 0.51169
386 0.51102
387 0.51035
388 0.50968
389 0.50902
390 0.50837
391 0.50771
392 0.50707
393 0.50642
394 0.50578
395 0.50515
396 0.50452
397 0.50389
398 0.50327
399 0.50265
400 0.50203
401 0.50142
402 0.50082
403 0.50022
404 0.49962
405 0.49902
406 0.49843
407 0.49785
408 0.49727
409 0.49669
410 0.49612
411 0.49555
412 0.49498
413 0.49442
414 0.49387
415 0.49331
416 0.49277
417 0.49222
418 0.49168
419 0.49114
420 0.49061
421 0.49008
422 0.48956
423 0.48904
424 0.48852
425 0.48801
426 0.48751
427 0.48700
428 0.48650
429 0.48601
430 0.48551
431 0.48503
432 0.48454
433 0.48406
434 0.48359
435 0.48312
436 0.48265
437 0.48219
438 0.48173
439 0.48127
440 0.48082
441 0.48038
442 0.47993
443 0.47949
444 0.47906
445 0.47863
446 0.47820
447 0.47778
448 0.47736
449 0.47694
450 0.47653
451 0.47613
452 0.47572
453 0.47533
454 0.47493
455 0.47454
456 0.47415
457 0.47377
458 0.47339
459 0.47302
460 0.47265
461 0.47228
462 0.47192
463 0.47156
464 0.47120
465 0.47085
466 0.47050
467 0.47016
468 0.46982
469 0.46949
470 0.46916
471 0.46883
472 0.46851
473 0.46819
474 0.46787
475 0.46756
476 0.46725
477 0.46695
478 0.46665
479 0.46636
480 0.46607
481 0.46578
482 0.46549
483 0.46522
484 0.46494
485 0.46467
486 0.46440
487 0.46414
488 0.46388
489 0.46362
490 0.46337
491 0.46312
492 0.46288
493 0.46264
494 0.46241
495 0.46218
496 0.46195
497 0.46172
498 0.46150
499 0.46129
500 0.46108
501 0.46087
502 0.46067
503 0.46047
504 0.46027
505 0.46008
506 0.45989
507 0.45971
508 0.45953
509 0.45935
510 0.45918
511 0.45902
512 0.45885
513 0.45869
514 0.45854
515 0.45839
516 0.45824
517 0.45810
518 0.45796
519 0.45782
520 0.45769
521 0.45756
522 0.45744
523 0.45732
524 0.45720
525 0.45709
526 0.45699
527 0.45688
528 0.45678
529 0.45669
530 0.45660
531 0.45651
532 0.45643
533 0.45635
534 0.45628
535 0.45621
536 0.45614
537 0.45608
538 0.45602
539 0.45597
540 0.45592
541 0.45587
542 0.45583
543 0.45579
544 0.45576
545 0.45573
546 0.45570
547 0.45568
548 0.45567
549 0.45565
550 0.45565
551 0.45564
552 0.45564
553 0.45565
554 0.45565
555 0.45567
556 0.45568
557 0.45570
558 0.45573
559 0.45576
560 0.45579
561 0.45583
562 0.45587
563 0.45592
564 0.45597
565 0.45602
566 0.45608
567 0.45615
568 0.45621
569 0.45629
570 0.45636
571 0.45644
572 0.45653
573 0.45662
574 0.45671
575 0.45681
576 0.45691
577 0.45702
578 0.45713
579 0.45724
580 0.45736
581 0.45749
582 0.45761
583 0.45775
584 0.45788
585 0.45803
586 0.45817
587 0.45832
588 0.45848
589 0.45864
590 0.45880
591 0.45897
592 0.45914
593 0.45932
594 0.45950
595 0.45969
596 0.45988
597 0.46008
598 0.46028
599 0.46048
600 0.46069
601 0.46090
602 0.46112
603 0.46135
604 0.46157
605 0.46181
606 0.46204
607 0.46229
608 0.46253
609 0.46278
610 0.46304
611 0.46330
612 0.46357
613 0.46384
614 0.46411
615 0.46439
616 0.46467
617 0.46496
618 0.46526
619 0.46556
620 0.46586
621 0.46617
622 0.46648
623 0.46680
624 0.46713
625 0.46745
626 0.46779
627 0.46813
628 0.46847
629 0.46882
630 0.46917
631 0.46953
632 0.46989
633 0.47026
634 0.47063
635 0.47101
636 0.47140
637 0.47178
638 0.47218
639 0.47258
640 0.47298
641 0.47339
642 0.47381
643 0.47423
644 0.47465
645 0.47508
646 0.47552
647 0.47596
648 0.47640
649 0.47686
650 0.47731
651 0.47778
652 0.47824
653 0.47872
654 0.47920
655 0.47968
656 0.48017
657 0.48066
658 0.48117
659 0.48167
660 0.48218
661 0.48270
662 0.48322
663 0.48375
664 0.48429
665 0.48483
666 0.48537
667 0.48593
668 0.48648
669 0.48705
670 0.48761
671 0.48819
672 0.48877
673 0.48936
674 0.48995
675 0.49055
676 0.49115
677 0.49176
678 0.49238
679 0.49300
680 0.49363
681 0.49426
682 0.49490
683 0.49555
684 0.49620
685 0.49686
686 0.49753
687 0.49820
688 0.49888
689 0.49956
690 0.50025
691 0.50095
692 0.50165
693 0.50236
694 0.50308
695 0.50380
696 0.50453
697 0.50527
698 0.50601
699 0.50676
700 0.50751
701 0.50828
702 0.50905
703 0.50982
704 0.51060
705 0.51139
706 0.51219
707 0.51299
708 0.51380
709 0.51462
710 0.51544
711 0.51627
712 0.51711
713 0.51796
714 0.51881
715 0.51967
716 0.52053
717 0.52141
718 0.52229
719 0.52318
720 0.52407
721 0.52498
722 0.52589
723 0.52680
724 0.52773
725 0.52866
726 0.52960
727 0.53055
728 0.53151
729 0.53247
730 0.53344
731 0.53442
732 0.53541
733 0.53640
734 0.53740
735 0.53842
736 0.53943
737 0.54046
738 0.54150
739 0.54254
740 0.54359
741 0.54465
742 0.54572
743 0.54679
744 0.54788
745 0.54897
746 0.55007
747 0.55118
748 0.55230
749 0.55342
750 0.55456
751 0.55570
752 0.55685
753 0.55802
754 0.55919
755 0.56037
756 0.56155
757 0.56275
758 0.56396
759 0.56517
760 0.56640
761 0.56763
762 0.56887
763 0.57013
764 0.57139
765 0.57266
766 0.57394
767 0.57523
768 0.57653
769 0.57784
770 0.57916
771 0.58049
772 0.58183
773 0.58318
774 0.58454
775 0.58590
776 0.58728
777 0.58867
778 0.59007
779 0.59148
780 0.59290
781 0.59433
782 0.59577
783 0.59722
784 0.59869
785 0.60016
786 0.60164
787 0.60314
788 0.60464
789 0.60616
790 0.60768
791 0.60922
792 0.61077
793 0.61233
794 0.61390
795 0.61549
796 0.61708
797 0.61869
798 0.62030
799 0.62193
800 0.62358
801 0.62523
802 0.62689
803 0.62857
804 0.63026
805 0.63196
806 0.63367
807 0.63540
808 0.63714
809 0.63889
810 0.64065
811 0.64243
812 0.64422
813 0.64602
814 0.64783
815 0.64966
816 0.65150
817 0.65335
818 0.65522
819 0.65710
820 0.65899
821 0.66090
822 0.66282
823 0.66475
824 0.66670
825 0.66866
826 0.67064
827 0.67263
828 0.67463
829 0.67665
830 0.67869
831 0.68073
832 0.68280
833 0.68487
834 0.68696
835 0.68907
836 0.69119
837 0.69333
838 0.69548
839 0.69765
840 0.69983
841 0.70203
842 0.70424
843 0.70647
844 0.70872
845 0.71098
846 0.71326
847 0.71555
848 0.71786
849 0.72019
850 0.72253
851 0.72489
852 0.72727
853 0.72966
854 0.73207
855 0.73450
856 0.73695
857 0.73941
858 0.74189
859 0.74439
860 0.74690
861 0.74943
862 0.75198
863 0.75454
864 0.75712
865 0.75972
866 0.76234
867 0.76497
868 0.76762
869 0.77029
870 0.77298
871 0.77569
872 0.77841
873 0.78116
874 0.78392
875 0.78670
876 0.78950
877 0.79232
878 0.79516
879 0.79802
880 0.80090
881 0.80380
882 0.80672
883 0.80966
884 0.81262
885 0.81559
886 0.81859
887 0.82161
888 0.82466
889 0.82772
890 0.83081
891 0.83392
892 0.83705
893 0.84020
894 0.84338
895 0.84658
896 0.84979
897 0.85303
898 0.85629
899 0.85957
900 0.86288
901 0.86621
902 0.86957
903 0.87295
904 0.87636
905 0.87979
906 0.88324
907 0.88672
908 0.89023
909 0.89376
910 0.89731
911 0.90089
912 0.90374
913 0.91163
914 0.91672
915 0.92015
916 0.92206
917 0.92303
918 0.92409
919 0.92527
920 0.92660
921 0.92812
922 0.92797
923 0.92782
924 0.92961
925 0.92946
926 0.92931
927 0.93148
928 0.93134
929 0.93120
930 0.93105
931 0.93378
932 0.93365
933 0.93351
934 0.93338
935 0.93325
936 0.93311
937 0.93298
938 0.93660
939 0.93648
940 0.93636
941 0.93624
942 0.93612
943 0.93600
944 0.93587
945 0.93575
946 0.93563
947 0.93551
948 0.93539
949 0.93526
950 0.94047
951 0.94036
952 0.94026
953 0.94015
954 0.94005
955 0.93994
956 0.93984
957 0.93973
958 0.93963
959 0.93952
960 0.93942
961 0.93931
962 0.93921
963 0.93910
964 0.93899
965 0.93889
966 0.93878
967 0.93864
968 0.93851
969 0.93837
970 0.93824
971 0.93810
972 0.93796
973 0.94638
974 0.94627
975 0.94617
976 0.94606
977 0.94595
978 0.94584
979 0.94573
980 0.94562
981 0.94552
982 0.94541
983 0.94530
984 0.94519
985 0.94508
986 0.94497
987 0.94486
988 0.94475
989 0.94464
990 0.94453
991 0.94442
992 0.94431
993 0.94420
994 0.94409
995 0.94398
996 0.94387
997 0.94376
998 0.94365
999 0.94354
1000 0.94342
1001 0.94331
1002 0.94320
1003 0.94309
1004 0.94298
1005 0.94286
1006 0.94275
1007 0.94264
1008 0.94253
1009 0.94241
1010 0.94230
1011 0.94219
1012 0.94207
1013 0.94196
1014 0.94185
1015 0.94173
1016 0.94162
1017 0.94151
1018 0.94139
1019 0.94128
1020 0.94116
1021 0.94105
1022 0.94093
1023 0.94082
1024 0.94070
1025 0.94059
1026 0.95764
1027 0.95758
1028 0.95753
1029 0.95747
1030 0.95741
1031 0.95735
1032 0.95729
1033 0.95724
1034 0.95718
1035 0.95712
1036 0.95706
1037 0.95700
1038 0.95694
1039 0.95689
1040 0.95683
1041 0.95677
1042 0.95671
1043 0.95665
1044 0.95659
1045 0.95653
1046 0.95648
1047 0.95642
1048 0.95636
1049 0.95630
1050 0.95624
1051 0.95618
1052 0.95612
1053 0.95607
1054 0.95601
1055 0.95595
1056 0.95589
1057 0.95583
1058 0.95577
1059 0.95571
1060 0.95565
1061 0.95560
1062 0.95554
1063 0.95548
1064 0.95542
1065 0.95536
1066 0.95530
1067 0.95524
1068 0.95518
1069 0.95512
1070 0.95507
1071 0.95501
1072 0.95495
1073 0.95489
1074 0.95483
1075 0.95477
1076 0.95471
1077 0.95465
1078 0.95459
1079 0.95453
1080 0.95447
1081 0.95441
1082 0.95436
1083 0.95430
1084 0.95424
1085 0.95418
1086 0.95412
1087 0.95406
1088 0.95400
1089 0.95394
1090 0.95388
1091 0.95382
1092 0.95376
1093 0.95370
1094 0.95364
1095 0.95358
1096 0.95352
1097 0.95346
1098 0.95340
1099 0.95334
1100 0.95328
1101 0.95322
1102 0.95317
1103 0.95311
1104 0.95305
1105 0.95299
1106 0.95293
1107 0.95287
1108 0.95281
1109 0.95275
1110 0.95269
1111 0.95263
1112 0.95257
1113 0.95251
1114 0.95245
1115 0.95239
1116 0.95233
1117 0.95227
1118 0.95221
1119 0.95215
1120 0.95209
1121 0.95203
1122 0.95197
1123 0.95191
1124 0.95185
1125 0.95179
1126 0.95173
1127 0.95167
1128 0.95161
1129 0.95155
1130 0.95149
1131 0.95143
1132 0.95136
1133 0.95130
1134 0.95124
1135 0.95118
1136 0.95112
1137 0.95106
1138 0.95100
1139 0.95094
1140 0.95088
1141 0.95082
1142 0.95076
1143 0.95070
1144 0.95064
1145 0.95056
1146 0.95041
1147 0.95026
1148 0.95010
1149 0.94995
1150 0.94980
1151 0.94965
1152 0.94949
1153 0.94934
1154 0.94919
1155 0.94903
1156 0.94888
1157 0.94873
1158 0.94857
1159 0.94842
1160 0.94826
1161 0.94811
1162 0.94795
1163 0.94779
1164 0.94764
1165 0.94748
1166 0.94732
1167 0.94717
1168 0.94701
1169 0.94685
1170 0.94669
1171 0.94653
1172 0.94637
1173 0.94621
1174 0.94605
1175 0.94589
1176 0.94573
1177 0.94557
1178 0.94541
1179 0.94525
1180 0.94509
1181 0.94493
1182 0.94476
1183 0.94460
1184 0.94444
1185 0.94427
1186 0.94411
1187 0.94395
1188 0.94378
1189 0.94362
1190 0.94345
1191 0.94329
1192 0.94312
1193 0.94295
1194 0.94279
1195 0.94262
1196 0.94245
1197 0.94229
1198 0.94212
1199 0.94195
1200 0.94178
1201 0.94161
1202 0.94145
1203 0.94128
1204 0.94111
1205 0.94094
1206 0.94077
1207 0.94060
1208 0.94042
1209 0.94025
1210 0.94008
1211 0.93991
1212 0.93974
1213 0.93956
1214 0.93939
1215 0.93922
1216 1.00000
