17 0.99889
18 0.99880
19 0.99869
20 0.99859
21 0.99849
22 0.99838
23 0.99827
24 0.99816
25 0.99804
26 0.99793
27 0.99781
28 0.99769
29 0.99756
30 0.99744
31 0.99731
32 0.99718
33 0.99705
34 0.99692
35 0.99679
36 0.99665
37 0.99652
38 0.99638
39 0.99624
40 0.99610
41 0.99595
42 0.99581
43 0.99566
44 0.99552
45 0.99537
46 0.99522
47 0.99507
48 0.99491
49 0.99476
50 0.99460
51 0.99445
52 0.99429
53 0.99413
54 0.99397
55 0.99381
56 0.99365
57 0.99348
58 0.99332
59 0.99315
60 0.99299
61 0.99282
62 0.99265
63 0.99248
64 0.99231
65 0.99214
66 0.99196
67 0.99179
68 0.99161
69 0.99144
70 0.99126
71 0.99108
72 0.99091
73 0.99073
74 0.99055
75 0.99036
76 0.99018
77 0.99000
78 0.98982
79 0.98963
80 0.98945
81 0.98926
82 0.98908
83 0.98889
84 0.98870
85 0.98851
86 0.98832
87 0.98813
88 0.98794
89 0.98775
90 0.98756
91 0.98737
92 0.98717
93 0.98698
94 0.98679
95 0.98659
96 0.98639
97 0.98620
98 0.98600
99 0.98580
100 0.98561
101 0.98541
102 0.98521
103 0.98501
104 0.98481
105 0.98461
106 0.98441
107 0.98421
108 0.98401
109 0.98381
110 0.98360
111 0.98340
112 0.98320
113 0.98299
114 0.98279
115 0.98258
116 0.98238
117 0.98217
118 0.98197
119 0.98176
120 0.98155
121 0.98135
122 0.98114
123 0.98093
124 0.98073
125 0.98052
126 0.98031
127 0.98010
128 0.97989
129 0.97968
130 0.97947
131 0.97926
132 0.97905
133 0.97884
134 0.97863
135 0.97842
136 0.97821
137 0.97800
138 0.97779
139 0.97757
140 0.97736
141 0.97715
142 0.97694
143 0.97673
144 0.97651
145 0.97630
146 0.97609
147 0.97587
148 0.97566
149 0.97545
150 0.97523
151 0.97502
152 0.97481
153 0.97459
154 0.97438
155 0.97416
156 0.97395
157 0.97373
158 0.97352
159 0.97330
160 0.97309
161 0.97288
162 0.97266
163 0.97245
164 0.97223
165 0.97202
166 0.97180
167 0.97158
168 0.97137
169 0.97115
170 0.97094
171 0.97072
172 0.97051
173 0.97029
174 0.97008
175 0.96986
176 0.96965
177 0.96943
178 0.96922
179 0.96900
180 0.96879
181 0.96857
182 0.96836
183 0.96814
184 0.96792
185 0.96771
186 0.96749
187 0.96728
188 0.96706
189 0.96685
190 0.96664
191 0.96642
192 0.96621
193 0.96599
194 0.96578
195 0.96556
196 0.96535
197 0.96513
198 0.96492
199 0.96471
200 0.96449
201 0.96428
202 0.96407
203 0.96385
204 0.96364
205 0.96343
206 0.96321
207 0.96300
208 0.96279
209 0.96257
210 0.96236
211 0.96215
212 0.96194
213 0.96173
214 0.96151
215 0.96130
216 0.96109
217 0.96088
218 0.96067
219 0.96046
220 0.96025
221 0.96004
222 0.95983
223 0.95962
224 0.95941
225 0.95920
226 0.95899
227 0.95878
228 0.95857
229 0.95836
230 0.95815
231 0.95795
232 0.95774
233 0.95753
234 0.95732
235 0.95712
236 0.95691
237 0.95670
238 0.95650
239 0.95629
240 0.95608
241 0.95588
242 0.95567
243 0.95547
244 0.95526
245 0.95506
246 0.95485
247 0.95465
248 0.95445
249 0.95424
250 0.95404
251 0.95384
252 0.95364
253 0.95343
254 0.95323
255 0.95303
256 0.95283
257 0.95263
258 0.95243
259 0.95223
260 0.95203
261 0.95183
262 0.95163
263 0.95143
264 0.95123
265 0.95103
266 0.95084
267 0.95064
268 0.95044
269 0.95025
270 0.95005
271 0.94985
272 0.94966
273 0.94946
274 0.94927
275 0.94907
276 0.94888
277 0.94869
278 0.94849
279 0.94830
280 0.94811
281 0.94792
282 0.94772
283 0.94753
284 0.94734
285 0.94715
286 0.94696
287 0.94677
288 0.94658
289 0.94639
290 0.94620
291 0.94602
292 0.94583
293 0.94564
294 0.94545
295 0.94527
296 0.94508
297 0.94490
298 0.94471
299 0.94453
300 0.94434
301 0.94416
302 0.94398
303 0.94379
304 0.94361
305 0.94343
306 0.94325
307 0.94307
308 0.94289
309 0.94271
310 0.94253
311 0.94235
312 0.94217
313 0.94199
314 0.94181
315 0.94164
316 0.94146
317 0.94128
318 0.94111
319 0.94093
320 0.94076
321 0.94058
322 0.94041
323 0.94024
324 0.94006
325 0.93989
326 0.93972
327 0.93955
328 0.93938
329 0.93921
330 0.93904
331 0.93887
332 0.93870
333 0.93853
334 0.93836
335 0.93820
336 0.93803
337 0.93786
338 0.93770
339 0.93753
340 0.93737
341 0.93721
342 0.93704
343 0.93688
344 0.93672
345 0.93655
346 0.93639
347 0.93623
348 0.93607
349 0.93591
350 0.93575
351 0.93559
352 0.93544
353 0.93528
354 0.93512
355 0.93497
356 0.93481
357 0.93466
358 0.93450
359 0.93435
360 0.93419
361 0.93404
362 0.93389
363 0.93374
364 0.93359
365 0.93343
366 0.93328
367 0.93314
368 0.93299
369 0.93284
370 0.93269
371 0.93254
372 0.93240
373 0.93225
374 0.93211
375 0.93196
376 0.93182
377 0.93167
378 0.93153
379 0.93139
380 0.93125
381 0.93111
382 0.93096
383 0.93082
384 0.93069
385 0.93055
386 0.93041
387 0.93027
388 0.93013
389 0.93000
390 0.92986
391 0.92973
392 0.92959
393 0.92946
394 0.92933
395 0.92919
396 0.92906
397 0.92893
398 0.92880
399 0.92867
400 0.92854
401 0.92841
402 0.92829
403 0.92816
404 0.92803
405 0.92791
406 0.92778
407 0.92766
408 0.92753
409 0.92741
410 0.92729
411 0.92716
412 0.92704
413 0.92692
414 0.92680
415 0.92668
416 0.92656
417 0.92644
418 0.92633
419 0.92621
420 0.92609
421 0.92598
422 0.92586
423 0.92575
424 0.92564
425 0.92552
426 0.92541
427 0.92530
428 0.92519
429 0.92508
430 0.92497
431 0.92486
432 0.92475
433 0.92465
434 0.92454
435 0.92443
436 0.92433
437 0.92422
438 0.92412
439 0.92402
440 0.92391
441 0.92381
442 0.92371
443 0.92361
444 0.92351
445 0.92341
446 0.92331
447 0.92322
448 0.92312
449 0.92302
450 0.92293
451 0.92283
452 0.92274
453 0.92265
454 0.92255
455 0.92246
456 0.92237
457 0.92228
458 0.92219
459 0.92210
460 0.92201
461 0.92193
462 0.92184
463 0.92175
464 0.92167
465 0.92158
466 0.92150
467 0.92142
468 0.92133
469 0.92125
470 0.92117
471 0.92109
472 0.92101
473 0.92093
474 0.92086
475 0.92078
476 0.92070
477 0.92063
478 0.92055
479 0.92048
480 0.92040
481 0.92033
482 0.92026
483 0.92019
484 0.92012
485 0.92005
486 0.91998
487 0.91991
488 0.91984
489 0.91978
490 0.91971
491 0.91965
492 0.91958
493 0.91952
494 0.91946
495 0.91939
496 0.91933
497 0.91927
498 0.91921
499 0.91915
500 0.91910
501 0.91904
502 0.91898
503 0.91893
504 0.91887
505 0.91882
506 0.91876
507 0.91871
508 0.91866
509 0.91861
510 0.91856
511 0.91851
512 0.91846
513 0.91841
514 0.91836
515 0.91832
516 0.91827
517 0.91823
518 0.91818
519 0.91814
520 0.91810
521 0.91806
522 0.91802
523 0.91798
524 0.91794
525 0.91790
526 0.91786
527 0.91782
528 0.91779
529 0.91775
530 0.91772
531 0.91768
532 0.91765
533 0.91762
534 0.91759
535 0.91756
536 0.91753
537 0.91750
538 0.91747
539 0.91745
540 0.91742
541 0.91740
542 0.91737
543 0.91735
544 0.91732
545 0.91730
546 0.91728
547 0.91726
548 0.91724
549 0.91722
550 0.91721
551 0.91719
552 0.91717
553 0.91716
554 0.91714
555 0.91713
556 0.91712
557 0.91710
558 0.91709
559 0.91708
560 0.91707
561 0.91707
562 0.91706
563 0.91705
564 0.91705
565 0.91704
566 0.91704
567 0.91703
568 0.91703
569 0.91703
570 0.91703
571 0.91703
572 0.91703
573 0.91703
574 0.91703
575 0.91704
576 0.91704
577 0.91705
578 0.91705
579 0.91706
580 0.91707
581 0.91708
582 0.91709
583 0.91710
584 0.91711
585 0.91712
586 0.91713
587 0.91715
588 0.91716
589 0.91718
590 0.91719
591 0.91721
592 0.91723
593 0.91725
594 0.91727
595 0.91729
596 0.91731
597 0.91734
598 0.91736
599 0.91738
600 0.91741
601 0.91744
602 0.91746
603 0.91749
604 0.91752
605 0.91755
606 0.91758
607 0.91761
608 0.91765
609 0.91768
610 0.91772
611 0.91775
612 0.91779
613 0.91782
614 0.91786
615 0.91790
616 0.91794
617 0.91798
618 0.91803
619 0.91807
620 0.91811
621 0.91816
622 0.91820
623 0.91825
624 0.91830
625 0.91834
626 0.91839
627 0.91844
628 0.91850
629 0.91855
630 0.91860
631 0.91865
632 0.91871
633 0.91877
634 0.91882
635 0.91888
636 0.91894
637 0.91900
638 0.91906
639 0.91912
640 0.91918
641 0.91925
642 0.91931
643 0.91938
644 0.91944
645 0.91951
646 0.91958
647 0.91965
648 0.91972
649 0.91979
650 0.91986
651 0.91993
652 0.92001
653 0.92008
654 0.92016
655 0.92023
656 0.92031
657 0.92039
658 0.92047
659 0.92055
660 0.92063
661 0.92071
662 0.92080
663 0.92088
664 0.92097
665 0.92105
666 0.92114
667 0.92123
668 0.92132
669 0.92141
670 0.92150
671 0.92159
672 0.92169
673 0.92178
674 0.92188
675 0.92197
676 0.92207
677 0.92217
678 0.92227
679 0.92237
680 0.92247
681 0.92257
682 0.92268
683 0.92278
684 0.92289
685 0.92299
686 0.92310
687 0.92321
688 0.92332
689 0.92343
690 0.92354
691 0.92365
692 0.92376
693 0.92388
694 0.92399
695 0.92411
696 0.92423
697 0.92435
698 0.92447
699 0.92459
700 0.92471
701 0.92483
702 0.92495
703 0.92508
704 0.92520
705 0.92533
706 0.92546
707 0.92559
708 0.92572
709 0.92585
710 0.92598
711 0.92611
712 0.92625
713 0.92638
714 0.92652
715 0.92666
716 0.92679
717 0.92693
718 0.92707
719 0.92722
720 0.92736
721 0.92750
722 0.92765
723 0.92779
724 0.92794
725 0.92809
726 0.92823
727 0.92838
728 0.92853
729 0.92869
730 0.92884
731 0.92899
732 0.92915
733 0.92931
734 0.92946
735 0.92962
736 0.92978
737 0.92994
738 0.93010
739 0.93027
740 0.93043
741 0.93059
742 0.93076
743 0.93093
744 0.93110
745 0.93127
746 0.93144
747 0.93161
748 0.93178
749 0.93195
750 0.93213
751 0.93230
752 0.93248
753 0.93266
754 0.93284
755 0.93302
756 0.93320
757 0.93338
758 0.93357
759 0.93375
760 0.93394
761 0.93412
762 0.93431
763 0.93450
764 0.93469
765 0.93488
766 0.93508
767 0.93527
768 0.93546
769 0.93566
770 0.93586
771 0.93606
772 0.93626
773 0.93646
774 0.93666
775 0.93686
776 0.93706
777 0.93727
778 0.93748
779 0.93768
780 0.93789
781 0.93810
782 0.93831
783 0.93853
784 0.93874
785 0.93895
786 0.93917
787 0.93939
788 0.93960
789 0.93982
790 0.94004
791 0.94026
792 0.94049
793 0.94071
794 0.94094
795 0.94116
796 0.94139
797 0.94162
798 0.94185
799 0.94208
800 0.94231
801 0.94254
802 0.94278
803 0.94301
804 0.94325
805 0.94349
806 0.94373
807 0.94397
808 0.94421
809 0.94445
810 0.94470
811 0.94494
812 0.94519
813 0.94544
814 0.94569
815 0.94594
816 0.94619
817 0.94644
818 0.94669
819 0.94695
820 0.94720
821 0.94746
822 0.94772
823 0.94798
824 0.94824
825 0.94850
826 0.94877
827 0.94903
828 0.94930
829 0.94957
830 0.94984
831 0.95011
832 0.95038
833 0.95065
834 0.95092
835 0.95120
836 0.95147
837 0.95175
838 0.95203
839 0.95231
840 0.95259
841 0.95287
842 0.95316
843 0.95344
844 0.95373
845 0.95402
846 0.95431
847 0.95460
848 0.95489
849 0.95518
850 0.95547
851 0.95577
852 0.95607
853 0.95636
854 0.95666
855 0.95696
856 0.95727
857 0.95757
858 0.95787
859 0.95818
860 0.95849
861 0.95879
862 0.95910
863 0.95942
864 0.95973
865 0.96004
866 0.96036
867 0.96067
868 0.96099
869 0.96131
870 0.96163
871 0.96195
872 0.96227
873 0.96260
874 0.96292
875 0.96325
876 0.96358
877 0.96391
878 0.96424
879 0.96457
880 0.96491
881 0.96524
882 0.96558
883 0.96592
884 0.96626
885 0.96660
886 0.96694
887 0.96728
888 0.96763
889 0.96797
890 0.96832
891 0.96867
892 0.96902
893 0.96937
894 0.96973
895 0.97008
896 0.97044
897 0.97079
898 0.97115
899 0.97151
900 0.97187
901 0.97224
902 0.97260
903 0.97297
904 0.97333
905 0.97370
906 0.97407
907 0.97444
908 0.97482
909 0.97519
910 0.97557
911 0.97595
912 0.97624
913 0.97650
914 0.97679
915 0.97707
916 0.97727
917 0.97738
918 0.97751
919 0.97767
920 0.97788
921 0.97814
922 0.97810
923 0.97807
924 0.97840
925 0.97837
926 0.97834
927 0.97878
928 0.97875
929 0.97872
930 0.97868
931 0.97929
932 0.97926
933 0.97922
934 0.97919
935 0.97916
936 0.97913
937 0.97910
938 0.97997
939 0.97994
940 0.97990
941 0.97987
942 0.97984
943 0.97981
944 0.97978
945 0.97975
946 0.97972
947 0.97969
948 0.97966
949 0.97963
950 0.98096
951 0.98094
952 0.98091
953 0.98088
954 0.98085
955 0.98082
956 0.98079
957 0.98077
958 0.98074
959 0.98071
960 0.98068
961 0.98065
962 0.98062
963 0.98059
964 0.98057
965 0.98054
966 0.98051
967 0.98048
968 0.98045
969 0.98042
970 0.98039
971 0.98037
972 0.98034
973 0.98262
974 0.98260
975 0.98257
976 0.98255
977 0.98252
978 0.98250
979 0.98247
980 0.98245
981 0.98242
982 0.98240
983 0.98237
984 0.98235
985 0.98232
986 0.98229
987 0.98227
988 0.98224
989 0.98222
990 0.98219
991 0.98217
992 0.98214
993 0.98212
994 0.98209
995 0.98206
996 0.98204
997 0.98201
998 0.98199
999 0.98196
1000 0.98194
1001 0.98191
1002 0.98189
1003 0.98186
1004 0.98183
1005 0.98181
1006 0.98178
1007 0.98176
1008 0.98173
1009 0.98171
1010 0.98168
1011 0.98165
1012 0.98163
1013 0.98160
1014 0.98158
1015 0.98155
1016 0.98153
1017 0.98150
1018 0.98147
1019 0.98145
1020 0.98142
1021 0.98140
1022 0.98137
1023 0.98135
1024 0.98132
1025 0.98129
1026 0.98613
1027 0.98611
1028 0.98609
1029 0.98607
1030 0.98605
1031 0.98604
1032 0.98602
1033 0.98600
1034 0.98598
1035 0.98596
1036 0.98594
1037 0.98592
1038 0.98590
1039 0.98588
1040 0.98586
1041 0.98584
1042 0.98582
1043 0.98580
1044 0.98578
1045 0.98577
1046 0.98575
1047 0.98573
1048 0.98571
1049 0.98569
1050 0.98567
1051 0.98565
1052 0.98563
1053 0.98561
1054 0.98559
1055 0.98557
1056 0.98555
1057 0.98553
1058 0.98551
1059 0.98549
1060 0.98547
1061 0.98545
1062 0.98544
1063 0.98542
1064 0.98540
1065 0.98538
1066 0.98536
1067 0.98534
1068 0.98532
1069 0.98530
1070 0.98528
1071 0.98526
1072 0.98524
1073 0.98522
1074 0.98520
1075 0.98518
1076 0.98516
1077 0.98514
1078 0.98512
1079 0.98510
1080 0.98508
1081 0.98506
1082 0.98504
1083 0.98502
1084 0.98501
1085 0.98499
1086 0.98497
1087 0.98495
1088 0.98493
1089 0.98491
1090 0.98489
1091 0.98487
1092 0.98485
1093 0.98483
1094 0.98481
1095 0.98479
1096 0.98477
1097 0.98475
1098 0.98473
1099 0.98471
1100 0.98469
1101 0.98467
1102 0.98465
1103 0.98463
1104 0.98461
1105 0.98459
1106 0.98457
1107 0.98455
1108 0.98453
1109 0.98451
1110 0.98449
1111 0.98447
1112 0.98445
1113 0.98443
1114 0.98441
1115 0.98439
1116 0.98437
1117 0.98435
1118 0.98433
1119 0.98431
1120 0.98429
1121 0.98427
1122 0.98425
1123 0.98423
1124 0.98421
1125 0.98419
1126 0.98417
1127 0.98415
1128 0.98413
1129 0.98411
1130 0.98409
1131 0.98407
1132 0.98405
1133 0.98403
1134 0.98401
1135 0.98399
1136 0.98397
1137 0.98395
1138 0.98393
1139 0.98391
1140 0.98389
1141 0.98387
1142 0.98385
1143 0.98383
1144 0.98381
1145 0.98379
1146 0.98377
1147 0.98375
1148 0.98373
1149 0.98371
1150 0.98369
1151 0.98367
1152 0.98365
1153 0.98363
1154 0.98361
1155 0.98359
1156 0.98357
1157 0.98355
1158 0.98353
1159 0.98351
1160 0.98349
1161 0.98347
1162 0.98345
1163 0.98343
1164 0.98341
1165 0.98339
1166 0.98337
1167 0.98335
1168 0.98333
1169 0.98331
1170 0.98329
1171 0.98327
1172 0.98325
1173 0.98323
1174 0.98321
1175 0.98319
1176 0.98317
1177 0.98315
1178 0.98313
1179 0.98311
1180 0.98309
1181 0.98307
1182 0.98305
1183 0.98303
1184 0.98301
1185 0.98299
1186 0.98296
1187 0.98294
1188 0.98292
1189 0.98290
1190 0.98288
1191 0.98286
1192 0.98284
1193 0.98282
1194 0.98280
1195 0.98278
1196 0.98276
1197 0.98274
1198 0.98272
1199 0.98270
1200 0.98268
1201 0.98266
1202 0.98264
1203 0.98262
1204 0.98260
1205 0.98258
1206 0.98256
1207 0.98254
1208 0.98252
1209 0.98249
1210 0.98247
1211 0.98245
1212 0.98243
1213 0.98241
1214 0.98239
1215 0.98237
1216 1.00000
