17 0.99193
18 0.99122
19 0.99048
20 0.98974
21 0.98897
22 0.98819
23 0.98739
24 0.98657
25 0.98574
26 0.98490
27 0.98404
28 0.98317
29 0.98228
30 0.98138
31 0.98047
32 0.97954
33 0.97861
34 0.97766
35 0.97670
36 0.97572
37 0.97474
38 0.97375
39 0.97274
40 0.97173
41 0.97071
42 0.96967
43 0.96863
44 0.96758
45 0.96652
46 0.96544
47 0.96437
48 0.96328
49 0.96218
50 0.96108
51 0.95997
52 0.95885
53 0.95772
54 0.95659
55 0.95545
56 0.95430
57 0.95315
58 0.95199
59 0.95082
60 0.94964
61 0.94847
62 0.94728
63 0.94609
64 0.94489
65 0.94369
66 0.94248
67 0.94127
68 0.94005
69 0.93882
70 0.93759
71 0.93636
72 0.93512
73 0.93388
74 0.93263
75 0.93138
76 0.93013
77 0.92887
78 0.92760
79 0.92634
80 0.92507
81 0.92379
82 0.92251
83 0.92123
84 0.91995
85 0.91866
86 0.91737
87 0.91608
88 0.91478
89 0.91348
90 0.91218
91 0.91087
92 0.90956
93 0.90825
94 0.90694
95 0.90563
96 0.90431
97 0.90299
98 0.90167
99 0.90035
100 0.89902
101 0.89770
102 0.89637
103 0.89504
104 0.89371
105 0.89238
106 0.89104
107 0.88971
108 0.88837
109 0.88703
110 0.88570
111 0.88436
112 0.88301
113 0.88167
114 0.88033
115 0.87899
116 0.87764
117 0.87630
118 0.87495
119 0.87361
120 0.87226
121 0.87092
122 0.86957
123 0.86822
124 0.86687
125 0.86553
126 0.86418
127 0.86283
128 0.86148
129 0.86014
130 0.85879
131 0.85744
132 0.85610
133 0.85475
134 0.85340
135 0.85206
136 0.85071
137 0.84937
138 0.84802
139 0.84668
140 0.84533
141 0.84399
142 0.84265
143 0.84131
144 0.83997
145 0.83863
146 0.83729
147 0.83595
148 0.83462
149 0.83328
150 0.83195
151 0.83061
152 0.82928
153 0.82795
154 0.82662
155 0.82529
156 0.82396
157 0.82264
158 0.82131
159 0.81999
160 0.81867
161 0.81735
162 0.81603
163 0.81471
164 0.81340
165 0.81208
166 0.81077
167 0.80946
168 0.80815
169 0.80684
170 0.80554
171 0.80423
172 0.80293
173 0.80163
174 0.80033
175 0.79904
176 0.79774
177 0.79645
178 0.79516
179 0.79387
180 0.79259
181 0.79130
182 0.79002
183 0.78874
184 0.78746
185 0.78619
186 0.78492
187 0.78364
188 0.78238
189 0.78111
190 0.77985
191 0.77858
192 0.77733
193 0.77607
194 0.77481
195 0.77356
196 0.77231
197 0.77107
198 0.76982
199 0.76858
200 0.76734
201 0.76610
202 0.76487
203 0.76364
204 0.76241
205 0.76118
206 0.75996
207 0.75874
208 0.75752
209 0.75630
210 0.75509
211 0.75388
212 0.75267
213 0.75147
214 0.75027
215 0.74907
216 0.74787
217 0.74668
218 0.74549
219 0.74430
220 0.74312
221 0.74194
222 0.74076
223 0.73958
224 0.73841
225 0.73724
226 0.73607
227 0.73491
228 0.73375
229 0.73259
230 0.73144
231 0.73029
232 0.72914
233 0.72799
234 0.72685
235 0.72571
236 0.72457
237 0.72344
238 0.72231
239 0.72118
240 0.72006
241 0.71894
242 0.71782
243 0.71671
244 0.71560
245 0.71449
246 0.71339
247 0.71229
248 0.71119
249 0.71009
250 0.70900
251 0.70791
252 0.70683
253 0.70575
254 0.70467
255 0.70359
256 0.70252
257 0.70145
258 0.70039
259 0.69933
260 0.69827
261 0.69721
262 0.69616
263 0.69511
264 0.69407
265 0.69303
266 0.69199
267 0.69095
268 0.68992
269 0.68890
270 0.68787
271 0.68685
272 0.68583
273 0.68482
274 0.68381
275 0.68280
276 0.68180
277 0.68079
278 0.67980
279 0.67880
280 0.67781
281 0.67683
282 0.67584
283 0.67486
284 0.67389
285 0.67292
286 0.67195
287 0.67098
288 0.67002
289 0.66906
290 0.66810
291 0.66715
292 0.66620
293 0.66526
294 0.66432
295 0.66338
296 0.66245
297 0.66152
298 0.66059
299 0.65967
300 0.65875
301 0.65783
302 0.65692
303 0.65601
304 0.65510
305 0.65420
306 0.65330
307 0.65241
308 0.65152
309 0.65063
310 0.64974
311 0.64886
312 0.64798
313 0.64711
314 0.64624
315 0.64537
316 0.64451
317 0.64365
318 0.64280
319 0.64194
320 0.64110
321 0.64025
322 0.63941
323 0.63857
324 0.63774
325 0.63691
326 0.63608
327 0.63526
328 0.63444
329 0.63362
330 0.63281
331 0.63200
332 0.63119
333 0.63039
334 0.62959
335 0.62880
336 0.62801
337 0.62722
338 0.62644
339 0.62566
340 0.62488
341 0.62411
342 0.62334
343 0.62257
344 0.62181
345 0.62105
346 0.62030
347 0.61954
348 0.61880
349 0.61805
350 0.61731
351 0.61658
352 0.61584
353 0.61511
354 0.61439
355 0.61366
356 0.61295
357 0.61223
358 0.61152
359 0.61081
360 0.61011
361 0.60941
362 0.60871
363 0.60801
364 0.60732
365 0.60664
366 0.60596
367 0.60528
368 0.60460
369 0.60393
370 0.60326
371 0.60260
372 0.60193
373 0.60128
374 0.60062
375 0.59997
376 0.59933
377 0.59868
378 0.59804
379 0.59741
380 0.59678
381 0.59615
382 0.59552
383 0.59490
384 0.59428
385 0.59367
386 0.59306
387 0.59245
388 0.59185
389 0.59125
390 0.59065
391 0.59006
392 0.58947
393 0.58888
394 0.58830
395 0.58772
396 0.58715
397 0.58658
398 0.58601
399 0.58545
400 0.58489
401 0.58433
402 0.58378
403 0.58323
404 0.58268
405 0.58214
406 0.58160
407 0.58107
408 0.58053
409 0.58001
410 0.57948
411 0.57896
412 0.57844
413 0.57793
414 0.57742
415 0.57691
416 0.57641
417 0.57591
418 0.57542
419 0.57492
420 0.57444
421 0.57395
422 0.57347
423 0.57299
424 0.57252
425 0.57205
426 0.57158
427 0.57112
428 0.57066
429 0.57020
430 0.56975
431 0.56930
432 0.56885
433 0.56841
434 0.56797
435 0.56754
436 0.56711
437 0.56668
438 0.56625
439 0.56583
440 0.56542
441 0.56500
442 0.56459
443 0.56419
444 0.56379
445 0.56339
446 0.56299
447 0.56260
448 0.56221
449 0.56183
450 0.56145
451 0.56107
452 0.56069
453 0.56032
454 0.55996
455 0.55959
456 0.55924
457 0.55888
458 0.55853
459 0.55818
460 0.55783
461 0.55749
462 0.55715
463 0.55682
464 0.55649
465 0.55616
466 0.55584
467 0.55552
468 0.55520
469 0.55489
470 0.55458
471 0.55427
472 0.55397
473 0.55367
474 0.55338
475 0.55309
476 0.55280
477 0.55252
478 0.55224
479 0.55196
480 0.55169
481 0.55142
482 0.55115
483 0.55089
484 0.55063
485 0.55037
486 0.55012
487 0.54987
488 0.54963
489 0.54939
490 0.54915
491 0.54892
492 0.54869
493 0.54846
494 0.54824
495 0.54802
496 0.54781
497 0.54759
498 0.54739
499 0.54718
500 0.54698
501 0.54678
502 0.54659
503 0.54640
504 0.54622
505 0.54603
506 0.54585
507 0.54568
508 0.54551
509 0.54534
510 0.54518
511 0.54502
512 0.54486
513 0.54471
514 0.54456
515 0.54441
516 0.54427
517 0.54413
518 0.54400
519 0.54386
520 0.54374
521 0.54361
522 0.54349
523 0.54338
524 0.54327
525 0.54316
526 0.54305
527 0.54295
528 0.54285
529 0.54276
530 0.54267
531 0.54258
532 0.54250
533 0.54242
534 0.54235
535 0.54228
536 0.54221
537 0.54214
538 0.54208
539 0.54203
540 0.54198
541 0.54193
542 0.54188
543 0.54184
544 0.54180
545 0.54177
546 0.54174
547 0.54171
548 0.54169
549 0.54167
550 0.54166
551 0.54165
552 0.54164
553 0.54164
554 0.54164
555 0.54164
556 0.54165
557 0.54167
558 0.54168
559 0.54170
560 0.54173
561 0.54175
562 0.54179
563 0.54182
564 0.54186
565 0.54191
566 0.54195
567 0.54200
568 0.54206
569 0.54212
570 0.54218
571 0.54225
572 0.54232
573 0.54240
574 0.54248
575 0.54256
576 0.54265
577 0.54274
578 0.54283
579 0.54293
580 0.54303
581 0.54314
582 0.54325
583 0.54337
584 0.54349
585 0.54361
586 0.54374
587 0.54387
588 0.54400
589 0.54414
590 0.54429
591 0.54444
592 0.54459
593 0.54474
594 0.54490
595 0.54507
596 0.54524
597 0.54541
598 0.54559
599 0.54577
600 0.54595
601 0.54614
602 0.54633
603 0.54653
604 0.54673
605 0.54694
606 0.54715
607 0.54736
608 0.54758
609 0.54781
610 0.54803
611 0.54827
612 0.54850
613 0.54874
614 0.54899
615 0.54924
616 0.54949
617 0.54975
618 0.55001
619 0.55028
620 0.55055
621 0.55082
622 0.55110
623 0.55139
624 0.55167
625 0.55197
626 0.55226
627 0.55257
628 0.55287
629 0.55318
630 0.55350
631 0.55382
632 0.55414
633 0.55447
634 0.55481
635 0.55514
636 0.55549
637 0.55583
638 0.55619
639 0.55654
640 0.55690
641 0.55727
642 0.55764
643 0.55801
644 0.55839
645 0.55878
646 0.55917
647 0.55956
648 0.55996
649 0.56036
650 0.56077
651 0.56119
652 0.56160
653 0.56203
654 0.56245
655 0.56289
656 0.56332
657 0.56377
658 0.56421
659 0.56466
660 0.56512
661 0.56558
662 0.56605
663 0.56652
664 0.56700
665 0.56748
666 0.56797
667 0.56846
668 0.56896
669 0.56946
670 0.56997
671 0.57048
672 0.57100
673 0.57152
674 0.57205
675 0.57258
676 0.57312
677 0.57366
678 0.57421
679 0.57476
680 0.57532
681 0.57589
682 0.57646
683 0.57703
684 0.57761
685 0.57820
686 0.57879
687 0.57939
688 0.57999
689 0.58060
690 0.58121
691 0.58183
692 0.58245
693 0.58308
694 0.58372
695 0.58436
696 0.58501
697 0.58566
698 0.58632
699 0.58698
700 0.58765
701 0.58832
702 0.58900
703 0.58969
704 0.59038
705 0.59108
706 0.59179
707 0.59250
708 0.59321
709 0.59393
710 0.59466
711 0.59539
712 0.59613
713 0.59688
714 0.59763
715 0.59839
716 0.59915
717 0.59992
718 0.60070
719 0.60148
720 0.60227
721 0.60306
722 0.60387
723 0.60467
724 0.60549
725 0.60631
726 0.60713
727 0.60797
728 0.60880
729 0.60965
730 0.61050
731 0.61136
732 0.61223
733 0.61310
734 0.61398
735 0.61486
736 0.61575
737 0.61665
738 0.61755
739 0.61847
740 0.61939
741 0.62031
742 0.62124
743 0.62218
744 0.62313
745 0.62408
746 0.62504
747 0.62601
748 0.62698
749 0.62796
750 0.62895
751 0.62994
752 0.63095
753 0.63196
754 0.63297
755 0.63400
756 0.63503
757 0.63607
758 0.63711
759 0.63817
760 0.63923
761 0.64030
762 0.64137
763 0.64246
764 0.64355
765 0.64465
766 0.64575
767 0.64687
768 0.64799
769 0.64912
770 0.65026
771 0.65140
772 0.65255
773 0.65372
774 0.65488
775 0.65606
776 0.65725
777 0.65844
778 0.65964
779 0.66085
780 0.66207
781 0.66330
782 0.66453
783 0.66578
784 0.66703
785 0.66829
786 0.66956
787 0.67083
788 0.67212
789 0.67341
790 0.67472
791 0.67603
792 0.67735
793 0.67868
794 0.68002
795 0.68136
796 0.68272
797 0.68408
798 0.68546
799 0.68684
800 0.68823
801 0.68964
802 0.69105
803 0.69247
804 0.69390
805 0.69534
806 0.69679
807 0.69824
808 0.69971
809 0.70119
810 0.70268
811 0.70417
812 0.70568
813 0.70720
814 0.70872
815 0.71026
816 0.71180
817 0.71336
818 0.71493
819 0.71650
820 0.71809
821 0.71969
822 0.72130
823 0.72292
824 0.72454
825 0.72618
826 0.72783
827 0.72949
828 0.73116
829 0.73285
830 0.73454
831 0.73624
832 0.73796
833 0.73968
834 0.74142
835 0.74317
836 0.74493
837 0.74670
838 0.74848
839 0.75028
840 0.75208
841 0.75390
842 0.75573
843 0.75757
844 0.75942
845 0.76128
846 0.76316
847 0.76504
848 0.76694
849 0.76886
850 0.77078
851 0.77272
852 0.77467
853 0.77663
854 0.77860
855 0.78059
856 0.78259
857 0.78460
858 0.78662
859 0.78866
860 0.79071
861 0.79278
862 0.79485
863 0.79694
864 0.79905
865 0.80116
866 0.80329
867 0.80544
868 0.80760
869 0.80977
870 0.81195
871 0.81415
872 0.81637
873 0.81859
874 0.82083
875 0.82309
876 0.82536
877 0.82764
878 0.82994
879 0.83226
880 0.83459
881 0.83693
882 0.83929
883 0.84166
884 0.84405
885 0.84645
886 0.84887
887 0.85131
888 0.85376
889 0.85622
890 0.85871
891 0.86120
892 0.86372
893 0.86625
894 0.86879
895 0.87135
896 0.87393
897 0.87653
898 0.87914
899 0.88176
900 0.88441
901 0.88707
902 0.88975
903 0.89244
904 0.89516
905 0.89789
906 0.90064
907 0.90340
908 0.90618
909 0.90899
910 0.91180
911 0.91464
912 0.91690
913 0.92359
914 0.92788
915 0.93076
916 0.93236
917 0.93319
918 0.93410
919 0.93509
920 0.93620
921 0.93747
922 0.93737
923 0.93727
924 0.93874
925 0.93865
926 0.93855
927 0.94032
928 0.94023
929 0.94013
930 0.94004
931 0.94224
932 0.94215
933 0.94206
934 0.94198
935 0.94189
936 0.94180
937 0.94171
938 0.94461
939 0.94452
940 0.94444
941 0.94436
942 0.94427
943 0.94419
944 0.94411
945 0.94402
946 0.94394
947 0.94386
948 0.94377
949 0.94369
950 0.94781
951 0.94774
952 0.94766
953 0.94758
954 0.94750
955 0.94743
956 0.94735
957 0.94727
958 0.94719
959 0.94711
960 0.94704
961 0.94696
962 0.94688
963 0.94680
964 0.94673
965 0.94665
966 0.94657
967 0.94649
968 0.94641
969 0.94634
970 0.94626
971 0.94618
972 0.94610
973 0.95275
974 0.95268
975 0.95261
976 0.95254
977 0.95247
978 0.95241
979 0.95234
980 0.95227
981 0.95220
982 0.95213
983 0.95206
984 0.95199
985 0.95193
986 0.95186
987 0.95179
988 0.95172
989 0.95165
990 0.95158
991 0.95151
992 0.95144
993 0.95137
994 0.95131
995 0.95124
996 0.95117
997 0.95110
998 0.95103
999 0.95096
1000 0.95089
1001 0.95082
1002 0.95075
1003 0.95068
1004 0.95061
1005 0.95055
1006 0.95048
1007 0.95041
1008 0.95034
1009 0.95027
1010 0.95020
1011 0.95013
1012 0.95006
1013 0.94999
1014 0.94992
1015 0.94985
1016 0.94978
1017 0.94971
1018 0.94964
1019 0.94957
1020 0.94950
1021 0.94943
1022 0.94936
1023 0.94929
1024 0.94922
1025 0.94915
1026 0.96253
1027 0.96248
1028 0.96243
1029 0.96238
1030 0.96233
1031 0.96227
1032 0.96222
1033 0.96217
1034 0.96212
1035 0.96207
1036 0.96202
1037 0.96196
1038 0.96191
1039 0.96186
1040 0.96181
1041 0.96176
1042 0.96170
1043 0.96165
1044 0.96160
1045 0.96155
1046 0.96150
1047 0.96145
1048 0.96139
1049 0.96134
1050 0.96129
1051 0.96124
1052 0.96119
1053 0.96113
1054 0.96108
1055 0.96103
1056 0.96098
1057 0.96093
1058 0.96087
1059 0.96082
1060 0.96077
1061 0.96072
1062 0.96066
1063 0.96061
1064 0.96056
1065 0.96051
1066 0.96046
1067 0.96040
1068 0.96035
1069 0.96030
1070 0.96025
1071 0.96019
1072 0.96014
1073 0.96009
1074 0.96004
1075 0.95998
1076 0.95993
1077 0.95988
1078 0.95983
1079 0.95977
1080 0.95972
1081 0.95967
1082 0.95962
1083 0.95956
1084 0.95951
1085 0.95946
1086 0.95941
1087 0.95935
1088 0.95930
1089 0.95925
1090 0.95919
1091 0.95914
1092 0.95909
1093 0.95904
1094 0.95898
1095 0.95893
1096 0.95888
1097 0.95883
1098 0.95877
1099 0.95872
1100 0.95867
1101 0.95861
1102 0.95856
1103 0.95851
1104 0.95845
1105 0.95840
1106 0.95835
1107 0.95830
1108 0.95824
1109 0.95819
1110 0.95814
1111 0.95808
1112 0.95803
1113 0.95798
1114 0.95792
1115 0.95787
1116 0.95782
1117 0.95776
1118 0.95771
1119 0.95766
1120 0.95760
1121 0.95755
1122 0.95750
1123 0.95744
1124 0.95739
1125 0.95734
1126 0.95728
1127 0.95723
1128 0.95718
1129 0.95712
1130 0.95707
1131 0.95702
1132 0.95696
1133 0.95691
1134 0.95686
1135 0.95680
1136 0.95675
1137 0.95670
1138 0.95664
1139 0.95659
1140 0.95653
1141 0.95648
1142 0.95643
1143 0.95637
1144 0.95632
1145 0.95627
1146 0.95621
1147 0.95616
1148 0.95611
1149 0.95605
1150 0.95600
1151 0.95594
1152 0.95589
1153 0.95584
1154 0.95578
1155 0.95573
1156 0.95567
1157 0.95562
1158 0.95557
1159 0.95551
1160 0.95546
1161 0.95540
1162 0.95535
1163 0.95530
1164 0.95524
1165 0.95519
1166 0.95513
1167 0.95508
1168 0.95503
1169 0.95497
1170 0.95492
1171 0.95486
1172 0.95481
1173 0.95475
1174 0.95470
1175 0.95465
1176 0.95459
1177 0.95454
1178 0.95448
1179 0.95443
1180 0.95437
1181 0.95432
1182 0.95427
1183 0.95421
1184 0.95416
1185 0.95410
1186 0.95405
1187 0.95399
1188 0.95394
1189 0.95389
1190 0.95383
1191 0.95378
1192 0.95372
1193 0.95367
1194 0.95361
1195 0.95356
1196 0.95350
1197 0.95345
1198 0.95339
1199 0.95334
1200 0.95328
1201 0.95323
1202 0.95318
1203 0.95312
1204 0.95307
1205 0.95301
1206 0.95296
1207 0.95290
1208 0.95285
1209 0.95279
1210 0.95274
1211 0.95268
1212 0.95263
1213 0.95257
1214 0.95252
1215 0.95246
1216 1.00000
