17 0.94451
18 0.93974
19 0.93487
20 0.92990
21 0.92485
22 0.91970
23 0.91447
24 0.90917
25 0.90380
26 0.89836
27 0.89285
28 0.88729
29 0.88167
30 0.87599
31 0.87027
32 0.86450
33 0.85870
34 0.85285
35 0.84696
36 0.84104
37 0.83510
38 0.82912
39 0.82312
40 0.81709
41 0.81105
42 0.80498
43 0.79890
44 0.79281
45 0.78671
46 0.78059
47 0.77447
48 0.76834
49 0.76221
50 0.75608
51 0.74995
52 0.74381
53 0.73768
54 0.73156
55 0.72544
56 0.71933
57 0.71323
58 0.70713
59 0.70105
60 0.69498
61 0.68893
62 0.68289
63 0.67687
64 0.67086
65 0.66488
66 0.65891
67 0.65296
68 0.64704
69 0.64113
70 0.63525
71 0.62940
72 0.62357
73 0.61776
74 0.61198
75 0.60623
76 0.60051
77 0.59481
78 0.58915
79 0.58351
80 0.57791
81 0.57233
82 0.56679
83 0.56127
84 0.55579
85 0.55035
86 0.54493
87 0.53955
88 0.53421
89 0.52890
90 0.52362
91 0.51838
92 0.51317
93 0.50800
94 0.50286
95 0.49776
96 0.49270
97 0.48767
98 0.48268
99 0.47773
100 0.47282
101 0.46794
102 0.46310
103 0.45829
104 0.45353
105 0.44880
106 0.44411
107 0.43946
108 0.43484
109 0.43026
110 0.42572
111 0.42122
112 0.41676
113 0.41234
114 0.40795
115 0.40360
116 0.39929
117 0.39501
118 0.39078
119 0.38658
120 0.38242
121 0.37829
122 0.37421
123 0.37016
124 0.36615
125 0.36217
126 0.35824
127 0.35434
128 0.35047
129 0.34665
130 0.34286
131 0.33910
132 0.33538
133 0.33170
134 0.32806
135 0.32445
136 0.32087
137 0.31733
138 0.31383
139 0.31036
140 0.30692
141 0.30352
142 0.30016
143 0.29683
144 0.29353
145 0.29026
146 0.28703
147 0.28384
148 0.28067
149 0.27754
150 0.27444
151 0.27138
152 0.26834
153 0.26534
154 0.26237
155 0.25943
156 0.25652
157 0.25365
158 0.25080
159 0.24799
160 0.24520
161 0.24245
162 0.23972
163 0.23703
164 0.23436
165 0.23173
166 0.22912
167 0.22654
168 0.22399
169 0.22147
170 0.21898
171 0.21651
172 0.21407
173 0.21166
174 0.20927
175 0.20692
176 0.20458
177 0.20228
178 0.20000
179 0.19775
180 0.19552
181 0.19332
182 0.19114
183 0.18899
184 0.18686
185 0.18476
186 0.18268
187 0.18062
188 0.17859
189 0.17658
190 0.17459
191 0.17263
192 0.17069
193 0.16878
194 0.16688
195 0.16501
196 0.16316
197 0.16133
198 0.15952
199 0.15773
200 0.15597
201 0.15422
202 0.15250
203 0.15079
204 0.14911
205 0.14744
206 0.14580
207 0.14417
208 0.14257
209 0.14098
210 0.13941
211 0.13786
212 0.13633
213 0.13482
214 0.13333
215 0.13185
216 0.13039
217 0.12895
218 0.12752
219 0.12612
220 0.12472
221 0.12335
222 0.12199
223 0.12065
224 0.11933
225 0.11802
226 0.11672
227 0.11545
228 0.11418
229 0.11294
230 0.11170
231 0.11049
232 0.10928
233 0.10810
234 0.10692
235 0.10576
236 0.10462
237 0.10349
238 0.10237
239 0.10126
240 0.10017
241 0.09910
242 0.09803
243 0.09698
244 0.09594
245 0.09491
246 0.09390
247 0.09290
248 0.09191
249 0.09093
250 0.08997
251 0.08901
252 0.08807
253 0.08714
254 0.08622
255 0.08531
256 0.08442
257 0.08353
258 0.08266
259 0.08179
260 0.08094
261 0.08009
262 0.07926
263 0.07844
264 0.07763
265 0.07682
266 0.07603
267 0.07525
268 0.07447
269 0.07371
270 0.07295
271 0.07221
272 0.07147
273 0.07074
274 0.07002
275 0.06931
276 0.06861
277 0.06792
278 0.06723
279 0.06656
280 0.06589
281 0.06523
282 0.06458
283 0.06393
284 0.06330
285 0.06267
286 0.06205
287 0.06144
288 0.06083
289 0.06023
290 0.05964
291 0.05906
292 0.05848
293 0.05791
294 0.05735
295 0.05680
296 0.05625
297 0.05571
298 0.05517
299 0.05464
300 0.05412
301 0.05360
302 0.05309
303 0.05259
304 0.05209
305 0.05160
306 0.05111
307 0.05063
308 0.05016
309 0.04969
310 0.04923
311 0.04877
312 0.04832
313 0.04788
314 0.04744
315 0.04700
316 0.04657
317 0.04615
318 0.04573
319 0.04531
320 0.04491
321 0.04450
322 0.04410
323 0.04371
324 0.04332
325 0.04293
326 0.04255
327 0.04218
328 0.04181
329 0.04144
330 0.04108
331 0.04072
332 0.04037
333 0.04002
334 0.03967
335 0.03933
336 0.03899
337 0.03866
338 0.03833
339 0.03801
340 0.03769
341 0.03737
342 0.03706
343 0.03675
344 0.03644
345 0.03614
346 0.03584
347 0.03555
348 0.03526
349 0.03497
350 0.03468
351 0.03440
352 0.03413
353 0.03385
354 0.03358
355 0.03331
356 0.03305
357 0.03279
358 0.03253
359 0.03228
360 0.03202
361 0.03177
362 0.03153
363 0.03129
364 0.03105
365 0.03081
366 0.03058
367 0.03034
368 0.03012
369 0.02989
370 0.02967
371 0.02945
372 0.02923
373 0.02901
374 0.02880
375 0.02859
376 0.02839
377 0.02818
378 0.02798
379 0.02778
380 0.02758
381 0.02739
382 0.02719
383 0.02700
384 0.02681
385 0.02663
386 0.02645
387 0.02626
388 0.02609
389 0.02591
390 0.02573
391 0.02556
392 0.02539
393 0.02522
394 0.02506
395 0.02489
396 0.02473
397 0.02457
398 0.02441
399 0.02425
400 0.02410
401 0.02395
402 0.02380
403 0.02365
404 0.02350
405 0.02335
406 0.02321
407 0.02307
408 0.02293
409 0.02279
410 0.02266
411 0.02252
412 0.02239
413 0.02226
414 0.02213
415 0.02200
416 0.02187
417 0.02175
418 0.02162
419 0.02150
420 0.02138
421 0.02126
422 0.02115
423 0.02103
424 0.02092
425 0.02080
426 0.02069
427 0.02058
428 0.02047
429 0.02037
430 0.02026
431 0.02016
432 0.02005
433 0.01995
434 0.01985
435 0.01975
436 0.01966
437 0.01956
438 0.01946
439 0.01937
440 0.01928
441 0.01919
442 0.01910
443 0.01901
444 0.01892
445 0.01884
446 0.01875
447 0.01867
448 0.01858
449 0.01850
450 0.01842
451 0.01834
452 0.01826
453 0.01819
454 0.01811
455 0.01804
456 0.01796
457 0.01789
458 0.01782
459 0.01775
460 0.01768
461 0.01761
462 0.01754
463 0.01748
464 0.01741
465 0.01735
466 0.01728
467 0.01722
468 0.01716
469 0.01710
470 0.01704
471 0.01698
472 0.01693
473 0.01687
474 0.01681
475 0.01676
476 0.01671
477 0.01665
478 0.01660
479 0.01655
480 0.01650
481 0.01645
482 0.01640
483 0.01636
484 0.01631
485 0.01626
486 0.01622
487 0.01617
488 0.01613
489 0.01609
490 0.01605
491 0.01601
492 0.01597
493 0.01593
494 0.01589
495 0.01585
496 0.01581
497 0.01578
498 0.01574
499 0.01571
500 0.01567
501 0.01564
502 0.01561
503 0.01558
504 0.01555
505 0.01552
506 0.01549
507 0.01546
508 0.01543
509 0.01540
510 0.01538
511 0.01535
512 0.01533
513 0.01530
514 0.01528
515 0.01526
516 0.01523
517 0.01521
518 0.01519
519 0.01517
520 0.01515
521 0.01514
522 0.01512
523 0.01510
524 0.01509
525 0.01507
526 0.01506
527 0.01504
528 0.01503
529 0.01502
530 0.01501
531 0.01500
532 0.01499
533 0.01498
534 0.01497
535 0.01496
536 0.01495
537 0.01495
538 0.01494
539 0.01494
540 0.01493
541 0.01493
542 0.01493
543 0.01492
544 0.01492
545 0.01492
546 0.01492
547 0.01492
548 0.01492
549 0.01492
550 0.01493
551 0.01493
552 0.01493
553 0.01494
554 0.01494
555 0.01495
556 0.01496
557 0.01497
558 0.01497
559 0.01498
560 0.01499
561 0.01500
562 0.01502
563 0.01503
564 0.01504
565 0.01506
566 0.01507
567 0.01509
568 0.01510
569 0.01512
570 0.01514
571 0.01516
572 0.01518
573 0.01520
574 0.01522
575 0.01524
576 0.01526
577 0.01529
578 0.01531
579 0.01534
580 0.01536
581 0.01539
582 0.01542
583 0.01545
584 0.01547
585 0.01550
586 0.01554
587 0.01557
588 0.01560
589 0.01564
590 0.01567
591 0.01571
592 0.01574
593 0.01578
594 0.01582
595 0.01586
596 0.01590
597 0.01594
598 0.01598
599 0.01602
600 0.01607
601 0.01611
602 0.01616
603 0.01621
604 0.01626
605 0.01630
606 0.01635
607 0.01641
608 0.01646
609 0.01651
610 0.01657
611 0.01662
612 0.01668
613 0.01674
614 0.01679
615 0.01685
616 0.01692
617 0.01698
618 0.01704
619 0.01710
620 0.01717
621 0.01724
622 0.01731
623 0.01737
624 0.01744
625 0.01752
626 0.01759
627 0.01766
628 0.01774
629 0.01782
630 0.01789
631 0.01797
632 0.01805
633 0.01814
634 0.01822
635 0.01831
636 0.01839
637 0.01848
638 0.01857
639 0.01866
640 0.01875
641 0.01884
642 0.01893
643 0.01902
644 0.01912
645 0.01921
646 0.01931
647 0.01941
648 0.01951
649 0.01962
650 0.01972
651 0.01983
652 0.01993
653 0.02004
654 0.02015
655 0.02027
656 0.02038
657 0.02050
658 0.02062
659 0.02074
660 0.02086
661 0.02098
662 0.02111
663 0.02124
664 0.02136
665 0.02150
666 0.02163
667 0.02177
668 0.02190
669 0.02204
670 0.02218
671 0.02233
672 0.02248
673 0.02262
674 0.02277
675 0.02293
676 0.02308
677 0.02324
678 0.02340
679 0.02356
680 0.02373
681 0.02390
682 0.02407
683 0.02424
684 0.02441
685 0.02459
686 0.02477
687 0.02496
688 0.02514
689 0.02533
690 0.02552
691 0.02572
692 0.02592
693 0.02612
694 0.02632
695 0.02653
696 0.02674
697 0.02695
698 0.02717
699 0.02739
700 0.02761
701 0.02784
702 0.02807
703 0.02830
704 0.02854
705 0.02878
706 0.02903
707 0.02928
708 0.02953
709 0.02978
710 0.03005
711 0.03031
712 0.03058
713 0.03085
714 0.03113
715 0.03141
716 0.03170
717 0.03199
718 0.03228
719 0.03258
720 0.03288
721 0.03319
722 0.03351
723 0.03382
724 0.03415
725 0.03448
726 0.03481
727 0.03515
728 0.03550
729 0.03585
730 0.03620
731 0.03656
732 0.03693
733 0.03730
734 0.03768
735 0.03807
736 0.03846
737 0.03886
738 0.03926
739 0.03967
740 0.04009
741 0.04052
742 0.04095
743 0.04139
744 0.04183
745 0.04229
746 0.04275
747 0.04321
748 0.04369
749 0.04417
750 0.04467
751 0.04517
752 0.04568
753 0.04619
754 0.04672
755 0.04725
756 0.04780
757 0.04835
758 0.04891
759 0.04948
760 0.05006
761 0.05066
762 0.05126
763 0.05187
764 0.05249
765 0.05312
766 0.05377
767 0.05442
768 0.05509
769 0.05577
770 0.05646
771 0.05716
772 0.05787
773 0.05860
774 0.05934
775 0.06009
776 0.06086
777 0.06164
778 0.06243
779 0.06324
780 0.06406
781 0.06489
782 0.06574
783 0.06661
784 0.06749
785 0.06839
786 0.06931
787 0.07024
788 0.07118
789 0.07215
790 0.07313
791 0.07413
792 0.07515
793 0.07619
794 0.07725
795 0.07832
796 0.07942
797 0.08054
798 0.08167
799 0.08283
800 0.08401
801 0.08522
802 0.08644
803 0.08769
804 0.08896
805 0.09026
806 0.09158
807 0.09293
808 0.09430
809 0.09570
810 0.09712
811 0.09858
812 0.10006
813 0.10157
814 0.10311
815 0.10467
816 0.10627
817 0.10790
818 0.10957
819 0.11126
820 0.11299
821 0.11476
822 0.11655
823 0.11839
824 0.12026
825 0.12217
826 0.12411
827 0.12610
828 0.12812
829 0.13019
830 0.13230
831 0.13445
832 0.13664
833 0.13888
834 0.14116
835 0.14350
836 0.14588
837 0.14830
838 0.15078
839 0.15331
840 0.15590
841 0.15853
842 0.16123
843 0.16397
844 0.16678
845 0.16964
846 0.17257
847 0.17556
848 0.17861
849 0.18172
850 0.18490
851 0.18815
852 0.19147
853 0.19486
854 0.19833
855 0.20187
856 0.20548
857 0.20918
858 0.21295
859 0.21681
860 0.22075
861 0.22478
862 0.22889
863 0.23310
864 0.23740
865 0.24179
866 0.24628
867 0.25088
868 0.25557
869 0.26037
870 0.26528
871 0.27030
872 0.27543
873 0.28068
874 0.28605
875 0.29154
876 0.29715
877 0.30289
878 0.30877
879 0.31477
880 0.32092
881 0.32721
882 0.33365
883 0.34023
884 0.34697
885 0.35386
886 0.36092
887 0.36814
888 0.37553
889 0.38310
890 0.39084
891 0.39877
892 0.40688
893 0.41519
894 0.42370
895 0.43241
896 0.44133
897 0.45046
898 0.45982
899 0.46940
900 0.47921
901 0.48926
902 0.49956
903 0.51010
904 0.52091
905 0.53198
906 0.54332
907 0.55495
908 0.56686
909 0.57906
910 0.59157
911 0.60439
912 0.61464
913 0.61878
914 0.62352
915 0.62819
916 0.63127
917 0.63275
918 0.63470
919 0.63724
920 0.64056
921 0.64492
922 0.64381
923 0.64270
924 0.64851
925 0.64742
926 0.64632
927 0.65422
928 0.65314
929 0.65206
930 0.65098
931 0.66206
932 0.66100
933 0.65994
934 0.65888
935 0.65782
936 0.65676
937 0.65569
938 0.67195
939 0.67092
940 0.66989
941 0.66887
942 0.66783
943 0.66680
944 0.66577
945 0.66473
946 0.66370
947 0.66266
948 0.66162
949 0.66058
950 0.68617
951 0.68519
952 0.68420
953 0.68322
954 0.68223
955 0.68125
956 0.68026
957 0.67927
958 0.67828
959 0.67729
960 0.67630
961 0.67530
962 0.67431
963 0.67331
964 0.67231
965 0.67132
966 0.67032
967 0.66931
968 0.66831
969 0.66731
970 0.66630
971 0.66530
972 0.66429
973 0.70941
974 0.70851
975 0.70760
976 0.70670
977 0.70579
978 0.70488
979 0.70397
980 0.70306
981 0.70215
982 0.70124
983 0.70033
984 0.69941
985 0.69849
986 0.69757
987 0.69666
988 0.69574
989 0.69481
990 0.69389
991 0.69297
992 0.69204
993 0.69112
994 0.69019
995 0.68926
996 0.68833
997 0.68740
998 0.68647
999 0.68553
1000 0.68460
1001 0.68366
1002 0.68273
1003 0.68179
1004 0.68085
1005 0.67991
1006 0.67897
1007 0.67802
1008 0.67708
1009 0.67614
1010 0.67519
1011 0.67424
1012 0.67329
1013 0.67234
1014 0.67139
1015 0.67044
1016 0.66949
1017 0.66854
1018 0.66758
1019 0.66663
1020 0.66567
1021 0.66471
1022 0.66375
1023 0.66279
1024 0.66183
1025 0.66087
1026 0.75968
1027 0.75894
1028 0.75821
1029 0.75747
1030 0.75673
1031 0.75599
1032 0.75525
1033 0.75451
1034 0.75377
1035 0.75303
1036 0.75228
1037 0.75154
1038 0.75079
1039 0.75004
1040 0.74929
1041 0.74854
1042 0.74779
1043 0.74704
1044 0.74628
1045 0.74553
1046 0.74477
1047 0.74402
1048 0.74326
1049 0.74250
1050 0.74174
1051 0.74098
1052 0.74022
1053 0.73945
1054 0.73869
1055 0.73792
1056 0.73715
1057 0.73639
1058 0.73562
1059 0.73485
1060 0.73408
1061 0.73330
1062 0.73253
1063 0.73176
1064 0.73098
1065 0.73020
1066 0.72943
1067 0.72865
1068 0.72787
1069 0.72709
1070 0.72630
1071 0.72552
1072 0.72474
1073 0.72395
1074 0.72317
1075 0.72238
1076 0.72159
1077 0.72080
1078 0.72001
1079 0.71922
1080 0.71843
1081 0.71763
1082 0.71684
1083 0.71604
1084 0.71525
1085 0.71445
1086 0.71365
1087 0.71285
1088 0.71205
1089 0.71125
1090 0.71044
1091 0.70964
1092 0.70884
1093 0.70803
1094 0.70722
1095 0.70642
1096 0.70561
1097 0.70480
1098 0.70399
1099 0.70317
1100 0.70236
1101 0.70155
1102 0.70073
1103 0.69992
1104 0.69910
1105 0.69828
1106 0.69746
1107 0.69665
1108 0.69582
1109 0.69500
1110 0.69418
1111 0.69336
1112 0.69253
1113 0.69171
1114 0.69088
1115 0.69005
1116 0.68923
1117 0.68840
1118 0.68757
1119 0.68674
1120 0.68590
1121 0.68507
1122 0.68424
1123 0.68340
1124 0.68257
1125 0.68173
1126 0.68089
1127 0.68005
1128 0.67922
1129 0.67838
1130 0.67753
1131 0.67669
1132 0.67585
1133 0.67501
1134 0.67416
1135 0.67332
1136 0.67247
1137 0.67162
1138 0.67077
1139 0.66993
1140 0.66908
1141 0.66822
1142 0.66737
1143 0.66652
1144 0.66567
1145 0.66481
1146 0.66396
1147 0.66310
1148 0.66225
1149 0.66139
1150 0.66053
1151 0.65967
1152 0.65881
1153 0.65795
1154 0.65709
1155 0.65623
1156 0.65536
1157 0.65450
1158 0.65363
1159 0.65277
1160 0.65190
1161 0.65104
1162 0.65017
1163 0.64930
1164 0.64843
1165 0.64756
1166 0.64669
1167 0.64582
1168 0.64494
1169 0.64407
1170 0.64320
1171 0.64232
1172 0.64144
1173 0.64057
1174 0.63969
1175 0.63881
1176 0.63793
1177 0.63705
1178 0.63617
1179 0.63529
1180 0.63441
1181 0.63353
1182 0.63265
1183 0.63176
1184 0.63088
1185 0.62999
1186 0.62911
1187 0.62822
1188 0.62733
1189 0.62645
1190 0.62556
1191 0.62467
1192 0.62378
1193 0.62289
1194 0.62200
1195 0.62110
1196 0.62021
1197 0.61932
1198 0.61842
1199 0.61753
1200 0.61663
1201 0.61574
1202 0.61484
1203 0.61394
1204 0.61305
1205 0.61215
1206 0.61125
1207 0.61035
1208 0.60945
1209 0.60855
1210 0.60765
1211 0.60674
1212 0.60584
1213 0.60494
1214 0.60403
1215 0.60313
1216 1.00000
