17 0.99671
18 0.99640
19 0.99607
20 0.99574
21 0.99540
22 0.99505
23 0.99469
24 0.99432
25 0.99395
26 0.99356
27 0.99316
28 0.99276
29 0.99235
30 0.99192
31 0.99149
32 0.99106
33 0.99061
34 0.99016
35 0.98969
36 0.98923
37 0.98875
38 0.98826
39 0.98777
40 0.98727
41 0.98677
42 0.98625
43 0.98573
44 0.98521
45 0.98467
46 0.98413
47 0.98359
48 0.98303
49 0.98247
50 0.98191
51 0.98133
52 0.98075
53 0.98017
54 0.97958
55 0.97898
56 0.97838
57 0.97777
58 0.97715
59 0.97653
60 0.97591
61 0.97527
62 0.97464
63 0.97399
64 0.97335
65 0.97269
66 0.97203
67 0.97137
68 0.97070
69 0.97003
70 0.96935
71 0.96866
72 0.96798
73 0.96728
74 0.96658
75 0.96588
76 0.96517
77 0.96446
78 0.96374
79 0.96302
80 0.96230
81 0.96157
82 0.96083
83 0.96009
84 0.95935
85 0.95860
86 0.95785
87 0.95709
88 0.95634
89 0.95557
90 0.95481
91 0.95403
92 0.95326
93 0.95248
94 0.95170
95 0.95091
96 0.95012
97 0.94933
98 0.94853
99 0.94773
100 0.94693
101 0.94612
102 0.94531
103 0.94450
104 0.94368
105 0.94286
106 0.94204
107 0.94121
108 0.94038
109 0.93955
110 0.93871
111 0.93788
112 0.93703
113 0.93619
114 0.93534
115 0.93449
116 0.93364
117 0.93279
118 0.93193
119 0.93107
120 0.93021
121 0.92934
122 0.92847
123 0.92760
124 0.92673
125 0.92585
126 0.92498
127 0.92410
128 0.92322
129 0.92233
130 0.92145
131 0.92056
132 0.91967
133 0.91877
134 0.91788
135 0.91698
136 0.91608
137 0.91518
138 0.91428
139 0.91338
140 0.91247
141 0.91156
142 0.91065
143 0.90974
144 0.90883
145 0.90791
146 0.90700
147 0.90608
148 0.90516
149 0.90424
150 0.90332
151 0.90240
152 0.90147
153 0.90054
154 0.89962
155 0.89869
156 0.89776
157 0.89683
158 0.89589
159 0.89496
160 0.89402
161 0.89309
162 0.89215
163 0.89121
164 0.89027
165 0.88933
166 0.88839
167 0.88745
168 0.88651
169 0.88556
170 0.88462
171 0.88367
172 0.88273
173 0.88178
174 0.88083
175 0.87988
176 0.87893
177 0.87798
178 0.87703
179 0.87608
180 0.87513
181 0.87418
182 0.87323
183 0.87227
184 0.87132
185 0.87037
186 0.86941
187 0.86846
188 0.86750
189 0.86655
190 0.86559
191 0.86463
192 0.86368
193 0.86272
194 0.86177
195 0.86081
196 0.85985
197 0.85890
198 0.85794
199 0.85698
200 0.85602
201 0.85507
202 0.85411
203 0.85315
204 0.85220
205 0.85124
206 0.85028
207 0.84933
208 0.84837
209 0.84741
210 0.84646
211 0.84550
212 0.84455
213 0.84359
214 0.84264
215 0.84168
216 0.84073
217 0.83977
218 0.83882
219 0.83787
220 0.83691
221 0.83596
222 0.83501
223 0.83406
224 0.83311
225 0.83216
226 0.83121
227 0.83026
228 0.82931
229 0.82836
230 0.82741
231 0.82647
232 0.82552
233 0.82458
234 0.82363
235 0.82269
236 0.82174
237 0.82080
238 0.81986
239 0.81892
240 0.81798
241 0.81704
242 0.81610
243 0.81516
244 0.81423
245 0.81329
246 0.81236
247 0.81142
248 0.81049
249 0.80956
250 0.80863
251 0.80770
252 0.80677
253 0.80584
254 0.80492
255 0.80399
256 0.80307
257 0.80214
258 0.80122
259 0.80030
260 0.79938
261 0.79846
262 0.79755
263 0.79663
264 0.79571
265 0.79480
266 0.79389
267 0.79298
268 0.79207
269 0.79116
270 0.79025
271 0.78935
272 0.78844
273 0.78754
274 0.78664
275 0.78574
276 0.78484
277 0.78394
278 0.78305
279 0.78215
280 0.78126
281 0.78037
282 0.77948
283 0.77859
284 0.77771
285 0.77682
286 0.77594
287 0.77505
288 0.77417
289 0.77330
290 0.77242
291 0.77154
292 0.77067
293 0.76980
294 0.76893
295 0.76806
296 0.76719
297 0.76633
298 0.76546
299 0.76460
300 0.76374
301 0.76288
302 0.76203
303 0.76117
304 0.76032
305 0.75947
306 0.75862
307 0.75777
308 0.75692
309 0.75608
310 0.75524
311 0.75440
312 0.75356
313 0.75273
314 0.75189
315 0.75106
316 0.75023
317 0.74940
318 0.74857
319 0.74775
320 0.74693
321 0.74611
322 0.74529
323 0.74447
324 0.74366
325 0.74285
326 0.74204
327 0.74123
328 0.74042
329 0.73962
330 0.73882
331 0.73802
332 0.73722
333 0.73642
334 0.73563
335 0.73484
336 0.73405
337 0.73326
338 0.73248
339 0.73170
340 0.73092
341 0.73014
342 0.72936
343 0.72859
344 0.72782
345 0.72705
346 0.72628
347 0.72552
348 0.72475
349 0.72399
350 0.72324
351 0.72248
352 0.72173
353 0.72098
354 0.72023
355 0.71948
356 0.71874
357 0.71800
358 0.71726
359 0.71652
360 0.71579
361 0.71505
362 0.71433
363 0.71360
364 0.71287
365 0.71215
366 0.71143
367 0.71071
368 0.71000
369 0.70929
370 0.70858
371 0.70787
372 0.70716
373 0.70646
374 0.70576
375 0.70506
376 0.70437
377 0.70368
378 0.70299
379 0.70230
380 0.70161
381 0.70093
382 0.70025
383 0.69957
384 0.69890
385 0.69823
386 0.69756
387 0.69689
388 0.69623
389 0.69556
390 0.69490
391 0.69425
392 0.69359
393 0.69294
394 0.69229
395 0.69165
396 0.69100
397 0.69036
398 0.68973
399 0.68909
400 0.68846
401 0.68783
402 0.68720
403 0.68658
404 0.68595
405 0.68534
406 0.68472
407 0.68411
408 0.68349
409 0.68289
410 0.68228
411 0.68168
412 0.68108
413 0.68048
414 0.67989
415 0.67930
416 0.67871
417 0.67812
418 0.67754
419 0.67696
420 0.67638
421 0.67581
422 0.67523
423 0.67466
424 0.67410
425 0.67354
426 0.67297
427 0.67242
428 0.67186
429 0.67131
430 0.67076
431 0.67022
432 0.66967
433 0.66913
434 0.66860
435 0.66806
436 0.66753
437 0.66700
438 0.66648
439 0.66595
440 0.66543
441 0.66492
442 0.66440
443 0.66389
444 0.66338
445 0.66288
446 0.66238
447 0.66188
448 0.66138
449 0.66089
450 0.66040
451 0.65991
452 0.65943
453 0.65895
454 0.65847
455 0.65799
456 0.65752
457 0.65705
458 0.65659
459 0.65613
460 0.65567
461 0.65521
462 0.65476
463 0.65431
464 0.65386
465 0.65341
466 0.65297
467 0.65254
468 0.65210
469 0.65167
470 0.65124
471 0.65082
472 0.65039
473 0.64997
474 0.64956
475 0.64915
476 0.64874
477 0.64833
478 0.64793
479 0.64753
480 0.64713
481 0.64674
482 0.64634
483 0.64596
484 0.64557
485 0.64519
486 0.64481
487 0.64444
488 0.64407
489 0.64370
490 0.64334
491 0.64298
492 0.64262
493 0.64226
494 0.64191
495 0.64156
496 0.64122
497 0.64088
498 0.64054
499 0.64020
500 0.63987
501 0.63954
502 0.63922
503 0.63890
504 0.63858
505 0.63826
506 0.63795
507 0.63764
508 0.63734
509 0.63704
510 0.63674
511 0.63644
512 0.63615
513 0.63586
514 0.63558
515 0.63530
516 0.63502
517 0.63475
518 0.63447
519 0.63421
520 0.63394
521 0.63368
522 0.63343
523 0.63317
524 0.63292
525 0.63268
526 0.63243
527 0.63219
528 0.63196
529 0.63172
530 0.63150
531 0.63127
532 0.63105
533 0.63083
534 0.63061
535 0.63040
536 0.63020
537 0.62999
538 0.62979
539 0.62959
540 0.62940
541 0.62921
542 0.62902
543 0.62884
544 0.62866
545 0.62849
546 0.62832
547 0.62815
548 0.62798
549 0.62782
550 0.62767
551 0.62751
552 0.62736
553 0.62722
554 0.62708
555 0.62694
556 0.62680
557 0.62667
558 0.62655
559 0.62642
560 0.62630
561 0.62619
562 0.62608
563 0.62597
564 0.62586
565 0.62576
566 0.62567
567 0.62557
568 0.62548
569 0.62540
570 0.62532
571 0.62524
572 0.62517
573 0.62510
574 0.62503
575 0.62497
576 0.62491
577 0.62486
578 0.62481
579 0.62476
580 0.62472
581 0.62468
582 0.62465
583 0.62462
584 0.62459
585 0.62457
586 0.62455
587 0.62453
588 0.62452
589 0.62452
590 0.62452
591 0.62452
592 0.62452
593 0.62453
594 0.62455
595 0.62457
596 0.62459
597 0.62462
598 0.62465
599 0.62468
600 0.62472
601 0.62476
602 0.62481
603 0.62486
604 0.62492
605 0.62498
606 0.62505
607 0.62511
608 0.62519
609 0.62526
610 0.62535
611 0.62543
612 0.62552
613 0.62562
614 0.62572
615 0.62582
616 0.62593
617 0.62604
618 0.62615
619 0.62628
620 0.62640
621 0.62653
622 0.62666
623 0.62680
624 0.62695
625 0.62709
626 0.62725
627 0.62740
628 0.62756
629 0.62773
630 0.62790
631 0.62808
632 0.62825
633 0.62844
634 0.62863
635 0.62882
636 0.62902
637 0.62922
638 0.62943
639 0.62964
640 0.62986
641 0.63008
642 0.63031
643 0.63054
644 0.63077
645 0.63101
646 0.63126
647 0.63151
648 0.63176
649 0.63202
650 0.63229
651 0.63256
652 0.63283
653 0.63311
654 0.63340
655 0.63369
656 0.63398
657 0.63428
658 0.63458
659 0.63489
660 0.63521
661 0.63553
662 0.63585
663 0.63618
664 0.63652
665 0.63686
666 0.63720
667 0.63755
668 0.63791
669 0.63827
670 0.63864
671 0.63901
672 0.63938
673 0.63976
674 0.64015
675 0.64054
676 0.64094
677 0.64135
678 0.64175
679 0.64217
680 0.64259
681 0.64301
682 0.64344
683 0.64388
684 0.64432
685 0.64477
686 0.64522
687 0.64568
688 0.64614
689 0.64661
690 0.64709
691 0.64757
692 0.64806
693 0.64855
694 0.64905
695 0.64955
696 0.65006
697 0.65058
698 0.65110
699 0.65163
700 0.65216
701 0.65270
702 0.65324
703 0.65379
704 0.65435
705 0.65491
706 0.65548
707 0.65606
708 0.65664
709 0.65723
710 0.65782
711 0.65842
712 0.65903
713 0.65964
714 0.66026
715 0.66088
716 0.66152
717 0.66215
718 0.66280
719 0.66345
720 0.66410
721 0.66477
722 0.66544
723 0.66611
724 0.66680
725 0.66749
726 0.66818
727 0.66889
728 0.66960
729 0.67031
730 0.67103
731 0.67176
732 0.67250
733 0.67324
734 0.67400
735 0.67475
736 0.67552
737 0.67629
738 0.67707
739 0.67785
740 0.67864
741 0.67944
742 0.68025
743 0.68106
744 0.68188
745 0.68271
746 0.68355
747 0.68439
748 0.68524
749 0.68610
750 0.68696
751 0.68784
752 0.68872
753 0.68960
754 0.69050
755 0.69140
756 0.69231
757 0.69323
758 0.69415
759 0.69509
760 0.69603
761 0.69698
762 0.69794
763 0.69890
764 0.69987
765 0.70086
766 0.70184
767 0.70284
768 0.70385
769 0.70486
770 0.70588
771 0.70691
772 0.70795
773 0.70900
774 0.71005
775 0.71112
776 0.71219
777 0.71327
778 0.71436
779 0.71546
780 0.71656
781 0.71768
782 0.71880
783 0.71994
784 0.72108
785 0.72223
786 0.72339
787 0.72456
788 0.72573
789 0.72692
790 0.72812
791 0.72932
792 0.73054
793 0.73176
794 0.73300
795 0.73424
796 0.73549
797 0.73675
798 0.73802
799 0.73930
800 0.74060
801 0.74190
802 0.74321
803 0.74453
804 0.74586
805 0.74720
806 0.74855
807 0.74991
808 0.75128
809 0.75266
810 0.75405
811 0.75545
812 0.75686
813 0.75829
814 0.75972
815 0.76116
816 0.76262
817 0.76408
818 0.76556
819 0.76704
820 0.76854
821 0.77005
822 0.77157
823 0.77310
824 0.77464
825 0.77619
826 0.77776
827 0.77933
828 0.78092
829 0.78252
830 0.78413
831 0.78575
832 0.78738
833 0.78903
834 0.79069
835 0.79236
836 0.79404
837 0.79573
838 0.79744
839 0.79915
840 0.80088
841 0.80263
842 0.80438
843 0.80615
844 0.80793
845 0.80972
846 0.81153
847 0.81335
848 0.81518
849 0.81702
850 0.81888
851 0.82075
852 0.82264
853 0.82454
854 0.82645
855 0.82837
856 0.83031
857 0.83226
858 0.83423
859 0.83621
860 0.83821
861 0.84021
862 0.84224
863 0.84427
864 0.84633
865 0.84839
866 0.85047
867 0.85257
868 0.85468
869 0.85680
870 0.85894
871 0.86110
872 0.86327
873 0.86545
874 0.86765
875 0.86987
876 0.87210
877 0.87435
878 0.87661
879 0.87889
880 0.88119
881 0.88350
882 0.88583
883 0.88817
884 0.89053
885 0.89291
886 0.89530
887 0.89771
888 0.90014
889 0.90259
890 0.90505
891 0.90753
892 0.91002
893 0.91254
894 0.91507
895 0.91762
896 0.92019
897 0.92277
898 0.92538
899 0.92800
900 0.93064
901 0.93330
902 0.93598
903 0.93867
904 0.94139
905 0.94412
906 0.94688
907 0.94965
908 0.95244
909 0.95526
910 0.95809
911 0.96094
912 0.96323
913 0.96362
914 0.96407
915 0.96451
916 0.96481
917 0.96497
918 0.96518
919 0.96543
920 0.96574
921 0.96614
922 0.96609
923 0.96604
924 0.96655
925 0.96650
926 0.96645
927 0.96713
928 0.96708
929 0.96703
930 0.96698
931 0.96791
932 0.96786
933 0.96782
934 0.96777
935 0.96772
936 0.96767
937 0.96762
938 0.96896
939 0.96891
940 0.96886
941 0.96882
942 0.96877
943 0.96872
944 0.96868
945 0.96863
946 0.96858
947 0.96854
948 0.96849
949 0.96844
950 0.97050
951 0.97045
952 0.97041
953 0.97037
954 0.97032
955 0.97028
956 0.97023
957 0.97019
958 0.97015
959 0.97010
960 0.97006
961 0.97001
962 0.96997
963 0.96993
964 0.96988
965 0.96984
966 0.96979
967 0.96975
968 0.96971
969 0.96966
970 0.96962
971 0.96957
972 0.96953
973 0.97306
974 0.97302
975 0.97298
976 0.97294
977 0.97290
978 0.97286
979 0.97282
980 0.97278
981 0.97274
982 0.97270
983 0.97267
984 0.97263
985 0.97259
986 0.97255
987 0.97251
988 0.97247
989 0.97243
990 0.97239
991 0.97235
992 0.97231
993 0.97227
994 0.97223
995 0.97219
996 0.97215
997 0.97212
998 0.97208
999 0.97204
1000 0.97200
1001 0.97196
1002 0.97192
1003 0.97188
1004 0.97184
1005 0.97180
1006 0.97176
1007 0.97172
1008 0.97168
1009 0.97164
1010 0.97160
1011 0.97156
1012 0.97152
1013 0.97148
1014 0.97144
1015 0.97140
1016 0.97136
1017 0.97132
1018 0.97128
1019 0.97124
1020 0.97120
1021 0.97116
1022 0.97112
1023 0.97108
1024 0.97104
1025 0.97100
1026 0.97847
1027 0.97844
1028 0.97841
1029 0.97838
1030 0.97835
1031 0.97833
1032 0.97830
1033 0.97827
1034 0.97824
1035 0.97821
1036 0.97818
1037 0.97815
1038 0.97812
1039 0.97809
1040 0.97806
1041 0.97803
1042 0.97800
1043 0.97797
1044 0.97794
1045 0.97791
1046 0.97788
1047 0.97785
1048 0.97782
1049 0.97779
1050 0.97776
1051 0.97773
1052 0.97770
1053 0.97767
1054 0.97764
1055 0.97761
1056 0.97758
1057 0.97755
1058 0.97752
1059 0.97749
1060 0.97746
1061 0.97743
1062 0.97740
1063 0.97737
1064 0.97734
1065 0.97731
1066 0.97728
1067 0.97725
1068 0.97722
1069 0.97719
1070 0.97716
1071 0.97713
1072 0.97710
1073 0.97707
1074 0.97704
1075 0.97701
1076 0.97698
1077 0.97695
1078 0.97691
1079 0.97688
1080 0.97685
1081 0.97682
1082 0.97679
1083 0.97676
1084 0.97673
1085 0.97670
1086 0.97667
1087 0.97664
1088 0.97661
1089 0.97658
1090 0.97655
1091 0.97652
1092 0.97649
1093 0.97646
1094 0.97643
1095 0.97640
1096 0.97637
1097 0.97634
1098 0.97631
1099 0.97628
1100 0.97625
1101 0.97622
1102 0.97619
1103 0.97615
1104 0.97612
1105 0.97609
1106 0.97606
1107 0.97603
1108 0.97600
1109 0.97597
1110 0.97594
1111 0.97591
1112 0.97588
1113 0.97585
1114 0.97582
1115 0.97579
1116 0.97576
1117 0.97573
1118 0.97570
1119 0.97566
1120 0.97563
1121 0.97560
1122 0.97557
1123 0.97554
1124 0.97551
1125 0.97548
1126 0.97545
1127 0.97542
1128 0.97539
1129 0.97536
1130 0.97533
1131 0.97530
1132 0.97526
1133 0.97523
1134 0.97520
1135 0.97517
1136 0.97514
1137 0.97511
1138 0.97508
1139 0.97505
1140 0.97502
1141 0.97499
1142 0.97496
1143 0.97492
1144 0.97489
1145 0.97486
1146 0.97483
1147 0.97480
1148 0.97477
1149 0.97474
1150 0.97471
1151 0.97468
1152 0.97465
1153 0.97461
1154 0.97458
1155 0.97455
1156 0.97452
1157 0.97449
1158 0.97446
1159 0.97443
1160 0.97440
1161 0.97437
1162 0.97433
1163 0.97430
1164 0.97427
1165 0.97424
1166 0.97421
1167 0.97418
1168 0.97415
1169 0.97412
1170 0.97408
1171 0.97405
1172 0.97402
1173 0.97399
1174 0.97396
1175 0.97393
1176 0.97390
1177 0.97387
1178 0.97383
1179 0.97380
1180 0.97377
1181 0.97374
1182 0.97371
1183 0.97368
1184 0.97365
1185 0.97361
1186 0.97358
1187 0.97355
1188 0.97352
1189 0.97349
1190 0.97346
1191 0.97343
1192 0.97339
1193 0.97336
1194 0.97333
1195 0.97330
1196 0.97327
1197 0.97324
1198 0.97320
1199 0.97317
1200 0.97314
1201 0.97311
1202 0.97308
1203 0.97305
1204 0.97302
1205 0.97298
1206 0.97295
1207 0.97292
1208 0.97289
1209 0.97286
1210 0.97283
1211 0.97279
1212 0.97276
1213 0.97273
1214 0.97270
1215 0.97267
1216 1.00000
