17 0.95800
18 0.95436
19 0.95064
20 0.94684
21 0.94297
22 0.93902
23 0.93501
24 0.93093
25 0.92679
26 0.92259
27 0.91834
28 0.91404
29 0.90968
30 0.90528
31 0.90083
32 0.89634
33 0.89181
34 0.88724
35 0.88264
36 0.87800
37 0.87333
38 0.86862
39 0.86389
40 0.85914
41 0.85435
42 0.84955
43 0.84472
44 0.83988
45 0.83501
46 0.83013
47 0.82523
48 0.82032
49 0.81540
50 0.81046
51 0.80551
52 0.80056
53 0.79559
54 0.79062
55 0.78565
56 0.78067
57 0.77569
58 0.77070
59 0.76571
60 0.76073
61 0.75574
62 0.75076
63 0.74577
64 0.74080
65 0.73582
66 0.73085
67 0.72589
68 0.72093
69 0.71598
70 0.71104
71 0.70611
72 0.70119
73 0.69628
74 0.69138
75 0.68649
76 0.68161
77 0.67674
78 0.67189
79 0.66706
80 0.66223
81 0.65743
82 0.65263
83 0.64786
84 0.64310
85 0.63835
86 0.63363
87 0.62892
88 0.62423
89 0.61956
90 0.61491
91 0.61028
92 0.60566
93 0.60107
94 0.59650
95 0.59194
96 0.58741
97 0.58290
98 0.57841
99 0.57395
100 0.56950
101 0.56508
102 0.56068
103 0.55630
104 0.55195
105 0.54762
106 0.54331
107 0.53903
108 0.53477
109 0.53053
110 0.52632
111 0.52213
112 0.51797
113 0.51383
114 0.50971
115 0.50562
116 0.50155
117 0.49751
118 0.49350
119 0.48951
120 0.48554
121 0.48160
122 0.47769
123 0.47380
124 0.46993
125 0.46609
126 0.46228
127 0.45849
128 0.45473
129 0.45099
130 0.44728
131 0.44359
132 0.43993
133 0.43629
134 0.43268
135 0.42910
136 0.42554
137 0.42201
138 0.41850
139 0.41502
140 0.41156
141 0.40813
142 0.40472
143 0.40134
144 0.39798
145 0.39465
146 0.39134
147 0.38806
148 0.38481
149 0.38157
150 0.37837
151 0.37518
152 0.37203
153 0.36889
154 0.36579
155 0.36270
156 0.35964
157 0.35661
158 0.35359
159 0.35061
160 0.34764
161 0.34470
162 0.34179
163 0.33889
164 0.33602
165 0.33318
166 0.33036
167 0.32756
168 0.32478
169 0.32203
170 0.31930
171 0.31659
172 0.31391
173 0.31124
174 0.30860
175 0.30598
176 0.30339
177 0.30082
178 0.29826
179 0.29573
180 0.29322
181 0.29074
182 0.28827
183 0.28583
184 0.28340
185 0.28100
186 0.27862
187 0.27626
188 0.27392
189 0.27160
190 0.26930
191 0.26702
192 0.26476
193 0.26252
194 0.26031
195 0.25811
196 0.25593
197 0.25377
198 0.25162
199 0.24950
200 0.24740
201 0.24531
202 0.24325
203 0.24120
204 0.23917
205 0.23716
206 0.23517
207 0.23320
208 0.23124
209 0.22930
210 0.22738
211 0.22548
212 0.22359
213 0.22173
214 0.21987
215 0.21804
216 0.21622
217 0.21442
218 0.21264
219 0.21087
220 0.20912
221 0.20738
222 0.20567
223 0.20396
224 0.20228
225 0.20061
226 0.19895
227 0.19731
228 0.19568
229 0.19407
230 0.19248
231 0.19090
232 0.18934
233 0.18779
234 0.18625
235 0.18473
236 0.18322
237 0.18173
238 0.18025
239 0.17879
240 0.17734
241 0.17590
242 0.17448
243 0.17307
244 0.17167
245 0.17029
246 0.16892
247 0.16756
248 0.16622
249 0.16489
250 0.16357
251 0.16226
252 0.16097
253 0.15969
254 0.15842
255 0.15716
256 0.15592
257 0.15469
258 0.15347
259 0.15226
260 0.15106
261 0.14987
262 0.14870
263 0.14754
264 0.14639
265 0.14524
266 0.14411
267 0.14300
268 0.14189
269 0.14079
270 0.13970
271 0.13863
272 0.13756
273 0.13651
274 0.13546
275 0.13443
276 0.13340
277 0.13239
278 0.13138
279 0.13039
280 0.12940
281 0.12843
282 0.12746
283 0.12650
284 0.12556
285 0.12462
286 0.12369
287 0.12277
288 0.12186
289 0.12095
290 0.12006
291 0.11918
292 0.11830
293 0.11743
294 0.11657
295 0.11572
296 0.11488
297 0.11405
298 0.11322
299 0.11240
300 0.11159
301 0.11079
302 0.11000
303 0.10921
304 0.10843
305 0.10766
306 0.10690
307 0.10614
308 0.10539
309 0.10465
310 0.10392
311 0.10319
312 0.10247
313 0.10176
314 0.10106
315 0.10036
316 0.09967
317 0.09898
318 0.09830
319 0.09763
320 0.09697
321 0.09631
322 0.09566
323 0.09502
324 0.09438
325 0.09375
326 0.09312
327 0.09250
328 0.09189
329 0.09128
330 0.09068
331 0.09008
332 0.08949
333 0.08891
334 0.08833
335 0.08776
336 0.08719
337 0.08663
338 0.08608
339 0.08553
340 0.08498
341 0.08444
342 0.08391
343 0.08338
344 0.08286
345 0.08234
346 0.08183
347 0.08132
348 0.08082
349 0.08033
350 0.07983
351 0.07935
352 0.07886
353 0.07839
354 0.07791
355 0.07745
356 0.07698
357 0.07652
358 0.07607
359 0.07562
360 0.07518
361 0.07474
362 0.07430
363 0.07387
364 0.07344
365 0.07302
366 0.07260
367 0.07219
368 0.07178
369 0.07137
370 0.07097
371 0.07057
372 0.07018
373 0.06979
374 0.06941
375 0.06903
376 0.06865
377 0.06827
378 0.06791
379 0.06754
380 0.06718
381 0.06682
382 0.06646
383 0.06611
384 0.06577
385 0.06542
386 0.06508
387 0.06475
388 0.06441
389 0.06408
390 0.06376
391 0.06343
392 0.06312
393 0.06280
394 0.06249
395 0.06218
396 0.06187
397 0.06157
398 0.06127
399 0.06097
400 0.06068
401 0.06039
402 0.06010
403 0.05982
404 0.05954
405 0.05926
406 0.05899
407 0.05872
408 0.05845
409 0.05818
410 0.05792
411 0.05766
412 0.05740
413 0.05715
414 0.05690
415 0.05665
416 0.05640
417 0.05616
418 0.05592
419 0.05568
420 0.05544
421 0.05521
422 0.05498
423 0.05476
424 0.05453
425 0.05431
426 0.05409
427 0.05387
428 0.05366
429 0.05345
430 0.05324
431 0.05303
432 0.05283
433 0.05262
434 0.05242
435 0.05223
436 0.05203
437 0.05184
438 0.05165
439 0.05146
440 0.05128
441 0.05109
442 0.05091
443 0.05073
444 0.05056
445 0.05038
446 0.05021
447 0.05004
448 0.04987
449 0.04971
450 0.04955
451 0.04938
452 0.04923
453 0.04907
454 0.04891
455 0.04876
456 0.04861
457 0.04846
458 0.04832
459 0.04817
460 0.04803
461 0.04789
462 0.04775
463 0.04761
464 0.04748
465 0.04735
466 0.04721
467 0.04709
468 0.04696
469 0.04683
470 0.04671
471 0.04659
472 0.04647
473 0.04635
474 0.04624
475 0.04612
476 0.04601
477 0.04590
478 0.04579
479 0.04569
480 0.04558
481 0.04548
482 0.04538
483 0.04528
484 0.04518
485 0.04509
486 0.04500
487 0.04490
488 0.04481
489 0.04472
490 0.04464
491 0.04455
492 0.04447
493 0.04439
494 0.04431
495 0.04423
496 0.04415
497 0.04408
498 0.04401
499 0.04393
500 0.04386
501 0.04380
502 0.04373
503 0.04367
504 0.04360
505 0.04354
506 0.04348
507 0.04342
508 0.04337
509 0.04331
510 0.04326
511 0.04321
512 0.04316
513 0.04311
514 0.04306
515 0.04302
516 0.04297
517 0.04293
518 0.04289
519 0.04285
520 0.04282
521 0.04278
522 0.04275
523 0.04271
524 0.04268
525 0.04266
526 0.04263
527 0.04260
528 0.04258
529 0.04256
530 0.04253
531 0.04251
532 0.04250
533 0.04248
534 0.04246
535 0.04245
536 0.04244
537 0.04243
538 0.04242
539 0.04241
540 0.04240
541 0.04240
542 0.04239
543 0.04239
544 0.04239
545 0.04239
546 0.04239
547 0.04240
548 0.04240
549 0.04241
550 0.04242
551 0.04243
552 0.04244
553 0.04245
554 0.04247
555 0.04248
556 0.04250
557 0.04252
558 0.04254
559 0.04257
560 0.04259
561 0.04262
562 0.04264
563 0.04267
564 0.04270
565 0.04274
566 0.04277
567 0.04280
568 0.04284
569 0.04288
570 0.04292
571 0.04296
572 0.04301
573 0.04305
574 0.04310
575 0.04315
576 0.04320
577 0.04325
578 0.04330
579 0.04336
580 0.04342
581 0.04348
582 0.04354
583 0.04360
584 0.04367
585 0.04373
586 0.04380
587 0.04387
588 0.04394
589 0.04402
590 0.04409
591 0.04417
592 0.04425
593 0.04433
594 0.04442
595 0.04450
596 0.04458
597 0.04467
598 0.04476
599 0.04485
600 0.04495
601 0.04504
602 0.04514
603 0.04524
604 0.04534
605 0.04544
606 0.04555
607 0.04565
608 0.04576
609 0.04587
610 0.04599
611 0.04610
612 0.04622
613 0.04634
614 0.04646
615 0.04659
616 0.04671
617 0.04684
618 0.04698
619 0.04711
620 0.04724
621 0.04738
622 0.04752
623 0.04767
624 0.04781
625 0.04796
626 0.04811
627 0.04826
628 0.04842
629 0.04858
630 0.04874
631 0.04890
632 0.04906
633 0.04923
634 0.04940
635 0.04957
636 0.04975
637 0.04993
638 0.05011
639 0.05029
640 0.05048
641 0.05067
642 0.05086
643 0.05106
644 0.05126
645 0.05146
646 0.05166
647 0.05187
648 0.05208
649 0.05229
650 0.05251
651 0.05273
652 0.05295
653 0.05318
654 0.05341
655 0.05364
656 0.05387
657 0.05411
658 0.05435
659 0.05460
660 0.05485
661 0.05510
662 0.05536
663 0.05562
664 0.05588
665 0.05615
666 0.05642
667 0.05669
668 0.05697
669 0.05725
670 0.05754
671 0.05783
672 0.05812
673 0.05842
674 0.05872
675 0.05903
676 0.05934
677 0.05965
678 0.05997
679 0.06029
680 0.06062
681 0.06095
682 0.06129
683 0.06163
684 0.06198
685 0.06233
686 0.06268
687 0.06304
688 0.06340
689 0.06377
690 0.06415
691 0.06453
692 0.06491
693 0.06530
694 0.06570
695 0.06610
696 0.06650
697 0.06691
698 0.06733
699 0.06775
700 0.06818
701 0.06861
702 0.06905
703 0.06950
704 0.06995
705 0.07040
706 0.07085
707 0.07131
708 0.07177
709 0.07224
710 0.07272
711 0.07320
712 0.07369
713 0.07419
714 0.07469
715 0.07520
716 0.07572
717 0.07624
718 0.07677
719 0.07731
720 0.07786
721 0.07841
722 0.07897
723 0.07953
724 0.08011
725 0.08069
726 0.08128
727 0.08188
728 0.08249
729 0.08310
730 0.08372
731 0.08435
732 0.08499
733 0.08564
734 0.08630
735 0.08696
736 0.08764
737 0.08832
738 0.08902
739 0.08972
740 0.09043
741 0.09116
742 0.09189
743 0.09263
744 0.09339
745 0.09415
746 0.09492
747 0.09571
748 0.09650
749 0.09731
750 0.09813
751 0.09895
752 0.09980
753 0.10065
754 0.10151
755 0.10239
756 0.10328
757 0.10418
758 0.10509
759 0.10602
760 0.10696
761 0.10791
762 0.10888
763 0.10986
764 0.11085
765 0.11186
766 0.11288
767 0.11392
768 0.11497
769 0.11604
770 0.11712
771 0.11822
772 0.11933
773 0.12046
774 0.12160
775 0.12277
776 0.12395
777 0.12514
778 0.12636
779 0.12759
780 0.12884
781 0.13011
782 0.13139
783 0.13270
784 0.13402
785 0.13537
786 0.13673
787 0.13812
788 0.13952
789 0.14095
790 0.14239
791 0.14386
792 0.14535
793 0.14687
794 0.14840
795 0.14996
796 0.15154
797 0.15315
798 0.15478
799 0.15644
800 0.15812
801 0.15982
802 0.16156
803 0.16331
804 0.16510
805 0.16691
806 0.16875
807 0.17062
808 0.17252
809 0.17445
810 0.17641
811 0.17840
812 0.18042
813 0.18247
814 0.18455
815 0.18667
816 0.18882
817 0.19100
818 0.19322
819 0.19547
820 0.19776
821 0.20009
822 0.20245
823 0.20485
824 0.20729
825 0.20976
826 0.21228
827 0.21484
828 0.21744
829 0.22008
830 0.22277
831 0.22549
832 0.22827
833 0.23108
834 0.23395
835 0.23686
836 0.23982
837 0.24283
838 0.24588
839 0.24899
840 0.25215
841 0.25537
842 0.25863
843 0.26195
844 0.26533
845 0.26876
846 0.27225
847 0.27580
848 0.27941
849 0.28308
850 0.28682
851 0.29061
852 0.29448
853 0.29840
854 0.30240
855 0.30646
856 0.31060
857 0.31480
858 0.31908
859 0.32343
860 0.32786
861 0.33236
862 0.33695
863 0.34161
864 0.34635
865 0.35118
866 0.35610
867 0.36110
868 0.36619
869 0.37137
870 0.37664
871 0.38200
872 0.38746
873 0.39302
874 0.39868
875 0.40444
876 0.41031
877 0.41628
878 0.42236
879 0.42855
880 0.43485
881 0.44126
882 0.44780
883 0.45445
884 0.46123
885 0.46813
886 0.47515
887 0.48231
888 0.48960
889 0.49703
890 0.50459
891 0.51230
892 0.52015
893 0.52814
894 0.53629
895 0.54459
896 0.55305
897 0.56166
898 0.57044
899 0.57939
900 0.58851
901 0.59780
902 0.60727
903 0.61692
904 0.62676
905 0.63678
906 0.64701
907 0.65742
908 0.66804
909 0.67887
910 0.68991
911 0.70116
912 0.71013
913 0.71349
914 0.71733
915 0.72110
916 0.72359
917 0.72478
918 0.72635
919 0.72840
920 0.73107
921 0.73456
922 0.73367
923 0.73278
924 0.73744
925 0.73656
926 0.73568
927 0.74200
928 0.74114
929 0.74027
930 0.73941
931 0.74823
932 0.74739
933 0.74655
934 0.74571
935 0.74486
936 0.74402
937 0.74317
938 0.75608
939 0.75527
940 0.75445
941 0.75364
942 0.75282
943 0.75200
944 0.75118
945 0.75036
946 0.74954
947 0.74871
948 0.74789
949 0.74706
950 0.76730
951 0.76652
952 0.76575
953 0.76498
954 0.76420
955 0.76342
956 0.76264
957 0.76186
958 0.76108
959 0.76030
960 0.75952
961 0.75873
962 0.75795
963 0.75716
964 0.75637
965 0.75558
966 0.75479
967 0.75399
968 0.75320
969 0.75240
970 0.75161
971 0.75081
972 0.75001
973 0.78549
974 0.78478
975 0.78408
976 0.78337
977 0.78267
978 0.78196
979 0.78125
980 0.78054
981 0.77982
982 0.77911
983 0.77840
984 0.77768
985 0.77696
986 0.77625
987 0.77553
988 0.77481
989 0.77408
990 0.77336
991 0.77264
992 0.77191
993 0.77118
994 0.77046
995 0.76973
996 0.76900
997 0.76826
998 0.76753
999 0.76680
1000 0.76606
1001 0.76532
1002 0.76459
1003 0.76385
1004 0.76311
1005 0.76237
1006 0.76162
1007 0.76088
1008 0.76014
1009 0.75939
1010 0.75864
1011 0.75789
1012 0.75714
1013 0.75639
1014 0.75564
1015 0.75489
1016 0.75413
1017 0.75338
1018 0.75262
1019 0.75186
1020 0.75110
1021 0.75034
1022 0.74958
1023 0.74882
1024 0.74805
1025 0.74729
1026 0.82423
1027 0.82367
1028 0.82311
1029 0.82254
1030 0.82198
1031 0.82142
1032 0.82085
1033 0.82028
1034 0.81972
1035 0.81915
1036 0.81858
1037 0.81801
1038 0.81743
1039 0.81686
1040 0.81629
1041 0.81571
1042 0.81514
1043 0.81456
1044 0.81398
1045 0.81340
1046 0.81282
1047 0.81224
1048 0.81166
1049 0.81108
1050 0.81049
1051 0.80991
1052 0.80932
1053 0.80873
1054 0.80815
1055 0.80756
1056 0.80697
1057 0.80637
1058 0.80578
1059 0.80519
1060 0.80459
1061 0.80400
1062 0.80340
1063 0.80281
1064 0.80221
1065 0.80161
1066 0.80101
1067 0.80041
1068 0.79980
1069 0.79920
1070 0.79859
1071 0.79799
1072 0.79738
1073 0.79677
1074 0.79617
1075 0.79556
1076 0.79495
1077 0.79433
1078 0.79372
1079 0.79311
1080 0.79249
1081 0.79188
1082 0.79126
1083 0.79064
1084 0.79002
1085 0.78940
1086 0.78878
1087 0.78816
1088 0.78754
1089 0.78691
1090 0.78629
1091 0.78566
1092 0.78504
1093 0.78441
1094 0.78378
1095 0.78315
1096 0.78252
1097 0.78189
1098 0.78126
1099 0.78062
1100 0.77999
1101 0.77935
1102 0.77872
1103 0.77808
1104 0.77744
1105 0.77680
1106 0.77616
1107 0.77552
1108 0.77488
1109 0.77423
1110 0.77359
1111 0.77294
1112 0.77230
1113 0.77165
1114 0.77100
1115 0.77035
1116 0.76970
1117 0.76905
1118 0.76840
1119 0.76774
1120 0.76709
1121 0.76643
1122 0.76578
1123 0.76512
1124 0.76446
1125 0.76380
1126 0.76314
1127 0.76248
1128 0.76182
1129 0.76116
1130 0.76049
1131 0.75983
1132 0.75916
1133 0.75850
1134 0.75783
1135 0.75716
1136 0.75649
1137 0.75582
1138 0.75515
1139 0.75448
1140 0.75380
1141 0.75313
1142 0.75245
1143 0.75178
1144 0.75110
1145 0.75042
1146 0.74975
1147 0.74907
1148 0.74838
1149 0.74770
1150 0.74702
1151 0.74634
1152 0.74565
1153 0.74497
1154 0.74428
1155 0.74359
1156 0.74291
1157 0.74222
1158 0.74153
1159 0.74084
1160 0.74014
1161 0.73945
1162 0.73876
1163 0.73806
1164 0.73737
1165 0.73667
1166 0.73598
1167 0.73528
1168 0.73458
1169 0.73388
1170 0.73318
1171 0.73248
1172 0.73177
1173 0.73107
1174 0.73037
1175 0.72966
1176 0.72896
1177 0.72825
1178 0.72754
1179 0.72683
1180 0.72612
1181 0.72541
1182 0.72470
1183 0.72399
1184 0.72328
1185 0.72256
1186 0.72185
1187 0.72113
1188 0.72042
1189 0.71970
1190 0.71898
1191 0.71826
1192 0.71754
1193 0.71682
1194 0.71610
1195 0.71538
1196 0.71465
1197 0.71393
1198 0.71320
1199 0.71248
1200 0.71175
1201 0.71102
1202 0.71030
1203 0.70957
1204 0.70884
1205 0.70811
1206 0.70737
1207 0.70664
1208 0.70591
1209 0.70517
1210 0.70444
1211 0.70370
1212 0.70297
1213 0.70223
1214 0.70149
1215 0.70075
1216 1.00000
