17 0.93973
18 0.93442
19 0.92897
20 0.92341
21 0.91774
22 0.91196
23 0.90607
24 0.90009
25 0.89401
26 0.88786
27 0.88161
28 0.87530
29 0.86891
30 0.86245
31 0.85593
32 0.84935
33 0.84271
34 0.83602
35 0.82929
36 0.82251
37 0.81569
38 0.80883
39 0.80194
40 0.79502
41 0.78807
42 0.78109
43 0.77410
44 0.76709
45 0.76006
46 0.75301
47 0.74596
48 0.73890
49 0.73183
50 0.72476
51 0.71769
52 0.71062
53 0.70356
54 0.69650
55 0.68945
56 0.68240
57 0.67537
58 0.66836
59 0.66136
60 0.65437
61 0.64741
62 0.64047
63 0.63354
64 0.62665
65 0.61977
66 0.61293
67 0.60611
68 0.59932
69 0.59256
70 0.58583
71 0.57914
72 0.57248
73 0.56585
74 0.55927
75 0.55271
76 0.54620
77 0.53973
78 0.53329
79 0.52690
80 0.52055
81 0.51424
82 0.50797
83 0.50175
84 0.49557
85 0.48944
86 0.48335
87 0.47731
88 0.47131
89 0.46536
90 0.45946
91 0.45361
92 0.44781
93 0.44205
94 0.43634
95 0.43069
96 0.42508
97 0.41952
98 0.41401
99 0.40856
100 0.40315
101 0.39779
102 0.39249
103 0.38723
104 0.38203
105 0.37688
106 0.37178
107 0.36673
108 0.36173
109 0.35678
110 0.35188
111 0.34704
112 0.34224
113 0.33750
114 0.33281
115 0.32816
116 0.32357
117 0.31903
118 0.31454
119 0.31010
120 0.30571
121 0.30137
122 0.29708
123 0.29284
124 0.28864
125 0.28450
126 0.28041
127 0.27636
128 0.27236
129 0.26841
130 0.26451
131 0.26066
132 0.25685
133 0.25309
134 0.24938
135 0.24571
136 0.24209
137 0.23851
138 0.23498
139 0.23149
140 0.22805
141 0.22465
142 0.22130
143 0.21799
144 0.21473
145 0.21150
146 0.20832
147 0.20518
148 0.20208
149 0.19903
150 0.19601
151 0.19304
152 0.19011
153 0.18721
154 0.18436
155 0.18154
156 0.17876
157 0.17603
158 0.17333
159 0.17066
160 0.16804
161 0.16545
162 0.16290
163 0.16038
164 0.15790
165 0.15545
166 0.15304
167 0.15067
168 0.14833
169 0.14602
170 0.14374
171 0.14150
172 0.13929
173 0.13711
174 0.13497
175 0.13285
176 0.13077
177 0.12872
178 0.12670
179 0.12471
180 0.12274
181 0.12081
182 0.11891
183 0.11703
184 0.11518
185 0.11337
186 0.11157
187 0.10981
188 0.10807
189 0.10636
190 0.10467
191 0.10301
192 0.10138
193 0.09977
194 0.09818
195 0.09662
196 0.09509
197 0.09357
198 0.09208
199 0.09062
200 0.08917
201 0.08775
202 0.08635
203 0.08498
204 0.08362
205 0.08229
206 0.08097
207 0.07968
208 0.07841
209 0.07716
210 0.07593
211 0.07471
212 0.07352
213 0.07234
214 0.07119
215 0.07005
216 0.06893
217 0.06783
218 0.06675
219 0.06568
220 0.06463
221 0.06360
222 0.06258
223 0.06158
224 0.06060
225 0.05963
226 0.05868
227 0.05774
228 0.05682
229 0.05591
230 0.05502
231 0.05414
232 0.05328
233 0.05243
234 0.05159
235 0.05077
236 0.04996
237 0.04917
238 0.04838
239 0.04761
240 0.04686
241 0.04611
242 0.04538
243 0.04466
244 0.04395
245 0.04325
246 0.04257
247 0.04189
248 0.04123
249 0.04058
250 0.03994
251 0.03931
252 0.03868
253 0.03807
254 0.03747
255 0.03688
256 0.03630
257 0.03573
258 0.03517
259 0.03462
260 0.03407
261 0.03354
262 0.03301
263 0.03250
264 0.03199
265 0.03149
266 0.03100
267 0.03051
268 0.03004
269 0.02957
270 0.02911
271 0.02866
272 0.02821
273 0.02778
274 0.02735
275 0.02692
276 0.02651
277 0.02610
278 0.02570
279 0.02530
280 0.02491
281 0.02453
282 0.02415
283 0.02378
284 0.02342
285 0.02306
286 0.02271
287 0.02237
288 0.02203
289 0.02169
290 0.02136
291 0.02104
292 0.02072
293 0.02041
294 0.02010
295 0.01980
296 0.01950
297 0.01921
298 0.01892
299 0.01864
300 0.01836
301 0.01808
302 0.01781
303 0.01755
304 0.01729
305 0.01703
306 0.01678
307 0.01653
308 0.01629
309 0.01605
310 0.01582
311 0.01558
312 0.01536
313 0.01513
314 0.01491
315 0.01469
316 0.01448
317 0.01427
318 0.01406
319 0.01386
320 0.01366
321 0.01347
322 0.01327
323 0.01308
324 0.01290
325 0.01271
326 0.01253
327 0.01235
328 0.01218
329 0.01201
330 0.01184
331 0.01167
332 0.01151
333 0.01135
334 0.01119
335 0.01103
336 0.01088
337 0.01073
338 0.01058
339 0.01044
340 0.01029
341 0.01015
342 0.01001
343 0.00988
344 0.00974
345 0.00961
346 0.00948
347 0.00935
348 0.00923
349 0.00910
350 0.00898
351 0.00886
352 0.00874
353 0.00863
354 0.00851
355 0.00840
356 0.00829
357 0.00818
358 0.00807
359 0.00797
360 0.00786
361 0.00776
362 0.00766
363 0.00756
364 0.00747
365 0.00737
366 0.00728
367 0.00718
368 0.00709
369 0.00700
370 0.00691
371 0.00683
372 0.00674
373 0.00666
374 0.00658
375 0.00649
376 0.00641
377 0.00634
378 0.00626
379 0.00618
380 0.00611
381 0.00603
382 0.00596
383 0.00589
384 0.00582
385 0.00575
386 0.00568
387 0.00561
388 0.00555
389 0.00548
390 0.00542
391 0.00535
392 0.00529
393 0.00523
394 0.00517
395 0.00511
396 0.00505
397 0.00499
398 0.00494
399 0.00488
400 0.00483
401 0.00477
402 0.00472
403 0.00467
404 0.00462
405 0.00457
406 0.00452
407 0.00447
408 0.00442
409 0.00437
410 0.00432
411 0.00428
412 0.00423
413 0.00419
414 0.00414
415 0.00410
416 0.00406
417 0.00402
418 0.00397
419 0.00393
420 0.00389
421 0.00385
422 0.00381
423 0.00378
424 0.00374
425 0.00370
426 0.00366
427 0.00363
428 0.00359
429 0.00356
430 0.00352
431 0.00349
432 0.00346
433 0.00342
434 0.00339
435 0.00336
436 0.00333
437 0.00330
438 0.00327
439 0.00324
440 0.00321
441 0.00318
442 0.00315
443 0.00312
444 0.00309
445 0.00307
446 0.00304
447 0.00301
448 0.00299
449 0.00296
450 0.00294
451 0.00291
452 0.00289
453 0.00286
454 0.00284
455 0.00282
456 0.00279
457 0.00277
458 0.00275
459 0.00273
460 0.00271
461 0.00268
462 0.00266
463 0.00264
464 0.00262
465 0.00260
466 0.00258
467 0.00256
468 0.00254
469 0.00253
470 0.00251
471 0.00249
472 0.00247
473 0.00245
474 0.00244
475 0.00242
476 0.00240
477 0.00239
478 0.00237
479 0.00236
480 0.00234
481 0.00232
482 0.00231
483 0.00229
484 0.00228
485 0.00227
486 0.00225
487 0.00224
488 0.00222
489 0.00221
490 0.00220
491 0.00218
492 0.00217
493 0.00216
494 0.00215
495 0.00213
496 0.00212
497 0.00211
498 0.00210
499 0.00209
500 0.00208
501 0.00207
502 0.00205
503 0.00204
504 0.00203
505 0.00202
506 0.00201
507 0.00200
508 0.00199
509 0.00198
510 0.00198
511 0.00197
512 0.00196
513 0.00195
514 0.00194
515 0.00193
516 0.00192
517 0.00192
518 0.00191
519 0.00190
520 0.00189
521 0.00189
522 0.00188
523 0.00187
524 0.00186
525 0.00186
526 0.00185
527 0.00185
528 0.00184
529 0.00183
530 0.00183
531 0.00182
532 0.00182
533 0.00181
534 0.00181
535 0.00180
536 0.00180
537 0.00179
538 0.00179
539 0.00178
540 0.00178
541 0.00177
542 0.00177
543 0.00176
544 0.00176
545 0.00176
546 0.00175
547 0.00175
548 0.00175
549 0.00174
550 0.00174
551 0.00174
552 0.00173
553 0.00173
554 0.00173
555 0.00173
556 0.00173
557 0.00172
558 0.00172
559 0.00172
560 0.00172
561 0.00172
562 0.00172
563 0.00171
564 0.00171
565 0.00171
566 0.00171
567 0.00171
568 0.00171
569 0.00171
570 0.00171
571 0.00171
572 0.00171
573 0.00171
574 0.00171
575 0.00171
576 0.00171
577 0.00171
578 0.00171
579 0.00172
580 0.00172
581 0.00172
582 0.00172
583 0.00172
584 0.00172
585 0.00172
586 0.00173
587 0.00173
588 0.00173
589 0.00173
590 0.00174
591 0.00174
592 0.00174
593 0.00175
594 0.00175
595 0.00175
596 0.00176
597 0.00176
598 0.00176
599 0.00177
600 0.00177
601 0.00178
602 0.00178
603 0.00179
604 0.00179
605 0.00180
606 0.00180
607 0.00181
608 0.00181
609 0.00182
610 0.00183
611 0.00183
612 0.00184
613 0.00185
614 0.00185
615 0.00186
616 0.00187
617 0.00187
618 0.00188
619 0.00189
620 0.00190
621 0.00191
622 0.00191
623 0.00192
624 0.00193
625 0.00194
626 0.00195
627 0.00196
628 0.00197
629 0.00198
630 0.00199
631 0.00200
632 0.00201
633 0.00202
634 0.00203
635 0.00205
636 0.00206
637 0.00207
638 0.00208
639 0.00209
640 0.00211
641 0.00212
642 0.00213
643 0.00215
644 0.00216
645 0.00217
646 0.00219
647 0.00220
648 0.00222
649 0.00223
650 0.00225
651 0.00226
652 0.00228
653 0.00230
654 0.00231
655 0.00233
656 0.00235
657 0.00237
658 0.00238
659 0.00240
660 0.00242
661 0.00244
662 0.00246
663 0.00248
664 0.00250
665 0.00252
666 0.00254
667 0.00256
668 0.00259
669 0.00261
670 0.00263
671 0.00266
672 0.00268
673 0.00271
674 0.00273
675 0.00276
676 0.00278
677 0.00281
678 0.00284
679 0.00286
680 0.00289
681 0.00292
682 0.00295
683 0.00298
684 0.00301
685 0.00304
686 0.00308
687 0.00311
688 0.00314
689 0.00317
690 0.00321
691 0.00325
692 0.00328
693 0.00332
694 0.00336
695 0.00339
696 0.00343
697 0.00347
698 0.00351
699 0.00356
700 0.00360
701 0.00364
702 0.00369
703 0.00373
704 0.00378
705 0.00383
706 0.00387
707 0.00392
708 0.00397
709 0.00402
710 0.00408
711 0.00413
712 0.00418
713 0.00424
714 0.00430
715 0.00436
716 0.00442
717 0.00448
718 0.00454
719 0.00460
720 0.00467
721 0.00473
722 0.00480
723 0.00487
724 0.00494
725 0.00501
726 0.00509
727 0.00516
728 0.00524
729 0.00532
730 0.00540
731 0.00549
732 0.00557
733 0.00566
734 0.00575
735 0.00584
736 0.00593
737 0.00602
738 0.00612
739 0.00622
740 0.00632
741 0.00643
742 0.00653
743 0.00664
744 0.00675
745 0.00687
746 0.00698
747 0.00710
748 0.00723
749 0.00735
750 0.00748
751 0.00761
752 0.00775
753 0.00788
754 0.00803
755 0.00817
756 0.00832
757 0.00847
758 0.00863
759 0.00879
760 0.00895
761 0.00912
762 0.00929
763 0.00947
764 0.00965
765 0.00983
766 0.01002
767 0.01022
768 0.01042
769 0.01062
770 0.01083
771 0.01105
772 0.01127
773 0.01150
774 0.01173
775 0.01197
776 0.01222
777 0.01247
778 0.01273
779 0.01299
780 0.01327
781 0.01355
782 0.01384
783 0.01413
784 0.01443
785 0.01475
786 0.01507
787 0.01540
788 0.01573
789 0.01608
790 0.01644
791 0.01681
792 0.01718
793 0.01757
794 0.01797
795 0.01838
796 0.01880
797 0.01924
798 0.01968
799 0.02014
800 0.02062
801 0.02110
802 0.02160
803 0.02212
804 0.02265
805 0.02319
806 0.02375
807 0.02433
808 0.02492
809 0.02554
810 0.02617
811 0.02682
812 0.02749
813 0.02818
814 0.02889
815 0.02962
816 0.03037
817 0.03115
818 0.03195
819 0.03278
820 0.03363
821 0.03450
822 0.03541
823 0.03634
824 0.03730
825 0.03830
826 0.03932
827 0.04038
828 0.04147
829 0.04259
830 0.04375
831 0.04495
832 0.04619
833 0.04746
834 0.04878
835 0.05014
836 0.05155
837 0.05300
838 0.05450
839 0.05605
840 0.05765
841 0.05931
842 0.06102
843 0.06278
844 0.06461
845 0.06650
846 0.06845
847 0.07047
848 0.07256
849 0.07471
850 0.07695
851 0.07926
852 0.08165
853 0.08412
854 0.08668
855 0.08933
856 0.09207
857 0.09491
858 0.09785
859 0.10089
860 0.10404
861 0.10730
862 0.11068
863 0.11419
864 0.11781
865 0.12157
866 0.12547
867 0.12951
868 0.13369
869 0.13803
870 0.14253
871 0.14720
872 0.15204
873 0.15705
874 0.16226
875 0.16766
876 0.17326
877 0.17908
878 0.18511
879 0.19138
880 0.19788
881 0.20463
882 0.21164
883 0.21892
884 0.22648
885 0.23434
886 0.24250
887 0.25097
888 0.25978
889 0.26894
890 0.27845
891 0.28834
892 0.29863
893 0.30932
894 0.32044
895 0.33200
896 0.34403
897 0.35654
898 0.36956
899 0.38311
900 0.39721
901 0.41189
902 0.42716
903 0.44307
904 0.45963
905 0.47687
906 0.49483
907 0.51354
908 0.53304
909 0.55334
910 0.57451
911 0.59656
912 0.61464
913 0.61878
914 0.62352
915 0.62819
916 0.63127
917 0.63275
918 0.63470
919 0.63724
920 0.64056
921 0.64492
922 0.64381
923 0.64270
924 0.64851
925 0.64742
926 0.64632
927 0.65422
928 0.65314
929 0.65206
930 0.65098
931 0.66206
932 0.66100
933 0.65994
934 0.65888
935 0.65782
936 0.65676
937 0.65569
938 0.67195
939 0.67092
940 0.66989
941 0.66887
942 0.66783
943 0.66680
944 0.66577
945 0.66473
946 0.66370
947 0.66266
948 0.66162
949 0.66058
950 0.68617
951 0.68519
952 0.68420
953 0.68322
954 0.68223
955 0.68125
956 0.68026
957 0.67927
958 0.67828
959 0.67729
960 0.67630
961 0.67530
962 0.67431
963 0.67331
964 0.67231
965 0.67132
966 0.67032
967 0.66931
968 0.66831
969 0.66731
970 0.66630
971 0.66530
972 0.66429
973 0.70941
974 0.70851
975 0.70760
976 0.70670
977 0.70579
978 0.70488
979 0.70397
980 0.70306
981 0.70215
982 0.70124
983 0.70033
984 0.69941
985 0.69849
986 0.69757
987 0.69666
988 0.69574
989 0.69481
990 0.69389
991 0.69297
992 0.69204
993 0.69112
994 0.69019
995 0.68926
996 0.68833
997 0.68740
998 0.68647
999 0.68553
1000 0.68460
1001 0.68366
1002 0.68273
1003 0.68179
1004 0.68085
1005 0.67991
1006 0.67897
1007 0.67802
1008 0.67708
1009 0.67614
1010 0.67519
1011 0.67424
1012 0.67329
1013 0.67234
1014 0.67139
1015 0.67044
1016 0.66949
1017 0.66854
1018 0.66758
1019 0.66663
1020 0.66567
1021 0.66471
1022 0.66375
1023 0.66279
1024 0.66183
1025 0.66087
1026 0.75968
1027 0.75894
1028 0.75821
1029 0.75747
1030 0.75673
1031 0.75599
1032 0.75525
1033 0.75451
1034 0.75377
1035 0.75303
1036 0.75228
1037 0.75154
1038 0.75079
1039 0.75004
1040 0.74929
1041 0.74854
1042 0.74779
1043 0.74704
1044 0.74628
1045 0.74553
1046 0.74477
1047 0.74402
1048 0.74326
1049 0.74250
1050 0.74174
1051 0.74098
1052 0.74022
1053 0.73945
1054 0.73869
1055 0.73792
1056 0.73715
1057 0.73639
1058 0.73562
1059 0.73485
1060 0.73408
1061 0.73330
1062 0.73253
1063 0.73176
1064 0.73098
1065 0.73020
1066 0.72943
1067 0.72865
1068 0.72787
1069 0.72709
1070 0.72630
1071 0.72552
1072 0.72474
1073 0.72395
1074 0.72317
1075 0.72238
1076 0.72159
1077 0.72080
1078 0.72001
1079 0.71922
1080 0.71843
1081 0.71763
1082 0.71684
1083 0.71604
1084 0.71525
1085 0.71445
1086 0.71365
1087 0.71285
1088 0.71205
1089 0.71125
1090 0.71044
1091 0.70964
1092 0.70884
1093 0.70803
1094 0.70722
1095 0.70642
1096 0.70561
1097 0.70480
1098 0.70399
1099 0.70317
1100 0.70236
1101 0.70155
1102 0.70073
1103 0.69992
1104 0.69910
1105 0.69828
1106 0.69746
1107 0.69665
1108 0.69582
1109 0.69500
1110 0.69418
1111 0.69336
1112 0.69253
1113 0.69171
1114 0.69088
1115 0.69005
1116 0.68923
1117 0.68840
1118 0.68757
1119 0.68674
1120 0.68590
1121 0.68507
1122 0.68424
1123 0.68340
1124 0.68257
1125 0.68173
1126 0.68089
1127 0.68005
1128 0.67922
1129 0.67838
1130 0.67753
1131 0.67669
1132 0.67585
1133 0.67501
1134 0.67416
1135 0.67332
1136 0.67247
1137 0.67162
1138 0.67077
1139 0.66993
1140 0.66908
1141 0.66822
1142 0.66737
1143 0.66652
1144 0.66567
1145 0.66481
1146 0.66396
1147 0.66310
1148 0.66225
1149 0.66139
1150 0.66053
1151 0.65967
1152 0.65881
1153 0.65795
1154 0.65709
1155 0.65623
1156 0.65536
1157 0.65450
1158 0.65363
1159 0.65277
1160 0.65190
1161 0.65104
1162 0.65017
1163 0.64930
1164 0.64843
1165 0.64756
1166 0.64669
1167 0.64582
1168 0.64494
1169 0.64407
1170 0.64320
1171 0.64232
1172 0.64144
1173 0.64057
1174 0.63969
1175 0.63881
1176 0.63793
1177 0.63705
1178 0.63617
1179 0.63529
1180 0.63441
1181 0.63353
1182 0.63265
1183 0.63176
1184 0.63088
1185 0.62999
1186 0.62911
1187 0.62822
1188 0.62733
1189 0.62645
1190 0.62556
1191 0.62467
1192 0.62378
1193 0.62289
1194 0.62200
1195 0.62110
1196 0.62021
1197 0.61932
1198 0.61842
1199 0.61753
1200 0.61663
1201 0.61574
1202 0.61484
1203 0.61394
1204 0.61305
1205 0.61215
1206 0.61125
1207 0.61035
1208 0.60945
1209 0.60855
1210 0.60765
1211 0.60674
1212 0.60584
1213 0.60494
1214 0.60403
1215 0.60313
1216 1.00000
