17 0.91023
18 0.90267
19 0.89497
20 0.88715
21 0.87921
22 0.87116
23 0.86302
24 0.85479
25 0.84648
26 0.83810
27 0.82965
28 0.82114
29 0.81259
30 0.80399
31 0.79536
32 0.78669
33 0.77800
34 0.76929
35 0.76056
36 0.75182
37 0.74308
38 0.73433
39 0.72560
40 0.71686
41 0.70815
42 0.69944
43 0.69076
44 0.68210
45 0.67347
46 0.66486
47 0.65629
48 0.64776
49 0.63926
50 0.63081
51 0.62240
52 0.61403
53 0.60572
54 0.59745
55 0.58924
56 0.58108
57 0.57298
58 0.56493
59 0.55695
60 0.54903
61 0.54117
62 0.53338
63 0.52565
64 0.51798
65 0.51039
66 0.50286
67 0.49540
68 0.48802
69 0.48070
70 0.47346
71 0.46629
72 0.45919
73 0.45217
74 0.44522
75 0.43835
76 0.43155
77 0.42482
78 0.41818
79 0.41160
80 0.40511
81 0.39869
82 0.39235
83 0.38608
84 0.37989
85 0.37377
86 0.36773
87 0.36177
88 0.35588
89 0.35007
90 0.34433
91 0.33867
92 0.33308
93 0.32757
94 0.32213
95 0.31677
96 0.31148
97 0.30626
98 0.30111
99 0.29604
100 0.29103
101 0.28610
102 0.28124
103 0.27645
104 0.27173
105 0.26708
106 0.26250
107 0.25798
108 0.25353
109 0.24915
110 0.24483
111 0.24058
112 0.23640
113 0.23228
114 0.22822
115 0.22422
116 0.22029
117 0.21642
118 0.21261
119 0.20886
120 0.20517
121 0.20153
122 0.19796
123 0.19444
124 0.19099
125 0.18758
126 0.18423
127 0.18094
128 0.17770
129 0.17452
130 0.17138
131 0.16830
132 0.16527
133 0.16230
134 0.15937
135 0.15649
136 0.15366
137 0.15087
138 0.14814
139 0.14545
140 0.14281
141 0.14021
142 0.13766
143 0.13515
144 0.13269
145 0.13026
146 0.12788
147 0.12555
148 0.12325
149 0.12099
150 0.11878
151 0.11660
152 0.11446
153 0.11236
154 0.11029
155 0.10826
156 0.10627
157 0.10432
158 0.10240
159 0.10051
160 0.09866
161 0.09684
162 0.09505
163 0.09330
164 0.09158
165 0.08989
166 0.08823
167 0.08660
168 0.08500
169 0.08343
170 0.08188
171 0.08037
172 0.07889
173 0.07743
174 0.07600
175 0.07459
176 0.07321
177 0.07186
178 0.07053
179 0.06922
180 0.06794
181 0.06669
182 0.06546
183 0.06425
184 0.06306
185 0.06189
186 0.06075
187 0.05963
188 0.05853
189 0.05745
190 0.05639
191 0.05535
192 0.05433
193 0.05333
194 0.05234
195 0.05138
196 0.05043
197 0.04951
198 0.04860
199 0.04770
200 0.04683
201 0.04597
202 0.04512
203 0.04430
204 0.04348
205 0.04269
206 0.04191
207 0.04114
208 0.04039
209 0.03965
210 0.03893
211 0.03822
212 0.03752
213 0.03684
214 0.03617
215 0.03551
216 0.03487
217 0.03423
218 0.03361
219 0.03300
220 0.03241
221 0.03182
222 0.03125
223 0.03068
224 0.03013
225 0.02959
226 0.02906
227 0.02853
228 0.02802
229 0.02752
230 0.02703
231 0.02654
232 0.02607
233 0.02560
234 0.02515
235 0.02470
236 0.02426
237 0.02383
238 0.02341
239 0.02300
240 0.02259
241 0.02219
242 0.02180
243 0.02142
244 0.02104
245 0.02067
246 0.02031
247 0.01995
248 0.01960
249 0.01926
250 0.01893
251 0.01860
252 0.01827
253 0.01796
254 0.01765
255 0.01734
256 0.01704
257 0.01675
258 0.01646
259 0.01618
260 0.01590
261 0.01563
262 0.01536
263 0.01510
264 0.01485
265 0.01459
266 0.01435
267 0.01410
268 0.01387
269 0.01363
270 0.01340
271 0.01318
272 0.01296
273 0.01274
274 0.01253
275 0.01232
276 0.01212
277 0.01192
278 0.01172
279 0.01153
280 0.01134
281 0.01115
282 0.01097
283 0.01079
284 0.01061
285 0.01044
286 0.01027
287 0.01010
288 0.00994
289 0.00978
290 0.00962
291 0.00947
292 0.00932
293 0.00917
294 0.00902
295 0.00888
296 0.00874
297 0.00860
298 0.00846
299 0.00833
300 0.00820
301 0.00807
302 0.00795
303 0.00782
304 0.00770
305 0.00758
306 0.00747
307 0.00735
308 0.00724
309 0.00713
310 0.00702
311 0.00691
312 0.00681
313 0.00670
314 0.00660
315 0.00650
316 0.00641
317 0.00631
318 0.00622
319 0.00612
320 0.00603
321 0.00594
322 0.00586
323 0.00577
324 0.00569
325 0.00560
326 0.00552
327 0.00544
328 0.00536
329 0.00529
330 0.00521
331 0.00514
332 0.00506
333 0.00499
334 0.00492
335 0.00485
336 0.00478
337 0.00472
338 0.00465
339 0.00459
340 0.00452
341 0.00446
342 0.00440
343 0.00434
344 0.00428
345 0.00422
346 0.00416
347 0.00411
348 0.00405
349 0.00400
350 0.00395
351 0.00389
352 0.00384
353 0.00379
354 0.00374
355 0.00369
356 0.00364
357 0.00360
358 0.00355
359 0.00351
360 0.00346
361 0.00342
362 0.00337
363 0.00333
364 0.00329
365 0.00325
366 0.00321
367 0.00317
368 0.00313
369 0.00309
370 0.00305
371 0.00302
372 0.00298
373 0.00294
374 0.00291
375 0.00287
376 0.00284
377 0.00281
378 0.00277
379 0.00274
380 0.00271
381 0.00268
382 0.00265
383 0.00262
384 0.00259
385 0.00256
386 0.00253
387 0.00250
388 0.00247
389 0.00244
390 0.00242
391 0.00239
392 0.00236
393 0.00234
394 0.00231
395 0.00229
396 0.00226
397 0.00224
398 0.00222
399 0.00219
400 0.00217
401 0.00215
402 0.00213
403 0.00210
404 0.00208
405 0.00206
406 0.00204
407 0.00202
408 0.00200
409 0.00198
410 0.00196
411 0.00194
412 0.00192
413 0.00190
414 0.00189
415 0.00187
416 0.00185
417 0.00183
418 0.00182
419 0.00180
420 0.00178
421 0.00177
422 0.00175
423 0.00173
424 0.00172
425 0.00170
426 0.00169
427 0.00167
428 0.00166
429 0.00164
430 0.00163
431 0.00162
432 0.00160
433 0.00159
434 0.00158
435 0.00156
436 0.00155
437 0.00154
438 0.00152
439 0.00151
440 0.00150
441 0.00149
442 0.00148
443 0.00147
444 0.00145
445 0.00144
446 0.00143
447 0.00142
448 0.00141
449 0.00140
450 0.00139
451 0.00138
452 0.00137
453 0.00136
454 0.00135
455 0.00134
456 0.00133
457 0.00132
458 0.00132
459 0.00131
460 0.00130
461 0.00129
462 0.00128
463 0.00127
464 0.00126
465 0.00126
466 0.00125
467 0.00124
468 0.00123
469 0.00123
470 0.00122
471 0.00121
472 0.00120
473 0.00120
474 0.00119
475 0.00118
476 0.00118
477 0.00117
478 0.00117
479 0.00116
480 0.00115
481 0.00115
482 0.00114
483 0.00114
484 0.00113
485 0.00113
486 0.00112
487 0.00111
488 0.00111
489 0.00110
490 0.00110
491 0.00109
492 0.00109
493 0.00109
494 0.00108
495 0.00108
496 0.00107
497 0.00107
498 0.00106
499 0.00106
500 0.00106
501 0.00105
502 0.00105
503 0.00104
504 0.00104
505 0.00104
506 0.00103
507 0.00103
508 0.00103
509 0.00102
510 0.00102
511 0.00102
512 0.00102
513 0.00101
514 0.00101
515 0.00101
516 0.00101
517 0.00100
518 0.00100
519 0.00100
520 0.00100
521 0.00099
522 0.00099
523 0.00099
524 0.00099
525 0.00099
526 0.00099
527 0.00098
528 0.00098
529 0.00098
530 0.00098
531 0.00098
532 0.00098
533 0.00098
534 0.00098
535 0.00097
536 0.00097
537 0.00097
538 0.00097
539 0.00097
540 0.00097
541 0.00097
542 0.00097
543 0.00097
544 0.00097
545 0.00097
546 0.00097
547 0.00097
548 0.00097
549 0.00097
550 0.00097
551 0.00097
552 0.00097
553 0.00097
554 0.00097
555 0.00097
556 0.00097
557 0.00097
558 0.00097
559 0.00097
560 0.00097
561 0.00097
562 0.00097
563 0.00098
564 0.00098
565 0.00098
566 0.00098
567 0.00098
568 0.00098
569 0.00098
570 0.00099
571 0.00099
572 0.00099
573 0.00099
574 0.00099
575 0.00099
576 0.00100
577 0.00100
578 0.00100
579 0.00100
580 0.00101
581 0.00101
582 0.00101
583 0.00101
584 0.00102
585 0.00102
586 0.00102
587 0.00103
588 0.00103
589 0.00103
590 0.00104
591 0.00104
592 0.00104
593 0.00105
594 0.00105
595 0.00106
596 0.00106
597 0.00106
598 0.00107
599 0.00107
600 0.00108
601 0.00108
602 0.00109
603 0.00109
604 0.00110
605 0.00110
606 0.00111
607 0.00111
608 0.00112
609 0.00112
610 0.00113
611 0.00113
612 0.00114
613 0.00115
614 0.00115
615 0.00116
616 0.00117
617 0.00117
618 0.00118
619 0.00119
620 0.00119
621 0.00120
622 0.00121
623 0.00121
624 0.00122
625 0.00123
626 0.00124
627 0.00125
628 0.00125
629 0.00126
630 0.00127
631 0.00128
632 0.00129
633 0.00130
634 0.00131
635 0.00132
636 0.00133
637 0.00134
638 0.00135
639 0.00136
640 0.00137
641 0.00138
642 0.00139
643 0.00140
644 0.00141
645 0.00142
646 0.00144
647 0.00145
648 0.00146
649 0.00147
650 0.00149
651 0.00150
652 0.00151
653 0.00152
654 0.00154
655 0.00155
656 0.00157
657 0.00158
658 0.00160
659 0.00161
660 0.00163
661 0.00164
662 0.00166
663 0.00167
664 0.00169
665 0.00171
666 0.00173
667 0.00174
668 0.00176
669 0.00178
670 0.00180
671 0.00182
672 0.00184
673 0.00186
674 0.00188
675 0.00190
676 0.00192
677 0.00194
678 0.00196
679 0.00198
680 0.00201
681 0.00203
682 0.00205
683 0.00208
684 0.00210
685 0.00213
686 0.00215
687 0.00218
688 0.00220
689 0.00223
690 0.00226
691 0.00229
692 0.00232
693 0.00234
694 0.00237
695 0.00241
696 0.00244
697 0.00247
698 0.00250
699 0.00253
700 0.00257
701 0.00260
702 0.00264
703 0.00267
704 0.00271
705 0.00275
706 0.00278
707 0.00282
708 0.00286
709 0.00290
710 0.00295
711 0.00299
712 0.00303
713 0.00308
714 0.00312
715 0.00317
716 0.00321
717 0.00326
718 0.00331
719 0.00336
720 0.00341
721 0.00346
722 0.00352
723 0.00357
724 0.00363
725 0.00369
726 0.00374
727 0.00380
728 0.00386
729 0.00393
730 0.00399
731 0.00406
732 0.00412
733 0.00419
734 0.00426
735 0.00433
736 0.00440
737 0.00448
738 0.00456
739 0.00463
740 0.00471
741 0.00479
742 0.00488
743 0.00496
744 0.00505
745 0.00514
746 0.00523
747 0.00533
748 0.00542
749 0.00552
750 0.00562
751 0.00572
752 0.00583
753 0.00594
754 0.00605
755 0.00616
756 0.00628
757 0.00640
758 0.00652
759 0.00664
760 0.00677
761 0.00690
762 0.00704
763 0.00717
764 0.00731
765 0.00746
766 0.00761
767 0.00776
768 0.00791
769 0.00807
770 0.00824
771 0.00840
772 0.00858
773 0.00875
774 0.00893
775 0.00912
776 0.00931
777 0.00951
778 0.00971
779 0.00991
780 0.01012
781 0.01034
782 0.01056
783 0.01079
784 0.01102
785 0.01126
786 0.01151
787 0.01176
788 0.01202
789 0.01229
790 0.01257
791 0.01285
792 0.01314
793 0.01343
794 0.01374
795 0.01405
796 0.01438
797 0.01471
798 0.01505
799 0.01540
800 0.01576
801 0.01613
802 0.01651
803 0.01690
804 0.01730
805 0.01771
806 0.01814
807 0.01858
808 0.01903
809 0.01949
810 0.01997
811 0.02046
812 0.02096
813 0.02148
814 0.02201
815 0.02256
816 0.02313
817 0.02371
818 0.02431
819 0.02493
820 0.02556
821 0.02622
822 0.02689
823 0.02758
824 0.02830
825 0.02904
826 0.02980
827 0.03058
828 0.03138
829 0.03221
830 0.03307
831 0.03395
832 0.03486
833 0.03580
834 0.03677
835 0.03776
836 0.03879
837 0.03985
838 0.04094
839 0.04207
840 0.04324
841 0.04444
842 0.04568
843 0.04695
844 0.04827
845 0.04963
846 0.05104
847 0.05249
848 0.05399
849 0.05553
850 0.05713
851 0.05878
852 0.06048
853 0.06224
854 0.06406
855 0.06594
856 0.06788
857 0.06988
858 0.07195
859 0.07409
860 0.07630
861 0.07859
862 0.08095
863 0.08340
864 0.08593
865 0.08854
866 0.09124
867 0.09404
868 0.09693
869 0.09992
870 0.10302
871 0.10622
872 0.10953
873 0.11296
874 0.11651
875 0.12018
876 0.12399
877 0.12793
878 0.13200
879 0.13622
880 0.14060
881 0.14513
882 0.14982
883 0.15468
884 0.15971
885 0.16493
886 0.17033
887 0.17593
888 0.18174
889 0.18776
890 0.19400
891 0.20047
892 0.20718
893 0.21413
894 0.22134
895 0.22883
896 0.23659
897 0.24464
898 0.25299
899 0.26166
900 0.27065
901 0.27999
902 0.28968
903 0.29974
904 0.31018
905 0.32102
906 0.33227
907 0.34396
908 0.35611
909 0.36872
910 0.38182
911 0.39543
912 0.40640
913 0.41148
914 0.41733
915 0.42314
916 0.42698
917 0.42884
918 0.43129
919 0.43449
920 0.43868
921 0.44422
922 0.44281
923 0.44140
924 0.44881
925 0.44741
926 0.44601
927 0.45615
928 0.45476
929 0.45337
930 0.45198
931 0.46631
932 0.46493
933 0.46355
934 0.46218
935 0.46080
936 0.45942
937 0.45805
938 0.47928
939 0.47793
940 0.47657
941 0.47522
942 0.47386
943 0.47251
944 0.47115
945 0.46980
946 0.46845
947 0.46709
948 0.46574
949 0.46438
950 0.49821
951 0.49689
952 0.49558
953 0.49426
954 0.49294
955 0.49162
956 0.49030
957 0.48899
958 0.48767
959 0.48635
960 0.48503
961 0.48371
962 0.48240
963 0.48108
964 0.47976
965 0.47844
966 0.47712
967 0.47581
968 0.47449
969 0.47317
970 0.47185
971 0.47053
972 0.46922
973 0.52988
974 0.52864
975 0.52739
976 0.52614
977 0.52489
978 0.52364
979 0.52239
980 0.52115
981 0.51990
982 0.51865
983 0.51740
984 0.51614
985 0.51489
986 0.51364
987 0.51239
988 0.51114
989 0.50989
990 0.50863
991 0.50738
992 0.50613
993 0.50488
994 0.50362
995 0.50237
996 0.50112
997 0.49986
998 0.49861
999 0.49736
1000 0.49610
1001 0.49485
1002 0.49359
1003 0.49234
1004 0.49109
1005 0.48983
1006 0.48858
1007 0.48732
1008 0.48607
1009 0.48481
1010 0.48356
1011 0.48230
1012 0.48105
1013 0.47979
1014 0.47854
1015 0.47729
1016 0.47603
1017 0.47478
1018 0.47352
1019 0.47227
1020 0.47101
1021 0.46976
1022 0.46851
1023 0.46725
1024 0.46600
1025 0.46475
1026 0.60142
1027 0.60035
1028 0.59927
1029 0.59820
1030 0.59712
1031 0.59604
1032 0.59496
1033 0.59388
1034 0.59280
1035 0.59172
1036 0.59064
1037 0.58956
1038 0.58847
1039 0.58739
1040 0.58630
1041 0.58522
1042 0.58413
1043 0.58305
1044 0.58196
1045 0.58087
1046 0.57978
1047 0.57869
1048 0.57760
1049 0.57651
1050 0.57542
1051 0.57433
1052 0.57323
1053 0.57214
1054 0.57105
1055 0.56995
1056 0.56886
1057 0.56776
1058 0.56666
1059 0.56557
1060 0.56447
1061 0.56337
1062 0.56227
1063 0.56117
1064 0.56007
1065 0.55897
1066 0.55787
1067 0.55677
1068 0.55567
1069 0.55457
1070 0.55346
1071 0.55236
1072 0.55126
1073 0.55015
1074 0.54905
1075 0.54794
1076 0.54684
1077 0.54573
1078 0.54462
1079 0.54352
1080 0.54241
1081 0.54130
1082 0.54019
1083 0.53909
1084 0.53798
1085 0.53687
1086 0.53576
1087 0.53465
1088 0.53354
1089 0.53243
1090 0.53131
1091 0.53020
1092 0.52909
1093 0.52798
1094 0.52687
1095 0.52575
1096 0.52464
1097 0.52353
1098 0.52241
1099 0.52130
1100 0.52019
1101 0.51907
1102 0.51796
1103 0.51684
1104 0.51573
1105 0.51461
1106 0.51350
1107 0.51238
1108 0.51126
1109 0.51015
1110 0.50903
1111 0.50792
1112 0.50680
1113 0.50568
1114 0.50456
1115 0.50345
1116 0.50233
1117 0.50121
1118 0.50010
1119 0.49898
1120 0.49786
1121 0.49674
1122 0.49562
1123 0.49451
1124 0.49339
1125 0.49227
1126 0.49115
1127 0.49003
1128 0.48892
1129 0.48780
1130 0.48668
1131 0.48556
1132 0.48444
1133 0.48332
1134 0.48221
1135 0.48109
1136 0.47997
1137 0.47885
1138 0.47773
1139 0.47661
1140 0.47550
1141 0.47438
1142 0.47326
1143 0.47214
1144 0.47102
1145 0.46991
1146 0.46879
1147 0.46767
1148 0.46655
1149 0.46544
1150 0.46432
1151 0.46320
1152 0.46209
1153 0.46097
1154 0.45985
1155 0.45874
1156 0.45762
1157 0.45651
1158 0.45539
1159 0.45427
1160 0.45316
1161 0.45204
1162 0.45093
1163 0.44981
1164 0.44870
1165 0.44759
1166 0.44647
1167 0.44536
1168 0.44425
1169 0.44313
1170 0.44202
1171 0.44091
1172 0.43980
1173 0.43868
1174 0.43757
1175 0.43646
1176 0.43535
1177 0.43424
1178 0.43313
1179 0.43202
1180 0.43091
1181 0.42980
1182 0.42869
1183 0.42759
1184 0.42648
1185 0.42537
1186 0.42426
1187 0.42316
1188 0.42205
1189 0.42095
1190 0.41984
1191 0.41874
1192 0.41763
1193 0.41653
1194 0.41542
1195 0.41432
1196 0.41322
1197 0.41212
1198 0.41102
1199 0.40991
1200 0.40881
1201 0.40771
1202 0.40662
1203 0.40552
1204 0.40442
1205 0.40332
1206 0.40222
1207 0.40113
1208 0.40003
1209 0.39894
1210 0.39784
1211 0.39675
1212 0.39565
1213 0.39456
1214 0.39347
1215 0.39238
1216 1.00000
