17 0.92859
18 0.92251
19 0.91630
20 0.90999
21 0.90356
22 0.89704
23 0.89043
24 0.88373
25 0.87696
26 0.87011
27 0.86319
28 0.85621
29 0.84918
30 0.84209
31 0.83496
32 0.82778
33 0.82056
34 0.81331
35 0.80603
36 0.79873
37 0.79140
38 0.78405
39 0.77669
40 0.76931
41 0.76193
42 0.75454
43 0.74715
44 0.73976
45 0.73237
46 0.72498
47 0.71761
48 0.71024
49 0.70289
50 0.69555
51 0.68823
52 0.68093
53 0.67365
54 0.66640
55 0.65917
56 0.65196
57 0.64479
58 0.63764
59 0.63053
60 0.62345
61 0.61640
62 0.60939
63 0.60242
64 0.59549
65 0.58859
66 0.58174
67 0.57493
68 0.56816
69 0.56143
70 0.55475
71 0.54812
72 0.54153
73 0.53499
74 0.52850
75 0.52205
76 0.51566
77 0.50931
78 0.50302
79 0.49678
80 0.49058
81 0.48444
82 0.47835
83 0.47232
84 0.46634
85 0.46041
86 0.45453
87 0.44871
88 0.44294
89 0.43722
90 0.43156
91 0.42596
92 0.42041
93 0.41491
94 0.40947
95 0.40408
96 0.39875
97 0.39347
98 0.38824
99 0.38308
100 0.37796
101 0.37290
102 0.36789
103 0.36294
104 0.35805
105 0.35320
106 0.34841
107 0.34367
108 0.33899
109 0.33436
110 0.32978
111 0.32526
112 0.32079
113 0.31637
114 0.31200
115 0.30768
116 0.30342
117 0.29920
118 0.29504
119 0.29092
120 0.28686
121 0.28285
122 0.27888
123 0.27497
124 0.27110
125 0.26728
126 0.26351
127 0.25979
128 0.25611
129 0.25248
130 0.24890
131 0.24536
132 0.24187
133 0.23842
134 0.23502
135 0.23166
136 0.22835
137 0.22508
138 0.22185
139 0.21867
140 0.21553
141 0.21243
142 0.20937
143 0.20636
144 0.20338
145 0.20044
146 0.19755
147 0.19469
148 0.19187
149 0.18910
150 0.18636
151 0.18365
152 0.18099
153 0.17836
154 0.17577
155 0.17321
156 0.17069
157 0.16821
158 0.16576
159 0.16334
160 0.16096
161 0.15861
162 0.15630
163 0.15402
164 0.15177
165 0.14955
166 0.14737
167 0.14521
168 0.14309
169 0.14100
170 0.13894
171 0.13691
172 0.13490
173 0.13293
174 0.13099
175 0.12907
176 0.12718
177 0.12532
178 0.12349
179 0.12168
180 0.11990
181 0.11815
182 0.11642
183 0.11471
184 0.11304
185 0.11138
186 0.10976
187 0.10815
188 0.10657
189 0.10502
190 0.10348
191 0.10197
192 0.10048
193 0.09902
194 0.09757
195 0.09615
196 0.09475
197 0.09337
198 0.09201
199 0.09067
200 0.08935
201 0.08806
202 0.08678
203 0.08552
204 0.08428
205 0.08305
206 0.08185
207 0.08067
208 0.07950
209 0.07835
210 0.07722
211 0.07610
212 0.07500
213 0.07392
214 0.07286
215 0.07181
216 0.07078
217 0.06976
218 0.06876
219 0.06777
220 0.06680
221 0.06584
222 0.06490
223 0.06398
224 0.06306
225 0.06216
226 0.06128
227 0.06041
228 0.05955
229 0.05870
230 0.05787
231 0.05705
232 0.05624
233 0.05545
234 0.05467
235 0.05390
236 0.05314
237 0.05239
238 0.05165
239 0.05093
240 0.05022
241 0.04951
242 0.04882
243 0.04814
244 0.04747
245 0.04681
246 0.04616
247 0.04552
248 0.04489
249 0.04427
250 0.04366
251 0.04306
252 0.04247
253 0.04188
254 0.04131
255 0.04074
256 0.04019
257 0.03964
258 0.03910
259 0.03857
260 0.03804
261 0.03753
262 0.03702
263 0.03652
264 0.03603
265 0.03554
266 0.03507
267 0.03460
268 0.03413
269 0.03368
270 0.03323
271 0.03279
272 0.03235
273 0.03192
274 0.03150
275 0.03108
276 0.03068
277 0.03027
278 0.02988
279 0.02948
280 0.02910
281 0.02872
282 0.02835
283 0.02798
284 0.02762
285 0.02726
286 0.02691
287 0.02656
288 0.02622
289 0.02589
290 0.02556
291 0.02523
292 0.02491
293 0.02460
294 0.02429
295 0.02398
296 0.02368
297 0.02338
298 0.02309
299 0.02280
300 0.02252
301 0.02224
302 0.02196
303 0.02169
304 0.02142
305 0.02116
306 0.02090
307 0.02065
308 0.02039
309 0.02015
310 0.01990
311 0.01966
312 0.01942
313 0.01919
314 0.01896
315 0.01874
316 0.01851
317 0.01829
318 0.01808
319 0.01786
320 0.01765
321 0.01745
322 0.01724
323 0.01704
324 0.01684
325 0.01665
326 0.01646
327 0.01627
328 0.01608
329 0.01590
330 0.01572
331 0.01554
332 0.01536
333 0.01519
334 0.01502
335 0.01485
336 0.01468
337 0.01452
338 0.01436
339 0.01420
340 0.01404
341 0.01389
342 0.01374
343 0.01359
344 0.01344
345 0.01330
346 0.01315
347 0.01301
348 0.01287
349 0.01274
350 0.01260
351 0.01247
352 0.01234
353 0.01221
354 0.01208
355 0.01196
356 0.01183
357 0.01171
358 0.01159
359 0.01147
360 0.01135
361 0.01124
362 0.01113
363 0.01101
364 0.01090
365 0.01080
366 0.01069
367 0.01058
368 0.01048
369 0.01038
370 0.01028
371 0.01018
372 0.01008
373 0.00998
374 0.00989
375 0.00979
376 0.00970
377 0.00961
378 0.00952
379 0.00943
380 0.00934
381 0.00925
382 0.00917
383 0.00909
384 0.00900
385 0.00892
386 0.00884
387 0.00876
388 0.00868
389 0.00861
390 0.00853
391 0.00846
392 0.00838
393 0.00831
394 0.00824
395 0.00817
396 0.00810
397 0.00803
398 0.00796
399 0.00789
400 0.00783
401 0.00776
402 0.00770
403 0.00764
404 0.00758
405 0.00751
406 0.00745
407 0.00739
408 0.00734
409 0.00728
410 0.00722
411 0.00716
412 0.00711
413 0.00705
414 0.00700
415 0.00695
416 0.00690
417 0.00684
418 0.00679
419 0.00674
420 0.00669
421 0.00664
422 0.00660
423 0.00655
424 0.00650
425 0.00646
426 0.00641
427 0.00637
428 0.00632
429 0.00628
430 0.00624
431 0.00619
432 0.00615
433 0.00611
434 0.00607
435 0.00603
436 0.00599
437 0.00595
438 0.00592
439 0.00588
440 0.00584
441 0.00581
442 0.00577
443 0.00573
444 0.00570
445 0.00567
446 0.00563
447 0.00560
448 0.00557
449 0.00553
450 0.00550
451 0.00547
452 0.00544
453 0.00541
454 0.00538
455 0.00535
456 0.00532
457 0.00529
458 0.00526
459 0.00523
460 0.00521
461 0.00518
462 0.00515
463 0.00513
464 0.00510
465 0.00508
466 0.00505
467 0.00503
468 0.00500
469 0.00498
470 0.00496
471 0.00493
472 0.00491
473 0.00489
474 0.00487
475 0.00484
476 0.00482
477 0.00480
478 0.00478
479 0.00476
480 0.00474
481 0.00472
482 0.00470
483 0.00468
484 0.00467
485 0.00465
486 0.00463
487 0.00461
488 0.00460
489 0.00458
490 0.00456
491 0.00455
492 0.00453
493 0.00452
494 0.00450
495 0.00449
496 0.00447
497 0.00446
498 0.00444
499 0.00443
500 0.00442
501 0.00440
502 0.00439
503 0.00438
504 0.00437
505 0.00435
506 0.00434
507 0.00433
508 0.00432
509 0.00431
510 0.00430
511 0.00429
512 0.00428
513 0.00427
514 0.00426
515 0.00425
516 0.00424
517 0.00423
518 0.00423
519 0.00422
520 0.00421
521 0.00420
522 0.00420
523 0.00419
524 0.00418
525 0.00418
526 0.00417
527 0.00417
528 0.00416
529 0.00415
530 0.00415
531 0.00414
532 0.00414
533 0.00414
534 0.00413
535 0.00413
536 0.00413
537 0.00412
538 0.00412
539 0.00412
540 0.00411
541 0.00411
542 0.00411
543 0.00411
544 0.00411
545 0.00411
546 0.00411
547 0.00411
548 0.00411
549 0.00411
550 0.00411
551 0.00411
552 0.00411
553 0.00411
554 0.00411
555 0.00411
556 0.00411
557 0.00412
558 0.00412
559 0.00412
560 0.00412
561 0.00413
562 0.00413
563 0.00414
564 0.00414
565 0.00414
566 0.00415
567 0.00415
568 0.00416
569 0.00416
570 0.00417
571 0.00418
572 0.00418
573 0.00419
574 0.00420
575 0.00420
576 0.00421
577 0.00422
578 0.00423
579 0.00424
580 0.00424
581 0.00425
582 0.00426
583 0.00427
584 0.00428
585 0.00429
586 0.00430
587 0.00431
588 0.00432
589 0.00433
590 0.00434
591 0.00435
592 0.00436
593 0.00438
594 0.00439
595 0.00440
596 0.00441
597 0.00443
598 0.00444
599 0.00445
600 0.00447
601 0.00448
602 0.00450
603 0.00451
604 0.00453
605 0.00454
606 0.00456
607 0.00458
608 0.00459
609 0.00461
610 0.00463
611 0.00465
612 0.00466
613 0.00468
614 0.00470
615 0.00472
616 0.00474
617 0.00476
618 0.00478
619 0.00480
620 0.00483
621 0.00485
622 0.00487
623 0.00489
624 0.00492
625 0.00494
626 0.00496
627 0.00499
628 0.00501
629 0.00504
630 0.00507
631 0.00509
632 0.00512
633 0.00515
634 0.00518
635 0.00520
636 0.00523
637 0.00526
638 0.00529
639 0.00532
640 0.00536
641 0.00539
642 0.00542
643 0.00545
644 0.00549
645 0.00552
646 0.00556
647 0.00559
648 0.00563
649 0.00566
650 0.00570
651 0.00574
652 0.00578
653 0.00582
654 0.00586
655 0.00590
656 0.00594
657 0.00598
658 0.00602
659 0.00607
660 0.00611
661 0.00616
662 0.00620
663 0.00625
664 0.00630
665 0.00635
666 0.00639
667 0.00644
668 0.00650
669 0.00655
670 0.00660
671 0.00665
672 0.00671
673 0.00676
674 0.00682
675 0.00688
676 0.00693
677 0.00699
678 0.00705
679 0.00711
680 0.00718
681 0.00724
682 0.00730
683 0.00737
684 0.00744
685 0.00750
686 0.00757
687 0.00764
688 0.00772
689 0.00779
690 0.00786
691 0.00794
692 0.00801
693 0.00809
694 0.00817
695 0.00825
696 0.00833
697 0.00842
698 0.00850
699 0.00859
700 0.00868
701 0.00876
702 0.00886
703 0.00895
704 0.00904
705 0.00914
706 0.00924
707 0.00934
708 0.00944
709 0.00954
710 0.00964
711 0.00975
712 0.00986
713 0.00997
714 0.01008
715 0.01020
716 0.01031
717 0.01043
718 0.01055
719 0.01068
720 0.01080
721 0.01093
722 0.01106
723 0.01119
724 0.01133
725 0.01146
726 0.01160
727 0.01175
728 0.01189
729 0.01204
730 0.01219
731 0.01234
732 0.01250
733 0.01266
734 0.01282
735 0.01298
736 0.01315
737 0.01332
738 0.01350
739 0.01368
740 0.01386
741 0.01404
742 0.01423
743 0.01443
744 0.01462
745 0.01482
746 0.01502
747 0.01523
748 0.01544
749 0.01566
750 0.01588
751 0.01610
752 0.01633
753 0.01657
754 0.01680
755 0.01705
756 0.01729
757 0.01755
758 0.01780
759 0.01807
760 0.01833
761 0.01861
762 0.01889
763 0.01917
764 0.01946
765 0.01976
766 0.02006
767 0.02037
768 0.02069
769 0.02101
770 0.02134
771 0.02167
772 0.02201
773 0.02236
774 0.02272
775 0.02308
776 0.02345
777 0.02383
778 0.02422
779 0.02462
780 0.02502
781 0.02543
782 0.02586
783 0.02629
784 0.02673
785 0.02718
786 0.02764
787 0.02811
788 0.02859
789 0.02908
790 0.02958
791 0.03009
792 0.03061
793 0.03115
794 0.03169
795 0.03225
796 0.03283
797 0.03341
798 0.03401
799 0.03462
800 0.03524
801 0.03588
802 0.03654
803 0.03720
804 0.03789
805 0.03859
806 0.03930
807 0.04003
808 0.04078
809 0.04155
810 0.04233
811 0.04313
812 0.04395
813 0.04479
814 0.04565
815 0.04654
816 0.04744
817 0.04836
818 0.04930
819 0.05027
820 0.05126
821 0.05227
822 0.05331
823 0.05437
824 0.05546
825 0.05658
826 0.05772
827 0.05889
828 0.06009
829 0.06132
830 0.06258
831 0.06387
832 0.06519
833 0.06655
834 0.06793
835 0.06936
836 0.07082
837 0.07231
838 0.07384
839 0.07542
840 0.07703
841 0.07868
842 0.08038
843 0.08211
844 0.08390
845 0.08573
846 0.08760
847 0.08953
848 0.09150
849 0.09352
850 0.09560
851 0.09774
852 0.09992
853 0.10217
854 0.10447
855 0.10684
856 0.10927
857 0.11176
858 0.11432
859 0.11695
860 0.11965
861 0.12242
862 0.12527
863 0.12819
864 0.13119
865 0.13428
866 0.13745
867 0.14070
868 0.14405
869 0.14748
870 0.15101
871 0.15464
872 0.15837
873 0.16220
874 0.16614
875 0.17019
876 0.17436
877 0.17864
878 0.18304
879 0.18757
880 0.19222
881 0.19701
882 0.20193
883 0.20699
884 0.21220
885 0.21756
886 0.22307
887 0.22874
888 0.23458
889 0.24059
890 0.24677
891 0.25313
892 0.25968
893 0.26642
894 0.27336
895 0.28050
896 0.28786
897 0.29543
898 0.30323
899 0.31126
900 0.31953
901 0.32805
902 0.33683
903 0.34587
904 0.35519
905 0.36479
906 0.37468
907 0.38487
908 0.39537
909 0.40620
910 0.41736
911 0.42886
912 0.43804
913 0.46328
914 0.48115
915 0.49417
916 0.50171
917 0.50546
918 0.50978
919 0.51483
920 0.52083
921 0.52809
922 0.52678
923 0.52547
924 0.53448
925 0.53318
926 0.53189
927 0.54341
928 0.54213
929 0.54085
930 0.53957
931 0.55490
932 0.55364
933 0.55238
934 0.55113
935 0.54986
936 0.54860
937 0.54734
938 0.56890
939 0.56768
940 0.56645
941 0.56522
942 0.56399
943 0.56276
944 0.56153
945 0.56030
946 0.55906
947 0.55783
948 0.55660
949 0.55536
950 0.58816
951 0.58697
952 0.58579
953 0.58461
954 0.58343
955 0.58224
956 0.58106
957 0.57987
958 0.57869
959 0.57750
960 0.57631
961 0.57512
962 0.57393
963 0.57274
964 0.57155
965 0.57036
966 0.56917
967 0.56798
968 0.56678
969 0.56559
970 0.56439
971 0.56320
972 0.56200
973 0.61845
974 0.61735
975 0.61625
976 0.61515
977 0.61405
978 0.61295
979 0.61184
980 0.61074
981 0.60963
982 0.60853
983 0.60742
984 0.60631
985 0.60520
986 0.60409
987 0.60298
988 0.60187
989 0.60076
990 0.59964
991 0.59853
992 0.59742
993 0.59630
994 0.59518
995 0.59406
996 0.59295
997 0.59183
998 0.59071
999 0.58959
1000 0.58846
1001 0.58734
1002 0.58622
1003 0.58510
1004 0.58397
1005 0.58284
1006 0.58172
1007 0.58059
1008 0.57946
1009 0.57834
1010 0.57721
1011 0.57608
1012 0.57495
1013 0.57382
1014 0.57268
1015 0.57155
1016 0.57042
1017 0.56928
1018 0.56815
1019 0.56702
1020 0.56588
1021 0.56474
1022 0.56361
1023 0.56247
1024 0.56133
1025 0.56019
1026 0.68240
1027 0.68149
1028 0.68057
1029 0.67965
1030 0.67873
1031 0.67782
1032 0.67689
1033 0.67597
1034 0.67505
1035 0.67413
1036 0.67320
1037 0.67227
1038 0.67135
1039 0.67042
1040 0.66949
1041 0.66856
1042 0.66763
1043 0.66670
1044 0.66576
1045 0.66483
1046 0.66389
1047 0.66296
1048 0.66202
1049 0.66108
1050 0.66014
1051 0.65920
1052 0.65826
1053 0.65732
1054 0.65637
1055 0.65543
1056 0.65448
1057 0.65354
1058 0.65259
1059 0.65164
1060 0.65069
1061 0.64974
1062 0.64879
1063 0.64784
1064 0.64689
1065 0.64593
1066 0.64498
1067 0.64402
1068 0.64307
1069 0.64211
1070 0.64115
1071 0.64019
1072 0.63923
1073 0.63827
1074 0.63731
1075 0.63635
1076 0.63538
1077 0.63442
1078 0.63345
1079 0.63249
1080 0.63152
1081 0.63055
1082 0.62958
1083 0.62861
1084 0.62764
1085 0.62667
1086 0.62570
1087 0.62473
1088 0.62375
1089 0.62278
1090 0.62180
1091 0.62083
1092 0.61985
1093 0.61887
1094 0.61789
1095 0.61691
1096 0.61593
1097 0.61495
1098 0.61397
1099 0.61299
1100 0.61201
1101 0.61102
1102 0.61004
1103 0.60905
1104 0.60807
1105 0.60708
1106 0.60609
1107 0.60510
1108 0.60412
1109 0.60313
1110 0.60214
1111 0.60114
1112 0.60015
1113 0.59916
1114 0.59817
1115 0.59717
1116 0.59618
1117 0.59518
1118 0.59419
1119 0.59319
1120 0.59220
1121 0.59120
1122 0.59020
1123 0.58920
1124 0.58820
1125 0.58720
1126 0.58620
1127 0.58520
1128 0.58420
1129 0.58319
1130 0.58219
1131 0.58119
1132 0.58018
1133 0.57918
1134 0.57817
1135 0.57717
1136 0.57616
1137 0.57515
1138 0.57415
1139 0.57314
1140 0.57213
1141 0.57112
1142 0.57011
1143 0.56910
1144 0.56809
1145 0.56708
1146 0.56607
1147 0.56506
1148 0.56404
1149 0.56303
1150 0.56202
1151 0.56100
1152 0.55999
1153 0.55897
1154 0.55796
1155 0.55694
1156 0.55593
1157 0.55491
1158 0.55389
1159 0.55287
1160 0.55186
1161 0.55084
1162 0.54982
1163 0.54880
1164 0.54778
1165 0.54676
1166 0.54574
1167 0.54472
1168 0.54370
1169 0.54268
1170 0.54166
1171 0.54063
1172 0.53961
1173 0.53859
1174 0.53756
1175 0.53654
1176 0.53552
1177 0.53449
1178 0.53347
1179 0.53244
1180 0.53142
1181 0.53039
1182 0.52937
1183 0.52834
1184 0.52732
1185 0.52629
1186 0.52526
1187 0.52424
1188 0.52321
1189 0.52218
1190 0.52116
1191 0.52013
1192 0.51910
1193 0.51807
1194 0.51704
1195 0.51602
1196 0.51499
1197 0.51396
1198 0.51293
1199 0.51190
1200 0.51087
1201 0.50984
1202 0.50881
1203 0.50778
1204 0.50675
1205 0.50572
1206 0.50469
1207 0.50366
1208 0.50263
1209 0.50160
1210 0.50057
1211 0.49954
1212 0.49851
1213 0.49748
1214 0.49644
1215 0.49541
1216 1.00000
