17 0.80881
18 0.79344
19 0.77792
20 0.76230
21 0.74660
22 0.73085
23 0.71508
24 0.69930
25 0.68355
26 0.66784
27 0.65220
28 0.63664
29 0.62117
30 0.60583
31 0.59061
32 0.57554
33 0.56063
34 0.54589
35 0.53133
36 0.51696
37 0.50278
38 0.48882
39 0.47507
40 0.46154
41 0.44824
42 0.43517
43 0.42234
44 0.40975
45 0.39740
46 0.38530
47 0.37345
48 0.36184
49 0.35049
50 0.33939
51 0.32854
52 0.31795
53 0.30760
54 0.29751
55 0.28766
56 0.27806
57 0.26871
58 0.25960
59 0.25073
60 0.24210
61 0.23371
62 0.22554
63 0.21761
64 0.20990
65 0.20242
66 0.19515
67 0.18810
68 0.18126
69 0.17463
70 0.16820
71 0.16197
72 0.15593
73 0.15009
74 0.14443
75 0.13896
76 0.13366
77 0.12854
78 0.12359
79 0.11880
80 0.11418
81 0.10971
82 0.10540
83 0.10124
84 0.09722
85 0.09334
86 0.08960
87 0.08600
88 0.08252
89 0.07917
90 0.07595
91 0.07284
92 0.06984
93 0.06696
94 0.06419
95 0.06152
96 0.05895
97 0.05648
98 0.05410
99 0.05182
100 0.04962
101 0.04751
102 0.04549
103 0.04354
104 0.04167
105 0.03987
106 0.03815
107 0.03649
108 0.03490
109 0.03338
110 0.03192
111 0.03052
112 0.02917
113 0.02788
114 0.02665
115 0.02547
116 0.02433
117 0.02325
118 0.02220
119 0.02121
120 0.02025
121 0.01934
122 0.01846
123 0.01763
124 0.01683
125 0.01606
126 0.01533
127 0.01463
128 0.01395
129 0.01331
130 0.01270
131 0.01211
132 0.01155
133 0.01102
134 0.01051
135 0.01002
136 0.00955
137 0.00910
138 0.00868
139 0.00827
140 0.00788
141 0.00751
142 0.00716
143 0.00682
144 0.00650
145 0.00619
146 0.00590
147 0.00562
148 0.00535
149 0.00510
150 0.00485
151 0.00462
152 0.00440
153 0.00419
154 0.00399
155 0.00380
156 0.00361
157 0.00344
158 0.00327
159 0.00312
160 0.00297
161 0.00282
162 0.00269
163 0.00256
164 0.00243
165 0.00231
166 0.00220
167 0.00209
168 0.00199
169 0.00189
170 0.00180
171 0.00171
172 0.00163
173 0.00155
174 0.00148
175 0.00140
176 0.00133
177 0.00127
178 0.00121
179 0.00115
180 0.00109
181 0.00104
182 0.00099
183 0.00094
184 0.00089
185 0.00085
186 0.00081
187 0.00077
188 0.00073
189 0.00069
190 0.00066
191 0.00063
192 0.00059
193 0.00057
194 0.00054
195 0.00051
196 0.00049
197 0.00046
198 0.00044
199 0.00042
200 0.00040
201 0.00038
202 0.00036
203 0.00034
204 0.00032
205 0.00031
206 0.00029
207 0.00028
208 0.00026
209 0.00025
210 0.00024
211 0.00023
212 0.00022
213 0.00020
214 0.00019
215 0.00019
216 0.00018
217 0.00017
218 0.00016
219 0.00015
220 0.00014
221 0.00014
222 0.00013
223 0.00012
224 0.00012
225 0.00011
226 0.00011
227 0.00010
228 0.00010
229 0.00009
230 0.00009
231 0.00008
232 0.00008
233 0.00007
234 0.00007
235 0.00007
236 0.00006
237 0.00006
238 0.00006
239 0.00006
240 0.00005
241 0.00005
242 0.00005
243 0.00005
244 0.00004
245 0.00004
246 0.00004
247 0.00004
248 0.00004
249 0.00003
250 0.00003
251 0.00003
252 0.00003
253 0.00003
254 0.00003
255 0.00002
256 0.00002
257 0.00002
258 0.00002
259 0.00002
260 0.00002
261 0.00002
262 0.00002
263 0.00002
264 0.00002
265 0.00002
266 0.00001
267 0.00001
268 0.00001
269 0.00001
270 0.00001
271 0.00001
272 0.00001
273 0.00001
274 0.00001
275 0.00001
276 0.00001
277 0.00001
278 0.00001
279 0.00001
280 0.00001
281 0.00001
282 0.00001
283 0.00001
284 0.00001
285 0.00001
286 0.00001
287 0.00001
288 0.00001
289 0.00000
290 0.00000
291 0.00000
292 0.00000
293 0.00000
294 0.00000
295 0.00000
296 0.00000
297 0.00000
298 0.00000
299 0.00000
300 0.00000
301 0.00000
302 0.00000
303 0.00000
304 0.00000
305 0.00000
306 0.00000
307 0.00000
308 0.00000
309 0.00000
310 0.00000
311 0.00000
312 0.00000
313 0.00000
314 0.00000
315 0.00000
316 0.00000
317 0.00000
318 0.00000
319 0.00000
320 0.00000
321 0.00000
322 0.00000
323 0.00000
324 0.00000
325 0.00000
326 0.00000
327 0.00000
328 0.00000
329 0.00000
330 0.00000
331 0.00000
332 0.00000
333 0.00000
334 0.00000
335 0.00000
336 0.00000
337 0.00000
338 0.00000
339 0.00000
340 0.00000
341 0.00000
342 0.00000
343 0.00000
344 0.00000
345 0.00000
346 0.00000
347 0.00000
348 0.00000
349 0.00000
350 0.00000
351 0.00000
352 0.00000
353 0.00000
354 0.00000
355 0.00000
356 0.00000
357 0.00000
358 0.00000
359 0.00000
360 0.00000
361 0.00000
362 0.00000
363 0.00000
364 0.00000
365 0.00000
366 0.00000
367 0.00000
368 0.00000
369 0.00000
370 0.00000
371 0.00000
372 0.00000
373 0.00000
374 0.00000
375 0.00000
376 0.00000
377 0.00000
378 0.00000
379 0.00000
380 0.00000
381 0.00000
382 0.00000
383 0.00000
384 0.00000
385 0.00000
386 0.00000
387 0.00000
388 0.00000
389 0.00000
390 0.00000
391 0.00000
392 0.00000
393 0.00000
394 0.00000
395 0.00000
396 0.00000
397 0.00000
398 0.00000
399 0.00000
400 0.00000
401 0.00000
402 0.00000
403 0.00000
404 0.00000
405 0.00000
406 0.00000
407 0.00000
408 0.00000
409 0.00000
410 0.00000
411 0.00000
412 0.00000
413 0.00000
414 0.00000
415 0.00000
416 0.00000
417 0.00000
418 0.00000
419 0.00000
420 0.00000
421 0.00000
422 0.00000
423 0.00000
424 0.00000
425 0.00000
426 0.00000
427 0.00000
428 0.00000
429 0.00000
430 0.00000
431 0.00000
432 0.00000
433 0.00000
434 0.00000
435 0.00000
436 0.00000
437 0.00000
438 0.00000
439 0.00000
440 0.00000
441 0.00000
442 0.00000
443 0.00000
444 0.00000
445 0.00000
446 0.00000
447 0.00000
448 0.00000
449 0.00000
450 0.00000
451 0.00000
452 0.00000
453 0.00000
454 0.00000
455 0.00000
456 0.00000
457 0.00000
458 0.00000
459 0.00000
460 0.00000
461 0.00000
462 0.00000
463 0.00000
464 0.00000
465 0.00000
466 0.00000
467 0.00000
468 0.00000
469 0.00000
470 0.00000
471 0.00000
472 0.00000
473 0.00000
474 0.00000
475 0.00000
476 0.00000
477 0.00000
478 0.00000
479 0.00000
480 0.00000
481 0.00000
482 0.00000
483 0.00000
484 0.00000
485 0.00000
486 0.00000
487 0.00000
488 0.00000
489 0.00000
490 0.00000
491 0.00000
492 0.00000
493 0.00000
494 0.00000
495 0.00000
496 0.00000
497 0.00000
498 0.00000
499 0.00000
500 0.00000
501 0.00000
502 0.00000
503 0.00000
504 0.00000
505 0.00000
506 0.00000
507 0.00000
508 0.00000
509 0.00000
510 0.00000
511 0.00000
512 0.00000
513 0.00000
514 0.00000
515 0.00000
516 0.00000
517 0.00000
518 0.00000
519 0.00000
520 0.00000
521 0.00000
522 0.00000
523 0.00000
524 0.00000
525 0.00000
526 0.00000
527 0.00000
528 0.00000
529 0.00000
530 0.00000
531 0.00000
532 0.00000
533 0.00000
534 0.00000
535 0.00000
536 0.00000
537 0.00000
538 0.00000
539 0.00000
540 0.00000
541 0.00000
542 0.00000
543 0.00000
544 0.00000
545 0.00000
546 0.00000
547 0.00000
548 0.00000
549 0.00000
550 0.00000
551 0.00000
552 0.00000
553 0.00000
554 0.00000
555 0.00000
556 0.00000
557 0.00000
558 0.00000
559 0.00000
560 0.00000
561 0.00000
562 0.00000
563 0.00000
564 0.00000
565 0.00000
566 0.00000
567 0.00000
568 0.00000
569 0.00000
570 0.00000
571 0.00000
572 0.00000
573 0.00000
574 0.00000
575 0.00000
576 0.00000
577 0.00000
578 0.00000
579 0.00000
580 0.00000
581 0.00000
582 0.00000
583 0.00000
584 0.00000
585 0.00000
586 0.00000
587 0.00000
588 0.00000
589 0.00000
590 0.00000
591 0.00000
592 0.00000
593 0.00000
594 0.00000
595 0.00000
596 0.00000
597 0.00000
598 0.00000
599 0.00000
600 0.00000
601 0.00000
602 0.00000
603 0.00000
604 0.00000
605 0.00000
606 0.00000
607 0.00000
608 0.00000
609 0.00000
610 0.00000
611 0.00000
612 0.00000
613 0.00000
614 0.00000
615 0.00000
616 0.00000
617 0.00000
618 0.00000
619 0.00000
620 0.00000
621 0.00000
622 0.00000
623 0.00000
624 0.00000
625 0.00000
626 0.00000
627 0.00000
628 0.00000
629 0.00000
630 0.00000
631 0.00000
632 0.00000
633 0.00000
634 0.00000
635 0.00000
636 0.00000
637 0.00000
638 0.00000
639 0.00000
640 0.00000
641 0.00000
642 0.00000
643 0.00000
644 0.00000
645 0.00000
646 0.00000
647 0.00000
648 0.00000
649 0.00000
650 0.00000
651 0.00000
652 0.00000
653 0.00000
654 0.00000
655 0.00000
656 0.00000
657 0.00000
658 0.00000
659 0.00000
660 0.00000
661 0.00000
662 0.00000
663 0.00000
664 0.00000
665 0.00000
666 0.00000
667 0.00000
668 0.00000
669 0.00000
670 0.00000
671 0.00000
672 0.00000
673 0.00000
674 0.00000
675 0.00000
676 0.00000
677 0.00000
678 0.00000
679 0.00000
680 0.00000
681 0.00000
682 0.00000
683 0.00000
684 0.00000
685 0.00000
686 0.00000
687 0.00000
688 0.00000
689 0.00000
690 0.00000
691 0.00000
692 0.00000
693 0.00000
694 0.00000
695 0.00000
696 0.00000
697 0.00000
698 0.00000
699 0.00000
700 0.00000
701 0.00000
702 0.00000
703 0.00000
704 0.00000
705 0.00000
706 0.00000
707 0.00000
708 0.00000
709 0.00000
710 0.00000
711 0.00000
712 0.00000
713 0.00000
714 0.00000
715 0.00000
716 0.00000
717 0.00000
718 0.00000
719 0.00000
720 0.00000
721 0.00000
722 0.00000
723 0.00000
724 0.00000
725 0.00000
726 0.00000
727 0.00000
728 0.00000
729 0.00000
730 0.00000
731 0.00000
732 0.00000
733 0.00000
734 0.00000
735 0.00000
736 0.00000
737 0.00000
738 0.00000
739 0.00000
740 0.00000
741 0.00000
742 0.00000
743 0.00000
744 0.00000
745 0.00000
746 0.00000
747 0.00000
748 0.00000
749 0.00000
750 0.00000
751 0.00000
752 0.00000
753 0.00000
754 0.00000
755 0.00000
756 0.00000
757 0.00000
758 0.00000
759 0.00000
760 0.00000
761 0.00000
762 0.00000
763 0.00000
764 0.00000
765 0.00000
766 0.00000
767 0.00000
768 0.00000
769 0.00000
770 0.00000
771 0.00000
772 0.00000
773 0.00000
774 0.00000
775 0.00000
776 0.00000
777 0.00000
778 0.00000
779 0.00000
780 0.00000
781 0.00000
782 0.00000
783 0.00000
784 0.00000
785 0.00000
786 0.00000
787 0.00000
788 0.00000
789 0.00000
790 0.00000
791 0.00000
792 0.00000
793 0.00000
794 0.00000
795 0.00000
796 0.00000
797 0.00000
798 0.00000
799 0.00000
800 0.00000
801 0.00000
802 0.00000
803 0.00001
804 0.00001
805 0.00001
806 0.00001
807 0.00001
808 0.00001
809 0.00001
810 0.00001
811 0.00001
812 0.00001
813 0.00001
814 0.00001
815 0.00001
816 0.00001
817 0.00001
818 0.00002
819 0.00002
820 0.00002
821 0.00002
822 0.00002
823 0.00002
824 0.00002
825 0.00003
826 0.00003
827 0.00003
828 0.00003
829 0.00004
830 0.00004
831 0.00004
832 0.00005
833 0.00005
834 0.00005
835 0.00006
836 0.00006
837 0.00007
838 0.00007
839 0.00008
840 0.00009
841 0.00010
842 0.00010
843 0.00011
844 0.00012
845 0.00013
846 0.00015
847 0.00016
848 0.00017
849 0.00019
850 0.00021
851 0.00022
852 0.00024
853 0.00027
854 0.00029
855 0.00032
856 0.00035
857 0.00038
858 0.00042
859 0.00045
860 0.00050
861 0.00054
862 0.00059
863 0.00065
864 0.00071
865 0.00078
866 0.00086
867 0.00094
868 0.00103
869 0.00113
870 0.00124
871 0.00136
872 0.00150
873 0.00164
874 0.00181
875 0.00199
876 0.00218
877 0.00240
878 0.00264
879 0.00291
880 0.00320
881 0.00353
882 0.00389
883 0.00428
884 0.00472
885 0.00521
886 0.00575
887 0.00634
888 0.00700
889 0.00773
890 0.00854
891 0.00943
892 0.01043
893 0.01153
894 0.01275
895 0.01410
896 0.01561
897 0.01728
898 0.01914
899 0.02120
900 0.02349
901 0.02604
902 0.02887
903 0.03202
904 0.03553
905 0.03943
906 0.04378
907 0.04862
908 0.05401
909 0.06002
910 0.06671
911 0.07418
912 0.08054
913 0.08383
914 0.08779
915 0.09185
916 0.09455
917 0.09579
918 0.09750
919 0.09983
920 0.10300
921 0.10734
922 0.10602
923 0.10471
924 0.11070
925 0.10937
926 0.10804
927 0.11654
928 0.11519
929 0.11384
930 0.11249
931 0.12501
932 0.12362
933 0.12225
934 0.12087
935 0.11951
936 0.11814
937 0.11678
938 0.13620
939 0.13479
940 0.13338
941 0.13197
942 0.13057
943 0.12917
944 0.12778
945 0.12639
946 0.12501
947 0.12363
948 0.12226
949 0.12089
950 0.15358
951 0.15213
952 0.15069
953 0.14924
954 0.14780
955 0.14637
956 0.14493
957 0.14350
958 0.14208
959 0.14066
960 0.13924
961 0.13783
962 0.13642
963 0.13501
964 0.13361
965 0.13221
966 0.13082
967 0.12944
968 0.12806
969 0.12668
970 0.12531
971 0.12394
972 0.12258
973 0.18566
974 0.18418
975 0.18271
976 0.18124
977 0.17977
978 0.17830
979 0.17684
980 0.17537
981 0.17391
982 0.17246
983 0.17100
984 0.16955
985 0.16810
986 0.16666
987 0.16521
988 0.16377
989 0.16234
990 0.16091
991 0.15948
992 0.15805
993 0.15663
994 0.15521
995 0.15380
996 0.15239
997 0.15098
998 0.14958
999 0.14819
1000 0.14679
1001 0.14541
1002 0.14402
1003 0.14265
1004 0.14127
1005 0.13990
1006 0.13854
1007 0.13718
1008 0.13583
1009 0.13448
1010 0.13314
1011 0.13180
1012 0.13047
1013 0.12914
1014 0.12782
1015 0.12650
1016 0.12519
1017 0.12389
1018 0.12259
1019 0.12130
1020 0.12001
1021 0.11873
1022 0.11746
1023 0.11619
1024 0.11493
1025 0.11367
1026 0.27429
1027 0.27300
1028 0.27170
1029 0.27041
1030 0.26912
1031 0.26783
1032 0.26654
1033 0.26525
1034 0.26396
1035 0.26267
1036 0.26138
1037 0.26010
1038 0.25881
1039 0.25753
1040 0.25624
1041 0.25496
1042 0.25368
1043 0.25239
1044 0.25111
1045 0.24983
1046 0.24855
1047 0.24727
1048 0.24599
1049 0.24471
1050 0.24343
1051 0.24215
1052 0.24087
1053 0.23959
1054 0.23831
1055 0.23704
1056 0.23576
1057 0.23448
1058 0.23320
1059 0.23192
1060 0.23064
1061 0.22936
1062 0.22808
1063 0.22680
1064 0.22552
1065 0.22424
1066 0.22296
1067 0.22168
1068 0.22040
1069 0.21911
1070 0.21783
1071 0.21655
1072 0.21526
1073 0.21397
1074 0.21269
1075 0.21140
1076 0.21011
1077 0.20882
1078 0.20753
1079 0.20624
1080 0.20494
1081 0.20365
1082 0.20235
1083 0.20106
1084 0.19976
1085 0.19846
1086 0.19716
1087 0.19585
1088 0.19455
1089 0.19324
1090 0.19194
1091 0.19063
1092 0.18932
1093 0.18800
1094 0.18669
1095 0.18537
1096 0.18406
1097 0.18274
1098 0.18142
1099 0.18010
1100 0.17877
1101 0.17745
1102 0.17612
1103 0.17479
1104 0.17346
1105 0.17213
1106 0.17079
1107 0.16946
1108 0.16812
1109 0.16678
1110 0.16544
1111 0.16410
1112 0.16276
1113 0.16141
1114 0.16007
1115 0.15872
1116 0.15737
1117 0.15602
1118 0.15467
1119 0.15332
1120 0.15197
1121 0.15062
1122 0.14927
1123 0.14791
1124 0.14656
1125 0.14521
1126 0.14385
1127 0.14250
1128 0.14114
1129 0.13979
1130 0.13844
1131 0.13708
1132 0.13573
1133 0.13438
1134 0.13303
1135 0.13168
1136 0.13033
1137 0.12898
1138 0.12763
1139 0.12629
1140 0.12494
1141 0.12360
1142 0.12226
1143 0.12093
1144 0.11959
1145 0.11826
1146 0.11693
1147 0.11561
1148 0.11429
1149 0.11297
1150 0.11165
1151 0.11034
1152 0.10903
1153 0.10773
1154 0.10643
1155 0.10513
1156 0.10384
1157 0.10256
1158 0.10128
1159 0.10000
1160 0.09873
1161 0.09747
1162 0.09621
1163 0.09495
1164 0.09371
1165 0.09247
1166 0.09123
1167 0.09000
1168 0.08878
1169 0.08757
1170 0.08636
1171 0.08516
1172 0.08397
1173 0.08278
1174 0.08160
1175 0.08043
1176 0.07927
1177 0.07811
1178 0.07697
1179 0.07583
1180 0.07470
1181 0.07357
1182 0.07246
1183 0.07136
1184 0.07026
1185 0.06917
1186 0.06810
1187 0.06703
1188 0.06597
1189 0.06492
1190 0.06388
1191 0.06284
1192 0.06182
1193 0.06081
1194 0.05981
1195 0.05881
1196 0.05783
1197 0.05685
1198 0.05589
1199 0.05494
1200 0.05399
1201 0.05306
1202 0.05213
1203 0.05122
1204 0.05031
1205 0.04942
1206 0.04854
1207 0.04766
1208 0.04680
1209 0.04594
1210 0.04510
1211 0.04427
1212 0.04344
1213 0.04263
1214 0.04183
1215 0.04104
1216 1.00000
