17 0.99083
18 0.99002
19 0.98919
20 0.98834
21 0.98747
22 0.98659
23 0.98568
24 0.98476
25 0.98381
26 0.98286
27 0.98188
28 0.98089
29 0.97989
30 0.97887
31 0.97784
32 0.97679
33 0.97573
34 0.97465
35 0.97357
36 0.97247
37 0.97135
38 0.97023
39 0.96909
40 0.96795
41 0.96679
42 0.96562
43 0.96444
44 0.96325
45 0.96205
46 0.96084
47 0.95962
48 0.95840
49 0.95716
50 0.95591
51 0.95466
52 0.95339
53 0.95212
54 0.95084
55 0.94956
56 0.94826
57 0.94696
58 0.94565
59 0.94434
60 0.94301
61 0.94168
62 0.94035
63 0.93901
64 0.93766
65 0.93630
66 0.93494
67 0.93358
68 0.93221
69 0.93083
70 0.92945
71 0.92806
72 0.92667
73 0.92527
74 0.92387
75 0.92246
76 0.92105
77 0.91964
78 0.91822
79 0.91680
80 0.91537
81 0.91394
82 0.91251
83 0.91107
84 0.90963
85 0.90819
86 0.90674
87 0.90529
88 0.90384
89 0.90238
90 0.90092
91 0.89946
92 0.89800
93 0.89653
94 0.89506
95 0.89359
96 0.89212
97 0.89065
98 0.88917
99 0.88769
100 0.88621
101 0.88473
102 0.88324
103 0.88176
104 0.88027
105 0.87879
106 0.87730
107 0.87581
108 0.87432
109 0.87283
110 0.87133
111 0.86984
112 0.86834
113 0.86685
114 0.86535
115 0.86386
116 0.86236
117 0.86087
118 0.85937
119 0.85787
120 0.85637
121 0.85488
122 0.85338
123 0.85188
124 0.85038
125 0.84889
126 0.84739
127 0.84589
128 0.84440
129 0.84290
130 0.84141
131 0.83991
132 0.83842
133 0.83692
134 0.83543
135 0.83394
136 0.83245
137 0.83096
138 0.82947
139 0.82798
140 0.82649
141 0.82501
142 0.82352
143 0.82204
144 0.82056
145 0.81908
146 0.81760
147 0.81612
148 0.81464
149 0.81317
150 0.81169
151 0.81022
152 0.80875
153 0.80728
154 0.80581
155 0.80435
156 0.80288
157 0.80142
158 0.79996
159 0.79850
160 0.79705
161 0.79559
162 0.79414
163 0.79269
164 0.79124
165 0.78980
166 0.78835
167 0.78691
168 0.78547
169 0.78403
170 0.78260
171 0.78117
172 0.77974
173 0.77831
174 0.77689
175 0.77546
176 0.77404
177 0.77262
178 0.77121
179 0.76980
180 0.76839
181 0.76698
182 0.76558
183 0.76417
184 0.76278
185 0.76138
186 0.75999
187 0.75860
188 0.75721
189 0.75582
190 0.75444
191 0.75306
192 0.75169
193 0.75031
194 0.74894
195 0.74757
196 0.74621
197 0.74485
198 0.74349
199 0.74214
200 0.74078
201 0.73944
202 0.73809
203 0.73675
204 0.73541
205 0.73407
206 0.73274
207 0.73141
208 0.73008
209 0.72876
210 0.72744
211 0.72613
212 0.72481
213 0.72350
214 0.72220
215 0.72090
216 0.71960
217 0.71830
218 0.71701
219 0.71572
220 0.71443
221 0.71315
222 0.71187
223 0.71060
224 0.70933
225 0.70806
226 0.70679
227 0.70553
228 0.70428
229 0.70302
230 0.70177
231 0.70053
232 0.69928
233 0.69804
234 0.69681
235 0.69558
236 0.69435
237 0.69312
238 0.69190
239 0.69069
240 0.68947
241 0.68826
242 0.68706
243 0.68586
244 0.68466
245 0.68346
246 0.68227
247 0.68109
248 0.67990
249 0.67872
250 0.67755
251 0.67638
252 0.67521
253 0.67404
254 0.67288
255 0.67173
256 0.67057
257 0.66943
258 0.66828
259 0.66714
260 0.66600
261 0.66487
262 0.66374
263 0.66261
264 0.66149
265 0.66038
266 0.65926
267 0.65815
268 0.65705
269 0.65594
270 0.65485
271 0.65375
272 0.65266
273 0.65157
274 0.65049
275 0.64941
276 0.64834
277 0.64727
278 0.64620
279 0.64514
280 0.64408
281 0.64303
282 0.64198
283 0.64093
284 0.63989
285 0.63885
286 0.63781
287 0.63678
288 0.63576
289 0.63473
290 0.63372
291 0.63270
292 0.63169
293 0.63068
294 0.62968
295 0.62868
296 0.62769
297 0.62670
298 0.62571
299 0.62473
300 0.62375
301 0.62278
302 0.62180
303 0.62084
304 0.61988
305 0.61892
306 0.61796
307 0.61701
308 0.61607
309 0.61512
310 0.61418
311 0.61325
312 0.61232
313 0.61139
314 0.61047
315 0.60955
316 0.60864
317 0.60773
318 0.60682
319 0.60592
320 0.60502
321 0.60413
322 0.60324
323 0.60235
324 0.60147
325 0.60059
326 0.59972
327 0.59885
328 0.59798
329 0.59712
330 0.59626
331 0.59541
332 0.59456
333 0.59371
334 0.59287
335 0.59203
336 0.59120
337 0.59037
338 0.58954
339 0.58872
340 0.58790
341 0.58709
342 0.58628
343 0.58547
344 0.58467
345 0.58388
346 0.58308
347 0.58229
348 0.58151
349 0.58072
350 0.57995
351 0.57917
352 0.57840
353 0.57764
354 0.57688
355 0.57612
356 0.57536
357 0.57461
358 0.57387
359 0.57313
360 0.57239
361 0.57165
362 0.57092
363 0.57020
364 0.56948
365 0.56876
366 0.56804
367 0.56733
368 0.56663
369 0.56593
370 0.56523
371 0.56453
372 0.56384
373 0.56316
374 0.56247
375 0.56180
376 0.56112
377 0.56045
378 0.55978
379 0.55912
380 0.55846
381 0.55781
382 0.55716
383 0.55651
384 0.55587
385 0.55523
386 0.55459
387 0.55396
388 0.55334
389 0.55271
390 0.55209
391 0.55148
392 0.55087
393 0.55026
394 0.54966
395 0.54906
396 0.54846
397 0.54787
398 0.54728
399 0.54670
400 0.54612
401 0.54554
402 0.54497
403 0.54440
404 0.54383
405 0.54327
406 0.54272
407 0.54216
408 0.54161
409 0.54107
410 0.54053
411 0.53999
412 0.53946
413 0.53893
414 0.53840
415 0.53788
416 0.53736
417 0.53685
418 0.53634
419 0.53583
420 0.53533
421 0.53483
422 0.53434
423 0.53385
424 0.53336
425 0.53288
426 0.53240
427 0.53192
428 0.53145
429 0.53098
430 0.53052
431 0.53006
432 0.52960
433 0.52915
434 0.52870
435 0.52826
436 0.52782
437 0.52738
438 0.52695
439 0.52652
440 0.52609
441 0.52567
442 0.52525
443 0.52484
444 0.52443
445 0.52402
446 0.52362
447 0.52322
448 0.52283
449 0.52244
450 0.52205
451 0.52167
452 0.52129
453 0.52092
454 0.52054
455 0.52018
456 0.51981
457 0.51945
458 0.51910
459 0.51874
460 0.51840
461 0.51805
462 0.51771
463 0.51737
464 0.51704
465 0.51671
466 0.51639
467 0.51607
468 0.51575
469 0.51543
470 0.51512
471 0.51482
472 0.51452
473 0.51422
474 0.51392
475 0.51363
476 0.51335
477 0.51306
478 0.51278
479 0.51251
480 0.51224
481 0.51197
482 0.51171
483 0.51145
484 0.51119
485 0.51094
486 0.51069
487 0.51045
488 0.51021
489 0.50997
490 0.50974
491 0.50951
492 0.50928
493 0.50906
494 0.50884
495 0.50863
496 0.50842
497 0.50822
498 0.50801
499 0.50782
500 0.50762
501 0.50743
502 0.50725
503 0.50706
504 0.50688
505 0.50671
506 0.50654
507 0.50637
508 0.50621
509 0.50605
510 0.50590
511 0.50574
512 0.50560
513 0.50545
514 0.50531
515 0.50518
516 0.50505
517 0.50492
518 0.50480
519 0.50468
520 0.50456
521 0.50445
522 0.50434
523 0.50424
524 0.50414
525 0.50404
526 0.50395
527 0.50386
528 0.50378
529 0.50370
530 0.50362
531 0.50355
532 0.50348
533 0.50342
534 0.50336
535 0.50330
536 0.50325
537 0.50320
538 0.50315
539 0.50311
540 0.50308
541 0.50305
542 0.50302
543 0.50299
544 0.50297
545 0.50296
546 0.50295
547 0.50294
548 0.50294
549 0.50294
550 0.50294
551 0.50295
552 0.50296
553 0.50298
554 0.50300
555 0.50302
556 0.50305
557 0.50309
558 0.50312
559 0.50316
560 0.50321
561 0.50326
562 0.50331
563 0.50337
564 0.50343
565 0.50350
566 0.50357
567 0.50364
568 0.50372
569 0.50381
570 0.50389
571 0.50399
572 0.50408
573 0.50418
574 0.50429
575 0.50439
576 0.50451
577 0.50462
578 0.50475
579 0.50487
580 0.50500
581 0.50514
582 0.50527
583 0.50542
584 0.50557
585 0.50572
586 0.50587
587 0.50603
588 0.50620
589 0.50637
590 0.50654
591 0.50672
592 0.50690
593 0.50709
594 0.50728
595 0.50747
596 0.50767
597 0.50788
598 0.50809
599 0.50830
600 0.50852
601 0.50874
602 0.50897
603 0.50920
604 0.50944
605 0.50968
606 0.50992
607 0.51017
608 0.51043
609 0.51069
610 0.51095
611 0.51122
612 0.51149
613 0.51177
614 0.51205
615 0.51234
616 0.51263
617 0.51292
618 0.51323
619 0.51353
620 0.51384
621 0.51416
622 0.51448
623 0.51480
624 0.51513
625 0.51547
626 0.51581
627 0.51615
628 0.51650
629 0.51685
630 0.51721
631 0.51757
632 0.51794
633 0.51832
634 0.51870
635 0.51908
636 0.51947
637 0.51986
638 0.52026
639 0.52066
640 0.52107
641 0.52148
642 0.52190
643 0.52233
644 0.52276
645 0.52319
646 0.52363
647 0.52407
648 0.52452
649 0.52498
650 0.52544
651 0.52590
652 0.52637
653 0.52685
654 0.52733
655 0.52781
656 0.52831
657 0.52880
658 0.52931
659 0.52981
660 0.53033
661 0.53084
662 0.53137
663 0.53190
664 0.53243
665 0.53297
666 0.53352
667 0.53407
668 0.53463
669 0.53519
670 0.53576
671 0.53633
672 0.53691
673 0.53750
674 0.53809
675 0.53869
676 0.53929
677 0.53990
678 0.54051
679 0.54113
680 0.54176
681 0.54239
682 0.54303
683 0.54367
684 0.54432
685 0.54497
686 0.54564
687 0.54630
688 0.54698
689 0.54766
690 0.54834
691 0.54903
692 0.54973
693 0.55044
694 0.55115
695 0.55186
696 0.55259
697 0.55331
698 0.55405
699 0.55479
700 0.55554
701 0.55629
702 0.55706
703 0.55782
704 0.55860
705 0.55938
706 0.56016
707 0.56096
708 0.56176
709 0.56256
710 0.56338
711 0.56420
712 0.56502
713 0.56586
714 0.56670
715 0.56755
716 0.56840
717 0.56926
718 0.57013
719 0.57100
720 0.57189
721 0.57277
722 0.57367
723 0.57457
724 0.57548
725 0.57640
726 0.57732
727 0.57826
728 0.57920
729 0.58014
730 0.58110
731 0.58206
732 0.58302
733 0.58400
734 0.58498
735 0.58597
736 0.58697
737 0.58798
738 0.58899
739 0.59001
740 0.59104
741 0.59208
742 0.59312
743 0.59418
744 0.59524
745 0.59630
746 0.59738
747 0.59846
748 0.59956
749 0.60066
750 0.60177
751 0.60288
752 0.60401
753 0.60514
754 0.60628
755 0.60743
756 0.60859
757 0.60976
758 0.61093
759 0.61211
760 0.61331
761 0.61451
762 0.61572
763 0.61694
764 0.61816
765 0.61940
766 0.62064
767 0.62190
768 0.62316
769 0.62443
770 0.62571
771 0.62700
772 0.62830
773 0.62961
774 0.63092
775 0.63225
776 0.63359
777 0.63493
778 0.63629
779 0.63765
780 0.63903
781 0.64041
782 0.64180
783 0.64321
784 0.64462
785 0.64604
786 0.64748
787 0.64892
788 0.65037
789 0.65184
790 0.65331
791 0.65479
792 0.65629
793 0.65779
794 0.65930
795 0.66083
796 0.66236
797 0.66391
798 0.66547
799 0.66704
800 0.66861
801 0.67020
802 0.67180
803 0.67341
804 0.67504
805 0.67667
806 0.67831
807 0.67997
808 0.68164
809 0.68332
810 0.68501
811 0.68671
812 0.68842
813 0.69015
814 0.69188
815 0.69363
816 0.69539
817 0.69716
818 0.69895
819 0.70074
820 0.70255
821 0.70437
822 0.70621
823 0.70805
824 0.70991
825 0.71178
826 0.71367
827 0.71556
828 0.71747
829 0.71940
830 0.72133
831 0.72328
832 0.72524
833 0.72722
834 0.72920
835 0.73121
836 0.73322
837 0.73525
838 0.73729
839 0.73935
840 0.74142
841 0.74350
842 0.74560
843 0.74772
844 0.74984
845 0.75198
846 0.75414
847 0.75631
848 0.75849
849 0.76069
850 0.76291
851 0.76514
852 0.76738
853 0.76964
854 0.77192
855 0.77421
856 0.77651
857 0.77883
858 0.78117
859 0.78352
860 0.78589
861 0.78828
862 0.79068
863 0.79310
864 0.79553
865 0.79798
866 0.80044
867 0.80293
868 0.80543
869 0.80794
870 0.81048
871 0.81303
872 0.81560
873 0.81818
874 0.82079
875 0.82341
876 0.82604
877 0.82870
878 0.83137
879 0.83407
880 0.83678
881 0.83951
882 0.84225
883 0.84502
884 0.84780
885 0.85061
886 0.85343
887 0.85627
888 0.85913
889 0.86202
890 0.86492
891 0.86784
892 0.87078
893 0.87374
894 0.87672
895 0.87972
896 0.88274
897 0.88578
898 0.88884
899 0.89192
900 0.89501
901 0.89813
902 0.90127
903 0.90443
904 0.90761
905 0.91081
906 0.91403
907 0.91727
908 0.92053
909 0.92381
910 0.92712
911 0.93044
912 0.93310
913 0.93382
914 0.93463
915 0.93543
916 0.93598
917 0.93627
918 0.93664
919 0.93710
920 0.93767
921 0.93840
922 0.93830
923 0.93819
924 0.93914
925 0.93903
926 0.93893
927 0.94019
928 0.94009
929 0.93999
930 0.93989
931 0.94162
932 0.94153
933 0.94143
934 0.94133
935 0.94123
936 0.94113
937 0.94103
938 0.94351
939 0.94341
940 0.94332
941 0.94323
942 0.94314
943 0.94304
944 0.94295
945 0.94286
946 0.94276
947 0.94267
948 0.94258
949 0.94249
950 0.94631
951 0.94623
952 0.94615
953 0.94607
954 0.94600
955 0.94592
956 0.94583
957 0.94574
958 0.94565
959 0.94555
960 0.94546
961 0.94537
962 0.94527
963 0.94518
964 0.94509
965 0.94499
966 0.94490
967 0.94480
968 0.94471
969 0.94462
970 0.94452
971 0.94443
972 0.94433
973 0.95092
974 0.95085
975 0.95078
976 0.95070
977 0.95063
978 0.95056
979 0.95049
980 0.95042
981 0.95035
982 0.95028
983 0.95021
984 0.95014
985 0.95007
986 0.95000
987 0.94993
988 0.94986
989 0.94979
990 0.94972
991 0.94965
992 0.94957
993 0.94950
994 0.94943
995 0.94936
996 0.94929
997 0.94922
998 0.94915
999 0.94908
1000 0.94901
1001 0.94894
1002 0.94887
1003 0.94879
1004 0.94872
1005 0.94865
1006 0.94858
1007 0.94851
1008 0.94844
1009 0.94834
1010 0.94824
1011 0.94814
1012 0.94804
1013 0.94794
1014 0.94784
1015 0.94773
1016 0.94763
1017 0.94753
1018 0.94743
1019 0.94733
1020 0.94723
1021 0.94713
1022 0.94703
1023 0.94693
1024 0.94682
1025 0.94672
1026 0.96069
1027 0.96064
1028 0.96059
1029 0.96053
1030 0.96048
1031 0.96042
1032 0.96037
1033 0.96032
1034 0.96026
1035 0.96021
1036 0.96016
1037 0.96010
1038 0.96005
1039 0.95999
1040 0.95994
1041 0.95989
1042 0.95983
1043 0.95978
1044 0.95972
1045 0.95967
1046 0.95962
1047 0.95956
1048 0.95951
1049 0.95945
1050 0.95940
1051 0.95934
1052 0.95929
1053 0.95924
1054 0.95918
1055 0.95913
1056 0.95907
1057 0.95902
1058 0.95896
1059 0.95891
1060 0.95886
1061 0.95880
1062 0.95875
1063 0.95869
1064 0.95864
1065 0.95858
1066 0.95853
1067 0.95848
1068 0.95842
1069 0.95837
1070 0.95831
1071 0.95826
1072 0.95820
1073 0.95815
1074 0.95809
1075 0.95804
1076 0.95798
1077 0.95793
1078 0.95787
1079 0.95782
1080 0.95777
1081 0.95771
1082 0.95766
1083 0.95760
1084 0.95755
1085 0.95749
1086 0.95744
1087 0.95738
1088 0.95733
1089 0.95727
1090 0.95722
1091 0.95716
1092 0.95711
1093 0.95705
1094 0.95700
1095 0.95694
1096 0.95689
1097 0.95683
1098 0.95678
1099 0.95672
1100 0.95667
1101 0.95661
1102 0.95656
1103 0.95650
1104 0.95645
1105 0.95639
1106 0.95634
1107 0.95628
1108 0.95623
1109 0.95617
1110 0.95612
1111 0.95606
1112 0.95600
1113 0.95595
1114 0.95589
1115 0.95584
1116 0.95578
1117 0.95573
1118 0.95567
1119 0.95562
1120 0.95556
1121 0.95551
1122 0.95545
1123 0.95540
1124 0.95534
1125 0.95528
1126 0.95523
1127 0.95517
1128 0.95512
1129 0.95506
1130 0.95501
1131 0.95495
1132 0.95490
1133 0.95484
1134 0.95478
1135 0.95473
1136 0.95467
1137 0.95462
1138 0.95456
1139 0.95450
1140 0.95445
1141 0.95439
1142 0.95434
1143 0.95428
1144 0.95423
1145 0.95417
1146 0.95411
1147 0.95406
1148 0.95400
1149 0.95395
1150 0.95389
1151 0.95383
1152 0.95378
1153 0.95372
1154 0.95367
1155 0.95361
1156 0.95355
1157 0.95350
1158 0.95344
1159 0.95339
1160 0.95333
1161 0.95327
1162 0.95322
1163 0.95316
1164 0.95310
1165 0.95305
1166 0.95299
1167 0.95294
1168 0.95288
1169 0.95282
1170 0.95277
1171 0.95271
1172 0.95265
1173 0.95260
1174 0.95254
1175 0.95248
1176 0.95243
1177 0.95237
1178 0.95232
1179 0.95226
1180 0.95220
1181 0.95215
1182 0.95209
1183 0.95203
1184 0.95198
1185 0.95192
1186 0.95186
1187 0.95181
1188 0.95175
1189 0.95169
1190 0.95164
1191 0.95158
1192 0.95152
1193 0.95147
1194 0.95141
1195 0.95131
1196 0.95117
1197 0.95102
1198 0.95088
1199 0.95074
1200 0.95059
1201 0.95045
1202 0.95030
1203 0.95016
1204 0.95001
1205 0.94986
1206 0.94972
1207 0.94957
1208 0.94942
1209 0.94928
1210 0.94913
1211 0.94898
1212 0.94883
1213 0.94869
1214 0.94854
1215 0.94839
1216 1.00000
