17 0.87607
18 0.86561
19 0.85499
20 0.84420
21 0.83327
22 0.82222
23 0.81106
24 0.79981
25 0.78847
26 0.77706
27 0.76560
28 0.75409
29 0.74255
30 0.73099
31 0.71941
32 0.70784
33 0.69627
34 0.68471
35 0.67318
36 0.66168
37 0.65023
38 0.63881
39 0.62746
40 0.61616
41 0.60494
42 0.59378
43 0.58270
44 0.57171
45 0.56081
46 0.55000
47 0.53928
48 0.52867
49 0.51816
50 0.50776
51 0.49748
52 0.48730
53 0.47725
54 0.46732
55 0.45751
56 0.44782
57 0.43826
58 0.42883
59 0.41953
60 0.41036
61 0.40132
62 0.39241
63 0.38364
64 0.37501
65 0.36651
66 0.35814
67 0.34991
68 0.34182
69 0.33386
70 0.32604
71 0.31835
72 0.31080
73 0.30339
74 0.29611
75 0.28896
76 0.28195
77 0.27506
78 0.26831
79 0.26169
80 0.25520
81 0.24884
82 0.24260
83 0.23649
84 0.23050
85 0.22464
86 0.21890
87 0.21328
88 0.20778
89 0.20240
90 0.19713
91 0.19198
92 0.18694
93 0.18201
94 0.17719
95 0.17249
96 0.16788
97 0.16339
98 0.15899
99 0.15470
100 0.15051
101 0.14642
102 0.14242
103 0.13852
104 0.13471
105 0.13100
106 0.12737
107 0.12384
108 0.12039
109 0.11702
110 0.11374
111 0.11055
112 0.10743
113 0.10439
114 0.10143
115 0.09854
116 0.09573
117 0.09299
118 0.09032
119 0.08772
120 0.08519
121 0.08272
122 0.08033
123 0.07799
124 0.07572
125 0.07350
126 0.07135
127 0.06926
128 0.06722
129 0.06523
130 0.06331
131 0.06143
132 0.05961
133 0.05783
134 0.05611
135 0.05443
136 0.05280
137 0.05122
138 0.04968
139 0.04818
140 0.04673
141 0.04532
142 0.04394
143 0.04261
144 0.04131
145 0.04006
146 0.03884
147 0.03765
148 0.03650
149 0.03538
150 0.03429
151 0.03324
152 0.03222
153 0.03122
154 0.03026
155 0.02932
156 0.02842
157 0.02754
158 0.02668
159 0.02585
160 0.02505
161 0.02427
162 0.02351
163 0.02278
164 0.02207
165 0.02138
166 0.02071
167 0.02006
168 0.01943
169 0.01882
170 0.01822
171 0.01765
172 0.01709
173 0.01656
174 0.01603
175 0.01553
176 0.01504
177 0.01456
178 0.01410
179 0.01365
180 0.01322
181 0.01280
182 0.01239
183 0.01200
184 0.01162
185 0.01125
186 0.01089
187 0.01054
188 0.01021
189 0.00988
190 0.00957
191 0.00926
192 0.00897
193 0.00868
194 0.00840
195 0.00814
196 0.00788
197 0.00762
198 0.00738
199 0.00714
200 0.00691
201 0.00669
202 0.00648
203 0.00627
204 0.00607
205 0.00588
206 0.00569
207 0.00551
208 0.00533
209 0.00516
210 0.00499
211 0.00483
212 0.00468
213 0.00453
214 0.00438
215 0.00424
216 0.00411
217 0.00398
218 0.00385
219 0.00373
220 0.00361
221 0.00349
222 0.00338
223 0.00327
224 0.00317
225 0.00307
226 0.00297
227 0.00287
228 0.00278
229 0.00269
230 0.00261
231 0.00252
232 0.00244
233 0.00237
234 0.00229
235 0.00222
236 0.00215
237 0.00208
238 0.00201
239 0.00195
240 0.00189
241 0.00183
242 0.00177
243 0.00171
244 0.00166
245 0.00161
246 0.00156
247 0.00151
248 0.00146
249 0.00141
250 0.00137
251 0.00132
252 0.00128
253 0.00124
254 0.00120
255 0.00117
256 0.00113
257 0.00109
258 0.00106
259 0.00103
260 0.00099
261 0.00096
262 0.00093
263 0.00090
264 0.00088
265 0.00085
266 0.00082
267 0.00080
268 0.00077
269 0.00075
270 0.00073
271 0.00070
272 0.00068
273 0.00066
274 0.00064
275 0.00062
276 0.00060
277 0.00058
278 0.00057
279 0.00055
280 0.00053
281 0.00052
282 0.00050
283 0.00048
284 0.00047
285 0.00046
286 0.00044
287 0.00043
288 0.00042
289 0.00040
290 0.00039
291 0.00038
292 0.00037
293 0.00036
294 0.00035
295 0.00034
296 0.00033
297 0.00032
298 0.00031
299 0.00030
300 0.00029
301 0.00028
302 0.00027
303 0.00026
304 0.00026
305 0.00025
306 0.00024
307 0.00023
308 0.00023
309 0.00022
310 0.00021
311 0.00021
312 0.00020
313 0.00020
314 0.00019
315 0.00019
316 0.00018
317 0.00017
318 0.00017
319 0.00017
320 0.00016
321 0.00016
322 0.00015
323 0.00015
324 0.00014
325 0.00014
326 0.00014
327 0.00013
328 0.00013
329 0.00012
330 0.00012
331 0.00012
332 0.00011
333 0.00011
334 0.00011
335 0.00010
336 0.00010
337 0.00010
338 0.00010
339 0.00009
340 0.00009
341 0.00009
342 0.00009
343 0.00008
344 0.00008
345 0.00008
346 0.00008
347 0.00008
348 0.00007
349 0.00007
350 0.00007
351 0.00007
352 0.00007
353 0.00006
354 0.00006
355 0.00006
356 0.00006
357 0.00006
358 0.00006
359 0.00006
360 0.00005
361 0.00005
362 0.00005
363 0.00005
364 0.00005
365 0.00005
366 0.00005
367 0.00004
368 0.00004
369 0.00004
370 0.00004
371 0.00004
372 0.00004
373 0.00004
374 0.00004
375 0.00004
376 0.00004
377 0.00004
378 0.00003
379 0.00003
380 0.00003
381 0.00003
382 0.00003
383 0.00003
384 0.00003
385 0.00003
386 0.00003
387 0.00003
388 0.00003
389 0.00003
390 0.00003
391 0.00003
392 0.00002
393 0.00002
394 0.00002
395 0.00002
396 0.00002
397 0.00002
398 0.00002
399 0.00002
400 0.00002
401 0.00002
402 0.00002
403 0.00002
404 0.00002
405 0.00002
406 0.00002
407 0.00002
408 0.00002
409 0.00002
410 0.00002
411 0.00002
412 0.00002
413 0.00002
414 0.00002
415 0.00001
416 0.00001
417 0.00001
418 0.00001
419 0.00001
420 0.00001
421 0.00001
422 0.00001
423 0.00001
424 0.00001
425 0.00001
426 0.00001
427 0.00001
428 0.00001
429 0.00001
430 0.00001
431 0.00001
432 0.00001
433 0.00001
434 0.00001
435 0.00001
436 0.00001
437 0.00001
438 0.00001
439 0.00001
440 0.00001
441 0.00001
442 0.00001
443 0.00001
444 0.00001
445 0.00001
446 0.00001
447 0.00001
448 0.00001
449 0.00001
450 0.00001
451 0.00001
452 0.00001
453 0.00001
454 0.00001
455 0.00001
456 0.00001
457 0.00001
458 0.00001
459 0.00001
460 0.00001
461 0.00001
462 0.00001
463 0.00001
464 0.00001
465 0.00001
466 0.00001
467 0.00001
468 0.00001
469 0.00001
470 0.00001
471 0.00001
472 0.00001
473 0.00001
474 0.00001
475 0.00001
476 0.00001
477 0.00001
478 0.00001
479 0.00001
480 0.00000
481 0.00000
482 0.00000
483 0.00000
484 0.00000
485 0.00000
486 0.00000
487 0.00000
488 0.00000
489 0.00000
490 0.00000
491 0.00000
492 0.00000
493 0.00000
494 0.00000
495 0.00000
496 0.00000
497 0.00000
498 0.00000
499 0.00000
500 0.00000
501 0.00000
502 0.00000
503 0.00000
504 0.00000
505 0.00000
506 0.00000
507 0.00000
508 0.00000
509 0.00000
510 0.00000
511 0.00000
512 0.00000
513 0.00000
514 0.00000
515 0.00000
516 0.00000
517 0.00000
518 0.00000
519 0.00000
520 0.00000
521 0.00000
522 0.00000
523 0.00000
524 0.00000
525 0.00000
526 0.00000
527 0.00000
528 0.00000
529 0.00000
530 0.00000
531 0.00000
532 0.00000
533 0.00000
534 0.00000
535 0.00000
536 0.00000
537 0.00000
538 0.00000
539 0.00000
540 0.00000
541 0.00000
542 0.00000
543 0.00000
544 0.00000
545 0.00000
546 0.00000
547 0.00000
548 0.00000
549 0.00000
550 0.00000
551 0.00000
552 0.00000
553 0.00000
554 0.00000
555 0.00000
556 0.00000
557 0.00000
558 0.00000
559 0.00000
560 0.00000
561 0.00000
562 0.00000
563 0.00000
564 0.00000
565 0.00000
566 0.00000
567 0.00000
568 0.00000
569 0.00000
570 0.00000
571 0.00000
572 0.00000
573 0.00000
574 0.00000
575 0.00000
576 0.00000
577 0.00000
578 0.00000
579 0.00000
580 0.00000
581 0.00000
582 0.00000
583 0.00000
584 0.00000
585 0.00000
586 0.00000
587 0.00000
588 0.00000
589 0.00000
590 0.00000
591 0.00000
592 0.00000
593 0.00000
594 0.00000
595 0.00000
596 0.00000
597 0.00000
598 0.00000
599 0.00000
600 0.00000
601 0.00000
602 0.00000
603 0.00000
604 0.00000
605 0.00000
606 0.00000
607 0.00000
608 0.00000
609 0.00000
610 0.00000
611 0.00000
612 0.00000
613 0.00000
614 0.00000
615 0.00000
616 0.00000
617 0.00000
618 0.00000
619 0.00000
620 0.00000
621 0.00000
622 0.00000
623 0.00000
624 0.00000
625 0.00000
626 0.00000
627 0.00000
628 0.00000
629 0.00000
630 0.00000
631 0.00000
632 0.00000
633 0.00000
634 0.00000
635 0.00000
636 0.00000
637 0.00000
638 0.00000
639 0.00000
640 0.00000
641 0.00000
642 0.00000
643 0.00000
644 0.00000
645 0.00000
646 0.00000
647 0.00000
648 0.00000
649 0.00000
650 0.00000
651 0.00000
652 0.00000
653 0.00000
654 0.00000
655 0.00000
656 0.00001
657 0.00001
658 0.00001
659 0.00001
660 0.00001
661 0.00001
662 0.00001
663 0.00001
664 0.00001
665 0.00001
666 0.00001
667 0.00001
668 0.00001
669 0.00001
670 0.00001
671 0.00001
672 0.00001
673 0.00001
674 0.00001
675 0.00001
676 0.00001
677 0.00001
678 0.00001
679 0.00001
680 0.00001
681 0.00001
682 0.00001
683 0.00001
684 0.00001
685 0.00001
686 0.00001
687 0.00001
688 0.00001
689 0.00001
690 0.00001
691 0.00001
692 0.00001
693 0.00001
694 0.00001
695 0.00001
696 0.00001
697 0.00001
698 0.00001
699 0.00001
700 0.00001
701 0.00001
702 0.00001
703 0.00001
704 0.00001
705 0.00001
706 0.00001
707 0.00001
708 0.00001
709 0.00001
710 0.00002
711 0.00002
712 0.00002
713 0.00002
714 0.00002
715 0.00002
716 0.00002
717 0.00002
718 0.00002
719 0.00002
720 0.00002
721 0.00002
722 0.00002
723 0.00002
724 0.00002
725 0.00002
726 0.00002
727 0.00002
728 0.00003
729 0.00003
730 0.00003
731 0.00003
732 0.00003
733 0.00003
734 0.00003
735 0.00003
736 0.00003
737 0.00003
738 0.00003
739 0.00004
740 0.00004
741 0.00004
742 0.00004
743 0.00004
744 0.00004
745 0.00004
746 0.00004
747 0.00005
748 0.00005
749 0.00005
750 0.00005
751 0.00005
752 0.00005
753 0.00006
754 0.00006
755 0.00006
756 0.00006
757 0.00006
758 0.00007
759 0.00007
760 0.00007
761 0.00007
762 0.00008
763 0.00008
764 0.00008
765 0.00009
766 0.00009
767 0.00009
768 0.00010
769 0.00010
770 0.00011
771 0.00011
772 0.00011
773 0.00012
774 0.00012
775 0.00013
776 0.00013
777 0.00014
778 0.00014
779 0.00015
780 0.00016
781 0.00016
782 0.00017
783 0.00018
784 0.00019
785 0.00019
786 0.00020
787 0.00021
788 0.00022
789 0.00023
790 0.00024
791 0.00025
792 0.00026
793 0.00027
794 0.00028
795 0.00030
796 0.00031
797 0.00033
798 0.00034
799 0.00036
800 0.00037
801 0.00039
802 0.00041
803 0.00043
804 0.00045
805 0.00047
806 0.00049
807 0.00052
808 0.00054
809 0.00057
810 0.00060
811 0.00062
812 0.00066
813 0.00069
814 0.00072
815 0.00076
816 0.00080
817 0.00084
818 0.00088
819 0.00093
820 0.00097
821 0.00102
822 0.00108
823 0.00113
824 0.00119
825 0.00126
826 0.00132
827 0.00139
828 0.00147
829 0.00155
830 0.00163
831 0.00172
832 0.00181
833 0.00191
834 0.00202
835 0.00213
836 0.00225
837 0.00237
838 0.00251
839 0.00265
840 0.00280
841 0.00296
842 0.00313
843 0.00331
844 0.00350
845 0.00370
846 0.00391
847 0.00414
848 0.00439
849 0.00465
850 0.00492
851 0.00521
852 0.00552
853 0.00586
854 0.00621
855 0.00659
856 0.00699
857 0.00741
858 0.00787
859 0.00835
860 0.00887
861 0.00942
862 0.01001
863 0.01064
864 0.01131
865 0.01203
866 0.01279
867 0.01361
868 0.01448
869 0.01541
870 0.01640
871 0.01747
872 0.01861
873 0.01982
874 0.02113
875 0.02252
876 0.02401
877 0.02561
878 0.02732
879 0.02915
880 0.03111
881 0.03322
882 0.03547
883 0.03789
884 0.04049
885 0.04327
886 0.04625
887 0.04946
888 0.05290
889 0.05659
890 0.06056
891 0.06482
892 0.06940
893 0.07433
894 0.07962
895 0.08531
896 0.09144
897 0.09803
898 0.10512
899 0.11275
900 0.12098
901 0.12983
902 0.13937
903 0.14965
904 0.16073
905 0.17268
906 0.18556
907 0.19946
908 0.21446
909 0.23064
910 0.24812
911 0.26698
912 0.28287
913 0.28785
914 0.29362
915 0.29938
916 0.30321
917 0.30506
918 0.30751
919 0.31072
920 0.31495
921 0.32056
922 0.31912
923 0.31768
924 0.32522
925 0.32378
926 0.32235
927 0.33272
928 0.33128
929 0.32985
930 0.32842
931 0.34317
932 0.34174
933 0.34032
934 0.33889
935 0.33746
936 0.33604
937 0.33462
938 0.35666
939 0.35524
940 0.35382
941 0.35240
942 0.35099
943 0.34957
944 0.34816
945 0.34675
946 0.34534
947 0.34393
948 0.34252
949 0.34111
950 0.37661
951 0.37520
952 0.37380
953 0.37240
954 0.37101
955 0.36961
956 0.36821
957 0.36682
958 0.36543
959 0.36403
960 0.36264
961 0.36125
962 0.35986
963 0.35848
964 0.35709
965 0.35571
966 0.35432
967 0.35294
968 0.35156
969 0.35018
970 0.34880
971 0.34742
972 0.34605
973 0.41065
974 0.40930
975 0.40794
976 0.40658
977 0.40523
978 0.40387
979 0.40252
980 0.40117
981 0.39981
982 0.39846
983 0.39711
984 0.39576
985 0.39441
986 0.39307
987 0.39172
988 0.39037
989 0.38903
990 0.38768
991 0.38634
992 0.38499
993 0.38365
994 0.38231
995 0.38097
996 0.37963
997 0.37829
998 0.37696
999 0.37562
1000 0.37428
1001 0.37295
1002 0.37161
1003 0.37028
1004 0.36895
1005 0.36762
1006 0.36629
1007 0.36496
1008 0.36363
1009 0.36230
1010 0.36098
1011 0.35965
1012 0.35833
1013 0.35701
1014 0.35568
1015 0.35436
1016 0.35304
1017 0.35172
1018 0.35040
1019 0.34909
1020 0.34777
1021 0.34646
1022 0.34514
1023 0.34383
1024 0.34252
1025 0.34121
1026 0.49049
1027 0.48927
1028 0.48804
1029 0.48681
1030 0.48558
1031 0.48435
1032 0.48313
1033 0.48190
1034 0.48067
1035 0.47944
1036 0.47821
1037 0.47699
1038 0.47576
1039 0.47453
1040 0.47330
1041 0.47208
1042 0.47085
1043 0.46962
1044 0.46839
1045 0.46717
1046 0.46594
1047 0.46471
1048 0.46349
1049 0.46226
1050 0.46104
1051 0.45981
1052 0.45858
1053 0.45736
1054 0.45613
1055 0.45491
1056 0.45368
1057 0.45246
1058 0.45123
1059 0.45001
1060 0.44879
1061 0.44756
1062 0.44634
1063 0.44512
1064 0.44390
1065 0.44267
1066 0.44145
1067 0.44023
1068 0.43901
1069 0.43779
1070 0.43657
1071 0.43535
1072 0.43413
1073 0.43291
1074 0.43169
1075 0.43048
1076 0.42926
1077 0.42804
1078 0.42682
1079 0.42561
1080 0.42439
1081 0.42318
1082 0.42196
1083 0.42075
1084 0.41954
1085 0.41832
1086 0.41711
1087 0.41590
1088 0.41469
1089 0.41348
1090 0.41227
1091 0.41106
1092 0.40985
1093 0.40864
1094 0.40743
1095 0.40623
1096 0.40502
1097 0.40382
1098 0.40261
1099 0.40141
1100 0.40020
1101 0.39900
1102 0.39780
1103 0.39660
1104 0.39540
1105 0.39420
1106 0.39300
1107 0.39180
1108 0.39060
1109 0.38940
1110 0.38821
1111 0.38701
1112 0.38582
1113 0.38463
1114 0.38343
1115 0.38224
1116 0.38105
1117 0.37986
1118 0.37867
1119 0.37748
1120 0.37629
1121 0.37511
1122 0.37392
1123 0.37273
1124 0.37155
1125 0.37037
1126 0.36918
1127 0.36800
1128 0.36682
1129 0.36564
1130 0.36446
1131 0.36328
1132 0.36211
1133 0.36093
1134 0.35976
1135 0.35858
1136 0.35741
1137 0.35624
1138 0.35507
1139 0.35390
1140 0.35273
1141 0.35156
1142 0.35039
1143 0.34922
1144 0.34806
1145 0.34690
1146 0.34573
1147 0.34457
1148 0.34341
1149 0.34225
1150 0.34109
1151 0.33993
1152 0.33877
1153 0.33762
1154 0.33646
1155 0.33531
1156 0.33416
1157 0.33300
1158 0.33185
1159 0.33070
1160 0.32955
1161 0.32841
1162 0.32726
1163 0.32611
1164 0.32497
1165 0.32383
1166 0.32268
1167 0.32154
1168 0.32040
1169 0.31926
1170 0.31813
1171 0.31699
1172 0.31585
1173 0.31472
1174 0.31358
1175 0.31245
1176 0.31132
1177 0.31019
1178 0.30906
1179 0.30793
1180 0.30680
1181 0.30568
1182 0.30455
1183 0.30343
1184 0.30230
1185 0.30118
1186 0.30006
1187 0.29894
1188 0.29782
1189 0.29670
1190 0.29558
1191 0.29447
1192 0.29335
1193 0.29224
1194 0.29112
1195 0.29001
1196 0.28890
1197 0.28779
1198 0.28668
1199 0.28557
1200 0.28446
1201 0.28336
1202 0.28225
1203 0.28114
1204 0.28004
1205 0.27894
1206 0.27783
1207 0.27673
1208 0.27563
1209 0.27453
1210 0.27343
1211 0.27233
1212 0.27123
1213 0.27014
1214 0.26904
1215 0.26794
1216 1.00000
