17 0.85949
18 0.84802
19 0.83641
20 0.82467
21 0.81282
22 0.80088
23 0.78886
24 0.77678
25 0.76466
26 0.75251
27 0.74034
28 0.72816
29 0.71598
30 0.70383
31 0.69170
32 0.67960
33 0.66755
34 0.65556
35 0.64362
36 0.63176
37 0.61998
38 0.60827
39 0.59666
40 0.58514
41 0.57373
42 0.56242
43 0.55122
44 0.54014
45 0.52917
46 0.51833
47 0.50762
48 0.49703
49 0.48658
50 0.47626
51 0.46608
52 0.45603
53 0.44613
54 0.43637
55 0.42675
56 0.41728
57 0.40796
58 0.39878
59 0.38974
60 0.38086
61 0.37212
62 0.36353
63 0.35508
64 0.34678
65 0.33863
66 0.33063
67 0.32277
68 0.31506
69 0.30749
70 0.30007
71 0.29279
72 0.28565
73 0.27864
74 0.27178
75 0.26506
76 0.25847
77 0.25202
78 0.24570
79 0.23951
80 0.23346
81 0.22753
82 0.22173
83 0.21606
84 0.21051
85 0.20508
86 0.19977
87 0.19458
88 0.18951
89 0.18455
90 0.17970
91 0.17497
92 0.17035
93 0.16583
94 0.16142
95 0.15712
96 0.15291
97 0.14881
98 0.14480
99 0.14090
100 0.13708
101 0.13336
102 0.12974
103 0.12620
104 0.12275
105 0.11938
106 0.11610
107 0.11290
108 0.10978
109 0.10674
110 0.10378
111 0.10090
112 0.09809
113 0.09535
114 0.09268
115 0.09008
116 0.08755
117 0.08509
118 0.08269
119 0.08036
120 0.07808
121 0.07587
122 0.07372
123 0.07162
124 0.06958
125 0.06759
126 0.06566
127 0.06378
128 0.06196
129 0.06018
130 0.05845
131 0.05677
132 0.05513
133 0.05354
134 0.05199
135 0.05049
136 0.04903
137 0.04761
138 0.04623
139 0.04488
140 0.04358
141 0.04231
142 0.04108
143 0.03988
144 0.03871
145 0.03758
146 0.03648
147 0.03542
148 0.03438
149 0.03337
150 0.03239
151 0.03144
152 0.03052
153 0.02962
154 0.02875
155 0.02791
156 0.02708
157 0.02629
158 0.02551
159 0.02476
160 0.02403
161 0.02332
162 0.02263
163 0.02196
164 0.02131
165 0.02068
166 0.02007
167 0.01948
168 0.01890
169 0.01835
170 0.01780
171 0.01728
172 0.01676
173 0.01627
174 0.01579
175 0.01532
176 0.01487
177 0.01443
178 0.01400
179 0.01359
180 0.01318
181 0.01279
182 0.01242
183 0.01205
184 0.01169
185 0.01135
186 0.01101
187 0.01069
188 0.01037
189 0.01006
190 0.00977
191 0.00948
192 0.00920
193 0.00893
194 0.00866
195 0.00841
196 0.00816
197 0.00792
198 0.00769
199 0.00746
200 0.00724
201 0.00703
202 0.00682
203 0.00662
204 0.00643
205 0.00624
206 0.00606
207 0.00588
208 0.00571
209 0.00554
210 0.00538
211 0.00522
212 0.00507
213 0.00492
214 0.00478
215 0.00464
216 0.00451
217 0.00437
218 0.00425
219 0.00412
220 0.00401
221 0.00389
222 0.00378
223 0.00367
224 0.00356
225 0.00346
226 0.00336
227 0.00326
228 0.00317
229 0.00308
230 0.00299
231 0.00291
232 0.00282
233 0.00274
234 0.00266
235 0.00259
236 0.00251
237 0.00244
238 0.00237
239 0.00231
240 0.00224
241 0.00218
242 0.00212
243 0.00206
244 0.00200
245 0.00194
246 0.00189
247 0.00184
248 0.00178
249 0.00173
250 0.00169
251 0.00164
252 0.00159
253 0.00155
254 0.00151
255 0.00146
256 0.00142
257 0.00139
258 0.00135
259 0.00131
260 0.00127
261 0.00124
262 0.00121
263 0.00117
264 0.00114
265 0.00111
266 0.00108
267 0.00105
268 0.00102
269 0.00099
270 0.00097
271 0.00094
272 0.00092
273 0.00089
274 0.00087
275 0.00085
276 0.00082
277 0.00080
278 0.00078
279 0.00076
280 0.00074
281 0.00072
282 0.00070
283 0.00068
284 0.00066
285 0.00065
286 0.00063
287 0.00061
288 0.00060
289 0.00058
290 0.00057
291 0.00055
292 0.00054
293 0.00053
294 0.00051
295 0.00050
296 0.00049
297 0.00047
298 0.00046
299 0.00045
300 0.00044
301 0.00043
302 0.00042
303 0.00041
304 0.00040
305 0.00039
306 0.00038
307 0.00037
308 0.00036
309 0.00035
310 0.00034
311 0.00033
312 0.00033
313 0.00032
314 0.00031
315 0.00030
316 0.00030
317 0.00029
318 0.00028
319 0.00027
320 0.00027
321 0.00026
322 0.00026
323 0.00025
324 0.00024
325 0.00024
326 0.00023
327 0.00023
328 0.00022
329 0.00022
330 0.00021
331 0.00021
332 0.00020
333 0.00020
334 0.00019
335 0.00019
336 0.00018
337 0.00018
338 0.00018
339 0.00017
340 0.00017
341 0.00017
342 0.00016
343 0.00016
344 0.00015
345 0.00015
346 0.00015
347 0.00014
348 0.00014
349 0.00014
350 0.00014
351 0.00013
352 0.00013
353 0.00013
354 0.00012
355 0.00012
356 0.00012
357 0.00012
358 0.00011
359 0.00011
360 0.00011
361 0.00011
362 0.00011
363 0.00010
364 0.00010
365 0.00010
366 0.00010
367 0.00010
368 0.00009
369 0.00009
370 0.00009
371 0.00009
372 0.00009
373 0.00008
374 0.00008
375 0.00008
376 0.00008
377 0.00008
378 0.00008
379 0.00008
380 0.00007
381 0.00007
382 0.00007
383 0.00007
384 0.00007
385 0.00007
386 0.00007
387 0.00006
388 0.00006
389 0.00006
390 0.00006
391 0.00006
392 0.00006
393 0.00006
394 0.00006
395 0.00006
396 0.00006
397 0.00005
398 0.00005
399 0.00005
400 0.00005
401 0.00005
402 0.00005
403 0.00005
404 0.00005
405 0.00005
406 0.00005
407 0.00005
408 0.00004
409 0.00004
410 0.00004
411 0.00004
412 0.00004
413 0.00004
414 0.00004
415 0.00004
416 0.00004
417 0.00004
418 0.00004
419 0.00004
420 0.00004
421 0.00004
422 0.00004
423 0.00004
424 0.00004
425 0.00003
426 0.00003
427 0.00003
428 0.00003
429 0.00003
430 0.00003
431 0.00003
432 0.00003
433 0.00003
434 0.00003
435 0.00003
436 0.00003
437 0.00003
438 0.00003
439 0.00003
440 0.00003
441 0.00003
442 0.00003
443 0.00003
444 0.00003
445 0.00003
446 0.00003
447 0.00003
448 0.00003
449 0.00003
450 0.00002
451 0.00002
452 0.00002
453 0.00002
454 0.00002
455 0.00002
456 0.00002
457 0.00002
458 0.00002
459 0.00002
460 0.00002
461 0.00002
462 0.00002
463 0.00002
464 0.00002
465 0.00002
466 0.00002
467 0.00002
468 0.00002
469 0.00002
470 0.00002
471 0.00002
472 0.00002
473 0.00002
474 0.00002
475 0.00002
476 0.00002
477 0.00002
478 0.00002
479 0.00002
480 0.00002
481 0.00002
482 0.00002
483 0.00002
484 0.00002
485 0.00002
486 0.00002
487 0.00002
488 0.00002
489 0.00002
490 0.00002
491 0.00002
492 0.00002
493 0.00002
494 0.00002
495 0.00002
496 0.00002
497 0.00002
498 0.00002
499 0.00002
500 0.00002
501 0.00002
502 0.00002
503 0.00002
504 0.00002
505 0.00002
506 0.00002
507 0.00002
508 0.00002
509 0.00001
510 0.00001
511 0.00001
512 0.00001
513 0.00001
514 0.00001
515 0.00001
516 0.00001
517 0.00001
518 0.00001
519 0.00001
520 0.00001
521 0.00001
522 0.00001
523 0.00001
524 0.00001
525 0.00001
526 0.00001
527 0.00001
528 0.00001
529 0.00001
530 0.00001
531 0.00001
532 0.00001
533 0.00001
534 0.00001
535 0.00001
536 0.00001
537 0.00001
538 0.00001
539 0.00001
540 0.00001
541 0.00001
542 0.00001
543 0.00001
544 0.00001
545 0.00001
546 0.00001
547 0.00001
548 0.00001
549 0.00001
550 0.00001
551 0.00001
552 0.00001
553 0.00001
554 0.00001
555 0.00001
556 0.00001
557 0.00001
558 0.00001
559 0.00001
560 0.00001
561 0.00001
562 0.00001
563 0.00001
564 0.00001
565 0.00001
566 0.00001
567 0.00001
568 0.00001
569 0.00001
570 0.00001
571 0.00001
572 0.00001
573 0.00001
574 0.00001
575 0.00001
576 0.00001
577 0.00001
578 0.00001
579 0.00001
580 0.00001
581 0.00001
582 0.00001
583 0.00001
584 0.00001
585 0.00001
586 0.00001
587 0.00001
588 0.00001
589 0.00001
590 0.00001
591 0.00001
592 0.00002
593 0.00002
594 0.00002
595 0.00002
596 0.00002
597 0.00002
598 0.00002
599 0.00002
600 0.00002
601 0.00002
602 0.00002
603 0.00002
604 0.00002
605 0.00002
606 0.00002
607 0.00002
608 0.00002
609 0.00002
610 0.00002
611 0.00002
612 0.00002
613 0.00002
614 0.00002
615 0.00002
616 0.00002
617 0.00002
618 0.00002
619 0.00002
620 0.00002
621 0.00002
622 0.00002
623 0.00002
624 0.00002
625 0.00002
626 0.00002
627 0.00002
628 0.00002
629 0.00002
630 0.00002
631 0.00002
632 0.00002
633 0.00002
634 0.00002
635 0.00002
636 0.00002
637 0.00002
638 0.00002
639 0.00002
640 0.00002
641 0.00002
642 0.00002
643 0.00002
644 0.00002
645 0.00002
646 0.00002
647 0.00003
648 0.00003
649 0.00003
650 0.00003
651 0.00003
652 0.00003
653 0.00003
654 0.00003
655 0.00003
656 0.00003
657 0.00003
658 0.00003
659 0.00003
660 0.00003
661 0.00003
662 0.00003
663 0.00003
664 0.00003
665 0.00003
666 0.00003
667 0.00003
668 0.00003
669 0.00003
670 0.00004
671 0.00004
672 0.00004
673 0.00004
674 0.00004
675 0.00004
676 0.00004
677 0.00004
678 0.00004
679 0.00004
680 0.00004
681 0.00004
682 0.00004
683 0.00004
684 0.00005
685 0.00005
686 0.00005
687 0.00005
688 0.00005
689 0.00005
690 0.00005
691 0.00005
692 0.00005
693 0.00005
694 0.00006
695 0.00006
696 0.00006
697 0.00006
698 0.00006
699 0.00006
700 0.00006
701 0.00006
702 0.00007
703 0.00007
704 0.00007
705 0.00007
706 0.00007
707 0.00007
708 0.00007
709 0.00008
710 0.00008
711 0.00008
712 0.00008
713 0.00008
714 0.00009
715 0.00009
716 0.00009
717 0.00009
718 0.00009
719 0.00010
720 0.00010
721 0.00010
722 0.00010
723 0.00011
724 0.00011
725 0.00011
726 0.00011
727 0.00012
728 0.00012
729 0.00012
730 0.00013
731 0.00013
732 0.00013
733 0.00014
734 0.00014
735 0.00014
736 0.00015
737 0.00015
738 0.00016
739 0.00016
740 0.00016
741 0.00017
742 0.00017
743 0.00018
744 0.00018
745 0.00019
746 0.00019
747 0.00020
748 0.00020
749 0.00021
750 0.00022
751 0.00022
752 0.00023
753 0.00024
754 0.00024
755 0.00025
756 0.00026
757 0.00027
758 0.00027
759 0.00028
760 0.00029
761 0.00030
762 0.00031
763 0.00032
764 0.00033
765 0.00034
766 0.00035
767 0.00036
768 0.00037
769 0.00039
770 0.00040
771 0.00041
772 0.00042
773 0.00044
774 0.00045
775 0.00047
776 0.00048
777 0.00050
778 0.00052
779 0.00053
780 0.00055
781 0.00057
782 0.00059
783 0.00061
784 0.00063
785 0.00066
786 0.00068
787 0.00070
788 0.00073
789 0.00075
790 0.00078
791 0.00081
792 0.00084
793 0.00087
794 0.00090
795 0.00093
796 0.00097
797 0.00100
798 0.00104
799 0.00108
800 0.00112
801 0.00116
802 0.00120
803 0.00125
804 0.00130
805 0.00135
806 0.00140
807 0.00145
808 0.00151
809 0.00157
810 0.00163
811 0.00169
812 0.00176
813 0.00183
814 0.00190
815 0.00198
816 0.00206
817 0.00214
818 0.00223
819 0.00232
820 0.00242
821 0.00251
822 0.00262
823 0.00273
824 0.00284
825 0.00296
826 0.00308
827 0.00321
828 0.00335
829 0.00349
830 0.00364
831 0.00380
832 0.00396
833 0.00413
834 0.00431
835 0.00450
836 0.00469
837 0.00490
838 0.00511
839 0.00534
840 0.00558
841 0.00583
842 0.00609
843 0.00636
844 0.00665
845 0.00695
846 0.00726
847 0.00759
848 0.00794
849 0.00831
850 0.00869
851 0.00909
852 0.00952
853 0.00996
854 0.01043
855 0.01092
856 0.01143
857 0.01197
858 0.01254
859 0.01314
860 0.01377
861 0.01443
862 0.01513
863 0.01586
864 0.01663
865 0.01745
866 0.01830
867 0.01920
868 0.02015
869 0.02114
870 0.02219
871 0.02330
872 0.02447
873 0.02569
874 0.02699
875 0.02835
876 0.02979
877 0.03131
878 0.03291
879 0.03459
880 0.03637
881 0.03825
882 0.04023
883 0.04232
884 0.04453
885 0.04686
886 0.04932
887 0.05192
888 0.05466
889 0.05756
890 0.06062
891 0.06385
892 0.06727
893 0.07088
894 0.07470
895 0.07874
896 0.08301
897 0.08753
898 0.09231
899 0.09736
900 0.10271
901 0.10837
902 0.11435
903 0.12069
904 0.12741
905 0.13451
906 0.14204
907 0.15001
908 0.15845
909 0.16740
910 0.17687
911 0.18692
912 0.19511
913 0.19965
914 0.20496
915 0.21029
916 0.21384
917 0.21554
918 0.21781
919 0.22081
920 0.22479
921 0.23010
922 0.22869
923 0.22728
924 0.23447
925 0.23306
926 0.23164
927 0.24161
928 0.24019
929 0.23877
930 0.23736
931 0.25165
932 0.25023
933 0.24881
934 0.24740
935 0.24598
936 0.24457
937 0.24315
938 0.26472
939 0.26330
940 0.26188
941 0.26046
942 0.25904
943 0.25763
944 0.25621
945 0.25480
946 0.25339
947 0.25198
948 0.25057
949 0.24916
950 0.28430
951 0.28288
952 0.28147
953 0.28006
954 0.27865
955 0.27724
956 0.27583
957 0.27442
958 0.27302
959 0.27161
960 0.27021
961 0.26880
962 0.26740
963 0.26600
964 0.26460
965 0.26320
966 0.26180
967 0.26040
968 0.25900
969 0.25761
970 0.25621
971 0.25482
972 0.25342
973 0.31841
974 0.31703
975 0.31564
976 0.31426
977 0.31287
978 0.31149
979 0.31011
980 0.30873
981 0.30735
982 0.30597
983 0.30459
984 0.30322
985 0.30184
986 0.30046
987 0.29909
988 0.29772
989 0.29634
990 0.29497
991 0.29360
992 0.29223
993 0.29086
994 0.28948
995 0.28812
996 0.28675
997 0.28538
998 0.28401
999 0.28264
1000 0.28128
1001 0.27991
1002 0.27854
1003 0.27718
1004 0.27581
1005 0.27445
1006 0.27308
1007 0.27172
1008 0.27036
1009 0.26899
1010 0.26763
1011 0.26626
1012 0.26490
1013 0.26354
1014 0.26218
1015 0.26081
1016 0.25945
1017 0.25809
1018 0.25673
1019 0.25536
1020 0.25400
1021 0.25264
1022 0.25128
1023 0.24991
1024 0.24855
1025 0.24719
1026 0.40106
1027 0.39977
1028 0.39849
1029 0.39720
1030 0.39591
1031 0.39463
1032 0.39334
1033 0.39206
1034 0.39077
1035 0.38949
1036 0.38821
1037 0.38693
1038 0.38565
1039 0.38437
1040 0.38309
1041 0.38181
1042 0.38054
1043 0.37926
1044 0.37799
1045 0.37672
1046 0.37544
1047 0.37417
1048 0.37290
1049 0.37163
1050 0.37037
1051 0.36910
1052 0.36783
1053 0.36657
1054 0.36530
1055 0.36404
1056 0.36278
1057 0.36152
1058 0.36026
1059 0.35900
1060 0.35774
1061 0.35649
1062 0.35523
1063 0.35398
1064 0.35273
1065 0.35147
1066 0.35022
1067 0.34897
1068 0.34773
1069 0.34648
1070 0.34523
1071 0.34399
1072 0.34275
1073 0.34150
1074 0.34026
1075 0.33902
1076 0.33778
1077 0.33655
1078 0.33531
1079 0.33407
1080 0.33284
1081 0.33161
1082 0.33037
1083 0.32914
1084 0.32792
1085 0.32669
1086 0.32546
1087 0.32424
1088 0.32301
1089 0.32179
1090 0.32057
1091 0.31935
1092 0.31813
1093 0.31691
1094 0.31569
1095 0.31447
1096 0.31326
1097 0.31205
1098 0.31083
1099 0.30962
1100 0.30841
1101 0.30721
1102 0.30600
1103 0.30479
1104 0.30359
1105 0.30238
1106 0.30118
1107 0.29998
1108 0.29878
1109 0.29758
1110 0.29638
1111 0.29519
1112 0.29399
1113 0.29279
1114 0.29160
1115 0.29041
1116 0.28922
1117 0.28803
1118 0.28684
1119 0.28565
1120 0.28446
1121 0.28328
1122 0.28209
1123 0.28091
1124 0.27972
1125 0.27854
1126 0.27736
1127 0.27618
1128 0.27500
1129 0.27382
1130 0.27265
1131 0.27147
1132 0.27029
1133 0.26912
1134 0.26794
1135 0.26677
1136 0.26560
1137 0.26443
1138 0.26326
1139 0.26208
1140 0.26092
1141 0.25975
1142 0.25858
1143 0.25741
1144 0.25624
1145 0.25508
1146 0.25391
1147 0.25274
1148 0.25158
1149 0.25041
1150 0.24925
1151 0.24808
1152 0.24692
1153 0.24576
1154 0.24459
1155 0.24343
1156 0.24227
1157 0.24110
1158 0.23994
1159 0.23878
1160 0.23762
1161 0.23645
1162 0.23529
1163 0.23413
1164 0.23297
1165 0.23180
1166 0.23064
1167 0.22948
1168 0.22832
1169 0.22715
1170 0.22599
1171 0.22482
1172 0.22366
1173 0.22249
1174 0.22133
1175 0.22016
1176 0.21900
1177 0.21783
1178 0.21666
1179 0.21549
1180 0.21432
1181 0.21316
1182 0.21198
1183 0.21081
1184 0.20964
1185 0.20847
1186 0.20729
1187 0.20612
1188 0.20494
1189 0.20377
1190 0.20259
1191 0.20141
1192 0.20023
1193 0.19905
1194 0.19787
1195 0.19668
1196 0.19550
1197 0.19431
1198 0.19312
1199 0.19194
1200 0.19075
1201 0.18955
1202 0.18836
1203 0.18717
1204 0.18597
1205 0.18478
1206 0.18358
1207 0.18238
1208 0.18118
1209 0.17997
1210 0.17877
1211 0.17757
1212 0.17636
1213 0.17515
1214 0.17394
1215 0.17273
1216 1.00000
