17 0.99780
18 0.99761
19 0.99741
20 0.99720
21 0.99699
22 0.99678
23 0.99656
24 0.99634
25 0.99611
26 0.99588
27 0.99564
28 0.99541
29 0.99516
30 0.99492
31 0.99466
32 0.99441
33 0.99415
34 0.99389
35 0.99363
36 0.99336
37 0.99309
38 0.99281
39 0.99254
40 0.99226
41 0.99197
42 0.99169
43 0.99140
44 0.99111
45 0.99081
46 0.99051
47 0.99021
48 0.98991
49 0.98961
50 0.98930
51 0.98899
52 0.98868
53 0.98836
54 0.98805
55 0.98773
56 0.98741
57 0.98708
58 0.98676
59 0.98643
60 0.98610
61 0.98577
62 0.98543
63 0.98510
64 0.98476
65 0.98442
66 0.98408
67 0.98374
68 0.98339
69 0.98304
70 0.98270
71 0.98235
72 0.98199
73 0.98164
74 0.98129
75 0.98093
76 0.98057
77 0.98021
78 0.97985
79 0.97949
80 0.97912
81 0.97876
82 0.97839
83 0.97802
84 0.97765
85 0.97728
86 0.97691
87 0.97654
88 0.97616
89 0.97579
90 0.97541
91 0.97503
92 0.97466
93 0.97428
94 0.97389
95 0.97351
96 0.97313
97 0.97274
98 0.97236
99 0.97197
100 0.97158
101 0.97120
102 0.97081
103 0.97042
104 0.97003
105 0.96963
106 0.96924
107 0.96885
108 0.96845
109 0.96806
110 0.96766
111 0.96727
112 0.96687
113 0.96647
114 0.96607
115 0.96567
116 0.96527
117 0.96487
118 0.96447
119 0.96407
120 0.96367
121 0.96326
122 0.96286
123 0.96246
124 0.96205
125 0.96165
126 0.96124
127 0.96083
128 0.96043
129 0.96002
130 0.95961
131 0.95920
132 0.95880
133 0.95839
134 0.95798
135 0.95757
136 0.95716
137 0.95675
138 0.95634
139 0.95593
140 0.95552
141 0.95510
142 0.95469
143 0.95428
144 0.95387
145 0.95346
146 0.95304
147 0.95263
148 0.95222
149 0.95180
150 0.95139
151 0.95098
152 0.95056
153 0.95015
154 0.94974
155 0.94932
156 0.94891
157 0.94849
158 0.94808
159 0.94766
160 0.94725
161 0.94684
162 0.94642
163 0.94601
164 0.94559
165 0.94518
166 0.94476
167 0.94435
168 0.94393
169 0.94352
170 0.94311
171 0.94269
172 0.94228
173 0.94186
174 0.94145
175 0.94104
176 0.94062
177 0.94021
178 0.93979
179 0.93938
180 0.93897
181 0.93856
182 0.93814
183 0.93773
184 0.93732
185 0.93691
186 0.93649
187 0.93608
188 0.93567
189 0.93526
190 0.93485
191 0.93444
192 0.93403
193 0.93362
194 0.93321
195 0.93280
196 0.93239
197 0.93198
198 0.93157
199 0.93116
200 0.93075
201 0.93035
202 0.92994
203 0.92953
204 0.92913
205 0.92872
206 0.92831
207 0.92791
208 0.92750
209 0.92710
210 0.92670
211 0.92629
212 0.92589
213 0.92549
214 0.92508
215 0.92468
216 0.92428
217 0.92388
218 0.92348
219 0.92308
220 0.92268
221 0.92228
222 0.92188
223 0.92148
224 0.92109
225 0.92069
226 0.92029
227 0.91990
228 0.91950
229 0.91911
230 0.91871
231 0.91832
232 0.91793
233 0.91753
234 0.91714
235 0.91675
236 0.91636
237 0.91597
238 0.91558
239 0.91519
240 0.91480
241 0.91442
242 0.91403
243 0.91364
244 0.91326
245 0.91287
246 0.91249
247 0.91210
248 0.91172
249 0.91134
250 0.91096
251 0.91058
252 0.91019
253 0.90982
254 0.90944
255 0.90906
256 0.90868
257 0.90830
258 0.90793
259 0.90755
260 0.90718
261 0.90680
262 0.90643
263 0.90606
264 0.90569
265 0.90532
266 0.90495
267 0.90458
268 0.90421
269 0.90384
270 0.90348
271 0.90311
272 0.90274
273 0.90238
274 0.90202
275 0.90165
276 0.90129
277 0.90093
278 0.90057
279 0.90021
280 0.89985
281 0.89949
282 0.89914
283 0.89878
284 0.89843
285 0.89807
286 0.89772
287 0.89737
288 0.89701
289 0.89666
290 0.89631
291 0.89596
292 0.89562
293 0.89527
294 0.89492
295 0.89458
296 0.89423
297 0.89389
298 0.89355
299 0.89321
300 0.89286
301 0.89252
302 0.89219
303 0.89185
304 0.89151
305 0.89117
306 0.89084
307 0.89050
308 0.89017
309 0.88984
310 0.88951
311 0.88918
312 0.88885
313 0.88852
314 0.88819
315 0.88787
316 0.88754
317 0.88722
318 0.88689
319 0.88657
320 0.88625
321 0.88593
322 0.88561
323 0.88529
324 0.88497
325 0.88466
326 0.88434
327 0.88403
328 0.88372
329 0.88340
330 0.88309
331 0.88278
332 0.88247
333 0.88217
334 0.88186
335 0.88155
336 0.88125
337 0.88094
338 0.88064
339 0.88034
340 0.88004
341 0.87974
342 0.87944
343 0.87915
344 0.87885
345 0.87855
346 0.87826
347 0.87797
348 0.87768
349 0.87739
350 0.87710
351 0.87681
352 0.87652
353 0.87623
354 0.87595
355 0.87567
356 0.87538
357 0.87510
358 0.87482
359 0.87454
360 0.87426
361 0.87399
362 0.87371
363 0.87344
364 0.87316
365 0.87289
366 0.87262
367 0.87235
368 0.87208
369 0.87181
370 0.87154
371 0.87128
372 0.87101
373 0.87075
374 0.87049
375 0.87023
376 0.86997
377 0.86971
378 0.86945
379 0.86920
380 0.86894
381 0.86869
382 0.86844
383 0.86819
384 0.86794
385 0.86769
386 0.86744
387 0.86719
388 0.86695
389 0.86670
390 0.86646
391 0.86622
392 0.86598
393 0.86574
394 0.86550
395 0.86527
396 0.86503
397 0.86480
398 0.86457
399 0.86433
400 0.86410
401 0.86387
402 0.86365
403 0.86342
404 0.86320
405 0.86297
406 0.86275
407 0.86253
408 0.86231
409 0.86209
410 0.86187
411 0.86165
412 0.86144
413 0.86123
414 0.86101
415 0.86080
416 0.86059
417 0.86038
418 0.86018
419 0.85997
420 0.85977
421 0.85956
422 0.85936
423 0.85916
424 0.85896
425 0.85876
426 0.85856
427 0.85837
428 0.85818
429 0.85798
430 0.85779
431 0.85760
432 0.85741
433 0.85722
434 0.85704
435 0.85685
436 0.85667
437 0.85649
438 0.85631
439 0.85613
440 0.85595
441 0.85577
442 0.85560
443 0.85542
444 0.85525
445 0.85508
446 0.85491
447 0.85474
448 0.85457
449 0.85440
450 0.85424
451 0.85408
452 0.85391
453 0.85375
454 0.85359
455 0.85344
456 0.85328
457 0.85313
458 0.85297
459 0.85282
460 0.85267
461 0.85252
462 0.85237
463 0.85222
464 0.85208
465 0.85193
466 0.85179
467 0.85165
468 0.85151
469 0.85137
470 0.85124
471 0.85110
472 0.85097
473 0.85083
474 0.85070
475 0.85057
476 0.85044
477 0.85032
478 0.85019
479 0.85007
480 0.84995
481 0.84982
482 0.84970
483 0.84959
484 0.84947
485 0.84935
486 0.84924
487 0.84913
488 0.84902
489 0.84891
490 0.84880
491 0.84869
492 0.84859
493 0.84848
494 0.84838
495 0.84828
496 0.84818
497 0.84808
498 0.84798
499 0.84789
500 0.84779
501 0.84770
502 0.84761
503 0.84752
504 0.84744
505 0.84735
506 0.84726
507 0.84718
508 0.84710
509 0.84702
510 0.84694
511 0.84686
512 0.84679
513 0.84671
514 0.84664
515 0.84657
516 0.84650
517 0.84643
518 0.84636
519 0.84630
520 0.84623
521 0.84617
522 0.84611
523 0.84605
524 0.84599
525 0.84594
526 0.84588
527 0.84583
528 0.84578
529 0.84573
530 0.84568
531 0.84563
532 0.84559
533 0.84554
534 0.84550
535 0.84546
536 0.84542
537 0.84538
538 0.84535
539 0.84531
540 0.84528
541 0.84525
542 0.84522
543 0.84519
544 0.84516
545 0.84514
546 0.84511
547 0.84509
548 0.84507
549 0.84505
550 0.84504
551 0.84502
552 0.84501
553 0.84499
554 0.84498
555 0.84497
556 0.84496
557 0.84496
558 0.84495
559 0.84495
560 0.84495
561 0.84495
562 0.84495
563 0.84495
564 0.84496
565 0.84497
566 0.84497
567 0.84498
568 0.84500
569 0.84501
570 0.84502
571 0.84504
572 0.84506
573 0.84508
574 0.84510
575 0.84512
576 0.84515
577 0.84517
578 0.84520
579 0.84523
580 0.84526
581 0.84529
582 0.84533
583 0.84536
584 0.84540
585 0.84544
586 0.84548
587 0.84552
588 0.84557
589 0.84561
590 0.84566
591 0.84571
592 0.84576
593 0.84581
594 0.84587
595 0.84592
596 0.84598
597 0.84604
598 0.84610
599 0.84617
600 0.84623
601 0.84630
602 0.84636
603 0.84643
604 0.84650
605 0.84658
606 0.84665
607 0.84673
608 0.84681
609 0.84689
610 0.84697
611 0.84705
612 0.84714
613 0.84722
614 0.84731
615 0.84740
616 0.84749
617 0.84759
618 0.84768
619 0.84778
620 0.84788
621 0.84798
622 0.84808
623 0.84819
624 0.84829
625 0.84840
626 0.84851
627 0.84862
628 0.84873
629 0.84885
630 0.84896
631 0.84908
632 0.84920
633 0.84933
634 0.84945
635 0.84957
636 0.84970
637 0.84983
638 0.84996
639 0.85009
640 0.85023
641 0.85036
642 0.85050
643 0.85064
644 0.85078
645 0.85093
646 0.85107
647 0.85122
648 0.85137
649 0.85152
650 0.85167
651 0.85183
652 0.85198
653 0.85214
654 0.85230
655 0.85246
656 0.85263
657 0.85279
658 0.85296
659 0.85313
660 0.85330
661 0.85347
662 0.85365
663 0.85382
664 0.85400
665 0.85418
666 0.85436
667 0.85455
668 0.85474
669 0.85492
670 0.85511
671 0.85530
672 0.85550
673 0.85569
674 0.85589
675 0.85609
676 0.85629
677 0.85650
678 0.85670
679 0.85691
680 0.85712
681 0.85733
682 0.85754
683 0.85775
684 0.85797
685 0.85819
686 0.85841
687 0.85863
688 0.85886
689 0.85908
690 0.85931
691 0.85954
692 0.85978
693 0.86001
694 0.86025
695 0.86048
696 0.86072
697 0.86097
698 0.86121
699 0.86146
700 0.86170
701 0.86195
702 0.86221
703 0.86246
704 0.86272
705 0.86298
706 0.86324
707 0.86350
708 0.86376
709 0.86403
710 0.86430
711 0.86457
712 0.86484
713 0.86511
714 0.86539
715 0.86567
716 0.86595
717 0.86623
718 0.86652
719 0.86680
720 0.86709
721 0.86738
722 0.86768
723 0.86797
724 0.86827
725 0.86857
726 0.86887
727 0.86917
728 0.86948
729 0.86979
730 0.87010
731 0.87041
732 0.87072
733 0.87104
734 0.87136
735 0.87168
736 0.87200
737 0.87232
738 0.87265
739 0.87298
740 0.87331
741 0.87364
742 0.87398
743 0.87432
744 0.87466
745 0.87500
746 0.87534
747 0.87569
748 0.87604
749 0.87639
750 0.87674
751 0.87710
752 0.87745
753 0.87781
754 0.87817
755 0.87854
756 0.87890
757 0.87927
758 0.87964
759 0.88002
760 0.88039
761 0.88077
762 0.88115
763 0.88153
764 0.88191
765 0.88230
766 0.88269
767 0.88308
768 0.88347
769 0.88387
770 0.88427
771 0.88467
772 0.88507
773 0.88547
774 0.88588
775 0.88629
776 0.88670
777 0.88712
778 0.88753
779 0.88795
780 0.88837
781 0.88879
782 0.88922
783 0.88965
784 0.89008
785 0.89051
786 0.89095
787 0.89138
788 0.89182
789 0.89227
790 0.89271
791 0.89316
792 0.89361
793 0.89406
794 0.89451
795 0.89497
796 0.89543
797 0.89589
798 0.89635
799 0.89682
800 0.89729
801 0.89776
802 0.89823
803 0.89871
804 0.89919
805 0.89967
806 0.90015
807 0.90064
808 0.90113
809 0.90162
810 0.90211
811 0.90261
812 0.90311
813 0.90361
814 0.90411
815 0.90462
816 0.90513
817 0.90564
818 0.90615
819 0.90667
820 0.90719
821 0.90771
822 0.90823
823 0.90876
824 0.90929
825 0.90982
826 0.91035
827 0.91089
828 0.91143
829 0.91197
830 0.91252
831 0.91307
832 0.91362
833 0.91417
834 0.91472
835 0.91528
836 0.91584
837 0.91641
838 0.91697
839 0.91754
840 0.91811
841 0.91869
842 0.91926
843 0.91984
844 0.92043
845 0.92101
846 0.92160
847 0.92219
848 0.92278
849 0.92338
850 0.92398
851 0.92458
852 0.92518
853 0.92579
854 0.92640
855 0.92701
856 0.92763
857 0.92825
858 0.92887
859 0.92949
860 0.93012
861 0.93075
862 0.93138
863 0.93201
864 0.93265
865 0.93329
866 0.93394
867 0.93458
868 0.93523
869 0.93589
870 0.93654
871 0.93720
872 0.93786
873 0.93852
874 0.93919
875 0.93986
876 0.94053
877 0.94121
878 0.94189
879 0.94257
880 0.94326
881 0.94394
882 0.94463
883 0.94533
884 0.94602
885 0.94672
886 0.94743
887 0.94813
888 0.94884
889 0.94955
890 0.95027
891 0.95099
892 0.95171
893 0.95243
894 0.95316
895 0.95389
896 0.95462
897 0.95536
898 0.95610
899 0.95684
900 0.95759
901 0.95834
902 0.95909
903 0.95985
904 0.96060
905 0.96137
906 0.96213
907 0.96290
908 0.96367
909 0.96445
910 0.96522
911 0.96600
912 0.96662
913 0.96698
914 0.96739
915 0.96779
916 0.96806
917 0.96821
918 0.96840
919 0.96862
920 0.96891
921 0.96927
922 0.96923
923 0.96918
924 0.96965
925 0.96960
926 0.96955
927 0.97017
928 0.97013
929 0.97008
930 0.97004
931 0.97088
932 0.97084
933 0.97080
934 0.97075
935 0.97071
936 0.97066
937 0.97062
938 0.97183
939 0.97179
940 0.97175
941 0.97171
942 0.97166
943 0.97162
944 0.97158
945 0.97154
946 0.97149
947 0.97145
948 0.97141
949 0.97137
950 0.97323
951 0.97319
952 0.97315
953 0.97311
954 0.97307
955 0.97303
956 0.97299
957 0.97295
958 0.97291
959 0.97287
960 0.97283
961 0.97279
962 0.97275
963 0.97271
964 0.97267
965 0.97263
966 0.97259
967 0.97255
968 0.97251
969 0.97247
970 0.97243
971 0.97239
972 0.97235
973 0.97556
974 0.97552
975 0.97549
976 0.97545
977 0.97542
978 0.97538
979 0.97534
980 0.97531
981 0.97527
982 0.97524
983 0.97520
984 0.97517
985 0.97513
986 0.97509
987 0.97506
988 0.97502
989 0.97499
990 0.97495
991 0.97492
992 0.97488
993 0.97484
994 0.97481
995 0.97477
996 0.97474
997 0.97470
998 0.97467
999 0.97463
1000 0.97459
1001 0.97456
1002 0.97452
1003 0.97449
1004 0.97445
1005 0.97441
1006 0.97438
1007 0.97434
1008 0.97431
1009 0.97427
1010 0.97423
1011 0.97420
1012 0.97416
1013 0.97413
1014 0.97409
1015 0.97405
1016 0.97402
1017 0.97398
1018 0.97395
1019 0.97391
1020 0.97387
1021 0.97384
1022 0.97380
1023 0.97377
1024 0.97373
1025 0.97369
1026 0.98048
1027 0.98045
1028 0.98042
1029 0.98040
1030 0.98037
1031 0.98034
1032 0.98031
1033 0.98029
1034 0.98026
1035 0.98023
1036 0.98021
1037 0.98018
1038 0.98015
1039 0.98012
1040 0.98010
1041 0.98007
1042 0.98004
1043 0.98002
1044 0.97999
1045 0.97996
1046 0.97994
1047 0.97991
1048 0.97988
1049 0.97985
1050 0.97983
1051 0.97980
1052 0.97977
1053 0.97974
1054 0.97972
1055 0.97969
1056 0.97966
1057 0.97964
1058 0.97961
1059 0.97958
1060 0.97955
1061 0.97953
1062 0.97950
1063 0.97947
1064 0.97944
1065 0.97942
1066 0.97939
1067 0.97936
1068 0.97934
1069 0.97931
1070 0.97928
1071 0.97925
1072 0.97923
1073 0.97920
1074 0.97917
1075 0.97914
1076 0.97912
1077 0.97909
1078 0.97906
1079 0.97903
1080 0.97901
1081 0.97898
1082 0.97895
1083 0.97892
1084 0.97890
1085 0.97887
1086 0.97884
1087 0.97881
1088 0.97879
1089 0.97876
1090 0.97873
1091 0.97870
1092 0.97868
1093 0.97865
1094 0.97862
1095 0.97859
1096 0.97856
1097 0.97854
1098 0.97851
1099 0.97848
1100 0.97845
1101 0.97843
1102 0.97840
1103 0.97837
1104 0.97834
1105 0.97832
1106 0.97829
1107 0.97826
1108 0.97823
1109 0.97820
1110 0.97818
1111 0.97815
1112 0.97812
1113 0.97809
1114 0.97806
1115 0.97804
1116 0.97801
1117 0.97798
1118 0.97795
1119 0.97793
1120 0.97790
1121 0.97787
1122 0.97784
1123 0.97781
1124 0.97779
1125 0.97776
1126 0.97773
1127 0.97770
1128 0.97767
1129 0.97765
1130 0.97762
1131 0.97759
1132 0.97756
1133 0.97753
1134 0.97751
1135 0.97748
1136 0.97745
1137 0.97742
1138 0.97739
1139 0.97737
1140 0.97734
1141 0.97731
1142 0.97728
1143 0.97725
1144 0.97723
1145 0.97720
1146 0.97717
1147 0.97714
1148 0.97711
1149 0.97708
1150 0.97706
1151 0.97703
1152 0.97700
1153 0.97697
1154 0.97694
1155 0.97691
1156 0.97689
1157 0.97686
1158 0.97683
1159 0.97680
1160 0.97677
1161 0.97675
1162 0.97672
1163 0.97669
1164 0.97666
1165 0.97663
1166 0.97660
1167 0.97658
1168 0.97655
1169 0.97652
1170 0.97649
1171 0.97646
1172 0.97643
1173 0.97640
1174 0.97638
1175 0.97635
1176 0.97632
1177 0.97629
1178 0.97626
1179 0.97623
1180 0.97621
1181 0.97618
1182 0.97615
1183 0.97612
1184 0.97609
1185 0.97606
1186 0.97603
1187 0.97601
1188 0.97598
1189 0.97595
1190 0.97592
1191 0.97589
1192 0.97586
1193 0.97583
1194 0.97581
1195 0.97578
1196 0.97575
1197 0.97572
1198 0.97569
1199 0.97566
1200 0.97563
1201 0.97561
1202 0.97558
1203 0.97555
1204 0.97552
1205 0.97549
1206 0.97546
1207 0.97543
1208 0.97540
1209 0.97538
1210 0.97535
1211 0.97532
1212 0.97529
1213 0.97526
1214 0.97523
1215 0.97520
1216 1.00000
