17 0.74722
18 0.72816
19 0.70908
20 0.69005
21 0.67109
22 0.65224
23 0.63354
24 0.61500
25 0.59666
26 0.57854
27 0.56066
28 0.54304
29 0.52570
30 0.50865
31 0.49190
32 0.47548
33 0.45939
34 0.44363
35 0.42821
36 0.41315
37 0.39844
38 0.38408
39 0.37009
40 0.35646
41 0.34319
42 0.33029
43 0.31774
44 0.30556
45 0.29373
46 0.28225
47 0.27112
48 0.26034
49 0.24990
50 0.23980
51 0.23003
52 0.22058
53 0.21145
54 0.20263
55 0.19412
56 0.18591
57 0.17799
58 0.17036
59 0.16300
60 0.15592
61 0.14911
62 0.14255
63 0.13624
64 0.13018
65 0.12435
66 0.11875
67 0.11338
68 0.10822
69 0.10327
70 0.09852
71 0.09397
72 0.08961
73 0.08542
74 0.08142
75 0.07758
76 0.07391
77 0.07040
78 0.06704
79 0.06383
80 0.06076
81 0.05782
82 0.05502
83 0.05234
84 0.04978
85 0.04734
86 0.04500
87 0.04278
88 0.04066
89 0.03863
90 0.03670
91 0.03487
92 0.03311
93 0.03144
94 0.02985
95 0.02834
96 0.02690
97 0.02552
98 0.02422
99 0.02297
100 0.02179
101 0.02067
102 0.01960
103 0.01858
104 0.01761
105 0.01670
106 0.01582
107 0.01499
108 0.01421
109 0.01346
110 0.01275
111 0.01208
112 0.01144
113 0.01083
114 0.01025
115 0.00971
116 0.00919
117 0.00870
118 0.00823
119 0.00779
120 0.00737
121 0.00697
122 0.00660
123 0.00624
124 0.00590
125 0.00558
126 0.00528
127 0.00499
128 0.00472
129 0.00446
130 0.00422
131 0.00399
132 0.00377
133 0.00356
134 0.00337
135 0.00318
136 0.00301
137 0.00284
138 0.00268
139 0.00254
140 0.00240
141 0.00226
142 0.00214
143 0.00202
144 0.00191
145 0.00180
146 0.00170
147 0.00161
148 0.00152
149 0.00143
150 0.00135
151 0.00128
152 0.00121
153 0.00114
154 0.00108
155 0.00102
156 0.00096
157 0.00090
158 0.00085
159 0.00081
160 0.00076
161 0.00072
162 0.00068
163 0.00064
164 0.00060
165 0.00057
166 0.00054
167 0.00051
168 0.00048
169 0.00045
170 0.00043
171 0.00040
172 0.00038
173 0.00036
174 0.00034
175 0.00032
176 0.00030
177 0.00028
178 0.00027
179 0.00025
180 0.00024
181 0.00023
182 0.00021
183 0.00020
184 0.00019
185 0.00018
186 0.00017
187 0.00016
188 0.00015
189 0.00014
190 0.00013
191 0.00013
192 0.00012
193 0.00011
194 0.00011
195 0.00010
196 0.00010
197 0.00009
198 0.00008
199 0.00008
200 0.00008
201 0.00007
202 0.00007
203 0.00006
204 0.00006
205 0.00006
206 0.00005
207 0.00005
208 0.00005
209 0.00005
210 0.00004
211 0.00004
212 0.00004
213 0.00004
214 0.00003
215 0.00003
216 0.00003
217 0.00003
218 0.00003
219 0.00003
220 0.00002
221 0.00002
222 0.00002
223 0.00002
224 0.00002
225 0.00002
226 0.00002
227 0.00002
228 0.00002
229 0.00001
230 0.00001
231 0.00001
232 0.00001
233 0.00001
234 0.00001
235 0.00001
236 0.00001
237 0.00001
238 0.00001
239 0.00001
240 0.00001
241 0.00001
242 0.00001
243 0.00001
244 0.00001
245 0.00001
246 0.00001
247 0.00001
248 0.00001
249 0.00000
250 0.00000
251 0.00000
252 0.00000
253 0.00000
254 0.00000
255 0.00000
256 0.00000
257 0.00000
258 0.00000
259 0.00000
260 0.00000
261 0.00000
262 0.00000
263 0.00000
264 0.00000
265 0.00000
266 0.00000
267 0.00000
268 0.00000
269 0.00000
270 0.00000
271 0.00000
272 0.00000
273 0.00000
274 0.00000
275 0.00000
276 0.00000
277 0.00000
278 0.00000
279 0.00000
280 0.00000
281 0.00000
282 0.00000
283 0.00000
284 0.00000
285 0.00000
286 0.00000
287 0.00000
288 0.00000
289 0.00000
290 0.00000
291 0.00000
292 0.00000
293 0.00000
294 0.00000
295 0.00000
296 0.00000
297 0.00000
298 0.00000
299 0.00000
300 0.00000
301 0.00000
302 0.00000
303 0.00000
304 0.00000
305 0.00000
306 0.00000
307 0.00000
308 0.00000
309 0.00000
310 0.00000
311 0.00000
312 0.00000
313 0.00000
314 0.00000
315 0.00000
316 0.00000
317 0.00000
318 0.00000
319 0.00000
320 0.00000
321 0.00000
322 0.00000
323 0.00000
324 0.00000
325 0.00000
326 0.00000
327 0.00000
328 0.00000
329 0.00000
330 0.00000
331 0.00000
332 0.00000
333 0.00000
334 0.00000
335 0.00000
336 0.00000
337 0.00000
338 0.00000
339 0.00000
340 0.00000
341 0.00000
342 0.00000
343 0.00000
344 0.00000
345 0.00000
346 0.00000
347 0.00000
348 0.00000
349 0.00000
350 0.00000
351 0.00000
352 0.00000
353 0.00000
354 0.00000
355 0.00000
356 0.00000
357 0.00000
358 0.00000
359 0.00000
360 0.00000
361 0.00000
362 0.00000
363 0.00000
364 0.00000
365 0.00000
366 0.00000
367 0.00000
368 0.00000
369 0.00000
370 0.00000
371 0.00000
372 0.00000
373 0.00000
374 0.00000
375 0.00000
376 0.00000
377 0.00000
378 0.00000
379 0.00000
380 0.00000
381 0.00000
382 0.00000
383 0.00000
384 0.00000
385 0.00000
386 0.00000
387 0.00000
388 0.00000
389 0.00000
390 0.00000
391 0.00000
392 0.00000
393 0.00000
394 0.00000
395 0.00000
396 0.00000
397 0.00000
398 0.00000
399 0.00000
400 0.00000
401 0.00000
402 0.00000
403 0.00000
404 0.00000
405 0.00000
406 0.00000
407 0.00000
408 0.00000
409 0.00000
410 0.00000
411 0.00000
412 0.00000
413 0.00000
414 0.00000
415 0.00000
416 0.00000
417 0.00000
418 0.00000
419 0.00000
420 0.00000
421 0.00000
422 0.00000
423 0.00000
424 0.00000
425 0.00000
426 0.00000
427 0.00000
428 0.00000
429 0.00000
430 0.00000
431 0.00000
432 0.00000
433 0.00000
434 0.00000
435 0.00000
436 0.00000
437 0.00000
438 0.00000
439 0.00000
440 0.00000
441 0.00000
442 0.00000
443 0.00000
444 0.00000
445 0.00000
446 0.00000
447 0.00000
448 0.00000
449 0.00000
450 0.00000
451 0.00000
452 0.00000
453 0.00000
454 0.00000
455 0.00000
456 0.00000
457 0.00000
458 0.00000
459 0.00000
460 0.00000
461 0.00000
462 0.00000
463 0.00000
464 0.00000
465 0.00000
466 0.00000
467 0.00000
468 0.00000
469 0.00000
470 0.00000
471 0.00000
472 0.00000
473 0.00000
474 0.00000
475 0.00000
476 0.00000
477 0.00000
478 0.00000
479 0.00000
480 0.00000
481 0.00000
482 0.00000
483 0.00000
484 0.00000
485 0.00000
486 0.00000
487 0.00000
488 0.00000
489 0.00000
490 0.00000
491 0.00000
492 0.00000
493 0.00000
494 0.00000
495 0.00000
496 0.00000
497 0.00000
498 0.00000
499 0.00000
500 0.00000
501 0.00000
502 0.00000
503 0.00000
504 0.00000
505 0.00000
506 0.00000
507 0.00000
508 0.00000
509 0.00000
510 0.00000
511 0.00000
512 0.00000
513 0.00000
514 0.00000
515 0.00000
516 0.00000
517 0.00000
518 0.00000
519 0.00000
520 0.00000
521 0.00000
522 0.00000
523 0.00000
524 0.00000
525 0.00000
526 0.00000
527 0.00000
528 0.00000
529 0.00000
530 0.00000
531 0.00000
532 0.00000
533 0.00000
534 0.00000
535 0.00000
536 0.00000
537 0.00000
538 0.00000
539 0.00000
540 0.00000
541 0.00000
542 0.00000
543 0.00000
544 0.00000
545 0.00000
546 0.00000
547 0.00000
548 0.00000
549 0.00000
550 0.00000
551 0.00000
552 0.00000
553 0.00000
554 0.00000
555 0.00000
556 0.00000
557 0.00000
558 0.00000
559 0.00000
560 0.00000
561 0.00000
562 0.00000
563 0.00000
564 0.00000
565 0.00000
566 0.00000
567 0.00000
568 0.00000
569 0.00000
570 0.00000
571 0.00000
572 0.00000
573 0.00000
574 0.00000
575 0.00000
576 0.00000
577 0.00000
578 0.00000
579 0.00000
580 0.00000
581 0.00000
582 0.00000
583 0.00000
584 0.00000
585 0.00000
586 0.00000
587 0.00000
588 0.00000
589 0.00000
590 0.00000
591 0.00000
592 0.00000
593 0.00000
594 0.00000
595 0.00000
596 0.00000
597 0.00000
598 0.00000
599 0.00000
600 0.00000
601 0.00000
602 0.00000
603 0.00000
604 0.00000
605 0.00000
606 0.00000
607 0.00000
608 0.00000
609 0.00000
610 0.00000
611 0.00000
612 0.00000
613 0.00000
614 0.00000
615 0.00000
616 0.00000
617 0.00000
618 0.00000
619 0.00000
620 0.00000
621 0.00000
622 0.00000
623 0.00000
624 0.00000
625 0.00000
626 0.00000
627 0.00000
628 0.00000
629 0.00000
630 0.00000
631 0.00000
632 0.00000
633 0.00000
634 0.00000
635 0.00000
636 0.00000
637 0.00000
638 0.00000
639 0.00000
640 0.00000
641 0.00000
642 0.00000
643 0.00000
644 0.00000
645 0.00000
646 0.00000
647 0.00000
648 0.00000
649 0.00000
650 0.00000
651 0.00000
652 0.00000
653 0.00000
654 0.00000
655 0.00000
656 0.00000
657 0.00000
658 0.00000
659 0.00000
660 0.00000
661 0.00000
662 0.00000
663 0.00000
664 0.00000
665 0.00000
666 0.00000
667 0.00000
668 0.00000
669 0.00000
670 0.00000
671 0.00000
672 0.00000
673 0.00000
674 0.00000
675 0.00000
676 0.00000
677 0.00000
678 0.00000
679 0.00000
680 0.00000
681 0.00000
682 0.00000
683 0.00000
684 0.00000
685 0.00000
686 0.00000
687 0.00000
688 0.00000
689 0.00000
690 0.00000
691 0.00000
692 0.00000
693 0.00000
694 0.00000
695 0.00000
696 0.00000
697 0.00000
698 0.00000
699 0.00000
700 0.00000
701 0.00000
702 0.00000
703 0.00000
704 0.00000
705 0.00000
706 0.00000
707 0.00000
708 0.00000
709 0.00000
710 0.00000
711 0.00000
712 0.00000
713 0.00000
714 0.00000
715 0.00000
716 0.00000
717 0.00000
718 0.00000
719 0.00000
720 0.00000
721 0.00000
722 0.00000
723 0.00000
724 0.00000
725 0.00000
726 0.00000
727 0.00000
728 0.00000
729 0.00000
730 0.00000
731 0.00000
732 0.00000
733 0.00000
734 0.00000
735 0.00000
736 0.00000
737 0.00000
738 0.00000
739 0.00000
740 0.00000
741 0.00000
742 0.00000
743 0.00000
744 0.00000
745 0.00000
746 0.00000
747 0.00000
748 0.00000
749 0.00000
750 0.00000
751 0.00000
752 0.00000
753 0.00000
754 0.00000
755 0.00000
756 0.00000
757 0.00000
758 0.00000
759 0.00000
760 0.00000
761 0.00000
762 0.00000
763 0.00000
764 0.00000
765 0.00000
766 0.00000
767 0.00000
768 0.00000
769 0.00000
770 0.00000
771 0.00000
772 0.00000
773 0.00000
774 0.00000
775 0.00000
776 0.00000
777 0.00000
778 0.00000
779 0.00000
780 0.00000
781 0.00000
782 0.00000
783 0.00000
784 0.00000
785 0.00000
786 0.00000
787 0.00000
788 0.00000
789 0.00000
790 0.00000
791 0.00000
792 0.00000
793 0.00000
794 0.00000
795 0.00000
796 0.00000
797 0.00000
798 0.00000
799 0.00000
800 0.00000
801 0.00000
802 0.00000
803 0.00000
804 0.00000
805 0.00000
806 0.00000
807 0.00000
808 0.00000
809 0.00000
810 0.00000
811 0.00000
812 0.00000
813 0.00000
814 0.00000
815 0.00000
816 0.00000
817 0.00000
818 0.00000
819 0.00000
820 0.00000
821 0.00000
822 0.00000
823 0.00000
824 0.00000
825 0.00000
826 0.00000
827 0.00000
828 0.00000
829 0.00001
830 0.00001
831 0.00001
832 0.00001
833 0.00001
834 0.00001
835 0.00001
836 0.00001
837 0.00001
838 0.00001
839 0.00001
840 0.00001
841 0.00001
842 0.00001
843 0.00001
844 0.00001
845 0.00002
846 0.00002
847 0.00002
848 0.00002
849 0.00002
850 0.00002
851 0.00002
852 0.00003
853 0.00003
854 0.00003
855 0.00003
856 0.00003
857 0.00004
858 0.00004
859 0.00004
860 0.00004
861 0.00005
862 0.00005
863 0.00006
864 0.00006
865 0.00006
866 0.00007
867 0.00007
868 0.00008
869 0.00009
870 0.00009
871 0.00010
872 0.00011
873 0.00012
874 0.00012
875 0.00013
876 0.00014
877 0.00016
878 0.00017
879 0.00018
880 0.00019
881 0.00021
882 0.00023
883 0.00024
884 0.00026
885 0.00028
886 0.00031
887 0.00033
888 0.00036
889 0.00038
890 0.00041
891 0.00045
892 0.00048
893 0.00052
894 0.00056
895 0.00061
896 0.00065
897 0.00071
898 0.00076
899 0.00083
900 0.00089
901 0.00096
902 0.00104
903 0.00112
904 0.00121
905 0.00131
906 0.00142
907 0.00153
908 0.00166
909 0.00179
910 0.00194
911 0.00210
912 0.00221
913 0.00297
914 0.00374
915 0.00450
916 0.00501
917 0.00527
918 0.00561
919 0.00607
920 0.00670
921 0.00760
922 0.00735
923 0.00710
924 0.00836
925 0.00809
926 0.00782
927 0.00972
928 0.00941
929 0.00912
930 0.00883
931 0.01186
932 0.01151
933 0.01117
934 0.01083
935 0.01050
936 0.01018
937 0.00987
938 0.01506
939 0.01465
940 0.01424
941 0.01384
942 0.01345
943 0.01306
944 0.01269
945 0.01232
946 0.01196
947 0.01161
948 0.01127
949 0.01094
950 0.02092
951 0.02040
952 0.01988
953 0.01938
954 0.01889
955 0.01840
956 0.01792
957 0.01746
958 0.01700
959 0.01655
960 0.01611
961 0.01567
962 0.01525
963 0.01483
964 0.01443
965 0.01403
966 0.01363
967 0.01325
968 0.01288
969 0.01251
970 0.01215
971 0.01180
972 0.01145
973 0.03477
974 0.03404
975 0.03332
976 0.03261
977 0.03190
978 0.03121
979 0.03053
980 0.02985
981 0.02919
982 0.02853
983 0.02788
984 0.02725
985 0.02662
986 0.02600
987 0.02539
988 0.02479
989 0.02420
990 0.02362
991 0.02305
992 0.02249
993 0.02193
994 0.02139
995 0.02085
996 0.02033
997 0.01981
998 0.01930
999 0.01880
1000 0.01831
1001 0.01783
1002 0.01735
1003 0.01689
1004 0.01643
1005 0.01599
1006 0.01555
1007 0.01512
1008 0.01470
1009 0.01428
1010 0.01388
1011 0.01348
1012 0.01309
1013 0.01271
1014 0.01234
1015 0.01198
1016 0.01162
1017 0.01127
1018 0.01093
1019 0.01060
1020 0.01027
1021 0.00995
1022 0.00964
1023 0.00934
1024 0.00904
1025 0.00876
1026 0.09010
1027 0.08872
1028 0.08735
1029 0.08599
1030 0.08463
1031 0.08329
1032 0.08195
1033 0.08063
1034 0.07931
1035 0.07801
1036 0.07671
1037 0.07543
1038 0.07415
1039 0.07289
1040 0.07164
1041 0.07039
1042 0.06916
1043 0.06795
1044 0.06674
1045 0.06554
1046 0.06436
1047 0.06319
1048 0.06203
1049 0.06088
1050 0.05974
1051 0.05862
1052 0.05751
1053 0.05641
1054 0.05533
1055 0.05425
1056 0.05319
1057 0.05215
1058 0.05111
1059 0.05009
1060 0.04908
1061 0.04808
1062 0.04710
1063 0.04613
1064 0.04517
1065 0.04423
1066 0.04330
1067 0.04238
1068 0.04148
1069 0.04058
1070 0.03970
1071 0.03884
1072 0.03798
1073 0.03714
1074 0.03632
1075 0.03550
1076 0.03470
1077 0.03391
1078 0.03313
1079 0.03237
1080 0.03162
1081 0.03088
1082 0.03015
1083 0.02944
1084 0.02874
1085 0.02805
1086 0.02737
1087 0.02670
1088 0.02605
1089 0.02541
1090 0.02478
1091 0.02416
1092 0.02355
1093 0.02295
1094 0.02237
1095 0.02179
1096 0.02123
1097 0.02068
1098 0.02014
1099 0.01961
1100 0.01909
1101 0.01858
1102 0.01809
1103 0.01760
1104 0.01712
1105 0.01665
1106 0.01619
1107 0.01575
1108 0.01531
1109 0.01488
1110 0.01446
1111 0.01405
1112 0.01365
1113 0.01326
1114 0.01288
1115 0.01250
1116 0.01214
1117 0.01178
1118 0.01143
1119 0.01109
1120 0.01076
1121 0.01043
1122 0.01012
1123 0.00981
1124 0.00951
1125 0.00921
1126 0.00893
1127 0.00865
1128 0.00838
1129 0.00811
1130 0.00785
1131 0.00760
1132 0.00736
1133 0.00712
1134 0.00689
1135 0.00666
1136 0.00644
1137 0.00623
1138 0.00602
1139 0.00582
1140 0.00562
1141 0.00543
1142 0.00525
1143 0.00507
1144 0.00489
1145 0.00472
1146 0.00456
1147 0.00440
1148 0.00424
1149 0.00409
1150 0.00395
1151 0.00380
1152 0.00367
1153 0.00353
1154 0.00340
1155 0.00328
1156 0.00316
1157 0.00304
1158 0.00293
1159 0.00282
1160 0.00271
1161 0.00261
1162 0.00251
1163 0.00241
1164 0.00232
1165 0.00223
1166 0.00214
1167 0.00206
1168 0.00197
1169 0.00190
1170 0.00182
1171 0.00175
1172 0.00168
1173 0.00161
1174 0.00154
1175 0.00148
1176 0.00142
1177 0.00136
1178 0.00130
1179 0.00125
1180 0.00119
1181 0.00114
1182 0.00109
1183 0.00105
1184 0.00100
1185 0.00096
1186 0.00092
1187 0.00088
1188 0.00084
1189 0.00080
1190 0.00076
1191 0.00073
1192 0.00070
1193 0.00067
1194 0.00063
1195 0.00061
1196 0.00058
1197 0.00055
1198 0.00053
1199 0.00050
1200 0.00048
1201 0.00045
1202 0.00043
1203 0.00041
1204 0.00039
1205 0.00037
1206 0.00035
1207 0.00034
1208 0.00032
1209 0.00030
1210 0.00029
1211 0.00028
1212 0.00026
1213 0.00025
1214 0.00024
1215 0.00022
1216 1.00000
