17 0.76407
18 0.74605
19 0.72799
20 0.70992
21 0.69189
22 0.67393
23 0.65606
24 0.63832
25 0.62072
26 0.60330
27 0.58606
28 0.56903
29 0.55224
30 0.53568
31 0.51938
32 0.50335
33 0.48760
34 0.47214
35 0.45697
36 0.44211
37 0.42755
38 0.41332
39 0.39940
40 0.38580
41 0.37252
42 0.35957
43 0.34694
44 0.33464
45 0.32266
46 0.31101
47 0.29967
48 0.28866
49 0.27796
50 0.26756
51 0.25748
52 0.24770
53 0.23823
54 0.22904
55 0.22015
56 0.21154
57 0.20321
58 0.19515
59 0.18736
60 0.17984
61 0.17257
62 0.16555
63 0.15878
64 0.15224
65 0.14594
66 0.13987
67 0.13402
68 0.12838
69 0.12295
70 0.11772
71 0.11269
72 0.10785
73 0.10320
74 0.09873
75 0.09443
76 0.09030
77 0.08633
78 0.08252
79 0.07886
80 0.07536
81 0.07199
82 0.06876
83 0.06566
84 0.06269
85 0.05985
86 0.05712
87 0.05451
88 0.05201
89 0.04962
90 0.04733
91 0.04514
92 0.04304
93 0.04103
94 0.03911
95 0.03728
96 0.03552
97 0.03385
98 0.03225
99 0.03071
100 0.02925
101 0.02786
102 0.02652
103 0.02525
104 0.02404
105 0.02288
106 0.02177
107 0.02072
108 0.01971
109 0.01875
110 0.01784
111 0.01697
112 0.01614
113 0.01535
114 0.01459
115 0.01387
116 0.01319
117 0.01253
118 0.01191
119 0.01132
120 0.01076
121 0.01022
122 0.00971
123 0.00923
124 0.00877
125 0.00833
126 0.00791
127 0.00751
128 0.00713
129 0.00677
130 0.00643
131 0.00611
132 0.00580
133 0.00550
134 0.00522
135 0.00496
136 0.00471
137 0.00447
138 0.00424
139 0.00402
140 0.00382
141 0.00362
142 0.00344
143 0.00326
144 0.00309
145 0.00293
146 0.00278
147 0.00264
148 0.00250
149 0.00238
150 0.00225
151 0.00214
152 0.00203
153 0.00192
154 0.00182
155 0.00173
156 0.00164
157 0.00155
158 0.00147
159 0.00140
160 0.00133
161 0.00126
162 0.00119
163 0.00113
164 0.00107
165 0.00102
166 0.00096
167 0.00091
168 0.00087
169 0.00082
170 0.00078
171 0.00074
172 0.00070
173 0.00066
174 0.00063
175 0.00060
176 0.00056
177 0.00054
178 0.00051
179 0.00048
180 0.00046
181 0.00043
182 0.00041
183 0.00039
184 0.00037
185 0.00035
186 0.00033
187 0.00031
188 0.00030
189 0.00028
190 0.00027
191 0.00025
192 0.00024
193 0.00023
194 0.00022
195 0.00021
196 0.00019
197 0.00018
198 0.00017
199 0.00017
200 0.00016
201 0.00015
202 0.00014
203 0.00013
204 0.00013
205 0.00012
206 0.00011
207 0.00011
208 0.00010
209 0.00010
210 0.00009
211 0.00009
212 0.00008
213 0.00008
214 0.00008
215 0.00007
216 0.00007
217 0.00006
218 0.00006
219 0.00006
220 0.00005
221 0.00005
222 0.00005
223 0.00005
224 0.00004
225 0.00004
226 0.00004
227 0.00004
228 0.00004
229 0.00003
230 0.00003
231 0.00003
232 0.00003
233 0.00003
234 0.00003
235 0.00003
236 0.00002
237 0.00002
238 0.00002
239 0.00002
240 0.00002
241 0.00002
242 0.00002
243 0.00002
244 0.00002
245 0.00002
246 0.00001
247 0.00001
248 0.00001
249 0.00001
250 0.00001
251 0.00001
252 0.00001
253 0.00001
254 0.00001
255 0.00001
256 0.00001
257 0.00001
258 0.00001
259 0.00001
260 0.00001
261 0.00001
262 0.00001
263 0.00001
264 0.00001
265 0.00001
266 0.00001
267 0.00001
268 0.00000
269 0.00000
270 0.00000
271 0.00000
272 0.00000
273 0.00000
274 0.00000
275 0.00000
276 0.00000
277 0.00000
278 0.00000
279 0.00000
280 0.00000
281 0.00000
282 0.00000
283 0.00000
284 0.00000
285 0.00000
286 0.00000
287 0.00000
288 0.00000
289 0.00000
290 0.00000
291 0.00000
292 0.00000
293 0.00000
294 0.00000
295 0.00000
296 0.00000
297 0.00000
298 0.00000
299 0.00000
300 0.00000
301 0.00000
302 0.00000
303 0.00000
304 0.00000
305 0.00000
306 0.00000
307 0.00000
308 0.00000
309 0.00000
310 0.00000
311 0.00000
312 0.00000
313 0.00000
314 0.00000
315 0.00000
316 0.00000
317 0.00000
318 0.00000
319 0.00000
320 0.00000
321 0.00000
322 0.00000
323 0.00000
324 0.00000
325 0.00000
326 0.00000
327 0.00000
328 0.00000
329 0.00000
330 0.00000
331 0.00000
332 0.00000
333 0.00000
334 0.00000
335 0.00000
336 0.00000
337 0.00000
338 0.00000
339 0.00000
340 0.00000
341 0.00000
342 0.00000
343 0.00000
344 0.00000
345 0.00000
346 0.00000
347 0.00000
348 0.00000
349 0.00000
350 0.00000
351 0.00000
352 0.00000
353 0.00000
354 0.00000
355 0.00000
356 0.00000
357 0.00000
358 0.00000
359 0.00000
360 0.00000
361 0.00000
362 0.00000
363 0.00000
364 0.00000
365 0.00000
366 0.00000
367 0.00000
368 0.00000
369 0.00000
370 0.00000
371 0.00000
372 0.00000
373 0.00000
374 0.00000
375 0.00000
376 0.00000
377 0.00000
378 0.00000
379 0.00000
380 0.00000
381 0.00000
382 0.00000
383 0.00000
384 0.00000
385 0.00000
386 0.00000
387 0.00000
388 0.00000
389 0.00000
390 0.00000
391 0.00000
392 0.00000
393 0.00000
394 0.00000
395 0.00000
396 0.00000
397 0.00000
398 0.00000
399 0.00000
400 0.00000
401 0.00000
402 0.00000
403 0.00000
404 0.00000
405 0.00000
406 0.00000
407 0.00000
408 0.00000
409 0.00000
410 0.00000
411 0.00000
412 0.00000
413 0.00000
414 0.00000
415 0.00000
416 0.00000
417 0.00000
418 0.00000
419 0.00000
420 0.00000
421 0.00000
422 0.00000
423 0.00000
424 0.00000
425 0.00000
426 0.00000
427 0.00000
428 0.00000
429 0.00000
430 0.00000
431 0.00000
432 0.00000
433 0.00000
434 0.00000
435 0.00000
436 0.00000
437 0.00000
438 0.00000
439 0.00000
440 0.00000
441 0.00000
442 0.00000
443 0.00000
444 0.00000
445 0.00000
446 0.00000
447 0.00000
448 0.00000
449 0.00000
450 0.00000
451 0.00000
452 0.00000
453 0.00000
454 0.00000
455 0.00000
456 0.00000
457 0.00000
458 0.00000
459 0.00000
460 0.00000
461 0.00000
462 0.00000
463 0.00000
464 0.00000
465 0.00000
466 0.00000
467 0.00000
468 0.00000
469 0.00000
470 0.00000
471 0.00000
472 0.00000
473 0.00000
474 0.00000
475 0.00000
476 0.00000
477 0.00000
478 0.00000
479 0.00000
480 0.00000
481 0.00000
482 0.00000
483 0.00000
484 0.00000
485 0.00000
486 0.00000
487 0.00000
488 0.00000
489 0.00000
490 0.00000
491 0.00000
492 0.00000
493 0.00000
494 0.00000
495 0.00000
496 0.00000
497 0.00000
498 0.00000
499 0.00000
500 0.00000
501 0.00000
502 0.00000
503 0.00000
504 0.00000
505 0.00000
506 0.00000
507 0.00000
508 0.00000
509 0.00000
510 0.00000
511 0.00000
512 0.00000
513 0.00000
514 0.00000
515 0.00000
516 0.00000
517 0.00000
518 0.00000
519 0.00000
520 0.00000
521 0.00000
522 0.00000
523 0.00000
524 0.00000
525 0.00000
526 0.00000
527 0.00000
528 0.00000
529 0.00000
530 0.00000
531 0.00000
532 0.00000
533 0.00000
534 0.00000
535 0.00000
536 0.00000
537 0.00000
538 0.00000
539 0.00000
540 0.00000
541 0.00000
542 0.00000
543 0.00000
544 0.00000
545 0.00000
546 0.00000
547 0.00000
548 0.00000
549 0.00000
550 0.00000
551 0.00000
552 0.00000
553 0.00000
554 0.00000
555 0.00000
556 0.00000
557 0.00000
558 0.00000
559 0.00000
560 0.00000
561 0.00000
562 0.00000
563 0.00000
564 0.00000
565 0.00000
566 0.00000
567 0.00000
568 0.00000
569 0.00000
570 0.00000
571 0.00000
572 0.00000
573 0.00000
574 0.00000
575 0.00000
576 0.00000
577 0.00000
578 0.00000
579 0.00000
580 0.00000
581 0.00000
582 0.00000
583 0.00000
584 0.00000
585 0.00000
586 0.00000
587 0.00000
588 0.00000
589 0.00000
590 0.00000
591 0.00000
592 0.00000
593 0.00000
594 0.00000
595 0.00000
596 0.00000
597 0.00000
598 0.00000
599 0.00000
600 0.00000
601 0.00000
602 0.00000
603 0.00000
604 0.00000
605 0.00000
606 0.00000
607 0.00000
608 0.00000
609 0.00000
610 0.00000
611 0.00000
612 0.00000
613 0.00000
614 0.00000
615 0.00000
616 0.00000
617 0.00000
618 0.00000
619 0.00000
620 0.00000
621 0.00000
622 0.00000
623 0.00000
624 0.00000
625 0.00000
626 0.00000
627 0.00000
628 0.00000
629 0.00000
630 0.00000
631 0.00000
632 0.00000
633 0.00000
634 0.00000
635 0.00000
636 0.00000
637 0.00000
638 0.00000
639 0.00000
640 0.00000
641 0.00000
642 0.00000
643 0.00000
644 0.00000
645 0.00000
646 0.00000
647 0.00000
648 0.00000
649 0.00000
650 0.00000
651 0.00000
652 0.00000
653 0.00000
654 0.00000
655 0.00000
656 0.00000
657 0.00000
658 0.00000
659 0.00000
660 0.00000
661 0.00000
662 0.00000
663 0.00000
664 0.00000
665 0.00000
666 0.00000
667 0.00000
668 0.00000
669 0.00000
670 0.00000
671 0.00000
672 0.00000
673 0.00000
674 0.00000
675 0.00000
676 0.00000
677 0.00000
678 0.00000
679 0.00000
680 0.00000
681 0.00000
682 0.00000
683 0.00000
684 0.00000
685 0.00000
686 0.00000
687 0.00000
688 0.00000
689 0.00000
690 0.00000
691 0.00000
692 0.00000
693 0.00000
694 0.00000
695 0.00000
696 0.00000
697 0.00000
698 0.00000
699 0.00000
700 0.00000
701 0.00000
702 0.00000
703 0.00000
704 0.00000
705 0.00000
706 0.00000
707 0.00000
708 0.00000
709 0.00000
710 0.00000
711 0.00000
712 0.00000
713 0.00000
714 0.00000
715 0.00000
716 0.00000
717 0.00000
718 0.00000
719 0.00000
720 0.00000
721 0.00000
722 0.00000
723 0.00000
724 0.00000
725 0.00000
726 0.00000
727 0.00000
728 0.00000
729 0.00000
730 0.00000
731 0.00000
732 0.00000
733 0.00000
734 0.00000
735 0.00000
736 0.00000
737 0.00000
738 0.00000
739 0.00000
740 0.00000
741 0.00000
742 0.00000
743 0.00000
744 0.00000
745 0.00000
746 0.00000
747 0.00000
748 0.00000
749 0.00000
750 0.00000
751 0.00000
752 0.00000
753 0.00000
754 0.00000
755 0.00000
756 0.00000
757 0.00000
758 0.00000
759 0.00000
760 0.00000
761 0.00000
762 0.00000
763 0.00000
764 0.00000
765 0.00000
766 0.00000
767 0.00000
768 0.00000
769 0.00000
770 0.00000
771 0.00000
772 0.00000
773 0.00000
774 0.00000
775 0.00000
776 0.00000
777 0.00000
778 0.00000
779 0.00000
780 0.00000
781 0.00000
782 0.00000
783 0.00000
784 0.00000
785 0.00000
786 0.00000
787 0.00000
788 0.00000
789 0.00000
790 0.00000
791 0.00000
792 0.00000
793 0.00000
794 0.00000
795 0.00000
796 0.00000
797 0.00000
798 0.00000
799 0.00000
800 0.00000
801 0.00000
802 0.00000
803 0.00000
804 0.00000
805 0.00001
806 0.00001
807 0.00001
808 0.00001
809 0.00001
810 0.00001
811 0.00001
812 0.00001
813 0.00001
814 0.00001
815 0.00001
816 0.00001
817 0.00001
818 0.00001
819 0.00001
820 0.00001
821 0.00001
822 0.00002
823 0.00002
824 0.00002
825 0.00002
826 0.00002
827 0.00002
828 0.00002
829 0.00002
830 0.00003
831 0.00003
832 0.00003
833 0.00003
834 0.00003
835 0.00004
836 0.00004
837 0.00004
838 0.00004
839 0.00005
840 0.00005
841 0.00005
842 0.00006
843 0.00006
844 0.00007
845 0.00007
846 0.00008
847 0.00008
848 0.00009
849 0.00010
850 0.00010
851 0.00011
852 0.00012
853 0.00013
854 0.00014
855 0.00015
856 0.00016
857 0.00017
858 0.00018
859 0.00019
860 0.00021
861 0.00022
862 0.00024
863 0.00026
864 0.00028
865 0.00030
866 0.00032
867 0.00034
868 0.00037
869 0.00040
870 0.00043
871 0.00046
872 0.00049
873 0.00053
874 0.00057
875 0.00062
876 0.00066
877 0.00071
878 0.00077
879 0.00083
880 0.00089
881 0.00096
882 0.00103
883 0.00112
884 0.00120
885 0.00130
886 0.00140
887 0.00151
888 0.00162
889 0.00175
890 0.00189
891 0.00204
892 0.00220
893 0.00238
894 0.00256
895 0.00277
896 0.00299
897 0.00323
898 0.00348
899 0.00376
900 0.00406
901 0.00439
902 0.00474
903 0.00512
904 0.00554
905 0.00599
906 0.00647
907 0.00700
908 0.00756
909 0.00818
910 0.00885
911 0.00957
912 0.01012
913 0.01101
914 0.01214
915 0.01335
916 0.01419
917 0.01457
918 0.01512
919 0.01588
920 0.01696
921 0.01851
922 0.01801
923 0.01752
924 0.01971
925 0.01919
926 0.01868
927 0.02194
928 0.02139
929 0.02084
930 0.02030
931 0.02542
932 0.02481
933 0.02420
934 0.02361
935 0.02303
936 0.02246
937 0.02190
938 0.03041
939 0.02972
940 0.02905
941 0.02839
942 0.02774
943 0.02710
944 0.02647
945 0.02585
946 0.02524
947 0.02464
948 0.02405
949 0.02347
950 0.03914
951 0.03836
952 0.03758
953 0.03681
954 0.03605
955 0.03531
956 0.03457
957 0.03384
958 0.03313
959 0.03242
960 0.03173
961 0.03104
962 0.03037
963 0.02970
964 0.02905
965 0.02841
966 0.02777
967 0.02715
968 0.02653
969 0.02593
970 0.02533
971 0.02474
972 0.02417
973 0.05869
974 0.05772
975 0.05675
976 0.05580
977 0.05485
978 0.05391
979 0.05298
980 0.05206
981 0.05115
982 0.05025
983 0.04935
984 0.04847
985 0.04760
986 0.04673
987 0.04588
988 0.04503
989 0.04419
990 0.04336
991 0.04254
992 0.04173
993 0.04093
994 0.04014
995 0.03936
996 0.03859
997 0.03782
998 0.03707
999 0.03632
1000 0.03559
1001 0.03486
1002 0.03414
1003 0.03343
1004 0.03273
1005 0.03204
1006 0.03136
1007 0.03069
1008 0.03002
1009 0.02937
1010 0.02872
1011 0.02809
1012 0.02746
1013 0.02684
1014 0.02623
1015 0.02563
1016 0.02504
1017 0.02446
1018 0.02388
1019 0.02332
1020 0.02276
1021 0.02221
1022 0.02167
1023 0.02115
1024 0.02062
1025 0.02011
1026 0.13192
1027 0.13043
1028 0.12894
1029 0.12745
1030 0.12596
1031 0.12448
1032 0.12299
1033 0.12152
1034 0.12004
1035 0.11857
1036 0.11710
1037 0.11563
1038 0.11417
1039 0.11271
1040 0.11125
1041 0.10980
1042 0.10836
1043 0.10692
1044 0.10549
1045 0.10406
1046 0.10264
1047 0.10122
1048 0.09981
1049 0.09841
1050 0.09701
1051 0.09562
1052 0.09424
1053 0.09286
1054 0.09149
1055 0.09013
1056 0.08878
1057 0.08744
1058 0.08610
1059 0.08478
1060 0.08346
1061 0.08215
1062 0.08085
1063 0.07957
1064 0.07829
1065 0.07702
1066 0.07576
1067 0.07451
1068 0.07327
1069 0.07204
1070 0.07082
1071 0.06962
1072 0.06842
1073 0.06724
1074 0.06606
1075 0.06490
1076 0.06375
1077 0.06261
1078 0.06148
1079 0.06037
1080 0.05926
1081 0.05817
1082 0.05709
1083 0.05602
1084 0.05496
1085 0.05392
1086 0.05289
1087 0.05187
1088 0.05086
1089 0.04987
1090 0.04888
1091 0.04791
1092 0.04695
1093 0.04601
1094 0.04508
1095 0.04416
1096 0.04325
1097 0.04235
1098 0.04147
1099 0.04060
1100 0.03974
1101 0.03889
1102 0.03806
1103 0.03724
1104 0.03643
1105 0.03563
1106 0.03484
1107 0.03407
1108 0.03331
1109 0.03256
1110 0.03183
1111 0.03110
1112 0.03039
1113 0.02969
1114 0.02900
1115 0.02832
1116 0.02765
1117 0.02700
1118 0.02635
1119 0.02572
1120 0.02510
1121 0.02449
1122 0.02389
1123 0.02330
1124 0.02273
1125 0.02216
1126 0.02160
1127 0.02106
1128 0.02052
1129 0.02000
1130 0.01949
1131 0.01898
1132 0.01849
1133 0.01800
1134 0.01753
1135 0.01706
1136 0.01661
1137 0.01616
1138 0.01573
1139 0.01530
1140 0.01488
1141 0.01447
1142 0.01407
1143 0.01368
1144 0.01330
1145 0.01292
1146 0.01256
1147 0.01220
1148 0.01185
1149 0.01151
1150 0.01117
1151 0.01085
1152 0.01053
1153 0.01022
1154 0.00992
1155 0.00962
1156 0.00933
1157 0.00905
1158 0.00877
1159 0.00851
1160 0.00824
1161 0.00799
1162 0.00774
1163 0.00750
1164 0.00726
1165 0.00703
1166 0.00681
1167 0.00659
1168 0.00638
1169 0.00617
1170 0.00597
1171 0.00578
1172 0.00559
1173 0.00540
1174 0.00522
1175 0.00505
1176 0.00488
1177 0.00471
1178 0.00455
1179 0.00439
1180 0.00424
1181 0.00410
1182 0.00395
1183 0.00381
1184 0.00368
1185 0.00355
1186 0.00342
1187 0.00330
1188 0.00318
1189 0.00307
1190 0.00295
1191 0.00285
1192 0.00274
1193 0.00264
1194 0.00254
1195 0.00245
1196 0.00235
1197 0.00226
1198 0.00218
1199 0.00210
1200 0.00201
1201 0.00194
1202 0.00186
1203 0.00179
1204 0.00172
1205 0.00165
1206 0.00158
1207 0.00152
1208 0.00146
1209 0.00140
1210 0.00134
1211 0.00129
1212 0.00124
1213 0.00118
1214 0.00114
1215 0.00109
1216 1.00000
