17 0.73871
18 0.71914
19 0.69957
20 0.68007
21 0.66066
22 0.64139
23 0.62229
24 0.60338
25 0.58469
26 0.56625
27 0.54808
28 0.53019
29 0.51261
30 0.49535
31 0.47842
32 0.46183
33 0.44560
34 0.42973
35 0.41422
36 0.39909
37 0.38434
38 0.36996
39 0.35597
40 0.34236
41 0.32913
42 0.31628
43 0.30381
44 0.29171
45 0.27999
46 0.26863
47 0.25764
48 0.24701
49 0.23672
50 0.22679
51 0.21719
52 0.20793
53 0.19900
54 0.19039
55 0.18209
56 0.17409
57 0.16640
58 0.15899
59 0.15187
60 0.14502
61 0.13844
62 0.13212
63 0.12605
64 0.12023
65 0.11465
66 0.10929
67 0.10416
68 0.09924
69 0.09453
70 0.09002
71 0.08570
72 0.08157
73 0.07762
74 0.07385
75 0.07024
76 0.06679
77 0.06350
78 0.06035
79 0.05735
80 0.05449
81 0.05175
82 0.04915
83 0.04667
84 0.04430
85 0.04204
86 0.03989
87 0.03785
88 0.03590
89 0.03405
90 0.03228
91 0.03060
92 0.02901
93 0.02749
94 0.02605
95 0.02468
96 0.02337
97 0.02214
98 0.02096
99 0.01984
100 0.01879
101 0.01778
102 0.01683
103 0.01592
104 0.01506
105 0.01425
106 0.01347
107 0.01274
108 0.01205
109 0.01139
110 0.01077
111 0.01018
112 0.00962
113 0.00909
114 0.00859
115 0.00811
116 0.00766
117 0.00724
118 0.00684
119 0.00645
120 0.00609
121 0.00575
122 0.00543
123 0.00513
124 0.00484
125 0.00457
126 0.00431
127 0.00407
128 0.00384
129 0.00362
130 0.00342
131 0.00322
132 0.00304
133 0.00287
134 0.00270
135 0.00255
136 0.00240
137 0.00227
138 0.00214
139 0.00201
140 0.00190
141 0.00179
142 0.00169
143 0.00159
144 0.00150
145 0.00141
146 0.00133
147 0.00125
148 0.00118
149 0.00111
150 0.00105
151 0.00099
152 0.00093
153 0.00088
154 0.00083
155 0.00078
156 0.00073
157 0.00069
158 0.00065
159 0.00061
160 0.00058
161 0.00054
162 0.00051
163 0.00048
164 0.00045
165 0.00043
166 0.00040
167 0.00038
168 0.00036
169 0.00034
170 0.00032
171 0.00030
172 0.00028
173 0.00026
174 0.00025
175 0.00023
176 0.00022
177 0.00021
178 0.00020
179 0.00018
180 0.00017
181 0.00016
182 0.00015
183 0.00015
184 0.00014
185 0.00013
186 0.00012
187 0.00011
188 0.00011
189 0.00010
190 0.00010
191 0.00009
192 0.00008
193 0.00008
194 0.00008
195 0.00007
196 0.00007
197 0.00006
198 0.00006
199 0.00006
200 0.00005
201 0.00005
202 0.00005
203 0.00004
204 0.00004
205 0.00004
206 0.00004
207 0.00003
208 0.00003
209 0.00003
210 0.00003
211 0.00003
212 0.00003
213 0.00002
214 0.00002
215 0.00002
216 0.00002
217 0.00002
218 0.00002
219 0.00002
220 0.00002
221 0.00002
222 0.00001
223 0.00001
224 0.00001
225 0.00001
226 0.00001
227 0.00001
228 0.00001
229 0.00001
230 0.00001
231 0.00001
232 0.00001
233 0.00001
234 0.00001
235 0.00001
236 0.00001
237 0.00001
238 0.00001
239 0.00001
240 0.00001
241 0.00000
242 0.00000
243 0.00000
244 0.00000
245 0.00000
246 0.00000
247 0.00000
248 0.00000
249 0.00000
250 0.00000
251 0.00000
252 0.00000
253 0.00000
254 0.00000
255 0.00000
256 0.00000
257 0.00000
258 0.00000
259 0.00000
260 0.00000
261 0.00000
262 0.00000
263 0.00000
264 0.00000
265 0.00000
266 0.00000
267 0.00000
268 0.00000
269 0.00000
270 0.00000
271 0.00000
272 0.00000
273 0.00000
274 0.00000
275 0.00000
276 0.00000
277 0.00000
278 0.00000
279 0.00000
280 0.00000
281 0.00000
282 0.00000
283 0.00000
284 0.00000
285 0.00000
286 0.00000
287 0.00000
288 0.00000
289 0.00000
290 0.00000
291 0.00000
292 0.00000
293 0.00000
294 0.00000
295 0.00000
296 0.00000
297 0.00000
298 0.00000
299 0.00000
300 0.00000
301 0.00000
302 0.00000
303 0.00000
304 0.00000
305 0.00000
306 0.00000
307 0.00000
308 0.00000
309 0.00000
310 0.00000
311 0.00000
312 0.00000
313 0.00000
314 0.00000
315 0.00000
316 0.00000
317 0.00000
318 0.00000
319 0.00000
320 0.00000
321 0.00000
322 0.00000
323 0.00000
324 0.00000
325 0.00000
326 0.00000
327 0.00000
328 0.00000
329 0.00000
330 0.00000
331 0.00000
332 0.00000
333 0.00000
334 0.00000
335 0.00000
336 0.00000
337 0.00000
338 0.00000
339 0.00000
340 0.00000
341 0.00000
342 0.00000
343 0.00000
344 0.00000
345 0.00000
346 0.00000
347 0.00000
348 0.00000
349 0.00000
350 0.00000
351 0.00000
352 0.00000
353 0.00000
354 0.00000
355 0.00000
356 0.00000
357 0.00000
358 0.00000
359 0.00000
360 0.00000
361 0.00000
362 0.00000
363 0.00000
364 0.00000
365 0.00000
366 0.00000
367 0.00000
368 0.00000
369 0.00000
370 0.00000
371 0.00000
372 0.00000
373 0.00000
374 0.00000
375 0.00000
376 0.00000
377 0.00000
378 0.00000
379 0.00000
380 0.00000
381 0.00000
382 0.00000
383 0.00000
384 0.00000
385 0.00000
386 0.00000
387 0.00000
388 0.00000
389 0.00000
390 0.00000
391 0.00000
392 0.00000
393 0.00000
394 0.00000
395 0.00000
396 0.00000
397 0.00000
398 0.00000
399 0.00000
400 0.00000
401 0.00000
402 0.00000
403 0.00000
404 0.00000
405 0.00000
406 0.00000
407 0.00000
408 0.00000
409 0.00000
410 0.00000
411 0.00000
412 0.00000
413 0.00000
414 0.00000
415 0.00000
416 0.00000
417 0.00000
418 0.00000
419 0.00000
420 0.00000
421 0.00000
422 0.00000
423 0.00000
424 0.00000
425 0.00000
426 0.00000
427 0.00000
428 0.00000
429 0.00000
430 0.00000
431 0.00000
432 0.00000
433 0.00000
434 0.00000
435 0.00000
436 0.00000
437 0.00000
438 0.00000
439 0.00000
440 0.00000
441 0.00000
442 0.00000
443 0.00000
444 0.00000
445 0.00000
446 0.00000
447 0.00000
448 0.00000
449 0.00000
450 0.00000
451 0.00000
452 0.00000
453 0.00000
454 0.00000
455 0.00000
456 0.00000
457 0.00000
458 0.00000
459 0.00000
460 0.00000
461 0.00000
462 0.00000
463 0.00000
464 0.00000
465 0.00000
466 0.00000
467 0.00000
468 0.00000
469 0.00000
470 0.00000
471 0.00000
472 0.00000
473 0.00000
474 0.00000
475 0.00000
476 0.00000
477 0.00000
478 0.00000
479 0.00000
480 0.00000
481 0.00000
482 0.00000
483 0.00000
484 0.00000
485 0.00000
486 0.00000
487 0.00000
488 0.00000
489 0.00000
490 0.00000
491 0.00000
492 0.00000
493 0.00000
494 0.00000
495 0.00000
496 0.00000
497 0.00000
498 0.00000
499 0.00000
500 0.00000
501 0.00000
502 0.00000
503 0.00000
504 0.00000
505 0.00000
506 0.00000
507 0.00000
508 0.00000
509 0.00000
510 0.00000
511 0.00000
512 0.00000
513 0.00000
514 0.00000
515 0.00000
516 0.00000
517 0.00000
518 0.00000
519 0.00000
520 0.00000
521 0.00000
522 0.00000
523 0.00000
524 0.00000
525 0.00000
526 0.00000
527 0.00000
528 0.00000
529 0.00000
530 0.00000
531 0.00000
532 0.00000
533 0.00000
534 0.00000
535 0.00000
536 0.00000
537 0.00000
538 0.00000
539 0.00000
540 0.00000
541 0.00000
542 0.00000
543 0.00000
544 0.00000
545 0.00000
546 0.00000
547 0.00000
548 0.00000
549 0.00000
550 0.00000
551 0.00000
552 0.00000
553 0.00000
554 0.00000
555 0.00000
556 0.00000
557 0.00000
558 0.00000
559 0.00000
560 0.00000
561 0.00000
562 0.00000
563 0.00000
564 0.00000
565 0.00000
566 0.00000
567 0.00000
568 0.00000
569 0.00000
570 0.00000
571 0.00000
572 0.00000
573 0.00000
574 0.00000
575 0.00000
576 0.00000
577 0.00000
578 0.00000
579 0.00000
580 0.00000
581 0.00000
582 0.00000
583 0.00000
584 0.00000
585 0.00000
586 0.00000
587 0.00000
588 0.00000
589 0.00000
590 0.00000
591 0.00000
592 0.00000
593 0.00000
594 0.00000
595 0.00000
596 0.00000
597 0.00000
598 0.00000
599 0.00000
600 0.00000
601 0.00000
602 0.00000
603 0.00000
604 0.00000
605 0.00000
606 0.00000
607 0.00000
608 0.00000
609 0.00000
610 0.00000
611 0.00000
612 0.00000
613 0.00000
614 0.00000
615 0.00000
616 0.00000
617 0.00000
618 0.00000
619 0.00000
620 0.00000
621 0.00000
622 0.00000
623 0.00000
624 0.00000
625 0.00000
626 0.00000
627 0.00000
628 0.00000
629 0.00000
630 0.00000
631 0.00000
632 0.00000
633 0.00000
634 0.00000
635 0.00000
636 0.00000
637 0.00000
638 0.00000
639 0.00000
640 0.00000
641 0.00000
642 0.00000
643 0.00000
644 0.00000
645 0.00000
646 0.00000
647 0.00000
648 0.00000
649 0.00000
650 0.00000
651 0.00000
652 0.00000
653 0.00000
654 0.00000
655 0.00000
656 0.00000
657 0.00000
658 0.00000
659 0.00000
660 0.00000
661 0.00000
662 0.00000
663 0.00000
664 0.00000
665 0.00000
666 0.00000
667 0.00000
668 0.00000
669 0.00000
670 0.00000
671 0.00000
672 0.00000
673 0.00000
674 0.00000
675 0.00000
676 0.00000
677 0.00000
678 0.00000
679 0.00000
680 0.00000
681 0.00000
682 0.00000
683 0.00000
684 0.00000
685 0.00000
686 0.00000
687 0.00000
688 0.00000
689 0.00000
690 0.00000
691 0.00000
692 0.00000
693 0.00000
694 0.00000
695 0.00000
696 0.00000
697 0.00000
698 0.00000
699 0.00000
700 0.00000
701 0.00000
702 0.00000
703 0.00000
704 0.00000
705 0.00000
706 0.00000
707 0.00000
708 0.00000
709 0.00000
710 0.00000
711 0.00000
712 0.00000
713 0.00000
714 0.00000
715 0.00000
716 0.00000
717 0.00000
718 0.00000
719 0.00000
720 0.00000
721 0.00000
722 0.00000
723 0.00000
724 0.00000
725 0.00000
726 0.00000
727 0.00000
728 0.00000
729 0.00000
730 0.00000
731 0.00000
732 0.00000
733 0.00000
734 0.00000
735 0.00000
736 0.00000
737 0.00000
738 0.00000
739 0.00000
740 0.00000
741 0.00000
742 0.00000
743 0.00000
744 0.00000
745 0.00000
746 0.00000
747 0.00000
748 0.00000
749 0.00000
750 0.00000
751 0.00000
752 0.00000
753 0.00000
754 0.00000
755 0.00000
756 0.00000
757 0.00000
758 0.00000
759 0.00000
760 0.00000
761 0.00000
762 0.00000
763 0.00000
764 0.00000
765 0.00000
766 0.00000
767 0.00000
768 0.00000
769 0.00000
770 0.00000
771 0.00000
772 0.00000
773 0.00000
774 0.00000
775 0.00000
776 0.00000
777 0.00000
778 0.00000
779 0.00000
780 0.00000
781 0.00000
782 0.00000
783 0.00000
784 0.00000
785 0.00000
786 0.00000
787 0.00000
788 0.00000
789 0.00000
790 0.00000
791 0.00000
792 0.00000
793 0.00000
794 0.00000
795 0.00000
796 0.00000
797 0.00000
798 0.00000
799 0.00000
800 0.00000
801 0.00000
802 0.00000
803 0.00000
804 0.00000
805 0.00000
806 0.00000
807 0.00000
808 0.00000
809 0.00000
810 0.00000
811 0.00000
812 0.00000
813 0.00000
814 0.00000
815 0.00000
816 0.00000
817 0.00000
818 0.00000
819 0.00000
820 0.00000
821 0.00000
822 0.00000
823 0.00000
824 0.00000
825 0.00000
826 0.00000
827 0.00000
828 0.00000
829 0.00000
830 0.00000
831 0.00001
832 0.00001
833 0.00001
834 0.00001
835 0.00001
836 0.00001
837 0.00001
838 0.00001
839 0.00001
840 0.00001
841 0.00001
842 0.00001
843 0.00001
844 0.00001
845 0.00001
846 0.00002
847 0.00002
848 0.00002
849 0.00002
850 0.00002
851 0.00002
852 0.00002
853 0.00003
854 0.00003
855 0.00003
856 0.00003
857 0.00003
858 0.00004
859 0.00004
860 0.00004
861 0.00005
862 0.00005
863 0.00005
864 0.00006
865 0.00006
866 0.00007
867 0.00007
868 0.00008
869 0.00009
870 0.00009
871 0.00010
872 0.00011
873 0.00012
874 0.00013
875 0.00014
876 0.00015
877 0.00016
878 0.00017
879 0.00019
880 0.00020
881 0.00022
882 0.00023
883 0.00025
884 0.00027
885 0.00030
886 0.00032
887 0.00035
888 0.00038
889 0.00041
890 0.00044
891 0.00048
892 0.00052
893 0.00056
894 0.00060
895 0.00065
896 0.00071
897 0.00077
898 0.00083
899 0.00090
900 0.00097
901 0.00106
902 0.00114
903 0.00124
904 0.00134
905 0.00146
906 0.00158
907 0.00171
908 0.00185
909 0.00201
910 0.00218
911 0.00236
912 0.00250
913 0.00280
914 0.00320
915 0.00364
916 0.00396
917 0.00411
918 0.00432
919 0.00462
920 0.00505
921 0.00569
922 0.00548
923 0.00528
924 0.00620
925 0.00598
926 0.00577
927 0.00718
928 0.00693
929 0.00669
930 0.00646
931 0.00877
932 0.00848
933 0.00820
934 0.00793
935 0.00767
936 0.00741
937 0.00716
938 0.01118
939 0.01084
940 0.01051
941 0.01019
942 0.00987
943 0.00956
944 0.00926
945 0.00896
946 0.00867
947 0.00839
948 0.00812
949 0.00785
950 0.01573
951 0.01530
952 0.01487
953 0.01446
954 0.01405
955 0.01365
956 0.01326
957 0.01287
958 0.01250
959 0.01213
960 0.01177
961 0.01142
962 0.01107
963 0.01074
964 0.01041
965 0.01009
966 0.00978
967 0.00947
968 0.00917
969 0.00888
970 0.00859
971 0.00832
972 0.00805
973 0.02685
974 0.02621
975 0.02559
976 0.02497
977 0.02437
978 0.02377
979 0.02319
980 0.02261
981 0.02204
982 0.02149
983 0.02094
984 0.02040
985 0.01987
986 0.01935
987 0.01884
988 0.01834
989 0.01785
990 0.01736
991 0.01689
992 0.01642
993 0.01597
994 0.01552
995 0.01508
996 0.01465
997 0.01423
998 0.01382
999 0.01342
1000 0.01302
1001 0.01264
1002 0.01226
1003 0.01189
1004 0.01153
1005 0.01118
1006 0.01083
1007 0.01049
1008 0.01017
1009 0.00984
1010 0.00953
1011 0.00922
1012 0.00893
1013 0.00863
1014 0.00835
1015 0.00807
1016 0.00780
1017 0.00754
1018 0.00729
1019 0.00704
1020 0.00679
1021 0.00656
1022 0.00633
1023 0.00611
1024 0.00589
1025 0.00568
1026 0.07307
1027 0.07179
1028 0.07053
1029 0.06927
1030 0.06803
1031 0.06680
1032 0.06558
1033 0.06438
1034 0.06319
1035 0.06201
1036 0.06084
1037 0.05968
1038 0.05854
1039 0.05741
1040 0.05630
1041 0.05519
1042 0.05411
1043 0.05303
1044 0.05197
1045 0.05092
1046 0.04988
1047 0.04886
1048 0.04785
1049 0.04685
1050 0.04587
1051 0.04490
1052 0.04394
1053 0.04300
1054 0.04207
1055 0.04116
1056 0.04025
1057 0.03937
1058 0.03849
1059 0.03763
1060 0.03678
1061 0.03594
1062 0.03512
1063 0.03431
1064 0.03352
1065 0.03274
1066 0.03197
1067 0.03121
1068 0.03046
1069 0.02973
1070 0.02902
1071 0.02831
1072 0.02762
1073 0.02693
1074 0.02627
1075 0.02561
1076 0.02497
1077 0.02433
1078 0.02371
1079 0.02310
1080 0.02251
1081 0.02192
1082 0.02135
1083 0.02079
1084 0.02024
1085 0.01970
1086 0.01917
1087 0.01865
1088 0.01814
1089 0.01765
1090 0.01716
1091 0.01668
1092 0.01622
1093 0.01576
1094 0.01532
1095 0.01488
1096 0.01446
1097 0.01404
1098 0.01363
1099 0.01324
1100 0.01285
1101 0.01247
1102 0.01210
1103 0.01174
1104 0.01138
1105 0.01104
1106 0.01070
1107 0.01038
1108 0.01006
1109 0.00974
1110 0.00944
1111 0.00914
1112 0.00886
1113 0.00857
1114 0.00830
1115 0.00803
1116 0.00777
1117 0.00752
1118 0.00728
1119 0.00704
1120 0.00680
1121 0.00658
1122 0.00636
1123 0.00614
1124 0.00593
1125 0.00573
1126 0.00553
1127 0.00534
1128 0.00516
1129 0.00498
1130 0.00480
1131 0.00463
1132 0.00447
1133 0.00431
1134 0.00415
1135 0.00400
1136 0.00386
1137 0.00372
1138 0.00358
1139 0.00345
1140 0.00332
1141 0.00319
1142 0.00307
1143 0.00296
1144 0.00284
1145 0.00274
1146 0.00263
1147 0.00253
1148 0.00243
1149 0.00233
1150 0.00224
1151 0.00215
1152 0.00207
1153 0.00198
1154 0.00190
1155 0.00183
1156 0.00175
1157 0.00168
1158 0.00161
1159 0.00154
1160 0.00148
1161 0.00142
1162 0.00136
1163 0.00130
1164 0.00124
1165 0.00119
1166 0.00114
1167 0.00109
1168 0.00104
1169 0.00100
1170 0.00095
1171 0.00091
1172 0.00087
1173 0.00083
1174 0.00079
1175 0.00076
1176 0.00072
1177 0.00069
1178 0.00066
1179 0.00063
1180 0.00060
1181 0.00057
1182 0.00054
1183 0.00052
1184 0.00049
1185 0.00047
1186 0.00045
1187 0.00042
1188 0.00040
1189 0.00038
1190 0.00037
1191 0.00035
1192 0.00033
1193 0.00031
1194 0.00030
1195 0.00028
1196 0.00027
1197 0.00025
1198 0.00024
1199 0.00023
1200 0.00022
1201 0.00021
1202 0.00019
1203 0.00018
1204 0.00017
1205 0.00017
1206 0.00016
1207 0.00015
1208 0.00014
1209 0.00013
1210 0.00012
1211 0.00012
1212 0.00011
1213 0.00011
1214 0.00010
1215 0.00009
1216 1.00000
