17 0.91503
18 0.90785
19 0.90054
20 0.89310
21 0.88555
22 0.87790
23 0.87015
24 0.86231
25 0.85439
26 0.84640
27 0.83834
28 0.83022
29 0.82205
30 0.81384
31 0.80558
32 0.79729
33 0.78896
34 0.78062
35 0.77225
36 0.76387
37 0.75547
38 0.74708
39 0.73868
40 0.73028
41 0.72188
42 0.71350
43 0.70513
44 0.69678
45 0.68845
46 0.68013
47 0.67185
48 0.66359
49 0.65537
50 0.64718
51 0.63902
52 0.63091
53 0.62283
54 0.61480
55 0.60681
56 0.59887
57 0.59098
58 0.58314
59 0.57535
60 0.56762
61 0.55994
62 0.55231
63 0.54475
64 0.53724
65 0.52980
66 0.52241
67 0.51509
68 0.50783
69 0.50063
70 0.49350
71 0.48644
72 0.47944
73 0.47251
74 0.46564
75 0.45885
76 0.45212
77 0.44546
78 0.43887
79 0.43235
80 0.42590
81 0.41952
82 0.41320
83 0.40696
84 0.40079
85 0.39469
86 0.38866
87 0.38270
88 0.37681
89 0.37100
90 0.36525
91 0.35957
92 0.35396
93 0.34842
94 0.34295
95 0.33755
96 0.33222
97 0.32695
98 0.32176
99 0.31663
100 0.31157
101 0.30658
102 0.30165
103 0.29679
104 0.29200
105 0.28727
106 0.28261
107 0.27801
108 0.27348
109 0.26901
110 0.26460
111 0.26025
112 0.25597
113 0.25175
114 0.24759
115 0.24349
116 0.23945
117 0.23547
118 0.23155
119 0.22768
120 0.22388
121 0.22013
122 0.21644
123 0.21280
124 0.20922
125 0.20569
126 0.20222
127 0.19880
128 0.19543
129 0.19212
130 0.18886
131 0.18564
132 0.18248
133 0.17937
134 0.17631
135 0.17329
136 0.17033
137 0.16741
138 0.16454
139 0.16171
140 0.15893
141 0.15620
142 0.15351
143 0.15086
144 0.14826
145 0.14570
146 0.14318
147 0.14070
148 0.13826
149 0.13587
150 0.13351
151 0.13120
152 0.12892
153 0.12668
154 0.12447
155 0.12231
156 0.12018
157 0.11809
158 0.11603
159 0.11401
160 0.11202
161 0.11006
162 0.10814
163 0.10625
164 0.10440
165 0.10257
166 0.10078
167 0.09902
168 0.09728
169 0.09558
170 0.09391
171 0.09227
172 0.09065
173 0.08907
174 0.08751
175 0.08598
176 0.08447
177 0.08299
178 0.08154
179 0.08011
180 0.07871
181 0.07733
182 0.07598
183 0.07465
184 0.07334
185 0.07206
186 0.07080
187 0.06956
188 0.06835
189 0.06715
190 0.06598
191 0.06483
192 0.06369
193 0.06258
194 0.06149
195 0.06042
196 0.05936
197 0.05833
198 0.05731
199 0.05632
200 0.05534
201 0.05437
202 0.05343
203 0.05250
204 0.05159
205 0.05070
206 0.04982
207 0.04895
208 0.04811
209 0.04727
210 0.04646
211 0.04565
212 0.04487
213 0.04409
214 0.04333
215 0.04259
216 0.04185
217 0.04113
218 0.04043
219 0.03973
220 0.03905
221 0.03838
222 0.03773
223 0.03708
224 0.03645
225 0.03583
226 0.03522
227 0.03462
228 0.03403
229 0.03345
230 0.03288
231 0.03233
232 0.03178
233 0.03124
234 0.03071
235 0.03020
236 0.02969
237 0.02919
238 0.02870
239 0.02822
240 0.02774
241 0.02728
242 0.02682
243 0.02638
244 0.02594
245 0.02551
246 0.02508
247 0.02467
248 0.02426
249 0.02386
250 0.02346
251 0.02308
252 0.02270
253 0.02232
254 0.02196
255 0.02160
256 0.02124
257 0.02090
258 0.02056
259 0.02022
260 0.01989
261 0.01957
262 0.01926
263 0.01894
264 0.01864
265 0.01834
266 0.01804
267 0.01776
268 0.01747
269 0.01719
270 0.01692
271 0.01665
272 0.01638
273 0.01612
274 0.01587
275 0.01562
276 0.01537
277 0.01513
278 0.01489
279 0.01466
280 0.01443
281 0.01421
282 0.01399
283 0.01377
284 0.01356
285 0.01335
286 0.01314
287 0.01294
288 0.01274
289 0.01255
290 0.01235
291 0.01217
292 0.01198
293 0.01180
294 0.01162
295 0.01145
296 0.01127
297 0.01111
298 0.01094
299 0.01078
300 0.01062
301 0.01046
302 0.01030
303 0.01015
304 0.01000
305 0.00985
306 0.00971
307 0.00957
308 0.00943
309 0.00929
310 0.00916
311 0.00902
312 0.00889
313 0.00877
314 0.00864
315 0.00852
316 0.00840
317 0.00828
318 0.00816
319 0.00805
320 0.00793
321 0.00782
322 0.00771
323 0.00760
324 0.00750
325 0.00739
326 0.00729
327 0.00719
328 0.00709
329 0.00700
330 0.00690
331 0.00681
332 0.00672
333 0.00662
334 0.00654
335 0.00645
336 0.00636
337 0.00628
338 0.00619
339 0.00611
340 0.00603
341 0.00595
342 0.00588
343 0.00580
344 0.00572
345 0.00565
346 0.00558
347 0.00551
348 0.00544
349 0.00537
350 0.00530
351 0.00523
352 0.00517
353 0.00510
354 0.00504
355 0.00497
356 0.00491
357 0.00485
358 0.00479
359 0.00473
360 0.00468
361 0.00462
362 0.00456
363 0.00451
364 0.00446
365 0.00440
366 0.00435
367 0.00430
368 0.00425
369 0.00420
370 0.00415
371 0.00410
372 0.00405
373 0.00401
374 0.00396
375 0.00392
376 0.00387
377 0.00383
378 0.00379
379 0.00374
380 0.00370
381 0.00366
382 0.00362
383 0.00358
384 0.00354
385 0.00350
386 0.00347
387 0.00343
388 0.00339
389 0.00336
390 0.00332
391 0.00329
392 0.00325
393 0.00322
394 0.00319
395 0.00315
396 0.00312
397 0.00309
398 0.00306
399 0.00303
400 0.00300
401 0.00297
402 0.00294
403 0.00291
404 0.00288
405 0.00285
406 0.00283
407 0.00280
408 0.00277
409 0.00275
410 0.00272
411 0.00270
412 0.00267
413 0.00265
414 0.00262
415 0.00260
416 0.00258
417 0.00255
418 0.00253
419 0.00251
420 0.00248
421 0.00246
422 0.00244
423 0.00242
424 0.00240
425 0.00238
426 0.00236
427 0.00234
428 0.00232
429 0.00230
430 0.00228
431 0.00226
432 0.00225
433 0.00223
434 0.00221
435 0.00219
436 0.00217
437 0.00216
438 0.00214
439 0.00212
440 0.00211
441 0.00209
442 0.00208
443 0.00206
444 0.00205
445 0.00203
446 0.00202
447 0.00200
448 0.00199
449 0.00197
450 0.00196
451 0.00195
452 0.00193
453 0.00192
454 0.00191
455 0.00189
456 0.00188
457 0.00187
458 0.00186
459 0.00185
460 0.00183
461 0.00182
462 0.00181
463 0.00180
464 0.00179
465 0.00178
466 0.00177
467 0.00176
468 0.00175
469 0.00174
470 0.00173
471 0.00172
472 0.00171
473 0.00170
474 0.00169
475 0.00168
476 0.00167
477 0.00166
478 0.00165
479 0.00165
480 0.00164
481 0.00163
482 0.00162
483 0.00161
484 0.00161
485 0.00160
486 0.00159
487 0.00158
488 0.00158
489 0.00157
490 0.00156
491 0.00156
492 0.00155
493 0.00154
494 0.00154
495 0.00153
496 0.00153
497 0.00152
498 0.00151
499 0.00151
500 0.00150
501 0.00150
502 0.00149
503 0.00149
504 0.00148
505 0.00148
506 0.00147
507 0.00147
508 0.00146
509 0.00146
510 0.00146
511 0.00145
512 0.00145
513 0.00144
514 0.00144
515 0.00144
516 0.00143
517 0.00143
518 0.00143
519 0.00142
520 0.00142
521 0.00142
522 0.00141
523 0.00141
524 0.00141
525 0.00141
526 0.00140
527 0.00140
528 0.00140
529 0.00140
530 0.00139
531 0.00139
532 0.00139
533 0.00139
534 0.00139
535 0.00139
536 0.00139
537 0.00138
538 0.00138
539 0.00138
540 0.00138
541 0.00138
542 0.00138
543 0.00138
544 0.00138
545 0.00138
546 0.00138
547 0.00138
548 0.00138
549 0.00138
550 0.00138
551 0.00138
552 0.00138
553 0.00138
554 0.00138
555 0.00138
556 0.00138
557 0.00138
558 0.00138
559 0.00138
560 0.00138
561 0.00138
562 0.00138
563 0.00138
564 0.00139
565 0.00139
566 0.00139
567 0.00139
568 0.00139
569 0.00139
570 0.00139
571 0.00140
572 0.00140
573 0.00140
574 0.00140
575 0.00141
576 0.00141
577 0.00141
578 0.00141
579 0.00142
580 0.00142
581 0.00142
582 0.00143
583 0.00143
584 0.00143
585 0.00144
586 0.00144
587 0.00144
588 0.00145
589 0.00145
590 0.00146
591 0.00146
592 0.00147
593 0.00147
594 0.00148
595 0.00148
596 0.00149
597 0.00149
598 0.00150
599 0.00150
600 0.00151
601 0.00151
602 0.00152
603 0.00152
604 0.00153
605 0.00154
606 0.00154
607 0.00155
608 0.00156
609 0.00156
610 0.00157
611 0.00158
612 0.00159
613 0.00159
614 0.00160
615 0.00161
616 0.00162
617 0.00162
618 0.00163
619 0.00164
620 0.00165
621 0.00166
622 0.00167
623 0.00168
624 0.00169
625 0.00170
626 0.00171
627 0.00172
628 0.00173
629 0.00174
630 0.00175
631 0.00176
632 0.00177
633 0.00178
634 0.00179
635 0.00181
636 0.00182
637 0.00183
638 0.00184
639 0.00186
640 0.00187
641 0.00188
642 0.00190
643 0.00191
644 0.00192
645 0.00194
646 0.00195
647 0.00197
648 0.00198
649 0.00200
650 0.00201
651 0.00203
652 0.00205
653 0.00206
654 0.00208
655 0.00210
656 0.00211
657 0.00213
658 0.00215
659 0.00217
660 0.00219
661 0.00221
662 0.00223
663 0.00225
664 0.00227
665 0.00229
666 0.00231
667 0.00233
668 0.00235
669 0.00237
670 0.00240
671 0.00242
672 0.00244
673 0.00247
674 0.00249
675 0.00252
676 0.00254
677 0.00257
678 0.00259
679 0.00262
680 0.00265
681 0.00268
682 0.00270
683 0.00273
684 0.00276
685 0.00279
686 0.00282
687 0.00286
688 0.00289
689 0.00292
690 0.00295
691 0.00299
692 0.00302
693 0.00306
694 0.00309
695 0.00313
696 0.00316
697 0.00320
698 0.00324
699 0.00328
700 0.00332
701 0.00336
702 0.00340
703 0.00345
704 0.00349
705 0.00353
706 0.00358
707 0.00362
708 0.00367
709 0.00372
710 0.00377
711 0.00382
712 0.00387
713 0.00392
714 0.00397
715 0.00403
716 0.00408
717 0.00414
718 0.00419
719 0.00425
720 0.00431
721 0.00437
722 0.00444
723 0.00450
724 0.00456
725 0.00463
726 0.00470
727 0.00477
728 0.00484
729 0.00491
730 0.00498
731 0.00506
732 0.00513
733 0.00521
734 0.00529
735 0.00537
736 0.00546
737 0.00554
738 0.00563
739 0.00572
740 0.00581
741 0.00590
742 0.00599
743 0.00609
744 0.00619
745 0.00629
746 0.00639
747 0.00650
748 0.00661
749 0.00672
750 0.00683
751 0.00695
752 0.00706
753 0.00718
754 0.00731
755 0.00743
756 0.00756
757 0.00770
758 0.00783
759 0.00797
760 0.00811
761 0.00825
762 0.00840
763 0.00855
764 0.00871
765 0.00887
766 0.00903
767 0.00920
768 0.00937
769 0.00954
770 0.00972
771 0.00990
772 0.01009
773 0.01028
774 0.01047
775 0.01068
776 0.01088
777 0.01109
778 0.01131
779 0.01153
780 0.01175
781 0.01199
782 0.01222
783 0.01247
784 0.01272
785 0.01297
786 0.01324
787 0.01351
788 0.01378
789 0.01406
790 0.01435
791 0.01465
792 0.01496
793 0.01527
794 0.01559
795 0.01592
796 0.01626
797 0.01660
798 0.01696
799 0.01732
800 0.01769
801 0.01808
802 0.01847
803 0.01888
804 0.01929
805 0.01972
806 0.02015
807 0.02060
808 0.02106
809 0.02154
810 0.02202
811 0.02252
812 0.02304
813 0.02356
814 0.02410
815 0.02466
816 0.02523
817 0.02582
818 0.02642
819 0.02704
820 0.02768
821 0.02833
822 0.02901
823 0.02970
824 0.03041
825 0.03114
826 0.03189
827 0.03267
828 0.03346
829 0.03428
830 0.03513
831 0.03599
832 0.03688
833 0.03780
834 0.03874
835 0.03972
836 0.04072
837 0.04174
838 0.04280
839 0.04389
840 0.04502
841 0.04617
842 0.04736
843 0.04859
844 0.04985
845 0.05115
846 0.05249
847 0.05387
848 0.05529
849 0.05676
850 0.05827
851 0.05982
852 0.06143
853 0.06308
854 0.06478
855 0.06654
856 0.06835
857 0.07022
858 0.07214
859 0.07413
860 0.07618
861 0.07829
862 0.08047
863 0.08272
864 0.08503
865 0.08743
866 0.08990
867 0.09245
868 0.09508
869 0.09779
870 0.10059
871 0.10349
872 0.10648
873 0.10956
874 0.11275
875 0.11604
876 0.11944
877 0.12295
878 0.12657
879 0.13032
880 0.13419
881 0.13819
882 0.14233
883 0.14660
884 0.15102
885 0.15559
886 0.16031
887 0.16519
888 0.17023
889 0.17545
890 0.18085
891 0.18643
892 0.19221
893 0.19818
894 0.20436
895 0.21076
896 0.21738
897 0.22423
898 0.23132
899 0.23865
900 0.24625
901 0.25411
902 0.26226
903 0.27069
904 0.27942
905 0.28846
906 0.29783
907 0.30753
908 0.31758
909 0.32800
910 0.33879
911 0.34997
912 0.35893
913 0.38413
914 0.40224
915 0.41558
916 0.42336
917 0.42723
918 0.43172
919 0.43698
920 0.44327
921 0.45090
922 0.44951
923 0.44812
924 0.45764
925 0.45626
926 0.45487
927 0.46713
928 0.46575
929 0.46438
930 0.46301
931 0.47941
932 0.47805
933 0.47669
934 0.47534
935 0.47398
936 0.47262
937 0.47127
938 0.49447
939 0.49314
940 0.49181
941 0.49048
942 0.48914
943 0.48781
944 0.48648
945 0.48515
946 0.48381
947 0.48248
948 0.48115
949 0.47982
950 0.51537
951 0.51408
952 0.51279
953 0.51150
954 0.51020
955 0.50891
956 0.50762
957 0.50632
958 0.50503
959 0.50373
960 0.50244
961 0.50115
962 0.49985
963 0.49856
964 0.49726
965 0.49597
966 0.49467
967 0.49338
968 0.49208
969 0.49079
970 0.48949
971 0.48820
972 0.48690
973 0.54866
974 0.54744
975 0.54622
976 0.54500
977 0.54378
978 0.54256
979 0.54134
980 0.54012
981 0.53890
982 0.53768
983 0.53646
984 0.53523
985 0.53401
986 0.53279
987 0.53156
988 0.53034
989 0.52912
990 0.52789
991 0.52666
992 0.52544
993 0.52421
994 0.52299
995 0.52176
996 0.52053
997 0.51931
998 0.51808
999 0.51685
1000 0.51562
1001 0.51439
1002 0.51316
1003 0.51194
1004 0.51071
1005 0.50948
1006 0.50825
1007 0.50702
1008 0.50579
1009 0.50456
1010 0.50333
1011 0.50210
1012 0.50086
1013 0.49963
1014 0.49840
1015 0.49717
1016 0.49594
1017 0.49471
1018 0.49348
1019 0.49224
1020 0.49101
1021 0.48978
1022 0.48855
1023 0.48732
1024 0.48609
1025 0.48485
1026 0.62035
1027 0.61931
1028 0.61827
1029 0.61723
1030 0.61618
1031 0.61514
1032 0.61410
1033 0.61305
1034 0.61201
1035 0.61096
1036 0.60991
1037 0.60886
1038 0.60781
1039 0.60676
1040 0.60571
1041 0.60466
1042 0.60361
1043 0.60256
1044 0.60150
1045 0.60045
1046 0.59939
1047 0.59834
1048 0.59728
1049 0.59622
1050 0.59516
1051 0.59410
1052 0.59304
1053 0.59198
1054 0.59092
1055 0.58986
1056 0.58880
1057 0.58773
1058 0.58667
1059 0.58560
1060 0.58454
1061 0.58347
1062 0.58241
1063 0.58134
1064 0.58027
1065 0.57920
1066 0.57813
1067 0.57706
1068 0.57599
1069 0.57492
1070 0.57385
1071 0.57277
1072 0.57170
1073 0.57063
1074 0.56955
1075 0.56848
1076 0.56740
1077 0.56633
1078 0.56525
1079 0.56417
1080 0.56309
1081 0.56202
1082 0.56094
1083 0.55986
1084 0.55878
1085 0.55770
1086 0.55662
1087 0.55554
1088 0.55445
1089 0.55337
1090 0.55229
1091 0.55121
1092 0.55012
1093 0.54904
1094 0.54795
1095 0.54687
1096 0.54578
1097 0.54470
1098 0.54361
1099 0.54252
1100 0.54144
1101 0.54035
1102 0.53926
1103 0.53817
1104 0.53709
1105 0.53600
1106 0.53491
1107 0.53382
1108 0.53273
1109 0.53164
1110 0.53055
1111 0.52946
1112 0.52837
1113 0.52727
1114 0.52618
1115 0.52509
1116 0.52400
1117 0.52290
1118 0.52181
1119 0.52072
1120 0.51963
1121 0.51853
1122 0.51744
1123 0.51634
1124 0.51525
1125 0.51415
1126 0.51306
1127 0.51197
1128 0.51087
1129 0.50977
1130 0.50868
1131 0.50758
1132 0.50649
1133 0.50539
1134 0.50430
1135 0.50320
1136 0.50210
1137 0.50101
1138 0.49991
1139 0.49881
1140 0.49772
1141 0.49662
1142 0.49552
1143 0.49443
1144 0.49333
1145 0.49223
1146 0.49113
1147 0.49004
1148 0.48894
1149 0.48784
1150 0.48675
1151 0.48565
1152 0.48455
1153 0.48345
1154 0.48236
1155 0.48126
1156 0.48016
1157 0.47906
1158 0.47797
1159 0.47687
1160 0.47577
1161 0.47468
1162 0.47358
1163 0.47248
1164 0.47138
1165 0.47029
1166 0.46919
1167 0.46809
1168 0.46700
1169 0.46590
1170 0.46481
1171 0.46371
1172 0.46261
1173 0.46152
1174 0.46042
1175 0.45933
1176 0.45823
1177 0.45714
1178 0.45604
1179 0.45495
1180 0.45385
1181 0.45276
1182 0.45166
1183 0.45057
1184 0.44948
1185 0.44838
1186 0.44729
1187 0.44620
1188 0.44511
1189 0.44401
1190 0.44292
1191 0.44183
1192 0.44074
1193 0.43965
1194 0.43856
1195 0.43747
1196 0.43638
1197 0.43529
1198 0.43420
1199 0.43311
1200 0.43202
1201 0.43093
1202 0.42984
1203 0.42875
1204 0.42767
1205 0.42658
1206 0.42549
1207 0.42441
1208 0.42332
1209 0.42224
1210 0.42115
1211 0.42007
1212 0.41898
1213 0.41790
1214 0.41682
1215 0.41573
1216 1.00000
