17 0.95798
18 0.95434
19 0.95061
20 0.94681
21 0.94293
22 0.93898
23 0.93497
24 0.93089
25 0.92674
26 0.92254
27 0.91829
28 0.91398
29 0.90962
30 0.90521
31 0.90076
32 0.89626
33 0.89173
34 0.88716
35 0.88255
36 0.87790
37 0.87323
38 0.86852
39 0.86378
40 0.85902
41 0.85424
42 0.84943
43 0.84459
44 0.83974
45 0.83487
46 0.82998
47 0.82508
48 0.82016
49 0.81523
50 0.81029
51 0.80534
52 0.80038
53 0.79541
54 0.79043
55 0.78545
56 0.78047
57 0.77548
58 0.77048
59 0.76549
60 0.76050
61 0.75551
62 0.75052
63 0.74553
64 0.74054
65 0.73556
66 0.73059
67 0.72562
68 0.72066
69 0.71570
70 0.71075
71 0.70582
72 0.70089
73 0.69597
74 0.69106
75 0.68617
76 0.68128
77 0.67641
78 0.67155
79 0.66671
80 0.66188
81 0.65707
82 0.65227
83 0.64749
84 0.64272
85 0.63797
86 0.63324
87 0.62853
88 0.62383
89 0.61915
90 0.61449
91 0.60986
92 0.60524
93 0.60064
94 0.59606
95 0.59150
96 0.58696
97 0.58245
98 0.57795
99 0.57348
100 0.56903
101 0.56460
102 0.56020
103 0.55581
104 0.55145
105 0.54712
106 0.54280
107 0.53851
108 0.53425
109 0.53001
110 0.52579
111 0.52160
112 0.51743
113 0.51328
114 0.50916
115 0.50507
116 0.50099
117 0.49695
118 0.49293
119 0.48893
120 0.48496
121 0.48102
122 0.47710
123 0.47320
124 0.46933
125 0.46549
126 0.46167
127 0.45788
128 0.45411
129 0.45037
130 0.44665
131 0.44296
132 0.43929
133 0.43565
134 0.43204
135 0.42845
136 0.42489
137 0.42135
138 0.41784
139 0.41435
140 0.41089
141 0.40745
142 0.40404
143 0.40066
144 0.39730
145 0.39396
146 0.39065
147 0.38737
148 0.38411
149 0.38087
150 0.37766
151 0.37448
152 0.37131
153 0.36818
154 0.36507
155 0.36198
156 0.35892
157 0.35588
158 0.35286
159 0.34987
160 0.34690
161 0.34396
162 0.34104
163 0.33815
164 0.33528
165 0.33243
166 0.32960
167 0.32680
168 0.32402
169 0.32127
170 0.31853
171 0.31582
172 0.31314
173 0.31047
174 0.30783
175 0.30521
176 0.30261
177 0.30003
178 0.29748
179 0.29495
180 0.29244
181 0.28995
182 0.28748
183 0.28503
184 0.28261
185 0.28021
186 0.27782
187 0.27546
188 0.27312
189 0.27080
190 0.26850
191 0.26622
192 0.26395
193 0.26171
194 0.25949
195 0.25729
196 0.25511
197 0.25295
198 0.25081
199 0.24868
200 0.24658
201 0.24449
202 0.24243
203 0.24038
204 0.23835
205 0.23634
206 0.23434
207 0.23237
208 0.23041
209 0.22847
210 0.22655
211 0.22465
212 0.22276
213 0.22089
214 0.21904
215 0.21721
216 0.21539
217 0.21359
218 0.21180
219 0.21003
220 0.20828
221 0.20655
222 0.20483
223 0.20312
224 0.20144
225 0.19976
226 0.19811
227 0.19647
228 0.19484
229 0.19323
230 0.19164
231 0.19006
232 0.18849
233 0.18694
234 0.18541
235 0.18388
236 0.18238
237 0.18088
238 0.17941
239 0.17794
240 0.17649
241 0.17505
242 0.17363
243 0.17222
244 0.17082
245 0.16944
246 0.16807
247 0.16671
248 0.16537
249 0.16404
250 0.16272
251 0.16142
252 0.16012
253 0.15884
254 0.15757
255 0.15632
256 0.15507
257 0.15384
258 0.15262
259 0.15141
260 0.15021
261 0.14903
262 0.14785
263 0.14669
264 0.14554
265 0.14440
266 0.14327
267 0.14215
268 0.14104
269 0.13995
270 0.13886
271 0.13779
272 0.13672
273 0.13567
274 0.13462
275 0.13359
276 0.13256
277 0.13155
278 0.13054
279 0.12955
280 0.12856
281 0.12759
282 0.12662
283 0.12566
284 0.12472
285 0.12378
286 0.12285
287 0.12193
288 0.12102
289 0.12012
290 0.11922
291 0.11834
292 0.11746
293 0.11660
294 0.11574
295 0.11489
296 0.11405
297 0.11321
298 0.11239
299 0.11157
300 0.11076
301 0.10996
302 0.10917
303 0.10838
304 0.10760
305 0.10683
306 0.10607
307 0.10531
308 0.10457
309 0.10383
310 0.10309
311 0.10237
312 0.10165
313 0.10094
314 0.10023
315 0.09954
316 0.09884
317 0.09816
318 0.09748
319 0.09681
320 0.09615
321 0.09549
322 0.09484
323 0.09420
324 0.09356
325 0.09293
326 0.09230
327 0.09168
328 0.09107
329 0.09046
330 0.08986
331 0.08927
332 0.08868
333 0.08809
334 0.08752
335 0.08695
336 0.08638
337 0.08582
338 0.08526
339 0.08472
340 0.08417
341 0.08363
342 0.08310
343 0.08257
344 0.08205
345 0.08153
346 0.08102
347 0.08052
348 0.08001
349 0.07952
350 0.07903
351 0.07854
352 0.07806
353 0.07758
354 0.07711
355 0.07664
356 0.07618
357 0.07572
358 0.07527
359 0.07482
360 0.07437
361 0.07393
362 0.07350
363 0.07307
364 0.07264
365 0.07222
366 0.07180
367 0.07139
368 0.07098
369 0.07057
370 0.07017
371 0.06977
372 0.06938
373 0.06899
374 0.06861
375 0.06822
376 0.06785
377 0.06747
378 0.06710
379 0.06674
380 0.06638
381 0.06602
382 0.06566
383 0.06531
384 0.06497
385 0.06462
386 0.06428
387 0.06395
388 0.06361
389 0.06328
390 0.06296
391 0.06264
392 0.06232
393 0.06200
394 0.06169
395 0.06138
396 0.06107
397 0.06077
398 0.06047
399 0.06017
400 0.05988
401 0.05959
402 0.05930
403 0.05902
404 0.05874
405 0.05846
406 0.05819
407 0.05791
408 0.05764
409 0.05738
410 0.05712
411 0.05686
412 0.05660
413 0.05634
414 0.05609
415 0.05584
416 0.05560
417 0.05535
418 0.05511
419 0.05487
420 0.05464
421 0.05441
422 0.05418
423 0.05395
424 0.05372
425 0.05350
426 0.05328
427 0.05306
428 0.05285
429 0.05264
430 0.05243
431 0.05222
432 0.05201
433 0.05181
434 0.05161
435 0.05141
436 0.05122
437 0.05103
438 0.05083
439 0.05065
440 0.05046
441 0.05028
442 0.05009
443 0.04991
444 0.04974
445 0.04956
446 0.04939
447 0.04922
448 0.04905
449 0.04888
450 0.04872
451 0.04856
452 0.04840
453 0.04824
454 0.04808
455 0.04793
456 0.04778
457 0.04763
458 0.04748
459 0.04734
460 0.04719
461 0.04705
462 0.04691
463 0.04677
464 0.04664
465 0.04650
466 0.04637
467 0.04624
468 0.04611
469 0.04599
470 0.04586
471 0.04574
472 0.04562
473 0.04550
474 0.04538
475 0.04527
476 0.04516
477 0.04504
478 0.04493
479 0.04483
480 0.04472
481 0.04462
482 0.04451
483 0.04441
484 0.04431
485 0.04422
486 0.04412
487 0.04403
488 0.04394
489 0.04385
490 0.04376
491 0.04367
492 0.04358
493 0.04350
494 0.04342
495 0.04334
496 0.04326
497 0.04318
498 0.04311
499 0.04304
500 0.04296
501 0.04289
502 0.04282
503 0.04276
504 0.04269
505 0.04263
506 0.04257
507 0.04251
508 0.04245
509 0.04239
510 0.04233
511 0.04228
512 0.04223
513 0.04218
514 0.04213
515 0.04208
516 0.04203
517 0.04199
518 0.04195
519 0.04191
520 0.04187
521 0.04183
522 0.04179
523 0.04176
524 0.04172
525 0.04169
526 0.04166
527 0.04163
528 0.04160
529 0.04158
530 0.04155
531 0.04153
532 0.04151
533 0.04149
534 0.04147
535 0.04145
536 0.04144
537 0.04142
538 0.04141
539 0.04140
540 0.04139
541 0.04138
542 0.04137
543 0.04137
544 0.04136
545 0.04136
546 0.04136
547 0.04136
548 0.04136
549 0.04136
550 0.04137
551 0.04137
552 0.04138
553 0.04139
554 0.04140
555 0.04141
556 0.04143
557 0.04144
558 0.04146
559 0.04148
560 0.04150
561 0.04152
562 0.04154
563 0.04157
564 0.04159
565 0.04162
566 0.04165
567 0.04168
568 0.04171
569 0.04174
570 0.04178
571 0.04181
572 0.04185
573 0.04189
574 0.04194
575 0.04198
576 0.04202
577 0.04207
578 0.04212
579 0.04217
580 0.04222
581 0.04227
582 0.04233
583 0.04239
584 0.04245
585 0.04251
586 0.04257
587 0.04263
588 0.04270
589 0.04277
590 0.04284
591 0.04291
592 0.04298
593 0.04306
594 0.04313
595 0.04321
596 0.04329
597 0.04337
598 0.04345
599 0.04354
600 0.04362
601 0.04371
602 0.04380
603 0.04389
604 0.04398
605 0.04408
606 0.04418
607 0.04428
608 0.04438
609 0.04448
610 0.04459
611 0.04470
612 0.04481
613 0.04492
614 0.04503
615 0.04515
616 0.04527
617 0.04539
618 0.04551
619 0.04563
620 0.04576
621 0.04589
622 0.04602
623 0.04616
624 0.04629
625 0.04643
626 0.04657
627 0.04671
628 0.04686
629 0.04701
630 0.04716
631 0.04731
632 0.04746
633 0.04762
634 0.04778
635 0.04794
636 0.04811
637 0.04828
638 0.04845
639 0.04862
640 0.04879
641 0.04897
642 0.04915
643 0.04934
644 0.04952
645 0.04971
646 0.04990
647 0.05010
648 0.05030
649 0.05050
650 0.05070
651 0.05091
652 0.05112
653 0.05133
654 0.05154
655 0.05176
656 0.05198
657 0.05221
658 0.05244
659 0.05267
660 0.05290
661 0.05314
662 0.05338
663 0.05362
664 0.05387
665 0.05412
666 0.05438
667 0.05464
668 0.05490
669 0.05517
670 0.05543
671 0.05571
672 0.05598
673 0.05626
674 0.05655
675 0.05684
676 0.05713
677 0.05743
678 0.05773
679 0.05803
680 0.05834
681 0.05865
682 0.05897
683 0.05929
684 0.05961
685 0.05994
686 0.06028
687 0.06062
688 0.06096
689 0.06131
690 0.06166
691 0.06202
692 0.06238
693 0.06275
694 0.06312
695 0.06350
696 0.06388
697 0.06427
698 0.06466
699 0.06506
700 0.06546
701 0.06587
702 0.06628
703 0.06670
704 0.06712
705 0.06755
706 0.06797
707 0.06840
708 0.06883
709 0.06927
710 0.06972
711 0.07017
712 0.07063
713 0.07109
714 0.07156
715 0.07204
716 0.07252
717 0.07301
718 0.07350
719 0.07401
720 0.07451
721 0.07503
722 0.07555
723 0.07608
724 0.07662
725 0.07716
726 0.07771
727 0.07827
728 0.07883
729 0.07941
730 0.07999
731 0.08057
732 0.08117
733 0.08178
734 0.08239
735 0.08301
736 0.08364
737 0.08427
738 0.08492
739 0.08558
740 0.08624
741 0.08691
742 0.08759
743 0.08828
744 0.08899
745 0.08970
746 0.09042
747 0.09115
748 0.09189
749 0.09264
750 0.09340
751 0.09417
752 0.09495
753 0.09574
754 0.09654
755 0.09736
756 0.09818
757 0.09902
758 0.09987
759 0.10073
760 0.10160
761 0.10248
762 0.10338
763 0.10429
764 0.10521
765 0.10615
766 0.10710
767 0.10806
768 0.10903
769 0.11002
770 0.11103
771 0.11204
772 0.11308
773 0.11412
774 0.11519
775 0.11626
776 0.11735
777 0.11846
778 0.11959
779 0.12073
780 0.12188
781 0.12306
782 0.12425
783 0.12546
784 0.12668
785 0.12793
786 0.12919
787 0.13047
788 0.13177
789 0.13308
790 0.13442
791 0.13578
792 0.13715
793 0.13855
794 0.13997
795 0.14141
796 0.14287
797 0.14435
798 0.14586
799 0.14739
800 0.14894
801 0.15051
802 0.15211
803 0.15373
804 0.15537
805 0.15705
806 0.15874
807 0.16046
808 0.16221
809 0.16399
810 0.16579
811 0.16762
812 0.16948
813 0.17137
814 0.17328
815 0.17523
816 0.17721
817 0.17922
818 0.18125
819 0.18332
820 0.18543
821 0.18756
822 0.18973
823 0.19194
824 0.19418
825 0.19645
826 0.19876
827 0.20111
828 0.20349
829 0.20592
830 0.20838
831 0.21088
832 0.21342
833 0.21600
834 0.21863
835 0.22130
836 0.22401
837 0.22676
838 0.22956
839 0.23240
840 0.23530
841 0.23824
842 0.24122
843 0.24426
844 0.24735
845 0.25049
846 0.25368
847 0.25692
848 0.26022
849 0.26357
850 0.26698
851 0.27044
852 0.27397
853 0.27755
854 0.28120
855 0.28490
856 0.28867
857 0.29251
858 0.29641
859 0.30037
860 0.30440
861 0.30851
862 0.31268
863 0.31693
864 0.32125
865 0.32564
866 0.33011
867 0.33466
868 0.33929
869 0.34399
870 0.34879
871 0.35366
872 0.35862
873 0.36367
874 0.36881
875 0.37404
876 0.37936
877 0.38478
878 0.39029
879 0.39591
880 0.40162
881 0.40744
882 0.41336
883 0.41938
884 0.42552
885 0.43177
886 0.43813
887 0.44461
888 0.45121
889 0.45793
890 0.46477
891 0.47173
892 0.47883
893 0.48605
894 0.49342
895 0.50091
896 0.50855
897 0.51633
898 0.52425
899 0.53233
900 0.54055
901 0.54893
902 0.55747
903 0.56617
904 0.57503
905 0.58406
906 0.59327
907 0.60265
908 0.61221
909 0.62195
910 0.63188
911 0.64201
912 0.65003
913 0.67079
914 0.68502
915 0.69511
916 0.70087
917 0.70371
918 0.70696
919 0.71072
920 0.71513
921 0.72039
922 0.71948
923 0.71856
924 0.72503
925 0.72413
926 0.72322
927 0.73139
928 0.73051
929 0.72962
930 0.72874
931 0.73945
932 0.73859
933 0.73773
934 0.73687
935 0.73601
936 0.73514
937 0.73428
938 0.74912
939 0.74830
940 0.74747
941 0.74664
942 0.74580
943 0.74497
944 0.74414
945 0.74330
946 0.74246
947 0.74162
948 0.74078
949 0.73994
950 0.76216
951 0.76138
952 0.76059
953 0.75981
954 0.75902
955 0.75823
956 0.75744
957 0.75665
958 0.75586
959 0.75507
960 0.75427
961 0.75348
962 0.75268
963 0.75188
964 0.75108
965 0.75028
966 0.74948
967 0.74867
968 0.74787
969 0.74706
970 0.74625
971 0.74544
972 0.74463
973 0.78216
974 0.78145
975 0.78073
976 0.78002
977 0.77931
978 0.77859
979 0.77787
980 0.77716
981 0.77644
982 0.77572
983 0.77500
984 0.77427
985 0.77355
986 0.77282
987 0.77210
988 0.77137
989 0.77064
990 0.76991
991 0.76918
992 0.76844
993 0.76771
994 0.76697
995 0.76624
996 0.76550
997 0.76476
998 0.76402
999 0.76328
1000 0.76254
1001 0.76179
1002 0.76105
1003 0.76030
1004 0.75956
1005 0.75881
1006 0.75806
1007 0.75731
1008 0.75655
1009 0.75580
1010 0.75505
1011 0.75429
1012 0.75353
1013 0.75278
1014 0.75202
1015 0.75126
1016 0.75049
1017 0.74973
1018 0.74897
1019 0.74820
1020 0.74744
1021 0.74667
1022 0.74590
1023 0.74513
1024 0.74436
1025 0.74359
1026 0.82264
1027 0.82208
1028 0.82152
1029 0.82095
1030 0.82038
1031 0.81981
1032 0.81925
1033 0.81868
1034 0.81810
1035 0.81753
1036 0.81696
1037 0.81638
1038 0.81581
1039 0.81523
1040 0.81466
1041 0.81408
1042 0.81350
1043 0.81292
1044 0.81234
1045 0.81175
1046 0.81117
1047 0.81058
1048 0.81000
1049 0.80941
1050 0.80882
1051 0.80824
1052 0.80765
1053 0.80706
1054 0.80646
1055 0.80587
1056 0.80528
1057 0.80468
1058 0.80409
1059 0.80349
1060 0.80289
1061 0.80229
1062 0.80169
1063 0.80109
1064 0.80049
1065 0.79989
1066 0.79928
1067 0.79868
1068 0.79807
1069 0.79746
1070 0.79686
1071 0.79625
1072 0.79564
1073 0.79502
1074 0.79441
1075 0.79380
1076 0.79318
1077 0.79257
1078 0.79195
1079 0.79134
1080 0.79072
1081 0.79010
1082 0.78948
1083 0.78886
1084 0.78823
1085 0.78761
1086 0.78699
1087 0.78636
1088 0.78574
1089 0.78511
1090 0.78448
1091 0.78385
1092 0.78322
1093 0.78259
1094 0.78196
1095 0.78132
1096 0.78069
1097 0.78005
1098 0.77942
1099 0.77878
1100 0.77814
1101 0.77750
1102 0.77686
1103 0.77622
1104 0.77558
1105 0.77494
1106 0.77429
1107 0.77365
1108 0.77300
1109 0.77235
1110 0.77171
1111 0.77106
1112 0.77041
1113 0.76976
1114 0.76910
1115 0.76845
1116 0.76780
1117 0.76714
1118 0.76649
1119 0.76583
1120 0.76517
1121 0.76451
1122 0.76386
1123 0.76319
1124 0.76253
1125 0.76187
1126 0.76121
1127 0.76054
1128 0.75988
1129 0.75921
1130 0.75854
1131 0.75788
1132 0.75721
1133 0.75654
1134 0.75587
1135 0.75519
1136 0.75452
1137 0.75385
1138 0.75317
1139 0.75250
1140 0.75182
1141 0.75114
1142 0.75046
1143 0.74978
1144 0.74910
1145 0.74842
1146 0.74774
1147 0.74706
1148 0.74637
1149 0.74569
1150 0.74500
1151 0.74431
1152 0.74363
1153 0.74294
1154 0.74225
1155 0.74156
1156 0.74087
1157 0.74017
1158 0.73948
1159 0.73879
1160 0.73809
1161 0.73740
1162 0.73670
1163 0.73600
1164 0.73530
1165 0.73460
1166 0.73390
1167 0.73320
1168 0.73250
1169 0.73180
1170 0.73109
1171 0.73039
1172 0.72968
1173 0.72897
1174 0.72827
1175 0.72756
1176 0.72685
1177 0.72614
1178 0.72543
1179 0.72472
1180 0.72400
1181 0.72329
1182 0.72257
1183 0.72186
1184 0.72114
1185 0.72043
1186 0.71971
1187 0.71899
1188 0.71827
1189 0.71755
1190 0.71683
1191 0.71610
1192 0.71538
1193 0.71466
1194 0.71393
1195 0.71321
1196 0.71248
1197 0.71175
1198 0.71102
1199 0.71030
1200 0.70957
1201 0.70883
1202 0.70810
1203 0.70737
1204 0.70664
1205 0.70590
1206 0.70517
1207 0.70443
1208 0.70370
1209 0.70296
1210 0.70222
1211 0.70148
1212 0.70074
1213 0.70000
1214 0.69926
1215 0.69852
1216 1.00000
