17 0.99537
18 0.99494
19 0.99449
20 0.99403
21 0.99356
22 0.99307
23 0.99257
24 0.99206
25 0.99153
26 0.99099
27 0.99044
28 0.98988
29 0.98931
30 0.98872
31 0.98813
32 0.98752
33 0.98690
34 0.98628
35 0.98564
36 0.98499
37 0.98433
38 0.98366
39 0.98298
40 0.98229
41 0.98160
42 0.98089
43 0.98017
44 0.97945
45 0.97871
46 0.97797
47 0.97722
48 0.97646
49 0.97569
50 0.97491
51 0.97412
52 0.97333
53 0.97253
54 0.97172
55 0.97090
56 0.97007
57 0.96924
58 0.96840
59 0.96755
60 0.96669
61 0.96583
62 0.96496
63 0.96408
64 0.96320
65 0.96231
66 0.96141
67 0.96051
68 0.95960
69 0.95868
70 0.95776
71 0.95683
72 0.95589
73 0.95495
74 0.95400
75 0.95305
76 0.95209
77 0.95112
78 0.95015
79 0.94917
80 0.94819
81 0.94720
82 0.94621
83 0.94521
84 0.94420
85 0.94319
86 0.94218
87 0.94116
88 0.94013
89 0.93911
90 0.93807
91 0.93703
92 0.93599
93 0.93494
94 0.93389
95 0.93283
96 0.93177
97 0.93070
98 0.92963
99 0.92856
100 0.92748
101 0.92640
102 0.92531
103 0.92422
104 0.92313
105 0.92203
106 0.92093
107 0.91982
108 0.91872
109 0.91760
110 0.91649
111 0.91537
112 0.91425
113 0.91312
114 0.91199
115 0.91086
116 0.90973
117 0.90859
118 0.90745
119 0.90630
120 0.90515
121 0.90400
122 0.90285
123 0.90170
124 0.90054
125 0.89938
126 0.89822
127 0.89705
128 0.89588
129 0.89471
130 0.89354
131 0.89236
132 0.89119
133 0.89001
134 0.88883
135 0.88764
136 0.88646
137 0.88527
138 0.88408
139 0.88289
140 0.88170
141 0.88050
142 0.87930
143 0.87811
144 0.87691
145 0.87570
146 0.87450
147 0.87330
148 0.87209
149 0.87088
150 0.86968
151 0.86847
152 0.86725
153 0.86604
154 0.86483
155 0.86361
156 0.86240
157 0.86118
158 0.85996
159 0.85875
160 0.85753
161 0.85631
162 0.85508
163 0.85386
164 0.85264
165 0.85142
166 0.85019
167 0.84897
168 0.84774
169 0.84652
170 0.84529
171 0.84406
172 0.84284
173 0.84161
174 0.84038
175 0.83915
176 0.83792
177 0.83670
178 0.83547
179 0.83424
180 0.83301
181 0.83178
182 0.83055
183 0.82932
184 0.82809
185 0.82686
186 0.82563
187 0.82440
188 0.82318
189 0.82195
190 0.82072
191 0.81949
192 0.81826
193 0.81703
194 0.81581
195 0.81458
196 0.81335
197 0.81213
198 0.81090
199 0.80968
200 0.80845
201 0.80723
202 0.80601
203 0.80479
204 0.80356
205 0.80234
206 0.80112
207 0.79990
208 0.79868
209 0.79747
210 0.79625
211 0.79503
212 0.79382
213 0.79260
214 0.79139
215 0.79018
216 0.78897
217 0.78776
218 0.78655
219 0.78534
220 0.78413
221 0.78293
222 0.78172
223 0.78052
224 0.77932
225 0.77812
226 0.77692
227 0.77572
228 0.77452
229 0.77333
230 0.77213
231 0.77094
232 0.76975
233 0.76856
234 0.76737
235 0.76618
236 0.76500
237 0.76381
238 0.76263
239 0.76145
240 0.76027
241 0.75909
242 0.75792
243 0.75674
244 0.75557
245 0.75440
246 0.75323
247 0.75206
248 0.75090
249 0.74973
250 0.74857
251 0.74741
252 0.74625
253 0.74510
254 0.74394
255 0.74279
256 0.74164
257 0.74049
258 0.73935
259 0.73820
260 0.73706
261 0.73592
262 0.73478
263 0.73364
264 0.73251
265 0.73138
266 0.73025
267 0.72912
268 0.72800
269 0.72687
270 0.72575
271 0.72463
272 0.72351
273 0.72240
274 0.72129
275 0.72018
276 0.71907
277 0.71797
278 0.71686
279 0.71576
280 0.71466
281 0.71357
282 0.71247
283 0.71138
284 0.71029
285 0.70921
286 0.70812
287 0.70704
288 0.70596
289 0.70489
290 0.70381
291 0.70274
292 0.70167
293 0.70061
294 0.69954
295 0.69848
296 0.69742
297 0.69637
298 0.69531
299 0.69426
300 0.69321
301 0.69217
302 0.69113
303 0.69009
304 0.68905
305 0.68801
306 0.68698
307 0.68595
308 0.68493
309 0.68390
310 0.68288
311 0.68186
312 0.68085
313 0.67983
314 0.67882
315 0.67782
316 0.67681
317 0.67581
318 0.67481
319 0.67382
320 0.67282
321 0.67183
322 0.67085
323 0.66986
324 0.66888
325 0.66790
326 0.66693
327 0.66595
328 0.66499
329 0.66402
330 0.66305
331 0.66209
332 0.66114
333 0.66018
334 0.65923
335 0.65828
336 0.65734
337 0.65639
338 0.65545
339 0.65452
340 0.65358
341 0.65265
342 0.65173
343 0.65080
344 0.64988
345 0.64896
346 0.64805
347 0.64714
348 0.64623
349 0.64532
350 0.64442
351 0.64352
352 0.64262
353 0.64173
354 0.64084
355 0.63995
356 0.63907
357 0.63819
358 0.63731
359 0.63644
360 0.63557
361 0.63470
362 0.63384
363 0.63297
364 0.63212
365 0.63126
366 0.63041
367 0.62956
368 0.62872
369 0.62788
370 0.62704
371 0.62620
372 0.62537
373 0.62454
374 0.62372
375 0.62290
376 0.62208
377 0.62126
378 0.62045
379 0.61964
380 0.61884
381 0.61804
382 0.61724
383 0.61644
384 0.61565
385 0.61486
386 0.61408
387 0.61329
388 0.61252
389 0.61174
390 0.61097
391 0.61020
392 0.60944
393 0.60868
394 0.60792
395 0.60716
396 0.60641
397 0.60566
398 0.60492
399 0.60418
400 0.60344
401 0.60271
402 0.60198
403 0.60125
404 0.60053
405 0.59981
406 0.59909
407 0.59838
408 0.59767
409 0.59696
410 0.59626
411 0.59556
412 0.59487
413 0.59417
414 0.59348
415 0.59280
416 0.59212
417 0.59144
418 0.59077
419 0.59009
420 0.58943
421 0.58876
422 0.58810
423 0.58745
424 0.58679
425 0.58614
426 0.58550
427 0.58485
428 0.58422
429 0.58358
430 0.58295
431 0.58232
432 0.58170
433 0.58107
434 0.58046
435 0.57984
436 0.57923
437 0.57863
438 0.57802
439 0.57742
440 0.57683
441 0.57624
442 0.57565
443 0.57506
444 0.57448
445 0.57390
446 0.57333
447 0.57276
448 0.57219
449 0.57163
450 0.57107
451 0.57052
452 0.56996
453 0.56942
454 0.56887
455 0.56833
456 0.56779
457 0.56726
458 0.56673
459 0.56620
460 0.56568
461 0.56516
462 0.56465
463 0.56414
464 0.56363
465 0.56312
466 0.56262
467 0.56213
468 0.56164
469 0.56115
470 0.56066
471 0.56018
472 0.55970
473 0.55923
474 0.55876
475 0.55829
476 0.55783
477 0.55737
478 0.55692
479 0.55647
480 0.55602
481 0.55558
482 0.55514
483 0.55470
484 0.55427
485 0.55384
486 0.55342
487 0.55300
488 0.55258
489 0.55217
490 0.55176
491 0.55135
492 0.55095
493 0.55055
494 0.55016
495 0.54977
496 0.54938
497 0.54900
498 0.54862
499 0.54825
500 0.54788
501 0.54751
502 0.54715
503 0.54679
504 0.54644
505 0.54609
506 0.54574
507 0.54540
508 0.54506
509 0.54473
510 0.54440
511 0.54407
512 0.54375
513 0.54343
514 0.54311
515 0.54280
516 0.54249
517 0.54219
518 0.54189
519 0.54160
520 0.54131
521 0.54102
522 0.54074
523 0.54046
524 0.54018
525 0.53991
526 0.53965
527 0.53938
528 0.53912
529 0.53887
530 0.53862
531 0.53837
532 0.53813
533 0.53789
534 0.53766
535 0.53743
536 0.53720
537 0.53698
538 0.53677
539 0.53655
540 0.53634
541 0.53614
542 0.53594
543 0.53574
544 0.53555
545 0.53536
546 0.53518
547 0.53500
548 0.53482
549 0.53465
550 0.53448
551 0.53432
552 0.53416
553 0.53401
554 0.53386
555 0.53371
556 0.53357
557 0.53343
558 0.53330
559 0.53317
560 0.53305
561 0.53293
562 0.53281
563 0.53270
564 0.53260
565 0.53249
566 0.53240
567 0.53230
568 0.53221
569 0.53213
570 0.53205
571 0.53197
572 0.53190
573 0.53183
574 0.53177
575 0.53171
576 0.53166
577 0.53161
578 0.53157
579 0.53153
580 0.53149
581 0.53146
582 0.53143
583 0.53141
584 0.53139
585 0.53138
586 0.53137
587 0.53137
588 0.53137
589 0.53138
590 0.53139
591 0.53140
592 0.53142
593 0.53145
594 0.53148
595 0.53151
596 0.53155
597 0.53159
598 0.53164
599 0.53169
600 0.53175
601 0.53181
602 0.53188
603 0.53195
604 0.53203
605 0.53211
606 0.53220
607 0.53229
608 0.53239
609 0.53249
610 0.53260
611 0.53271
612 0.53282
613 0.53294
614 0.53307
615 0.53320
616 0.53334
617 0.53348
618 0.53363
619 0.53378
620 0.53393
621 0.53410
622 0.53426
623 0.53443
624 0.53461
625 0.53479
626 0.53498
627 0.53517
628 0.53537
629 0.53557
630 0.53578
631 0.53600
632 0.53621
633 0.53644
634 0.53667
635 0.53690
636 0.53714
637 0.53739
638 0.53764
639 0.53790
640 0.53816
641 0.53842
642 0.53870
643 0.53898
644 0.53926
645 0.53955
646 0.53984
647 0.54014
648 0.54045
649 0.54076
650 0.54108
651 0.54140
652 0.54173
653 0.54207
654 0.54241
655 0.54275
656 0.54310
657 0.54346
658 0.54382
659 0.54419
660 0.54457
661 0.54495
662 0.54534
663 0.54573
664 0.54613
665 0.54653
666 0.54694
667 0.54736
668 0.54778
669 0.54821
670 0.54865
671 0.54909
672 0.54954
673 0.54999
674 0.55045
675 0.55092
676 0.55139
677 0.55187
678 0.55236
679 0.55285
680 0.55335
681 0.55385
682 0.55436
683 0.55488
684 0.55540
685 0.55593
686 0.55647
687 0.55702
688 0.55757
689 0.55812
690 0.55869
691 0.55926
692 0.55983
693 0.56042
694 0.56101
695 0.56161
696 0.56221
697 0.56282
698 0.56344
699 0.56407
700 0.56470
701 0.56534
702 0.56599
703 0.56664
704 0.56730
705 0.56797
706 0.56865
707 0.56933
708 0.57002
709 0.57072
710 0.57143
711 0.57214
712 0.57286
713 0.57359
714 0.57432
715 0.57506
716 0.57581
717 0.57657
718 0.57734
719 0.57811
720 0.57889
721 0.57968
722 0.58048
723 0.58128
724 0.58210
725 0.58292
726 0.58375
727 0.58459
728 0.58543
729 0.58628
730 0.58715
731 0.58802
732 0.58889
733 0.58978
734 0.59068
735 0.59158
736 0.59249
737 0.59341
738 0.59434
739 0.59528
740 0.59623
741 0.59718
742 0.59815
743 0.59912
744 0.60010
745 0.60109
746 0.60209
747 0.60310
748 0.60412
749 0.60515
750 0.60619
751 0.60723
752 0.60829
753 0.60935
754 0.61043
755 0.61151
756 0.61260
757 0.61371
758 0.61482
759 0.61594
760 0.61707
761 0.61822
762 0.61937
763 0.62053
764 0.62170
765 0.62288
766 0.62408
767 0.62528
768 0.62649
769 0.62772
770 0.62895
771 0.63019
772 0.63145
773 0.63271
774 0.63399
775 0.63528
776 0.63658
777 0.63788
778 0.63920
779 0.64053
780 0.64188
781 0.64323
782 0.64459
783 0.64597
784 0.64736
785 0.64876
786 0.65017
787 0.65159
788 0.65302
789 0.65447
790 0.65593
791 0.65739
792 0.65888
793 0.66037
794 0.66188
795 0.66339
796 0.66492
797 0.66647
798 0.66802
799 0.66959
800 0.67117
801 0.67276
802 0.67437
803 0.67599
804 0.67762
805 0.67927
806 0.68093
807 0.68260
808 0.68429
809 0.68599
810 0.68770
811 0.68943
812 0.69117
813 0.69292
814 0.69469
815 0.69647
816 0.69827
817 0.70008
818 0.70191
819 0.70375
820 0.70560
821 0.70747
822 0.70935
823 0.71125
824 0.71317
825 0.71510
826 0.71704
827 0.71900
828 0.72098
829 0.72297
830 0.72498
831 0.72700
832 0.72904
833 0.73110
834 0.73317
835 0.73526
836 0.73736
837 0.73948
838 0.74162
839 0.74377
840 0.74594
841 0.74813
842 0.75034
843 0.75256
844 0.75480
845 0.75706
846 0.75934
847 0.76163
848 0.76394
849 0.76627
850 0.76862
851 0.77099
852 0.77338
853 0.77578
854 0.77820
855 0.78065
856 0.78311
857 0.78559
858 0.78809
859 0.79061
860 0.79315
861 0.79571
862 0.79829
863 0.80089
864 0.80351
865 0.80615
866 0.80881
867 0.81149
868 0.81420
869 0.81692
870 0.81967
871 0.82244
872 0.82523
873 0.82804
874 0.83088
875 0.83373
876 0.83661
877 0.83951
878 0.84244
879 0.84539
880 0.84836
881 0.85135
882 0.85437
883 0.85741
884 0.86048
885 0.86357
886 0.86668
887 0.86982
888 0.87299
889 0.87618
890 0.87939
891 0.88263
892 0.88590
893 0.88919
894 0.89251
895 0.89585
896 0.89922
897 0.90262
898 0.90604
899 0.90949
900 0.91297
901 0.91648
902 0.92002
903 0.92358
904 0.92717
905 0.93079
906 0.93444
907 0.93812
908 0.94183
909 0.94557
910 0.94933
911 0.95313
912 0.95618
913 0.95665
914 0.95718
915 0.95770
916 0.95806
917 0.95825
918 0.95849
919 0.95879
920 0.95917
921 0.95964
922 0.95958
923 0.95952
924 0.96013
925 0.96007
926 0.96001
927 0.96082
928 0.96076
929 0.96070
930 0.96064
931 0.96175
932 0.96169
933 0.96163
934 0.96157
935 0.96152
936 0.96146
937 0.96140
938 0.96299
939 0.96293
940 0.96288
941 0.96282
942 0.96277
943 0.96271
944 0.96265
945 0.96260
946 0.96254
947 0.96249
948 0.96243
949 0.96238
950 0.96482
951 0.96476
952 0.96471
953 0.96466
954 0.96461
955 0.96456
956 0.96450
957 0.96445
958 0.96440
959 0.96435
960 0.96430
961 0.96424
962 0.96419
963 0.96414
964 0.96409
965 0.96403
966 0.96398
967 0.96393
968 0.96388
969 0.96382
970 0.96377
971 0.96372
972 0.96367
973 0.96786
974 0.96782
975 0.96777
976 0.96772
977 0.96768
978 0.96763
979 0.96758
980 0.96754
981 0.96749
982 0.96744
983 0.96740
984 0.96735
985 0.96730
986 0.96726
987 0.96721
988 0.96716
989 0.96712
990 0.96707
991 0.96702
992 0.96698
993 0.96693
994 0.96688
995 0.96684
996 0.96679
997 0.96674
998 0.96669
999 0.96665
1000 0.96660
1001 0.96655
1002 0.96651
1003 0.96646
1004 0.96641
1005 0.96637
1006 0.96632
1007 0.96627
1008 0.96622
1009 0.96618
1010 0.96613
1011 0.96608
1012 0.96604
1013 0.96599
1014 0.96594
1015 0.96589
1016 0.96585
1017 0.96580
1018 0.96575
1019 0.96571
1020 0.96566
1021 0.96561
1022 0.96556
1023 0.96552
1024 0.96547
1025 0.96542
1026 0.97431
1027 0.97427
1028 0.97424
1029 0.97420
1030 0.97417
1031 0.97413
1032 0.97410
1033 0.97406
1034 0.97403
1035 0.97399
1036 0.97395
1037 0.97392
1038 0.97388
1039 0.97385
1040 0.97381
1041 0.97378
1042 0.97374
1043 0.97371
1044 0.97367
1045 0.97364
1046 0.97360
1047 0.97356
1048 0.97353
1049 0.97349
1050 0.97346
1051 0.97342
1052 0.97339
1053 0.97335
1054 0.97331
1055 0.97328
1056 0.97324
1057 0.97321
1058 0.97317
1059 0.97314
1060 0.97310
1061 0.97306
1062 0.97303
1063 0.97299
1064 0.97296
1065 0.97292
1066 0.97288
1067 0.97285
1068 0.97281
1069 0.97278
1070 0.97274
1071 0.97271
1072 0.97267
1073 0.97263
1074 0.97260
1075 0.97256
1076 0.97253
1077 0.97249
1078 0.97245
1079 0.97242
1080 0.97238
1081 0.97234
1082 0.97231
1083 0.97227
1084 0.97224
1085 0.97220
1086 0.97216
1087 0.97213
1088 0.97209
1089 0.97206
1090 0.97202
1091 0.97198
1092 0.97195
1093 0.97191
1094 0.97187
1095 0.97184
1096 0.97180
1097 0.97177
1098 0.97173
1099 0.97169
1100 0.97166
1101 0.97162
1102 0.97158
1103 0.97155
1104 0.97151
1105 0.97148
1106 0.97144
1107 0.97140
1108 0.97137
1109 0.97133
1110 0.97129
1111 0.97126
1112 0.97122
1113 0.97118
1114 0.97115
1115 0.97111
1116 0.97107
1117 0.97104
1118 0.97100
1119 0.97096
1120 0.97093
1121 0.97089
1122 0.97086
1123 0.97082
1124 0.97078
1125 0.97075
1126 0.97071
1127 0.97067
1128 0.97064
1129 0.97060
1130 0.97056
1131 0.97053
1132 0.97049
1133 0.97045
1134 0.97042
1135 0.97038
1136 0.97034
1137 0.97030
1138 0.97027
1139 0.97023
1140 0.97019
1141 0.97016
1142 0.97012
1143 0.97008
1144 0.97005
1145 0.97001
1146 0.96997
1147 0.96994
1148 0.96990
1149 0.96986
1150 0.96983
1151 0.96979
1152 0.96975
1153 0.96971
1154 0.96968
1155 0.96964
1156 0.96960
1157 0.96957
1158 0.96953
1159 0.96949
1160 0.96946
1161 0.96942
1162 0.96938
1163 0.96934
1164 0.96931
1165 0.96927
1166 0.96923
1167 0.96920
1168 0.96916
1169 0.96912
1170 0.96908
1171 0.96905
1172 0.96901
1173 0.96897
1174 0.96894
1175 0.96890
1176 0.96886
1177 0.96882
1178 0.96879
1179 0.96875
1180 0.96871
1181 0.96867
1182 0.96864
1183 0.96860
1184 0.96856
1185 0.96852
1186 0.96849
1187 0.96845
1188 0.96841
1189 0.96838
1190 0.96834
1191 0.96830
1192 0.96826
1193 0.96823
1194 0.96819
1195 0.96815
1196 0.96811
1197 0.96808
1198 0.96804
1199 0.96800
1200 0.96796
1201 0.96793
1202 0.96789
1203 0.96785
1204 0.96781
1205 0.96777
1206 0.96774
1207 0.96770
1208 0.96766
1209 0.96762
1210 0.96759
1211 0.96755
1212 0.96751
1213 0.96747
1214 0.96744
1215 0.96740
1216 1.00000
