17 0.98381
18 0.98239
19 0.98093
20 0.97944
21 0.97792
22 0.97636
23 0.97477
24 0.97315
25 0.97150
26 0.96983
27 0.96813
28 0.96640
29 0.96465
30 0.96287
31 0.96107
32 0.95924
33 0.95740
34 0.95553
35 0.95364
36 0.95173
37 0.94980
38 0.94786
39 0.94589
40 0.94391
41 0.94191
42 0.93989
43 0.93786
44 0.93581
45 0.93374
46 0.93166
47 0.92957
48 0.92746
49 0.92534
50 0.92321
51 0.92106
52 0.91890
53 0.91674
54 0.91455
55 0.91236
56 0.91016
57 0.90795
58 0.90572
59 0.90349
60 0.90125
61 0.89900
62 0.89674
63 0.89447
64 0.89220
65 0.88992
66 0.88763
67 0.88533
68 0.88303
69 0.88072
70 0.87840
71 0.87608
72 0.87375
73 0.87142
74 0.86908
75 0.86674
76 0.86440
77 0.86204
78 0.85969
79 0.85733
80 0.85497
81 0.85260
82 0.85024
83 0.84786
84 0.84549
85 0.84311
86 0.84073
87 0.83835
88 0.83597
89 0.83359
90 0.83120
91 0.82881
92 0.82643
93 0.82404
94 0.82165
95 0.81926
96 0.81687
97 0.81448
98 0.81209
99 0.80969
100 0.80730
101 0.80491
102 0.80253
103 0.80014
104 0.79775
105 0.79536
106 0.79298
107 0.79059
108 0.78821
109 0.78583
110 0.78345
111 0.78107
112 0.77870
113 0.77633
114 0.77396
115 0.77159
116 0.76922
117 0.76686
118 0.76450
119 0.76214
120 0.75979
121 0.75743
122 0.75509
123 0.75274
124 0.75040
125 0.74806
126 0.74573
127 0.74340
128 0.74107
129 0.73874
130 0.73643
131 0.73411
132 0.73180
133 0.72949
134 0.72719
135 0.72489
136 0.72260
137 0.72031
138 0.71803
139 0.71575
140 0.71347
141 0.71120
142 0.70894
143 0.70668
144 0.70442
145 0.70217
146 0.69993
147 0.69769
148 0.69545
149 0.69323
150 0.69100
151 0.68878
152 0.68657
153 0.68437
154 0.68217
155 0.67997
156 0.67778
157 0.67560
158 0.67342
159 0.67125
160 0.66908
161 0.66692
162 0.66477
163 0.66262
164 0.66048
165 0.65835
166 0.65622
167 0.65410
168 0.65198
169 0.64987
170 0.64777
171 0.64567
172 0.64358
173 0.64150
174 0.63942
175 0.63735
176 0.63528
177 0.63323
178 0.63118
179 0.62913
180 0.62709
181 0.62506
182 0.62304
183 0.62102
184 0.61901
185 0.61701
186 0.61501
187 0.61302
188 0.61104
189 0.60906
190 0.60709
191 0.60513
192 0.60318
193 0.60123
194 0.59929
195 0.59735
196 0.59543
197 0.59351
198 0.59160
199 0.58969
200 0.58779
201 0.58590
202 0.58401
203 0.58214
204 0.58027
205 0.57840
206 0.57655
207 0.57470
208 0.57286
209 0.57102
210 0.56920
211 0.56738
212 0.56556
213 0.56376
214 0.56196
215 0.56017
216 0.55838
217 0.55661
218 0.55484
219 0.55308
220 0.55132
221 0.54957
222 0.54783
223 0.54610
224 0.54437
225 0.54265
226 0.54094
227 0.53924
228 0.53754
229 0.53585
230 0.53417
231 0.53249
232 0.53082
233 0.52916
234 0.52751
235 0.52586
236 0.52422
237 0.52259
238 0.52096
239 0.51934
240 0.51773
241 0.51613
242 0.51453
243 0.51294
244 0.51136
245 0.50978
246 0.50821
247 0.50665
248 0.50510
249 0.50355
250 0.50201
251 0.50048
252 0.49895
253 0.49744
254 0.49592
255 0.49442
256 0.49292
257 0.49143
258 0.48995
259 0.48847
260 0.48700
261 0.48554
262 0.48408
263 0.48264
264 0.48119
265 0.47976
266 0.47833
267 0.47691
268 0.47550
269 0.47409
270 0.47269
271 0.47130
272 0.46991
273 0.46853
274 0.46716
275 0.46579
276 0.46443
277 0.46308
278 0.46173
279 0.46039
280 0.45906
281 0.45774
282 0.45642
283 0.45510
284 0.45380
285 0.45250
286 0.45121
287 0.44992
288 0.44864
289 0.44737
290 0.44610
291 0.44485
292 0.44359
293 0.44235
294 0.44111
295 0.43987
296 0.43865
297 0.43743
298 0.43621
299 0.43501
300 0.43380
301 0.43261
302 0.43142
303 0.43024
304 0.42906
305 0.42790
306 0.42673
307 0.42558
308 0.42443
309 0.42328
310 0.42215
311 0.42101
312 0.41989
313 0.41877
314 0.41766
315 0.41655
316 0.41545
317 0.41436
318 0.41327
319 0.41219
320 0.41111
321 0.41004
322 0.40898
323 0.40792
324 0.40687
325 0.40582
326 0.40478
327 0.40375
328 0.40272
329 0.40170
330 0.40069
331 0.39968
332 0.39867
333 0.39767
334 0.39668
335 0.39570
336 0.39471
337 0.39374
338 0.39277
339 0.39181
340 0.39085
341 0.38990
342 0.38895
343 0.38801
344 0.38708
345 0.38615
346 0.38523
347 0.38431
348 0.38340
349 0.38249
350 0.38159
351 0.38070
352 0.37981
353 0.37893
354 0.37805
355 0.37717
356 0.37631
357 0.37545
358 0.37459
359 0.37374
360 0.37289
361 0.37205
362 0.37122
363 0.37039
364 0.36957
365 0.36875
366 0.36794
367 0.36713
368 0.36633
369 0.36553
370 0.36474
371 0.36395
372 0.36317
373 0.36240
374 0.36163
375 0.36086
376 0.36010
377 0.35935
378 0.35860
379 0.35785
380 0.35711
381 0.35638
382 0.35565
383 0.35493
384 0.35421
385 0.35349
386 0.35279
387 0.35208
388 0.35138
389 0.35069
390 0.35000
391 0.34932
392 0.34864
393 0.34797
394 0.34730
395 0.34664
396 0.34598
397 0.34532
398 0.34468
399 0.34403
400 0.34339
401 0.34276
402 0.34213
403 0.34151
404 0.34089
405 0.34027
406 0.33966
407 0.33906
408 0.33846
409 0.33786
410 0.33727
411 0.33669
412 0.33610
413 0.33553
414 0.33496
415 0.33439
416 0.33383
417 0.33327
418 0.33272
419 0.33217
420 0.33163
421 0.33109
422 0.33055
423 0.33002
424 0.32950
425 0.32898
426 0.32846
427 0.32795
428 0.32745
429 0.32694
430 0.32645
431 0.32595
432 0.32547
433 0.32498
434 0.32450
435 0.32403
436 0.32356
437 0.32309
438 0.32263
439 0.32218
440 0.32172
441 0.32128
442 0.32083
443 0.32039
444 0.31996
445 0.31953
446 0.31910
447 0.31868
448 0.31827
449 0.31786
450 0.31745
451 0.31704
452 0.31664
453 0.31625
454 0.31586
455 0.31547
456 0.31509
457 0.31472
458 0.31434
459 0.31397
460 0.31361
461 0.31325
462 0.31289
463 0.31254
464 0.31220
465 0.31185
466 0.31152
467 0.31118
468 0.31085
469 0.31053
470 0.31020
471 0.30989
472 0.30958
473 0.30927
474 0.30896
475 0.30866
476 0.30837
477 0.30808
478 0.30779
479 0.30751
480 0.30723
481 0.30695
482 0.30668
483 0.30642
484 0.30615
485 0.30590
486 0.30564
487 0.30539
488 0.30515
489 0.30491
490 0.30467
491 0.30444
492 0.30421
493 0.30399
494 0.30377
495 0.30355
496 0.30334
497 0.30313
498 0.30293
499 0.30273
500 0.30254
501 0.30235
502 0.30216
503 0.30198
504 0.30180
505 0.30163
506 0.30146
507 0.30129
508 0.30113
509 0.30097
510 0.30082
511 0.30067
512 0.30053
513 0.30039
514 0.30025
515 0.30012
516 0.29999
517 0.29987
518 0.29975
519 0.29963
520 0.29952
521 0.29942
522 0.29931
523 0.29922
524 0.29912
525 0.29903
526 0.29895
527 0.29887
528 0.29879
529 0.29871
530 0.29865
531 0.29858
532 0.29852
533 0.29846
534 0.29841
535 0.29837
536 0.29832
537 0.29828
538 0.29825
539 0.29822
540 0.29819
541 0.29817
542 0.29815
543 0.29814
544 0.29813
545 0.29812
546 0.29812
547 0.29813
548 0.29813
549 0.29815
550 0.29816
551 0.29818
552 0.29821
553 0.29824
554 0.29827
555 0.29831
556 0.29835
557 0.29840
558 0.29845
559 0.29851
560 0.29857
561 0.29863
562 0.29870
563 0.29877
564 0.29885
565 0.29893
566 0.29902
567 0.29911
568 0.29921
569 0.29931
570 0.29941
571 0.29952
572 0.29964
573 0.29975
574 0.29988
575 0.30000
576 0.30014
577 0.30027
578 0.30041
579 0.30056
580 0.30071
581 0.30086
582 0.30102
583 0.30119
584 0.30136
585 0.30153
586 0.30171
587 0.30189
588 0.30208
589 0.30227
590 0.30247
591 0.30267
592 0.30288
593 0.30309
594 0.30331
595 0.30353
596 0.30375
597 0.30398
598 0.30422
599 0.30446
600 0.30471
601 0.30496
602 0.30521
603 0.30547
604 0.30574
605 0.30601
606 0.30628
607 0.30656
608 0.30685
609 0.30714
610 0.30743
611 0.30773
612 0.30804
613 0.30835
614 0.30867
615 0.30899
616 0.30932
617 0.30965
618 0.30998
619 0.31033
620 0.31067
621 0.31103
622 0.31139
623 0.31175
624 0.31212
625 0.31249
626 0.31287
627 0.31326
628 0.31365
629 0.31405
630 0.31445
631 0.31486
632 0.31527
633 0.31569
634 0.31611
635 0.31654
636 0.31698
637 0.31742
638 0.31787
639 0.31832
640 0.31878
641 0.31924
642 0.31972
643 0.32019
644 0.32067
645 0.32116
646 0.32166
647 0.32216
648 0.32266
649 0.32318
650 0.32370
651 0.32422
652 0.32475
653 0.32529
654 0.32583
655 0.32638
656 0.32694
657 0.32750
658 0.32807
659 0.32865
660 0.32923
661 0.32982
662 0.33041
663 0.33101
664 0.33162
665 0.33224
666 0.33286
667 0.33349
668 0.33412
669 0.33476
670 0.33541
671 0.33607
672 0.33673
673 0.33740
674 0.33808
675 0.33876
676 0.33945
677 0.34015
678 0.34085
679 0.34157
680 0.34229
681 0.34301
682 0.34375
683 0.34449
684 0.34524
685 0.34599
686 0.34676
687 0.34753
688 0.34831
689 0.34910
690 0.34989
691 0.35070
692 0.35151
693 0.35233
694 0.35315
695 0.35399
696 0.35483
697 0.35568
698 0.35654
699 0.35741
700 0.35828
701 0.35917
702 0.36006
703 0.36096
704 0.36187
705 0.36279
706 0.36371
707 0.36465
708 0.36559
709 0.36655
710 0.36751
711 0.36848
712 0.36946
713 0.37045
714 0.37145
715 0.37245
716 0.37347
717 0.37450
718 0.37553
719 0.37658
720 0.37763
721 0.37869
722 0.37977
723 0.38085
724 0.38195
725 0.38305
726 0.38416
727 0.38529
728 0.38642
729 0.38756
730 0.38872
731 0.38988
732 0.39106
733 0.39224
734 0.39344
735 0.39464
736 0.39586
737 0.39709
738 0.39833
739 0.39958
740 0.40083
741 0.40210
742 0.40338
743 0.40467
744 0.40597
745 0.40728
746 0.40860
747 0.40993
748 0.41128
749 0.41263
750 0.41400
751 0.41537
752 0.41676
753 0.41816
754 0.41958
755 0.42100
756 0.42244
757 0.42389
758 0.42535
759 0.42682
760 0.42831
761 0.42981
762 0.43132
763 0.43284
764 0.43438
765 0.43593
766 0.43750
767 0.43907
768 0.44066
769 0.44226
770 0.44387
771 0.44550
772 0.44715
773 0.44880
774 0.45047
775 0.45216
776 0.45386
777 0.45558
778 0.45731
779 0.45905
780 0.46081
781 0.46259
782 0.46438
783 0.46618
784 0.46801
785 0.46984
786 0.47169
787 0.47355
788 0.47543
789 0.47732
790 0.47923
791 0.48116
792 0.48310
793 0.48506
794 0.48704
795 0.48903
796 0.49104
797 0.49307
798 0.49512
799 0.49718
800 0.49926
801 0.50136
802 0.50348
803 0.50561
804 0.50777
805 0.50994
806 0.51214
807 0.51435
808 0.51658
809 0.51883
810 0.52110
811 0.52339
812 0.52570
813 0.52802
814 0.53037
815 0.53274
816 0.53513
817 0.53755
818 0.53998
819 0.54243
820 0.54491
821 0.54741
822 0.54992
823 0.55247
824 0.55503
825 0.55761
826 0.56022
827 0.56285
828 0.56551
829 0.56816
830 0.57084
831 0.57355
832 0.57628
833 0.57903
834 0.58180
835 0.58460
836 0.58743
837 0.59028
838 0.59315
839 0.59605
840 0.59898
841 0.60193
842 0.60490
843 0.60791
844 0.61094
845 0.61400
846 0.61708
847 0.62019
848 0.62333
849 0.62650
850 0.62969
851 0.63292
852 0.63617
853 0.63945
854 0.64276
855 0.64610
856 0.64947
857 0.65287
858 0.65631
859 0.65977
860 0.66326
861 0.66678
862 0.67034
863 0.67393
864 0.67755
865 0.68120
866 0.68489
867 0.68861
868 0.69236
869 0.69615
870 0.69997
871 0.70383
872 0.70772
873 0.71165
874 0.71561
875 0.71961
876 0.72364
877 0.72771
878 0.73182
879 0.73597
880 0.74016
881 0.74438
882 0.74864
883 0.75295
884 0.75729
885 0.76167
886 0.76609
887 0.77055
888 0.77506
889 0.77961
890 0.78419
891 0.78883
892 0.79350
893 0.79822
894 0.80298
895 0.80779
896 0.81264
897 0.81753
898 0.82248
899 0.82747
900 0.83250
901 0.83759
902 0.84272
903 0.84790
904 0.85313
905 0.85841
906 0.86373
907 0.86911
908 0.87454
909 0.88002
910 0.88556
911 0.89114
912 0.89559
913 0.89695
914 0.89848
915 0.89998
916 0.90099
917 0.90152
918 0.90219
919 0.90303
920 0.90411
921 0.90549
922 0.90523
923 0.90498
924 0.90679
925 0.90654
926 0.90629
927 0.90872
928 0.90848
929 0.90824
930 0.90800
931 0.91135
932 0.91112
933 0.91089
934 0.91066
935 0.91043
936 0.91020
937 0.90997
938 0.91481
939 0.91460
940 0.91438
941 0.91417
942 0.91395
943 0.91374
944 0.91352
945 0.91330
946 0.91309
947 0.91287
948 0.91265
949 0.91243
950 0.91994
951 0.91975
952 0.91955
953 0.91936
954 0.91917
955 0.91898
956 0.91879
957 0.91859
958 0.91840
959 0.91820
960 0.91801
961 0.91782
962 0.91762
963 0.91743
964 0.91723
965 0.91703
966 0.91684
967 0.91664
968 0.91644
969 0.91625
970 0.91605
971 0.91585
972 0.91565
973 0.92866
974 0.92851
975 0.92835
976 0.92820
977 0.92805
978 0.92789
979 0.92774
980 0.92759
981 0.92743
982 0.92720
983 0.92694
984 0.92668
985 0.92642
986 0.92616
987 0.92590
988 0.92564
989 0.92538
990 0.92512
991 0.92486
992 0.92459
993 0.92433
994 0.92406
995 0.92380
996 0.92353
997 0.92327
998 0.92300
999 0.92273
1000 0.92247
1001 0.92220
1002 0.92193
1003 0.92166
1004 0.92139
1005 0.92112
1006 0.92084
1007 0.92057
1008 0.92030
1009 0.92002
1010 0.91975
1011 0.91948
1012 0.91920
1013 0.91892
1014 0.91865
1015 0.91837
1016 0.91809
1017 0.91781
1018 0.91753
1019 0.91725
1020 0.91697
1021 0.91669
1022 0.91641
1023 0.91613
1024 0.91584
1025 0.91556
1026 0.94314
1027 0.94294
1028 0.94275
1029 0.94255
1030 0.94236
1031 0.94216
1032 0.94197
1033 0.94177
1034 0.94157
1035 0.94137
1036 0.94118
1037 0.94098
1038 0.94078
1039 0.94058
1040 0.94038
1041 0.94018
1042 0.93998
1043 0.93977
1044 0.93957
1045 0.93937
1046 0.93917
1047 0.93896
1048 0.93876
1049 0.93856
1050 0.93835
1051 0.93815
1052 0.93794
1053 0.93773
1054 0.93753
1055 0.93732
1056 0.93711
1057 0.93690
1058 0.93670
1059 0.93649
1060 0.93628
1061 0.93607
1062 0.93586
1063 0.93565
1064 0.93544
1065 0.93522
1066 0.93501
1067 0.93480
1068 0.93459
1069 0.93437
1070 0.93416
1071 0.93394
1072 0.93373
1073 0.93351
1074 0.93330
1075 0.93308
1076 0.93286
1077 0.93265
1078 0.93243
1079 0.93221
1080 0.93199
1081 0.93177
1082 0.93155
1083 0.93133
1084 0.93111
1085 0.93089
1086 0.93067
1087 0.93044
1088 0.93022
1089 0.93000
1090 0.92978
1091 0.92955
1092 0.92933
1093 0.92910
1094 0.92888
1095 0.92865
1096 0.92842
1097 0.92820
1098 0.92797
1099 0.92774
1100 0.92751
1101 0.92728
1102 0.92705
1103 0.92682
1104 0.92659
1105 0.92636
1106 0.92613
1107 0.92590
1108 0.92567
1109 0.92543
1110 0.92520
1111 0.92497
1112 0.92473
1113 0.92450
1114 0.92426
1115 0.92403
1116 0.92379
1117 0.92355
1118 0.92332
1119 0.92308
1120 0.92284
1121 0.92260
1122 0.92236
1123 0.92212
1124 0.92188
1125 0.92164
1126 0.92140
1127 0.92116
1128 0.92092
1129 0.92067
1130 0.92043
1131 0.92019
1132 0.91994
1133 0.91970
1134 0.91945
1135 0.91921
1136 0.91896
1137 0.91871
1138 0.91847
1139 0.91822
1140 0.91797
1141 0.91772
1142 0.91747
1143 0.91722
1144 0.91697
1145 0.91672
1146 0.91647
1147 0.91622
1148 0.91597
1149 0.91571
1150 0.91546
1151 0.91521
1152 0.91495
1153 0.91470
1154 0.91444
1155 0.91419
1156 0.91393
1157 0.91367
1158 0.91342
1159 0.91316
1160 0.91290
1161 0.91264
1162 0.91238
1163 0.91212
1164 0.91186
1165 0.91160
1166 0.91134
1167 0.91108
1168 0.91082
1169 0.91055
1170 0.91029
1171 0.91003
1172 0.90976
1173 0.90950
1174 0.90923
1175 0.90897
1176 0.90870
1177 0.90843
1178 0.90816
1179 0.90790
1180 0.90763
1181 0.90736
1182 0.90709
1183 0.90682
1184 0.90655
1185 0.90628
1186 0.90601
1187 0.90573
1188 0.90546
1189 0.90519
1190 0.90491
1191 0.90464
1192 0.90437
1193 0.90409
1194 0.90382
1195 0.90354
1196 0.90326
1197 0.90298
1198 0.90271
1199 0.90243
1200 0.90215
1201 0.90187
1202 0.90159
1203 0.90131
1204 0.90103
1205 0.90075
1206 0.90047
1207 0.90018
1208 0.89990
1209 0.89962
1210 0.89933
1211 0.89905
1212 0.89876
1213 0.89848
1214 0.89819
1215 0.89791
1216 1.00000
