17 0.94811
18 0.94364
19 0.93907
20 0.93441
21 0.92966
22 0.92483
23 0.91993
24 0.91495
25 0.90990
26 0.90478
27 0.89961
28 0.89437
29 0.88908
30 0.88374
31 0.87835
32 0.87292
33 0.86744
34 0.86192
35 0.85637
36 0.85078
37 0.84517
38 0.83952
39 0.83384
40 0.82815
41 0.82242
42 0.81668
43 0.81093
44 0.80515
45 0.79936
46 0.79356
47 0.78775
48 0.78193
49 0.77611
50 0.77027
51 0.76444
52 0.75860
53 0.75277
54 0.74693
55 0.74110
56 0.73527
57 0.72944
58 0.72362
59 0.71781
60 0.71201
61 0.70622
62 0.70044
63 0.69467
64 0.68892
65 0.68318
66 0.67745
67 0.67174
68 0.66605
69 0.66038
70 0.65472
71 0.64909
72 0.64347
73 0.63788
74 0.63231
75 0.62676
76 0.62123
77 0.61573
78 0.61025
79 0.60480
80 0.59937
81 0.59397
82 0.58860
83 0.58326
84 0.57794
85 0.57265
86 0.56739
87 0.56216
88 0.55696
89 0.55179
90 0.54665
91 0.54153
92 0.53646
93 0.53141
94 0.52639
95 0.52141
96 0.51645
97 0.51153
98 0.50665
99 0.50179
100 0.49697
101 0.49218
102 0.48743
103 0.48271
104 0.47802
105 0.47337
106 0.46875
107 0.46416
108 0.45961
109 0.45509
110 0.45061
111 0.44616
112 0.44174
113 0.43736
114 0.43302
115 0.42871
116 0.42443
117 0.42019
118 0.41598
119 0.41181
120 0.40767
121 0.40356
122 0.39949
123 0.39546
124 0.39145
125 0.38749
126 0.38355
127 0.37965
128 0.37579
129 0.37196
130 0.36816
131 0.36439
132 0.36066
133 0.35696
134 0.35330
135 0.34967
136 0.34607
137 0.34251
138 0.33897
139 0.33547
140 0.33201
141 0.32857
142 0.32517
143 0.32180
144 0.31846
145 0.31515
146 0.31188
147 0.30863
148 0.30542
149 0.30224
150 0.29909
151 0.29597
152 0.29288
153 0.28982
154 0.28679
155 0.28379
156 0.28082
157 0.27788
158 0.27497
159 0.27208
160 0.26923
161 0.26641
162 0.26361
163 0.26084
164 0.25810
165 0.25539
166 0.25271
167 0.25005
168 0.24742
169 0.24482
170 0.24225
171 0.23970
172 0.23718
173 0.23468
174 0.23221
175 0.22977
176 0.22735
177 0.22496
178 0.22259
179 0.22025
180 0.21793
181 0.21564
182 0.21337
183 0.21113
184 0.20891
185 0.20671
186 0.20454
187 0.20239
188 0.20026
189 0.19816
190 0.19608
191 0.19402
192 0.19198
193 0.18997
194 0.18798
195 0.18601
196 0.18406
197 0.18213
198 0.18023
199 0.17834
200 0.17648
201 0.17463
202 0.17281
203 0.17101
204 0.16922
205 0.16746
206 0.16571
207 0.16399
208 0.16228
209 0.16060
210 0.15893
211 0.15728
212 0.15565
213 0.15403
214 0.15244
215 0.15086
216 0.14930
217 0.14776
218 0.14624
219 0.14473
220 0.14324
221 0.14176
222 0.14031
223 0.13887
224 0.13744
225 0.13603
226 0.13464
227 0.13326
228 0.13190
229 0.13056
230 0.12923
231 0.12791
232 0.12661
233 0.12533
234 0.12405
235 0.12280
236 0.12156
237 0.12033
238 0.11911
239 0.11791
240 0.11673
241 0.11555
242 0.11440
243 0.11325
244 0.11212
245 0.11100
246 0.10989
247 0.10879
248 0.10771
249 0.10664
250 0.10559
251 0.10454
252 0.10351
253 0.10249
254 0.10148
255 0.10048
256 0.09949
257 0.09852
258 0.09755
259 0.09660
260 0.09566
261 0.09473
262 0.09381
263 0.09290
264 0.09200
265 0.09111
266 0.09023
267 0.08936
268 0.08850
269 0.08765
270 0.08682
271 0.08599
272 0.08517
273 0.08436
274 0.08356
275 0.08276
276 0.08198
277 0.08121
278 0.08044
279 0.07969
280 0.07894
281 0.07820
282 0.07747
283 0.07675
284 0.07604
285 0.07534
286 0.07464
287 0.07395
288 0.07327
289 0.07260
290 0.07193
291 0.07128
292 0.07063
293 0.06998
294 0.06935
295 0.06872
296 0.06810
297 0.06749
298 0.06688
299 0.06628
300 0.06569
301 0.06511
302 0.06453
303 0.06396
304 0.06339
305 0.06283
306 0.06228
307 0.06173
308 0.06119
309 0.06066
310 0.06013
311 0.05961
312 0.05910
313 0.05859
314 0.05809
315 0.05759
316 0.05710
317 0.05661
318 0.05613
319 0.05566
320 0.05519
321 0.05472
322 0.05426
323 0.05381
324 0.05336
325 0.05292
326 0.05248
327 0.05205
328 0.05162
329 0.05120
330 0.05078
331 0.05037
332 0.04996
333 0.04955
334 0.04915
335 0.04876
336 0.04837
337 0.04798
338 0.04760
339 0.04723
340 0.04685
341 0.04649
342 0.04612
343 0.04576
344 0.04541
345 0.04506
346 0.04471
347 0.04436
348 0.04403
349 0.04369
350 0.04336
351 0.04303
352 0.04271
353 0.04239
354 0.04207
355 0.04176
356 0.04145
357 0.04114
358 0.04084
359 0.04054
360 0.04024
361 0.03995
362 0.03966
363 0.03938
364 0.03910
365 0.03882
366 0.03854
367 0.03827
368 0.03800
369 0.03774
370 0.03747
371 0.03721
372 0.03696
373 0.03670
374 0.03645
375 0.03620
376 0.03596
377 0.03572
378 0.03548
379 0.03524
380 0.03500
381 0.03477
382 0.03455
383 0.03432
384 0.03410
385 0.03388
386 0.03366
387 0.03344
388 0.03323
389 0.03302
390 0.03281
391 0.03260
392 0.03240
393 0.03220
394 0.03200
395 0.03181
396 0.03161
397 0.03142
398 0.03123
399 0.03104
400 0.03086
401 0.03068
402 0.03050
403 0.03032
404 0.03014
405 0.02997
406 0.02980
407 0.02963
408 0.02946
409 0.02929
410 0.02913
411 0.02897
412 0.02881
413 0.02865
414 0.02849
415 0.02834
416 0.02819
417 0.02804
418 0.02789
419 0.02774
420 0.02760
421 0.02745
422 0.02731
423 0.02717
424 0.02703
425 0.02690
426 0.02676
427 0.02663
428 0.02650
429 0.02637
430 0.02624
431 0.02612
432 0.02599
433 0.02587
434 0.02575
435 0.02563
436 0.02551
437 0.02539
438 0.02528
439 0.02516
440 0.02505
441 0.02494
442 0.02483
443 0.02472
444 0.02462
445 0.02451
446 0.02441
447 0.02431
448 0.02421
449 0.02411
450 0.02401
451 0.02391
452 0.02382
453 0.02372
454 0.02363
455 0.02354
456 0.02345
457 0.02336
458 0.02327
459 0.02319
460 0.02310
461 0.02302
462 0.02294
463 0.02286
464 0.02278
465 0.02270
466 0.02262
467 0.02255
468 0.02247
469 0.02240
470 0.02232
471 0.02225
472 0.02218
473 0.02211
474 0.02205
475 0.02198
476 0.02191
477 0.02185
478 0.02178
479 0.02172
480 0.02166
481 0.02160
482 0.02154
483 0.02148
484 0.02143
485 0.02137
486 0.02132
487 0.02126
488 0.02121
489 0.02116
490 0.02111
491 0.02106
492 0.02101
493 0.02096
494 0.02092
495 0.02087
496 0.02082
497 0.02078
498 0.02074
499 0.02070
500 0.02065
501 0.02061
502 0.02057
503 0.02054
504 0.02050
505 0.02046
506 0.02043
507 0.02039
508 0.02036
509 0.02033
510 0.02029
511 0.02026
512 0.02023
513 0.02020
514 0.02018
515 0.02015
516 0.02012
517 0.02010
518 0.02007
519 0.02005
520 0.02002
521 0.02000
522 0.01998
523 0.01996
524 0.01994
525 0.01992
526 0.01991
527 0.01989
528 0.01987
529 0.01986
530 0.01984
531 0.01983
532 0.01982
533 0.01981
534 0.01980
535 0.01979
536 0.01978
537 0.01977
538 0.01976
539 0.01976
540 0.01975
541 0.01975
542 0.01975
543 0.01974
544 0.01974
545 0.01974
546 0.01974
547 0.01975
548 0.01975
549 0.01975
550 0.01976
551 0.01976
552 0.01977
553 0.01977
554 0.01978
555 0.01979
556 0.01980
557 0.01981
558 0.01982
559 0.01983
560 0.01984
561 0.01985
562 0.01987
563 0.01988
564 0.01990
565 0.01992
566 0.01994
567 0.01996
568 0.01998
569 0.02000
570 0.02002
571 0.02004
572 0.02007
573 0.02009
574 0.02012
575 0.02014
576 0.02017
577 0.02020
578 0.02023
579 0.02026
580 0.02030
581 0.02033
582 0.02036
583 0.02040
584 0.02043
585 0.02047
586 0.02051
587 0.02055
588 0.02059
589 0.02063
590 0.02068
591 0.02072
592 0.02077
593 0.02081
594 0.02086
595 0.02091
596 0.02096
597 0.02101
598 0.02106
599 0.02111
600 0.02117
601 0.02122
602 0.02128
603 0.02134
604 0.02140
605 0.02146
606 0.02152
607 0.02158
608 0.02165
609 0.02171
610 0.02178
611 0.02185
612 0.02192
613 0.02199
614 0.02206
615 0.02213
616 0.02221
617 0.02228
618 0.02236
619 0.02244
620 0.02252
621 0.02260
622 0.02268
623 0.02277
624 0.02286
625 0.02294
626 0.02303
627 0.02312
628 0.02322
629 0.02331
630 0.02340
631 0.02350
632 0.02360
633 0.02370
634 0.02380
635 0.02391
636 0.02401
637 0.02412
638 0.02423
639 0.02434
640 0.02445
641 0.02456
642 0.02468
643 0.02480
644 0.02492
645 0.02504
646 0.02516
647 0.02529
648 0.02541
649 0.02554
650 0.02567
651 0.02581
652 0.02594
653 0.02608
654 0.02622
655 0.02636
656 0.02650
657 0.02664
658 0.02678
659 0.02693
660 0.02708
661 0.02723
662 0.02738
663 0.02753
664 0.02769
665 0.02785
666 0.02801
667 0.02817
668 0.02834
669 0.02851
670 0.02868
671 0.02886
672 0.02903
673 0.02921
674 0.02939
675 0.02958
676 0.02977
677 0.02996
678 0.03015
679 0.03035
680 0.03054
681 0.03075
682 0.03095
683 0.03116
684 0.03137
685 0.03158
686 0.03180
687 0.03202
688 0.03224
689 0.03247
690 0.03270
691 0.03293
692 0.03317
693 0.03341
694 0.03365
695 0.03390
696 0.03415
697 0.03441
698 0.03467
699 0.03493
700 0.03520
701 0.03547
702 0.03574
703 0.03602
704 0.03630
705 0.03659
706 0.03688
707 0.03717
708 0.03747
709 0.03778
710 0.03809
711 0.03840
712 0.03872
713 0.03904
714 0.03937
715 0.03970
716 0.04004
717 0.04038
718 0.04073
719 0.04108
720 0.04144
721 0.04180
722 0.04217
723 0.04255
724 0.04293
725 0.04331
726 0.04371
727 0.04410
728 0.04451
729 0.04492
730 0.04534
731 0.04576
732 0.04619
733 0.04662
734 0.04707
735 0.04752
736 0.04797
737 0.04844
738 0.04891
739 0.04939
740 0.04987
741 0.05037
742 0.05087
743 0.05138
744 0.05190
745 0.05242
746 0.05295
747 0.05350
748 0.05405
749 0.05461
750 0.05517
751 0.05575
752 0.05634
753 0.05693
754 0.05754
755 0.05815
756 0.05878
757 0.05941
758 0.06006
759 0.06072
760 0.06138
761 0.06206
762 0.06275
763 0.06345
764 0.06416
765 0.06488
766 0.06562
767 0.06636
768 0.06712
769 0.06789
770 0.06868
771 0.06948
772 0.07029
773 0.07111
774 0.07195
775 0.07280
776 0.07367
777 0.07455
778 0.07544
779 0.07636
780 0.07728
781 0.07823
782 0.07918
783 0.08016
784 0.08115
785 0.08216
786 0.08318
787 0.08423
788 0.08529
789 0.08637
790 0.08747
791 0.08859
792 0.08972
793 0.09088
794 0.09206
795 0.09326
796 0.09448
797 0.09572
798 0.09698
799 0.09827
800 0.09958
801 0.10091
802 0.10226
803 0.10364
804 0.10505
805 0.10648
806 0.10793
807 0.10942
808 0.11093
809 0.11246
810 0.11403
811 0.11562
812 0.11724
813 0.11890
814 0.12058
815 0.12229
816 0.12404
817 0.12582
818 0.12763
819 0.12947
820 0.13135
821 0.13326
822 0.13522
823 0.13720
824 0.13923
825 0.14129
826 0.14339
827 0.14553
828 0.14772
829 0.14994
830 0.15221
831 0.15452
832 0.15688
833 0.15928
834 0.16173
835 0.16422
836 0.16676
837 0.16936
838 0.17200
839 0.17470
840 0.17745
841 0.18025
842 0.18311
843 0.18602
844 0.18900
845 0.19203
846 0.19512
847 0.19827
848 0.20149
849 0.20477
850 0.20812
851 0.21154
852 0.21503
853 0.21858
854 0.22221
855 0.22591
856 0.22969
857 0.23355
858 0.23748
859 0.24150
860 0.24560
861 0.24979
862 0.25406
863 0.25842
864 0.26287
865 0.26741
866 0.27205
867 0.27679
868 0.28163
869 0.28657
870 0.29162
871 0.29677
872 0.30203
873 0.30740
874 0.31289
875 0.31850
876 0.32423
877 0.33008
878 0.33606
879 0.34217
880 0.34841
881 0.35478
882 0.36130
883 0.36796
884 0.37476
885 0.38171
886 0.38882
887 0.39609
888 0.40351
889 0.41111
890 0.41887
891 0.42680
892 0.43491
893 0.44320
894 0.45168
895 0.46036
896 0.46922
897 0.47829
898 0.48757
899 0.49705
900 0.50676
901 0.51668
902 0.52684
903 0.53722
904 0.54785
905 0.55872
906 0.56985
907 0.58123
908 0.59288
909 0.60480
910 0.61700
911 0.62948
912 0.63946
913 0.64341
914 0.64794
915 0.65239
916 0.65533
917 0.65675
918 0.65860
919 0.66103
920 0.66419
921 0.66834
922 0.66728
923 0.66623
924 0.67176
925 0.67072
926 0.66967
927 0.67719
928 0.67617
929 0.67514
930 0.67411
931 0.68464
932 0.68363
933 0.68263
934 0.68162
935 0.68061
936 0.67960
937 0.67859
938 0.69403
939 0.69306
940 0.69208
941 0.69110
942 0.69013
943 0.68915
944 0.68816
945 0.68718
946 0.68620
947 0.68521
948 0.68422
949 0.68324
950 0.70751
951 0.70658
952 0.70565
953 0.70472
954 0.70378
955 0.70285
956 0.70191
957 0.70098
958 0.70004
959 0.69910
960 0.69816
961 0.69721
962 0.69627
963 0.69532
964 0.69438
965 0.69343
966 0.69248
967 0.69153
968 0.69058
969 0.68963
970 0.68867
971 0.68772
972 0.68676
973 0.72950
974 0.72865
975 0.72779
976 0.72694
977 0.72608
978 0.72522
979 0.72436
980 0.72350
981 0.72264
982 0.72178
983 0.72091
984 0.72004
985 0.71918
986 0.71831
987 0.71744
988 0.71657
989 0.71570
990 0.71482
991 0.71395
992 0.71307
993 0.71220
994 0.71132
995 0.71044
996 0.70956
997 0.70868
998 0.70779
999 0.70691
1000 0.70602
1001 0.70514
1002 0.70425
1003 0.70336
1004 0.70247
1005 0.70158
1006 0.70069
1007 0.69979
1008 0.69890
1009 0.69800
1010 0.69710
1011 0.69621
1012 0.69531
1013 0.69441
1014 0.69350
1015 0.69260
1016 0.69170
1017 0.69079
1018 0.68989
1019 0.68898
1020 0.68807
1021 0.68716
1022 0.68625
1023 0.68534
1024 0.68442
1025 0.68351
1026 0.77685
1027 0.77616
1028 0.77547
1029 0.77478
1030 0.77408
1031 0.77339
1032 0.77269
1033 0.77200
1034 0.77130
1035 0.77060
1036 0.76990
1037 0.76920
1038 0.76850
1039 0.76779
1040 0.76709
1041 0.76638
1042 0.76568
1043 0.76497
1044 0.76426
1045 0.76355
1046 0.76284
1047 0.76213
1048 0.76141
1049 0.76070
1050 0.75998
1051 0.75927
1052 0.75855
1053 0.75783
1054 0.75711
1055 0.75639
1056 0.75567
1057 0.75494
1058 0.75422
1059 0.75349
1060 0.75277
1061 0.75204
1062 0.75131
1063 0.75058
1064 0.74985
1065 0.74912
1066 0.74838
1067 0.74765
1068 0.74692
1069 0.74618
1070 0.74544
1071 0.74470
1072 0.74396
1073 0.74322
1074 0.74248
1075 0.74174
1076 0.74100
1077 0.74025
1078 0.73951
1079 0.73876
1080 0.73801
1081 0.73726
1082 0.73651
1083 0.73576
1084 0.73501
1085 0.73426
1086 0.73350
1087 0.73275
1088 0.73199
1089 0.73123
1090 0.73047
1091 0.72972
1092 0.72896
1093 0.72819
1094 0.72743
1095 0.72667
1096 0.72590
1097 0.72514
1098 0.72437
1099 0.72360
1100 0.72284
1101 0.72207
1102 0.72130
1103 0.72053
1104 0.71975
1105 0.71898
1106 0.71821
1107 0.71743
1108 0.71665
1109 0.71588
1110 0.71510
1111 0.71432
1112 0.71354
1113 0.71276
1114 0.71197
1115 0.71119
1116 0.71041
1117 0.70962
1118 0.70884
1119 0.70805
1120 0.70726
1121 0.70647
1122 0.70568
1123 0.70489
1124 0.70410
1125 0.70331
1126 0.70251
1127 0.70172
1128 0.70092
1129 0.70013
1130 0.69933
1131 0.69853
1132 0.69773
1133 0.69693
1134 0.69613
1135 0.69533
1136 0.69453
1137 0.69372
1138 0.69292
1139 0.69211
1140 0.69130
1141 0.69050
1142 0.68969
1143 0.68888
1144 0.68807
1145 0.68726
1146 0.68645
1147 0.68563
1148 0.68482
1149 0.68400
1150 0.68319
1151 0.68237
1152 0.68156
1153 0.68074
1154 0.67992
1155 0.67910
1156 0.67828
1157 0.67746
1158 0.67663
1159 0.67581
1160 0.67499
1161 0.67416
1162 0.67334
1163 0.67251
1164 0.67168
1165 0.67085
1166 0.67002
1167 0.66919
1168 0.66836
1169 0.66753
1170 0.66670
1171 0.66587
1172 0.66503
1173 0.66420
1174 0.66336
1175 0.66253
1176 0.66169
1177 0.66085
1178 0.66001
1179 0.65917
1180 0.65833
1181 0.65749
1182 0.65665
1183 0.65581
1184 0.65496
1185 0.65412
1186 0.65327
1187 0.65243
1188 0.65158
1189 0.65073
1190 0.64988
1191 0.64904
1192 0.64819
1193 0.64734
1194 0.64648
1195 0.64563
1196 0.64478
1197 0.64393
1198 0.64307
1199 0.64222
1200 0.64136
1201 0.64051
1202 0.63965
1203 0.63879
1204 0.63793
1205 0.63708
1206 0.63622
1207 0.63536
1208 0.63449
1209 0.63363
1210 0.63277
1211 0.63191
1212 0.63104
1213 0.63018
1214 0.62931
1215 0.62845
1216 1.00000
