17 0.81113
18 0.79621
19 0.78117
20 0.76605
21 0.75088
22 0.73566
23 0.72045
24 0.70524
25 0.69007
26 0.67495
27 0.65990
28 0.64493
29 0.63007
30 0.61532
31 0.60071
32 0.58623
33 0.57191
34 0.55774
35 0.54375
36 0.52994
37 0.51632
38 0.50289
39 0.48966
40 0.47664
41 0.46382
42 0.45123
43 0.43885
44 0.42669
45 0.41476
46 0.40305
47 0.39157
48 0.38033
49 0.36931
50 0.35852
51 0.34796
52 0.33763
53 0.32753
54 0.31766
55 0.30802
56 0.29860
57 0.28941
58 0.28044
59 0.27169
60 0.26316
61 0.25485
62 0.24674
63 0.23885
64 0.23116
65 0.22368
66 0.21640
67 0.20932
68 0.20243
69 0.19574
70 0.18923
71 0.18291
72 0.17676
73 0.17080
74 0.16501
75 0.15939
76 0.15393
77 0.14864
78 0.14351
79 0.13854
80 0.13371
81 0.12904
82 0.12451
83 0.12012
84 0.11588
85 0.11176
86 0.10778
87 0.10392
88 0.10020
89 0.09659
90 0.09310
91 0.08972
92 0.08646
93 0.08330
94 0.08025
95 0.07731
96 0.07446
97 0.07171
98 0.06905
99 0.06649
100 0.06401
101 0.06162
102 0.05931
103 0.05708
104 0.05494
105 0.05286
106 0.05086
107 0.04893
108 0.04707
109 0.04528
110 0.04355
111 0.04189
112 0.04028
113 0.03873
114 0.03724
115 0.03580
116 0.03442
117 0.03309
118 0.03180
119 0.03057
120 0.02938
121 0.02823
122 0.02713
123 0.02607
124 0.02504
125 0.02406
126 0.02311
127 0.02220
128 0.02133
129 0.02049
130 0.01968
131 0.01890
132 0.01815
133 0.01743
134 0.01673
135 0.01607
136 0.01543
137 0.01481
138 0.01422
139 0.01365
140 0.01310
141 0.01258
142 0.01208
143 0.01159
144 0.01112
145 0.01068
146 0.01025
147 0.00983
148 0.00944
149 0.00906
150 0.00869
151 0.00834
152 0.00800
153 0.00768
154 0.00737
155 0.00707
156 0.00678
157 0.00651
158 0.00624
159 0.00599
160 0.00575
161 0.00551
162 0.00529
163 0.00508
164 0.00487
165 0.00467
166 0.00448
167 0.00430
168 0.00412
169 0.00396
170 0.00379
171 0.00364
172 0.00349
173 0.00335
174 0.00321
175 0.00308
176 0.00296
177 0.00284
178 0.00272
179 0.00261
180 0.00250
181 0.00240
182 0.00230
183 0.00221
184 0.00212
185 0.00203
186 0.00195
187 0.00187
188 0.00180
189 0.00172
190 0.00165
191 0.00159
192 0.00152
193 0.00146
194 0.00140
195 0.00134
196 0.00129
197 0.00124
198 0.00119
199 0.00114
200 0.00109
201 0.00105
202 0.00101
203 0.00097
204 0.00093
205 0.00089
206 0.00085
207 0.00082
208 0.00079
209 0.00075
210 0.00072
211 0.00069
212 0.00067
213 0.00064
214 0.00061
215 0.00059
216 0.00057
217 0.00054
218 0.00052
219 0.00050
220 0.00048
221 0.00046
222 0.00044
223 0.00043
224 0.00041
225 0.00039
226 0.00038
227 0.00036
228 0.00035
229 0.00033
230 0.00032
231 0.00031
232 0.00030
233 0.00028
234 0.00027
235 0.00026
236 0.00025
237 0.00024
238 0.00023
239 0.00022
240 0.00022
241 0.00021
242 0.00020
243 0.00019
244 0.00018
245 0.00018
246 0.00017
247 0.00016
248 0.00016
249 0.00015
250 0.00015
251 0.00014
252 0.00013
253 0.00013
254 0.00012
255 0.00012
256 0.00011
257 0.00011
258 0.00011
259 0.00010
260 0.00010
261 0.00009
262 0.00009
263 0.00009
264 0.00008
265 0.00008
266 0.00008
267 0.00008
268 0.00007
269 0.00007
270 0.00007
271 0.00006
272 0.00006
273 0.00006
274 0.00006
275 0.00006
276 0.00005
277 0.00005
278 0.00005
279 0.00005
280 0.00005
281 0.00004
282 0.00004
283 0.00004
284 0.00004
285 0.00004
286 0.00004
287 0.00004
288 0.00003
289 0.00003
290 0.00003
291 0.00003
292 0.00003
293 0.00003
294 0.00003
295 0.00003
296 0.00003
297 0.00002
298 0.00002
299 0.00002
300 0.00002
301 0.00002
302 0.00002
303 0.00002
304 0.00002
305 0.00002
306 0.00002
307 0.00002
308 0.00002
309 0.00002
310 0.00002
311 0.00002
312 0.00001
313 0.00001
314 0.00001
315 0.00001
316 0.00001
317 0.00001
318 0.00001
319 0.00001
320 0.00001
321 0.00001
322 0.00001
323 0.00001
324 0.00001
325 0.00001
326 0.00001
327 0.00001
328 0.00001
329 0.00001
330 0.00001
331 0.00001
332 0.00001
333 0.00001
334 0.00001
335 0.00001
336 0.00001
337 0.00001
338 0.00001
339 0.00001
340 0.00001
341 0.00001
342 0.00001
343 0.00001
344 0.00001
345 0.00001
346 0.00000
347 0.00000
348 0.00000
349 0.00000
350 0.00000
351 0.00000
352 0.00000
353 0.00000
354 0.00000
355 0.00000
356 0.00000
357 0.00000
358 0.00000
359 0.00000
360 0.00000
361 0.00000
362 0.00000
363 0.00000
364 0.00000
365 0.00000
366 0.00000
367 0.00000
368 0.00000
369 0.00000
370 0.00000
371 0.00000
372 0.00000
373 0.00000
374 0.00000
375 0.00000
376 0.00000
377 0.00000
378 0.00000
379 0.00000
380 0.00000
381 0.00000
382 0.00000
383 0.00000
384 0.00000
385 0.00000
386 0.00000
387 0.00000
388 0.00000
389 0.00000
390 0.00000
391 0.00000
392 0.00000
393 0.00000
394 0.00000
395 0.00000
396 0.00000
397 0.00000
398 0.00000
399 0.00000
400 0.00000
401 0.00000
402 0.00000
403 0.00000
404 0.00000
405 0.00000
406 0.00000
407 0.00000
408 0.00000
409 0.00000
410 0.00000
411 0.00000
412 0.00000
413 0.00000
414 0.00000
415 0.00000
416 0.00000
417 0.00000
418 0.00000
419 0.00000
420 0.00000
421 0.00000
422 0.00000
423 0.00000
424 0.00000
425 0.00000
426 0.00000
427 0.00000
428 0.00000
429 0.00000
430 0.00000
431 0.00000
432 0.00000
433 0.00000
434 0.00000
435 0.00000
436 0.00000
437 0.00000
438 0.00000
439 0.00000
440 0.00000
441 0.00000
442 0.00000
443 0.00000
444 0.00000
445 0.00000
446 0.00000
447 0.00000
448 0.00000
449 0.00000
450 0.00000
451 0.00000
452 0.00000
453 0.00000
454 0.00000
455 0.00000
456 0.00000
457 0.00000
458 0.00000
459 0.00000
460 0.00000
461 0.00000
462 0.00000
463 0.00000
464 0.00000
465 0.00000
466 0.00000
467 0.00000
468 0.00000
469 0.00000
470 0.00000
471 0.00000
472 0.00000
473 0.00000
474 0.00000
475 0.00000
476 0.00000
477 0.00000
478 0.00000
479 0.00000
480 0.00000
481 0.00000
482 0.00000
483 0.00000
484 0.00000
485 0.00000
486 0.00000
487 0.00000
488 0.00000
489 0.00000
490 0.00000
491 0.00000
492 0.00000
493 0.00000
494 0.00000
495 0.00000
496 0.00000
497 0.00000
498 0.00000
499 0.00000
500 0.00000
501 0.00000
502 0.00000
503 0.00000
504 0.00000
505 0.00000
506 0.00000
507 0.00000
508 0.00000
509 0.00000
510 0.00000
511 0.00000
512 0.00000
513 0.00000
514 0.00000
515 0.00000
516 0.00000
517 0.00000
518 0.00000
519 0.00000
520 0.00000
521 0.00000
522 0.00000
523 0.00000
524 0.00000
525 0.00000
526 0.00000
527 0.00000
528 0.00000
529 0.00000
530 0.00000
531 0.00000
532 0.00000
533 0.00000
534 0.00000
535 0.00000
536 0.00000
537 0.00000
538 0.00000
539 0.00000
540 0.00000
541 0.00000
542 0.00000
543 0.00000
544 0.00000
545 0.00000
546 0.00000
547 0.00000
548 0.00000
549 0.00000
550 0.00000
551 0.00000
552 0.00000
553 0.00000
554 0.00000
555 0.00000
556 0.00000
557 0.00000
558 0.00000
559 0.00000
560 0.00000
561 0.00000
562 0.00000
563 0.00000
564 0.00000
565 0.00000
566 0.00000
567 0.00000
568 0.00000
569 0.00000
570 0.00000
571 0.00000
572 0.00000
573 0.00000
574 0.00000
575 0.00000
576 0.00000
577 0.00000
578 0.00000
579 0.00000
580 0.00000
581 0.00000
582 0.00000
583 0.00000
584 0.00000
585 0.00000
586 0.00000
587 0.00000
588 0.00000
589 0.00000
590 0.00000
591 0.00000
592 0.00000
593 0.00000
594 0.00000
595 0.00000
596 0.00000
597 0.00000
598 0.00000
599 0.00000
600 0.00000
601 0.00000
602 0.00000
603 0.00000
604 0.00000
605 0.00000
606 0.00000
607 0.00000
608 0.00000
609 0.00000
610 0.00000
611 0.00000
612 0.00000
613 0.00000
614 0.00000
615 0.00000
616 0.00000
617 0.00000
618 0.00000
619 0.00000
620 0.00000
621 0.00000
622 0.00000
623 0.00000
624 0.00000
625 0.00000
626 0.00000
627 0.00000
628 0.00000
629 0.00000
630 0.00000
631 0.00000
632 0.00000
633 0.00000
634 0.00000
635 0.00000
636 0.00000
637 0.00000
638 0.00000
639 0.00000
640 0.00000
641 0.00000
642 0.00000
643 0.00000
644 0.00000
645 0.00000
646 0.00000
647 0.00000
648 0.00000
649 0.00000
650 0.00000
651 0.00000
652 0.00000
653 0.00000
654 0.00000
655 0.00000
656 0.00000
657 0.00000
658 0.00000
659 0.00000
660 0.00000
661 0.00000
662 0.00000
663 0.00000
664 0.00000
665 0.00000
666 0.00000
667 0.00000
668 0.00000
669 0.00000
670 0.00000
671 0.00000
672 0.00000
673 0.00000
674 0.00000
675 0.00000
676 0.00000
677 0.00000
678 0.00000
679 0.00000
680 0.00000
681 0.00000
682 0.00000
683 0.00000
684 0.00000
685 0.00000
686 0.00000
687 0.00000
688 0.00000
689 0.00000
690 0.00000
691 0.00000
692 0.00000
693 0.00000
694 0.00000
695 0.00000
696 0.00000
697 0.00000
698 0.00000
699 0.00000
700 0.00000
701 0.00000
702 0.00000
703 0.00000
704 0.00000
705 0.00000
706 0.00000
707 0.00000
708 0.00000
709 0.00000
710 0.00000
711 0.00000
712 0.00000
713 0.00000
714 0.00000
715 0.00000
716 0.00000
717 0.00000
718 0.00000
719 0.00000
720 0.00000
721 0.00000
722 0.00000
723 0.00000
724 0.00000
725 0.00000
726 0.00000
727 0.00000
728 0.00000
729 0.00000
730 0.00000
731 0.00000
732 0.00000
733 0.00000
734 0.00000
735 0.00000
736 0.00000
737 0.00000
738 0.00000
739 0.00000
740 0.00000
741 0.00000
742 0.00000
743 0.00000
744 0.00000
745 0.00001
746 0.00001
747 0.00001
748 0.00001
749 0.00001
750 0.00001
751 0.00001
752 0.00001
753 0.00001
754 0.00001
755 0.00001
756 0.00001
757 0.00001
758 0.00001
759 0.00001
760 0.00001
761 0.00001
762 0.00001
763 0.00001
764 0.00001
765 0.00001
766 0.00001
767 0.00001
768 0.00001
769 0.00001
770 0.00001
771 0.00001
772 0.00001
773 0.00002
774 0.00002
775 0.00002
776 0.00002
777 0.00002
778 0.00002
779 0.00002
780 0.00002
781 0.00002
782 0.00002
783 0.00002
784 0.00003
785 0.00003
786 0.00003
787 0.00003
788 0.00003
789 0.00003
790 0.00003
791 0.00004
792 0.00004
793 0.00004
794 0.00004
795 0.00004
796 0.00004
797 0.00005
798 0.00005
799 0.00005
800 0.00005
801 0.00006
802 0.00006
803 0.00006
804 0.00007
805 0.00007
806 0.00007
807 0.00008
808 0.00008
809 0.00009
810 0.00009
811 0.00009
812 0.00010
813 0.00010
814 0.00011
815 0.00012
816 0.00012
817 0.00013
818 0.00014
819 0.00014
820 0.00015
821 0.00016
822 0.00017
823 0.00018
824 0.00019
825 0.00020
826 0.00021
827 0.00022
828 0.00023
829 0.00025
830 0.00026
831 0.00027
832 0.00029
833 0.00031
834 0.00032
835 0.00034
836 0.00036
837 0.00038
838 0.00041
839 0.00043
840 0.00046
841 0.00048
842 0.00051
843 0.00054
844 0.00057
845 0.00061
846 0.00064
847 0.00068
848 0.00072
849 0.00077
850 0.00081
851 0.00086
852 0.00091
853 0.00097
854 0.00103
855 0.00109
856 0.00116
857 0.00123
858 0.00131
859 0.00139
860 0.00147
861 0.00156
862 0.00166
863 0.00177
864 0.00188
865 0.00200
866 0.00212
867 0.00226
868 0.00240
869 0.00255
870 0.00272
871 0.00289
872 0.00308
873 0.00328
874 0.00349
875 0.00372
876 0.00396
877 0.00421
878 0.00449
879 0.00478
880 0.00510
881 0.00543
882 0.00579
883 0.00618
884 0.00659
885 0.00702
886 0.00749
887 0.00799
888 0.00853
889 0.00910
890 0.00972
891 0.01037
892 0.01107
893 0.01182
894 0.01263
895 0.01349
896 0.01441
897 0.01540
898 0.01645
899 0.01758
900 0.01879
901 0.02009
902 0.02148
903 0.02297
904 0.02457
905 0.02628
906 0.02812
907 0.03009
908 0.03220
909 0.03446
910 0.03689
911 0.03950
912 0.04157
913 0.04976
914 0.05670
915 0.06253
916 0.06617
917 0.06795
918 0.07016
919 0.07293
920 0.07649
921 0.08113
922 0.07998
923 0.07884
924 0.08500
925 0.08382
926 0.08265
927 0.09116
928 0.08994
929 0.08873
930 0.08753
931 0.09983
932 0.09857
933 0.09731
934 0.09605
935 0.09481
936 0.09357
937 0.09234
938 0.11119
939 0.10987
940 0.10856
941 0.10725
942 0.10595
943 0.10465
944 0.10337
945 0.10208
946 0.10081
947 0.09954
948 0.09828
949 0.09702
950 0.12861
951 0.12723
952 0.12585
953 0.12448
954 0.12311
955 0.12175
956 0.12040
957 0.11905
958 0.11770
959 0.11636
960 0.11503
961 0.11370
962 0.11238
963 0.11107
964 0.10976
965 0.10846
966 0.10716
967 0.10587
968 0.10459
969 0.10332
970 0.10205
971 0.10079
972 0.09954
973 0.16065
974 0.15921
975 0.15777
976 0.15634
977 0.15492
978 0.15350
979 0.15208
980 0.15066
981 0.14925
982 0.14785
983 0.14644
984 0.14505
985 0.14365
986 0.14227
987 0.14088
988 0.13951
989 0.13813
990 0.13677
991 0.13540
992 0.13405
993 0.13269
994 0.13135
995 0.13001
996 0.12867
997 0.12734
998 0.12602
999 0.12470
1000 0.12339
1001 0.12208
1002 0.12078
1003 0.11948
1004 0.11820
1005 0.11691
1006 0.11564
1007 0.11437
1008 0.11311
1009 0.11185
1010 0.11060
1011 0.10935
1012 0.10812
1013 0.10689
1014 0.10566
1015 0.10445
1016 0.10324
1017 0.10203
1018 0.10084
1019 0.09965
1020 0.09847
1021 0.09729
1022 0.09612
1023 0.09496
1024 0.09381
1025 0.09266
1026 0.25179
1027 0.25050
1028 0.24920
1029 0.24791
1030 0.24661
1031 0.24532
1032 0.24402
1033 0.24273
1034 0.24144
1035 0.24014
1036 0.23885
1037 0.23756
1038 0.23627
1039 0.23497
1040 0.23368
1041 0.23239
1042 0.23110
1043 0.22981
1044 0.22852
1045 0.22722
1046 0.22593
1047 0.22464
1048 0.22335
1049 0.22205
1050 0.22076
1051 0.21946
1052 0.21817
1053 0.21687
1054 0.21558
1055 0.21428
1056 0.21298
1057 0.21169
1058 0.21039
1059 0.20909
1060 0.20779
1061 0.20648
1062 0.20518
1063 0.20388
1064 0.20257
1065 0.20127
1066 0.19996
1067 0.19865
1068 0.19734
1069 0.19603
1070 0.19472
1071 0.19340
1072 0.19208
1073 0.19077
1074 0.18945
1075 0.18813
1076 0.18681
1077 0.18548
1078 0.18416
1079 0.18283
1080 0.18150
1081 0.18017
1082 0.17884
1083 0.17751
1084 0.17617
1085 0.17484
1086 0.17350
1087 0.17216
1088 0.17082
1089 0.16947
1090 0.16813
1091 0.16678
1092 0.16543
1093 0.16409
1094 0.16274
1095 0.16138
1096 0.16003
1097 0.15868
1098 0.15732
1099 0.15596
1100 0.15461
1101 0.15325
1102 0.15189
1103 0.15053
1104 0.14917
1105 0.14781
1106 0.14644
1107 0.14508
1108 0.14372
1109 0.14236
1110 0.14099
1111 0.13963
1112 0.13827
1113 0.13691
1114 0.13554
1115 0.13418
1116 0.13282
1117 0.13146
1118 0.13011
1119 0.12875
1120 0.12739
1121 0.12604
1122 0.12469
1123 0.12334
1124 0.12199
1125 0.12064
1126 0.11930
1127 0.11796
1128 0.11662
1129 0.11529
1130 0.11395
1131 0.11263
1132 0.11130
1133 0.10998
1134 0.10866
1135 0.10735
1136 0.10604
1137 0.10474
1138 0.10344
1139 0.10214
1140 0.10085
1141 0.09957
1142 0.09829
1143 0.09701
1144 0.09574
1145 0.09448
1146 0.09323
1147 0.09198
1148 0.09073
1149 0.08949
1150 0.08826
1151 0.08704
1152 0.08583
1153 0.08462
1154 0.08341
1155 0.08222
1156 0.08103
1157 0.07986
1158 0.07868
1159 0.07752
1160 0.07637
1161 0.07522
1162 0.07408
1163 0.07296
1164 0.07184
1165 0.07072
1166 0.06962
1167 0.06853
1168 0.06744
1169 0.06637
1170 0.06530
1171 0.06425
1172 0.06320
1173 0.06217
1174 0.06114
1175 0.06012
1176 0.05911
1177 0.05812
1178 0.05713
1179 0.05615
1180 0.05518
1181 0.05422
1182 0.05328
1183 0.05234
1184 0.05141
1185 0.05050
1186 0.04959
1187 0.04869
1188 0.04781
1189 0.04693
1190 0.04607
1191 0.04521
1192 0.04437
1193 0.04353
1194 0.04271
1195 0.04190
1196 0.04109
1197 0.04030
1198 0.03952
1199 0.03875
1200 0.03798
1201 0.03723
1202 0.03649
1203 0.03576
1204 0.03504
1205 0.03433
1206 0.03363
1207 0.03294
1208 0.03226
1209 0.03159
1210 0.03093
1211 0.03028
1212 0.02964
1213 0.02901
1214 0.02838
1215 0.02777
1216 1.00000
