17 0.73583
18 0.71574
19 0.69564
20 0.67559
21 0.65562
22 0.63577
23 0.61609
24 0.59660
25 0.57734
26 0.55832
27 0.53959
28 0.52114
29 0.50302
30 0.48523
31 0.46779
32 0.45071
33 0.43401
34 0.41768
35 0.40175
36 0.38622
37 0.37108
38 0.35636
39 0.34204
40 0.32813
41 0.31462
42 0.30153
43 0.28883
44 0.27654
45 0.26465
46 0.25316
47 0.24205
48 0.23133
49 0.22098
50 0.21100
51 0.20139
52 0.19214
53 0.18323
54 0.17466
55 0.16643
56 0.15852
57 0.15093
58 0.14365
59 0.13666
60 0.12997
61 0.12356
62 0.11742
63 0.11154
64 0.10593
65 0.10055
66 0.09542
67 0.09052
68 0.08584
69 0.08138
70 0.07712
71 0.07306
72 0.06920
73 0.06551
74 0.06201
75 0.05867
76 0.05550
77 0.05248
78 0.04961
79 0.04688
80 0.04429
81 0.04184
82 0.03950
83 0.03729
84 0.03519
85 0.03320
86 0.03132
87 0.02953
88 0.02784
89 0.02624
90 0.02472
91 0.02329
92 0.02193
93 0.02065
94 0.01944
95 0.01829
96 0.01721
97 0.01619
98 0.01523
99 0.01432
100 0.01346
101 0.01265
102 0.01189
103 0.01117
104 0.01049
105 0.00985
106 0.00925
107 0.00868
108 0.00814
109 0.00764
110 0.00717
111 0.00672
112 0.00630
113 0.00591
114 0.00554
115 0.00519
116 0.00487
117 0.00456
118 0.00427
119 0.00400
120 0.00375
121 0.00351
122 0.00328
123 0.00307
124 0.00288
125 0.00269
126 0.00252
127 0.00236
128 0.00220
129 0.00206
130 0.00193
131 0.00180
132 0.00168
133 0.00157
134 0.00147
135 0.00137
136 0.00128
137 0.00120
138 0.00112
139 0.00105
140 0.00098
141 0.00091
142 0.00085
143 0.00079
144 0.00074
145 0.00069
146 0.00065
147 0.00060
148 0.00056
149 0.00052
150 0.00049
151 0.00046
152 0.00043
153 0.00040
154 0.00037
155 0.00035
156 0.00032
157 0.00030
158 0.00028
159 0.00026
160 0.00024
161 0.00023
162 0.00021
163 0.00020
164 0.00018
165 0.00017
166 0.00016
167 0.00015
168 0.00014
169 0.00013
170 0.00012
171 0.00011
172 0.00010
173 0.00010
174 0.00009
175 0.00008
176 0.00008
177 0.00007
178 0.00007
179 0.00006
180 0.00006
181 0.00005
182 0.00005
183 0.00005
184 0.00004
185 0.00004
186 0.00004
187 0.00004
188 0.00003
189 0.00003
190 0.00003
191 0.00003
192 0.00002
193 0.00002
194 0.00002
195 0.00002
196 0.00002
197 0.00002
198 0.00002
199 0.00001
200 0.00001
201 0.00001
202 0.00001
203 0.00001
204 0.00001
205 0.00001
206 0.00001
207 0.00001
208 0.00001
209 0.00001
210 0.00001
211 0.00001
212 0.00001
213 0.00001
214 0.00001
215 0.00000
216 0.00000
217 0.00000
218 0.00000
219 0.00000
220 0.00000
221 0.00000
222 0.00000
223 0.00000
224 0.00000
225 0.00000
226 0.00000
227 0.00000
228 0.00000
229 0.00000
230 0.00000
231 0.00000
232 0.00000
233 0.00000
234 0.00000
235 0.00000
236 0.00000
237 0.00000
238 0.00000
239 0.00000
240 0.00000
241 0.00000
242 0.00000
243 0.00000
244 0.00000
245 0.00000
246 0.00000
247 0.00000
248 0.00000
249 0.00000
250 0.00000
251 0.00000
252 0.00000
253 0.00000
254 0.00000
255 0.00000
256 0.00000
257 0.00000
258 0.00000
259 0.00000
260 0.00000
261 0.00000
262 0.00000
263 0.00000
264 0.00000
265 0.00000
266 0.00000
267 0.00000
268 0.00000
269 0.00000
270 0.00000
271 0.00000
272 0.00000
273 0.00000
274 0.00000
275 0.00000
276 0.00000
277 0.00000
278 0.00000
279 0.00000
280 0.00000
281 0.00000
282 0.00000
283 0.00000
284 0.00000
285 0.00000
286 0.00000
287 0.00000
288 0.00000
289 0.00000
290 0.00000
291 0.00000
292 0.00000
293 0.00000
294 0.00000
295 0.00000
296 0.00000
297 0.00000
298 0.00000
299 0.00000
300 0.00000
301 0.00000
302 0.00000
303 0.00000
304 0.00000
305 0.00000
306 0.00000
307 0.00000
308 0.00000
309 0.00000
310 0.00000
311 0.00000
312 0.00000
313 0.00000
314 0.00000
315 0.00000
316 0.00000
317 0.00000
318 0.00000
319 0.00000
320 0.00000
321 0.00000
322 0.00000
323 0.00000
324 0.00000
325 0.00000
326 0.00000
327 0.00000
328 0.00000
329 0.00000
330 0.00000
331 0.00000
332 0.00000
333 0.00000
334 0.00000
335 0.00000
336 0.00000
337 0.00000
338 0.00000
339 0.00000
340 0.00000
341 0.00000
342 0.00000
343 0.00000
344 0.00000
345 0.00000
346 0.00000
347 0.00000
348 0.00000
349 0.00000
350 0.00000
351 0.00000
352 0.00000
353 0.00000
354 0.00000
355 0.00000
356 0.00000
357 0.00000
358 0.00000
359 0.00000
360 0.00000
361 0.00000
362 0.00000
363 0.00000
364 0.00000
365 0.00000
366 0.00000
367 0.00000
368 0.00000
369 0.00000
370 0.00000
371 0.00000
372 0.00000
373 0.00000
374 0.00000
375 0.00000
376 0.00000
377 0.00000
378 0.00000
379 0.00000
380 0.00000
381 0.00000
382 0.00000
383 0.00000
384 0.00000
385 0.00000
386 0.00000
387 0.00000
388 0.00000
389 0.00000
390 0.00000
391 0.00000
392 0.00000
393 0.00000
394 0.00000
395 0.00000
396 0.00000
397 0.00000
398 0.00000
399 0.00000
400 0.00000
401 0.00000
402 0.00000
403 0.00000
404 0.00000
405 0.00000
406 0.00000
407 0.00000
408 0.00000
409 0.00000
410 0.00000
411 0.00000
412 0.00000
413 0.00000
414 0.00000
415 0.00000
416 0.00000
417 0.00000
418 0.00000
419 0.00000
420 0.00000
421 0.00000
422 0.00000
423 0.00000
424 0.00000
425 0.00000
426 0.00000
427 0.00000
428 0.00000
429 0.00000
430 0.00000
431 0.00000
432 0.00000
433 0.00000
434 0.00000
435 0.00000
436 0.00000
437 0.00000
438 0.00000
439 0.00000
440 0.00000
441 0.00000
442 0.00000
443 0.00000
444 0.00000
445 0.00000
446 0.00000
447 0.00000
448 0.00000
449 0.00000
450 0.00000
451 0.00000
452 0.00000
453 0.00000
454 0.00000
455 0.00000
456 0.00000
457 0.00000
458 0.00000
459 0.00000
460 0.00000
461 0.00000
462 0.00000
463 0.00000
464 0.00000
465 0.00000
466 0.00000
467 0.00000
468 0.00000
469 0.00000
470 0.00000
471 0.00000
472 0.00000
473 0.00000
474 0.00000
475 0.00000
476 0.00000
477 0.00000
478 0.00000
479 0.00000
480 0.00000
481 0.00000
482 0.00000
483 0.00000
484 0.00000
485 0.00000
486 0.00000
487 0.00000
488 0.00000
489 0.00000
490 0.00000
491 0.00000
492 0.00000
493 0.00000
494 0.00000
495 0.00000
496 0.00000
497 0.00000
498 0.00000
499 0.00000
500 0.00000
501 0.00000
502 0.00000
503 0.00000
504 0.00000
505 0.00000
506 0.00000
507 0.00000
508 0.00000
509 0.00000
510 0.00000
511 0.00000
512 0.00000
513 0.00000
514 0.00000
515 0.00000
516 0.00000
517 0.00000
518 0.00000
519 0.00000
520 0.00000
521 0.00000
522 0.00000
523 0.00000
524 0.00000
525 0.00000
526 0.00000
527 0.00000
528 0.00000
529 0.00000
530 0.00000
531 0.00000
532 0.00000
533 0.00000
534 0.00000
535 0.00000
536 0.00000
537 0.00000
538 0.00000
539 0.00000
540 0.00000
541 0.00000
542 0.00000
543 0.00000
544 0.00000
545 0.00000
546 0.00000
547 0.00000
548 0.00000
549 0.00000
550 0.00000
551 0.00000
552 0.00000
553 0.00000
554 0.00000
555 0.00000
556 0.00000
557 0.00000
558 0.00000
559 0.00000
560 0.00000
561 0.00000
562 0.00000
563 0.00000
564 0.00000
565 0.00000
566 0.00000
567 0.00000
568 0.00000
569 0.00000
570 0.00000
571 0.00000
572 0.00000
573 0.00000
574 0.00000
575 0.00000
576 0.00000
577 0.00000
578 0.00000
579 0.00000
580 0.00000
581 0.00000
582 0.00000
583 0.00000
584 0.00000
585 0.00000
586 0.00000
587 0.00000
588 0.00000
589 0.00000
590 0.00000
591 0.00000
592 0.00000
593 0.00000
594 0.00000
595 0.00000
596 0.00000
597 0.00000
598 0.00000
599 0.00000
600 0.00000
601 0.00000
602 0.00000
603 0.00000
604 0.00000
605 0.00000
606 0.00000
607 0.00000
608 0.00000
609 0.00000
610 0.00000
611 0.00000
612 0.00000
613 0.00000
614 0.00000
615 0.00000
616 0.00000
617 0.00000
618 0.00000
619 0.00000
620 0.00000
621 0.00000
622 0.00000
623 0.00000
624 0.00000
625 0.00000
626 0.00000
627 0.00000
628 0.00000
629 0.00000
630 0.00000
631 0.00000
632 0.00000
633 0.00000
634 0.00000
635 0.00000
636 0.00000
637 0.00000
638 0.00000
639 0.00000
640 0.00000
641 0.00000
642 0.00000
643 0.00000
644 0.00000
645 0.00000
646 0.00000
647 0.00000
648 0.00000
649 0.00000
650 0.00000
651 0.00000
652 0.00000
653 0.00000
654 0.00000
655 0.00000
656 0.00000
657 0.00000
658 0.00000
659 0.00000
660 0.00000
661 0.00000
662 0.00000
663 0.00000
664 0.00000
665 0.00000
666 0.00000
667 0.00000
668 0.00000
669 0.00000
670 0.00000
671 0.00000
672 0.00000
673 0.00000
674 0.00000
675 0.00000
676 0.00000
677 0.00000
678 0.00000
679 0.00000
680 0.00000
681 0.00000
682 0.00000
683 0.00000
684 0.00000
685 0.00000
686 0.00000
687 0.00000
688 0.00000
689 0.00000
690 0.00000
691 0.00000
692 0.00000
693 0.00000
694 0.00000
695 0.00000
696 0.00000
697 0.00000
698 0.00000
699 0.00000
700 0.00000
701 0.00000
702 0.00000
703 0.00000
704 0.00000
705 0.00000
706 0.00000
707 0.00000
708 0.00000
709 0.00000
710 0.00000
711 0.00000
712 0.00000
713 0.00000
714 0.00000
715 0.00000
716 0.00000
717 0.00000
718 0.00000
719 0.00000
720 0.00000
721 0.00000
722 0.00000
723 0.00000
724 0.00000
725 0.00000
726 0.00000
727 0.00000
728 0.00000
729 0.00000
730 0.00000
731 0.00000
732 0.00000
733 0.00000
734 0.00000
735 0.00000
736 0.00000
737 0.00000
738 0.00000
739 0.00000
740 0.00000
741 0.00000
742 0.00000
743 0.00000
744 0.00000
745 0.00000
746 0.00000
747 0.00000
748 0.00000
749 0.00000
750 0.00000
751 0.00000
752 0.00000
753 0.00000
754 0.00000
755 0.00000
756 0.00000
757 0.00000
758 0.00000
759 0.00000
760 0.00000
761 0.00000
762 0.00000
763 0.00000
764 0.00000
765 0.00000
766 0.00000
767 0.00000
768 0.00000
769 0.00000
770 0.00000
771 0.00000
772 0.00000
773 0.00000
774 0.00000
775 0.00000
776 0.00000
777 0.00000
778 0.00000
779 0.00000
780 0.00000
781 0.00000
782 0.00000
783 0.00000
784 0.00000
785 0.00000
786 0.00000
787 0.00000
788 0.00000
789 0.00000
790 0.00000
791 0.00000
792 0.00000
793 0.00000
794 0.00000
795 0.00000
796 0.00000
797 0.00000
798 0.00000
799 0.00000
800 0.00000
801 0.00000
802 0.00000
803 0.00000
804 0.00000
805 0.00000
806 0.00000
807 0.00000
808 0.00000
809 0.00000
810 0.00000
811 0.00000
812 0.00000
813 0.00000
814 0.00000
815 0.00000
816 0.00000
817 0.00000
818 0.00000
819 0.00000
820 0.00000
821 0.00000
822 0.00000
823 0.00000
824 0.00000
825 0.00000
826 0.00000
827 0.00000
828 0.00000
829 0.00000
830 0.00000
831 0.00000
832 0.00000
833 0.00000
834 0.00000
835 0.00000
836 0.00000
837 0.00000
838 0.00000
839 0.00000
840 0.00000
841 0.00000
842 0.00000
843 0.00000
844 0.00000
845 0.00000
846 0.00000
847 0.00000
848 0.00000
849 0.00000
850 0.00000
851 0.00000
852 0.00000
853 0.00000
854 0.00000
855 0.00000
856 0.00000
857 0.00001
858 0.00001
859 0.00001
860 0.00001
861 0.00001
862 0.00001
863 0.00001
864 0.00001
865 0.00001
866 0.00002
867 0.00002
868 0.00002
869 0.00002
870 0.00002
871 0.00003
872 0.00003
873 0.00003
874 0.00004
875 0.00004
876 0.00005
877 0.00005
878 0.00006
879 0.00007
880 0.00008
881 0.00009
882 0.00010
883 0.00011
884 0.00013
885 0.00014
886 0.00016
887 0.00018
888 0.00021
889 0.00023
890 0.00026
891 0.00030
892 0.00034
893 0.00038
894 0.00043
895 0.00049
896 0.00056
897 0.00063
898 0.00072
899 0.00081
900 0.00092
901 0.00105
902 0.00119
903 0.00135
904 0.00153
905 0.00174
906 0.00198
907 0.00225
908 0.00256
909 0.00291
910 0.00331
911 0.00377
912 0.00415
913 0.00461
914 0.00519
915 0.00584
916 0.00629
917 0.00650
918 0.00680
919 0.00723
920 0.00784
921 0.00873
922 0.00844
923 0.00816
924 0.00943
925 0.00913
926 0.00883
927 0.01077
928 0.01043
929 0.01011
930 0.00979
931 0.01290
932 0.01252
933 0.01215
934 0.01179
935 0.01143
936 0.01109
937 0.01075
938 0.01609
939 0.01565
940 0.01521
941 0.01479
942 0.01437
943 0.01397
944 0.01357
945 0.01318
946 0.01280
947 0.01243
948 0.01206
949 0.01171
950 0.02194
951 0.02140
952 0.02086
953 0.02034
954 0.01982
955 0.01931
956 0.01882
957 0.01833
958 0.01785
959 0.01738
960 0.01692
961 0.01647
962 0.01602
963 0.01559
964 0.01516
965 0.01475
966 0.01434
967 0.01394
968 0.01354
969 0.01316
970 0.01278
971 0.01241
972 0.01205
973 0.03584
974 0.03509
975 0.03435
976 0.03362
977 0.03289
978 0.03218
979 0.03148
980 0.03079
981 0.03010
982 0.02943
983 0.02877
984 0.02811
985 0.02747
986 0.02683
987 0.02621
988 0.02559
989 0.02498
990 0.02438
991 0.02380
992 0.02322
993 0.02265
994 0.02209
995 0.02154
996 0.02099
997 0.02046
998 0.01994
999 0.01942
1000 0.01892
1001 0.01842
1002 0.01794
1003 0.01746
1004 0.01699
1005 0.01653
1006 0.01607
1007 0.01563
1008 0.01520
1009 0.01477
1010 0.01435
1011 0.01395
1012 0.01354
1013 0.01315
1014 0.01277
1015 0.01239
1016 0.01203
1017 0.01167
1018 0.01131
1019 0.01097
1020 0.01064
1021 0.01031
1022 0.00999
1023 0.00967
1024 0.00937
1025 0.00907
1026 0.09134
1027 0.08995
1028 0.08856
1029 0.08718
1030 0.08581
1031 0.08445
1032 0.08310
1033 0.08176
1034 0.08043
1035 0.07911
1036 0.07780
1037 0.07650
1038 0.07521
1039 0.07393
1040 0.07266
1041 0.07141
1042 0.07016
1043 0.06893
1044 0.06771
1045 0.06650
1046 0.06530
1047 0.06411
1048 0.06294
1049 0.06177
1050 0.06063
1051 0.05949
1052 0.05836
1053 0.05725
1054 0.05615
1055 0.05507
1056 0.05399
1057 0.05293
1058 0.05188
1059 0.05085
1060 0.04983
1061 0.04882
1062 0.04782
1063 0.04684
1064 0.04587
1065 0.04491
1066 0.04397
1067 0.04304
1068 0.04212
1069 0.04122
1070 0.04032
1071 0.03945
1072 0.03858
1073 0.03773
1074 0.03689
1075 0.03606
1076 0.03525
1077 0.03445
1078 0.03366
1079 0.03289
1080 0.03213
1081 0.03138
1082 0.03064
1083 0.02992
1084 0.02920
1085 0.02850
1086 0.02782
1087 0.02714
1088 0.02648
1089 0.02582
1090 0.02518
1091 0.02456
1092 0.02394
1093 0.02334
1094 0.02274
1095 0.02216
1096 0.02159
1097 0.02103
1098 0.02048
1099 0.01994
1100 0.01942
1101 0.01890
1102 0.01839
1103 0.01790
1104 0.01741
1105 0.01694
1106 0.01647
1107 0.01602
1108 0.01557
1109 0.01514
1110 0.01471
1111 0.01430
1112 0.01389
1113 0.01349
1114 0.01310
1115 0.01272
1116 0.01235
1117 0.01199
1118 0.01163
1119 0.01129
1120 0.01095
1121 0.01062
1122 0.01030
1123 0.00999
1124 0.00968
1125 0.00938
1126 0.00909
1127 0.00881
1128 0.00853
1129 0.00826
1130 0.00800
1131 0.00774
1132 0.00750
1133 0.00725
1134 0.00702
1135 0.00679
1136 0.00656
1137 0.00635
1138 0.00614
1139 0.00593
1140 0.00573
1141 0.00554
1142 0.00535
1143 0.00516
1144 0.00499
1145 0.00481
1146 0.00465
1147 0.00448
1148 0.00432
1149 0.00417
1150 0.00402
1151 0.00388
1152 0.00374
1153 0.00360
1154 0.00347
1155 0.00334
1156 0.00322
1157 0.00310
1158 0.00298
1159 0.00287
1160 0.00276
1161 0.00266
1162 0.00256
1163 0.00246
1164 0.00236
1165 0.00227
1166 0.00218
1167 0.00210
1168 0.00201
1169 0.00193
1170 0.00186
1171 0.00178
1172 0.00171
1173 0.00164
1174 0.00157
1175 0.00151
1176 0.00145
1177 0.00139
1178 0.00133
1179 0.00127
1180 0.00122
1181 0.00117
1182 0.00112
1183 0.00107
1184 0.00102
1185 0.00098
1186 0.00094
1187 0.00089
1188 0.00086
1189 0.00082
1190 0.00078
1191 0.00075
1192 0.00071
1193 0.00068
1194 0.00065
1195 0.00062
1196 0.00059
1197 0.00056
1198 0.00054
1199 0.00051
1200 0.00049
1201 0.00046
1202 0.00044
1203 0.00042
1204 0.00040
1205 0.00038
1206 0.00036
1207 0.00034
1208 0.00033
1209 0.00031
1210 0.00030
1211 0.00028
1212 0.00027
1213 0.00025
1214 0.00024
1215 0.00023
1216 1.00000
