17 0.79604
18 0.78010
19 0.76406
20 0.74796
21 0.73183
22 0.71569
23 0.69957
24 0.68350
25 0.66750
26 0.65158
27 0.63576
28 0.62007
29 0.60452
30 0.58913
31 0.57390
32 0.55885
33 0.54399
34 0.52933
35 0.51488
36 0.50065
37 0.48664
38 0.47287
39 0.45934
40 0.44605
41 0.43300
42 0.42021
43 0.40767
44 0.39538
45 0.38335
46 0.37158
47 0.36007
48 0.34882
49 0.33782
50 0.32709
51 0.31661
52 0.30639
53 0.29642
54 0.28670
55 0.27724
56 0.26802
57 0.25905
58 0.25032
59 0.24182
60 0.23356
61 0.22554
62 0.21774
63 0.21016
64 0.20281
65 0.19567
66 0.18875
67 0.18203
68 0.17552
69 0.16920
70 0.16309
71 0.15716
72 0.15142
73 0.14587
74 0.14049
75 0.13529
76 0.13025
77 0.12539
78 0.12068
79 0.11613
80 0.11174
81 0.10749
82 0.10339
83 0.09943
84 0.09561
85 0.09192
86 0.08835
87 0.08492
88 0.08161
89 0.07841
90 0.07533
91 0.07236
92 0.06950
93 0.06674
94 0.06409
95 0.06153
96 0.05907
97 0.05670
98 0.05441
99 0.05222
100 0.05010
101 0.04807
102 0.04611
103 0.04423
104 0.04242
105 0.04068
106 0.03901
107 0.03740
108 0.03586
109 0.03437
110 0.03295
111 0.03158
112 0.03026
113 0.02900
114 0.02778
115 0.02662
116 0.02550
117 0.02443
118 0.02340
119 0.02241
120 0.02146
121 0.02055
122 0.01968
123 0.01884
124 0.01804
125 0.01727
126 0.01653
127 0.01582
128 0.01515
129 0.01450
130 0.01387
131 0.01328
132 0.01270
133 0.01216
134 0.01163
135 0.01113
136 0.01065
137 0.01018
138 0.00974
139 0.00932
140 0.00891
141 0.00853
142 0.00816
143 0.00780
144 0.00746
145 0.00713
146 0.00682
147 0.00652
148 0.00624
149 0.00596
150 0.00570
151 0.00545
152 0.00521
153 0.00498
154 0.00476
155 0.00456
156 0.00435
157 0.00416
158 0.00398
159 0.00380
160 0.00364
161 0.00348
162 0.00332
163 0.00318
164 0.00304
165 0.00290
166 0.00277
167 0.00265
168 0.00253
169 0.00242
170 0.00231
171 0.00221
172 0.00211
173 0.00202
174 0.00193
175 0.00185
176 0.00176
177 0.00169
178 0.00161
179 0.00154
180 0.00147
181 0.00141
182 0.00135
183 0.00129
184 0.00123
185 0.00117
186 0.00112
187 0.00107
188 0.00103
189 0.00098
190 0.00094
191 0.00090
192 0.00086
193 0.00082
194 0.00078
195 0.00075
196 0.00072
197 0.00068
198 0.00065
199 0.00062
200 0.00060
201 0.00057
202 0.00055
203 0.00052
204 0.00050
205 0.00048
206 0.00046
207 0.00044
208 0.00042
209 0.00040
210 0.00038
211 0.00037
212 0.00035
213 0.00033
214 0.00032
215 0.00031
216 0.00029
217 0.00028
218 0.00027
219 0.00026
220 0.00024
221 0.00023
222 0.00022
223 0.00021
224 0.00021
225 0.00020
226 0.00019
227 0.00018
228 0.00017
229 0.00016
230 0.00016
231 0.00015
232 0.00014
233 0.00014
234 0.00013
235 0.00013
236 0.00012
237 0.00012
238 0.00011
239 0.00011
240 0.00010
241 0.00010
242 0.00009
243 0.00009
244 0.00009
245 0.00008
246 0.00008
247 0.00008
248 0.00007
249 0.00007
250 0.00007
251 0.00006
252 0.00006
253 0.00006
254 0.00006
255 0.00005
256 0.00005
257 0.00005
258 0.00005
259 0.00005
260 0.00004
261 0.00004
262 0.00004
263 0.00004
264 0.00004
265 0.00004
266 0.00003
267 0.00003
268 0.00003
269 0.00003
270 0.00003
271 0.00003
272 0.00003
273 0.00003
274 0.00002
275 0.00002
276 0.00002
277 0.00002
278 0.00002
279 0.00002
280 0.00002
281 0.00002
282 0.00002
283 0.00002
284 0.00002
285 0.00002
286 0.00002
287 0.00001
288 0.00001
289 0.00001
290 0.00001
291 0.00001
292 0.00001
293 0.00001
294 0.00001
295 0.00001
296 0.00001
297 0.00001
298 0.00001
299 0.00001
300 0.00001
301 0.00001
302 0.00001
303 0.00001
304 0.00001
305 0.00001
306 0.00001
307 0.00001
308 0.00001
309 0.00001
310 0.00001
311 0.00001
312 0.00001
313 0.00001
314 0.00001
315 0.00001
316 0.00000
317 0.00000
318 0.00000
319 0.00000
320 0.00000
321 0.00000
322 0.00000
323 0.00000
324 0.00000
325 0.00000
326 0.00000
327 0.00000
328 0.00000
329 0.00000
330 0.00000
331 0.00000
332 0.00000
333 0.00000
334 0.00000
335 0.00000
336 0.00000
337 0.00000
338 0.00000
339 0.00000
340 0.00000
341 0.00000
342 0.00000
343 0.00000
344 0.00000
345 0.00000
346 0.00000
347 0.00000
348 0.00000
349 0.00000
350 0.00000
351 0.00000
352 0.00000
353 0.00000
354 0.00000
355 0.00000
356 0.00000
357 0.00000
358 0.00000
359 0.00000
360 0.00000
361 0.00000
362 0.00000
363 0.00000
364 0.00000
365 0.00000
366 0.00000
367 0.00000
368 0.00000
369 0.00000
370 0.00000
371 0.00000
372 0.00000
373 0.00000
374 0.00000
375 0.00000
376 0.00000
377 0.00000
378 0.00000
379 0.00000
380 0.00000
381 0.00000
382 0.00000
383 0.00000
384 0.00000
385 0.00000
386 0.00000
387 0.00000
388 0.00000
389 0.00000
390 0.00000
391 0.00000
392 0.00000
393 0.00000
394 0.00000
395 0.00000
396 0.00000
397 0.00000
398 0.00000
399 0.00000
400 0.00000
401 0.00000
402 0.00000
403 0.00000
404 0.00000
405 0.00000
406 0.00000
407 0.00000
408 0.00000
409 0.00000
410 0.00000
411 0.00000
412 0.00000
413 0.00000
414 0.00000
415 0.00000
416 0.00000
417 0.00000
418 0.00000
419 0.00000
420 0.00000
421 0.00000
422 0.00000
423 0.00000
424 0.00000
425 0.00000
426 0.00000
427 0.00000
428 0.00000
429 0.00000
430 0.00000
431 0.00000
432 0.00000
433 0.00000
434 0.00000
435 0.00000
436 0.00000
437 0.00000
438 0.00000
439 0.00000
440 0.00000
441 0.00000
442 0.00000
443 0.00000
444 0.00000
445 0.00000
446 0.00000
447 0.00000
448 0.00000
449 0.00000
450 0.00000
451 0.00000
452 0.00000
453 0.00000
454 0.00000
455 0.00000
456 0.00000
457 0.00000
458 0.00000
459 0.00000
460 0.00000
461 0.00000
462 0.00000
463 0.00000
464 0.00000
465 0.00000
466 0.00000
467 0.00000
468 0.00000
469 0.00000
470 0.00000
471 0.00000
472 0.00000
473 0.00000
474 0.00000
475 0.00000
476 0.00000
477 0.00000
478 0.00000
479 0.00000
480 0.00000
481 0.00000
482 0.00000
483 0.00000
484 0.00000
485 0.00000
486 0.00000
487 0.00000
488 0.00000
489 0.00000
490 0.00000
491 0.00000
492 0.00000
493 0.00000
494 0.00000
495 0.00000
496 0.00000
497 0.00000
498 0.00000
499 0.00000
500 0.00000
501 0.00000
502 0.00000
503 0.00000
504 0.00000
505 0.00000
506 0.00000
507 0.00000
508 0.00000
509 0.00000
510 0.00000
511 0.00000
512 0.00000
513 0.00000
514 0.00000
515 0.00000
516 0.00000
517 0.00000
518 0.00000
519 0.00000
520 0.00000
521 0.00000
522 0.00000
523 0.00000
524 0.00000
525 0.00000
526 0.00000
527 0.00000
528 0.00000
529 0.00000
530 0.00000
531 0.00000
532 0.00000
533 0.00000
534 0.00000
535 0.00000
536 0.00000
537 0.00000
538 0.00000
539 0.00000
540 0.00000
541 0.00000
542 0.00000
543 0.00000
544 0.00000
545 0.00000
546 0.00000
547 0.00000
548 0.00000
549 0.00000
550 0.00000
551 0.00000
552 0.00000
553 0.00000
554 0.00000
555 0.00000
556 0.00000
557 0.00000
558 0.00000
559 0.00000
560 0.00000
561 0.00000
562 0.00000
563 0.00000
564 0.00000
565 0.00000
566 0.00000
567 0.00000
568 0.00000
569 0.00000
570 0.00000
571 0.00000
572 0.00000
573 0.00000
574 0.00000
575 0.00000
576 0.00000
577 0.00000
578 0.00000
579 0.00000
580 0.00000
581 0.00000
582 0.00000
583 0.00000
584 0.00000
585 0.00000
586 0.00000
587 0.00000
588 0.00000
589 0.00000
590 0.00000
591 0.00000
592 0.00000
593 0.00000
594 0.00000
595 0.00000
596 0.00000
597 0.00000
598 0.00000
599 0.00000
600 0.00000
601 0.00000
602 0.00000
603 0.00000
604 0.00000
605 0.00000
606 0.00000
607 0.00000
608 0.00000
609 0.00000
610 0.00000
611 0.00000
612 0.00000
613 0.00000
614 0.00000
615 0.00000
616 0.00000
617 0.00000
618 0.00000
619 0.00000
620 0.00000
621 0.00000
622 0.00000
623 0.00000
624 0.00000
625 0.00000
626 0.00000
627 0.00000
628 0.00000
629 0.00000
630 0.00000
631 0.00000
632 0.00000
633 0.00000
634 0.00000
635 0.00000
636 0.00000
637 0.00000
638 0.00000
639 0.00000
640 0.00000
641 0.00000
642 0.00000
643 0.00000
644 0.00000
645 0.00000
646 0.00000
647 0.00000
648 0.00000
649 0.00000
650 0.00000
651 0.00000
652 0.00000
653 0.00000
654 0.00000
655 0.00000
656 0.00000
657 0.00000
658 0.00000
659 0.00000
660 0.00000
661 0.00000
662 0.00000
663 0.00000
664 0.00000
665 0.00000
666 0.00000
667 0.00000
668 0.00000
669 0.00000
670 0.00000
671 0.00000
672 0.00000
673 0.00000
674 0.00000
675 0.00000
676 0.00000
677 0.00000
678 0.00000
679 0.00000
680 0.00000
681 0.00000
682 0.00000
683 0.00000
684 0.00000
685 0.00000
686 0.00000
687 0.00000
688 0.00000
689 0.00000
690 0.00000
691 0.00000
692 0.00000
693 0.00000
694 0.00000
695 0.00000
696 0.00000
697 0.00000
698 0.00000
699 0.00000
700 0.00000
701 0.00000
702 0.00000
703 0.00000
704 0.00000
705 0.00000
706 0.00000
707 0.00000
708 0.00000
709 0.00000
710 0.00000
711 0.00000
712 0.00000
713 0.00000
714 0.00000
715 0.00000
716 0.00000
717 0.00000
718 0.00000
719 0.00000
720 0.00000
721 0.00000
722 0.00000
723 0.00000
724 0.00000
725 0.00000
726 0.00000
727 0.00000
728 0.00000
729 0.00000
730 0.00000
731 0.00000
732 0.00000
733 0.00000
734 0.00000
735 0.00000
736 0.00000
737 0.00000
738 0.00000
739 0.00000
740 0.00000
741 0.00000
742 0.00000
743 0.00000
744 0.00000
745 0.00000
746 0.00000
747 0.00000
748 0.00000
749 0.00000
750 0.00000
751 0.00000
752 0.00000
753 0.00000
754 0.00000
755 0.00000
756 0.00000
757 0.00000
758 0.00000
759 0.00000
760 0.00000
761 0.00000
762 0.00000
763 0.00000
764 0.00000
765 0.00001
766 0.00001
767 0.00001
768 0.00001
769 0.00001
770 0.00001
771 0.00001
772 0.00001
773 0.00001
774 0.00001
775 0.00001
776 0.00001
777 0.00001
778 0.00001
779 0.00001
780 0.00001
781 0.00001
782 0.00001
783 0.00001
784 0.00001
785 0.00001
786 0.00001
787 0.00002
788 0.00002
789 0.00002
790 0.00002
791 0.00002
792 0.00002
793 0.00002
794 0.00002
795 0.00002
796 0.00002
797 0.00003
798 0.00003
799 0.00003
800 0.00003
801 0.00003
802 0.00003
803 0.00004
804 0.00004
805 0.00004
806 0.00004
807 0.00004
808 0.00005
809 0.00005
810 0.00005
811 0.00005
812 0.00006
813 0.00006
814 0.00006
815 0.00007
816 0.00007
817 0.00008
818 0.00008
819 0.00009
820 0.00009
821 0.00010
822 0.00010
823 0.00011
824 0.00012
825 0.00012
826 0.00013
827 0.00014
828 0.00015
829 0.00016
830 0.00017
831 0.00018
832 0.00019
833 0.00020
834 0.00021
835 0.00022
836 0.00024
837 0.00025
838 0.00027
839 0.00029
840 0.00030
841 0.00032
842 0.00034
843 0.00037
844 0.00039
845 0.00042
846 0.00044
847 0.00047
848 0.00050
849 0.00053
850 0.00057
851 0.00061
852 0.00065
853 0.00069
854 0.00074
855 0.00078
856 0.00084
857 0.00089
858 0.00095
859 0.00102
860 0.00109
861 0.00116
862 0.00124
863 0.00132
864 0.00141
865 0.00151
866 0.00161
867 0.00172
868 0.00184
869 0.00197
870 0.00210
871 0.00225
872 0.00241
873 0.00257
874 0.00275
875 0.00295
876 0.00315
877 0.00338
878 0.00362
879 0.00387
880 0.00415
881 0.00444
882 0.00476
883 0.00510
884 0.00546
885 0.00585
886 0.00627
887 0.00673
888 0.00721
889 0.00773
890 0.00829
891 0.00890
892 0.00955
893 0.01024
894 0.01099
895 0.01180
896 0.01267
897 0.01360
898 0.01460
899 0.01568
900 0.01684
901 0.01809
902 0.01944
903 0.02089
904 0.02245
905 0.02413
906 0.02594
907 0.02789
908 0.02999
909 0.03226
910 0.03470
911 0.03733
912 0.03941
913 0.04165
914 0.04438
915 0.04723
916 0.04915
917 0.05002
918 0.05124
919 0.05293
920 0.05525
921 0.05849
922 0.05746
923 0.05645
924 0.06096
925 0.05991
926 0.05887
927 0.06539
928 0.06430
929 0.06323
930 0.06216
931 0.07197
932 0.07083
933 0.06970
934 0.06859
935 0.06748
936 0.06638
937 0.06529
938 0.08086
939 0.07967
940 0.07848
941 0.07730
942 0.07614
943 0.07498
944 0.07383
945 0.07269
946 0.07156
947 0.07044
948 0.06933
949 0.06823
950 0.09521
951 0.09394
952 0.09268
953 0.09143
954 0.09018
955 0.08894
956 0.08772
957 0.08650
958 0.08529
959 0.08409
960 0.08290
961 0.08171
962 0.08054
963 0.07938
964 0.07822
965 0.07707
966 0.07594
967 0.07481
968 0.07369
969 0.07258
970 0.07149
971 0.07040
972 0.06932
973 0.12359
974 0.12224
975 0.12089
976 0.11955
977 0.11821
978 0.11688
979 0.11556
980 0.11424
981 0.11293
982 0.11163
983 0.11034
984 0.10905
985 0.10777
986 0.10650
987 0.10523
988 0.10397
989 0.10272
990 0.10148
991 0.10024
992 0.09901
993 0.09779
994 0.09658
995 0.09537
996 0.09417
997 0.09298
998 0.09180
999 0.09062
1000 0.08945
1001 0.08829
1002 0.08714
1003 0.08600
1004 0.08486
1005 0.08373
1006 0.08261
1007 0.08150
1008 0.08040
1009 0.07930
1010 0.07821
1011 0.07713
1012 0.07606
1013 0.07499
1014 0.07394
1015 0.07289
1016 0.07185
1017 0.07082
1018 0.06979
1019 0.06878
1020 0.06777
1021 0.06677
1022 0.06578
1023 0.06480
1024 0.06382
1025 0.06286
1026 0.21444
1027 0.21310
1028 0.21175
1029 0.21040
1030 0.20905
1031 0.20771
1032 0.20635
1033 0.20500
1034 0.20365
1035 0.20229
1036 0.20094
1037 0.19958
1038 0.19822
1039 0.19686
1040 0.19550
1041 0.19413
1042 0.19277
1043 0.19140
1044 0.19003
1045 0.18866
1046 0.18729
1047 0.18591
1048 0.18454
1049 0.18316
1050 0.18178
1051 0.18040
1052 0.17901
1053 0.17763
1054 0.17624
1055 0.17485
1056 0.17346
1057 0.17207
1058 0.17067
1059 0.16927
1060 0.16788
1061 0.16648
1062 0.16508
1063 0.16367
1064 0.16227
1065 0.16086
1066 0.15946
1067 0.15805
1068 0.15664
1069 0.15523
1070 0.15382
1071 0.15240
1072 0.15099
1073 0.14958
1074 0.14816
1075 0.14675
1076 0.14533
1077 0.14391
1078 0.14250
1079 0.14108
1080 0.13967
1081 0.13825
1082 0.13684
1083 0.13542
1084 0.13401
1085 0.13260
1086 0.13118
1087 0.12977
1088 0.12837
1089 0.12696
1090 0.12555
1091 0.12415
1092 0.12275
1093 0.12135
1094 0.11996
1095 0.11857
1096 0.11718
1097 0.11579
1098 0.11441
1099 0.11303
1100 0.11165
1101 0.11028
1102 0.10891
1103 0.10755
1104 0.10619
1105 0.10484
1106 0.10349
1107 0.10215
1108 0.10081
1109 0.09948
1110 0.09816
1111 0.09684
1112 0.09552
1113 0.09422
1114 0.09292
1115 0.09162
1116 0.09034
1117 0.08906
1118 0.08779
1119 0.08652
1120 0.08527
1121 0.08402
1122 0.08278
1123 0.08155
1124 0.08032
1125 0.07911
1126 0.07790
1127 0.07671
1128 0.07552
1129 0.07434
1130 0.07317
1131 0.07201
1132 0.07086
1133 0.06972
1134 0.06858
1135 0.06746
1136 0.06635
1137 0.06525
1138 0.06416
1139 0.06308
1140 0.06201
1141 0.06095
1142 0.05990
1143 0.05886
1144 0.05783
1145 0.05681
1146 0.05580
1147 0.05481
1148 0.05382
1149 0.05285
1150 0.05188
1151 0.05093
1152 0.04999
1153 0.04906
1154 0.04814
1155 0.04723
1156 0.04633
1157 0.04545
1158 0.04457
1159 0.04371
1160 0.04285
1161 0.04201
1162 0.04118
1163 0.04036
1164 0.03955
1165 0.03875
1166 0.03797
1167 0.03719
1168 0.03643
1169 0.03567
1170 0.03493
1171 0.03420
1172 0.03348
1173 0.03277
1174 0.03207
1175 0.03138
1176 0.03070
1177 0.03003
1178 0.02937
1179 0.02873
1180 0.02809
1181 0.02746
1182 0.02685
1183 0.02624
1184 0.02564
1185 0.02506
1186 0.02448
1187 0.02392
1188 0.02336
1189 0.02281
1190 0.02228
1191 0.02175
1192 0.02123
1193 0.02072
1194 0.02022
1195 0.01973
1196 0.01925
1197 0.01878
1198 0.01831
1199 0.01786
1200 0.01741
1201 0.01698
1202 0.01655
1203 0.01613
1204 0.01572
1205 0.01531
1206 0.01492
1207 0.01453
1208 0.01415
1209 0.01378
1210 0.01341
1211 0.01306
1212 0.01271
1213 0.01237
1214 0.01203
1215 0.01170
1216 1.00000
