17 0.96920
18 0.96652
19 0.96377
20 0.96096
21 0.95809
22 0.95517
23 0.95219
24 0.94917
25 0.94609
26 0.94296
27 0.93979
28 0.93658
29 0.93332
30 0.93003
31 0.92670
32 0.92333
33 0.91992
34 0.91649
35 0.91302
36 0.90952
37 0.90599
38 0.90243
39 0.89884
40 0.89523
41 0.89160
42 0.88794
43 0.88426
44 0.88056
45 0.87684
46 0.87310
47 0.86934
48 0.86557
49 0.86178
50 0.85797
51 0.85415
52 0.85032
53 0.84647
54 0.84261
55 0.83875
56 0.83487
57 0.83098
58 0.82708
59 0.82318
60 0.81927
61 0.81535
62 0.81143
63 0.80750
64 0.80357
65 0.79963
66 0.79569
67 0.79175
68 0.78780
69 0.78386
70 0.77991
71 0.77596
72 0.77202
73 0.76807
74 0.76413
75 0.76018
76 0.75624
77 0.75231
78 0.74837
79 0.74444
80 0.74051
81 0.73659
82 0.73267
83 0.72876
84 0.72485
85 0.72095
86 0.71706
87 0.71317
88 0.70929
89 0.70542
90 0.70155
91 0.69770
92 0.69385
93 0.69001
94 0.68618
95 0.68236
96 0.67854
97 0.67474
98 0.67095
99 0.66717
100 0.66340
101 0.65964
102 0.65589
103 0.65216
104 0.64843
105 0.64472
106 0.64102
107 0.63733
108 0.63365
109 0.62999
110 0.62634
111 0.62270
112 0.61908
113 0.61547
114 0.61187
115 0.60829
116 0.60472
117 0.60116
118 0.59762
119 0.59409
120 0.59058
121 0.58708
122 0.58360
123 0.58013
124 0.57668
125 0.57324
126 0.56981
127 0.56641
128 0.56301
129 0.55964
130 0.55627
131 0.55293
132 0.54960
133 0.54628
134 0.54298
135 0.53970
136 0.53643
137 0.53318
138 0.52995
139 0.52673
140 0.52352
141 0.52034
142 0.51717
143 0.51401
144 0.51087
145 0.50775
146 0.50465
147 0.50156
148 0.49849
149 0.49543
150 0.49239
151 0.48937
152 0.48636
153 0.48337
154 0.48040
155 0.47744
156 0.47450
157 0.47158
158 0.46867
159 0.46578
160 0.46291
161 0.46005
162 0.45721
163 0.45438
164 0.45157
165 0.44878
166 0.44601
167 0.44325
168 0.44051
169 0.43778
170 0.43507
171 0.43238
172 0.42970
173 0.42704
174 0.42439
175 0.42177
176 0.41915
177 0.41656
178 0.41398
179 0.41141
180 0.40887
181 0.40634
182 0.40382
183 0.40132
184 0.39884
185 0.39637
186 0.39391
187 0.39148
188 0.38906
189 0.38665
190 0.38426
191 0.38189
192 0.37953
193 0.37719
194 0.37486
195 0.37254
196 0.37025
197 0.36796
198 0.36570
199 0.36345
200 0.36121
201 0.35899
202 0.35678
203 0.35459
204 0.35241
205 0.35025
206 0.34810
207 0.34597
208 0.34385
209 0.34174
210 0.33965
211 0.33758
212 0.33552
213 0.33347
214 0.33144
215 0.32942
216 0.32741
217 0.32542
218 0.32344
219 0.32148
220 0.31953
221 0.31759
222 0.31567
223 0.31376
224 0.31187
225 0.30999
226 0.30812
227 0.30626
228 0.30442
229 0.30259
230 0.30078
231 0.29897
232 0.29718
233 0.29541
234 0.29364
235 0.29189
236 0.29015
237 0.28843
238 0.28671
239 0.28501
240 0.28332
241 0.28165
242 0.27998
243 0.27833
244 0.27669
245 0.27506
246 0.27345
247 0.27184
248 0.27025
249 0.26867
250 0.26710
251 0.26554
252 0.26400
253 0.26246
254 0.26094
255 0.25943
256 0.25793
257 0.25644
258 0.25496
259 0.25349
260 0.25204
261 0.25059
262 0.24916
263 0.24773
264 0.24632
265 0.24492
266 0.24353
267 0.24215
268 0.24078
269 0.23942
270 0.23807
271 0.23673
272 0.23540
273 0.23408
274 0.23277
275 0.23147
276 0.23018
277 0.22890
278 0.22763
279 0.22637
280 0.22512
281 0.22388
282 0.22265
283 0.22143
284 0.22022
285 0.21902
286 0.21782
287 0.21664
288 0.21546
289 0.21430
290 0.21314
291 0.21199
292 0.21085
293 0.20972
294 0.20860
295 0.20749
296 0.20639
297 0.20529
298 0.20421
299 0.20313
300 0.20206
301 0.20100
302 0.19995
303 0.19890
304 0.19786
305 0.19684
306 0.19582
307 0.19481
308 0.19380
309 0.19281
310 0.19182
311 0.19084
312 0.18987
313 0.18890
314 0.18795
315 0.18700
316 0.18605
317 0.18512
318 0.18419
319 0.18328
320 0.18236
321 0.18146
322 0.18056
323 0.17967
324 0.17879
325 0.17792
326 0.17705
327 0.17619
328 0.17533
329 0.17448
330 0.17364
331 0.17281
332 0.17198
333 0.17116
334 0.17035
335 0.16954
336 0.16874
337 0.16795
338 0.16716
339 0.16638
340 0.16561
341 0.16484
342 0.16408
343 0.16333
344 0.16258
345 0.16184
346 0.16110
347 0.16037
348 0.15965
349 0.15893
350 0.15822
351 0.15751
352 0.15681
353 0.15612
354 0.15543
355 0.15474
356 0.15407
357 0.15340
358 0.15273
359 0.15207
360 0.15142
361 0.15077
362 0.15013
363 0.14949
364 0.14886
365 0.14823
366 0.14761
367 0.14699
368 0.14638
369 0.14578
370 0.14518
371 0.14458
372 0.14399
373 0.14341
374 0.14283
375 0.14226
376 0.14169
377 0.14112
378 0.14056
379 0.14001
380 0.13946
381 0.13892
382 0.13838
383 0.13784
384 0.13731
385 0.13679
386 0.13627
387 0.13575
388 0.13524
389 0.13473
390 0.13423
391 0.13374
392 0.13324
393 0.13275
394 0.13227
395 0.13179
396 0.13132
397 0.13085
398 0.13038
399 0.12992
400 0.12946
401 0.12901
402 0.12856
403 0.12812
404 0.12767
405 0.12724
406 0.12681
407 0.12638
408 0.12596
409 0.12554
410 0.12512
411 0.12471
412 0.12430
413 0.12390
414 0.12350
415 0.12310
416 0.12271
417 0.12232
418 0.12194
419 0.12156
420 0.12118
421 0.12081
422 0.12044
423 0.12008
424 0.11972
425 0.11936
426 0.11901
427 0.11866
428 0.11831
429 0.11797
430 0.11763
431 0.11729
432 0.11696
433 0.11664
434 0.11631
435 0.11599
436 0.11567
437 0.11536
438 0.11505
439 0.11474
440 0.11444
441 0.11414
442 0.11384
443 0.11355
444 0.11326
445 0.11297
446 0.11269
447 0.11241
448 0.11213
449 0.11186
450 0.11159
451 0.11132
452 0.11106
453 0.11080
454 0.11054
455 0.11029
456 0.11004
457 0.10979
458 0.10955
459 0.10931
460 0.10907
461 0.10883
462 0.10860
463 0.10837
464 0.10815
465 0.10793
466 0.10771
467 0.10749
468 0.10728
469 0.10707
470 0.10686
471 0.10666
472 0.10646
473 0.10626
474 0.10606
475 0.10587
476 0.10568
477 0.10550
478 0.10531
479 0.10513
480 0.10496
481 0.10478
482 0.10461
483 0.10444
484 0.10428
485 0.10411
486 0.10395
487 0.10380
488 0.10364
489 0.10349
490 0.10334
491 0.10320
492 0.10305
493 0.10291
494 0.10278
495 0.10264
496 0.10251
497 0.10238
498 0.10226
499 0.10213
500 0.10201
501 0.10190
502 0.10178
503 0.10167
504 0.10156
505 0.10145
506 0.10135
507 0.10125
508 0.10115
509 0.10106
510 0.10096
511 0.10087
512 0.10079
513 0.10070
514 0.10062
515 0.10054
516 0.10046
517 0.10039
518 0.10032
519 0.10025
520 0.10019
521 0.10012
522 0.10006
523 0.10001
524 0.09995
525 0.09990
526 0.09985
527 0.09981
528 0.09976
529 0.09972
530 0.09968
531 0.09965
532 0.09962
533 0.09959
534 0.09956
535 0.09953
536 0.09951
537 0.09949
538 0.09948
539 0.09946
540 0.09945
541 0.09945
542 0.09944
543 0.09944
544 0.09944
545 0.09944
546 0.09945
547 0.09946
548 0.09947
549 0.09948
550 0.09950
551 0.09952
552 0.09954
553 0.09957
554 0.09959
555 0.09963
556 0.09966
557 0.09970
558 0.09974
559 0.09978
560 0.09982
561 0.09987
562 0.09992
563 0.09998
564 0.10003
565 0.10009
566 0.10015
567 0.10022
568 0.10029
569 0.10036
570 0.10043
571 0.10051
572 0.10059
573 0.10067
574 0.10076
575 0.10085
576 0.10094
577 0.10104
578 0.10113
579 0.10123
580 0.10134
581 0.10145
582 0.10156
583 0.10167
584 0.10179
585 0.10191
586 0.10203
587 0.10215
588 0.10228
589 0.10242
590 0.10255
591 0.10269
592 0.10283
593 0.10297
594 0.10312
595 0.10327
596 0.10342
597 0.10358
598 0.10374
599 0.10390
600 0.10406
601 0.10423
602 0.10440
603 0.10458
604 0.10475
605 0.10494
606 0.10512
607 0.10531
608 0.10550
609 0.10569
610 0.10589
611 0.10609
612 0.10629
613 0.10650
614 0.10671
615 0.10693
616 0.10715
617 0.10737
618 0.10759
619 0.10782
620 0.10805
621 0.10829
622 0.10853
623 0.10877
624 0.10902
625 0.10927
626 0.10953
627 0.10979
628 0.11005
629 0.11032
630 0.11059
631 0.11086
632 0.11114
633 0.11142
634 0.11170
635 0.11199
636 0.11229
637 0.11258
638 0.11289
639 0.11319
640 0.11350
641 0.11382
642 0.11414
643 0.11446
644 0.11479
645 0.11512
646 0.11546
647 0.11580
648 0.11615
649 0.11650
650 0.11686
651 0.11722
652 0.11758
653 0.11795
654 0.11833
655 0.11871
656 0.11909
657 0.11948
658 0.11988
659 0.12028
660 0.12068
661 0.12109
662 0.12151
663 0.12192
664 0.12234
665 0.12277
666 0.12320
667 0.12364
668 0.12408
669 0.12453
670 0.12498
671 0.12544
672 0.12590
673 0.12637
674 0.12685
675 0.12733
676 0.12781
677 0.12831
678 0.12881
679 0.12931
680 0.12982
681 0.13034
682 0.13086
683 0.13139
684 0.13193
685 0.13247
686 0.13302
687 0.13358
688 0.13414
689 0.13471
690 0.13528
691 0.13587
692 0.13646
693 0.13705
694 0.13766
695 0.13827
696 0.13888
697 0.13951
698 0.14014
699 0.14078
700 0.14143
701 0.14208
702 0.14275
703 0.14342
704 0.14409
705 0.14478
706 0.14547
707 0.14618
708 0.14689
709 0.14760
710 0.14833
711 0.14907
712 0.14981
713 0.15056
714 0.15132
715 0.15209
716 0.15287
717 0.15366
718 0.15446
719 0.15526
720 0.15608
721 0.15690
722 0.15774
723 0.15858
724 0.15944
725 0.16030
726 0.16118
727 0.16206
728 0.16295
729 0.16386
730 0.16477
731 0.16570
732 0.16664
733 0.16758
734 0.16854
735 0.16951
736 0.17049
737 0.17149
738 0.17249
739 0.17351
740 0.17453
741 0.17557
742 0.17662
743 0.17769
744 0.17876
745 0.17985
746 0.18095
747 0.18207
748 0.18320
749 0.18434
750 0.18549
751 0.18666
752 0.18784
753 0.18904
754 0.19025
755 0.19147
756 0.19271
757 0.19396
758 0.19523
759 0.19651
760 0.19781
761 0.19912
762 0.20045
763 0.20179
764 0.20315
765 0.20453
766 0.20592
767 0.20733
768 0.20876
769 0.21020
770 0.21166
771 0.21314
772 0.21464
773 0.21615
774 0.21768
775 0.21923
776 0.22080
777 0.22239
778 0.22400
779 0.22562
780 0.22727
781 0.22894
782 0.23062
783 0.23233
784 0.23406
785 0.23581
786 0.23754
787 0.23930
788 0.24108
789 0.24288
790 0.24470
791 0.24655
792 0.24842
793 0.25031
794 0.25222
795 0.25416
796 0.25612
797 0.25810
798 0.26011
799 0.26215
800 0.26421
801 0.26629
802 0.26840
803 0.27054
804 0.27270
805 0.27489
806 0.27710
807 0.27935
808 0.28162
809 0.28392
810 0.28625
811 0.28861
812 0.29100
813 0.29341
814 0.29586
815 0.29834
816 0.30085
817 0.30339
818 0.30597
819 0.30858
820 0.31122
821 0.31389
822 0.31660
823 0.31934
824 0.32212
825 0.32493
826 0.32778
827 0.33067
828 0.33359
829 0.33655
830 0.33955
831 0.34259
832 0.34567
833 0.34879
834 0.35195
835 0.35515
836 0.35839
837 0.36167
838 0.36500
839 0.36837
840 0.37179
841 0.37525
842 0.37876
843 0.38231
844 0.38591
845 0.38956
846 0.39325
847 0.39700
848 0.40080
849 0.40464
850 0.40854
851 0.41249
852 0.41650
853 0.42055
854 0.42467
855 0.42884
856 0.43306
857 0.43734
858 0.44169
859 0.44609
860 0.45055
861 0.45507
862 0.45965
863 0.46430
864 0.46901
865 0.47379
866 0.47863
867 0.48354
868 0.48852
869 0.49356
870 0.49868
871 0.50387
872 0.50913
873 0.51447
874 0.51988
875 0.52536
876 0.53093
877 0.53657
878 0.54229
879 0.54809
880 0.55398
881 0.55995
882 0.56600
883 0.57215
884 0.57838
885 0.58469
886 0.59110
887 0.59761
888 0.60420
889 0.61090
890 0.61769
891 0.62457
892 0.63156
893 0.63865
894 0.64584
895 0.65314
896 0.66055
897 0.66807
898 0.67569
899 0.68343
900 0.69128
901 0.69925
902 0.70734
903 0.71555
904 0.72388
905 0.73233
906 0.74092
907 0.74963
908 0.75847
909 0.76744
910 0.77655
911 0.78580
912 0.79316
913 0.79569
914 0.79859
915 0.80143
916 0.80330
917 0.80420
918 0.80538
919 0.80691
920 0.80891
921 0.81152
922 0.81086
923 0.81020
924 0.81368
925 0.81302
926 0.81236
927 0.81708
928 0.81644
929 0.81579
930 0.81515
931 0.82172
932 0.82110
933 0.82047
934 0.81984
935 0.81921
936 0.81858
937 0.81795
938 0.82755
939 0.82694
940 0.82634
941 0.82574
942 0.82513
943 0.82452
944 0.82391
945 0.82330
946 0.82269
947 0.82208
948 0.82147
949 0.82085
950 0.83584
951 0.83527
952 0.83470
953 0.83413
954 0.83355
955 0.83298
956 0.83240
957 0.83183
958 0.83125
959 0.83067
960 0.83009
961 0.82951
962 0.82893
963 0.82834
964 0.82776
965 0.82717
966 0.82659
967 0.82600
968 0.82541
969 0.82482
970 0.82423
971 0.82364
972 0.82304
973 0.84920
974 0.84869
975 0.84817
976 0.84765
977 0.84714
978 0.84662
979 0.84610
980 0.84557
981 0.84505
982 0.84453
983 0.84400
984 0.84348
985 0.84295
986 0.84243
987 0.84190
988 0.84137
989 0.84084
990 0.84030
991 0.83977
992 0.83924
993 0.83870
994 0.83817
995 0.83763
996 0.83709
997 0.83655
998 0.83601
999 0.83547
1000 0.83493
1001 0.83438
1002 0.83384
1003 0.83329
1004 0.83275
1005 0.83220
1006 0.83165
1007 0.83110
1008 0.83055
1009 0.83000
1010 0.82944
1011 0.82889
1012 0.82833
1013 0.82778
1014 0.82722
1015 0.82666
1016 0.82610
1017 0.82554
1018 0.82498
1019 0.82442
1020 0.82385
1021 0.82329
1022 0.82272
1023 0.82216
1024 0.82159
1025 0.82102
1026 0.87733
1027 0.87693
1028 0.87653
1029 0.87612
1030 0.87571
1031 0.87531
1032 0.87490
1033 0.87449
1034 0.87408
1035 0.87367
1036 0.87326
1037 0.87285
1038 0.87243
1039 0.87202
1040 0.87160
1041 0.87119
1042 0.87077
1043 0.87036
1044 0.86994
1045 0.86952
1046 0.86910
1047 0.86868
1048 0.86826
1049 0.86783
1050 0.86741
1051 0.86699
1052 0.86656
1053 0.86614
1054 0.86571
1055 0.86528
1056 0.86485
1057 0.86442
1058 0.86399
1059 0.86356
1060 0.86313
1061 0.86270
1062 0.86227
1063 0.86183
1064 0.86140
1065 0.86096
1066 0.86052
1067 0.86009
1068 0.85965
1069 0.85921
1070 0.85877
1071 0.85833
1072 0.85789
1073 0.85744
1074 0.85700
1075 0.85656
1076 0.85611
1077 0.85567
1078 0.85522
1079 0.85477
1080 0.85432
1081 0.85387
1082 0.85342
1083 0.85297
1084 0.85252
1085 0.85207
1086 0.85161
1087 0.85116
1088 0.85070
1089 0.85025
1090 0.84979
1091 0.84933
1092 0.84887
1093 0.84841
1094 0.84795
1095 0.84749
1096 0.84703
1097 0.84657
1098 0.84610
1099 0.84564
1100 0.84517
1101 0.84471
1102 0.84424
1103 0.84377
1104 0.84330
1105 0.84283
1106 0.84236
1107 0.84189
1108 0.84142
1109 0.84095
1110 0.84047
1111 0.84000
1112 0.83952
1113 0.83904
1114 0.83857
1115 0.83809
1116 0.83761
1117 0.83713
1118 0.83665
1119 0.83617
1120 0.83568
1121 0.83520
1122 0.83472
1123 0.83423
1124 0.83375
1125 0.83326
1126 0.83277
1127 0.83228
1128 0.83180
1129 0.83131
1130 0.83081
1131 0.83032
1132 0.82983
1133 0.82934
1134 0.82884
1135 0.82835
1136 0.82785
1137 0.82735
1138 0.82686
1139 0.82636
1140 0.82586
1141 0.82536
1142 0.82486
1143 0.82436
1144 0.82385
1145 0.82335
1146 0.82285
1147 0.82234
1148 0.82184
1149 0.82133
1150 0.82082
1151 0.82031
1152 0.81980
1153 0.81929
1154 0.81878
1155 0.81827
1156 0.81776
1157 0.81724
1158 0.81673
1159 0.81621
1160 0.81570
1161 0.81518
1162 0.81466
1163 0.81415
1164 0.81363
1165 0.81311
1166 0.81259
1167 0.81206
1168 0.81154
1169 0.81102
1170 0.81049
1171 0.80997
1172 0.80944
1173 0.80891
1174 0.80839
1175 0.80786
1176 0.80733
1177 0.80680
1178 0.80627
1179 0.80574
1180 0.80520
1181 0.80467
1182 0.80414
1183 0.80360
1184 0.80307
1185 0.80253
1186 0.80199
1187 0.80145
1188 0.80091
1189 0.80037
1190 0.79983
1191 0.79929
1192 0.79875
1193 0.79821
1194 0.79766
1195 0.79712
1196 0.79657
1197 0.79603
1198 0.79548
1199 0.79493
1200 0.79438
1201 0.79383
1202 0.79328
1203 0.79273
1204 0.79218
1205 0.79162
1206 0.79107
1207 0.79052
1208 0.78996
1209 0.78940
1210 0.78885
1211 0.78829
1212 0.78773
1213 0.78717
1214 0.78661
1215 0.78605
1216 1.00000
