17 0.81849
18 0.80407
19 0.78954
20 0.77491
21 0.76021
22 0.74547
23 0.73071
24 0.71594
25 0.70120
26 0.68649
27 0.67183
28 0.65725
29 0.64275
30 0.62835
31 0.61406
32 0.59989
33 0.58586
34 0.57197
35 0.55823
36 0.54466
37 0.53125
38 0.51802
39 0.50498
40 0.49212
41 0.47945
42 0.46698
43 0.45472
44 0.44266
45 0.43081
46 0.41916
47 0.40773
48 0.39652
49 0.38552
50 0.37474
51 0.36417
52 0.35382
53 0.34369
54 0.33377
55 0.32407
56 0.31458
57 0.30531
58 0.29625
59 0.28740
60 0.27876
61 0.27032
62 0.26209
63 0.25407
64 0.24624
65 0.23861
66 0.23117
67 0.22393
68 0.21687
69 0.21000
70 0.20332
71 0.19681
72 0.19048
73 0.18433
74 0.17834
75 0.17253
76 0.16687
77 0.16138
78 0.15605
79 0.15087
80 0.14584
81 0.14095
82 0.13622
83 0.13162
84 0.12716
85 0.12284
86 0.11865
87 0.11459
88 0.11065
89 0.10683
90 0.10313
91 0.09955
92 0.09609
93 0.09273
94 0.08948
95 0.08633
96 0.08329
97 0.08034
98 0.07749
99 0.07473
100 0.07207
101 0.06949
102 0.06700
103 0.06459
104 0.06226
105 0.06001
106 0.05784
107 0.05573
108 0.05371
109 0.05175
110 0.04985
111 0.04803
112 0.04626
113 0.04456
114 0.04292
115 0.04133
116 0.03980
117 0.03833
118 0.03690
119 0.03553
120 0.03420
121 0.03293
122 0.03169
123 0.03051
124 0.02936
125 0.02826
126 0.02719
127 0.02617
128 0.02518
129 0.02422
130 0.02331
131 0.02242
132 0.02157
133 0.02075
134 0.01996
135 0.01920
136 0.01847
137 0.01776
138 0.01708
139 0.01643
140 0.01580
141 0.01519
142 0.01461
143 0.01405
144 0.01351
145 0.01299
146 0.01249
147 0.01200
148 0.01154
149 0.01109
150 0.01067
151 0.01025
152 0.00986
153 0.00947
154 0.00911
155 0.00875
156 0.00841
157 0.00809
158 0.00777
159 0.00747
160 0.00718
161 0.00690
162 0.00663
163 0.00637
164 0.00613
165 0.00589
166 0.00566
167 0.00544
168 0.00523
169 0.00502
170 0.00483
171 0.00464
172 0.00446
173 0.00428
174 0.00412
175 0.00396
176 0.00380
177 0.00365
178 0.00351
179 0.00337
180 0.00324
181 0.00312
182 0.00299
183 0.00288
184 0.00276
185 0.00266
186 0.00255
187 0.00245
188 0.00236
189 0.00227
190 0.00218
191 0.00209
192 0.00201
193 0.00193
194 0.00186
195 0.00179
196 0.00172
197 0.00165
198 0.00159
199 0.00152
200 0.00147
201 0.00141
202 0.00135
203 0.00130
204 0.00125
205 0.00120
206 0.00116
207 0.00111
208 0.00107
209 0.00103
210 0.00099
211 0.00095
212 0.00091
213 0.00088
214 0.00084
215 0.00081
216 0.00078
217 0.00075
218 0.00072
219 0.00069
220 0.00067
221 0.00064
222 0.00062
223 0.00059
224 0.00057
225 0.00055
226 0.00053
227 0.00051
228 0.00049
229 0.00047
230 0.00045
231 0.00044
232 0.00042
233 0.00040
234 0.00039
235 0.00037
236 0.00036
237 0.00035
238 0.00033
239 0.00032
240 0.00031
241 0.00030
242 0.00029
243 0.00028
244 0.00027
245 0.00026
246 0.00025
247 0.00024
248 0.00023
249 0.00022
250 0.00021
251 0.00020
252 0.00020
253 0.00019
254 0.00018
255 0.00018
256 0.00017
257 0.00016
258 0.00016
259 0.00015
260 0.00015
261 0.00014
262 0.00014
263 0.00013
264 0.00013
265 0.00012
266 0.00012
267 0.00011
268 0.00011
269 0.00011
270 0.00010
271 0.00010
272 0.00009
273 0.00009
274 0.00009
275 0.00008
276 0.00008
277 0.00008
278 0.00008
279 0.00007
280 0.00007
281 0.00007
282 0.00007
283 0.00006
284 0.00006
285 0.00006
286 0.00006
287 0.00006
288 0.00005
289 0.00005
290 0.00005
291 0.00005
292 0.00005
293 0.00005
294 0.00004
295 0.00004
296 0.00004
297 0.00004
298 0.00004
299 0.00004
300 0.00004
301 0.00003
302 0.00003
303 0.00003
304 0.00003
305 0.00003
306 0.00003
307 0.00003
308 0.00003
309 0.00003
310 0.00003
311 0.00002
312 0.00002
313 0.00002
314 0.00002
315 0.00002
316 0.00002
317 0.00002
318 0.00002
319 0.00002
320 0.00002
321 0.00002
322 0.00002
323 0.00002
324 0.00002
325 0.00002
326 0.00002
327 0.00001
328 0.00001
329 0.00001
330 0.00001
331 0.00001
332 0.00001
333 0.00001
334 0.00001
335 0.00001
336 0.00001
337 0.00001
338 0.00001
339 0.00001
340 0.00001
341 0.00001
342 0.00001
343 0.00001
344 0.00001
345 0.00001
346 0.00001
347 0.00001
348 0.00001
349 0.00001
350 0.00001
351 0.00001
352 0.00001
353 0.00001
354 0.00001
355 0.00001
356 0.00001
357 0.00001
358 0.00001
359 0.00001
360 0.00001
361 0.00001
362 0.00001
363 0.00001
364 0.00001
365 0.00000
366 0.00000
367 0.00000
368 0.00000
369 0.00000
370 0.00000
371 0.00000
372 0.00000
373 0.00000
374 0.00000
375 0.00000
376 0.00000
377 0.00000
378 0.00000
379 0.00000
380 0.00000
381 0.00000
382 0.00000
383 0.00000
384 0.00000
385 0.00000
386 0.00000
387 0.00000
388 0.00000
389 0.00000
390 0.00000
391 0.00000
392 0.00000
393 0.00000
394 0.00000
395 0.00000
396 0.00000
397 0.00000
398 0.00000
399 0.00000
400 0.00000
401 0.00000
402 0.00000
403 0.00000
404 0.00000
405 0.00000
406 0.00000
407 0.00000
408 0.00000
409 0.00000
410 0.00000
411 0.00000
412 0.00000
413 0.00000
414 0.00000
415 0.00000
416 0.00000
417 0.00000
418 0.00000
419 0.00000
420 0.00000
421 0.00000
422 0.00000
423 0.00000
424 0.00000
425 0.00000
426 0.00000
427 0.00000
428 0.00000
429 0.00000
430 0.00000
431 0.00000
432 0.00000
433 0.00000
434 0.00000
435 0.00000
436 0.00000
437 0.00000
438 0.00000
439 0.00000
440 0.00000
441 0.00000
442 0.00000
443 0.00000
444 0.00000
445 0.00000
446 0.00000
447 0.00000
448 0.00000
449 0.00000
450 0.00000
451 0.00000
452 0.00000
453 0.00000
454 0.00000
455 0.00000
456 0.00000
457 0.00000
458 0.00000
459 0.00000
460 0.00000
461 0.00000
462 0.00000
463 0.00000
464 0.00000
465 0.00000
466 0.00000
467 0.00000
468 0.00000
469 0.00000
470 0.00000
471 0.00000
472 0.00000
473 0.00000
474 0.00000
475 0.00000
476 0.00000
477 0.00000
478 0.00000
479 0.00000
480 0.00000
481 0.00000
482 0.00000
483 0.00000
484 0.00000
485 0.00000
486 0.00000
487 0.00000
488 0.00000
489 0.00000
490 0.00000
491 0.00000
492 0.00000
493 0.00000
494 0.00000
495 0.00000
496 0.00000
497 0.00000
498 0.00000
499 0.00000
500 0.00000
501 0.00000
502 0.00000
503 0.00000
504 0.00000
505 0.00000
506 0.00000
507 0.00000
508 0.00000
509 0.00000
510 0.00000
511 0.00000
512 0.00000
513 0.00000
514 0.00000
515 0.00000
516 0.00000
517 0.00000
518 0.00000
519 0.00000
520 0.00000
521 0.00000
522 0.00000
523 0.00000
524 0.00000
525 0.00000
526 0.00000
527 0.00000
528 0.00000
529 0.00000
530 0.00000
531 0.00000
532 0.00000
533 0.00000
534 0.00000
535 0.00000
536 0.00000
537 0.00000
538 0.00000
539 0.00000
540 0.00000
541 0.00000
542 0.00000
543 0.00000
544 0.00000
545 0.00000
546 0.00000
547 0.00000
548 0.00000
549 0.00000
550 0.00000
551 0.00000
552 0.00000
553 0.00000
554 0.00000
555 0.00000
556 0.00000
557 0.00000
558 0.00000
559 0.00000
560 0.00000
561 0.00000
562 0.00000
563 0.00000
564 0.00000
565 0.00000
566 0.00000
567 0.00000
568 0.00000
569 0.00000
570 0.00000
571 0.00000
572 0.00000
573 0.00000
574 0.00000
575 0.00000
576 0.00000
577 0.00000
578 0.00000
579 0.00000
580 0.00000
581 0.00000
582 0.00000
583 0.00000
584 0.00000
585 0.00000
586 0.00000
587 0.00000
588 0.00000
589 0.00000
590 0.00000
591 0.00000
592 0.00000
593 0.00000
594 0.00000
595 0.00000
596 0.00000
597 0.00000
598 0.00000
599 0.00000
600 0.00000
601 0.00000
602 0.00000
603 0.00000
604 0.00000
605 0.00000
606 0.00000
607 0.00000
608 0.00000
609 0.00000
610 0.00000
611 0.00000
612 0.00000
613 0.00000
614 0.00000
615 0.00000
616 0.00000
617 0.00000
618 0.00000
619 0.00000
620 0.00000
621 0.00000
622 0.00000
623 0.00000
624 0.00000
625 0.00000
626 0.00000
627 0.00000
628 0.00000
629 0.00000
630 0.00000
631 0.00000
632 0.00000
633 0.00000
634 0.00000
635 0.00000
636 0.00000
637 0.00000
638 0.00000
639 0.00000
640 0.00000
641 0.00000
642 0.00000
643 0.00000
644 0.00000
645 0.00000
646 0.00000
647 0.00000
648 0.00000
649 0.00000
650 0.00000
651 0.00000
652 0.00000
653 0.00000
654 0.00000
655 0.00000
656 0.00000
657 0.00000
658 0.00000
659 0.00000
660 0.00000
661 0.00000
662 0.00000
663 0.00000
664 0.00000
665 0.00000
666 0.00000
667 0.00000
668 0.00000
669 0.00000
670 0.00000
671 0.00000
672 0.00000
673 0.00000
674 0.00000
675 0.00000
676 0.00000
677 0.00000
678 0.00000
679 0.00000
680 0.00000
681 0.00000
682 0.00000
683 0.00000
684 0.00000
685 0.00000
686 0.00000
687 0.00000
688 0.00000
689 0.00000
690 0.00000
691 0.00000
692 0.00000
693 0.00000
694 0.00000
695 0.00000
696 0.00000
697 0.00000
698 0.00000
699 0.00000
700 0.00000
701 0.00000
702 0.00000
703 0.00000
704 0.00000
705 0.00000
706 0.00000
707 0.00000
708 0.00000
709 0.00000
710 0.00000
711 0.00000
712 0.00000
713 0.00000
714 0.00000
715 0.00000
716 0.00000
717 0.00000
718 0.00000
719 0.00000
720 0.00000
721 0.00000
722 0.00000
723 0.00000
724 0.00000
725 0.00000
726 0.00000
727 0.00000
728 0.00000
729 0.00001
730 0.00001
731 0.00001
732 0.00001
733 0.00001
734 0.00001
735 0.00001
736 0.00001
737 0.00001
738 0.00001
739 0.00001
740 0.00001
741 0.00001
742 0.00001
743 0.00001
744 0.00001
745 0.00001
746 0.00001
747 0.00001
748 0.00001
749 0.00001
750 0.00001
751 0.00001
752 0.00001
753 0.00001
754 0.00001
755 0.00001
756 0.00001
757 0.00001
758 0.00001
759 0.00001
760 0.00002
761 0.00002
762 0.00002
763 0.00002
764 0.00002
765 0.00002
766 0.00002
767 0.00002
768 0.00002
769 0.00002
770 0.00002
771 0.00002
772 0.00002
773 0.00003
774 0.00003
775 0.00003
776 0.00003
777 0.00003
778 0.00003
779 0.00003
780 0.00003
781 0.00004
782 0.00004
783 0.00004
784 0.00004
785 0.00004
786 0.00004
787 0.00005
788 0.00005
789 0.00005
790 0.00005
791 0.00006
792 0.00006
793 0.00006
794 0.00006
795 0.00007
796 0.00007
797 0.00007
798 0.00008
799 0.00008
800 0.00008
801 0.00009
802 0.00009
803 0.00010
804 0.00010
805 0.00011
806 0.00011
807 0.00012
808 0.00012
809 0.00013
810 0.00014
811 0.00014
812 0.00015
813 0.00016
814 0.00017
815 0.00018
816 0.00018
817 0.00019
818 0.00020
819 0.00022
820 0.00023
821 0.00024
822 0.00025
823 0.00026
824 0.00028
825 0.00029
826 0.00031
827 0.00033
828 0.00034
829 0.00036
830 0.00038
831 0.00040
832 0.00042
833 0.00045
834 0.00047
835 0.00050
836 0.00053
837 0.00056
838 0.00059
839 0.00062
840 0.00066
841 0.00069
842 0.00073
843 0.00077
844 0.00082
845 0.00086
846 0.00091
847 0.00097
848 0.00102
849 0.00108
850 0.00115
851 0.00121
852 0.00128
853 0.00136
854 0.00144
855 0.00153
856 0.00162
857 0.00171
858 0.00182
859 0.00192
860 0.00204
861 0.00216
862 0.00229
863 0.00243
864 0.00258
865 0.00274
866 0.00291
867 0.00309
868 0.00328
869 0.00348
870 0.00370
871 0.00393
872 0.00417
873 0.00443
874 0.00471
875 0.00501
876 0.00532
877 0.00566
878 0.00602
879 0.00640
880 0.00681
881 0.00724
882 0.00771
883 0.00820
884 0.00873
885 0.00930
886 0.00990
887 0.01054
888 0.01123
889 0.01196
890 0.01274
891 0.01358
892 0.01447
893 0.01542
894 0.01644
895 0.01753
896 0.01870
897 0.01994
898 0.02127
899 0.02269
900 0.02421
901 0.02584
902 0.02758
903 0.02944
904 0.03144
905 0.03357
906 0.03585
907 0.03829
908 0.04090
909 0.04370
910 0.04670
911 0.04991
912 0.05247
913 0.06217
914 0.07022
915 0.07689
916 0.08102
917 0.08304
918 0.08553
919 0.08863
920 0.09258
921 0.09768
922 0.09646
923 0.09523
924 0.10197
925 0.10072
926 0.09947
927 0.10869
928 0.10740
929 0.10612
930 0.10484
931 0.11806
932 0.11673
933 0.11541
934 0.11409
935 0.11278
936 0.11147
937 0.11017
938 0.13023
939 0.12886
940 0.12750
941 0.12613
942 0.12478
943 0.12342
944 0.12207
945 0.12073
946 0.11939
947 0.11806
948 0.11673
949 0.11541
950 0.14867
951 0.14725
952 0.14583
953 0.14442
954 0.14301
955 0.14161
956 0.14021
957 0.13881
958 0.13742
959 0.13603
960 0.13464
961 0.13326
962 0.13188
963 0.13051
964 0.12914
965 0.12778
966 0.12642
967 0.12507
968 0.12372
969 0.12238
970 0.12104
971 0.11971
972 0.11838
973 0.18188
974 0.18042
975 0.17896
976 0.17751
977 0.17606
978 0.17461
979 0.17317
980 0.17172
981 0.17028
982 0.16884
983 0.16741
984 0.16598
985 0.16455
986 0.16312
987 0.16170
988 0.16028
989 0.15887
990 0.15745
991 0.15605
992 0.15464
993 0.15324
994 0.15184
995 0.15045
996 0.14906
997 0.14768
998 0.14630
999 0.14492
1000 0.14355
1001 0.14218
1002 0.14082
1003 0.13947
1004 0.13811
1005 0.13677
1006 0.13542
1007 0.13409
1008 0.13275
1009 0.13143
1010 0.13011
1011 0.12879
1012 0.12748
1013 0.12617
1014 0.12487
1015 0.12358
1016 0.12229
1017 0.12101
1018 0.11973
1019 0.11846
1020 0.11720
1021 0.11594
1022 0.11469
1023 0.11344
1024 0.11220
1025 0.11097
1026 0.27175
1027 0.27046
1028 0.26917
1029 0.26788
1030 0.26659
1031 0.26531
1032 0.26402
1033 0.26274
1034 0.26145
1035 0.26017
1036 0.25889
1037 0.25761
1038 0.25633
1039 0.25505
1040 0.25377
1041 0.25249
1042 0.25121
1043 0.24994
1044 0.24866
1045 0.24738
1046 0.24611
1047 0.24483
1048 0.24356
1049 0.24229
1050 0.24101
1051 0.23974
1052 0.23847
1053 0.23719
1054 0.23592
1055 0.23465
1056 0.23337
1057 0.23210
1058 0.23083
1059 0.22956
1060 0.22828
1061 0.22701
1062 0.22574
1063 0.22447
1064 0.22319
1065 0.22192
1066 0.22064
1067 0.21937
1068 0.21809
1069 0.21682
1070 0.21554
1071 0.21426
1072 0.21298
1073 0.21171
1074 0.21043
1075 0.20915
1076 0.20786
1077 0.20658
1078 0.20530
1079 0.20401
1080 0.20273
1081 0.20144
1082 0.20015
1083 0.19886
1084 0.19757
1085 0.19628
1086 0.19499
1087 0.19370
1088 0.19240
1089 0.19110
1090 0.18980
1091 0.18850
1092 0.18720
1093 0.18590
1094 0.18459
1095 0.18329
1096 0.18198
1097 0.18067
1098 0.17936
1099 0.17804
1100 0.17673
1101 0.17541
1102 0.17410
1103 0.17278
1104 0.17146
1105 0.17013
1106 0.16881
1107 0.16749
1108 0.16616
1109 0.16483
1110 0.16350
1111 0.16217
1112 0.16084
1113 0.15950
1114 0.15817
1115 0.15683
1116 0.15550
1117 0.15416
1118 0.15282
1119 0.15148
1120 0.15014
1121 0.14880
1122 0.14746
1123 0.14612
1124 0.14478
1125 0.14343
1126 0.14209
1127 0.14075
1128 0.13941
1129 0.13806
1130 0.13672
1131 0.13538
1132 0.13404
1133 0.13270
1134 0.13136
1135 0.13003
1136 0.12869
1137 0.12735
1138 0.12602
1139 0.12469
1140 0.12336
1141 0.12203
1142 0.12070
1143 0.11938
1144 0.11806
1145 0.11674
1146 0.11543
1147 0.11411
1148 0.11280
1149 0.11150
1150 0.11020
1151 0.10890
1152 0.10760
1153 0.10631
1154 0.10503
1155 0.10375
1156 0.10247
1157 0.10120
1158 0.09993
1159 0.09867
1160 0.09741
1161 0.09616
1162 0.09491
1163 0.09367
1164 0.09244
1165 0.09121
1166 0.08999
1167 0.08878
1168 0.08757
1169 0.08637
1170 0.08517
1171 0.08399
1172 0.08281
1173 0.08163
1174 0.08047
1175 0.07931
1176 0.07816
1177 0.07702
1178 0.07589
1179 0.07476
1180 0.07365
1181 0.07254
1182 0.07144
1183 0.07034
1184 0.06926
1185 0.06819
1186 0.06712
1187 0.06607
1188 0.06502
1189 0.06398
1190 0.06295
1191 0.06193
1192 0.06092
1193 0.05992
1194 0.05893
1195 0.05795
1196 0.05698
1197 0.05602
1198 0.05507
1199 0.05413
1200 0.05319
1201 0.05227
1202 0.05136
1203 0.05046
1204 0.04956
1205 0.04868
1206 0.04781
1207 0.04694
1208 0.04609
1209 0.04525
1210 0.04442
1211 0.04360
1212 0.04278
1213 0.04198
1214 0.04119
1215 0.04041
1216 1.00000
