17 0.98832
18 0.98729
19 0.98624
20 0.98516
21 0.98405
22 0.98292
23 0.98177
24 0.98060
25 0.97940
26 0.97819
27 0.97695
28 0.97570
29 0.97442
30 0.97313
31 0.97182
32 0.97049
33 0.96914
34 0.96778
35 0.96640
36 0.96501
37 0.96360
38 0.96218
39 0.96074
40 0.95929
41 0.95782
42 0.95635
43 0.95485
44 0.95335
45 0.95184
46 0.95031
47 0.94877
48 0.94722
49 0.94566
50 0.94409
51 0.94251
52 0.94091
53 0.93931
54 0.93770
55 0.93608
56 0.93445
57 0.93281
58 0.93117
59 0.92951
60 0.92785
61 0.92618
62 0.92450
63 0.92282
64 0.92113
65 0.91943
66 0.91772
67 0.91601
68 0.91429
69 0.91257
70 0.91084
71 0.90910
72 0.90736
73 0.90561
74 0.90386
75 0.90210
76 0.90034
77 0.89858
78 0.89681
79 0.89503
80 0.89325
81 0.89147
82 0.88968
83 0.88789
84 0.88610
85 0.88430
86 0.88250
87 0.88070
88 0.87890
89 0.87709
90 0.87528
91 0.87346
92 0.87165
93 0.86983
94 0.86801
95 0.86619
96 0.86436
97 0.86254
98 0.86071
99 0.85888
100 0.85705
101 0.85522
102 0.85339
103 0.85155
104 0.84972
105 0.84788
106 0.84605
107 0.84421
108 0.84238
109 0.84054
110 0.83870
111 0.83686
112 0.83503
113 0.83319
114 0.83135
115 0.82952
116 0.82768
117 0.82584
118 0.82401
119 0.82217
120 0.82034
121 0.81850
122 0.81667
123 0.81484
124 0.81301
125 0.81118
126 0.80935
127 0.80752
128 0.80570
129 0.80387
130 0.80205
131 0.80023
132 0.79841
133 0.79659
134 0.79477
135 0.79296
136 0.79115
137 0.78934
138 0.78753
139 0.78572
140 0.78392
141 0.78211
142 0.78031
143 0.77852
144 0.77672
145 0.77493
146 0.77314
147 0.77135
148 0.76956
149 0.76778
150 0.76600
151 0.76422
152 0.76245
153 0.76068
154 0.75891
155 0.75714
156 0.75538
157 0.75362
158 0.75187
159 0.75011
160 0.74836
161 0.74662
162 0.74487
163 0.74313
164 0.74140
165 0.73966
166 0.73793
167 0.73621
168 0.73448
169 0.73277
170 0.73105
171 0.72934
172 0.72763
173 0.72593
174 0.72422
175 0.72253
176 0.72083
177 0.71915
178 0.71746
179 0.71578
180 0.71410
181 0.71243
182 0.71076
183 0.70909
184 0.70743
185 0.70577
186 0.70412
187 0.70247
188 0.70083
189 0.69919
190 0.69755
191 0.69592
192 0.69429
193 0.69267
194 0.69105
195 0.68943
196 0.68782
197 0.68622
198 0.68461
199 0.68302
200 0.68142
201 0.67984
202 0.67825
203 0.67667
204 0.67510
205 0.67353
206 0.67196
207 0.67040
208 0.66884
209 0.66729
210 0.66574
211 0.66420
212 0.66266
213 0.66113
214 0.65960
215 0.65808
216 0.65656
217 0.65505
218 0.65354
219 0.65203
220 0.65053
221 0.64904
222 0.64755
223 0.64606
224 0.64458
225 0.64310
226 0.64163
227 0.64017
228 0.63870
229 0.63725
230 0.63580
231 0.63435
232 0.63291
233 0.63147
234 0.63004
235 0.62861
236 0.62719
237 0.62577
238 0.62436
239 0.62295
240 0.62155
241 0.62015
242 0.61876
243 0.61737
244 0.61599
245 0.61461
246 0.61324
247 0.61187
248 0.61051
249 0.60915
250 0.60780
251 0.60645
252 0.60511
253 0.60377
254 0.60244
255 0.60111
256 0.59979
257 0.59847
258 0.59716
259 0.59585
260 0.59455
261 0.59325
262 0.59196
263 0.59067
264 0.58939
265 0.58811
266 0.58684
267 0.58558
268 0.58431
269 0.58306
270 0.58180
271 0.58056
272 0.57932
273 0.57808
274 0.57685
275 0.57562
276 0.57440
277 0.57318
278 0.57197
279 0.57076
280 0.56956
281 0.56837
282 0.56717
283 0.56599
284 0.56481
285 0.56363
286 0.56246
287 0.56129
288 0.56013
289 0.55897
290 0.55782
291 0.55668
292 0.55553
293 0.55440
294 0.55327
295 0.55214
296 0.55102
297 0.54990
298 0.54879
299 0.54768
300 0.54658
301 0.54548
302 0.54439
303 0.54331
304 0.54222
305 0.54115
306 0.54008
307 0.53901
308 0.53795
309 0.53689
310 0.53584
311 0.53479
312 0.53375
313 0.53271
314 0.53168
315 0.53065
316 0.52963
317 0.52861
318 0.52760
319 0.52659
320 0.52559
321 0.52459
322 0.52359
323 0.52261
324 0.52162
325 0.52064
326 0.51967
327 0.51870
328 0.51774
329 0.51678
330 0.51582
331 0.51487
332 0.51393
333 0.51299
334 0.51205
335 0.51112
336 0.51019
337 0.50927
338 0.50836
339 0.50744
340 0.50654
341 0.50564
342 0.50474
343 0.50385
344 0.50296
345 0.50208
346 0.50120
347 0.50032
348 0.49945
349 0.49859
350 0.49773
351 0.49688
352 0.49603
353 0.49518
354 0.49434
355 0.49350
356 0.49267
357 0.49184
358 0.49102
359 0.49020
360 0.48939
361 0.48858
362 0.48778
363 0.48698
364 0.48619
365 0.48540
366 0.48461
367 0.48383
368 0.48305
369 0.48228
370 0.48152
371 0.48075
372 0.48000
373 0.47924
374 0.47849
375 0.47775
376 0.47701
377 0.47627
378 0.47554
379 0.47482
380 0.47410
381 0.47338
382 0.47267
383 0.47196
384 0.47125
385 0.47056
386 0.46986
387 0.46917
388 0.46849
389 0.46780
390 0.46713
391 0.46645
392 0.46579
393 0.46512
394 0.46446
395 0.46381
396 0.46316
397 0.46251
398 0.46187
399 0.46123
400 0.46060
401 0.45997
402 0.45935
403 0.45873
404 0.45812
405 0.45750
406 0.45690
407 0.45630
408 0.45570
409 0.45511
410 0.45452
411 0.45393
412 0.45335
413 0.45277
414 0.45220
415 0.45164
416 0.45107
417 0.45051
418 0.44996
419 0.44941
420 0.44886
421 0.44832
422 0.44778
423 0.44725
424 0.44672
425 0.44620
426 0.44568
427 0.44516
428 0.44465
429 0.44414
430 0.44364
431 0.44314
432 0.44264
433 0.44215
434 0.44167
435 0.44118
436 0.44071
437 0.44023
438 0.43976
439 0.43930
440 0.43884
441 0.43838
442 0.43793
443 0.43748
444 0.43703
445 0.43659
446 0.43616
447 0.43573
448 0.43530
449 0.43487
450 0.43446
451 0.43404
452 0.43363
453 0.43322
454 0.43282
455 0.43242
456 0.43203
457 0.43164
458 0.43125
459 0.43087
460 0.43049
461 0.43012
462 0.42975
463 0.42938
464 0.42902
465 0.42866
466 0.42831
467 0.42796
468 0.42762
469 0.42728
470 0.42694
471 0.42661
472 0.42628
473 0.42595
474 0.42563
475 0.42532
476 0.42501
477 0.42470
478 0.42439
479 0.42409
480 0.42380
481 0.42351
482 0.42322
483 0.42294
484 0.42266
485 0.42238
486 0.42211
487 0.42185
488 0.42158
489 0.42132
490 0.42107
491 0.42082
492 0.42057
493 0.42033
494 0.42009
495 0.41986
496 0.41963
497 0.41940
498 0.41918
499 0.41896
500 0.41875
501 0.41854
502 0.41833
503 0.41813
504 0.41794
505 0.41774
506 0.41755
507 0.41737
508 0.41719
509 0.41701
510 0.41684
511 0.41667
512 0.41651
513 0.41635
514 0.41619
515 0.41604
516 0.41589
517 0.41575
518 0.41561
519 0.41547
520 0.41534
521 0.41522
522 0.41509
523 0.41497
524 0.41486
525 0.41475
526 0.41464
527 0.41454
528 0.41444
529 0.41435
530 0.41426
531 0.41417
532 0.41409
533 0.41401
534 0.41394
535 0.41387
536 0.41381
537 0.41375
538 0.41369
539 0.41364
540 0.41359
541 0.41355
542 0.41351
543 0.41347
544 0.41344
545 0.41342
546 0.41339
547 0.41338
548 0.41336
549 0.41335
550 0.41335
551 0.41335
552 0.41335
553 0.41336
554 0.41337
555 0.41338
556 0.41340
557 0.41343
558 0.41346
559 0.41349
560 0.41353
561 0.41357
562 0.41362
563 0.41367
564 0.41372
565 0.41378
566 0.41384
567 0.41391
568 0.41399
569 0.41406
570 0.41414
571 0.41423
572 0.41432
573 0.41441
574 0.41451
575 0.41462
576 0.41472
577 0.41484
578 0.41495
579 0.41507
580 0.41520
581 0.41533
582 0.41546
583 0.41560
584 0.41575
585 0.41590
586 0.41605
587 0.41621
588 0.41637
589 0.41654
590 0.41671
591 0.41688
592 0.41706
593 0.41725
594 0.41744
595 0.41763
596 0.41783
597 0.41804
598 0.41824
599 0.41846
600 0.41867
601 0.41890
602 0.41912
603 0.41936
604 0.41959
605 0.41984
606 0.42008
607 0.42033
608 0.42059
609 0.42085
610 0.42112
611 0.42139
612 0.42166
613 0.42194
614 0.42223
615 0.42252
616 0.42282
617 0.42312
618 0.42342
619 0.42373
620 0.42405
621 0.42437
622 0.42469
623 0.42502
624 0.42536
625 0.42570
626 0.42604
627 0.42640
628 0.42675
629 0.42711
630 0.42748
631 0.42785
632 0.42823
633 0.42861
634 0.42900
635 0.42939
636 0.42979
637 0.43019
638 0.43060
639 0.43101
640 0.43143
641 0.43186
642 0.43229
643 0.43272
644 0.43316
645 0.43361
646 0.43406
647 0.43452
648 0.43498
649 0.43545
650 0.43593
651 0.43641
652 0.43689
653 0.43738
654 0.43788
655 0.43838
656 0.43889
657 0.43941
658 0.43993
659 0.44045
660 0.44098
661 0.44152
662 0.44206
663 0.44261
664 0.44317
665 0.44373
666 0.44430
667 0.44487
668 0.44545
669 0.44603
670 0.44663
671 0.44722
672 0.44783
673 0.44844
674 0.44905
675 0.44967
676 0.45030
677 0.45094
678 0.45158
679 0.45223
680 0.45288
681 0.45354
682 0.45421
683 0.45488
684 0.45556
685 0.45625
686 0.45694
687 0.45764
688 0.45835
689 0.45906
690 0.45978
691 0.46050
692 0.46124
693 0.46198
694 0.46272
695 0.46348
696 0.46424
697 0.46501
698 0.46578
699 0.46656
700 0.46735
701 0.46815
702 0.46895
703 0.46976
704 0.47058
705 0.47140
706 0.47223
707 0.47307
708 0.47392
709 0.47477
710 0.47563
711 0.47650
712 0.47738
713 0.47826
714 0.47915
715 0.48005
716 0.48096
717 0.48187
718 0.48280
719 0.48373
720 0.48467
721 0.48561
722 0.48657
723 0.48753
724 0.48850
725 0.48948
726 0.49046
727 0.49146
728 0.49246
729 0.49347
730 0.49449
731 0.49552
732 0.49655
733 0.49760
734 0.49865
735 0.49971
736 0.50078
737 0.50186
738 0.50295
739 0.50405
740 0.50515
741 0.50627
742 0.50739
743 0.50852
744 0.50967
745 0.51082
746 0.51198
747 0.51315
748 0.51432
749 0.51551
750 0.51671
751 0.51792
752 0.51913
753 0.52036
754 0.52159
755 0.52284
756 0.52409
757 0.52536
758 0.52663
759 0.52792
760 0.52921
761 0.53052
762 0.53183
763 0.53316
764 0.53449
765 0.53584
766 0.53720
767 0.53856
768 0.53994
769 0.54133
770 0.54273
771 0.54414
772 0.54556
773 0.54699
774 0.54843
775 0.54988
776 0.55135
777 0.55282
778 0.55431
779 0.55581
780 0.55732
781 0.55884
782 0.56037
783 0.56192
784 0.56347
785 0.56504
786 0.56662
787 0.56822
788 0.56982
789 0.57144
790 0.57306
791 0.57471
792 0.57636
793 0.57803
794 0.57970
795 0.58140
796 0.58310
797 0.58482
798 0.58655
799 0.58829
800 0.59005
801 0.59182
802 0.59360
803 0.59539
804 0.59720
805 0.59903
806 0.60087
807 0.60272
808 0.60458
809 0.60646
810 0.60835
811 0.61026
812 0.61218
813 0.61412
814 0.61607
815 0.61804
816 0.62002
817 0.62201
818 0.62402
819 0.62605
820 0.62809
821 0.63014
822 0.63221
823 0.63430
824 0.63640
825 0.63852
826 0.64065
827 0.64280
828 0.64496
829 0.64714
830 0.64933
831 0.65154
832 0.65376
833 0.65600
834 0.65825
835 0.66052
836 0.66281
837 0.66511
838 0.66743
839 0.66977
840 0.67212
841 0.67449
842 0.67688
843 0.67928
844 0.68170
845 0.68414
846 0.68660
847 0.68908
848 0.69157
849 0.69408
850 0.69661
851 0.69916
852 0.70172
853 0.70431
854 0.70691
855 0.70954
856 0.71218
857 0.71485
858 0.71753
859 0.72023
860 0.72295
861 0.72569
862 0.72845
863 0.73123
864 0.73403
865 0.73685
866 0.73969
867 0.74256
868 0.74544
869 0.74835
870 0.75128
871 0.75423
872 0.75720
873 0.76020
874 0.76322
875 0.76626
876 0.76933
877 0.77242
878 0.77553
879 0.77866
880 0.78181
881 0.78498
882 0.78818
883 0.79140
884 0.79464
885 0.79791
886 0.80120
887 0.80452
888 0.80786
889 0.81123
890 0.81462
891 0.81804
892 0.82149
893 0.82496
894 0.82846
895 0.83199
896 0.83554
897 0.83912
898 0.84273
899 0.84637
900 0.85003
901 0.85372
902 0.85744
903 0.86119
904 0.86497
905 0.86878
906 0.87261
907 0.87648
908 0.88037
909 0.88430
910 0.88826
911 0.89224
912 0.89541
913 0.90395
914 0.90948
915 0.91323
916 0.91533
917 0.91640
918 0.91758
919 0.91890
920 0.92038
921 0.92209
922 0.92192
923 0.92175
924 0.92377
925 0.92361
926 0.92345
927 0.92589
928 0.92572
929 0.92553
930 0.92535
931 0.92840
932 0.92823
933 0.92805
934 0.92788
935 0.92770
936 0.92752
937 0.92735
938 0.93144
939 0.93127
940 0.93111
941 0.93094
942 0.93078
943 0.93062
944 0.93045
945 0.93029
946 0.93012
947 0.92995
948 0.92979
949 0.92962
950 0.93553
951 0.93538
952 0.93524
953 0.93509
954 0.93494
955 0.93480
956 0.93465
957 0.93450
958 0.93435
959 0.93420
960 0.93406
961 0.93391
962 0.93376
963 0.93361
964 0.93346
965 0.93331
966 0.93316
967 0.93301
968 0.93286
969 0.93271
970 0.93256
971 0.93241
972 0.93226
973 0.94190
974 0.94178
975 0.94166
976 0.94154
977 0.94142
978 0.94131
979 0.94119
980 0.94107
981 0.94095
982 0.94083
983 0.94071
984 0.94059
985 0.94047
986 0.94035
987 0.94023
988 0.94011
989 0.93998
990 0.93986
991 0.93974
992 0.93962
993 0.93950
994 0.93938
995 0.93925
996 0.93913
997 0.93901
998 0.93889
999 0.93877
1000 0.93864
1001 0.93852
1002 0.93840
1003 0.93827
1004 0.93815
1005 0.93803
1006 0.93790
1007 0.93778
1008 0.93765
1009 0.93753
1010 0.93740
1011 0.93728
1012 0.93715
1013 0.93703
1014 0.93690
1015 0.93678
1016 0.93665
1017 0.93653
1018 0.93640
1019 0.93628
1020 0.93615
1021 0.93602
1022 0.93590
1023 0.93577
1024 0.93564
1025 0.93551
1026 0.95514
1027 0.95508
1028 0.95502
1029 0.95495
1030 0.95489
1031 0.95483
1032 0.95477
1033 0.95471
1034 0.95465
1035 0.95458
1036 0.95452
1037 0.95446
1038 0.95440
1039 0.95434
1040 0.95428
1041 0.95421
1042 0.95415
1043 0.95409
1044 0.95403
1045 0.95397
1046 0.95390
1047 0.95384
1048 0.95378
1049 0.95372
1050 0.95366
1051 0.95359
1052 0.95353
1053 0.95347
1054 0.95341
1055 0.95335
1056 0.95328
1057 0.95322
1058 0.95316
1059 0.95310
1060 0.95304
1061 0.95297
1062 0.95291
1063 0.95285
1064 0.95279
1065 0.95272
1066 0.95266
1067 0.95260
1068 0.95254
1069 0.95247
1070 0.95241
1071 0.95235
1072 0.95229
1073 0.95222
1074 0.95216
1075 0.95210
1076 0.95204
1077 0.95197
1078 0.95191
1079 0.95185
1080 0.95179
1081 0.95172
1082 0.95166
1083 0.95160
1084 0.95154
1085 0.95147
1086 0.95141
1087 0.95135
1088 0.95128
1089 0.95122
1090 0.95116
1091 0.95110
1092 0.95103
1093 0.95097
1094 0.95091
1095 0.95084
1096 0.95078
1097 0.95072
1098 0.95065
1099 0.95059
1100 0.95043
1101 0.95027
1102 0.95012
1103 0.94996
1104 0.94980
1105 0.94964
1106 0.94948
1107 0.94932
1108 0.94916
1109 0.94900
1110 0.94884
1111 0.94868
1112 0.94852
1113 0.94836
1114 0.94820
1115 0.94803
1116 0.94787
1117 0.94771
1118 0.94755
1119 0.94738
1120 0.94722
1121 0.94705
1122 0.94689
1123 0.94672
1124 0.94656
1125 0.94639
1126 0.94623
1127 0.94606
1128 0.94589
1129 0.94573
1130 0.94556
1131 0.94539
1132 0.94522
1133 0.94505
1134 0.94489
1135 0.94472
1136 0.94455
1137 0.94438
1138 0.94421
1139 0.94404
1140 0.94386
1141 0.94369
1142 0.94352
1143 0.94335
1144 0.94318
1145 0.94300
1146 0.94283
1147 0.94266
1148 0.94248
1149 0.94231
1150 0.94213
1151 0.94196
1152 0.94178
1153 0.94161
1154 0.94143
1155 0.94125
1156 0.94108
1157 0.94090
1158 0.94072
1159 0.94055
1160 0.94037
1161 0.94019
1162 0.94001
1163 0.93983
1164 0.93965
1165 0.93947
1166 0.93929
1167 0.93911
1168 0.93893
1169 0.93875
1170 0.93856
1171 0.93838
1172 0.93820
1173 0.93802
1174 0.93783
1175 0.93765
1176 0.93746
1177 0.93728
1178 0.93709
1179 0.93691
1180 0.93672
1181 0.93654
1182 0.93635
1183 0.93616
1184 0.93598
1185 0.93579
1186 0.93560
1187 0.93541
1188 0.93522
1189 0.93504
1190 0.93485
1191 0.93466
1192 0.93447
1193 0.93428
1194 0.93409
1195 0.93389
1196 0.93370
1197 0.93351
1198 0.93332
1199 0.93313
1200 0.93293
1201 0.93274
1202 0.93254
1203 0.93235
1204 0.93216
1205 0.93196
1206 0.93177
1207 0.93157
1208 0.93137
1209 0.93118
1210 0.93098
1211 0.93078
1212 0.93058
1213 0.93039
1214 0.93019
1215 0.92999
1216 1.00000
