17 0.80369
18 0.78826
19 0.77273
20 0.75712
21 0.74147
22 0.72580
23 0.71013
24 0.69449
25 0.67890
26 0.66338
27 0.64795
28 0.63262
29 0.61741
30 0.60234
31 0.58741
32 0.57264
33 0.55805
34 0.54363
35 0.52940
36 0.51538
37 0.50156
38 0.48795
39 0.47456
40 0.46140
41 0.44846
42 0.43576
43 0.42329
44 0.41106
45 0.39907
46 0.38732
47 0.37582
48 0.36456
49 0.35354
50 0.34277
51 0.33225
52 0.32196
53 0.31192
54 0.30212
55 0.29255
56 0.28323
57 0.27414
58 0.26528
59 0.25665
60 0.24824
61 0.24006
62 0.23210
63 0.22436
64 0.21684
65 0.20952
66 0.20241
67 0.19550
68 0.18880
69 0.18229
70 0.17597
71 0.16984
72 0.16389
73 0.15812
74 0.15253
75 0.14712
76 0.14187
77 0.13679
78 0.13186
79 0.12710
80 0.12249
81 0.11802
82 0.11370
83 0.10953
84 0.10549
85 0.10159
86 0.09781
87 0.09417
88 0.09064
89 0.08724
90 0.08396
91 0.08078
92 0.07772
93 0.07476
94 0.07191
95 0.06916
96 0.06650
97 0.06394
98 0.06148
99 0.05909
100 0.05680
101 0.05459
102 0.05246
103 0.05041
104 0.04843
105 0.04652
106 0.04469
107 0.04292
108 0.04122
109 0.03959
110 0.03801
111 0.03650
112 0.03504
113 0.03363
114 0.03229
115 0.03099
116 0.02974
117 0.02854
118 0.02739
119 0.02628
120 0.02521
121 0.02419
122 0.02320
123 0.02225
124 0.02135
125 0.02047
126 0.01963
127 0.01883
128 0.01805
129 0.01731
130 0.01660
131 0.01591
132 0.01526
133 0.01462
134 0.01402
135 0.01344
136 0.01288
137 0.01234
138 0.01183
139 0.01134
140 0.01086
141 0.01041
142 0.00998
143 0.00956
144 0.00916
145 0.00878
146 0.00841
147 0.00805
148 0.00772
149 0.00739
150 0.00708
151 0.00678
152 0.00650
153 0.00622
154 0.00596
155 0.00571
156 0.00547
157 0.00524
158 0.00502
159 0.00480
160 0.00460
161 0.00441
162 0.00422
163 0.00404
164 0.00387
165 0.00371
166 0.00355
167 0.00340
168 0.00326
169 0.00312
170 0.00298
171 0.00286
172 0.00274
173 0.00262
174 0.00251
175 0.00240
176 0.00230
177 0.00220
178 0.00211
179 0.00202
180 0.00194
181 0.00185
182 0.00177
183 0.00170
184 0.00163
185 0.00156
186 0.00149
187 0.00143
188 0.00137
189 0.00131
190 0.00126
191 0.00120
192 0.00115
193 0.00110
194 0.00106
195 0.00101
196 0.00097
197 0.00093
198 0.00089
199 0.00085
200 0.00082
201 0.00078
202 0.00075
203 0.00072
204 0.00069
205 0.00066
206 0.00063
207 0.00060
208 0.00058
209 0.00055
210 0.00053
211 0.00051
212 0.00049
213 0.00047
214 0.00045
215 0.00043
216 0.00041
217 0.00039
218 0.00038
219 0.00036
220 0.00035
221 0.00033
222 0.00032
223 0.00031
224 0.00029
225 0.00028
226 0.00027
227 0.00026
228 0.00025
229 0.00024
230 0.00023
231 0.00022
232 0.00021
233 0.00020
234 0.00019
235 0.00018
236 0.00018
237 0.00017
238 0.00016
239 0.00016
240 0.00015
241 0.00014
242 0.00014
243 0.00013
244 0.00013
245 0.00012
246 0.00012
247 0.00011
248 0.00011
249 0.00010
250 0.00010
251 0.00010
252 0.00009
253 0.00009
254 0.00008
255 0.00008
256 0.00008
257 0.00007
258 0.00007
259 0.00007
260 0.00007
261 0.00006
262 0.00006
263 0.00006
264 0.00006
265 0.00005
266 0.00005
267 0.00005
268 0.00005
269 0.00005
270 0.00004
271 0.00004
272 0.00004
273 0.00004
274 0.00004
275 0.00004
276 0.00004
277 0.00003
278 0.00003
279 0.00003
280 0.00003
281 0.00003
282 0.00003
283 0.00003
284 0.00003
285 0.00003
286 0.00002
287 0.00002
288 0.00002
289 0.00002
290 0.00002
291 0.00002
292 0.00002
293 0.00002
294 0.00002
295 0.00002
296 0.00002
297 0.00002
298 0.00002
299 0.00001
300 0.00001
301 0.00001
302 0.00001
303 0.00001
304 0.00001
305 0.00001
306 0.00001
307 0.00001
308 0.00001
309 0.00001
310 0.00001
311 0.00001
312 0.00001
313 0.00001
314 0.00001
315 0.00001
316 0.00001
317 0.00001
318 0.00001
319 0.00001
320 0.00001
321 0.00001
322 0.00001
323 0.00001
324 0.00001
325 0.00001
326 0.00001
327 0.00001
328 0.00001
329 0.00001
330 0.00000
331 0.00000
332 0.00000
333 0.00000
334 0.00000
335 0.00000
336 0.00000
337 0.00000
338 0.00000
339 0.00000
340 0.00000
341 0.00000
342 0.00000
343 0.00000
344 0.00000
345 0.00000
346 0.00000
347 0.00000
348 0.00000
349 0.00000
350 0.00000
351 0.00000
352 0.00000
353 0.00000
354 0.00000
355 0.00000
356 0.00000
357 0.00000
358 0.00000
359 0.00000
360 0.00000
361 0.00000
362 0.00000
363 0.00000
364 0.00000
365 0.00000
366 0.00000
367 0.00000
368 0.00000
369 0.00000
370 0.00000
371 0.00000
372 0.00000
373 0.00000
374 0.00000
375 0.00000
376 0.00000
377 0.00000
378 0.00000
379 0.00000
380 0.00000
381 0.00000
382 0.00000
383 0.00000
384 0.00000
385 0.00000
386 0.00000
387 0.00000
388 0.00000
389 0.00000
390 0.00000
391 0.00000
392 0.00000
393 0.00000
394 0.00000
395 0.00000
396 0.00000
397 0.00000
398 0.00000
399 0.00000
400 0.00000
401 0.00000
402 0.00000
403 0.00000
404 0.00000
405 0.00000
406 0.00000
407 0.00000
408 0.00000
409 0.00000
410 0.00000
411 0.00000
412 0.00000
413 0.00000
414 0.00000
415 0.00000
416 0.00000
417 0.00000
418 0.00000
419 0.00000
420 0.00000
421 0.00000
422 0.00000
423 0.00000
424 0.00000
425 0.00000
426 0.00000
427 0.00000
428 0.00000
429 0.00000
430 0.00000
431 0.00000
432 0.00000
433 0.00000
434 0.00000
435 0.00000
436 0.00000
437 0.00000
438 0.00000
439 0.00000
440 0.00000
441 0.00000
442 0.00000
443 0.00000
444 0.00000
445 0.00000
446 0.00000
447 0.00000
448 0.00000
449 0.00000
450 0.00000
451 0.00000
452 0.00000
453 0.00000
454 0.00000
455 0.00000
456 0.00000
457 0.00000
458 0.00000
459 0.00000
460 0.00000
461 0.00000
462 0.00000
463 0.00000
464 0.00000
465 0.00000
466 0.00000
467 0.00000
468 0.00000
469 0.00000
470 0.00000
471 0.00000
472 0.00000
473 0.00000
474 0.00000
475 0.00000
476 0.00000
477 0.00000
478 0.00000
479 0.00000
480 0.00000
481 0.00000
482 0.00000
483 0.00000
484 0.00000
485 0.00000
486 0.00000
487 0.00000
488 0.00000
489 0.00000
490 0.00000
491 0.00000
492 0.00000
493 0.00000
494 0.00000
495 0.00000
496 0.00000
497 0.00000
498 0.00000
499 0.00000
500 0.00000
501 0.00000
502 0.00000
503 0.00000
504 0.00000
505 0.00000
506 0.00000
507 0.00000
508 0.00000
509 0.00000
510 0.00000
511 0.00000
512 0.00000
513 0.00000
514 0.00000
515 0.00000
516 0.00000
517 0.00000
518 0.00000
519 0.00000
520 0.00000
521 0.00000
522 0.00000
523 0.00000
524 0.00000
525 0.00000
526 0.00000
527 0.00000
528 0.00000
529 0.00000
530 0.00000
531 0.00000
532 0.00000
533 0.00000
534 0.00000
535 0.00000
536 0.00000
537 0.00000
538 0.00000
539 0.00000
540 0.00000
541 0.00000
542 0.00000
543 0.00000
544 0.00000
545 0.00000
546 0.00000
547 0.00000
548 0.00000
549 0.00000
550 0.00000
551 0.00000
552 0.00000
553 0.00000
554 0.00000
555 0.00000
556 0.00000
557 0.00000
558 0.00000
559 0.00000
560 0.00000
561 0.00000
562 0.00000
563 0.00000
564 0.00000
565 0.00000
566 0.00000
567 0.00000
568 0.00000
569 0.00000
570 0.00000
571 0.00000
572 0.00000
573 0.00000
574 0.00000
575 0.00000
576 0.00000
577 0.00000
578 0.00000
579 0.00000
580 0.00000
581 0.00000
582 0.00000
583 0.00000
584 0.00000
585 0.00000
586 0.00000
587 0.00000
588 0.00000
589 0.00000
590 0.00000
591 0.00000
592 0.00000
593 0.00000
594 0.00000
595 0.00000
596 0.00000
597 0.00000
598 0.00000
599 0.00000
600 0.00000
601 0.00000
602 0.00000
603 0.00000
604 0.00000
605 0.00000
606 0.00000
607 0.00000
608 0.00000
609 0.00000
610 0.00000
611 0.00000
612 0.00000
613 0.00000
614 0.00000
615 0.00000
616 0.00000
617 0.00000
618 0.00000
619 0.00000
620 0.00000
621 0.00000
622 0.00000
623 0.00000
624 0.00000
625 0.00000
626 0.00000
627 0.00000
628 0.00000
629 0.00000
630 0.00000
631 0.00000
632 0.00000
633 0.00000
634 0.00000
635 0.00000
636 0.00000
637 0.00000
638 0.00000
639 0.00000
640 0.00000
641 0.00000
642 0.00000
643 0.00000
644 0.00000
645 0.00000
646 0.00000
647 0.00000
648 0.00000
649 0.00000
650 0.00000
651 0.00000
652 0.00000
653 0.00000
654 0.00000
655 0.00000
656 0.00000
657 0.00000
658 0.00000
659 0.00000
660 0.00000
661 0.00000
662 0.00000
663 0.00000
664 0.00000
665 0.00000
666 0.00000
667 0.00000
668 0.00000
669 0.00000
670 0.00000
671 0.00000
672 0.00000
673 0.00000
674 0.00000
675 0.00000
676 0.00000
677 0.00000
678 0.00000
679 0.00000
680 0.00000
681 0.00000
682 0.00000
683 0.00000
684 0.00000
685 0.00000
686 0.00000
687 0.00000
688 0.00000
689 0.00000
690 0.00000
691 0.00000
692 0.00000
693 0.00000
694 0.00000
695 0.00000
696 0.00000
697 0.00000
698 0.00000
699 0.00000
700 0.00000
701 0.00000
702 0.00000
703 0.00000
704 0.00000
705 0.00000
706 0.00000
707 0.00000
708 0.00000
709 0.00000
710 0.00000
711 0.00000
712 0.00000
713 0.00000
714 0.00000
715 0.00000
716 0.00000
717 0.00000
718 0.00000
719 0.00000
720 0.00000
721 0.00000
722 0.00000
723 0.00000
724 0.00000
725 0.00000
726 0.00000
727 0.00000
728 0.00000
729 0.00000
730 0.00000
731 0.00000
732 0.00000
733 0.00000
734 0.00000
735 0.00000
736 0.00000
737 0.00000
738 0.00000
739 0.00000
740 0.00000
741 0.00000
742 0.00000
743 0.00000
744 0.00000
745 0.00000
746 0.00000
747 0.00000
748 0.00000
749 0.00000
750 0.00000
751 0.00000
752 0.00000
753 0.00001
754 0.00001
755 0.00001
756 0.00001
757 0.00001
758 0.00001
759 0.00001
760 0.00001
761 0.00001
762 0.00001
763 0.00001
764 0.00001
765 0.00001
766 0.00001
767 0.00001
768 0.00001
769 0.00001
770 0.00001
771 0.00001
772 0.00001
773 0.00001
774 0.00001
775 0.00001
776 0.00001
777 0.00002
778 0.00002
779 0.00002
780 0.00002
781 0.00002
782 0.00002
783 0.00002
784 0.00002
785 0.00002
786 0.00002
787 0.00002
788 0.00003
789 0.00003
790 0.00003
791 0.00003
792 0.00003
793 0.00003
794 0.00003
795 0.00004
796 0.00004
797 0.00004
798 0.00004
799 0.00004
800 0.00005
801 0.00005
802 0.00005
803 0.00006
804 0.00006
805 0.00006
806 0.00006
807 0.00007
808 0.00007
809 0.00008
810 0.00008
811 0.00008
812 0.00009
813 0.00009
814 0.00010
815 0.00011
816 0.00011
817 0.00012
818 0.00013
819 0.00013
820 0.00014
821 0.00015
822 0.00016
823 0.00017
824 0.00018
825 0.00019
826 0.00020
827 0.00021
828 0.00022
829 0.00023
830 0.00025
831 0.00026
832 0.00028
833 0.00030
834 0.00031
835 0.00033
836 0.00035
837 0.00037
838 0.00040
839 0.00042
840 0.00045
841 0.00048
842 0.00051
843 0.00054
844 0.00057
845 0.00061
846 0.00064
847 0.00068
848 0.00073
849 0.00077
850 0.00082
851 0.00088
852 0.00093
853 0.00099
854 0.00106
855 0.00112
856 0.00120
857 0.00128
858 0.00136
859 0.00145
860 0.00154
861 0.00164
862 0.00175
863 0.00187
864 0.00199
865 0.00212
866 0.00227
867 0.00242
868 0.00258
869 0.00275
870 0.00294
871 0.00314
872 0.00335
873 0.00358
874 0.00382
875 0.00408
876 0.00436
877 0.00466
878 0.00498
879 0.00532
880 0.00569
881 0.00608
882 0.00650
883 0.00696
884 0.00744
885 0.00796
886 0.00852
887 0.00912
888 0.00976
889 0.01045
890 0.01119
891 0.01198
892 0.01283
893 0.01375
894 0.01473
895 0.01578
896 0.01692
897 0.01813
898 0.01944
899 0.02084
900 0.02235
901 0.02397
902 0.02571
903 0.02758
904 0.02959
905 0.03176
906 0.03408
907 0.03658
908 0.03928
909 0.04217
910 0.04529
911 0.04864
912 0.05131
913 0.05392
914 0.05709
915 0.06038
916 0.06258
917 0.06358
918 0.06498
919 0.06689
920 0.06953
921 0.07318
922 0.07204
923 0.07090
924 0.07597
925 0.07481
926 0.07365
927 0.08092
928 0.07973
929 0.07854
930 0.07736
931 0.08822
932 0.08698
933 0.08574
934 0.08452
935 0.08330
936 0.08209
937 0.08089
938 0.09798
939 0.09669
940 0.09540
941 0.09413
942 0.09286
943 0.09160
944 0.09034
945 0.08910
946 0.08786
947 0.08663
948 0.08541
949 0.08420
950 0.11349
951 0.11214
952 0.11079
953 0.10945
954 0.10811
955 0.10679
956 0.10547
957 0.10415
958 0.10285
959 0.10155
960 0.10026
961 0.09898
962 0.09770
963 0.09643
964 0.09517
965 0.09392
966 0.09268
967 0.09144
968 0.09022
969 0.08900
970 0.08779
971 0.08659
972 0.08539
973 0.14336
974 0.14194
975 0.14052
976 0.13912
977 0.13772
978 0.13632
979 0.13493
980 0.13354
981 0.13216
982 0.13079
983 0.12942
984 0.12806
985 0.12670
986 0.12535
987 0.12401
988 0.12267
989 0.12134
990 0.12001
991 0.11869
992 0.11738
993 0.11608
994 0.11478
995 0.11348
996 0.11220
997 0.11092
998 0.10965
999 0.10838
1000 0.10712
1001 0.10587
1002 0.10463
1003 0.10339
1004 0.10216
1005 0.10094
1006 0.09972
1007 0.09852
1008 0.09732
1009 0.09612
1010 0.09494
1011 0.09376
1012 0.09259
1013 0.09142
1014 0.09027
1015 0.08912
1016 0.08798
1017 0.08684
1018 0.08572
1019 0.08460
1020 0.08349
1021 0.08239
1022 0.08129
1023 0.08020
1024 0.07913
1025 0.07805
1026 0.23436
1027 0.23304
1028 0.23173
1029 0.23041
1030 0.22909
1031 0.22777
1032 0.22645
1033 0.22513
1034 0.22381
1035 0.22249
1036 0.22117
1037 0.21985
1038 0.21853
1039 0.21721
1040 0.21588
1041 0.21456
1042 0.21323
1043 0.21191
1044 0.21058
1045 0.20925
1046 0.20792
1047 0.20659
1048 0.20526
1049 0.20392
1050 0.20259
1051 0.20125
1052 0.19991
1053 0.19858
1054 0.19723
1055 0.19589
1056 0.19455
1057 0.19320
1058 0.19186
1059 0.19051
1060 0.18916
1061 0.18780
1062 0.18645
1063 0.18509
1064 0.18374
1065 0.18238
1066 0.18102
1067 0.17965
1068 0.17829
1069 0.17692
1070 0.17555
1071 0.17418
1072 0.17281
1073 0.17144
1074 0.17006
1075 0.16869
1076 0.16731
1077 0.16593
1078 0.16455
1079 0.16316
1080 0.16178
1081 0.16039
1082 0.15901
1083 0.15762
1084 0.15623
1085 0.15484
1086 0.15345
1087 0.15205
1088 0.15066
1089 0.14927
1090 0.14787
1091 0.14648
1092 0.14508
1093 0.14369
1094 0.14229
1095 0.14090
1096 0.13950
1097 0.13811
1098 0.13671
1099 0.13532
1100 0.13393
1101 0.13253
1102 0.13114
1103 0.12975
1104 0.12837
1105 0.12698
1106 0.12560
1107 0.12421
1108 0.12283
1109 0.12145
1110 0.12008
1111 0.11871
1112 0.11734
1113 0.11597
1114 0.11461
1115 0.11325
1116 0.11189
1117 0.11054
1118 0.10919
1119 0.10785
1120 0.10651
1121 0.10517
1122 0.10384
1123 0.10252
1124 0.10120
1125 0.09989
1126 0.09858
1127 0.09728
1128 0.09598
1129 0.09469
1130 0.09341
1131 0.09213
1132 0.09086
1133 0.08960
1134 0.08834
1135 0.08709
1136 0.08585
1137 0.08462
1138 0.08339
1139 0.08217
1140 0.08096
1141 0.07976
1142 0.07857
1143 0.07738
1144 0.07621
1145 0.07504
1146 0.07388
1147 0.07273
1148 0.07159
1149 0.07046
1150 0.06934
1151 0.06823
1152 0.06712
1153 0.06603
1154 0.06495
1155 0.06388
1156 0.06281
1157 0.06176
1158 0.06072
1159 0.05968
1160 0.05866
1161 0.05765
1162 0.05665
1163 0.05566
1164 0.05468
1165 0.05371
1166 0.05275
1167 0.05180
1168 0.05086
1169 0.04993
1170 0.04902
1171 0.04811
1172 0.04722
1173 0.04633
1174 0.04546
1175 0.04460
1176 0.04374
1177 0.04290
1178 0.04207
1179 0.04125
1180 0.04044
1181 0.03964
1182 0.03886
1183 0.03808
1184 0.03731
1185 0.03656
1186 0.03581
1187 0.03508
1188 0.03436
1189 0.03364
1190 0.03294
1191 0.03225
1192 0.03157
1193 0.03089
1194 0.03023
1195 0.02958
1196 0.02894
1197 0.02831
1198 0.02769
1199 0.02708
1200 0.02648
1201 0.02588
1202 0.02530
1203 0.02473
1204 0.02417
1205 0.02362
1206 0.02307
1207 0.02254
1208 0.02201
1209 0.02150
1210 0.02099
1211 0.02050
1212 0.02001
1213 0.01953
1214 0.01906
1215 0.01860
1216 1.00000
