17 0.94074
18 0.93566
19 0.93047
20 0.92518
21 0.91979
22 0.91431
23 0.90875
24 0.90311
25 0.89740
26 0.89162
27 0.88577
28 0.87986
29 0.87390
30 0.86788
31 0.86181
32 0.85570
33 0.84954
34 0.84335
35 0.83712
36 0.83086
37 0.82457
38 0.81825
39 0.81191
40 0.80555
41 0.79917
42 0.79278
43 0.78637
44 0.77995
45 0.77352
46 0.76708
47 0.76064
48 0.75420
49 0.74776
50 0.74132
51 0.73488
52 0.72844
53 0.72202
54 0.71560
55 0.70919
56 0.70279
57 0.69641
58 0.69004
59 0.68369
60 0.67735
61 0.67103
62 0.66474
63 0.65846
64 0.65220
65 0.64597
66 0.63976
67 0.63358
68 0.62742
69 0.62130
70 0.61519
71 0.60912
72 0.60308
73 0.59707
74 0.59109
75 0.58514
76 0.57922
77 0.57334
78 0.56749
79 0.56167
80 0.55590
81 0.55015
82 0.54444
83 0.53877
84 0.53314
85 0.52754
86 0.52199
87 0.51647
88 0.51099
89 0.50554
90 0.50014
91 0.49478
92 0.48945
93 0.48417
94 0.47893
95 0.47373
96 0.46857
97 0.46345
98 0.45837
99 0.45333
100 0.44833
101 0.44338
102 0.43846
103 0.43359
104 0.42876
105 0.42397
106 0.41923
107 0.41452
108 0.40986
109 0.40523
110 0.40065
111 0.39612
112 0.39162
113 0.38716
114 0.38275
115 0.37838
116 0.37405
117 0.36976
118 0.36551
119 0.36130
120 0.35714
121 0.35301
122 0.34892
123 0.34488
124 0.34088
125 0.33691
126 0.33299
127 0.32910
128 0.32526
129 0.32145
130 0.31768
131 0.31396
132 0.31027
133 0.30662
134 0.30301
135 0.29943
136 0.29590
137 0.29240
138 0.28894
139 0.28551
140 0.28213
141 0.27878
142 0.27546
143 0.27219
144 0.26895
145 0.26574
146 0.26257
147 0.25943
148 0.25633
149 0.25327
150 0.25024
151 0.24724
152 0.24428
153 0.24135
154 0.23845
155 0.23559
156 0.23276
157 0.22996
158 0.22720
159 0.22446
160 0.22176
161 0.21909
162 0.21645
163 0.21384
164 0.21126
165 0.20872
166 0.20620
167 0.20371
168 0.20125
169 0.19882
170 0.19642
171 0.19405
172 0.19171
173 0.18939
174 0.18710
175 0.18484
176 0.18261
177 0.18040
178 0.17822
179 0.17607
180 0.17394
181 0.17184
182 0.16976
183 0.16771
184 0.16569
185 0.16369
186 0.16171
187 0.15976
188 0.15783
189 0.15593
190 0.15405
191 0.15219
192 0.15036
193 0.14855
194 0.14676
195 0.14499
196 0.14325
197 0.14152
198 0.13982
199 0.13814
200 0.13648
201 0.13484
202 0.13323
203 0.13163
204 0.13005
205 0.12849
206 0.12696
207 0.12544
208 0.12394
209 0.12246
210 0.12100
211 0.11955
212 0.11813
213 0.11672
214 0.11533
215 0.11396
216 0.11261
217 0.11127
218 0.10995
219 0.10865
220 0.10737
221 0.10610
222 0.10484
223 0.10361
224 0.10238
225 0.10118
226 0.09999
227 0.09881
228 0.09765
229 0.09651
230 0.09538
231 0.09426
232 0.09316
233 0.09207
234 0.09100
235 0.08994
236 0.08890
237 0.08786
238 0.08684
239 0.08584
240 0.08485
241 0.08387
242 0.08290
243 0.08194
244 0.08100
245 0.08007
246 0.07915
247 0.07825
248 0.07735
249 0.07647
250 0.07560
251 0.07474
252 0.07389
253 0.07305
254 0.07222
255 0.07140
256 0.07060
257 0.06980
258 0.06902
259 0.06824
260 0.06748
261 0.06672
262 0.06597
263 0.06524
264 0.06451
265 0.06380
266 0.06309
267 0.06239
268 0.06170
269 0.06102
270 0.06035
271 0.05968
272 0.05903
273 0.05838
274 0.05775
275 0.05712
276 0.05650
277 0.05588
278 0.05528
279 0.05468
280 0.05409
281 0.05351
282 0.05293
283 0.05237
284 0.05181
285 0.05125
286 0.05071
287 0.05017
288 0.04964
289 0.04911
290 0.04860
291 0.04809
292 0.04758
293 0.04708
294 0.04659
295 0.04611
296 0.04563
297 0.04515
298 0.04469
299 0.04423
300 0.04377
301 0.04332
302 0.04288
303 0.04244
304 0.04201
305 0.04158
306 0.04116
307 0.04075
308 0.04034
309 0.03993
310 0.03953
311 0.03914
312 0.03875
313 0.03836
314 0.03798
315 0.03761
316 0.03724
317 0.03687
318 0.03651
319 0.03616
320 0.03581
321 0.03546
322 0.03512
323 0.03478
324 0.03444
325 0.03412
326 0.03379
327 0.03347
328 0.03315
329 0.03284
330 0.03253
331 0.03222
332 0.03192
333 0.03163
334 0.03133
335 0.03104
336 0.03076
337 0.03047
338 0.03019
339 0.02992
340 0.02965
341 0.02938
342 0.02911
343 0.02885
344 0.02859
345 0.02834
346 0.02808
347 0.02784
348 0.02759
349 0.02735
350 0.02711
351 0.02687
352 0.02664
353 0.02641
354 0.02618
355 0.02596
356 0.02573
357 0.02551
358 0.02530
359 0.02508
360 0.02487
361 0.02466
362 0.02446
363 0.02426
364 0.02406
365 0.02386
366 0.02366
367 0.02347
368 0.02328
369 0.02309
370 0.02290
371 0.02272
372 0.02254
373 0.02236
374 0.02218
375 0.02201
376 0.02184
377 0.02167
378 0.02150
379 0.02133
380 0.02117
381 0.02101
382 0.02085
383 0.02069
384 0.02053
385 0.02038
386 0.02023
387 0.02008
388 0.01993
389 0.01979
390 0.01964
391 0.01950
392 0.01936
393 0.01922
394 0.01908
395 0.01895
396 0.01881
397 0.01868
398 0.01855
399 0.01842
400 0.01830
401 0.01817
402 0.01805
403 0.01792
404 0.01780
405 0.01768
406 0.01757
407 0.01745
408 0.01734
409 0.01722
410 0.01711
411 0.01700
412 0.01689
413 0.01679
414 0.01668
415 0.01657
416 0.01647
417 0.01637
418 0.01627
419 0.01617
420 0.01607
421 0.01597
422 0.01588
423 0.01579
424 0.01569
425 0.01560
426 0.01551
427 0.01542
428 0.01533
429 0.01525
430 0.01516
431 0.01507
432 0.01499
433 0.01491
434 0.01483
435 0.01475
436 0.01467
437 0.01459
438 0.01451
439 0.01444
440 0.01436
441 0.01429
442 0.01422
443 0.01414
444 0.01407
445 0.01400
446 0.01393
447 0.01387
448 0.01380
449 0.01373
450 0.01367
451 0.01360
452 0.01354
453 0.01348
454 0.01342
455 0.01336
456 0.01330
457 0.01324
458 0.01318
459 0.01312
460 0.01307
461 0.01301
462 0.01296
463 0.01291
464 0.01285
465 0.01280
466 0.01275
467 0.01270
468 0.01265
469 0.01260
470 0.01255
471 0.01251
472 0.01246
473 0.01241
474 0.01237
475 0.01232
476 0.01228
477 0.01224
478 0.01219
479 0.01215
480 0.01211
481 0.01207
482 0.01203
483 0.01199
484 0.01196
485 0.01192
486 0.01188
487 0.01184
488 0.01181
489 0.01177
490 0.01174
491 0.01171
492 0.01167
493 0.01164
494 0.01161
495 0.01158
496 0.01155
497 0.01152
498 0.01149
499 0.01146
500 0.01143
501 0.01141
502 0.01138
503 0.01135
504 0.01133
505 0.01130
506 0.01128
507 0.01126
508 0.01123
509 0.01121
510 0.01119
511 0.01117
512 0.01115
513 0.01113
514 0.01111
515 0.01109
516 0.01107
517 0.01105
518 0.01104
519 0.01102
520 0.01100
521 0.01099
522 0.01097
523 0.01096
524 0.01095
525 0.01093
526 0.01092
527 0.01091
528 0.01090
529 0.01089
530 0.01087
531 0.01086
532 0.01085
533 0.01085
534 0.01084
535 0.01083
536 0.01082
537 0.01082
538 0.01081
539 0.01080
540 0.01080
541 0.01079
542 0.01079
543 0.01079
544 0.01079
545 0.01078
546 0.01078
547 0.01078
548 0.01078
549 0.01078
550 0.01078
551 0.01078
552 0.01078
553 0.01079
554 0.01079
555 0.01079
556 0.01080
557 0.01080
558 0.01081
559 0.01081
560 0.01082
561 0.01083
562 0.01084
563 0.01084
564 0.01085
565 0.01086
566 0.01087
567 0.01088
568 0.01089
569 0.01091
570 0.01092
571 0.01093
572 0.01095
573 0.01096
574 0.01097
575 0.01099
576 0.01101
577 0.01102
578 0.01104
579 0.01106
580 0.01108
581 0.01110
582 0.01112
583 0.01114
584 0.01116
585 0.01118
586 0.01120
587 0.01123
588 0.01125
589 0.01128
590 0.01130
591 0.01133
592 0.01135
593 0.01138
594 0.01141
595 0.01144
596 0.01147
597 0.01150
598 0.01153
599 0.01156
600 0.01159
601 0.01163
602 0.01166
603 0.01170
604 0.01173
605 0.01177
606 0.01181
607 0.01184
608 0.01188
609 0.01192
610 0.01196
611 0.01200
612 0.01205
613 0.01209
614 0.01213
615 0.01218
616 0.01222
617 0.01227
618 0.01232
619 0.01237
620 0.01241
621 0.01246
622 0.01252
623 0.01257
624 0.01262
625 0.01267
626 0.01272
627 0.01278
628 0.01283
629 0.01288
630 0.01294
631 0.01300
632 0.01305
633 0.01311
634 0.01317
635 0.01323
636 0.01329
637 0.01336
638 0.01342
639 0.01349
640 0.01355
641 0.01362
642 0.01369
643 0.01376
644 0.01383
645 0.01390
646 0.01397
647 0.01405
648 0.01412
649 0.01420
650 0.01427
651 0.01435
652 0.01443
653 0.01452
654 0.01460
655 0.01468
656 0.01477
657 0.01485
658 0.01494
659 0.01503
660 0.01512
661 0.01522
662 0.01531
663 0.01541
664 0.01550
665 0.01560
666 0.01570
667 0.01580
668 0.01591
669 0.01601
670 0.01612
671 0.01623
672 0.01634
673 0.01645
674 0.01656
675 0.01668
676 0.01679
677 0.01691
678 0.01703
679 0.01715
680 0.01728
681 0.01740
682 0.01753
683 0.01766
684 0.01780
685 0.01793
686 0.01807
687 0.01821
688 0.01835
689 0.01849
690 0.01863
691 0.01878
692 0.01893
693 0.01908
694 0.01924
695 0.01940
696 0.01956
697 0.01972
698 0.01988
699 0.02005
700 0.02022
701 0.02039
702 0.02057
703 0.02074
704 0.02093
705 0.02111
706 0.02130
707 0.02149
708 0.02168
709 0.02187
710 0.02207
711 0.02227
712 0.02248
713 0.02269
714 0.02290
715 0.02311
716 0.02333
717 0.02356
718 0.02378
719 0.02401
720 0.02424
721 0.02448
722 0.02472
723 0.02497
724 0.02521
725 0.02547
726 0.02572
727 0.02599
728 0.02625
729 0.02652
730 0.02680
731 0.02707
732 0.02736
733 0.02765
734 0.02794
735 0.02824
736 0.02854
737 0.02885
738 0.02916
739 0.02948
740 0.02980
741 0.03013
742 0.03046
743 0.03080
744 0.03115
745 0.03150
746 0.03186
747 0.03222
748 0.03259
749 0.03297
750 0.03335
751 0.03374
752 0.03414
753 0.03454
754 0.03495
755 0.03537
756 0.03580
757 0.03623
758 0.03667
759 0.03711
760 0.03757
761 0.03803
762 0.03850
763 0.03898
764 0.03947
765 0.03997
766 0.04048
767 0.04099
768 0.04151
769 0.04205
770 0.04259
771 0.04314
772 0.04371
773 0.04428
774 0.04486
775 0.04546
776 0.04606
777 0.04668
778 0.04731
779 0.04795
780 0.04860
781 0.04926
782 0.04994
783 0.05062
784 0.05132
785 0.05204
786 0.05277
787 0.05351
788 0.05426
789 0.05503
790 0.05581
791 0.05661
792 0.05743
793 0.05826
794 0.05910
795 0.05996
796 0.06084
797 0.06174
798 0.06265
799 0.06358
800 0.06453
801 0.06549
802 0.06648
803 0.06748
804 0.06851
805 0.06955
806 0.07062
807 0.07170
808 0.07281
809 0.07394
810 0.07509
811 0.07627
812 0.07747
813 0.07869
814 0.07994
815 0.08121
816 0.08251
817 0.08384
818 0.08519
819 0.08657
820 0.08798
821 0.08942
822 0.09088
823 0.09238
824 0.09391
825 0.09547
826 0.09706
827 0.09869
828 0.10035
829 0.10204
830 0.10377
831 0.10554
832 0.10734
833 0.10919
834 0.11107
835 0.11299
836 0.11495
837 0.11696
838 0.11900
839 0.12110
840 0.12323
841 0.12542
842 0.12765
843 0.12993
844 0.13226
845 0.13464
846 0.13707
847 0.13956
848 0.14210
849 0.14470
850 0.14735
851 0.15006
852 0.15284
853 0.15568
854 0.15858
855 0.16154
856 0.16457
857 0.16768
858 0.17085
859 0.17409
860 0.17741
861 0.18080
862 0.18427
863 0.18782
864 0.19145
865 0.19517
866 0.19897
867 0.20286
868 0.20684
869 0.21092
870 0.21509
871 0.21935
872 0.22372
873 0.22819
874 0.23276
875 0.23745
876 0.24224
877 0.24715
878 0.25218
879 0.25733
880 0.26260
881 0.26800
882 0.27353
883 0.27919
884 0.28499
885 0.29093
886 0.29701
887 0.30325
888 0.30963
889 0.31618
890 0.32288
891 0.32975
892 0.33679
893 0.34401
894 0.35140
895 0.35898
896 0.36675
897 0.37472
898 0.38288
899 0.39125
900 0.39984
901 0.40864
902 0.41766
903 0.42692
904 0.43641
905 0.44614
906 0.45612
907 0.46636
908 0.47687
909 0.48764
910 0.49870
911 0.51004
912 0.51907
913 0.54332
914 0.56027
915 0.57249
916 0.57952
917 0.58301
918 0.58702
919 0.59168
920 0.59719
921 0.60383
922 0.60265
923 0.60146
924 0.60967
925 0.60850
926 0.60733
927 0.61777
928 0.61662
929 0.61547
930 0.61432
931 0.62814
932 0.62702
933 0.62589
934 0.62477
935 0.62364
936 0.62251
937 0.62138
938 0.64070
939 0.63961
940 0.63851
941 0.63742
942 0.63633
943 0.63523
944 0.63413
945 0.63303
946 0.63194
947 0.63084
948 0.62973
949 0.62863
950 0.65782
951 0.65678
952 0.65574
953 0.65469
954 0.65365
955 0.65260
956 0.65155
957 0.65050
958 0.64945
959 0.64840
960 0.64735
961 0.64630
962 0.64524
963 0.64419
964 0.64313
965 0.64207
966 0.64101
967 0.63995
968 0.63889
969 0.63783
970 0.63676
971 0.63570
972 0.63463
973 0.68449
974 0.68353
975 0.68257
976 0.68161
977 0.68064
978 0.67968
979 0.67871
980 0.67775
981 0.67678
982 0.67581
983 0.67484
984 0.67387
985 0.67290
986 0.67192
987 0.67095
988 0.66997
989 0.66900
990 0.66802
991 0.66704
992 0.66606
993 0.66508
994 0.66409
995 0.66311
996 0.66212
997 0.66114
998 0.66015
999 0.65916
1000 0.65817
1001 0.65718
1002 0.65619
1003 0.65520
1004 0.65421
1005 0.65321
1006 0.65222
1007 0.65122
1008 0.65022
1009 0.64922
1010 0.64822
1011 0.64722
1012 0.64622
1013 0.64522
1014 0.64421
1015 0.64321
1016 0.64220
1017 0.64119
1018 0.64019
1019 0.63918
1020 0.63817
1021 0.63716
1022 0.63614
1023 0.63513
1024 0.63412
1025 0.63310
1026 0.73980
1027 0.73902
1028 0.73823
1029 0.73745
1030 0.73666
1031 0.73588
1032 0.73509
1033 0.73430
1034 0.73351
1035 0.73271
1036 0.73192
1037 0.73113
1038 0.73033
1039 0.72954
1040 0.72874
1041 0.72794
1042 0.72714
1043 0.72634
1044 0.72554
1045 0.72473
1046 0.72393
1047 0.72312
1048 0.72232
1049 0.72151
1050 0.72070
1051 0.71989
1052 0.71908
1053 0.71827
1054 0.71746
1055 0.71664
1056 0.71583
1057 0.71501
1058 0.71419
1059 0.71337
1060 0.71255
1061 0.71173
1062 0.71091
1063 0.71009
1064 0.70927
1065 0.70844
1066 0.70762
1067 0.70679
1068 0.70596
1069 0.70513
1070 0.70430
1071 0.70347
1072 0.70264
1073 0.70181
1074 0.70097
1075 0.70014
1076 0.69930
1077 0.69846
1078 0.69762
1079 0.69678
1080 0.69594
1081 0.69510
1082 0.69426
1083 0.69342
1084 0.69257
1085 0.69173
1086 0.69088
1087 0.69003
1088 0.68919
1089 0.68834
1090 0.68749
1091 0.68663
1092 0.68578
1093 0.68493
1094 0.68408
1095 0.68322
1096 0.68236
1097 0.68151
1098 0.68065
1099 0.67979
1100 0.67893
1101 0.67807
1102 0.67721
1103 0.67635
1104 0.67548
1105 0.67462
1106 0.67375
1107 0.67289
1108 0.67202
1109 0.67115
1110 0.67028
1111 0.66941
1112 0.66854
1113 0.66767
1114 0.66679
1115 0.66592
1116 0.66505
1117 0.66417
1118 0.66329
1119 0.66242
1120 0.66154
1121 0.66066
1122 0.65978
1123 0.65890
1124 0.65802
1125 0.65714
1126 0.65625
1127 0.65537
1128 0.65448
1129 0.65360
1130 0.65271
1131 0.65182
1132 0.65094
1133 0.65005
1134 0.64916
1135 0.64827
1136 0.64737
1137 0.64648
1138 0.64559
1139 0.64469
1140 0.64380
1141 0.64290
1142 0.64201
1143 0.64111
1144 0.64021
1145 0.63931
1146 0.63841
1147 0.63751
1148 0.63661
1149 0.63571
1150 0.63481
1151 0.63390
1152 0.63300
1153 0.63210
1154 0.63119
1155 0.63028
1156 0.62938
1157 0.62847
1158 0.62756
1159 0.62665
1160 0.62574
1161 0.62483
1162 0.62392
1163 0.62301
1164 0.62209
1165 0.62118
1166 0.62027
1167 0.61935
1168 0.61843
1169 0.61752
1170 0.61660
1171 0.61568
1172 0.61477
1173 0.61385
1174 0.61293
1175 0.61201
1176 0.61108
1177 0.61016
1178 0.60924
1179 0.60832
1180 0.60739
1181 0.60647
1182 0.60555
1183 0.60462
1184 0.60369
1185 0.60277
1186 0.60184
1187 0.60091
1188 0.59998
1189 0.59905
1190 0.59812
1191 0.59719
1192 0.59626
1193 0.59533
1194 0.59440
1195 0.59347
1196 0.59253
1197 0.59160
1198 0.59067
1199 0.58973
1200 0.58880
1201 0.58786
1202 0.58692
1203 0.58599
1204 0.58505
1205 0.58411
1206 0.58317
1207 0.58223
1208 0.58129
1209 0.58035
1210 0.57941
1211 0.57847
1212 0.57753
1213 0.57659
1214 0.57565
1215 0.57470
1216 1.00000
