17 0.98025
18 0.97851
19 0.97674
20 0.97492
21 0.97307
22 0.97117
23 0.96924
24 0.96727
25 0.96527
26 0.96324
27 0.96117
28 0.95907
29 0.95695
30 0.95479
31 0.95261
32 0.95040
33 0.94816
34 0.94590
35 0.94361
36 0.94131
37 0.93897
38 0.93662
39 0.93425
40 0.93185
41 0.92944
42 0.92700
43 0.92455
44 0.92208
45 0.91960
46 0.91709
47 0.91457
48 0.91204
49 0.90949
50 0.90693
51 0.90435
52 0.90176
53 0.89916
54 0.89654
55 0.89392
56 0.89128
57 0.88863
58 0.88597
59 0.88330
60 0.88062
61 0.87793
62 0.87524
63 0.87253
64 0.86982
65 0.86710
66 0.86437
67 0.86164
68 0.85890
69 0.85615
70 0.85340
71 0.85064
72 0.84788
73 0.84512
74 0.84235
75 0.83957
76 0.83679
77 0.83401
78 0.83123
79 0.82844
80 0.82565
81 0.82286
82 0.82006
83 0.81727
84 0.81447
85 0.81167
86 0.80887
87 0.80607
88 0.80327
89 0.80047
90 0.79767
91 0.79487
92 0.79208
93 0.78928
94 0.78648
95 0.78368
96 0.78089
97 0.77809
98 0.77530
99 0.77251
100 0.76973
101 0.76694
102 0.76416
103 0.76138
104 0.75860
105 0.75583
106 0.75306
107 0.75029
108 0.74753
109 0.74477
110 0.74201
111 0.73926
112 0.73651
113 0.73377
114 0.73103
115 0.72830
116 0.72557
117 0.72285
118 0.72013
119 0.71741
120 0.71470
121 0.71200
122 0.70930
123 0.70661
124 0.70392
125 0.70124
126 0.69857
127 0.69590
128 0.69324
129 0.69058
130 0.68793
131 0.68529
132 0.68265
133 0.68002
134 0.67740
135 0.67479
136 0.67218
137 0.66957
138 0.66698
139 0.66439
140 0.66181
141 0.65924
142 0.65667
143 0.65412
144 0.65156
145 0.64902
146 0.64649
147 0.64396
148 0.64144
149 0.63893
150 0.63642
151 0.63393
152 0.63144
153 0.62896
154 0.62649
155 0.62403
156 0.62157
157 0.61913
158 0.61669
159 0.61426
160 0.61184
161 0.60942
162 0.60702
163 0.60462
164 0.60224
165 0.59986
166 0.59749
167 0.59513
168 0.59277
169 0.59043
170 0.58810
171 0.58577
172 0.58345
173 0.58114
174 0.57885
175 0.57655
176 0.57427
177 0.57200
178 0.56974
179 0.56748
180 0.56524
181 0.56300
182 0.56077
183 0.55856
184 0.55635
185 0.55415
186 0.55196
187 0.54977
188 0.54760
189 0.54544
190 0.54328
191 0.54114
192 0.53900
193 0.53688
194 0.53476
195 0.53265
196 0.53055
197 0.52846
198 0.52638
199 0.52431
200 0.52225
201 0.52019
202 0.51815
203 0.51612
204 0.51409
205 0.51207
206 0.51007
207 0.50807
208 0.50608
209 0.50410
210 0.50213
211 0.50017
212 0.49822
213 0.49627
214 0.49434
215 0.49241
216 0.49050
217 0.48859
218 0.48670
219 0.48481
220 0.48293
221 0.48106
222 0.47920
223 0.47734
224 0.47550
225 0.47367
226 0.47184
227 0.47003
228 0.46822
229 0.46642
230 0.46463
231 0.46285
232 0.46108
233 0.45932
234 0.45756
235 0.45582
236 0.45408
237 0.45236
238 0.45064
239 0.44893
240 0.44723
241 0.44553
242 0.44385
243 0.44218
244 0.44051
245 0.43885
246 0.43720
247 0.43556
248 0.43393
249 0.43231
250 0.43069
251 0.42909
252 0.42749
253 0.42590
254 0.42432
255 0.42275
256 0.42119
257 0.41963
258 0.41808
259 0.41655
260 0.41502
261 0.41349
262 0.41198
263 0.41047
264 0.40898
265 0.40749
266 0.40601
267 0.40454
268 0.40307
269 0.40161
270 0.40017
271 0.39873
272 0.39729
273 0.39587
274 0.39445
275 0.39304
276 0.39164
277 0.39025
278 0.38887
279 0.38749
280 0.38612
281 0.38476
282 0.38341
283 0.38206
284 0.38072
285 0.37939
286 0.37807
287 0.37675
288 0.37545
289 0.37415
290 0.37285
291 0.37157
292 0.37029
293 0.36902
294 0.36776
295 0.36650
296 0.36526
297 0.36402
298 0.36278
299 0.36156
300 0.36034
301 0.35913
302 0.35792
303 0.35673
304 0.35554
305 0.35436
306 0.35318
307 0.35201
308 0.35085
309 0.34970
310 0.34855
311 0.34741
312 0.34628
313 0.34515
314 0.34403
315 0.34292
316 0.34182
317 0.34072
318 0.33963
319 0.33854
320 0.33746
321 0.33639
322 0.33533
323 0.33427
324 0.33322
325 0.33217
326 0.33113
327 0.33010
328 0.32908
329 0.32806
330 0.32705
331 0.32604
332 0.32504
333 0.32405
334 0.32306
335 0.32208
336 0.32111
337 0.32014
338 0.31918
339 0.31823
340 0.31728
341 0.31634
342 0.31540
343 0.31447
344 0.31355
345 0.31263
346 0.31172
347 0.31081
348 0.30991
349 0.30902
350 0.30813
351 0.30725
352 0.30638
353 0.30551
354 0.30464
355 0.30379
356 0.30293
357 0.30209
358 0.30125
359 0.30041
360 0.29959
361 0.29876
362 0.29795
363 0.29713
364 0.29633
365 0.29553
366 0.29473
367 0.29395
368 0.29316
369 0.29239
370 0.29161
371 0.29085
372 0.29009
373 0.28933
374 0.28858
375 0.28784
376 0.28710
377 0.28637
378 0.28564
379 0.28492
380 0.28420
381 0.28349
382 0.28278
383 0.28208
384 0.28138
385 0.28069
386 0.28001
387 0.27933
388 0.27865
389 0.27798
390 0.27732
391 0.27666
392 0.27600
393 0.27535
394 0.27471
395 0.27407
396 0.27343
397 0.27280
398 0.27218
399 0.27156
400 0.27095
401 0.27034
402 0.26973
403 0.26913
404 0.26854
405 0.26795
406 0.26737
407 0.26679
408 0.26621
409 0.26564
410 0.26508
411 0.26451
412 0.26396
413 0.26341
414 0.26286
415 0.26232
416 0.26178
417 0.26125
418 0.26072
419 0.26020
420 0.25968
421 0.25917
422 0.25866
423 0.25816
424 0.25766
425 0.25716
426 0.25667
427 0.25619
428 0.25571
429 0.25523
430 0.25476
431 0.25429
432 0.25383
433 0.25337
434 0.25291
435 0.25246
436 0.25202
437 0.25158
438 0.25114
439 0.25071
440 0.25028
441 0.24986
442 0.24944
443 0.24902
444 0.24861
445 0.24821
446 0.24781
447 0.24741
448 0.24702
449 0.24663
450 0.24624
451 0.24586
452 0.24549
453 0.24512
454 0.24475
455 0.24438
456 0.24403
457 0.24367
458 0.24332
459 0.24297
460 0.24263
461 0.24229
462 0.24196
463 0.24163
464 0.24131
465 0.24099
466 0.24067
467 0.24036
468 0.24005
469 0.23974
470 0.23944
471 0.23914
472 0.23885
473 0.23856
474 0.23828
475 0.23800
476 0.23772
477 0.23745
478 0.23718
479 0.23692
480 0.23666
481 0.23640
482 0.23615
483 0.23590
484 0.23566
485 0.23542
486 0.23519
487 0.23495
488 0.23473
489 0.23450
490 0.23428
491 0.23407
492 0.23386
493 0.23365
494 0.23344
495 0.23324
496 0.23305
497 0.23286
498 0.23267
499 0.23248
500 0.23230
501 0.23213
502 0.23196
503 0.23179
504 0.23162
505 0.23146
506 0.23131
507 0.23116
508 0.23101
509 0.23086
510 0.23072
511 0.23059
512 0.23045
513 0.23033
514 0.23020
515 0.23008
516 0.22996
517 0.22985
518 0.22974
519 0.22964
520 0.22954
521 0.22944
522 0.22935
523 0.22926
524 0.22917
525 0.22909
526 0.22901
527 0.22894
528 0.22887
529 0.22880
530 0.22874
531 0.22869
532 0.22863
533 0.22858
534 0.22854
535 0.22850
536 0.22846
537 0.22842
538 0.22839
539 0.22837
540 0.22835
541 0.22833
542 0.22832
543 0.22831
544 0.22830
545 0.22830
546 0.22830
547 0.22831
548 0.22832
549 0.22833
550 0.22835
551 0.22838
552 0.22840
553 0.22843
554 0.22847
555 0.22851
556 0.22855
557 0.22860
558 0.22865
559 0.22871
560 0.22876
561 0.22883
562 0.22890
563 0.22897
564 0.22905
565 0.22913
566 0.22921
567 0.22930
568 0.22939
569 0.22949
570 0.22959
571 0.22970
572 0.22981
573 0.22992
574 0.23004
575 0.23016
576 0.23029
577 0.23042
578 0.23056
579 0.23070
580 0.23084
581 0.23099
582 0.23115
583 0.23130
584 0.23146
585 0.23163
586 0.23180
587 0.23198
588 0.23216
589 0.23234
590 0.23253
591 0.23272
592 0.23292
593 0.23313
594 0.23333
595 0.23354
596 0.23376
597 0.23398
598 0.23421
599 0.23444
600 0.23467
601 0.23491
602 0.23516
603 0.23541
604 0.23566
605 0.23592
606 0.23618
607 0.23645
608 0.23672
609 0.23700
610 0.23728
611 0.23757
612 0.23786
613 0.23816
614 0.23846
615 0.23877
616 0.23909
617 0.23940
618 0.23973
619 0.24005
620 0.24039
621 0.24072
622 0.24107
623 0.24142
624 0.24177
625 0.24213
626 0.24249
627 0.24286
628 0.24324
629 0.24362
630 0.24400
631 0.24440
632 0.24479
633 0.24519
634 0.24560
635 0.24601
636 0.24643
637 0.24686
638 0.24729
639 0.24772
640 0.24816
641 0.24861
642 0.24906
643 0.24952
644 0.24999
645 0.25046
646 0.25093
647 0.25142
648 0.25190
649 0.25240
650 0.25290
651 0.25340
652 0.25392
653 0.25444
654 0.25496
655 0.25549
656 0.25603
657 0.25657
658 0.25712
659 0.25768
660 0.25824
661 0.25881
662 0.25939
663 0.25997
664 0.26056
665 0.26115
666 0.26176
667 0.26237
668 0.26298
669 0.26361
670 0.26424
671 0.26487
672 0.26552
673 0.26617
674 0.26682
675 0.26749
676 0.26816
677 0.26884
678 0.26953
679 0.27022
680 0.27092
681 0.27163
682 0.27235
683 0.27307
684 0.27381
685 0.27455
686 0.27529
687 0.27605
688 0.27681
689 0.27758
690 0.27836
691 0.27914
692 0.27993
693 0.28073
694 0.28154
695 0.28235
696 0.28317
697 0.28400
698 0.28484
699 0.28568
700 0.28654
701 0.28740
702 0.28827
703 0.28915
704 0.29003
705 0.29093
706 0.29183
707 0.29275
708 0.29367
709 0.29460
710 0.29554
711 0.29648
712 0.29744
713 0.29841
714 0.29938
715 0.30037
716 0.30136
717 0.30237
718 0.30338
719 0.30440
720 0.30543
721 0.30647
722 0.30752
723 0.30858
724 0.30965
725 0.31074
726 0.31183
727 0.31293
728 0.31405
729 0.31517
730 0.31631
731 0.31745
732 0.31861
733 0.31978
734 0.32095
735 0.32213
736 0.32333
737 0.32454
738 0.32575
739 0.32698
740 0.32823
741 0.32948
742 0.33075
743 0.33202
744 0.33331
745 0.33462
746 0.33593
747 0.33726
748 0.33860
749 0.33995
750 0.34132
751 0.34269
752 0.34409
753 0.34549
754 0.34691
755 0.34834
756 0.34978
757 0.35124
758 0.35271
759 0.35420
760 0.35570
761 0.35722
762 0.35874
763 0.36029
764 0.36185
765 0.36342
766 0.36501
767 0.36661
768 0.36823
769 0.36986
770 0.37151
771 0.37317
772 0.37485
773 0.37654
774 0.37824
775 0.37995
776 0.38168
777 0.38343
778 0.38519
779 0.38697
780 0.38877
781 0.39058
782 0.39241
783 0.39426
784 0.39612
785 0.39800
786 0.39990
787 0.40182
788 0.40376
789 0.40571
790 0.40769
791 0.40968
792 0.41169
793 0.41372
794 0.41577
795 0.41784
796 0.41993
797 0.42204
798 0.42416
799 0.42631
800 0.42848
801 0.43067
802 0.43288
803 0.43512
804 0.43737
805 0.43965
806 0.44194
807 0.44426
808 0.44661
809 0.44897
810 0.45136
811 0.45377
812 0.45620
813 0.45866
814 0.46114
815 0.46364
816 0.46617
817 0.46873
818 0.47130
819 0.47391
820 0.47654
821 0.47919
822 0.48187
823 0.48458
824 0.48731
825 0.49007
826 0.49285
827 0.49567
828 0.49851
829 0.50138
830 0.50427
831 0.50720
832 0.51015
833 0.51314
834 0.51615
835 0.51919
836 0.52226
837 0.52537
838 0.52850
839 0.53166
840 0.53486
841 0.53809
842 0.54135
843 0.54464
844 0.54797
845 0.55132
846 0.55472
847 0.55814
848 0.56160
849 0.56510
850 0.56863
851 0.57219
852 0.57579
853 0.57943
854 0.58311
855 0.58682
856 0.59057
857 0.59435
858 0.59818
859 0.60205
860 0.60595
861 0.60989
862 0.61388
863 0.61790
864 0.62197
865 0.62607
866 0.63022
867 0.63441
868 0.63865
869 0.64293
870 0.64725
871 0.65162
872 0.65603
873 0.66049
874 0.66499
875 0.66955
876 0.67414
877 0.67879
878 0.68349
879 0.68823
880 0.69302
881 0.69787
882 0.70276
883 0.70771
884 0.71271
885 0.71776
886 0.72286
887 0.72802
888 0.73323
889 0.73850
890 0.74382
891 0.74920
892 0.75464
893 0.76013
894 0.76569
895 0.77130
896 0.77697
897 0.78271
898 0.78850
899 0.79436
900 0.80028
901 0.80627
902 0.81232
903 0.81843
904 0.82462
905 0.83086
906 0.83718
907 0.84357
908 0.85002
909 0.85655
910 0.86314
911 0.86981
912 0.87513
913 0.87684
914 0.87877
915 0.88067
916 0.88193
917 0.88249
918 0.88323
919 0.88420
920 0.88545
921 0.88709
922 0.88668
923 0.88626
924 0.88844
925 0.88803
926 0.88762
927 0.89057
928 0.89017
929 0.88977
930 0.88936
931 0.89347
932 0.89308
933 0.89269
934 0.89230
935 0.89191
936 0.89151
937 0.89112
938 0.89710
939 0.89673
940 0.89635
941 0.89597
942 0.89560
943 0.89522
944 0.89484
945 0.89446
946 0.89408
947 0.89369
948 0.89331
949 0.89293
950 0.90224
951 0.90189
952 0.90154
953 0.90118
954 0.90083
955 0.90047
956 0.90012
957 0.89976
958 0.89940
959 0.89904
960 0.89868
961 0.89832
962 0.89796
963 0.89760
964 0.89723
965 0.89687
966 0.89650
967 0.89614
968 0.89577
969 0.89540
970 0.89503
971 0.89466
972 0.89429
973 0.91049
974 0.91017
975 0.90986
976 0.90954
977 0.90922
978 0.90890
979 0.90858
980 0.90826
981 0.90794
982 0.90761
983 0.90729
984 0.90697
985 0.90664
986 0.90632
987 0.90599
988 0.90566
989 0.90534
990 0.90501
991 0.90468
992 0.90435
993 0.90402
994 0.90369
995 0.90335
996 0.90302
997 0.90269
998 0.90235
999 0.90202
1000 0.90168
1001 0.90134
1002 0.90101
1003 0.90067
1004 0.90033
1005 0.89999
1006 0.89965
1007 0.89931
1008 0.89897
1009 0.89862
1010 0.89828
1011 0.89793
1012 0.89759
1013 0.89724
1014 0.89690
1015 0.89655
1016 0.89620
1017 0.89585
1018 0.89550
1019 0.89515
1020 0.89480
1021 0.89445
1022 0.89410
1023 0.89374
1024 0.89339
1025 0.89303
1026 0.92768
1027 0.92743
1028 0.92718
1029 0.92694
1030 0.92669
1031 0.92645
1032 0.92620
1033 0.92595
1034 0.92570
1035 0.92545
1036 0.92520
1037 0.92495
1038 0.92470
1039 0.92445
1040 0.92419
1041 0.92394
1042 0.92369
1043 0.92343
1044 0.92318
1045 0.92293
1046 0.92267
1047 0.92241
1048 0.92216
1049 0.92190
1050 0.92164
1051 0.92138
1052 0.92112
1053 0.92086
1054 0.92060
1055 0.92034
1056 0.92008
1057 0.91982
1058 0.91956
1059 0.91929
1060 0.91903
1061 0.91877
1062 0.91850
1063 0.91824
1064 0.91797
1065 0.91770
1066 0.91744
1067 0.91717
1068 0.91690
1069 0.91663
1070 0.91636
1071 0.91609
1072 0.91582
1073 0.91555
1074 0.91528
1075 0.91501
1076 0.91473
1077 0.91446
1078 0.91419
1079 0.91391
1080 0.91364
1081 0.91336
1082 0.91309
1083 0.91281
1084 0.91253
1085 0.91225
1086 0.91197
1087 0.91169
1088 0.91142
1089 0.91113
1090 0.91085
1091 0.91057
1092 0.91029
1093 0.91001
1094 0.90972
1095 0.90944
1096 0.90916
1097 0.90887
1098 0.90858
1099 0.90830
1100 0.90801
1101 0.90772
1102 0.90744
1103 0.90715
1104 0.90686
1105 0.90657
1106 0.90628
1107 0.90599
1108 0.90570
1109 0.90540
1110 0.90511
1111 0.90482
1112 0.90452
1113 0.90423
1114 0.90393
1115 0.90364
1116 0.90334
1117 0.90304
1118 0.90275
1119 0.90245
1120 0.90215
1121 0.90185
1122 0.90155
1123 0.90125
1124 0.90095
1125 0.90065
1126 0.90035
1127 0.90004
1128 0.89974
1129 0.89943
1130 0.89913
1131 0.89882
1132 0.89852
1133 0.89821
1134 0.89791
1135 0.89760
1136 0.89729
1137 0.89698
1138 0.89667
1139 0.89636
1140 0.89605
1141 0.89574
1142 0.89543
1143 0.89511
1144 0.89480
1145 0.89449
1146 0.89417
1147 0.89386
1148 0.89354
1149 0.89323
1150 0.89291
1151 0.89259
1152 0.89227
1153 0.89196
1154 0.89164
1155 0.89132
1156 0.89100
1157 0.89068
1158 0.89035
1159 0.89003
1160 0.88971
1161 0.88939
1162 0.88906
1163 0.88874
1164 0.88841
1165 0.88809
1166 0.88776
1167 0.88743
1168 0.88710
1169 0.88678
1170 0.88645
1171 0.88612
1172 0.88579
1173 0.88546
1174 0.88513
1175 0.88479
1176 0.88446
1177 0.88413
1178 0.88379
1179 0.88346
1180 0.88312
1181 0.88279
1182 0.88245
1183 0.88212
1184 0.88178
1185 0.88144
1186 0.88110
1187 0.88076
1188 0.88042
1189 0.88008
1190 0.87974
1191 0.87940
1192 0.87906
1193 0.87871
1194 0.87837
1195 0.87803
1196 0.87768
1197 0.87733
1198 0.87699
1199 0.87664
1200 0.87629
1201 0.87595
1202 0.87560
1203 0.87525
1204 0.87490
1205 0.87455
1206 0.87420
1207 0.87385
1208 0.87349
1209 0.87314
1210 0.87279
1211 0.87243
1212 0.87208
1213 0.87172
1214 0.87137
1215 0.87101
1216 1.00000
