17 0.99726
18 0.99701
19 0.99674
20 0.99646
21 0.99618
22 0.99589
23 0.99559
24 0.99528
25 0.99496
26 0.99464
27 0.99431
28 0.99397
29 0.99363
30 0.99327
31 0.99291
32 0.99255
33 0.99217
34 0.99179
35 0.99141
36 0.99102
37 0.99062
38 0.99021
39 0.98980
40 0.98938
41 0.98896
42 0.98852
43 0.98809
44 0.98765
45 0.98720
46 0.98674
47 0.98628
48 0.98582
49 0.98535
50 0.98487
51 0.98439
52 0.98390
53 0.98341
54 0.98292
55 0.98241
56 0.98191
57 0.98139
58 0.98088
59 0.98035
60 0.97983
61 0.97929
62 0.97876
63 0.97821
64 0.97767
65 0.97712
66 0.97656
67 0.97600
68 0.97544
69 0.97487
70 0.97430
71 0.97372
72 0.97314
73 0.97255
74 0.97196
75 0.97137
76 0.97077
77 0.97017
78 0.96956
79 0.96895
80 0.96834
81 0.96772
82 0.96710
83 0.96647
84 0.96584
85 0.96521
86 0.96457
87 0.96393
88 0.96329
89 0.96264
90 0.96199
91 0.96134
92 0.96068
93 0.96002
94 0.95936
95 0.95869
96 0.95802
97 0.95735
98 0.95667
99 0.95599
100 0.95531
101 0.95462
102 0.95393
103 0.95324
104 0.95255
105 0.95185
106 0.95115
107 0.95044
108 0.94974
109 0.94903
110 0.94832
111 0.94761
112 0.94689
113 0.94617
114 0.94545
115 0.94472
116 0.94400
117 0.94327
118 0.94254
119 0.94180
120 0.94107
121 0.94033
122 0.93959
123 0.93884
124 0.93810
125 0.93735
126 0.93660
127 0.93585
128 0.93510
129 0.93434
130 0.93358
131 0.93282
132 0.93206
133 0.93130
134 0.93053
135 0.92976
136 0.92899
137 0.92822
138 0.92745
139 0.92668
140 0.92590
141 0.92512
142 0.92434
143 0.92356
144 0.92278
145 0.92199
146 0.92121
147 0.92042
148 0.91963
149 0.91884
150 0.91805
151 0.91725
152 0.91646
153 0.91566
154 0.91487
155 0.91407
156 0.91327
157 0.91247
158 0.91166
159 0.91086
160 0.91005
161 0.90925
162 0.90844
163 0.90763
164 0.90682
165 0.90601
166 0.90520
167 0.90439
168 0.90358
169 0.90276
170 0.90195
171 0.90113
172 0.90032
173 0.89950
174 0.89868
175 0.89786
176 0.89704
177 0.89622
178 0.89540
179 0.89458
180 0.89375
181 0.89293
182 0.89211
183 0.89128
184 0.89046
185 0.88963
186 0.88881
187 0.88798
188 0.88715
189 0.88633
190 0.88550
191 0.88467
192 0.88384
193 0.88301
194 0.88218
195 0.88135
196 0.88052
197 0.87969
198 0.87886
199 0.87803
200 0.87720
201 0.87637
202 0.87554
203 0.87471
204 0.87387
205 0.87304
206 0.87221
207 0.87138
208 0.87055
209 0.86971
210 0.86888
211 0.86805
212 0.86722
213 0.86639
214 0.86555
215 0.86472
216 0.86389
217 0.86306
218 0.86223
219 0.86140
220 0.86057
221 0.85974
222 0.85890
223 0.85807
224 0.85724
225 0.85641
226 0.85558
227 0.85476
228 0.85393
229 0.85310
230 0.85227
231 0.85144
232 0.85061
233 0.84979
234 0.84896
235 0.84814
236 0.84731
237 0.84648
238 0.84566
239 0.84484
240 0.84401
241 0.84319
242 0.84237
243 0.84155
244 0.84072
245 0.83990
246 0.83908
247 0.83827
248 0.83745
249 0.83663
250 0.83581
251 0.83500
252 0.83418
253 0.83336
254 0.83255
255 0.83174
256 0.83092
257 0.83011
258 0.82930
259 0.82849
260 0.82768
261 0.82687
262 0.82607
263 0.82526
264 0.82445
265 0.82365
266 0.82285
267 0.82204
268 0.82124
269 0.82044
270 0.81964
271 0.81884
272 0.81804
273 0.81725
274 0.81645
275 0.81566
276 0.81486
277 0.81407
278 0.81328
279 0.81249
280 0.81170
281 0.81091
282 0.81013
283 0.80934
284 0.80856
285 0.80777
286 0.80699
287 0.80621
288 0.80543
289 0.80465
290 0.80388
291 0.80310
292 0.80233
293 0.80156
294 0.80078
295 0.80001
296 0.79924
297 0.79848
298 0.79771
299 0.79695
300 0.79618
301 0.79542
302 0.79466
303 0.79390
304 0.79314
305 0.79239
306 0.79163
307 0.79088
308 0.79013
309 0.78938
310 0.78863
311 0.78788
312 0.78714
313 0.78639
314 0.78565
315 0.78491
316 0.78417
317 0.78343
318 0.78269
319 0.78196
320 0.78123
321 0.78050
322 0.77977
323 0.77904
324 0.77831
325 0.77759
326 0.77686
327 0.77614
328 0.77542
329 0.77470
330 0.77399
331 0.77327
332 0.77256
333 0.77185
334 0.77114
335 0.77043
336 0.76973
337 0.76902
338 0.76832
339 0.76762
340 0.76692
341 0.76623
342 0.76553
343 0.76484
344 0.76415
345 0.76346
346 0.76277
347 0.76209
348 0.76140
349 0.76072
350 0.76004
351 0.75936
352 0.75869
353 0.75801
354 0.75734
355 0.75667
356 0.75600
357 0.75534
358 0.75468
359 0.75401
360 0.75335
361 0.75270
362 0.75204
363 0.75139
364 0.75073
365 0.75008
366 0.74944
367 0.74879
368 0.74815
369 0.74750
370 0.74687
371 0.74623
372 0.74559
373 0.74496
374 0.74433
375 0.74370
376 0.74307
377 0.74245
378 0.74183
379 0.74121
380 0.74059
381 0.73997
382 0.73936
383 0.73875
384 0.73814
385 0.73753
386 0.73692
387 0.73632
388 0.73572
389 0.73512
390 0.73453
391 0.73393
392 0.73334
393 0.73275
394 0.73217
395 0.73158
396 0.73100
397 0.73042
398 0.72984
399 0.72927
400 0.72869
401 0.72812
402 0.72755
403 0.72699
404 0.72642
405 0.72586
406 0.72530
407 0.72475
408 0.72419
409 0.72364
410 0.72309
411 0.72254
412 0.72200
413 0.72146
414 0.72092
415 0.72038
416 0.71984
417 0.71931
418 0.71878
419 0.71825
420 0.71773
421 0.71721
422 0.71669
423 0.71617
424 0.71565
425 0.71514
426 0.71463
427 0.71412
428 0.71362
429 0.71311
430 0.71261
431 0.71212
432 0.71162
433 0.71113
434 0.71064
435 0.71015
436 0.70967
437 0.70918
438 0.70870
439 0.70823
440 0.70775
441 0.70728
442 0.70681
443 0.70634
444 0.70588
445 0.70542
446 0.70496
447 0.70450
448 0.70405
449 0.70360
450 0.70315
451 0.70271
452 0.70226
453 0.70182
454 0.70138
455 0.70095
456 0.70052
457 0.70009
458 0.69966
459 0.69924
460 0.69882
461 0.69840
462 0.69798
463 0.69757
464 0.69716
465 0.69675
466 0.69635
467 0.69594
468 0.69555
469 0.69515
470 0.69476
471 0.69436
472 0.69398
473 0.69359
474 0.69321
475 0.69283
476 0.69245
477 0.69208
478 0.69171
479 0.69134
480 0.69097
481 0.69061
482 0.69025
483 0.68989
484 0.68954
485 0.68919
486 0.68884
487 0.68850
488 0.68815
489 0.68781
490 0.68748
491 0.68714
492 0.68681
493 0.68649
494 0.68616
495 0.68584
496 0.68552
497 0.68520
498 0.68489
499 0.68458
500 0.68428
501 0.68397
502 0.68367
503 0.68337
504 0.68308
505 0.68279
506 0.68250
507 0.68221
508 0.68193
509 0.68165
510 0.68137
511 0.68110
512 0.68083
513 0.68056
514 0.68030
515 0.68003
516 0.67978
517 0.67952
518 0.67927
519 0.67902
520 0.67877
521 0.67853
522 0.67829
523 0.67806
524 0.67782
525 0.67759
526 0.67737
527 0.67714
528 0.67692
529 0.67670
530 0.67649
531 0.67628
532 0.67607
533 0.67587
534 0.67567
535 0.67547
536 0.67527
537 0.67508
538 0.67489
539 0.67471
540 0.67453
541 0.67435
542 0.67417
543 0.67400
544 0.67383
545 0.67367
546 0.67350
547 0.67335
548 0.67319
549 0.67304
550 0.67289
551 0.67275
552 0.67260
553 0.67246
554 0.67233
555 0.67220
556 0.67207
557 0.67194
558 0.67182
559 0.67170
560 0.67159
561 0.67148
562 0.67137
563 0.67127
564 0.67117
565 0.67107
566 0.67097
567 0.67088
568 0.67080
569 0.67071
570 0.67063
571 0.67056
572 0.67049
573 0.67042
574 0.67035
575 0.67029
576 0.67023
577 0.67017
578 0.67012
579 0.67008
580 0.67003
581 0.66999
582 0.66995
583 0.66992
584 0.66989
585 0.66986
586 0.66984
587 0.66982
588 0.66981
589 0.66980
590 0.66979
591 0.66979
592 0.66979
593 0.66979
594 0.66980
595 0.66981
596 0.66982
597 0.66984
598 0.66986
599 0.66989
600 0.66992
601 0.66995
602 0.66999
603 0.67003
604 0.67008
605 0.67013
606 0.67018
607 0.67024
608 0.67030
609 0.67036
610 0.67043
611 0.67051
612 0.67058
613 0.67066
614 0.67075
615 0.67084
616 0.67093
617 0.67102
618 0.67113
619 0.67123
620 0.67134
621 0.67145
622 0.67157
623 0.67169
624 0.67181
625 0.67194
626 0.67207
627 0.67221
628 0.67235
629 0.67250
630 0.67265
631 0.67280
632 0.67296
633 0.67312
634 0.67329
635 0.67346
636 0.67363
637 0.67381
638 0.67400
639 0.67418
640 0.67437
641 0.67457
642 0.67477
643 0.67498
644 0.67518
645 0.67540
646 0.67562
647 0.67584
648 0.67606
649 0.67630
650 0.67653
651 0.67677
652 0.67702
653 0.67726
654 0.67752
655 0.67777
656 0.67804
657 0.67830
658 0.67858
659 0.67885
660 0.67913
661 0.67942
662 0.67971
663 0.68000
664 0.68030
665 0.68060
666 0.68091
667 0.68122
668 0.68154
669 0.68186
670 0.68219
671 0.68252
672 0.68286
673 0.68320
674 0.68355
675 0.68390
676 0.68426
677 0.68462
678 0.68498
679 0.68535
680 0.68573
681 0.68611
682 0.68649
683 0.68688
684 0.68728
685 0.68768
686 0.68809
687 0.68850
688 0.68891
689 0.68933
690 0.68976
691 0.69019
692 0.69062
693 0.69107
694 0.69151
695 0.69196
696 0.69242
697 0.69288
698 0.69335
699 0.69382
700 0.69430
701 0.69478
702 0.69527
703 0.69576
704 0.69626
705 0.69677
706 0.69728
707 0.69779
708 0.69831
709 0.69884
710 0.69937
711 0.69991
712 0.70045
713 0.70100
714 0.70155
715 0.70211
716 0.70268
717 0.70325
718 0.70383
719 0.70441
720 0.70500
721 0.70559
722 0.70619
723 0.70680
724 0.70741
725 0.70803
726 0.70865
727 0.70928
728 0.70991
729 0.71055
730 0.71120
731 0.71185
732 0.71251
733 0.71318
734 0.71385
735 0.71453
736 0.71521
737 0.71590
738 0.71660
739 0.71730
740 0.71801
741 0.71872
742 0.71944
743 0.72017
744 0.72090
745 0.72164
746 0.72239
747 0.72314
748 0.72390
749 0.72467
750 0.72544
751 0.72622
752 0.72701
753 0.72780
754 0.72860
755 0.72940
756 0.73021
757 0.73103
758 0.73186
759 0.73269
760 0.73353
761 0.73438
762 0.73523
763 0.73609
764 0.73696
765 0.73783
766 0.73872
767 0.73960
768 0.74050
769 0.74140
770 0.74231
771 0.74323
772 0.74415
773 0.74509
774 0.74602
775 0.74697
776 0.74792
777 0.74889
778 0.74985
779 0.75083
780 0.75181
781 0.75281
782 0.75380
783 0.75481
784 0.75583
785 0.75685
786 0.75788
787 0.75891
788 0.75996
789 0.76101
790 0.76207
791 0.76314
792 0.76422
793 0.76531
794 0.76640
795 0.76750
796 0.76861
797 0.76973
798 0.77086
799 0.77199
800 0.77313
801 0.77428
802 0.77544
803 0.77661
804 0.77779
805 0.77897
806 0.78017
807 0.78137
808 0.78258
809 0.78380
810 0.78503
811 0.78627
812 0.78751
813 0.78877
814 0.79003
815 0.79131
816 0.79259
817 0.79388
818 0.79518
819 0.79649
820 0.79781
821 0.79914
822 0.80048
823 0.80183
824 0.80318
825 0.80455
826 0.80593
827 0.80731
828 0.80871
829 0.81011
830 0.81153
831 0.81295
832 0.81439
833 0.81583
834 0.81729
835 0.81875
836 0.82023
837 0.82171
838 0.82321
839 0.82471
840 0.82623
841 0.82776
842 0.82929
843 0.83084
844 0.83240
845 0.83397
846 0.83555
847 0.83714
848 0.83874
849 0.84035
850 0.84198
851 0.84361
852 0.84526
853 0.84691
854 0.84858
855 0.85026
856 0.85195
857 0.85365
858 0.85537
859 0.85709
860 0.85883
861 0.86058
862 0.86234
863 0.86411
864 0.86589
865 0.86769
866 0.86950
867 0.87132
868 0.87315
869 0.87500
870 0.87685
871 0.87872
872 0.88061
873 0.88250
874 0.88441
875 0.88633
876 0.88826
877 0.89021
878 0.89217
879 0.89414
880 0.89613
881 0.89812
882 0.90014
883 0.90216
884 0.90420
885 0.90625
886 0.90832
887 0.91040
888 0.91249
889 0.91460
890 0.91672
891 0.91886
892 0.92101
893 0.92317
894 0.92535
895 0.92754
896 0.92975
897 0.93197
898 0.93421
899 0.93646
900 0.93873
901 0.94101
902 0.94330
903 0.94562
904 0.94794
905 0.95029
906 0.95264
907 0.95502
908 0.95741
909 0.95981
910 0.96223
911 0.96467
912 0.96662
913 0.96698
914 0.96739
915 0.96779
916 0.96806
917 0.96821
918 0.96840
919 0.96862
920 0.96891
921 0.96927
922 0.96923
923 0.96918
924 0.96965
925 0.96960
926 0.96955
927 0.97017
928 0.97013
929 0.97008
930 0.97004
931 0.97088
932 0.97084
933 0.97080
934 0.97075
935 0.97071
936 0.97066
937 0.97062
938 0.97183
939 0.97179
940 0.97175
941 0.97171
942 0.97166
943 0.97162
944 0.97158
945 0.97154
946 0.97149
947 0.97145
948 0.97141
949 0.97137
950 0.97323
951 0.97319
952 0.97315
953 0.97311
954 0.97307
955 0.97303
956 0.97299
957 0.97295
958 0.97291
959 0.97287
960 0.97283
961 0.97279
962 0.97275
963 0.97271
964 0.97267
965 0.97263
966 0.97259
967 0.97255
968 0.97251
969 0.97247
970 0.97243
971 0.97239
972 0.97235
973 0.97556
974 0.97552
975 0.97549
976 0.97545
977 0.97542
978 0.97538
979 0.97534
980 0.97531
981 0.97527
982 0.97524
983 0.97520
984 0.97517
985 0.97513
986 0.97509
987 0.97506
988 0.97502
989 0.97499
990 0.97495
991 0.97492
992 0.97488
993 0.97484
994 0.97481
995 0.97477
996 0.97474
997 0.97470
998 0.97467
999 0.97463
1000 0.97459
1001 0.97456
1002 0.97452
1003 0.97449
1004 0.97445
1005 0.97441
1006 0.97438
1007 0.97434
1008 0.97431
1009 0.97427
1010 0.97423
1011 0.97420
1012 0.97416
1013 0.97413
1014 0.97409
1015 0.97405
1016 0.97402
1017 0.97398
1018 0.97395
1019 0.97391
1020 0.97387
1021 0.97384
1022 0.97380
1023 0.97377
1024 0.97373
1025 0.97369
1026 0.98048
1027 0.98045
1028 0.98042
1029 0.98040
1030 0.98037
1031 0.98034
1032 0.98031
1033 0.98029
1034 0.98026
1035 0.98023
1036 0.98021
1037 0.98018
1038 0.98015
1039 0.98012
1040 0.98010
1041 0.98007
1042 0.98004
1043 0.98002
1044 0.97999
1045 0.97996
1046 0.97994
1047 0.97991
1048 0.97988
1049 0.97985
1050 0.97983
1051 0.97980
1052 0.97977
1053 0.97974
1054 0.97972
1055 0.97969
1056 0.97966
1057 0.97964
1058 0.97961
1059 0.97958
1060 0.97955
1061 0.97953
1062 0.97950
1063 0.97947
1064 0.97944
1065 0.97942
1066 0.97939
1067 0.97936
1068 0.97934
1069 0.97931
1070 0.97928
1071 0.97925
1072 0.97923
1073 0.97920
1074 0.97917
1075 0.97914
1076 0.97912
1077 0.97909
1078 0.97906
1079 0.97903
1080 0.97901
1081 0.97898
1082 0.97895
1083 0.97892
1084 0.97890
1085 0.97887
1086 0.97884
1087 0.97881
1088 0.97879
1089 0.97876
1090 0.97873
1091 0.97870
1092 0.97868
1093 0.97865
1094 0.97862
1095 0.97859
1096 0.97856
1097 0.97854
1098 0.97851
1099 0.97848
1100 0.97845
1101 0.97843
1102 0.97840
1103 0.97837
1104 0.97834
1105 0.97832
1106 0.97829
1107 0.97826
1108 0.97823
1109 0.97820
1110 0.97818
1111 0.97815
1112 0.97812
1113 0.97809
1114 0.97806
1115 0.97804
1116 0.97801
1117 0.97798
1118 0.97795
1119 0.97793
1120 0.97790
1121 0.97787
1122 0.97784
1123 0.97781
1124 0.97779
1125 0.97776
1126 0.97773
1127 0.97770
1128 0.97767
1129 0.97765
1130 0.97762
1131 0.97759
1132 0.97756
1133 0.97753
1134 0.97751
1135 0.97748
1136 0.97745
1137 0.97742
1138 0.97739
1139 0.97737
1140 0.97734
1141 0.97731
1142 0.97728
1143 0.97725
1144 0.97723
1145 0.97720
1146 0.97717
1147 0.97714
1148 0.97711
1149 0.97708
1150 0.97706
1151 0.97703
1152 0.97700
1153 0.97697
1154 0.97694
1155 0.97691
1156 0.97689
1157 0.97686
1158 0.97683
1159 0.97680
1160 0.97677
1161 0.97675
1162 0.97672
1163 0.97669
1164 0.97666
1165 0.97663
1166 0.97660
1167 0.97658
1168 0.97655
1169 0.97652
1170 0.97649
1171 0.97646
1172 0.97643
1173 0.97640
1174 0.97638
1175 0.97635
1176 0.97632
1177 0.97629
1178 0.97626
1179 0.97623
1180 0.97621
1181 0.97618
1182 0.97615
1183 0.97612
1184 0.97609
1185 0.97606
1186 0.97603
1187 0.97601
1188 0.97598
1189 0.97595
1190 0.97592
1191 0.97589
1192 0.97586
1193 0.97583
1194 0.97581
1195 0.97578
1196 0.97575
1197 0.97572
1198 0.97569
1199 0.97566
1200 0.97563
1201 0.97561
1202 0.97558
1203 0.97555
1204 0.97552
1205 0.97549
1206 0.97546
1207 0.97543
1208 0.97540
1209 0.97538
1210 0.97535
1211 0.97532
1212 0.97529
1213 0.97526
1214 0.97523
1215 0.97520
1216 1.00000
