17 0.84646
18 0.83404
19 0.82147
20 0.80879
21 0.79600
22 0.78314
23 0.77021
24 0.75724
25 0.74424
26 0.73123
27 0.71822
28 0.70522
29 0.69225
30 0.67932
31 0.66644
32 0.65363
33 0.64088
34 0.62822
35 0.61564
36 0.60316
37 0.59078
38 0.57852
39 0.56637
40 0.55435
41 0.54245
42 0.53069
43 0.51907
44 0.50759
45 0.49626
46 0.48508
47 0.47405
48 0.46318
49 0.45247
50 0.44192
51 0.43153
52 0.42130
53 0.41124
54 0.40135
55 0.39162
56 0.38206
57 0.37267
58 0.36345
59 0.35440
60 0.34551
61 0.33679
62 0.32824
63 0.31986
64 0.31164
65 0.30359
66 0.29570
67 0.28797
68 0.28040
69 0.27300
70 0.26575
71 0.25866
72 0.25172
73 0.24494
74 0.23831
75 0.23183
76 0.22549
77 0.21930
78 0.21326
79 0.20735
80 0.20159
81 0.19596
82 0.19047
83 0.18511
84 0.17988
85 0.17478
86 0.16981
87 0.16496
88 0.16023
89 0.15562
90 0.15113
91 0.14675
92 0.14249
93 0.13834
94 0.13429
95 0.13035
96 0.12652
97 0.12279
98 0.11915
99 0.11562
100 0.11218
101 0.10883
102 0.10558
103 0.10241
104 0.09933
105 0.09634
106 0.09343
107 0.09060
108 0.08785
109 0.08518
110 0.08258
111 0.08005
112 0.07760
113 0.07522
114 0.07291
115 0.07066
116 0.06848
117 0.06636
118 0.06431
119 0.06231
120 0.06037
121 0.05849
122 0.05666
123 0.05489
124 0.05317
125 0.05151
126 0.04989
127 0.04832
128 0.04680
129 0.04532
130 0.04389
131 0.04250
132 0.04116
133 0.03985
134 0.03858
135 0.03736
136 0.03617
137 0.03502
138 0.03390
139 0.03282
140 0.03177
141 0.03075
142 0.02977
143 0.02881
144 0.02789
145 0.02699
146 0.02612
147 0.02528
148 0.02447
149 0.02368
150 0.02292
151 0.02218
152 0.02146
153 0.02077
154 0.02010
155 0.01945
156 0.01882
157 0.01821
158 0.01762
159 0.01705
160 0.01650
161 0.01596
162 0.01544
163 0.01494
164 0.01446
165 0.01399
166 0.01353
167 0.01309
168 0.01267
169 0.01226
170 0.01186
171 0.01147
172 0.01110
173 0.01074
174 0.01039
175 0.01005
176 0.00972
177 0.00941
178 0.00910
179 0.00881
180 0.00852
181 0.00824
182 0.00797
183 0.00772
184 0.00746
185 0.00722
186 0.00699
187 0.00676
188 0.00654
189 0.00633
190 0.00612
191 0.00592
192 0.00573
193 0.00555
194 0.00537
195 0.00519
196 0.00502
197 0.00486
198 0.00470
199 0.00455
200 0.00441
201 0.00426
202 0.00413
203 0.00399
204 0.00386
205 0.00374
206 0.00362
207 0.00350
208 0.00339
209 0.00328
210 0.00318
211 0.00307
212 0.00298
213 0.00288
214 0.00279
215 0.00270
216 0.00261
217 0.00253
218 0.00245
219 0.00237
220 0.00230
221 0.00222
222 0.00215
223 0.00208
224 0.00202
225 0.00195
226 0.00189
227 0.00183
228 0.00177
229 0.00172
230 0.00166
231 0.00161
232 0.00156
233 0.00151
234 0.00146
235 0.00142
236 0.00137
237 0.00133
238 0.00129
239 0.00125
240 0.00121
241 0.00117
242 0.00114
243 0.00110
244 0.00107
245 0.00104
246 0.00100
247 0.00097
248 0.00094
249 0.00091
250 0.00089
251 0.00086
252 0.00083
253 0.00081
254 0.00078
255 0.00076
256 0.00074
257 0.00071
258 0.00069
259 0.00067
260 0.00065
261 0.00063
262 0.00061
263 0.00059
264 0.00058
265 0.00056
266 0.00054
267 0.00053
268 0.00051
269 0.00050
270 0.00048
271 0.00047
272 0.00045
273 0.00044
274 0.00043
275 0.00041
276 0.00040
277 0.00039
278 0.00038
279 0.00037
280 0.00036
281 0.00035
282 0.00034
283 0.00033
284 0.00032
285 0.00031
286 0.00030
287 0.00029
288 0.00028
289 0.00028
290 0.00027
291 0.00026
292 0.00025
293 0.00025
294 0.00024
295 0.00023
296 0.00023
297 0.00022
298 0.00021
299 0.00021
300 0.00020
301 0.00020
302 0.00019
303 0.00019
304 0.00018
305 0.00018
306 0.00017
307 0.00017
308 0.00016
309 0.00016
310 0.00015
311 0.00015
312 0.00014
313 0.00014
314 0.00014
315 0.00013
316 0.00013
317 0.00013
318 0.00012
319 0.00012
320 0.00012
321 0.00011
322 0.00011
323 0.00011
324 0.00011
325 0.00010
326 0.00010
327 0.00010
328 0.00010
329 0.00009
330 0.00009
331 0.00009
332 0.00009
333 0.00008
334 0.00008
335 0.00008
336 0.00008
337 0.00008
338 0.00007
339 0.00007
340 0.00007
341 0.00007
342 0.00007
343 0.00007
344 0.00006
345 0.00006
346 0.00006
347 0.00006
348 0.00006
349 0.00006
350 0.00006
351 0.00005
352 0.00005
353 0.00005
354 0.00005
355 0.00005
356 0.00005
357 0.00005
358 0.00005
359 0.00004
360 0.00004
361 0.00004
362 0.00004
363 0.00004
364 0.00004
365 0.00004
366 0.00004
367 0.00004
368 0.00004
369 0.00004
370 0.00003
371 0.00003
372 0.00003
373 0.00003
374 0.00003
375 0.00003
376 0.00003
377 0.00003
378 0.00003
379 0.00003
380 0.00003
381 0.00003
382 0.00003
383 0.00003
384 0.00003
385 0.00003
386 0.00002
387 0.00002
388 0.00002
389 0.00002
390 0.00002
391 0.00002
392 0.00002
393 0.00002
394 0.00002
395 0.00002
396 0.00002
397 0.00002
398 0.00002
399 0.00002
400 0.00002
401 0.00002
402 0.00002
403 0.00002
404 0.00002
405 0.00002
406 0.00002
407 0.00002
408 0.00002
409 0.00002
410 0.00002
411 0.00002
412 0.00002
413 0.00001
414 0.00001
415 0.00001
416 0.00001
417 0.00001
418 0.00001
419 0.00001
420 0.00001
421 0.00001
422 0.00001
423 0.00001
424 0.00001
425 0.00001
426 0.00001
427 0.00001
428 0.00001
429 0.00001
430 0.00001
431 0.00001
432 0.00001
433 0.00001
434 0.00001
435 0.00001
436 0.00001
437 0.00001
438 0.00001
439 0.00001
440 0.00001
441 0.00001
442 0.00001
443 0.00001
444 0.00001
445 0.00001
446 0.00001
447 0.00001
448 0.00001
449 0.00001
450 0.00001
451 0.00001
452 0.00001
453 0.00001
454 0.00001
455 0.00001
456 0.00001
457 0.00001
458 0.00001
459 0.00001
460 0.00001
461 0.00001
462 0.00001
463 0.00001
464 0.00001
465 0.00001
466 0.00001
467 0.00001
468 0.00001
469 0.00001
470 0.00001
471 0.00001
472 0.00001
473 0.00001
474 0.00001
475 0.00001
476 0.00001
477 0.00001
478 0.00001
479 0.00001
480 0.00001
481 0.00001
482 0.00001
483 0.00001
484 0.00001
485 0.00001
486 0.00001
487 0.00001
488 0.00001
489 0.00001
490 0.00001
491 0.00001
492 0.00001
493 0.00001
494 0.00001
495 0.00001
496 0.00001
497 0.00001
498 0.00001
499 0.00001
500 0.00001
501 0.00001
502 0.00001
503 0.00001
504 0.00000
505 0.00000
506 0.00000
507 0.00000
508 0.00000
509 0.00000
510 0.00000
511 0.00000
512 0.00000
513 0.00000
514 0.00000
515 0.00000
516 0.00000
517 0.00000
518 0.00000
519 0.00000
520 0.00000
521 0.00000
522 0.00000
523 0.00000
524 0.00000
525 0.00000
526 0.00000
527 0.00000
528 0.00000
529 0.00000
530 0.00000
531 0.00000
532 0.00000
533 0.00000
534 0.00000
535 0.00000
536 0.00000
537 0.00000
538 0.00000
539 0.00000
540 0.00000
541 0.00000
542 0.00000
543 0.00000
544 0.00000
545 0.00000
546 0.00000
547 0.00000
548 0.00000
549 0.00000
550 0.00000
551 0.00000
552 0.00000
553 0.00000
554 0.00000
555 0.00000
556 0.00000
557 0.00000
558 0.00000
559 0.00000
560 0.00000
561 0.00000
562 0.00000
563 0.00000
564 0.00000
565 0.00000
566 0.00000
567 0.00000
568 0.00000
569 0.00000
570 0.00000
571 0.00000
572 0.00000
573 0.00000
574 0.00000
575 0.00000
576 0.00000
577 0.00000
578 0.00000
579 0.00000
580 0.00000
581 0.00000
582 0.00000
583 0.00000
584 0.00000
585 0.00000
586 0.00000
587 0.00000
588 0.00000
589 0.00000
590 0.00000
591 0.00000
592 0.00000
593 0.00000
594 0.00000
595 0.00000
596 0.00000
597 0.00001
598 0.00001
599 0.00001
600 0.00001
601 0.00001
602 0.00001
603 0.00001
604 0.00001
605 0.00001
606 0.00001
607 0.00001
608 0.00001
609 0.00001
610 0.00001
611 0.00001
612 0.00001
613 0.00001
614 0.00001
615 0.00001
616 0.00001
617 0.00001
618 0.00001
619 0.00001
620 0.00001
621 0.00001
622 0.00001
623 0.00001
624 0.00001
625 0.00001
626 0.00001
627 0.00001
628 0.00001
629 0.00001
630 0.00001
631 0.00001
632 0.00001
633 0.00001
634 0.00001
635 0.00001
636 0.00001
637 0.00001
638 0.00001
639 0.00001
640 0.00001
641 0.00001
642 0.00001
643 0.00001
644 0.00001
645 0.00001
646 0.00001
647 0.00001
648 0.00001
649 0.00001
650 0.00001
651 0.00001
652 0.00001
653 0.00001
654 0.00001
655 0.00001
656 0.00001
657 0.00001
658 0.00001
659 0.00001
660 0.00001
661 0.00001
662 0.00001
663 0.00001
664 0.00001
665 0.00001
666 0.00001
667 0.00001
668 0.00001
669 0.00001
670 0.00001
671 0.00001
672 0.00001
673 0.00001
674 0.00001
675 0.00001
676 0.00001
677 0.00001
678 0.00001
679 0.00001
680 0.00002
681 0.00002
682 0.00002
683 0.00002
684 0.00002
685 0.00002
686 0.00002
687 0.00002
688 0.00002
689 0.00002
690 0.00002
691 0.00002
692 0.00002
693 0.00002
694 0.00002
695 0.00002
696 0.00002
697 0.00002
698 0.00002
699 0.00002
700 0.00002
701 0.00002
702 0.00002
703 0.00002
704 0.00003
705 0.00003
706 0.00003
707 0.00003
708 0.00003
709 0.00003
710 0.00003
711 0.00003
712 0.00003
713 0.00003
714 0.00003
715 0.00003
716 0.00003
717 0.00003
718 0.00004
719 0.00004
720 0.00004
721 0.00004
722 0.00004
723 0.00004
724 0.00004
725 0.00004
726 0.00004
727 0.00005
728 0.00005
729 0.00005
730 0.00005
731 0.00005
732 0.00005
733 0.00005
734 0.00006
735 0.00006
736 0.00006
737 0.00006
738 0.00006
739 0.00006
740 0.00007
741 0.00007
742 0.00007
743 0.00007
744 0.00008
745 0.00008
746 0.00008
747 0.00008
748 0.00008
749 0.00009
750 0.00009
751 0.00009
752 0.00010
753 0.00010
754 0.00010
755 0.00011
756 0.00011
757 0.00011
758 0.00012
759 0.00012
760 0.00013
761 0.00013
762 0.00013
763 0.00014
764 0.00014
765 0.00015
766 0.00015
767 0.00016
768 0.00016
769 0.00017
770 0.00018
771 0.00018
772 0.00019
773 0.00020
774 0.00020
775 0.00021
776 0.00022
777 0.00023
778 0.00024
779 0.00024
780 0.00025
781 0.00026
782 0.00027
783 0.00028
784 0.00029
785 0.00030
786 0.00032
787 0.00033
788 0.00034
789 0.00036
790 0.00037
791 0.00038
792 0.00040
793 0.00041
794 0.00043
795 0.00045
796 0.00047
797 0.00049
798 0.00051
799 0.00053
800 0.00055
801 0.00057
802 0.00059
803 0.00062
804 0.00065
805 0.00067
806 0.00070
807 0.00073
808 0.00076
809 0.00079
810 0.00083
811 0.00087
812 0.00090
813 0.00094
814 0.00098
815 0.00103
816 0.00107
817 0.00112
818 0.00117
819 0.00122
820 0.00128
821 0.00133
822 0.00140
823 0.00146
824 0.00153
825 0.00160
826 0.00167
827 0.00175
828 0.00183
829 0.00191
830 0.00200
831 0.00210
832 0.00220
833 0.00230
834 0.00241
835 0.00252
836 0.00265
837 0.00277
838 0.00291
839 0.00305
840 0.00320
841 0.00335
842 0.00352
843 0.00369
844 0.00388
845 0.00407
846 0.00427
847 0.00449
848 0.00471
849 0.00495
850 0.00520
851 0.00546
852 0.00574
853 0.00604
854 0.00635
855 0.00667
856 0.00702
857 0.00739
858 0.00777
859 0.00818
860 0.00861
861 0.00906
862 0.00954
863 0.01005
864 0.01058
865 0.01115
866 0.01175
867 0.01238
868 0.01305
869 0.01376
870 0.01451
871 0.01530
872 0.01614
873 0.01702
874 0.01796
875 0.01896
876 0.02001
877 0.02112
878 0.02230
879 0.02356
880 0.02488
881 0.02628
882 0.02777
883 0.02935
884 0.03102
885 0.03280
886 0.03468
887 0.03667
888 0.03879
889 0.04103
890 0.04341
891 0.04594
892 0.04862
893 0.05147
894 0.05449
895 0.05770
896 0.06111
897 0.06473
898 0.06858
899 0.07267
900 0.07701
901 0.08163
902 0.08654
903 0.09176
904 0.09730
905 0.10320
906 0.10948
907 0.11615
908 0.12325
909 0.13081
910 0.13885
911 0.14740
912 0.15437
913 0.15861
914 0.16359
915 0.16862
916 0.17197
917 0.17355
918 0.17569
919 0.17853
920 0.18233
921 0.18743
922 0.18602
923 0.18461
924 0.19155
925 0.19014
926 0.18872
927 0.19841
928 0.19698
929 0.19555
930 0.19413
931 0.20812
932 0.20669
933 0.20526
934 0.20383
935 0.20240
936 0.20097
937 0.19954
938 0.22080
939 0.21937
940 0.21793
941 0.21650
942 0.21506
943 0.21363
944 0.21220
945 0.21077
946 0.20934
947 0.20791
948 0.20648
949 0.20505
950 0.23998
951 0.23854
952 0.23711
953 0.23568
954 0.23424
955 0.23281
956 0.23138
957 0.22995
958 0.22852
959 0.22709
960 0.22566
961 0.22424
962 0.22281
963 0.22138
964 0.21995
965 0.21853
966 0.21710
967 0.21568
968 0.21425
969 0.21283
970 0.21141
971 0.20998
972 0.20856
973 0.27386
974 0.27245
975 0.27104
976 0.26963
977 0.26822
978 0.26681
979 0.26540
980 0.26399
981 0.26258
982 0.26118
983 0.25977
984 0.25836
985 0.25695
986 0.25555
987 0.25414
988 0.25273
989 0.25132
990 0.24991
991 0.24851
992 0.24710
993 0.24569
994 0.24428
995 0.24288
996 0.24147
997 0.24006
998 0.23865
999 0.23724
1000 0.23584
1001 0.23443
1002 0.23302
1003 0.23161
1004 0.23020
1005 0.22880
1006 0.22739
1007 0.22598
1008 0.22457
1009 0.22317
1010 0.22176
1011 0.22035
1012 0.21894
1013 0.21754
1014 0.21613
1015 0.21472
1016 0.21332
1017 0.21191
1018 0.21050
1019 0.20910
1020 0.20770
1021 0.20629
1022 0.20489
1023 0.20349
1024 0.20208
1025 0.20068
1026 0.35749
1027 0.35620
1028 0.35490
1029 0.35360
1030 0.35231
1031 0.35102
1032 0.34972
1033 0.34843
1034 0.34714
1035 0.34586
1036 0.34457
1037 0.34328
1038 0.34200
1039 0.34072
1040 0.33943
1041 0.33815
1042 0.33688
1043 0.33560
1044 0.33432
1045 0.33304
1046 0.33177
1047 0.33050
1048 0.32923
1049 0.32796
1050 0.32669
1051 0.32542
1052 0.32415
1053 0.32289
1054 0.32162
1055 0.32036
1056 0.31910
1057 0.31784
1058 0.31658
1059 0.31533
1060 0.31407
1061 0.31282
1062 0.31156
1063 0.31031
1064 0.30906
1065 0.30781
1066 0.30656
1067 0.30531
1068 0.30407
1069 0.30282
1070 0.30158
1071 0.30034
1072 0.29910
1073 0.29786
1074 0.29662
1075 0.29538
1076 0.29415
1077 0.29291
1078 0.29168
1079 0.29045
1080 0.28922
1081 0.28799
1082 0.28676
1083 0.28553
1084 0.28430
1085 0.28308
1086 0.28185
1087 0.28063
1088 0.27941
1089 0.27819
1090 0.27697
1091 0.27575
1092 0.27453
1093 0.27331
1094 0.27210
1095 0.27088
1096 0.26967
1097 0.26845
1098 0.26724
1099 0.26603
1100 0.26482
1101 0.26361
1102 0.26240
1103 0.26119
1104 0.25998
1105 0.25877
1106 0.25757
1107 0.25636
1108 0.25515
1109 0.25395
1110 0.25274
1111 0.25154
1112 0.25034
1113 0.24913
1114 0.24793
1115 0.24673
1116 0.24552
1117 0.24432
1118 0.24312
1119 0.24192
1120 0.24072
1121 0.23952
1122 0.23831
1123 0.23711
1124 0.23591
1125 0.23471
1126 0.23351
1127 0.23231
1128 0.23111
1129 0.22991
1130 0.22870
1131 0.22750
1132 0.22630
1133 0.22510
1134 0.22389
1135 0.22269
1136 0.22148
1137 0.22028
1138 0.21907
1139 0.21787
1140 0.21666
1141 0.21545
1142 0.21425
1143 0.21304
1144 0.21183
1145 0.21062
1146 0.20941
1147 0.20819
1148 0.20698
1149 0.20577
1150 0.20455
1151 0.20333
1152 0.20212
1153 0.20090
1154 0.19968
1155 0.19846
1156 0.19723
1157 0.19601
1158 0.19479
1159 0.19356
1160 0.19233
1161 0.19110
1162 0.18987
1163 0.18864
1164 0.18741
1165 0.18617
1166 0.18494
1167 0.18370
1168 0.18246
1169 0.18122
1170 0.17997
1171 0.17873
1172 0.17749
1173 0.17624
1174 0.17499
1175 0.17374
1176 0.17249
1177 0.17124
1178 0.16998
1179 0.16873
1180 0.16747
1181 0.16621
1182 0.16495
1183 0.16369
1184 0.16243
1185 0.16117
1186 0.15990
1187 0.15864
1188 0.15737
1189 0.15611
1190 0.15484
1191 0.15357
1192 0.15230
1193 0.15103
1194 0.14976
1195 0.14849
1196 0.14722
1197 0.14594
1198 0.14467
1199 0.14340
1200 0.14213
1201 0.14086
1202 0.13958
1203 0.13831
1204 0.13704
1205 0.13577
1206 0.13450
1207 0.13323
1208 0.13196
1209 0.13069
1210 0.12943
1211 0.12816
1212 0.12690
1213 0.12564
1214 0.12438
1215 0.12312
1216 1.00000
