17 0.94808
18 0.94361
19 0.93904
20 0.93437
21 0.92962
22 0.92479
23 0.91988
24 0.91490
25 0.90984
26 0.90472
27 0.89954
28 0.89430
29 0.88901
30 0.88366
31 0.87827
32 0.87283
33 0.86735
34 0.86183
35 0.85627
36 0.85068
37 0.84505
38 0.83940
39 0.83372
40 0.82802
41 0.82229
42 0.81655
43 0.81078
44 0.80500
45 0.79921
46 0.79340
47 0.78758
48 0.78176
49 0.77593
50 0.77009
51 0.76425
52 0.75841
53 0.75256
54 0.74672
55 0.74088
56 0.73504
57 0.72921
58 0.72339
59 0.71757
60 0.71176
61 0.70597
62 0.70018
63 0.69441
64 0.68864
65 0.68290
66 0.67717
67 0.67145
68 0.66575
69 0.66007
70 0.65441
71 0.64877
72 0.64315
73 0.63755
74 0.63197
75 0.62642
76 0.62089
77 0.61538
78 0.60989
79 0.60444
80 0.59901
81 0.59360
82 0.58822
83 0.58287
84 0.57755
85 0.57225
86 0.56699
87 0.56175
88 0.55654
89 0.55137
90 0.54622
91 0.54110
92 0.53602
93 0.53097
94 0.52594
95 0.52095
96 0.51600
97 0.51107
98 0.50618
99 0.50132
100 0.49649
101 0.49170
102 0.48694
103 0.48221
104 0.47752
105 0.47286
106 0.46824
107 0.46365
108 0.45909
109 0.45457
110 0.45008
111 0.44563
112 0.44121
113 0.43683
114 0.43248
115 0.42816
116 0.42388
117 0.41963
118 0.41542
119 0.41124
120 0.40710
121 0.40299
122 0.39892
123 0.39488
124 0.39087
125 0.38690
126 0.38297
127 0.37906
128 0.37520
129 0.37136
130 0.36756
131 0.36379
132 0.36006
133 0.35636
134 0.35269
135 0.34906
136 0.34546
137 0.34189
138 0.33835
139 0.33485
140 0.33138
141 0.32794
142 0.32454
143 0.32117
144 0.31783
145 0.31452
146 0.31124
147 0.30799
148 0.30478
149 0.30159
150 0.29844
151 0.29532
152 0.29223
153 0.28916
154 0.28613
155 0.28313
156 0.28016
157 0.27722
158 0.27431
159 0.27142
160 0.26857
161 0.26574
162 0.26295
163 0.26018
164 0.25744
165 0.25472
166 0.25204
167 0.24938
168 0.24675
169 0.24415
170 0.24158
171 0.23903
172 0.23650
173 0.23401
174 0.23154
175 0.22909
176 0.22668
177 0.22428
178 0.22192
179 0.21957
180 0.21725
181 0.21496
182 0.21269
183 0.21045
184 0.20823
185 0.20603
186 0.20386
187 0.20171
188 0.19958
189 0.19748
190 0.19540
191 0.19334
192 0.19130
193 0.18929
194 0.18730
195 0.18533
196 0.18338
197 0.18145
198 0.17955
199 0.17766
200 0.17580
201 0.17396
202 0.17213
203 0.17033
204 0.16855
205 0.16678
206 0.16504
207 0.16331
208 0.16161
209 0.15992
210 0.15825
211 0.15660
212 0.15497
213 0.15336
214 0.15177
215 0.15019
216 0.14863
217 0.14709
218 0.14557
219 0.14406
220 0.14257
221 0.14110
222 0.13964
223 0.13820
224 0.13678
225 0.13537
226 0.13398
227 0.13260
228 0.13124
229 0.12990
230 0.12857
231 0.12726
232 0.12596
233 0.12467
234 0.12340
235 0.12215
236 0.12091
237 0.11968
238 0.11847
239 0.11727
240 0.11608
241 0.11491
242 0.11375
243 0.11261
244 0.11148
245 0.11036
246 0.10925
247 0.10816
248 0.10708
249 0.10601
250 0.10495
251 0.10391
252 0.10288
253 0.10186
254 0.10085
255 0.09985
256 0.09887
257 0.09789
258 0.09693
259 0.09598
260 0.09504
261 0.09411
262 0.09319
263 0.09228
264 0.09138
265 0.09049
266 0.08962
267 0.08875
268 0.08789
269 0.08705
270 0.08621
271 0.08538
272 0.08456
273 0.08375
274 0.08295
275 0.08216
276 0.08138
277 0.08061
278 0.07985
279 0.07909
280 0.07835
281 0.07761
282 0.07688
283 0.07616
284 0.07545
285 0.07475
286 0.07405
287 0.07337
288 0.07269
289 0.07202
290 0.07135
291 0.07070
292 0.07005
293 0.06941
294 0.06877
295 0.06815
296 0.06753
297 0.06692
298 0.06631
299 0.06572
300 0.06512
301 0.06454
302 0.06396
303 0.06339
304 0.06283
305 0.06227
306 0.06172
307 0.06118
308 0.06064
309 0.06011
310 0.05958
311 0.05906
312 0.05855
313 0.05804
314 0.05754
315 0.05704
316 0.05655
317 0.05607
318 0.05559
319 0.05511
320 0.05464
321 0.05418
322 0.05372
323 0.05327
324 0.05282
325 0.05238
326 0.05195
327 0.05151
328 0.05109
329 0.05067
330 0.05025
331 0.04984
332 0.04943
333 0.04903
334 0.04863
335 0.04824
336 0.04785
337 0.04746
338 0.04708
339 0.04671
340 0.04634
341 0.04597
342 0.04561
343 0.04525
344 0.04489
345 0.04454
346 0.04420
347 0.04385
348 0.04352
349 0.04318
350 0.04285
351 0.04252
352 0.04220
353 0.04188
354 0.04156
355 0.04125
356 0.04094
357 0.04064
358 0.04034
359 0.04004
360 0.03975
361 0.03945
362 0.03917
363 0.03888
364 0.03860
365 0.03832
366 0.03805
367 0.03778
368 0.03751
369 0.03724
370 0.03698
371 0.03672
372 0.03647
373 0.03621
374 0.03596
375 0.03572
376 0.03547
377 0.03523
378 0.03499
379 0.03476
380 0.03452
381 0.03429
382 0.03406
383 0.03384
384 0.03362
385 0.03340
386 0.03318
387 0.03296
388 0.03275
389 0.03254
390 0.03233
391 0.03213
392 0.03193
393 0.03173
394 0.03153
395 0.03133
396 0.03114
397 0.03095
398 0.03076
399 0.03057
400 0.03039
401 0.03021
402 0.03003
403 0.02985
404 0.02967
405 0.02950
406 0.02933
407 0.02916
408 0.02899
409 0.02882
410 0.02866
411 0.02850
412 0.02834
413 0.02818
414 0.02803
415 0.02787
416 0.02772
417 0.02757
418 0.02742
419 0.02728
420 0.02713
421 0.02699
422 0.02685
423 0.02671
424 0.02657
425 0.02643
426 0.02630
427 0.02617
428 0.02604
429 0.02591
430 0.02578
431 0.02565
432 0.02553
433 0.02541
434 0.02528
435 0.02516
436 0.02505
437 0.02493
438 0.02481
439 0.02470
440 0.02459
441 0.02448
442 0.02437
443 0.02426
444 0.02415
445 0.02405
446 0.02395
447 0.02384
448 0.02374
449 0.02364
450 0.02355
451 0.02345
452 0.02335
453 0.02326
454 0.02317
455 0.02308
456 0.02299
457 0.02290
458 0.02281
459 0.02272
460 0.02264
461 0.02255
462 0.02247
463 0.02239
464 0.02231
465 0.02223
466 0.02215
467 0.02208
468 0.02200
469 0.02193
470 0.02185
471 0.02178
472 0.02171
473 0.02164
474 0.02157
475 0.02151
476 0.02144
477 0.02137
478 0.02131
479 0.02125
480 0.02119
481 0.02113
482 0.02107
483 0.02101
484 0.02095
485 0.02089
486 0.02084
487 0.02078
488 0.02073
489 0.02068
490 0.02063
491 0.02058
492 0.02053
493 0.02048
494 0.02043
495 0.02038
496 0.02034
497 0.02029
498 0.02025
499 0.02021
500 0.02016
501 0.02012
502 0.02008
503 0.02004
504 0.02000
505 0.01997
506 0.01993
507 0.01989
508 0.01986
509 0.01983
510 0.01979
511 0.01976
512 0.01973
513 0.01970
514 0.01967
515 0.01964
516 0.01961
517 0.01959
518 0.01956
519 0.01953
520 0.01951
521 0.01949
522 0.01946
523 0.01944
524 0.01942
525 0.01940
526 0.01938
527 0.01936
528 0.01935
529 0.01933
530 0.01931
531 0.01930
532 0.01929
533 0.01927
534 0.01926
535 0.01925
536 0.01924
537 0.01923
538 0.01922
539 0.01921
540 0.01921
541 0.01920
542 0.01920
543 0.01919
544 0.01919
545 0.01919
546 0.01918
547 0.01918
548 0.01918
549 0.01919
550 0.01919
551 0.01919
552 0.01920
553 0.01920
554 0.01920
555 0.01921
556 0.01922
557 0.01922
558 0.01923
559 0.01924
560 0.01925
561 0.01926
562 0.01927
563 0.01929
564 0.01930
565 0.01931
566 0.01933
567 0.01935
568 0.01936
569 0.01938
570 0.01940
571 0.01942
572 0.01944
573 0.01947
574 0.01949
575 0.01951
576 0.01954
577 0.01956
578 0.01959
579 0.01962
580 0.01965
581 0.01968
582 0.01971
583 0.01974
584 0.01977
585 0.01981
586 0.01984
587 0.01988
588 0.01992
589 0.01996
590 0.01999
591 0.02003
592 0.02008
593 0.02012
594 0.02016
595 0.02021
596 0.02025
597 0.02030
598 0.02035
599 0.02040
600 0.02045
601 0.02050
602 0.02055
603 0.02060
604 0.02066
605 0.02071
606 0.02077
607 0.02083
608 0.02089
609 0.02095
610 0.02101
611 0.02107
612 0.02114
613 0.02120
614 0.02127
615 0.02134
616 0.02141
617 0.02148
618 0.02155
619 0.02163
620 0.02170
621 0.02178
622 0.02185
623 0.02193
624 0.02201
625 0.02210
626 0.02218
627 0.02226
628 0.02235
629 0.02244
630 0.02253
631 0.02262
632 0.02271
633 0.02280
634 0.02290
635 0.02300
636 0.02309
637 0.02319
638 0.02330
639 0.02340
640 0.02350
641 0.02361
642 0.02372
643 0.02383
644 0.02394
645 0.02406
646 0.02417
647 0.02429
648 0.02441
649 0.02453
650 0.02465
651 0.02478
652 0.02490
653 0.02503
654 0.02516
655 0.02529
656 0.02542
657 0.02555
658 0.02568
659 0.02582
660 0.02595
661 0.02609
662 0.02623
663 0.02638
664 0.02652
665 0.02667
666 0.02682
667 0.02697
668 0.02713
669 0.02728
670 0.02744
671 0.02761
672 0.02777
673 0.02794
674 0.02810
675 0.02827
676 0.02845
677 0.02862
678 0.02880
679 0.02898
680 0.02917
681 0.02936
682 0.02955
683 0.02974
684 0.02993
685 0.03013
686 0.03033
687 0.03054
688 0.03074
689 0.03095
690 0.03116
691 0.03138
692 0.03160
693 0.03182
694 0.03205
695 0.03228
696 0.03251
697 0.03275
698 0.03298
699 0.03323
700 0.03347
701 0.03372
702 0.03398
703 0.03423
704 0.03450
705 0.03476
706 0.03503
707 0.03530
708 0.03558
709 0.03586
710 0.03614
711 0.03643
712 0.03673
713 0.03703
714 0.03733
715 0.03764
716 0.03795
717 0.03826
718 0.03858
719 0.03891
720 0.03924
721 0.03958
722 0.03992
723 0.04026
724 0.04061
725 0.04097
726 0.04133
727 0.04170
728 0.04207
729 0.04245
730 0.04283
731 0.04322
732 0.04362
733 0.04402
734 0.04443
735 0.04484
736 0.04526
737 0.04569
738 0.04612
739 0.04656
740 0.04701
741 0.04746
742 0.04792
743 0.04839
744 0.04887
745 0.04935
746 0.04984
747 0.05034
748 0.05084
749 0.05136
750 0.05188
751 0.05241
752 0.05295
753 0.05350
754 0.05405
755 0.05462
756 0.05519
757 0.05577
758 0.05636
759 0.05696
760 0.05758
761 0.05820
762 0.05883
763 0.05947
764 0.06012
765 0.06078
766 0.06145
767 0.06214
768 0.06283
769 0.06354
770 0.06425
771 0.06498
772 0.06573
773 0.06648
774 0.06725
775 0.06802
776 0.06882
777 0.06962
778 0.07044
779 0.07127
780 0.07212
781 0.07298
782 0.07385
783 0.07474
784 0.07564
785 0.07656
786 0.07750
787 0.07845
788 0.07942
789 0.08040
790 0.08140
791 0.08242
792 0.08346
793 0.08451
794 0.08558
795 0.08667
796 0.08778
797 0.08891
798 0.09006
799 0.09123
800 0.09242
801 0.09363
802 0.09486
803 0.09611
804 0.09739
805 0.09868
806 0.10001
807 0.10135
808 0.10272
809 0.10411
810 0.10553
811 0.10697
812 0.10844
813 0.10994
814 0.11147
815 0.11302
816 0.11460
817 0.11621
818 0.11784
819 0.11951
820 0.12121
821 0.12294
822 0.12471
823 0.12650
824 0.12833
825 0.13019
826 0.13209
827 0.13403
828 0.13600
829 0.13800
830 0.14005
831 0.14213
832 0.14425
833 0.14642
834 0.14862
835 0.15087
836 0.15316
837 0.15550
838 0.15787
839 0.16030
840 0.16277
841 0.16529
842 0.16786
843 0.17048
844 0.17315
845 0.17588
846 0.17865
847 0.18149
848 0.18437
849 0.18732
850 0.19032
851 0.19339
852 0.19651
853 0.19970
854 0.20295
855 0.20626
856 0.20965
857 0.21310
858 0.21662
859 0.22021
860 0.22388
861 0.22762
862 0.23144
863 0.23534
864 0.23931
865 0.24337
866 0.24751
867 0.25174
868 0.25606
869 0.26047
870 0.26496
871 0.26956
872 0.27424
873 0.27903
874 0.28392
875 0.28891
876 0.29401
877 0.29921
878 0.30453
879 0.30996
880 0.31551
881 0.32117
882 0.32696
883 0.33287
884 0.33891
885 0.34508
886 0.35139
887 0.35783
888 0.36442
889 0.37114
890 0.37802
891 0.38505
892 0.39223
893 0.39957
894 0.40707
895 0.41474
896 0.42258
897 0.43060
898 0.43879
899 0.44717
900 0.45574
901 0.46450
902 0.47346
903 0.48263
904 0.49200
905 0.50158
906 0.51139
907 0.52141
908 0.53167
909 0.54217
910 0.55290
911 0.56389
912 0.57261
913 0.59571
914 0.61171
915 0.62318
916 0.62975
917 0.63301
918 0.63674
919 0.64107
920 0.64617
921 0.65230
922 0.65122
923 0.65013
924 0.65769
925 0.65662
926 0.65555
927 0.66513
928 0.66408
929 0.66304
930 0.66199
931 0.67462
932 0.67360
933 0.67257
934 0.67155
935 0.67052
936 0.66950
937 0.66847
938 0.68607
939 0.68508
940 0.68409
941 0.68310
942 0.68210
943 0.68111
944 0.68011
945 0.67912
946 0.67812
947 0.67712
948 0.67612
949 0.67512
950 0.70160
951 0.70066
952 0.69972
953 0.69878
954 0.69783
955 0.69689
956 0.69594
957 0.69499
958 0.69404
959 0.69309
960 0.69214
961 0.69119
962 0.69023
963 0.68928
964 0.68832
965 0.68736
966 0.68640
967 0.68544
968 0.68448
969 0.68352
970 0.68255
971 0.68159
972 0.68062
973 0.72564
974 0.72478
975 0.72392
976 0.72305
977 0.72219
978 0.72132
979 0.72046
980 0.71959
981 0.71872
982 0.71785
983 0.71698
984 0.71611
985 0.71523
986 0.71436
987 0.71348
988 0.71260
989 0.71172
990 0.71084
991 0.70996
992 0.70908
993 0.70819
994 0.70731
995 0.70642
996 0.70553
997 0.70464
998 0.70375
999 0.70286
1000 0.70197
1001 0.70108
1002 0.70018
1003 0.69929
1004 0.69839
1005 0.69749
1006 0.69659
1007 0.69569
1008 0.69479
1009 0.69389
1010 0.69298
1011 0.69208
1012 0.69117
1013 0.69026
1014 0.68935
1015 0.68844
1016 0.68753
1017 0.68662
1018 0.68571
1019 0.68479
1020 0.68388
1021 0.68296
1022 0.68204
1023 0.68113
1024 0.68021
1025 0.67928
1026 0.77499
1027 0.77429
1028 0.77360
1029 0.77290
1030 0.77221
1031 0.77151
1032 0.77081
1033 0.77011
1034 0.76941
1035 0.76870
1036 0.76800
1037 0.76729
1038 0.76659
1039 0.76588
1040 0.76517
1041 0.76446
1042 0.76375
1043 0.76304
1044 0.76233
1045 0.76162
1046 0.76090
1047 0.76018
1048 0.75947
1049 0.75875
1050 0.75803
1051 0.75731
1052 0.75659
1053 0.75587
1054 0.75514
1055 0.75442
1056 0.75369
1057 0.75296
1058 0.75224
1059 0.75151
1060 0.75078
1061 0.75005
1062 0.74931
1063 0.74858
1064 0.74784
1065 0.74711
1066 0.74637
1067 0.74563
1068 0.74490
1069 0.74416
1070 0.74341
1071 0.74267
1072 0.74193
1073 0.74119
1074 0.74044
1075 0.73969
1076 0.73895
1077 0.73820
1078 0.73745
1079 0.73670
1080 0.73595
1081 0.73519
1082 0.73444
1083 0.73369
1084 0.73293
1085 0.73217
1086 0.73142
1087 0.73066
1088 0.72990
1089 0.72914
1090 0.72838
1091 0.72761
1092 0.72685
1093 0.72608
1094 0.72532
1095 0.72455
1096 0.72378
1097 0.72301
1098 0.72224
1099 0.72147
1100 0.72070
1101 0.71993
1102 0.71915
1103 0.71838
1104 0.71760
1105 0.71683
1106 0.71605
1107 0.71527
1108 0.71449
1109 0.71371
1110 0.71293
1111 0.71214
1112 0.71136
1113 0.71058
1114 0.70979
1115 0.70900
1116 0.70822
1117 0.70743
1118 0.70664
1119 0.70585
1120 0.70506
1121 0.70426
1122 0.70347
1123 0.70268
1124 0.70188
1125 0.70108
1126 0.70029
1127 0.69949
1128 0.69869
1129 0.69789
1130 0.69709
1131 0.69629
1132 0.69549
1133 0.69468
1134 0.69388
1135 0.69307
1136 0.69227
1137 0.69146
1138 0.69065
1139 0.68984
1140 0.68903
1141 0.68822
1142 0.68741
1143 0.68660
1144 0.68578
1145 0.68497
1146 0.68415
1147 0.68334
1148 0.68252
1149 0.68170
1150 0.68088
1151 0.68006
1152 0.67924
1153 0.67842
1154 0.67760
1155 0.67678
1156 0.67595
1157 0.67513
1158 0.67430
1159 0.67348
1160 0.67265
1161 0.67182
1162 0.67099
1163 0.67016
1164 0.66933
1165 0.66850
1166 0.66767
1167 0.66683
1168 0.66600
1169 0.66517
1170 0.66433
1171 0.66349
1172 0.66266
1173 0.66182
1174 0.66098
1175 0.66014
1176 0.65930
1177 0.65846
1178 0.65762
1179 0.65677
1180 0.65593
1181 0.65509
1182 0.65424
1183 0.65340
1184 0.65255
1185 0.65170
1186 0.65085
1187 0.65001
1188 0.64916
1189 0.64831
1190 0.64745
1191 0.64660
1192 0.64575
1193 0.64490
1194 0.64404
1195 0.64319
1196 0.64233
1197 0.64148
1198 0.64062
1199 0.63976
1200 0.63890
1201 0.63805
1202 0.63719
1203 0.63633
1204 0.63546
1205 0.63460
1206 0.63374
1207 0.63288
1208 0.63201
1209 0.63115
1210 0.63028
1211 0.62942
1212 0.62855
1213 0.62768
1214 0.62682
1215 0.62595
1216 1.00000
