17 0.99175
18 0.99098
19 0.99019
20 0.98938
21 0.98854
22 0.98769
23 0.98681
24 0.98591
25 0.98498
26 0.98404
27 0.98308
28 0.98210
29 0.98110
30 0.98008
31 0.97904
32 0.97799
33 0.97692
34 0.97583
35 0.97472
36 0.97360
37 0.97245
38 0.97130
39 0.97013
40 0.96894
41 0.96774
42 0.96652
43 0.96529
44 0.96404
45 0.96278
46 0.96150
47 0.96021
48 0.95891
49 0.95759
50 0.95627
51 0.95492
52 0.95357
53 0.95220
54 0.95082
55 0.94943
56 0.94803
57 0.94662
58 0.94519
59 0.94375
60 0.94231
61 0.94085
62 0.93938
63 0.93790
64 0.93641
65 0.93491
66 0.93340
67 0.93188
68 0.93036
69 0.92882
70 0.92727
71 0.92571
72 0.92415
73 0.92258
74 0.92100
75 0.91941
76 0.91781
77 0.91620
78 0.91459
79 0.91297
80 0.91134
81 0.90970
82 0.90806
83 0.90641
84 0.90475
85 0.90308
86 0.90141
87 0.89973
88 0.89805
89 0.89636
90 0.89466
91 0.89296
92 0.89125
93 0.88954
94 0.88782
95 0.88609
96 0.88436
97 0.88263
98 0.88089
99 0.87914
100 0.87739
101 0.87564
102 0.87388
103 0.87212
104 0.87035
105 0.86858
106 0.86680
107 0.86502
108 0.86324
109 0.86145
110 0.85966
111 0.85786
112 0.85606
113 0.85426
114 0.85246
115 0.85065
116 0.84884
117 0.84703
118 0.84521
119 0.84339
120 0.84157
121 0.83975
122 0.83792
123 0.83609
124 0.83426
125 0.83243
126 0.83059
127 0.82876
128 0.82692
129 0.82508
130 0.82324
131 0.82139
132 0.81955
133 0.81770
134 0.81586
135 0.81401
136 0.81216
137 0.81031
138 0.80846
139 0.80661
140 0.80475
141 0.80290
142 0.80105
143 0.79919
144 0.79734
145 0.79548
146 0.79363
147 0.79177
148 0.78992
149 0.78806
150 0.78621
151 0.78435
152 0.78250
153 0.78064
154 0.77879
155 0.77694
156 0.77508
157 0.77323
158 0.77138
159 0.76953
160 0.76768
161 0.76583
162 0.76398
163 0.76213
164 0.76029
165 0.75844
166 0.75660
167 0.75475
168 0.75291
169 0.75107
170 0.74923
171 0.74739
172 0.74556
173 0.74372
174 0.74189
175 0.74006
176 0.73823
177 0.73640
178 0.73458
179 0.73275
180 0.73093
181 0.72911
182 0.72729
183 0.72548
184 0.72367
185 0.72185
186 0.72005
187 0.71824
188 0.71644
189 0.71463
190 0.71283
191 0.71104
192 0.70924
193 0.70745
194 0.70566
195 0.70388
196 0.70209
197 0.70031
198 0.69854
199 0.69676
200 0.69499
201 0.69322
202 0.69145
203 0.68969
204 0.68793
205 0.68618
206 0.68442
207 0.68267
208 0.68092
209 0.67918
210 0.67744
211 0.67570
212 0.67397
213 0.67224
214 0.67051
215 0.66879
216 0.66707
217 0.66535
218 0.66364
219 0.66193
220 0.66022
221 0.65852
222 0.65682
223 0.65513
224 0.65344
225 0.65175
226 0.65007
227 0.64839
228 0.64671
229 0.64504
230 0.64337
231 0.64171
232 0.64005
233 0.63840
234 0.63674
235 0.63510
236 0.63345
237 0.63181
238 0.63018
239 0.62855
240 0.62692
241 0.62530
242 0.62368
243 0.62206
244 0.62045
245 0.61885
246 0.61725
247 0.61565
248 0.61406
249 0.61247
250 0.61088
251 0.60930
252 0.60773
253 0.60616
254 0.60459
255 0.60303
256 0.60147
257 0.59992
258 0.59837
259 0.59682
260 0.59529
261 0.59375
262 0.59222
263 0.59069
264 0.58917
265 0.58766
266 0.58614
267 0.58464
268 0.58313
269 0.58164
270 0.58014
271 0.57866
272 0.57717
273 0.57569
274 0.57422
275 0.57275
276 0.57128
277 0.56982
278 0.56837
279 0.56692
280 0.56547
281 0.56403
282 0.56259
283 0.56116
284 0.55974
285 0.55831
286 0.55690
287 0.55549
288 0.55408
289 0.55268
290 0.55128
291 0.54989
292 0.54850
293 0.54712
294 0.54574
295 0.54437
296 0.54300
297 0.54163
298 0.54028
299 0.53892
300 0.53758
301 0.53623
302 0.53489
303 0.53356
304 0.53223
305 0.53091
306 0.52959
307 0.52828
308 0.52697
309 0.52566
310 0.52437
311 0.52307
312 0.52178
313 0.52050
314 0.51922
315 0.51795
316 0.51668
317 0.51542
318 0.51416
319 0.51290
320 0.51165
321 0.51041
322 0.50917
323 0.50794
324 0.50671
325 0.50549
326 0.50427
327 0.50305
328 0.50185
329 0.50064
330 0.49944
331 0.49825
332 0.49706
333 0.49588
334 0.49470
335 0.49353
336 0.49236
337 0.49119
338 0.49004
339 0.48888
340 0.48773
341 0.48659
342 0.48545
343 0.48432
344 0.48319
345 0.48207
346 0.48095
347 0.47983
348 0.47873
349 0.47762
350 0.47652
351 0.47543
352 0.47434
353 0.47326
354 0.47218
355 0.47111
356 0.47004
357 0.46898
358 0.46792
359 0.46686
360 0.46581
361 0.46477
362 0.46373
363 0.46270
364 0.46167
365 0.46065
366 0.45963
367 0.45861
368 0.45760
369 0.45660
370 0.45560
371 0.45461
372 0.45362
373 0.45263
374 0.45165
375 0.45068
376 0.44971
377 0.44875
378 0.44779
379 0.44683
380 0.44588
381 0.44494
382 0.44400
383 0.44306
384 0.44213
385 0.44121
386 0.44028
387 0.43937
388 0.43846
389 0.43755
390 0.43665
391 0.43576
392 0.43486
393 0.43398
394 0.43310
395 0.43222
396 0.43135
397 0.43048
398 0.42962
399 0.42876
400 0.42791
401 0.42706
402 0.42622
403 0.42538
404 0.42454
405 0.42372
406 0.42289
407 0.42207
408 0.42126
409 0.42045
410 0.41964
411 0.41884
412 0.41805
413 0.41726
414 0.41647
415 0.41569
416 0.41492
417 0.41414
418 0.41338
419 0.41262
420 0.41186
421 0.41111
422 0.41036
423 0.40962
424 0.40888
425 0.40814
426 0.40741
427 0.40669
428 0.40597
429 0.40526
430 0.40455
431 0.40384
432 0.40314
433 0.40244
434 0.40175
435 0.40107
436 0.40038
437 0.39971
438 0.39903
439 0.39837
440 0.39770
441 0.39704
442 0.39639
443 0.39574
444 0.39509
445 0.39445
446 0.39382
447 0.39319
448 0.39256
449 0.39194
450 0.39132
451 0.39071
452 0.39010
453 0.38950
454 0.38890
455 0.38831
456 0.38772
457 0.38713
458 0.38655
459 0.38597
460 0.38540
461 0.38484
462 0.38428
463 0.38372
464 0.38316
465 0.38262
466 0.38207
467 0.38153
468 0.38100
469 0.38047
470 0.37994
471 0.37942
472 0.37891
473 0.37839
474 0.37789
475 0.37738
476 0.37689
477 0.37639
478 0.37590
479 0.37542
480 0.37494
481 0.37446
482 0.37399
483 0.37353
484 0.37306
485 0.37261
486 0.37215
487 0.37171
488 0.37126
489 0.37082
490 0.37039
491 0.36996
492 0.36953
493 0.36911
494 0.36870
495 0.36828
496 0.36788
497 0.36747
498 0.36708
499 0.36668
500 0.36629
501 0.36591
502 0.36553
503 0.36515
504 0.36478
505 0.36441
506 0.36405
507 0.36369
508 0.36334
509 0.36299
510 0.36265
511 0.36231
512 0.36197
513 0.36164
514 0.36132
515 0.36100
516 0.36068
517 0.36037
518 0.36006
519 0.35976
520 0.35946
521 0.35916
522 0.35887
523 0.35859
524 0.35831
525 0.35803
526 0.35776
527 0.35750
528 0.35723
529 0.35698
530 0.35672
531 0.35648
532 0.35623
533 0.35599
534 0.35576
535 0.35553
536 0.35530
537 0.35508
538 0.35487
539 0.35466
540 0.35445
541 0.35425
542 0.35405
543 0.35386
544 0.35367
545 0.35349
546 0.35331
547 0.35313
548 0.35296
549 0.35280
550 0.35264
551 0.35248
552 0.35233
553 0.35219
554 0.35205
555 0.35191
556 0.35178
557 0.35165
558 0.35153
559 0.35141
560 0.35130
561 0.35119
562 0.35109
563 0.35099
564 0.35089
565 0.35081
566 0.35072
567 0.35064
568 0.35057
569 0.35050
570 0.35043
571 0.35037
572 0.35032
573 0.35027
574 0.35023
575 0.35018
576 0.35015
577 0.35012
578 0.35009
579 0.35007
580 0.35006
581 0.35005
582 0.35004
583 0.35004
584 0.35005
585 0.35006
586 0.35007
587 0.35009
588 0.35012
589 0.35015
590 0.35018
591 0.35022
592 0.35027
593 0.35032
594 0.35037
595 0.35043
596 0.35050
597 0.35057
598 0.35065
599 0.35073
600 0.35081
601 0.35091
602 0.35100
603 0.35111
604 0.35121
605 0.35133
606 0.35145
607 0.35157
608 0.35170
609 0.35183
610 0.35198
611 0.35212
612 0.35227
613 0.35243
614 0.35259
615 0.35276
616 0.35293
617 0.35311
618 0.35330
619 0.35349
620 0.35368
621 0.35388
622 0.35409
623 0.35430
624 0.35452
625 0.35475
626 0.35498
627 0.35521
628 0.35545
629 0.35570
630 0.35595
631 0.35621
632 0.35648
633 0.35675
634 0.35703
635 0.35731
636 0.35760
637 0.35789
638 0.35819
639 0.35850
640 0.35881
641 0.35913
642 0.35946
643 0.35979
644 0.36013
645 0.36047
646 0.36083
647 0.36118
648 0.36155
649 0.36192
650 0.36229
651 0.36268
652 0.36307
653 0.36346
654 0.36386
655 0.36427
656 0.36469
657 0.36511
658 0.36554
659 0.36598
660 0.36642
661 0.36687
662 0.36732
663 0.36779
664 0.36826
665 0.36873
666 0.36922
667 0.36971
668 0.37021
669 0.37071
670 0.37123
671 0.37174
672 0.37227
673 0.37281
674 0.37335
675 0.37390
676 0.37445
677 0.37502
678 0.37559
679 0.37617
680 0.37675
681 0.37735
682 0.37795
683 0.37856
684 0.37918
685 0.37980
686 0.38043
687 0.38107
688 0.38172
689 0.38238
690 0.38304
691 0.38372
692 0.38440
693 0.38509
694 0.38579
695 0.38649
696 0.38721
697 0.38793
698 0.38866
699 0.38940
700 0.39015
701 0.39091
702 0.39167
703 0.39245
704 0.39323
705 0.39403
706 0.39483
707 0.39564
708 0.39646
709 0.39729
710 0.39813
711 0.39897
712 0.39983
713 0.40070
714 0.40157
715 0.40246
716 0.40335
717 0.40426
718 0.40517
719 0.40610
720 0.40703
721 0.40798
722 0.40893
723 0.40990
724 0.41087
725 0.41186
726 0.41285
727 0.41386
728 0.41487
729 0.41590
730 0.41694
731 0.41799
732 0.41905
733 0.42012
734 0.42120
735 0.42229
736 0.42340
737 0.42451
738 0.42564
739 0.42678
740 0.42793
741 0.42909
742 0.43026
743 0.43144
744 0.43264
745 0.43385
746 0.43507
747 0.43630
748 0.43755
749 0.43881
750 0.44008
751 0.44136
752 0.44266
753 0.44397
754 0.44529
755 0.44662
756 0.44797
757 0.44933
758 0.45071
759 0.45209
760 0.45350
761 0.45491
762 0.45634
763 0.45778
764 0.45924
765 0.46071
766 0.46220
767 0.46370
768 0.46522
769 0.46674
770 0.46829
771 0.46985
772 0.47142
773 0.47301
774 0.47462
775 0.47624
776 0.47788
777 0.47953
778 0.48120
779 0.48288
780 0.48458
781 0.48630
782 0.48803
783 0.48978
784 0.49155
785 0.49333
786 0.49514
787 0.49695
788 0.49879
789 0.50064
790 0.50252
791 0.50440
792 0.50631
793 0.50824
794 0.51018
795 0.51215
796 0.51413
797 0.51613
798 0.51815
799 0.52019
800 0.52225
801 0.52432
802 0.52642
803 0.52854
804 0.53068
805 0.53284
806 0.53502
807 0.53722
808 0.53944
809 0.54168
810 0.54395
811 0.54623
812 0.54854
813 0.55087
814 0.55323
815 0.55560
816 0.55800
817 0.56042
818 0.56287
819 0.56533
820 0.56783
821 0.57034
822 0.57288
823 0.57545
824 0.57804
825 0.58065
826 0.58329
827 0.58595
828 0.58864
829 0.59136
830 0.59410
831 0.59687
832 0.59967
833 0.60249
834 0.60534
835 0.60822
836 0.61113
837 0.61406
838 0.61702
839 0.62002
840 0.62304
841 0.62609
842 0.62917
843 0.63228
844 0.63542
845 0.63859
846 0.64179
847 0.64502
848 0.64829
849 0.65159
850 0.65492
851 0.65828
852 0.66167
853 0.66510
854 0.66856
855 0.67206
856 0.67559
857 0.67916
858 0.68276
859 0.68640
860 0.69007
861 0.69378
862 0.69752
863 0.70131
864 0.70513
865 0.70899
866 0.71289
867 0.71682
868 0.72080
869 0.72481
870 0.72887
871 0.73297
872 0.73711
873 0.74129
874 0.74551
875 0.74977
876 0.75408
877 0.75843
878 0.76282
879 0.76726
880 0.77175
881 0.77628
882 0.78085
883 0.78548
884 0.79015
885 0.79486
886 0.79963
887 0.80444
888 0.80931
889 0.81422
890 0.81918
891 0.82420
892 0.82927
893 0.83438
894 0.83956
895 0.84478
896 0.85006
897 0.85540
898 0.86079
899 0.86623
900 0.87174
901 0.87730
902 0.88291
903 0.88859
904 0.89433
905 0.90012
906 0.90598
907 0.91190
908 0.91788
909 0.92393
910 0.93004
911 0.93621
912 0.94118
913 0.94181
914 0.94252
915 0.94321
916 0.94368
917 0.94394
918 0.94427
919 0.94466
920 0.94516
921 0.94579
922 0.94571
923 0.94563
924 0.94645
925 0.94636
926 0.94628
927 0.94736
928 0.94728
929 0.94721
930 0.94713
931 0.94860
932 0.94853
933 0.94845
934 0.94837
935 0.94829
936 0.94822
937 0.94814
938 0.95026
939 0.95018
940 0.95011
941 0.95004
942 0.94996
943 0.94989
944 0.94981
945 0.94974
946 0.94967
947 0.94959
948 0.94952
949 0.94944
950 0.95270
951 0.95263
952 0.95256
953 0.95249
954 0.95242
955 0.95235
956 0.95228
957 0.95221
958 0.95215
959 0.95208
960 0.95201
961 0.95194
962 0.95187
963 0.95180
964 0.95173
965 0.95166
966 0.95159
967 0.95152
968 0.95145
969 0.95138
970 0.95131
971 0.95124
972 0.95117
973 0.95677
974 0.95671
975 0.95665
976 0.95659
977 0.95652
978 0.95646
979 0.95640
980 0.95634
981 0.95627
982 0.95621
983 0.95615
984 0.95609
985 0.95602
986 0.95596
987 0.95590
988 0.95584
989 0.95577
990 0.95571
991 0.95565
992 0.95559
993 0.95552
994 0.95546
995 0.95540
996 0.95534
997 0.95527
998 0.95521
999 0.95515
1000 0.95509
1001 0.95502
1002 0.95496
1003 0.95490
1004 0.95483
1005 0.95477
1006 0.95471
1007 0.95465
1008 0.95458
1009 0.95452
1010 0.95446
1011 0.95439
1012 0.95433
1013 0.95427
1014 0.95420
1015 0.95414
1016 0.95408
1017 0.95402
1018 0.95395
1019 0.95389
1020 0.95383
1021 0.95376
1022 0.95370
1023 0.95364
1024 0.95357
1025 0.95351
1026 0.96540
1027 0.96536
1028 0.96531
1029 0.96526
1030 0.96521
1031 0.96517
1032 0.96512
1033 0.96507
1034 0.96502
1035 0.96498
1036 0.96493
1037 0.96488
1038 0.96483
1039 0.96479
1040 0.96474
1041 0.96469
1042 0.96464
1043 0.96460
1044 0.96455
1045 0.96450
1046 0.96445
1047 0.96441
1048 0.96436
1049 0.96431
1050 0.96426
1051 0.96421
1052 0.96417
1053 0.96412
1054 0.96407
1055 0.96402
1056 0.96397
1057 0.96393
1058 0.96388
1059 0.96383
1060 0.96378
1061 0.96374
1062 0.96369
1063 0.96364
1064 0.96359
1065 0.96354
1066 0.96349
1067 0.96345
1068 0.96340
1069 0.96335
1070 0.96330
1071 0.96325
1072 0.96321
1073 0.96316
1074 0.96311
1075 0.96306
1076 0.96301
1077 0.96297
1078 0.96292
1079 0.96287
1080 0.96282
1081 0.96277
1082 0.96272
1083 0.96268
1084 0.96263
1085 0.96258
1086 0.96253
1087 0.96248
1088 0.96243
1089 0.96238
1090 0.96234
1091 0.96229
1092 0.96224
1093 0.96219
1094 0.96214
1095 0.96209
1096 0.96205
1097 0.96200
1098 0.96195
1099 0.96190
1100 0.96185
1101 0.96180
1102 0.96175
1103 0.96170
1104 0.96166
1105 0.96161
1106 0.96156
1107 0.96151
1108 0.96146
1109 0.96141
1110 0.96136
1111 0.96131
1112 0.96127
1113 0.96122
1114 0.96117
1115 0.96112
1116 0.96107
1117 0.96102
1118 0.96097
1119 0.96092
1120 0.96087
1121 0.96083
1122 0.96078
1123 0.96073
1124 0.96068
1125 0.96063
1126 0.96058
1127 0.96053
1128 0.96048
1129 0.96043
1130 0.96038
1131 0.96034
1132 0.96029
1133 0.96024
1134 0.96019
1135 0.96014
1136 0.96009
1137 0.96004
1138 0.95999
1139 0.95994
1140 0.95989
1141 0.95984
1142 0.95979
1143 0.95974
1144 0.95970
1145 0.95965
1146 0.95960
1147 0.95955
1148 0.95950
1149 0.95945
1150 0.95940
1151 0.95935
1152 0.95930
1153 0.95925
1154 0.95920
1155 0.95915
1156 0.95910
1157 0.95905
1158 0.95900
1159 0.95895
1160 0.95890
1161 0.95885
1162 0.95880
1163 0.95875
1164 0.95870
1165 0.95866
1166 0.95861
1167 0.95856
1168 0.95851
1169 0.95846
1170 0.95841
1171 0.95836
1172 0.95831
1173 0.95826
1174 0.95821
1175 0.95816
1176 0.95811
1177 0.95806
1178 0.95801
1179 0.95796
1180 0.95791
1181 0.95786
1182 0.95781
1183 0.95776
1184 0.95771
1185 0.95766
1186 0.95761
1187 0.95756
1188 0.95751
1189 0.95746
1190 0.95741
1191 0.95736
1192 0.95731
1193 0.95726
1194 0.95721
1195 0.95716
1196 0.95711
1197 0.95706
1198 0.95701
1199 0.95696
1200 0.95691
1201 0.95686
1202 0.95681
1203 0.95676
1204 0.95671
1205 0.95666
1206 0.95661
1207 0.95655
1208 0.95650
1209 0.95645
1210 0.95640
1211 0.95635
1212 0.95630
1213 0.95625
1214 0.95620
1215 0.95615
1216 1.00000
