17 0.96919
18 0.96650
19 0.96375
20 0.96094
21 0.95807
22 0.95514
23 0.95216
24 0.94913
25 0.94605
26 0.94292
27 0.93975
28 0.93653
29 0.93327
30 0.92997
31 0.92664
32 0.92326
33 0.91986
34 0.91642
35 0.91294
36 0.90944
37 0.90590
38 0.90234
39 0.89875
40 0.89514
41 0.89150
42 0.88784
43 0.88415
44 0.88045
45 0.87672
46 0.87298
47 0.86921
48 0.86543
49 0.86164
50 0.85783
51 0.85400
52 0.85016
53 0.84631
54 0.84245
55 0.83858
56 0.83469
57 0.83080
58 0.82690
59 0.82299
60 0.81907
61 0.81515
62 0.81122
63 0.80728
64 0.80335
65 0.79940
66 0.79546
67 0.79151
68 0.78756
69 0.78361
70 0.77966
71 0.77570
72 0.77175
73 0.76780
74 0.76385
75 0.75990
76 0.75595
77 0.75201
78 0.74807
79 0.74413
80 0.74020
81 0.73627
82 0.73234
83 0.72842
84 0.72451
85 0.72060
86 0.71670
87 0.71281
88 0.70892
89 0.70504
90 0.70117
91 0.69731
92 0.69345
93 0.68961
94 0.68577
95 0.68194
96 0.67813
97 0.67432
98 0.67052
99 0.66673
100 0.66296
101 0.65919
102 0.65544
103 0.65169
104 0.64796
105 0.64424
106 0.64054
107 0.63684
108 0.63316
109 0.62949
110 0.62583
111 0.62219
112 0.61856
113 0.61494
114 0.61134
115 0.60775
116 0.60417
117 0.60061
118 0.59706
119 0.59353
120 0.59001
121 0.58651
122 0.58302
123 0.57954
124 0.57608
125 0.57264
126 0.56921
127 0.56580
128 0.56240
129 0.55901
130 0.55565
131 0.55229
132 0.54896
133 0.54564
134 0.54233
135 0.53904
136 0.53577
137 0.53251
138 0.52927
139 0.52605
140 0.52284
141 0.51965
142 0.51647
143 0.51331
144 0.51017
145 0.50704
146 0.50393
147 0.50083
148 0.49776
149 0.49470
150 0.49165
151 0.48862
152 0.48561
153 0.48262
154 0.47964
155 0.47668
156 0.47373
157 0.47080
158 0.46789
159 0.46499
160 0.46211
161 0.45925
162 0.45641
163 0.45358
164 0.45076
165 0.44797
166 0.44519
167 0.44242
168 0.43968
169 0.43694
170 0.43423
171 0.43153
172 0.42885
173 0.42619
174 0.42354
175 0.42090
176 0.41829
177 0.41569
178 0.41310
179 0.41053
180 0.40798
181 0.40545
182 0.40293
183 0.40042
184 0.39793
185 0.39546
186 0.39300
187 0.39056
188 0.38814
189 0.38573
190 0.38334
191 0.38096
192 0.37859
193 0.37625
194 0.37392
195 0.37160
196 0.36930
197 0.36701
198 0.36474
199 0.36248
200 0.36024
201 0.35802
202 0.35581
203 0.35361
204 0.35143
205 0.34926
206 0.34711
207 0.34498
208 0.34285
209 0.34075
210 0.33865
211 0.33657
212 0.33451
213 0.33246
214 0.33042
215 0.32840
216 0.32639
217 0.32440
218 0.32242
219 0.32045
220 0.31850
221 0.31656
222 0.31463
223 0.31272
224 0.31082
225 0.30894
226 0.30707
227 0.30521
228 0.30337
229 0.30153
230 0.29972
231 0.29791
232 0.29612
233 0.29434
234 0.29257
235 0.29082
236 0.28908
237 0.28735
238 0.28563
239 0.28393
240 0.28223
241 0.28056
242 0.27889
243 0.27723
244 0.27559
245 0.27396
246 0.27234
247 0.27074
248 0.26914
249 0.26756
250 0.26599
251 0.26443
252 0.26288
253 0.26134
254 0.25982
255 0.25830
256 0.25680
257 0.25531
258 0.25383
259 0.25236
260 0.25090
261 0.24945
262 0.24802
263 0.24659
264 0.24518
265 0.24377
266 0.24238
267 0.24100
268 0.23962
269 0.23826
270 0.23691
271 0.23557
272 0.23424
273 0.23292
274 0.23160
275 0.23030
276 0.22901
277 0.22773
278 0.22646
279 0.22520
280 0.22395
281 0.22270
282 0.22147
283 0.22025
284 0.21903
285 0.21783
286 0.21663
287 0.21545
288 0.21427
289 0.21310
290 0.21195
291 0.21080
292 0.20966
293 0.20852
294 0.20740
295 0.20629
296 0.20518
297 0.20409
298 0.20300
299 0.20192
300 0.20085
301 0.19978
302 0.19873
303 0.19768
304 0.19665
305 0.19562
306 0.19459
307 0.19358
308 0.19258
309 0.19158
310 0.19059
311 0.18961
312 0.18863
313 0.18767
314 0.18671
315 0.18576
316 0.18482
317 0.18388
318 0.18295
319 0.18203
320 0.18112
321 0.18021
322 0.17932
323 0.17842
324 0.17754
325 0.17666
326 0.17579
327 0.17493
328 0.17408
329 0.17323
330 0.17238
331 0.17155
332 0.17072
333 0.16990
334 0.16909
335 0.16828
336 0.16748
337 0.16668
338 0.16589
339 0.16511
340 0.16434
341 0.16357
342 0.16280
343 0.16205
344 0.16130
345 0.16055
346 0.15982
347 0.15908
348 0.15836
349 0.15764
350 0.15693
351 0.15622
352 0.15552
353 0.15482
354 0.15413
355 0.15345
356 0.15277
357 0.15210
358 0.15143
359 0.15077
360 0.15011
361 0.14946
362 0.14882
363 0.14818
364 0.14754
365 0.14692
366 0.14629
367 0.14568
368 0.14506
369 0.14446
370 0.14386
371 0.14326
372 0.14267
373 0.14208
374 0.14150
375 0.14093
376 0.14036
377 0.13979
378 0.13923
379 0.13867
380 0.13812
381 0.13758
382 0.13703
383 0.13650
384 0.13597
385 0.13544
386 0.13492
387 0.13440
388 0.13389
389 0.13338
390 0.13287
391 0.13238
392 0.13188
393 0.13139
394 0.13090
395 0.13042
396 0.12995
397 0.12947
398 0.12901
399 0.12854
400 0.12808
401 0.12763
402 0.12718
403 0.12673
404 0.12629
405 0.12585
406 0.12542
407 0.12499
408 0.12456
409 0.12414
410 0.12372
411 0.12331
412 0.12290
413 0.12249
414 0.12209
415 0.12169
416 0.12130
417 0.12091
418 0.12052
419 0.12014
420 0.11976
421 0.11939
422 0.11902
423 0.11865
424 0.11829
425 0.11793
426 0.11757
427 0.11722
428 0.11687
429 0.11653
430 0.11619
431 0.11585
432 0.11551
433 0.11518
434 0.11486
435 0.11453
436 0.11421
437 0.11390
438 0.11358
439 0.11327
440 0.11297
441 0.11266
442 0.11236
443 0.11207
444 0.11178
445 0.11149
446 0.11120
447 0.11092
448 0.11064
449 0.11036
450 0.11009
451 0.10982
452 0.10955
453 0.10929
454 0.10903
455 0.10877
456 0.10852
457 0.10827
458 0.10802
459 0.10778
460 0.10754
461 0.10730
462 0.10706
463 0.10683
464 0.10660
465 0.10638
466 0.10615
467 0.10593
468 0.10572
469 0.10550
470 0.10529
471 0.10509
472 0.10488
473 0.10468
474 0.10448
475 0.10429
476 0.10409
477 0.10390
478 0.10372
479 0.10353
480 0.10335
481 0.10317
482 0.10300
483 0.10282
484 0.10265
485 0.10249
486 0.10232
487 0.10216
488 0.10200
489 0.10185
490 0.10170
491 0.10155
492 0.10140
493 0.10126
494 0.10111
495 0.10097
496 0.10084
497 0.10071
498 0.10058
499 0.10045
500 0.10032
501 0.10020
502 0.10008
503 0.09996
504 0.09985
505 0.09974
506 0.09963
507 0.09952
508 0.09942
509 0.09932
510 0.09922
511 0.09913
512 0.09903
513 0.09895
514 0.09886
515 0.09877
516 0.09869
517 0.09861
518 0.09854
519 0.09846
520 0.09839
521 0.09832
522 0.09826
523 0.09820
524 0.09814
525 0.09808
526 0.09802
527 0.09797
528 0.09792
529 0.09787
530 0.09783
531 0.09779
532 0.09775
533 0.09771
534 0.09768
535 0.09765
536 0.09762
537 0.09759
538 0.09757
539 0.09755
540 0.09753
541 0.09752
542 0.09751
543 0.09750
544 0.09749
545 0.09749
546 0.09749
547 0.09749
548 0.09749
549 0.09750
550 0.09751
551 0.09752
552 0.09753
553 0.09755
554 0.09757
555 0.09760
556 0.09762
557 0.09765
558 0.09768
559 0.09772
560 0.09775
561 0.09779
562 0.09783
563 0.09788
564 0.09793
565 0.09798
566 0.09803
567 0.09809
568 0.09815
569 0.09821
570 0.09828
571 0.09834
572 0.09841
573 0.09849
574 0.09856
575 0.09864
576 0.09873
577 0.09881
578 0.09890
579 0.09899
580 0.09909
581 0.09918
582 0.09928
583 0.09939
584 0.09949
585 0.09960
586 0.09971
587 0.09983
588 0.09995
589 0.10007
590 0.10019
591 0.10032
592 0.10045
593 0.10058
594 0.10072
595 0.10085
596 0.10099
597 0.10114
598 0.10129
599 0.10144
600 0.10159
601 0.10174
602 0.10190
603 0.10206
604 0.10223
605 0.10240
606 0.10257
607 0.10274
608 0.10292
609 0.10310
610 0.10329
611 0.10347
612 0.10367
613 0.10386
614 0.10406
615 0.10426
616 0.10446
617 0.10467
618 0.10488
619 0.10509
620 0.10531
621 0.10553
622 0.10576
623 0.10599
624 0.10622
625 0.10646
626 0.10670
627 0.10694
628 0.10719
629 0.10744
630 0.10769
631 0.10795
632 0.10821
633 0.10847
634 0.10874
635 0.10901
636 0.10929
637 0.10957
638 0.10986
639 0.11014
640 0.11044
641 0.11073
642 0.11104
643 0.11134
644 0.11165
645 0.11196
646 0.11228
647 0.11261
648 0.11293
649 0.11326
650 0.11360
651 0.11394
652 0.11429
653 0.11464
654 0.11499
655 0.11535
656 0.11571
657 0.11608
658 0.11646
659 0.11683
660 0.11722
661 0.11760
662 0.11800
663 0.11839
664 0.11879
665 0.11919
666 0.11960
667 0.12001
668 0.12043
669 0.12085
670 0.12128
671 0.12172
672 0.12216
673 0.12260
674 0.12305
675 0.12351
676 0.12397
677 0.12444
678 0.12491
679 0.12539
680 0.12587
681 0.12636
682 0.12686
683 0.12736
684 0.12787
685 0.12838
686 0.12890
687 0.12943
688 0.12996
689 0.13050
690 0.13105
691 0.13160
692 0.13216
693 0.13272
694 0.13329
695 0.13387
696 0.13446
697 0.13505
698 0.13565
699 0.13626
700 0.13687
701 0.13749
702 0.13812
703 0.13876
704 0.13940
705 0.14005
706 0.14071
707 0.14137
708 0.14204
709 0.14273
710 0.14342
711 0.14411
712 0.14482
713 0.14553
714 0.14625
715 0.14698
716 0.14772
717 0.14847
718 0.14922
719 0.14999
720 0.15076
721 0.15154
722 0.15234
723 0.15314
724 0.15395
725 0.15477
726 0.15559
727 0.15643
728 0.15728
729 0.15814
730 0.15901
731 0.15988
732 0.16077
733 0.16167
734 0.16258
735 0.16350
736 0.16443
737 0.16537
738 0.16632
739 0.16728
740 0.16826
741 0.16924
742 0.17024
743 0.17125
744 0.17227
745 0.17330
746 0.17435
747 0.17540
748 0.17647
749 0.17755
750 0.17865
751 0.17975
752 0.18087
753 0.18200
754 0.18315
755 0.18431
756 0.18548
757 0.18667
758 0.18787
759 0.18908
760 0.19031
761 0.19156
762 0.19282
763 0.19409
764 0.19538
765 0.19668
766 0.19800
767 0.19934
768 0.20069
769 0.20205
770 0.20344
771 0.20484
772 0.20625
773 0.20768
774 0.20914
775 0.21060
776 0.21209
777 0.21359
778 0.21511
779 0.21665
780 0.21821
781 0.21979
782 0.22138
783 0.22300
784 0.22462
785 0.22627
786 0.22791
787 0.22956
788 0.23124
789 0.23293
790 0.23464
791 0.23638
792 0.23813
793 0.23991
794 0.24171
795 0.24353
796 0.24537
797 0.24723
798 0.24912
799 0.25103
800 0.25296
801 0.25491
802 0.25689
803 0.25890
804 0.26092
805 0.26298
806 0.26506
807 0.26716
808 0.26929
809 0.27145
810 0.27363
811 0.27584
812 0.27808
813 0.28034
814 0.28263
815 0.28496
816 0.28731
817 0.28969
818 0.29210
819 0.29454
820 0.29701
821 0.29951
822 0.30204
823 0.30461
824 0.30721
825 0.30984
826 0.31250
827 0.31520
828 0.31793
829 0.32070
830 0.32350
831 0.32634
832 0.32922
833 0.33213
834 0.33508
835 0.33807
836 0.34110
837 0.34416
838 0.34727
839 0.35041
840 0.35360
841 0.35683
842 0.36010
843 0.36341
844 0.36677
845 0.37017
846 0.37361
847 0.37711
848 0.38064
849 0.38423
850 0.38786
851 0.39154
852 0.39527
853 0.39905
854 0.40288
855 0.40676
856 0.41069
857 0.41468
858 0.41872
859 0.42281
860 0.42696
861 0.43116
862 0.43543
863 0.43975
864 0.44413
865 0.44856
866 0.45306
867 0.45762
868 0.46225
869 0.46694
870 0.47169
871 0.47651
872 0.48139
873 0.48634
874 0.49136
875 0.49645
876 0.50161
877 0.50685
878 0.51215
879 0.51754
880 0.52299
881 0.52852
882 0.53414
883 0.53983
884 0.54560
885 0.55145
886 0.55738
887 0.56340
888 0.56951
889 0.57570
890 0.58199
891 0.58836
892 0.59482
893 0.60138
894 0.60803
895 0.61478
896 0.62162
897 0.62857
898 0.63561
899 0.64276
900 0.65002
901 0.65738
902 0.66484
903 0.67242
904 0.68011
905 0.68791
906 0.69583
907 0.70386
908 0.71202
909 0.72029
910 0.72869
911 0.73722
912 0.74396
913 0.76089
914 0.77234
915 0.78036
916 0.78490
917 0.78714
918 0.78969
919 0.79262
920 0.79603
921 0.80009
922 0.79940
923 0.79871
924 0.80366
925 0.80298
926 0.80230
927 0.80852
928 0.80786
929 0.80720
930 0.80653
931 0.81464
932 0.81400
933 0.81336
934 0.81271
935 0.81207
936 0.81142
937 0.81077
938 0.82194
939 0.82132
940 0.82071
941 0.82009
942 0.81947
943 0.81885
944 0.81823
945 0.81761
946 0.81698
947 0.81636
948 0.81573
949 0.81510
950 0.83170
951 0.83112
952 0.83054
953 0.82996
954 0.82938
955 0.82880
956 0.82821
957 0.82763
958 0.82704
959 0.82645
960 0.82587
961 0.82527
962 0.82468
963 0.82409
964 0.82350
965 0.82290
966 0.82231
967 0.82171
968 0.82111
969 0.82051
970 0.81991
971 0.81931
972 0.81871
973 0.84653
974 0.84601
975 0.84549
976 0.84496
977 0.84444
978 0.84391
979 0.84339
980 0.84286
981 0.84233
982 0.84181
983 0.84128
984 0.84074
985 0.84021
986 0.83968
987 0.83915
988 0.83861
989 0.83807
990 0.83754
991 0.83700
992 0.83646
993 0.83592
994 0.83538
995 0.83483
996 0.83429
997 0.83375
998 0.83320
999 0.83265
1000 0.83210
1001 0.83156
1002 0.83101
1003 0.83045
1004 0.82990
1005 0.82935
1006 0.82879
1007 0.82824
1008 0.82768
1009 0.82712
1010 0.82657
1011 0.82601
1012 0.82545
1013 0.82488
1014 0.82432
1015 0.82376
1016 0.82319
1017 0.82263
1018 0.82206
1019 0.82149
1020 0.82092
1021 0.82035
1022 0.81978
1023 0.81921
1024 0.81864
1025 0.81806
1026 0.87610
1027 0.87569
1028 0.87529
1029 0.87488
1030 0.87447
1031 0.87406
1032 0.87365
1033 0.87324
1034 0.87283
1035 0.87242
1036 0.87200
1037 0.87159
1038 0.87117
1039 0.87076
1040 0.87034
1041 0.86992
1042 0.86951
1043 0.86909
1044 0.86866
1045 0.86824
1046 0.86782
1047 0.86740
1048 0.86697
1049 0.86655
1050 0.86612
1051 0.86569
1052 0.86527
1053 0.86484
1054 0.86441
1055 0.86398
1056 0.86354
1057 0.86311
1058 0.86268
1059 0.86225
1060 0.86181
1061 0.86138
1062 0.86094
1063 0.86050
1064 0.86006
1065 0.85962
1066 0.85918
1067 0.85874
1068 0.85830
1069 0.85786
1070 0.85742
1071 0.85697
1072 0.85653
1073 0.85608
1074 0.85564
1075 0.85519
1076 0.85474
1077 0.85429
1078 0.85384
1079 0.85339
1080 0.85294
1081 0.85249
1082 0.85203
1083 0.85158
1084 0.85112
1085 0.85067
1086 0.85021
1087 0.84975
1088 0.84929
1089 0.84884
1090 0.84838
1091 0.84791
1092 0.84745
1093 0.84699
1094 0.84653
1095 0.84606
1096 0.84560
1097 0.84513
1098 0.84466
1099 0.84420
1100 0.84373
1101 0.84326
1102 0.84279
1103 0.84232
1104 0.84184
1105 0.84137
1106 0.84090
1107 0.84042
1108 0.83995
1109 0.83947
1110 0.83899
1111 0.83852
1112 0.83804
1113 0.83756
1114 0.83708
1115 0.83660
1116 0.83611
1117 0.83563
1118 0.83515
1119 0.83466
1120 0.83418
1121 0.83369
1122 0.83320
1123 0.83271
1124 0.83223
1125 0.83174
1126 0.83124
1127 0.83075
1128 0.83026
1129 0.82977
1130 0.82927
1131 0.82878
1132 0.82828
1133 0.82779
1134 0.82729
1135 0.82679
1136 0.82629
1137 0.82579
1138 0.82529
1139 0.82479
1140 0.82429
1141 0.82378
1142 0.82328
1143 0.82277
1144 0.82227
1145 0.82176
1146 0.82125
1147 0.82075
1148 0.82024
1149 0.81973
1150 0.81922
1151 0.81870
1152 0.81819
1153 0.81768
1154 0.81716
1155 0.81665
1156 0.81613
1157 0.81562
1158 0.81510
1159 0.81458
1160 0.81406
1161 0.81354
1162 0.81302
1163 0.81250
1164 0.81198
1165 0.81145
1166 0.81093
1167 0.81040
1168 0.80988
1169 0.80935
1170 0.80882
1171 0.80830
1172 0.80777
1173 0.80724
1174 0.80671
1175 0.80617
1176 0.80564
1177 0.80511
1178 0.80458
1179 0.80404
1180 0.80350
1181 0.80297
1182 0.80243
1183 0.80189
1184 0.80135
1185 0.80081
1186 0.80027
1187 0.79973
1188 0.79919
1189 0.79865
1190 0.79810
1191 0.79756
1192 0.79701
1193 0.79646
1194 0.79592
1195 0.79537
1196 0.79482
1197 0.79427
1198 0.79372
1199 0.79317
1200 0.79262
1201 0.79206
1202 0.79151
1203 0.79096
1204 0.79040
1205 0.78984
1206 0.78929
1207 0.78873
1208 0.78817
1209 0.78761
1210 0.78705
1211 0.78649
1212 0.78593
1213 0.78537
1214 0.78480
1215 0.78424
1216 1.00000
