17 0.76135
18 0.74283
19 0.72424
20 0.70564
21 0.68705
22 0.66852
23 0.65008
24 0.63175
25 0.61356
26 0.59555
27 0.57773
28 0.56012
29 0.54275
30 0.52563
31 0.50878
32 0.49221
33 0.47594
34 0.45997
35 0.44432
36 0.42899
37 0.41399
38 0.39933
39 0.38501
40 0.37103
41 0.35740
42 0.34412
43 0.33119
44 0.31861
45 0.30638
46 0.29450
47 0.28296
48 0.27177
49 0.26091
50 0.25039
51 0.24021
52 0.23035
53 0.22081
54 0.21159
55 0.20268
56 0.19408
57 0.18577
58 0.17776
59 0.17004
60 0.16260
61 0.15543
62 0.14853
63 0.14189
64 0.13550
65 0.12936
66 0.12346
67 0.11779
68 0.11235
69 0.10712
70 0.10211
71 0.09731
72 0.09270
73 0.08829
74 0.08407
75 0.08002
76 0.07615
77 0.07245
78 0.06890
79 0.06552
80 0.06228
81 0.05919
82 0.05624
83 0.05342
84 0.05073
85 0.04817
86 0.04572
87 0.04339
88 0.04116
89 0.03904
90 0.03703
91 0.03511
92 0.03328
93 0.03154
94 0.02988
95 0.02830
96 0.02681
97 0.02538
98 0.02403
99 0.02274
100 0.02152
101 0.02036
102 0.01926
103 0.01822
104 0.01723
105 0.01629
106 0.01540
107 0.01455
108 0.01375
109 0.01299
110 0.01227
111 0.01159
112 0.01094
113 0.01033
114 0.00975
115 0.00920
116 0.00868
117 0.00819
118 0.00773
119 0.00729
120 0.00687
121 0.00648
122 0.00611
123 0.00576
124 0.00543
125 0.00512
126 0.00482
127 0.00454
128 0.00428
129 0.00403
130 0.00380
131 0.00357
132 0.00337
133 0.00317
134 0.00298
135 0.00281
136 0.00264
137 0.00249
138 0.00234
139 0.00220
140 0.00207
141 0.00195
142 0.00183
143 0.00172
144 0.00162
145 0.00152
146 0.00143
147 0.00135
148 0.00126
149 0.00119
150 0.00112
151 0.00105
152 0.00099
153 0.00093
154 0.00087
155 0.00082
156 0.00077
157 0.00072
158 0.00068
159 0.00064
160 0.00060
161 0.00056
162 0.00053
163 0.00049
164 0.00046
165 0.00044
166 0.00041
167 0.00038
168 0.00036
169 0.00034
170 0.00032
171 0.00030
172 0.00028
173 0.00026
174 0.00025
175 0.00023
176 0.00022
177 0.00020
178 0.00019
179 0.00018
180 0.00017
181 0.00016
182 0.00015
183 0.00014
184 0.00013
185 0.00012
186 0.00011
187 0.00011
188 0.00010
189 0.00009
190 0.00009
191 0.00008
192 0.00008
193 0.00007
194 0.00007
195 0.00006
196 0.00006
197 0.00006
198 0.00005
199 0.00005
200 0.00005
201 0.00004
202 0.00004
203 0.00004
204 0.00004
205 0.00003
206 0.00003
207 0.00003
208 0.00003
209 0.00003
210 0.00002
211 0.00002
212 0.00002
213 0.00002
214 0.00002
215 0.00002
216 0.00002
217 0.00002
218 0.00001
219 0.00001
220 0.00001
221 0.00001
222 0.00001
223 0.00001
224 0.00001
225 0.00001
226 0.00001
227 0.00001
228 0.00001
229 0.00001
230 0.00001
231 0.00001
232 0.00001
233 0.00001
234 0.00001
235 0.00000
236 0.00000
237 0.00000
238 0.00000
239 0.00000
240 0.00000
241 0.00000
242 0.00000
243 0.00000
244 0.00000
245 0.00000
246 0.00000
247 0.00000
248 0.00000
249 0.00000
250 0.00000
251 0.00000
252 0.00000
253 0.00000
254 0.00000
255 0.00000
256 0.00000
257 0.00000
258 0.00000
259 0.00000
260 0.00000
261 0.00000
262 0.00000
263 0.00000
264 0.00000
265 0.00000
266 0.00000
267 0.00000
268 0.00000
269 0.00000
270 0.00000
271 0.00000
272 0.00000
273 0.00000
274 0.00000
275 0.00000
276 0.00000
277 0.00000
278 0.00000
279 0.00000
280 0.00000
281 0.00000
282 0.00000
283 0.00000
284 0.00000
285 0.00000
286 0.00000
287 0.00000
288 0.00000
289 0.00000
290 0.00000
291 0.00000
292 0.00000
293 0.00000
294 0.00000
295 0.00000
296 0.00000
297 0.00000
298 0.00000
299 0.00000
300 0.00000
301 0.00000
302 0.00000
303 0.00000
304 0.00000
305 0.00000
306 0.00000
307 0.00000
308 0.00000
309 0.00000
310 0.00000
311 0.00000
312 0.00000
313 0.00000
314 0.00000
315 0.00000
316 0.00000
317 0.00000
318 0.00000
319 0.00000
320 0.00000
321 0.00000
322 0.00000
323 0.00000
324 0.00000
325 0.00000
326 0.00000
327 0.00000
328 0.00000
329 0.00000
330 0.00000
331 0.00000
332 0.00000
333 0.00000
334 0.00000
335 0.00000
336 0.00000
337 0.00000
338 0.00000
339 0.00000
340 0.00000
341 0.00000
342 0.00000
343 0.00000
344 0.00000
345 0.00000
346 0.00000
347 0.00000
348 0.00000
349 0.00000
350 0.00000
351 0.00000
352 0.00000
353 0.00000
354 0.00000
355 0.00000
356 0.00000
357 0.00000
358 0.00000
359 0.00000
360 0.00000
361 0.00000
362 0.00000
363 0.00000
364 0.00000
365 0.00000
366 0.00000
367 0.00000
368 0.00000
369 0.00000
370 0.00000
371 0.00000
372 0.00000
373 0.00000
374 0.00000
375 0.00000
376 0.00000
377 0.00000
378 0.00000
379 0.00000
380 0.00000
381 0.00000
382 0.00000
383 0.00000
384 0.00000
385 0.00000
386 0.00000
387 0.00000
388 0.00000
389 0.00000
390 0.00000
391 0.00000
392 0.00000
393 0.00000
394 0.00000
395 0.00000
396 0.00000
397 0.00000
398 0.00000
399 0.00000
400 0.00000
401 0.00000
402 0.00000
403 0.00000
404 0.00000
405 0.00000
406 0.00000
407 0.00000
408 0.00000
409 0.00000
410 0.00000
411 0.00000
412 0.00000
413 0.00000
414 0.00000
415 0.00000
416 0.00000
417 0.00000
418 0.00000
419 0.00000
420 0.00000
421 0.00000
422 0.00000
423 0.00000
424 0.00000
425 0.00000
426 0.00000
427 0.00000
428 0.00000
429 0.00000
430 0.00000
431 0.00000
432 0.00000
433 0.00000
434 0.00000
435 0.00000
436 0.00000
437 0.00000
438 0.00000
439 0.00000
440 0.00000
441 0.00000
442 0.00000
443 0.00000
444 0.00000
445 0.00000
446 0.00000
447 0.00000
448 0.00000
449 0.00000
450 0.00000
451 0.00000
452 0.00000
453 0.00000
454 0.00000
455 0.00000
456 0.00000
457 0.00000
458 0.00000
459 0.00000
460 0.00000
461 0.00000
462 0.00000
463 0.00000
464 0.00000
465 0.00000
466 0.00000
467 0.00000
468 0.00000
469 0.00000
470 0.00000
471 0.00000
472 0.00000
473 0.00000
474 0.00000
475 0.00000
476 0.00000
477 0.00000
478 0.00000
479 0.00000
480 0.00000
481 0.00000
482 0.00000
483 0.00000
484 0.00000
485 0.00000
486 0.00000
487 0.00000
488 0.00000
489 0.00000
490 0.00000
491 0.00000
492 0.00000
493 0.00000
494 0.00000
495 0.00000
496 0.00000
497 0.00000
498 0.00000
499 0.00000
500 0.00000
501 0.00000
502 0.00000
503 0.00000
504 0.00000
505 0.00000
506 0.00000
507 0.00000
508 0.00000
509 0.00000
510 0.00000
511 0.00000
512 0.00000
513 0.00000
514 0.00000
515 0.00000
516 0.00000
517 0.00000
518 0.00000
519 0.00000
520 0.00000
521 0.00000
522 0.00000
523 0.00000
524 0.00000
525 0.00000
526 0.00000
527 0.00000
528 0.00000
529 0.00000
530 0.00000
531 0.00000
532 0.00000
533 0.00000
534 0.00000
535 0.00000
536 0.00000
537 0.00000
538 0.00000
539 0.00000
540 0.00000
541 0.00000
542 0.00000
543 0.00000
544 0.00000
545 0.00000
546 0.00000
547 0.00000
548 0.00000
549 0.00000
550 0.00000
551 0.00000
552 0.00000
553 0.00000
554 0.00000
555 0.00000
556 0.00000
557 0.00000
558 0.00000
559 0.00000
560 0.00000
561 0.00000
562 0.00000
563 0.00000
564 0.00000
565 0.00000
566 0.00000
567 0.00000
568 0.00000
569 0.00000
570 0.00000
571 0.00000
572 0.00000
573 0.00000
574 0.00000
575 0.00000
576 0.00000
577 0.00000
578 0.00000
579 0.00000
580 0.00000
581 0.00000
582 0.00000
583 0.00000
584 0.00000
585 0.00000
586 0.00000
587 0.00000
588 0.00000
589 0.00000
590 0.00000
591 0.00000
592 0.00000
593 0.00000
594 0.00000
595 0.00000
596 0.00000
597 0.00000
598 0.00000
599 0.00000
600 0.00000
601 0.00000
602 0.00000
603 0.00000
604 0.00000
605 0.00000
606 0.00000
607 0.00000
608 0.00000
609 0.00000
610 0.00000
611 0.00000
612 0.00000
613 0.00000
614 0.00000
615 0.00000
616 0.00000
617 0.00000
618 0.00000
619 0.00000
620 0.00000
621 0.00000
622 0.00000
623 0.00000
624 0.00000
625 0.00000
626 0.00000
627 0.00000
628 0.00000
629 0.00000
630 0.00000
631 0.00000
632 0.00000
633 0.00000
634 0.00000
635 0.00000
636 0.00000
637 0.00000
638 0.00000
639 0.00000
640 0.00000
641 0.00000
642 0.00000
643 0.00000
644 0.00000
645 0.00000
646 0.00000
647 0.00000
648 0.00000
649 0.00000
650 0.00000
651 0.00000
652 0.00000
653 0.00000
654 0.00000
655 0.00000
656 0.00000
657 0.00000
658 0.00000
659 0.00000
660 0.00000
661 0.00000
662 0.00000
663 0.00000
664 0.00000
665 0.00000
666 0.00000
667 0.00000
668 0.00000
669 0.00000
670 0.00000
671 0.00000
672 0.00000
673 0.00000
674 0.00000
675 0.00000
676 0.00000
677 0.00000
678 0.00000
679 0.00000
680 0.00000
681 0.00000
682 0.00000
683 0.00000
684 0.00000
685 0.00000
686 0.00000
687 0.00000
688 0.00000
689 0.00000
690 0.00000
691 0.00000
692 0.00000
693 0.00000
694 0.00000
695 0.00000
696 0.00000
697 0.00000
698 0.00000
699 0.00000
700 0.00000
701 0.00000
702 0.00000
703 0.00000
704 0.00000
705 0.00000
706 0.00000
707 0.00000
708 0.00000
709 0.00000
710 0.00000
711 0.00000
712 0.00000
713 0.00000
714 0.00000
715 0.00000
716 0.00000
717 0.00000
718 0.00000
719 0.00000
720 0.00000
721 0.00000
722 0.00000
723 0.00000
724 0.00000
725 0.00000
726 0.00000
727 0.00000
728 0.00000
729 0.00000
730 0.00000
731 0.00000
732 0.00000
733 0.00000
734 0.00000
735 0.00000
736 0.00000
737 0.00000
738 0.00000
739 0.00000
740 0.00000
741 0.00000
742 0.00000
743 0.00000
744 0.00000
745 0.00000
746 0.00000
747 0.00000
748 0.00000
749 0.00000
750 0.00000
751 0.00000
752 0.00000
753 0.00000
754 0.00000
755 0.00000
756 0.00000
757 0.00000
758 0.00000
759 0.00000
760 0.00000
761 0.00000
762 0.00000
763 0.00000
764 0.00000
765 0.00000
766 0.00000
767 0.00000
768 0.00000
769 0.00000
770 0.00000
771 0.00000
772 0.00000
773 0.00000
774 0.00000
775 0.00000
776 0.00000
777 0.00000
778 0.00000
779 0.00000
780 0.00000
781 0.00000
782 0.00000
783 0.00000
784 0.00000
785 0.00000
786 0.00000
787 0.00000
788 0.00000
789 0.00000
790 0.00000
791 0.00000
792 0.00000
793 0.00000
794 0.00000
795 0.00000
796 0.00000
797 0.00000
798 0.00000
799 0.00000
800 0.00000
801 0.00000
802 0.00000
803 0.00000
804 0.00000
805 0.00000
806 0.00000
807 0.00000
808 0.00000
809 0.00000
810 0.00000
811 0.00000
812 0.00000
813 0.00000
814 0.00000
815 0.00000
816 0.00000
817 0.00000
818 0.00000
819 0.00000
820 0.00000
821 0.00000
822 0.00000
823 0.00000
824 0.00000
825 0.00000
826 0.00000
827 0.00000
828 0.00000
829 0.00000
830 0.00000
831 0.00000
832 0.00000
833 0.00000
834 0.00000
835 0.00000
836 0.00000
837 0.00000
838 0.00000
839 0.00000
840 0.00001
841 0.00001
842 0.00001
843 0.00001
844 0.00001
845 0.00001
846 0.00001
847 0.00001
848 0.00001
849 0.00001
850 0.00001
851 0.00002
852 0.00002
853 0.00002
854 0.00002
855 0.00002
856 0.00003
857 0.00003
858 0.00003
859 0.00004
860 0.00004
861 0.00004
862 0.00005
863 0.00005
864 0.00006
865 0.00007
866 0.00008
867 0.00008
868 0.00009
869 0.00010
870 0.00012
871 0.00013
872 0.00014
873 0.00016
874 0.00018
875 0.00020
876 0.00023
877 0.00025
878 0.00028
879 0.00032
880 0.00035
881 0.00039
882 0.00044
883 0.00050
884 0.00056
885 0.00062
886 0.00070
887 0.00078
888 0.00088
889 0.00099
890 0.00111
891 0.00124
892 0.00140
893 0.00157
894 0.00177
895 0.00199
896 0.00223
897 0.00252
898 0.00283
899 0.00319
900 0.00359
901 0.00405
902 0.00456
903 0.00515
904 0.00581
905 0.00655
906 0.00740
907 0.00835
908 0.00943
909 0.01066
910 0.01205
911 0.01362
912 0.01494
913 0.01612
914 0.01759
915 0.01917
916 0.02025
917 0.02074
918 0.02143
919 0.02241
920 0.02377
921 0.02572
922 0.02509
923 0.02447
924 0.02721
925 0.02657
926 0.02593
927 0.02997
928 0.02928
929 0.02861
930 0.02794
931 0.03420
932 0.03346
933 0.03272
934 0.03200
935 0.03129
936 0.03059
937 0.02990
938 0.04017
939 0.03936
940 0.03855
941 0.03776
942 0.03698
943 0.03620
944 0.03544
945 0.03469
946 0.03396
947 0.03323
948 0.03251
949 0.03180
950 0.05040
951 0.04948
952 0.04857
953 0.04768
954 0.04679
955 0.04592
956 0.04505
957 0.04420
958 0.04335
959 0.04252
960 0.04170
961 0.04089
962 0.04009
963 0.03930
964 0.03852
965 0.03775
966 0.03699
967 0.03624
968 0.03550
969 0.03477
970 0.03405
971 0.03334
972 0.03264
973 0.07257
974 0.07149
975 0.07042
976 0.06935
977 0.06829
978 0.06725
979 0.06621
980 0.06518
981 0.06416
982 0.06315
983 0.06215
984 0.06115
985 0.06017
986 0.05919
987 0.05823
988 0.05727
989 0.05632
990 0.05538
991 0.05445
992 0.05353
993 0.05261
994 0.05171
995 0.05081
996 0.04993
997 0.04905
998 0.04818
999 0.04732
1000 0.04647
1001 0.04563
1002 0.04480
1003 0.04397
1004 0.04316
1005 0.04235
1006 0.04156
1007 0.04077
1008 0.03999
1009 0.03922
1010 0.03846
1011 0.03771
1012 0.03697
1013 0.03623
1014 0.03551
1015 0.03479
1016 0.03408
1017 0.03338
1018 0.03269
1019 0.03201
1020 0.03134
1021 0.03068
1022 0.03002
1023 0.02938
1024 0.02874
1025 0.02811
1026 0.15296
1027 0.15148
1028 0.15001
1029 0.14853
1030 0.14705
1031 0.14558
1032 0.14410
1033 0.14262
1034 0.14114
1035 0.13967
1036 0.13819
1037 0.13671
1038 0.13524
1039 0.13376
1040 0.13229
1041 0.13082
1042 0.12935
1043 0.12788
1044 0.12641
1045 0.12494
1046 0.12348
1047 0.12202
1048 0.12056
1049 0.11911
1050 0.11766
1051 0.11621
1052 0.11477
1053 0.11333
1054 0.11189
1055 0.11046
1056 0.10903
1057 0.10761
1058 0.10619
1059 0.10478
1060 0.10338
1061 0.10198
1062 0.10058
1063 0.09919
1064 0.09781
1065 0.09644
1066 0.09507
1067 0.09371
1068 0.09235
1069 0.09101
1070 0.08967
1071 0.08834
1072 0.08702
1073 0.08570
1074 0.08440
1075 0.08310
1076 0.08181
1077 0.08054
1078 0.07927
1079 0.07801
1080 0.07676
1081 0.07552
1082 0.07429
1083 0.07307
1084 0.07186
1085 0.07066
1086 0.06947
1087 0.06829
1088 0.06712
1089 0.06597
1090 0.06482
1091 0.06369
1092 0.06256
1093 0.06145
1094 0.06035
1095 0.05926
1096 0.05818
1097 0.05712
1098 0.05606
1099 0.05502
1100 0.05399
1101 0.05297
1102 0.05197
1103 0.05097
1104 0.04999
1105 0.04902
1106 0.04806
1107 0.04711
1108 0.04618
1109 0.04525
1110 0.04434
1111 0.04344
1112 0.04256
1113 0.04168
1114 0.04082
1115 0.03997
1116 0.03913
1117 0.03831
1118 0.03749
1119 0.03669
1120 0.03590
1121 0.03512
1122 0.03436
1123 0.03360
1124 0.03286
1125 0.03213
1126 0.03141
1127 0.03070
1128 0.03000
1129 0.02932
1130 0.02864
1131 0.02798
1132 0.02733
1133 0.02669
1134 0.02606
1135 0.02544
1136 0.02483
1137 0.02423
1138 0.02365
1139 0.02307
1140 0.02251
1141 0.02195
1142 0.02141
1143 0.02088
1144 0.02035
1145 0.01984
1146 0.01933
1147 0.01884
1148 0.01835
1149 0.01788
1150 0.01741
1151 0.01696
1152 0.01651
1153 0.01607
1154 0.01564
1155 0.01523
1156 0.01481
1157 0.01441
1158 0.01402
1159 0.01363
1160 0.01326
1161 0.01289
1162 0.01253
1163 0.01218
1164 0.01183
1165 0.01149
1166 0.01117
1167 0.01084
1168 0.01053
1169 0.01022
1170 0.00992
1171 0.00963
1172 0.00935
1173 0.00907
1174 0.00880
1175 0.00853
1176 0.00827
1177 0.00802
1178 0.00777
1179 0.00753
1180 0.00730
1181 0.00707
1182 0.00685
1183 0.00663
1184 0.00642
1185 0.00622
1186 0.00602
1187 0.00583
1188 0.00564
1189 0.00545
1190 0.00527
1191 0.00510
1192 0.00493
1193 0.00477
1194 0.00461
1195 0.00445
1196 0.00430
1197 0.00415
1198 0.00401
1199 0.00387
1200 0.00374
1201 0.00361
1202 0.00348
1203 0.00336
1204 0.00324
1205 0.00312
1206 0.00301
1207 0.00290
1208 0.00280
1209 0.00270
1210 0.00260
1211 0.00250
1212 0.00241
1213 0.00232
1214 0.00223
1215 0.00215
1216 1.00000
