17 0.97165
18 0.96917
19 0.96664
20 0.96405
21 0.96140
22 0.95870
23 0.95595
24 0.95316
25 0.95031
26 0.94743
27 0.94450
28 0.94153
29 0.93852
30 0.93547
31 0.93238
32 0.92926
33 0.92611
34 0.92293
35 0.91971
36 0.91647
37 0.91320
38 0.90990
39 0.90657
40 0.90322
41 0.89985
42 0.89645
43 0.89303
44 0.88959
45 0.88613
46 0.88265
47 0.87916
48 0.87564
49 0.87211
50 0.86857
51 0.86501
52 0.86144
53 0.85785
54 0.85425
55 0.85064
56 0.84702
57 0.84339
58 0.83975
59 0.83610
60 0.83244
61 0.82878
62 0.82511
63 0.82143
64 0.81775
65 0.81406
66 0.81036
67 0.80667
68 0.80297
69 0.79927
70 0.79556
71 0.79185
72 0.78814
73 0.78444
74 0.78073
75 0.77702
76 0.77331
77 0.76960
78 0.76589
79 0.76219
80 0.75848
81 0.75478
82 0.75109
83 0.74739
84 0.74370
85 0.74002
86 0.73633
87 0.73266
88 0.72899
89 0.72532
90 0.72166
91 0.71800
92 0.71436
93 0.71071
94 0.70708
95 0.70345
96 0.69983
97 0.69622
98 0.69262
99 0.68902
100 0.68543
101 0.68186
102 0.67829
103 0.67473
104 0.67118
105 0.66763
106 0.66410
107 0.66058
108 0.65707
109 0.65357
110 0.65008
111 0.64660
112 0.64313
113 0.63968
114 0.63623
115 0.63280
116 0.62938
117 0.62597
118 0.62257
119 0.61918
120 0.61581
121 0.61245
122 0.60910
123 0.60576
124 0.60244
125 0.59913
126 0.59583
127 0.59254
128 0.58927
129 0.58601
130 0.58277
131 0.57954
132 0.57632
133 0.57311
134 0.56992
135 0.56674
136 0.56358
137 0.56043
138 0.55730
139 0.55418
140 0.55107
141 0.54798
142 0.54490
143 0.54183
144 0.53878
145 0.53575
146 0.53273
147 0.52972
148 0.52673
149 0.52375
150 0.52079
151 0.51784
152 0.51490
153 0.51198
154 0.50908
155 0.50619
156 0.50332
157 0.50045
158 0.49761
159 0.49478
160 0.49196
161 0.48916
162 0.48637
163 0.48360
164 0.48084
165 0.47810
166 0.47538
167 0.47266
168 0.46996
169 0.46728
170 0.46461
171 0.46196
172 0.45932
173 0.45670
174 0.45409
175 0.45149
176 0.44891
177 0.44635
178 0.44380
179 0.44126
180 0.43874
181 0.43623
182 0.43374
183 0.43126
184 0.42880
185 0.42635
186 0.42391
187 0.42149
188 0.41909
189 0.41669
190 0.41432
191 0.41195
192 0.40961
193 0.40727
194 0.40495
195 0.40264
196 0.40035
197 0.39807
198 0.39581
199 0.39356
200 0.39132
201 0.38910
202 0.38689
203 0.38470
204 0.38251
205 0.38035
206 0.37819
207 0.37605
208 0.37392
209 0.37181
210 0.36971
211 0.36762
212 0.36555
213 0.36349
214 0.36144
215 0.35941
216 0.35739
217 0.35538
218 0.35339
219 0.35141
220 0.34944
221 0.34748
222 0.34554
223 0.34361
224 0.34169
225 0.33979
226 0.33789
227 0.33601
228 0.33415
229 0.33229
230 0.33045
231 0.32862
232 0.32680
233 0.32500
234 0.32320
235 0.32142
236 0.31965
237 0.31789
238 0.31615
239 0.31441
240 0.31269
241 0.31098
242 0.30928
243 0.30760
244 0.30592
245 0.30426
246 0.30260
247 0.30096
248 0.29933
249 0.29771
250 0.29610
251 0.29451
252 0.29292
253 0.29135
254 0.28978
255 0.28823
256 0.28669
257 0.28516
258 0.28364
259 0.28213
260 0.28063
261 0.27914
262 0.27766
263 0.27620
264 0.27474
265 0.27329
266 0.27186
267 0.27043
268 0.26901
269 0.26761
270 0.26621
271 0.26483
272 0.26345
273 0.26208
274 0.26073
275 0.25938
276 0.25804
277 0.25672
278 0.25540
279 0.25409
280 0.25279
281 0.25150
282 0.25022
283 0.24895
284 0.24769
285 0.24644
286 0.24519
287 0.24396
288 0.24273
289 0.24152
290 0.24031
291 0.23911
292 0.23792
293 0.23674
294 0.23557
295 0.23440
296 0.23325
297 0.23210
298 0.23096
299 0.22983
300 0.22871
301 0.22760
302 0.22650
303 0.22540
304 0.22431
305 0.22323
306 0.22216
307 0.22110
308 0.22004
309 0.21899
310 0.21795
311 0.21692
312 0.21589
313 0.21488
314 0.21387
315 0.21287
316 0.21187
317 0.21089
318 0.20991
319 0.20894
320 0.20797
321 0.20702
322 0.20607
323 0.20513
324 0.20419
325 0.20326
326 0.20234
327 0.20143
328 0.20052
329 0.19962
330 0.19873
331 0.19785
332 0.19697
333 0.19610
334 0.19523
335 0.19437
336 0.19352
337 0.19268
338 0.19184
339 0.19101
340 0.19018
341 0.18936
342 0.18855
343 0.18774
344 0.18694
345 0.18615
346 0.18536
347 0.18458
348 0.18381
349 0.18304
350 0.18228
351 0.18152
352 0.18077
353 0.18003
354 0.17929
355 0.17856
356 0.17783
357 0.17711
358 0.17640
359 0.17569
360 0.17499
361 0.17429
362 0.17360
363 0.17291
364 0.17223
365 0.17156
366 0.17089
367 0.17023
368 0.16957
369 0.16891
370 0.16827
371 0.16763
372 0.16699
373 0.16636
374 0.16573
375 0.16511
376 0.16450
377 0.16389
378 0.16328
379 0.16268
380 0.16209
381 0.16150
382 0.16091
383 0.16033
384 0.15976
385 0.15919
386 0.15862
387 0.15806
388 0.15751
389 0.15696
390 0.15641
391 0.15587
392 0.15534
393 0.15480
394 0.15428
395 0.15376
396 0.15324
397 0.15273
398 0.15222
399 0.15171
400 0.15122
401 0.15072
402 0.15023
403 0.14975
404 0.14926
405 0.14879
406 0.14832
407 0.14785
408 0.14738
409 0.14692
410 0.14647
411 0.14602
412 0.14557
413 0.14513
414 0.14469
415 0.14426
416 0.14383
417 0.14340
418 0.14298
419 0.14256
420 0.14215
421 0.14174
422 0.14134
423 0.14093
424 0.14054
425 0.14014
426 0.13975
427 0.13937
428 0.13899
429 0.13861
430 0.13824
431 0.13787
432 0.13750
433 0.13714
434 0.13678
435 0.13642
436 0.13607
437 0.13572
438 0.13538
439 0.13504
440 0.13470
441 0.13437
442 0.13404
443 0.13372
444 0.13340
445 0.13308
446 0.13276
447 0.13245
448 0.13214
449 0.13184
450 0.13154
451 0.13124
452 0.13095
453 0.13066
454 0.13037
455 0.13009
456 0.12981
457 0.12953
458 0.12926
459 0.12899
460 0.12873
461 0.12846
462 0.12820
463 0.12795
464 0.12770
465 0.12745
466 0.12720
467 0.12696
468 0.12672
469 0.12648
470 0.12625
471 0.12602
472 0.12579
473 0.12557
474 0.12535
475 0.12514
476 0.12492
477 0.12471
478 0.12450
479 0.12430
480 0.12410
481 0.12390
482 0.12371
483 0.12352
484 0.12333
485 0.12314
486 0.12296
487 0.12278
488 0.12261
489 0.12243
490 0.12226
491 0.12210
492 0.12193
493 0.12177
494 0.12162
495 0.12146
496 0.12131
497 0.12116
498 0.12102
499 0.12088
500 0.12074
501 0.12060
502 0.12047
503 0.12034
504 0.12021
505 0.12009
506 0.11997
507 0.11985
508 0.11973
509 0.11962
510 0.11951
511 0.11941
512 0.11930
513 0.11920
514 0.11910
515 0.11901
516 0.11892
517 0.11883
518 0.11875
519 0.11866
520 0.11858
521 0.11851
522 0.11843
523 0.11836
524 0.11830
525 0.11823
526 0.11817
527 0.11811
528 0.11805
529 0.11800
530 0.11795
531 0.11790
532 0.11786
533 0.11782
534 0.11778
535 0.11775
536 0.11771
537 0.11768
538 0.11766
539 0.11763
540 0.11761
541 0.11760
542 0.11758
543 0.11757
544 0.11756
545 0.11756
546 0.11755
547 0.11755
548 0.11756
549 0.11756
550 0.11757
551 0.11759
552 0.11760
553 0.11762
554 0.11764
555 0.11767
556 0.11769
557 0.11773
558 0.11776
559 0.11780
560 0.11784
561 0.11788
562 0.11792
563 0.11797
564 0.11803
565 0.11808
566 0.11814
567 0.11820
568 0.11827
569 0.11833
570 0.11840
571 0.11848
572 0.11856
573 0.11864
574 0.11872
575 0.11881
576 0.11890
577 0.11899
578 0.11909
579 0.11919
580 0.11929
581 0.11940
582 0.11951
583 0.11962
584 0.11974
585 0.11986
586 0.11998
587 0.12010
588 0.12023
589 0.12037
590 0.12050
591 0.12064
592 0.12079
593 0.12093
594 0.12108
595 0.12124
596 0.12139
597 0.12155
598 0.12172
599 0.12189
600 0.12206
601 0.12223
602 0.12241
603 0.12259
604 0.12278
605 0.12297
606 0.12316
607 0.12336
608 0.12356
609 0.12376
610 0.12397
611 0.12418
612 0.12439
613 0.12461
614 0.12483
615 0.12505
616 0.12528
617 0.12551
618 0.12574
619 0.12598
620 0.12623
621 0.12647
622 0.12672
623 0.12697
624 0.12723
625 0.12749
626 0.12776
627 0.12803
628 0.12830
629 0.12858
630 0.12886
631 0.12915
632 0.12943
633 0.12973
634 0.13002
635 0.13033
636 0.13063
637 0.13094
638 0.13126
639 0.13158
640 0.13190
641 0.13223
642 0.13256
643 0.13290
644 0.13324
645 0.13358
646 0.13394
647 0.13429
648 0.13465
649 0.13501
650 0.13538
651 0.13575
652 0.13613
653 0.13651
654 0.13690
655 0.13729
656 0.13769
657 0.13809
658 0.13849
659 0.13891
660 0.13932
661 0.13975
662 0.14018
663 0.14061
664 0.14105
665 0.14149
666 0.14194
667 0.14240
668 0.14286
669 0.14333
670 0.14380
671 0.14428
672 0.14476
673 0.14525
674 0.14575
675 0.14625
676 0.14676
677 0.14727
678 0.14779
679 0.14832
680 0.14885
681 0.14939
682 0.14993
683 0.15048
684 0.15103
685 0.15158
686 0.15215
687 0.15272
688 0.15330
689 0.15388
690 0.15447
691 0.15507
692 0.15567
693 0.15628
694 0.15690
695 0.15753
696 0.15816
697 0.15880
698 0.15944
699 0.16010
700 0.16076
701 0.16143
702 0.16211
703 0.16279
704 0.16348
705 0.16418
706 0.16489
707 0.16561
708 0.16633
709 0.16706
710 0.16781
711 0.16855
712 0.16931
713 0.17008
714 0.17085
715 0.17163
716 0.17243
717 0.17323
718 0.17404
719 0.17485
720 0.17568
721 0.17652
722 0.17737
723 0.17822
724 0.17909
725 0.17996
726 0.18085
727 0.18174
728 0.18264
729 0.18356
730 0.18448
731 0.18542
732 0.18636
733 0.18732
734 0.18829
735 0.18926
736 0.19025
737 0.19125
738 0.19226
739 0.19328
740 0.19432
741 0.19536
742 0.19642
743 0.19749
744 0.19857
745 0.19966
746 0.20076
747 0.20188
748 0.20301
749 0.20415
750 0.20531
751 0.20647
752 0.20765
753 0.20885
754 0.21005
755 0.21128
756 0.21251
757 0.21376
758 0.21502
759 0.21630
760 0.21759
761 0.21889
762 0.22021
763 0.22155
764 0.22290
765 0.22426
766 0.22565
767 0.22704
768 0.22845
769 0.22988
770 0.23133
771 0.23279
772 0.23427
773 0.23576
774 0.23727
775 0.23880
776 0.24035
777 0.24191
778 0.24349
779 0.24509
780 0.24671
781 0.24835
782 0.25000
783 0.25168
784 0.25337
785 0.25509
786 0.25682
787 0.25857
788 0.26035
789 0.26214
790 0.26396
791 0.26579
792 0.26765
793 0.26953
794 0.27143
795 0.27335
796 0.27530
797 0.27727
798 0.27926
799 0.28128
800 0.28331
801 0.28538
802 0.28747
803 0.28958
804 0.29171
805 0.29388
806 0.29606
807 0.29827
808 0.30050
809 0.30272
810 0.30496
811 0.30722
812 0.30952
813 0.31184
814 0.31419
815 0.31656
816 0.31896
817 0.32140
818 0.32386
819 0.32634
820 0.32886
821 0.33141
822 0.33399
823 0.33660
824 0.33924
825 0.34191
826 0.34462
827 0.34735
828 0.35012
829 0.35293
830 0.35576
831 0.35864
832 0.36154
833 0.36448
834 0.36746
835 0.37047
836 0.37352
837 0.37661
838 0.37974
839 0.38290
840 0.38610
841 0.38934
842 0.39263
843 0.39595
844 0.39931
845 0.40272
846 0.40616
847 0.40965
848 0.41319
849 0.41677
850 0.42039
851 0.42406
852 0.42777
853 0.43153
854 0.43534
855 0.43919
856 0.44310
857 0.44705
858 0.45106
859 0.45511
860 0.45922
861 0.46338
862 0.46759
863 0.47185
864 0.47617
865 0.48055
866 0.48498
867 0.48947
868 0.49401
869 0.49862
870 0.50329
871 0.50801
872 0.51280
873 0.51765
874 0.52256
875 0.52754
876 0.53258
877 0.53769
878 0.54286
879 0.54811
880 0.55342
881 0.55880
882 0.56426
883 0.56978
884 0.57538
885 0.58106
886 0.58681
887 0.59264
888 0.59854
889 0.60453
890 0.61059
891 0.61674
892 0.62297
893 0.62928
894 0.63568
895 0.64217
896 0.64874
897 0.65541
898 0.66216
899 0.66901
900 0.67595
901 0.68299
902 0.69012
903 0.69735
904 0.70468
905 0.71212
906 0.71965
907 0.72729
908 0.73504
909 0.74289
910 0.75085
911 0.75893
912 0.76531
913 0.78123
914 0.79194
915 0.79944
916 0.80367
917 0.80576
918 0.80813
919 0.81085
920 0.81402
921 0.81778
922 0.81715
923 0.81651
924 0.82110
925 0.82047
926 0.81984
927 0.82559
928 0.82498
929 0.82437
930 0.82376
931 0.83124
932 0.83065
933 0.83006
934 0.82947
935 0.82887
936 0.82828
937 0.82768
938 0.83797
939 0.83741
940 0.83684
941 0.83627
942 0.83570
943 0.83513
944 0.83456
945 0.83399
946 0.83341
947 0.83284
948 0.83226
949 0.83169
950 0.84696
951 0.84643
952 0.84589
953 0.84536
954 0.84483
955 0.84429
956 0.84375
957 0.84322
958 0.84268
959 0.84214
960 0.84160
961 0.84105
962 0.84051
963 0.83997
964 0.83942
965 0.83888
966 0.83833
967 0.83778
968 0.83723
969 0.83668
970 0.83613
971 0.83557
972 0.83502
973 0.86057
974 0.86009
975 0.85961
976 0.85913
977 0.85865
978 0.85817
979 0.85769
980 0.85721
981 0.85672
982 0.85624
983 0.85575
984 0.85527
985 0.85478
986 0.85429
987 0.85380
988 0.85331
989 0.85282
990 0.85233
991 0.85183
992 0.85134
993 0.85084
994 0.85034
995 0.84985
996 0.84935
997 0.84885
998 0.84835
999 0.84785
1000 0.84734
1001 0.84684
1002 0.84633
1003 0.84583
1004 0.84532
1005 0.84481
1006 0.84430
1007 0.84379
1008 0.84328
1009 0.84277
1010 0.84226
1011 0.84175
1012 0.84123
1013 0.84071
1014 0.84020
1015 0.83968
1016 0.83916
1017 0.83864
1018 0.83812
1019 0.83760
1020 0.83708
1021 0.83655
1022 0.83603
1023 0.83550
1024 0.83497
1025 0.83445
1026 0.88762
1027 0.88725
1028 0.88688
1029 0.88651
1030 0.88613
1031 0.88576
1032 0.88539
1033 0.88501
1034 0.88463
1035 0.88426
1036 0.88388
1037 0.88350
1038 0.88312
1039 0.88274
1040 0.88236
1041 0.88198
1042 0.88160
1043 0.88122
1044 0.88083
1045 0.88045
1046 0.88006
1047 0.87968
1048 0.87929
1049 0.87890
1050 0.87851
1051 0.87813
1052 0.87774
1053 0.87734
1054 0.87695
1055 0.87656
1056 0.87617
1057 0.87577
1058 0.87538
1059 0.87498
1060 0.87459
1061 0.87419
1062 0.87379
1063 0.87339
1064 0.87299
1065 0.87259
1066 0.87219
1067 0.87179
1068 0.87139
1069 0.87098
1070 0.87058
1071 0.87018
1072 0.86977
1073 0.86936
1074 0.86895
1075 0.86854
1076 0.86813
1077 0.86772
1078 0.86731
1079 0.86690
1080 0.86649
1081 0.86607
1082 0.86566
1083 0.86524
1084 0.86482
1085 0.86441
1086 0.86399
1087 0.86357
1088 0.86315
1089 0.86273
1090 0.86231
1091 0.86189
1092 0.86146
1093 0.86104
1094 0.86061
1095 0.86019
1096 0.85976
1097 0.85934
1098 0.85891
1099 0.85848
1100 0.85805
1101 0.85762
1102 0.85719
1103 0.85676
1104 0.85632
1105 0.85589
1106 0.85546
1107 0.85502
1108 0.85459
1109 0.85415
1110 0.85371
1111 0.85327
1112 0.85284
1113 0.85240
1114 0.85195
1115 0.85151
1116 0.85107
1117 0.85063
1118 0.85018
1119 0.84974
1120 0.84929
1121 0.84885
1122 0.84840
1123 0.84795
1124 0.84751
1125 0.84706
1126 0.84661
1127 0.84615
1128 0.84570
1129 0.84525
1130 0.84480
1131 0.84434
1132 0.84389
1133 0.84343
1134 0.84298
1135 0.84252
1136 0.84206
1137 0.84160
1138 0.84114
1139 0.84068
1140 0.84022
1141 0.83976
1142 0.83929
1143 0.83883
1144 0.83837
1145 0.83790
1146 0.83743
1147 0.83697
1148 0.83650
1149 0.83603
1150 0.83556
1151 0.83509
1152 0.83462
1153 0.83415
1154 0.83368
1155 0.83320
1156 0.83273
1157 0.83225
1158 0.83178
1159 0.83130
1160 0.83082
1161 0.83035
1162 0.82987
1163 0.82939
1164 0.82891
1165 0.82842
1166 0.82794
1167 0.82746
1168 0.82698
1169 0.82649
1170 0.82601
1171 0.82552
1172 0.82503
1173 0.82455
1174 0.82406
1175 0.82357
1176 0.82308
1177 0.82259
1178 0.82210
1179 0.82160
1180 0.82111
1181 0.82062
1182 0.82012
1183 0.81963
1184 0.81913
1185 0.81863
1186 0.81813
1187 0.81764
1188 0.81714
1189 0.81664
1190 0.81613
1191 0.81563
1192 0.81513
1193 0.81463
1194 0.81412
1195 0.81362
1196 0.81311
1197 0.81260
1198 0.81210
1199 0.81159
1200 0.81108
1201 0.81057
1202 0.81006
1203 0.80955
1204 0.80904
1205 0.80852
1206 0.80801
1207 0.80749
1208 0.80698
1209 0.80646
1210 0.80595
1211 0.80543
1212 0.80491
1213 0.80439
1214 0.80387
1215 0.80335
1216 1.00000
