17 0.99278
18 0.99211
19 0.99142
20 0.99071
21 0.98997
22 0.98922
23 0.98845
24 0.98766
25 0.98685
26 0.98602
27 0.98518
28 0.98432
29 0.98344
30 0.98254
31 0.98163
32 0.98070
33 0.97976
34 0.97880
35 0.97782
36 0.97683
37 0.97583
38 0.97481
39 0.97378
40 0.97273
41 0.97167
42 0.97059
43 0.96951
44 0.96841
45 0.96729
46 0.96617
47 0.96503
48 0.96388
49 0.96272
50 0.96154
51 0.96036
52 0.95916
53 0.95795
54 0.95673
55 0.95550
56 0.95426
57 0.95300
58 0.95174
59 0.95047
60 0.94919
61 0.94789
62 0.94659
63 0.94528
64 0.94396
65 0.94263
66 0.94129
67 0.93994
68 0.93858
69 0.93722
70 0.93584
71 0.93446
72 0.93307
73 0.93167
74 0.93026
75 0.92885
76 0.92743
77 0.92600
78 0.92456
79 0.92312
80 0.92166
81 0.92021
82 0.91874
83 0.91727
84 0.91579
85 0.91431
86 0.91281
87 0.91132
88 0.90981
89 0.90830
90 0.90679
91 0.90527
92 0.90374
93 0.90221
94 0.90067
95 0.89912
96 0.89758
97 0.89602
98 0.89446
99 0.89290
100 0.89133
101 0.88976
102 0.88818
103 0.88660
104 0.88502
105 0.88343
106 0.88183
107 0.88023
108 0.87863
109 0.87703
110 0.87542
111 0.87380
112 0.87219
113 0.87057
114 0.86894
115 0.86731
116 0.86568
117 0.86405
118 0.86242
119 0.86078
120 0.85913
121 0.85749
122 0.85584
123 0.85419
124 0.85254
125 0.85089
126 0.84923
127 0.84757
128 0.84591
129 0.84425
130 0.84258
131 0.84092
132 0.83925
133 0.83758
134 0.83591
135 0.83423
136 0.83256
137 0.83088
138 0.82920
139 0.82753
140 0.82585
141 0.82416
142 0.82248
143 0.82080
144 0.81912
145 0.81743
146 0.81575
147 0.81406
148 0.81237
149 0.81069
150 0.80900
151 0.80731
152 0.80562
153 0.80393
154 0.80224
155 0.80056
156 0.79887
157 0.79718
158 0.79549
159 0.79380
160 0.79211
161 0.79042
162 0.78873
163 0.78705
164 0.78536
165 0.78367
166 0.78199
167 0.78030
168 0.77862
169 0.77693
170 0.77525
171 0.77356
172 0.77188
173 0.77020
174 0.76852
175 0.76684
176 0.76516
177 0.76349
178 0.76181
179 0.76014
180 0.75846
181 0.75679
182 0.75512
183 0.75345
184 0.75178
185 0.75012
186 0.74845
187 0.74679
188 0.74513
189 0.74347
190 0.74181
191 0.74016
192 0.73850
193 0.73685
194 0.73520
195 0.73355
196 0.73190
197 0.73026
198 0.72862
199 0.72698
200 0.72534
201 0.72370
202 0.72207
203 0.72044
204 0.71881
205 0.71718
206 0.71556
207 0.71394
208 0.71232
209 0.71070
210 0.70909
211 0.70747
212 0.70586
213 0.70426
214 0.70265
215 0.70105
216 0.69945
217 0.69786
218 0.69627
219 0.69468
220 0.69309
221 0.69150
222 0.68992
223 0.68834
224 0.68677
225 0.68520
226 0.68363
227 0.68206
228 0.68050
229 0.67894
230 0.67738
231 0.67583
232 0.67428
233 0.67273
234 0.67119
235 0.66964
236 0.66811
237 0.66657
238 0.66504
239 0.66351
240 0.66199
241 0.66047
242 0.65895
243 0.65744
244 0.65593
245 0.65442
246 0.65292
247 0.65142
248 0.64992
249 0.64843
250 0.64694
251 0.64546
252 0.64398
253 0.64250
254 0.64102
255 0.63955
256 0.63809
257 0.63662
258 0.63517
259 0.63371
260 0.63226
261 0.63081
262 0.62937
263 0.62793
264 0.62649
265 0.62506
266 0.62363
267 0.62221
268 0.62079
269 0.61937
270 0.61796
271 0.61655
272 0.61515
273 0.61375
274 0.61235
275 0.61096
276 0.60957
277 0.60818
278 0.60680
279 0.60543
280 0.60406
281 0.60269
282 0.60133
283 0.59997
284 0.59861
285 0.59726
286 0.59591
287 0.59457
288 0.59323
289 0.59190
290 0.59057
291 0.58924
292 0.58792
293 0.58660
294 0.58529
295 0.58398
296 0.58268
297 0.58137
298 0.58008
299 0.57879
300 0.57750
301 0.57622
302 0.57494
303 0.57366
304 0.57239
305 0.57113
306 0.56987
307 0.56861
308 0.56736
309 0.56611
310 0.56486
311 0.56363
312 0.56239
313 0.56116
314 0.55993
315 0.55871
316 0.55749
317 0.55628
318 0.55507
319 0.55387
320 0.55267
321 0.55147
322 0.55028
323 0.54910
324 0.54791
325 0.54674
326 0.54556
327 0.54440
328 0.54323
329 0.54207
330 0.54092
331 0.53977
332 0.53862
333 0.53748
334 0.53634
335 0.53521
336 0.53408
337 0.53296
338 0.53184
339 0.53072
340 0.52961
341 0.52851
342 0.52741
343 0.52631
344 0.52522
345 0.52413
346 0.52305
347 0.52197
348 0.52090
349 0.51983
350 0.51876
351 0.51770
352 0.51665
353 0.51559
354 0.51455
355 0.51351
356 0.51247
357 0.51144
358 0.51041
359 0.50938
360 0.50836
361 0.50735
362 0.50634
363 0.50533
364 0.50433
365 0.50333
366 0.50234
367 0.50135
368 0.50037
369 0.49939
370 0.49842
371 0.49745
372 0.49648
373 0.49552
374 0.49457
375 0.49362
376 0.49267
377 0.49173
378 0.49079
379 0.48986
380 0.48893
381 0.48800
382 0.48708
383 0.48617
384 0.48526
385 0.48435
386 0.48345
387 0.48255
388 0.48166
389 0.48077
390 0.47989
391 0.47901
392 0.47814
393 0.47727
394 0.47640
395 0.47554
396 0.47469
397 0.47383
398 0.47299
399 0.47215
400 0.47131
401 0.47047
402 0.46964
403 0.46882
404 0.46800
405 0.46718
406 0.46637
407 0.46557
408 0.46476
409 0.46397
410 0.46317
411 0.46239
412 0.46160
413 0.46082
414 0.46005
415 0.45928
416 0.45851
417 0.45775
418 0.45699
419 0.45624
420 0.45549
421 0.45475
422 0.45401
423 0.45327
424 0.45254
425 0.45182
426 0.45110
427 0.45038
428 0.44967
429 0.44896
430 0.44826
431 0.44756
432 0.44686
433 0.44617
434 0.44549
435 0.44481
436 0.44413
437 0.44346
438 0.44279
439 0.44213
440 0.44147
441 0.44081
442 0.44016
443 0.43952
444 0.43888
445 0.43824
446 0.43761
447 0.43698
448 0.43636
449 0.43574
450 0.43513
451 0.43452
452 0.43391
453 0.43331
454 0.43271
455 0.43212
456 0.43153
457 0.43095
458 0.43037
459 0.42980
460 0.42923
461 0.42866
462 0.42810
463 0.42755
464 0.42699
465 0.42645
466 0.42590
467 0.42536
468 0.42483
469 0.42430
470 0.42377
471 0.42325
472 0.42274
473 0.42222
474 0.42172
475 0.42121
476 0.42071
477 0.42022
478 0.41973
479 0.41924
480 0.41876
481 0.41829
482 0.41781
483 0.41735
484 0.41688
485 0.41642
486 0.41597
487 0.41552
488 0.41507
489 0.41463
490 0.41420
491 0.41376
492 0.41334
493 0.41291
494 0.41249
495 0.41208
496 0.41167
497 0.41126
498 0.41086
499 0.41047
500 0.41007
501 0.40969
502 0.40930
503 0.40892
504 0.40855
505 0.40818
506 0.40781
507 0.40745
508 0.40710
509 0.40674
510 0.40640
511 0.40605
512 0.40571
513 0.40538
514 0.40505
515 0.40472
516 0.40440
517 0.40409
518 0.40378
519 0.40347
520 0.40317
521 0.40287
522 0.40257
523 0.40229
524 0.40200
525 0.40172
526 0.40145
527 0.40117
528 0.40091
529 0.40065
530 0.40039
531 0.40014
532 0.39989
533 0.39964
534 0.39941
535 0.39917
536 0.39894
537 0.39872
538 0.39850
539 0.39828
540 0.39807
541 0.39786
542 0.39766
543 0.39746
544 0.39727
545 0.39708
546 0.39690
547 0.39672
548 0.39654
549 0.39637
550 0.39621
551 0.39605
552 0.39589
553 0.39574
554 0.39559
555 0.39545
556 0.39532
557 0.39518
558 0.39506
559 0.39493
560 0.39482
561 0.39470
562 0.39459
563 0.39449
564 0.39439
565 0.39430
566 0.39421
567 0.39412
568 0.39405
569 0.39397
570 0.39390
571 0.39384
572 0.39378
573 0.39372
574 0.39367
575 0.39363
576 0.39358
577 0.39355
578 0.39352
579 0.39349
580 0.39347
581 0.39346
582 0.39345
583 0.39344
584 0.39344
585 0.39344
586 0.39345
587 0.39347
588 0.39349
589 0.39351
590 0.39354
591 0.39358
592 0.39361
593 0.39366
594 0.39371
595 0.39377
596 0.39383
597 0.39389
598 0.39396
599 0.39404
600 0.39412
601 0.39421
602 0.39430
603 0.39440
604 0.39450
605 0.39461
606 0.39472
607 0.39484
608 0.39496
609 0.39509
610 0.39522
611 0.39536
612 0.39551
613 0.39566
614 0.39582
615 0.39598
616 0.39615
617 0.39632
618 0.39650
619 0.39668
620 0.39687
621 0.39707
622 0.39727
623 0.39748
624 0.39769
625 0.39791
626 0.39813
627 0.39836
628 0.39860
629 0.39884
630 0.39908
631 0.39934
632 0.39959
633 0.39986
634 0.40013
635 0.40041
636 0.40069
637 0.40098
638 0.40127
639 0.40157
640 0.40188
641 0.40219
642 0.40251
643 0.40284
644 0.40317
645 0.40350
646 0.40385
647 0.40420
648 0.40455
649 0.40492
650 0.40529
651 0.40566
652 0.40604
653 0.40643
654 0.40683
655 0.40723
656 0.40763
657 0.40805
658 0.40847
659 0.40890
660 0.40933
661 0.40977
662 0.41022
663 0.41067
664 0.41113
665 0.41160
666 0.41208
667 0.41256
668 0.41305
669 0.41354
670 0.41405
671 0.41456
672 0.41507
673 0.41560
674 0.41613
675 0.41667
676 0.41721
677 0.41776
678 0.41832
679 0.41889
680 0.41947
681 0.42005
682 0.42064
683 0.42124
684 0.42184
685 0.42246
686 0.42308
687 0.42370
688 0.42434
689 0.42498
690 0.42563
691 0.42629
692 0.42696
693 0.42764
694 0.42832
695 0.42901
696 0.42971
697 0.43042
698 0.43114
699 0.43186
700 0.43259
701 0.43333
702 0.43408
703 0.43484
704 0.43561
705 0.43638
706 0.43717
707 0.43796
708 0.43876
709 0.43957
710 0.44039
711 0.44122
712 0.44206
713 0.44290
714 0.44376
715 0.44462
716 0.44550
717 0.44638
718 0.44727
719 0.44817
720 0.44908
721 0.45001
722 0.45094
723 0.45188
724 0.45283
725 0.45379
726 0.45476
727 0.45574
728 0.45673
729 0.45773
730 0.45874
731 0.45976
732 0.46079
733 0.46183
734 0.46288
735 0.46394
736 0.46501
737 0.46610
738 0.46719
739 0.46830
740 0.46941
741 0.47054
742 0.47168
743 0.47283
744 0.47399
745 0.47516
746 0.47634
747 0.47754
748 0.47875
749 0.47996
750 0.48119
751 0.48244
752 0.48369
753 0.48496
754 0.48623
755 0.48752
756 0.48883
757 0.49014
758 0.49147
759 0.49281
760 0.49416
761 0.49553
762 0.49691
763 0.49830
764 0.49971
765 0.50112
766 0.50256
767 0.50400
768 0.50546
769 0.50693
770 0.50842
771 0.50992
772 0.51143
773 0.51296
774 0.51450
775 0.51606
776 0.51763
777 0.51922
778 0.52082
779 0.52244
780 0.52407
781 0.52571
782 0.52737
783 0.52905
784 0.53074
785 0.53245
786 0.53417
787 0.53591
788 0.53767
789 0.53944
790 0.54123
791 0.54303
792 0.54485
793 0.54669
794 0.54854
795 0.55041
796 0.55230
797 0.55421
798 0.55613
799 0.55807
800 0.56003
801 0.56201
802 0.56400
803 0.56601
804 0.56805
805 0.57010
806 0.57217
807 0.57425
808 0.57636
809 0.57849
810 0.58063
811 0.58280
812 0.58498
813 0.58719
814 0.58941
815 0.59166
816 0.59392
817 0.59621
818 0.59852
819 0.60084
820 0.60319
821 0.60557
822 0.60796
823 0.61037
824 0.61281
825 0.61527
826 0.61775
827 0.62026
828 0.62278
829 0.62534
830 0.62791
831 0.63051
832 0.63313
833 0.63577
834 0.63844
835 0.64114
836 0.64386
837 0.64660
838 0.64937
839 0.65217
840 0.65499
841 0.65783
842 0.66071
843 0.66361
844 0.66653
845 0.66949
846 0.67247
847 0.67547
848 0.67851
849 0.68157
850 0.68467
851 0.68779
852 0.69094
853 0.69412
854 0.69733
855 0.70056
856 0.70383
857 0.70713
858 0.71046
859 0.71382
860 0.71722
861 0.72064
862 0.72410
863 0.72758
864 0.73111
865 0.73466
866 0.73825
867 0.74187
868 0.74552
869 0.74921
870 0.75294
871 0.75670
872 0.76049
873 0.76432
874 0.76819
875 0.77209
876 0.77603
877 0.78001
878 0.78402
879 0.78808
880 0.79217
881 0.79630
882 0.80047
883 0.80468
884 0.80893
885 0.81322
886 0.81756
887 0.82193
888 0.82634
889 0.83080
890 0.83530
891 0.83985
892 0.84444
893 0.84907
894 0.85374
895 0.85847
896 0.86323
897 0.86805
898 0.87291
899 0.87782
900 0.88277
901 0.88778
902 0.89283
903 0.89793
904 0.90309
905 0.90829
906 0.91354
907 0.91885
908 0.92420
909 0.92962
910 0.93508
911 0.94060
912 0.94503
913 0.94562
914 0.94628
915 0.94693
916 0.94738
917 0.94762
918 0.94792
919 0.94830
920 0.94876
921 0.94935
922 0.94928
923 0.94920
924 0.94996
925 0.94989
926 0.94981
927 0.95082
928 0.95075
929 0.95067
930 0.95060
931 0.95198
932 0.95191
933 0.95184
934 0.95177
935 0.95169
936 0.95162
937 0.95155
938 0.95353
939 0.95346
940 0.95339
941 0.95332
942 0.95325
943 0.95319
944 0.95312
945 0.95305
946 0.95298
947 0.95291
948 0.95284
949 0.95277
950 0.95582
951 0.95575
952 0.95569
953 0.95562
954 0.95556
955 0.95549
956 0.95543
957 0.95536
958 0.95530
959 0.95523
960 0.95517
961 0.95510
962 0.95504
963 0.95497
964 0.95491
965 0.95484
966 0.95477
967 0.95471
968 0.95464
969 0.95458
970 0.95451
971 0.95445
972 0.95438
973 0.95963
974 0.95957
975 0.95951
976 0.95945
977 0.95939
978 0.95933
979 0.95928
980 0.95922
981 0.95916
982 0.95910
983 0.95904
984 0.95898
985 0.95893
986 0.95887
987 0.95881
988 0.95875
989 0.95869
990 0.95863
991 0.95858
992 0.95852
993 0.95846
994 0.95840
995 0.95834
996 0.95828
997 0.95822
998 0.95817
999 0.95811
1000 0.95805
1001 0.95799
1002 0.95793
1003 0.95787
1004 0.95781
1005 0.95775
1006 0.95770
1007 0.95764
1008 0.95758
1009 0.95752
1010 0.95746
1011 0.95740
1012 0.95734
1013 0.95728
1014 0.95722
1015 0.95716
1016 0.95711
1017 0.95705
1018 0.95699
1019 0.95693
1020 0.95687
1021 0.95681
1022 0.95675
1023 0.95669
1024 0.95663
1025 0.95657
1026 0.96770
1027 0.96765
1028 0.96761
1029 0.96756
1030 0.96752
1031 0.96748
1032 0.96743
1033 0.96739
1034 0.96734
1035 0.96730
1036 0.96725
1037 0.96721
1038 0.96716
1039 0.96712
1040 0.96708
1041 0.96703
1042 0.96699
1043 0.96694
1044 0.96690
1045 0.96685
1046 0.96681
1047 0.96676
1048 0.96672
1049 0.96667
1050 0.96663
1051 0.96658
1052 0.96654
1053 0.96650
1054 0.96645
1055 0.96641
1056 0.96636
1057 0.96632
1058 0.96627
1059 0.96623
1060 0.96618
1061 0.96614
1062 0.96609
1063 0.96605
1064 0.96600
1065 0.96596
1066 0.96591
1067 0.96587
1068 0.96582
1069 0.96578
1070 0.96573
1071 0.96569
1072 0.96564
1073 0.96560
1074 0.96555
1075 0.96551
1076 0.96546
1077 0.96542
1078 0.96537
1079 0.96533
1080 0.96528
1081 0.96524
1082 0.96519
1083 0.96515
1084 0.96510
1085 0.96506
1086 0.96501
1087 0.96497
1088 0.96492
1089 0.96487
1090 0.96483
1091 0.96478
1092 0.96474
1093 0.96469
1094 0.96465
1095 0.96460
1096 0.96456
1097 0.96451
1098 0.96447
1099 0.96442
1100 0.96438
1101 0.96433
1102 0.96428
1103 0.96424
1104 0.96419
1105 0.96415
1106 0.96410
1107 0.96406
1108 0.96401
1109 0.96397
1110 0.96392
1111 0.96387
1112 0.96383
1113 0.96378
1114 0.96374
1115 0.96369
1116 0.96365
1117 0.96360
1118 0.96355
1119 0.96351
1120 0.96346
1121 0.96342
1122 0.96337
1123 0.96333
1124 0.96328
1125 0.96323
1126 0.96319
1127 0.96314
1128 0.96310
1129 0.96305
1130 0.96300
1131 0.96296
1132 0.96291
1133 0.96287
1134 0.96282
1135 0.96277
1136 0.96273
1137 0.96268
1138 0.96264
1139 0.96259
1140 0.96254
1141 0.96250
1142 0.96245
1143 0.96241
1144 0.96236
1145 0.96231
1146 0.96227
1147 0.96222
1148 0.96217
1149 0.96213
1150 0.96208
1151 0.96204
1152 0.96199
1153 0.96194
1154 0.96190
1155 0.96185
1156 0.96180
1157 0.96176
1158 0.96171
1159 0.96167
1160 0.96162
1161 0.96157
1162 0.96153
1163 0.96148
1164 0.96143
1165 0.96139
1166 0.96134
1167 0.96129
1168 0.96125
1169 0.96120
1170 0.96115
1171 0.96111
1172 0.96106
1173 0.96101
1174 0.96097
1175 0.96092
1176 0.96087
1177 0.96083
1178 0.96078
1179 0.96074
1180 0.96069
1181 0.96064
1182 0.96059
1183 0.96055
1184 0.96050
1185 0.96045
1186 0.96041
1187 0.96036
1188 0.96031
1189 0.96027
1190 0.96022
1191 0.96017
1192 0.96013
1193 0.96008
1194 0.96003
1195 0.95999
1196 0.95994
1197 0.95989
1198 0.95985
1199 0.95980
1200 0.95975
1201 0.95970
1202 0.95966
1203 0.95961
1204 0.95956
1205 0.95952
1206 0.95947
1207 0.95942
1208 0.95938
1209 0.95933
1210 0.95928
1211 0.95923
1212 0.95919
1213 0.95914
1214 0.95909
1215 0.95905
1216 1.00000
