17 0.98510
18 0.98374
19 0.98233
20 0.98088
21 0.97940
22 0.97787
23 0.97631
24 0.97472
25 0.97309
26 0.97143
27 0.96973
28 0.96800
29 0.96624
30 0.96445
31 0.96263
32 0.96079
33 0.95891
34 0.95700
35 0.95507
36 0.95311
37 0.95113
38 0.94912
39 0.94709
40 0.94503
41 0.94295
42 0.94085
43 0.93872
44 0.93657
45 0.93440
46 0.93221
47 0.93000
48 0.92777
49 0.92552
50 0.92325
51 0.92096
52 0.91865
53 0.91633
54 0.91398
55 0.91163
56 0.90925
57 0.90686
58 0.90445
59 0.90203
60 0.89960
61 0.89715
62 0.89468
63 0.89220
64 0.88971
65 0.88721
66 0.88469
67 0.88216
68 0.87962
69 0.87707
70 0.87450
71 0.87193
72 0.86934
73 0.86675
74 0.86414
75 0.86153
76 0.85890
77 0.85627
78 0.85363
79 0.85098
80 0.84832
81 0.84565
82 0.84298
83 0.84030
84 0.83761
85 0.83492
86 0.83222
87 0.82951
88 0.82680
89 0.82409
90 0.82136
91 0.81864
92 0.81590
93 0.81317
94 0.81043
95 0.80768
96 0.80493
97 0.80218
98 0.79942
99 0.79666
100 0.79390
101 0.79114
102 0.78837
103 0.78560
104 0.78283
105 0.78006
106 0.77729
107 0.77451
108 0.77174
109 0.76896
110 0.76618
111 0.76340
112 0.76062
113 0.75784
114 0.75507
115 0.75229
116 0.74951
117 0.74673
118 0.74395
119 0.74118
120 0.73840
121 0.73563
122 0.73286
123 0.73009
124 0.72732
125 0.72455
126 0.72179
127 0.71902
128 0.71626
129 0.71350
130 0.71075
131 0.70800
132 0.70525
133 0.70250
134 0.69976
135 0.69702
136 0.69428
137 0.69155
138 0.68882
139 0.68610
140 0.68338
141 0.68066
142 0.67795
143 0.67524
144 0.67254
145 0.66984
146 0.66715
147 0.66446
148 0.66177
149 0.65909
150 0.65642
151 0.65375
152 0.65109
153 0.64843
154 0.64578
155 0.64313
156 0.64049
157 0.63785
158 0.63523
159 0.63260
160 0.62999
161 0.62737
162 0.62477
163 0.62217
164 0.61958
165 0.61700
166 0.61442
167 0.61185
168 0.60928
169 0.60672
170 0.60417
171 0.60163
172 0.59909
173 0.59656
174 0.59404
175 0.59152
176 0.58901
177 0.58651
178 0.58402
179 0.58153
180 0.57905
181 0.57658
182 0.57412
183 0.57166
184 0.56921
185 0.56677
186 0.56434
187 0.56192
188 0.55950
189 0.55709
190 0.55469
191 0.55230
192 0.54991
193 0.54754
194 0.54517
195 0.54281
196 0.54046
197 0.53812
198 0.53578
199 0.53345
200 0.53114
201 0.52883
202 0.52652
203 0.52423
204 0.52195
205 0.51967
206 0.51740
207 0.51514
208 0.51289
209 0.51065
210 0.50842
211 0.50620
212 0.50398
213 0.50177
214 0.49958
215 0.49739
216 0.49521
217 0.49303
218 0.49087
219 0.48872
220 0.48657
221 0.48444
222 0.48231
223 0.48019
224 0.47808
225 0.47598
226 0.47389
227 0.47180
228 0.46973
229 0.46766
230 0.46560
231 0.46356
232 0.46152
233 0.45949
234 0.45747
235 0.45546
236 0.45345
237 0.45146
238 0.44947
239 0.44750
240 0.44553
241 0.44357
242 0.44162
243 0.43968
244 0.43775
245 0.43582
246 0.43391
247 0.43201
248 0.43011
249 0.42822
250 0.42634
251 0.42447
252 0.42261
253 0.42076
254 0.41892
255 0.41708
256 0.41526
257 0.41344
258 0.41163
259 0.40983
260 0.40804
261 0.40626
262 0.40449
263 0.40273
264 0.40097
265 0.39922
266 0.39749
267 0.39576
268 0.39404
269 0.39232
270 0.39062
271 0.38893
272 0.38724
273 0.38556
274 0.38389
275 0.38223
276 0.38058
277 0.37894
278 0.37730
279 0.37568
280 0.37406
281 0.37245
282 0.37085
283 0.36926
284 0.36767
285 0.36610
286 0.36453
287 0.36297
288 0.36142
289 0.35988
290 0.35834
291 0.35682
292 0.35530
293 0.35379
294 0.35229
295 0.35080
296 0.34931
297 0.34784
298 0.34637
299 0.34491
300 0.34345
301 0.34201
302 0.34057
303 0.33914
304 0.33772
305 0.33631
306 0.33490
307 0.33351
308 0.33212
309 0.33074
310 0.32936
311 0.32800
312 0.32664
313 0.32529
314 0.32395
315 0.32261
316 0.32129
317 0.31997
318 0.31865
319 0.31735
320 0.31605
321 0.31476
322 0.31348
323 0.31221
324 0.31094
325 0.30968
326 0.30843
327 0.30719
328 0.30595
329 0.30472
330 0.30350
331 0.30228
332 0.30107
333 0.29987
334 0.29868
335 0.29749
336 0.29631
337 0.29514
338 0.29398
339 0.29282
340 0.29167
341 0.29052
342 0.28939
343 0.28826
344 0.28713
345 0.28602
346 0.28491
347 0.28380
348 0.28271
349 0.28162
350 0.28054
351 0.27946
352 0.27840
353 0.27733
354 0.27628
355 0.27523
356 0.27419
357 0.27315
358 0.27212
359 0.27110
360 0.27009
361 0.26908
362 0.26808
363 0.26708
364 0.26609
365 0.26511
366 0.26413
367 0.26316
368 0.26220
369 0.26124
370 0.26029
371 0.25934
372 0.25840
373 0.25747
374 0.25654
375 0.25562
376 0.25471
377 0.25380
378 0.25290
379 0.25200
380 0.25111
381 0.25023
382 0.24935
383 0.24848
384 0.24761
385 0.24675
386 0.24589
387 0.24505
388 0.24420
389 0.24337
390 0.24253
391 0.24171
392 0.24089
393 0.24008
394 0.23927
395 0.23846
396 0.23767
397 0.23688
398 0.23609
399 0.23531
400 0.23454
401 0.23377
402 0.23300
403 0.23225
404 0.23149
405 0.23075
406 0.23000
407 0.22927
408 0.22854
409 0.22781
410 0.22709
411 0.22638
412 0.22567
413 0.22496
414 0.22426
415 0.22357
416 0.22288
417 0.22220
418 0.22152
419 0.22085
420 0.22018
421 0.21952
422 0.21886
423 0.21821
424 0.21756
425 0.21692
426 0.21628
427 0.21565
428 0.21502
429 0.21440
430 0.21378
431 0.21317
432 0.21256
433 0.21196
434 0.21136
435 0.21077
436 0.21018
437 0.20960
438 0.20902
439 0.20844
440 0.20788
441 0.20731
442 0.20675
443 0.20620
444 0.20565
445 0.20510
446 0.20456
447 0.20403
448 0.20349
449 0.20297
450 0.20245
451 0.20193
452 0.20142
453 0.20091
454 0.20040
455 0.19990
456 0.19941
457 0.19892
458 0.19843
459 0.19795
460 0.19748
461 0.19700
462 0.19653
463 0.19607
464 0.19561
465 0.19516
466 0.19471
467 0.19426
468 0.19382
469 0.19338
470 0.19295
471 0.19252
472 0.19210
473 0.19168
474 0.19126
475 0.19085
476 0.19044
477 0.19004
478 0.18964
479 0.18924
480 0.18885
481 0.18847
482 0.18809
483 0.18771
484 0.18733
485 0.18696
486 0.18660
487 0.18624
488 0.18588
489 0.18553
490 0.18518
491 0.18483
492 0.18449
493 0.18416
494 0.18382
495 0.18350
496 0.18317
497 0.18285
498 0.18253
499 0.18222
500 0.18191
501 0.18161
502 0.18131
503 0.18101
504 0.18072
505 0.18043
506 0.18015
507 0.17987
508 0.17959
509 0.17932
510 0.17905
511 0.17879
512 0.17853
513 0.17827
514 0.17802
515 0.17777
516 0.17752
517 0.17728
518 0.17704
519 0.17681
520 0.17658
521 0.17636
522 0.17614
523 0.17592
524 0.17570
525 0.17549
526 0.17529
527 0.17509
528 0.17489
529 0.17469
530 0.17450
531 0.17432
532 0.17414
533 0.17396
534 0.17378
535 0.17361
536 0.17344
537 0.17328
538 0.17312
539 0.17297
540 0.17281
541 0.17267
542 0.17252
543 0.17238
544 0.17225
545 0.17212
546 0.17199
547 0.17186
548 0.17174
549 0.17163
550 0.17151
551 0.17140
552 0.17130
553 0.17120
554 0.17110
555 0.17101
556 0.17092
557 0.17083
558 0.17075
559 0.17067
560 0.17060
561 0.17053
562 0.17046
563 0.17040
564 0.17034
565 0.17029
566 0.17024
567 0.17019
568 0.17015
569 0.17011
570 0.17008
571 0.17005
572 0.17002
573 0.17000
574 0.16998
575 0.16997
576 0.16996
577 0.16995
578 0.16995
579 0.16995
580 0.16996
581 0.16997
582 0.16999
583 0.17000
584 0.17003
585 0.17005
586 0.17008
587 0.17012
588 0.17016
589 0.17020
590 0.17025
591 0.17030
592 0.17036
593 0.17042
594 0.17048
595 0.17055
596 0.17062
597 0.17070
598 0.17078
599 0.17087
600 0.17096
601 0.17105
602 0.17115
603 0.17126
604 0.17137
605 0.17148
606 0.17159
607 0.17172
608 0.17184
609 0.17197
610 0.17211
611 0.17225
612 0.17239
613 0.17254
614 0.17269
615 0.17285
616 0.17301
617 0.17318
618 0.17335
619 0.17353
620 0.17371
621 0.17389
622 0.17409
623 0.17428
624 0.17448
625 0.17469
626 0.17490
627 0.17511
628 0.17533
629 0.17556
630 0.17579
631 0.17602
632 0.17626
633 0.17651
634 0.17676
635 0.17702
636 0.17728
637 0.17754
638 0.17781
639 0.17809
640 0.17837
641 0.17866
642 0.17895
643 0.17925
644 0.17956
645 0.17986
646 0.18018
647 0.18050
648 0.18083
649 0.18116
650 0.18149
651 0.18184
652 0.18219
653 0.18254
654 0.18290
655 0.18327
656 0.18364
657 0.18402
658 0.18440
659 0.18479
660 0.18519
661 0.18559
662 0.18600
663 0.18642
664 0.18684
665 0.18727
666 0.18770
667 0.18814
668 0.18859
669 0.18905
670 0.18951
671 0.18997
672 0.19045
673 0.19093
674 0.19142
675 0.19191
676 0.19241
677 0.19292
678 0.19344
679 0.19396
680 0.19449
681 0.19503
682 0.19557
683 0.19612
684 0.19668
685 0.19725
686 0.19782
687 0.19841
688 0.19900
689 0.19959
690 0.20020
691 0.20081
692 0.20143
693 0.20206
694 0.20270
695 0.20335
696 0.20400
697 0.20466
698 0.20534
699 0.20602
700 0.20670
701 0.20740
702 0.20811
703 0.20882
704 0.20955
705 0.21028
706 0.21102
707 0.21177
708 0.21253
709 0.21330
710 0.21408
711 0.21487
712 0.21567
713 0.21648
714 0.21730
715 0.21813
716 0.21897
717 0.21982
718 0.22067
719 0.22154
720 0.22243
721 0.22332
722 0.22422
723 0.22513
724 0.22605
725 0.22699
726 0.22794
727 0.22889
728 0.22986
729 0.23084
730 0.23184
731 0.23284
732 0.23386
733 0.23488
734 0.23593
735 0.23698
736 0.23804
737 0.23912
738 0.24021
739 0.24132
740 0.24243
741 0.24357
742 0.24471
743 0.24587
744 0.24704
745 0.24822
746 0.24942
747 0.25064
748 0.25186
749 0.25311
750 0.25436
751 0.25563
752 0.25692
753 0.25822
754 0.25954
755 0.26087
756 0.26222
757 0.26359
758 0.26497
759 0.26637
760 0.26778
761 0.26921
762 0.27066
763 0.27212
764 0.27361
765 0.27511
766 0.27662
767 0.27816
768 0.27971
769 0.28129
770 0.28288
771 0.28449
772 0.28612
773 0.28777
774 0.28943
775 0.29112
776 0.29283
777 0.29456
778 0.29631
779 0.29808
780 0.29987
781 0.30168
782 0.30352
783 0.30538
784 0.30725
785 0.30916
786 0.31108
787 0.31303
788 0.31500
789 0.31700
790 0.31902
791 0.32106
792 0.32313
793 0.32522
794 0.32734
795 0.32948
796 0.33165
797 0.33385
798 0.33607
799 0.33831
800 0.34059
801 0.34289
802 0.34522
803 0.34757
804 0.34996
805 0.35237
806 0.35482
807 0.35729
808 0.35979
809 0.36233
810 0.36489
811 0.36749
812 0.37012
813 0.37278
814 0.37547
815 0.37820
816 0.38096
817 0.38375
818 0.38658
819 0.38945
820 0.39235
821 0.39528
822 0.39825
823 0.40127
824 0.40431
825 0.40740
826 0.41053
827 0.41369
828 0.41689
829 0.42013
830 0.42342
831 0.42674
832 0.43011
833 0.43352
834 0.43698
835 0.44048
836 0.44402
837 0.44761
838 0.45125
839 0.45493
840 0.45867
841 0.46245
842 0.46628
843 0.47016
844 0.47409
845 0.47807
846 0.48210
847 0.48617
848 0.49031
849 0.49449
850 0.49873
851 0.50303
852 0.50739
853 0.51180
854 0.51627
855 0.52080
856 0.52539
857 0.53005
858 0.53476
859 0.53954
860 0.54438
861 0.54929
862 0.55426
863 0.55930
864 0.56441
865 0.56959
866 0.57484
867 0.58016
868 0.58556
869 0.59103
870 0.59657
871 0.60219
872 0.60789
873 0.61366
874 0.61952
875 0.62545
876 0.63147
877 0.63757
878 0.64376
879 0.65004
880 0.65640
881 0.66285
882 0.66939
883 0.67603
884 0.68276
885 0.68958
886 0.69650
887 0.70352
888 0.71064
889 0.71786
890 0.72518
891 0.73261
892 0.74014
893 0.74776
894 0.75548
895 0.76332
896 0.77128
897 0.77935
898 0.78753
899 0.79584
900 0.80426
901 0.81281
902 0.82149
903 0.83029
904 0.83922
905 0.84829
906 0.85748
907 0.86682
908 0.87629
909 0.88590
910 0.89566
911 0.90556
912 0.91354
913 0.91459
914 0.91578
915 0.91694
916 0.91772
917 0.91812
918 0.91863
919 0.91928
920 0.92011
921 0.92118
922 0.92097
923 0.92076
924 0.92217
925 0.92197
926 0.92176
927 0.92365
928 0.92345
929 0.92325
930 0.92306
931 0.92565
932 0.92547
933 0.92528
934 0.92509
935 0.92490
936 0.92471
937 0.92452
938 0.92828
939 0.92811
940 0.92793
941 0.92775
942 0.92758
943 0.92740
944 0.92723
945 0.92705
946 0.92687
947 0.92669
948 0.92651
949 0.92634
950 0.93215
951 0.93200
952 0.93184
953 0.93168
954 0.93152
955 0.93137
956 0.93121
957 0.93105
958 0.93089
959 0.93073
960 0.93057
961 0.93041
962 0.93025
963 0.93009
964 0.92993
965 0.92977
966 0.92961
967 0.92944
968 0.92928
969 0.92912
970 0.92896
971 0.92879
972 0.92863
973 0.93870
974 0.93858
975 0.93845
976 0.93832
977 0.93819
978 0.93807
979 0.93794
980 0.93781
981 0.93768
982 0.93755
983 0.93742
984 0.93729
985 0.93716
986 0.93704
987 0.93691
988 0.93678
989 0.93665
990 0.93652
991 0.93639
992 0.93626
993 0.93612
994 0.93599
995 0.93586
996 0.93573
997 0.93560
998 0.93547
999 0.93534
1000 0.93520
1001 0.93507
1002 0.93494
1003 0.93481
1004 0.93467
1005 0.93454
1006 0.93441
1007 0.93427
1008 0.93414
1009 0.93401
1010 0.93387
1011 0.93374
1012 0.93360
1013 0.93347
1014 0.93333
1015 0.93320
1016 0.93306
1017 0.93293
1018 0.93279
1019 0.93266
1020 0.93252
1021 0.93239
1022 0.93225
1023 0.93211
1024 0.93198
1025 0.93184
1026 0.95334
1027 0.95328
1028 0.95321
1029 0.95315
1030 0.95308
1031 0.95302
1032 0.95296
1033 0.95289
1034 0.95283
1035 0.95277
1036 0.95270
1037 0.95264
1038 0.95258
1039 0.95251
1040 0.95245
1041 0.95238
1042 0.95232
1043 0.95226
1044 0.95219
1045 0.95213
1046 0.95206
1047 0.95200
1048 0.95194
1049 0.95187
1050 0.95181
1051 0.95174
1052 0.95168
1053 0.95162
1054 0.95155
1055 0.95149
1056 0.95142
1057 0.95133
1058 0.95117
1059 0.95101
1060 0.95084
1061 0.95068
1062 0.95052
1063 0.95035
1064 0.95019
1065 0.95002
1066 0.94986
1067 0.94969
1068 0.94953
1069 0.94936
1070 0.94919
1071 0.94903
1072 0.94886
1073 0.94869
1074 0.94852
1075 0.94836
1076 0.94819
1077 0.94802
1078 0.94785
1079 0.94768
1080 0.94751
1081 0.94734
1082 0.94717
1083 0.94699
1084 0.94682
1085 0.94665
1086 0.94648
1087 0.94630
1088 0.94613
1089 0.94596
1090 0.94578
1091 0.94561
1092 0.94543
1093 0.94526
1094 0.94508
1095 0.94491
1096 0.94473
1097 0.94455
1098 0.94438
1099 0.94420
1100 0.94402
1101 0.94384
1102 0.94366
1103 0.94348
1104 0.94330
1105 0.94312
1106 0.94294
1107 0.94276
1108 0.94258
1109 0.94240
1110 0.94222
1111 0.94204
1112 0.94185
1113 0.94167
1114 0.94149
1115 0.94130
1116 0.94112
1117 0.94093
1118 0.94075
1119 0.94056
1120 0.94038
1121 0.94019
1122 0.94001
1123 0.93982
1124 0.93963
1125 0.93944
1126 0.93925
1127 0.93907
1128 0.93888
1129 0.93869
1130 0.93850
1131 0.93831
1132 0.93812
1133 0.93793
1134 0.93773
1135 0.93754
1136 0.93735
1137 0.93716
1138 0.93696
1139 0.93677
1140 0.93658
1141 0.93638
1142 0.93619
1143 0.93599
1144 0.93580
1145 0.93560
1146 0.93541
1147 0.93521
1148 0.93501
1149 0.93481
1150 0.93462
1151 0.93442
1152 0.93422
1153 0.93402
1154 0.93382
1155 0.93362
1156 0.93342
1157 0.93322
1158 0.93302
1159 0.93282
1160 0.93261
1161 0.93241
1162 0.93221
1163 0.93201
1164 0.93180
1165 0.93160
1166 0.93139
1167 0.93119
1168 0.93098
1169 0.93078
1170 0.93057
1171 0.93037
1172 0.93016
1173 0.92995
1174 0.92974
1175 0.92954
1176 0.92933
1177 0.92912
1178 0.92891
1179 0.92870
1180 0.92849
1181 0.92828
1182 0.92807
1183 0.92785
1184 0.92764
1185 0.92743
1186 0.92722
1187 0.92700
1188 0.92679
1189 0.92658
1190 0.92636
1191 0.92615
1192 0.92593
1193 0.92572
1194 0.92550
1195 0.92528
1196 0.92507
1197 0.92485
1198 0.92463
1199 0.92441
1200 0.92419
1201 0.92398
1202 0.92376
1203 0.92354
1204 0.92332
1205 0.92310
1206 0.92287
1207 0.92265
1208 0.92243
1209 0.92221
1210 0.92198
1211 0.92176
1212 0.92154
1213 0.92131
1214 0.92109
1215 0.92086
1216 1.00000
