17 0.89854
18 0.88984
19 0.88099
20 0.87197
21 0.86282
22 0.85354
23 0.84414
24 0.83463
25 0.82503
26 0.81534
27 0.80557
28 0.79574
29 0.78585
30 0.77591
31 0.76593
32 0.75591
33 0.74587
34 0.73581
35 0.72574
36 0.71566
37 0.70559
38 0.69552
39 0.68547
40 0.67543
41 0.66542
42 0.65544
43 0.64549
44 0.63558
45 0.62572
46 0.61590
47 0.60614
48 0.59643
49 0.58678
50 0.57719
51 0.56767
52 0.55821
53 0.54884
54 0.53953
55 0.53030
56 0.52116
57 0.51209
58 0.50311
59 0.49422
60 0.48542
61 0.47670
62 0.46808
63 0.45955
64 0.45112
65 0.44278
66 0.43454
67 0.42640
68 0.41835
69 0.41041
70 0.40257
71 0.39483
72 0.38719
73 0.37965
74 0.37222
75 0.36489
76 0.35766
77 0.35053
78 0.34351
79 0.33659
80 0.32977
81 0.32306
82 0.31645
83 0.30994
84 0.30354
85 0.29723
86 0.29103
87 0.28493
88 0.27893
89 0.27302
90 0.26722
91 0.26151
92 0.25590
93 0.25039
94 0.24498
95 0.23966
96 0.23443
97 0.22930
98 0.22426
99 0.21931
100 0.21446
101 0.20969
102 0.20501
103 0.20042
104 0.19591
105 0.19150
106 0.18716
107 0.18291
108 0.17875
109 0.17466
110 0.17065
111 0.16673
112 0.16288
113 0.15911
114 0.15542
115 0.15180
116 0.14825
117 0.14478
118 0.14138
119 0.13805
120 0.13479
121 0.13160
122 0.12847
123 0.12542
124 0.12242
125 0.11949
126 0.11663
127 0.11382
128 0.11108
129 0.10840
130 0.10577
131 0.10321
132 0.10070
133 0.09824
134 0.09584
135 0.09350
136 0.09120
137 0.08896
138 0.08677
139 0.08463
140 0.08254
141 0.08049
142 0.07849
143 0.07654
144 0.07464
145 0.07277
146 0.07096
147 0.06918
148 0.06744
149 0.06575
150 0.06410
151 0.06248
152 0.06090
153 0.05936
154 0.05786
155 0.05640
156 0.05496
157 0.05357
158 0.05220
159 0.05087
160 0.04958
161 0.04831
162 0.04707
163 0.04587
164 0.04469
165 0.04354
166 0.04242
167 0.04133
168 0.04027
169 0.03923
170 0.03822
171 0.03723
172 0.03627
173 0.03533
174 0.03441
175 0.03352
176 0.03265
177 0.03180
178 0.03098
179 0.03017
180 0.02939
181 0.02862
182 0.02787
183 0.02715
184 0.02644
185 0.02575
186 0.02508
187 0.02442
188 0.02378
189 0.02316
190 0.02255
191 0.02196
192 0.02139
193 0.02082
194 0.02028
195 0.01975
196 0.01923
197 0.01872
198 0.01823
199 0.01775
200 0.01728
201 0.01683
202 0.01639
203 0.01596
204 0.01554
205 0.01513
206 0.01473
207 0.01434
208 0.01396
209 0.01360
210 0.01324
211 0.01289
212 0.01255
213 0.01222
214 0.01190
215 0.01158
216 0.01128
217 0.01098
218 0.01069
219 0.01041
220 0.01014
221 0.00987
222 0.00961
223 0.00936
224 0.00911
225 0.00887
226 0.00864
227 0.00841
228 0.00819
229 0.00798
230 0.00777
231 0.00756
232 0.00737
233 0.00717
234 0.00698
235 0.00680
236 0.00662
237 0.00645
238 0.00628
239 0.00612
240 0.00596
241 0.00580
242 0.00565
243 0.00550
244 0.00536
245 0.00522
246 0.00508
247 0.00495
248 0.00482
249 0.00470
250 0.00458
251 0.00446
252 0.00434
253 0.00423
254 0.00412
255 0.00401
256 0.00391
257 0.00381
258 0.00371
259 0.00362
260 0.00352
261 0.00343
262 0.00334
263 0.00326
264 0.00317
265 0.00309
266 0.00301
267 0.00294
268 0.00286
269 0.00279
270 0.00272
271 0.00265
272 0.00258
273 0.00252
274 0.00245
275 0.00239
276 0.00233
277 0.00227
278 0.00221
279 0.00216
280 0.00210
281 0.00205
282 0.00200
283 0.00195
284 0.00190
285 0.00185
286 0.00181
287 0.00176
288 0.00172
289 0.00168
290 0.00163
291 0.00159
292 0.00155
293 0.00152
294 0.00148
295 0.00144
296 0.00141
297 0.00137
298 0.00134
299 0.00131
300 0.00127
301 0.00124
302 0.00121
303 0.00118
304 0.00115
305 0.00113
306 0.00110
307 0.00107
308 0.00105
309 0.00102
310 0.00100
311 0.00097
312 0.00095
313 0.00093
314 0.00091
315 0.00088
316 0.00086
317 0.00084
318 0.00082
319 0.00080
320 0.00079
321 0.00077
322 0.00075
323 0.00073
324 0.00071
325 0.00070
326 0.00068
327 0.00067
328 0.00065
329 0.00064
330 0.00062
331 0.00061
332 0.00059
333 0.00058
334 0.00057
335 0.00055
336 0.00054
337 0.00053
338 0.00052
339 0.00051
340 0.00049
341 0.00048
342 0.00047
343 0.00046
344 0.00045
345 0.00044
346 0.00043
347 0.00042
348 0.00041
349 0.00040
350 0.00040
351 0.00039
352 0.00038
353 0.00037
354 0.00036
355 0.00035
356 0.00035
357 0.00034
358 0.00033
359 0.00033
360 0.00032
361 0.00031
362 0.00031
363 0.00030
364 0.00029
365 0.00029
366 0.00028
367 0.00028
368 0.00027
369 0.00026
370 0.00026
371 0.00025
372 0.00025
373 0.00024
374 0.00024
375 0.00023
376 0.00023
377 0.00022
378 0.00022
379 0.00022
380 0.00021
381 0.00021
382 0.00020
383 0.00020
384 0.00020
385 0.00019
386 0.00019
387 0.00018
388 0.00018
389 0.00018
390 0.00017
391 0.00017
392 0.00017
393 0.00016
394 0.00016
395 0.00016
396 0.00016
397 0.00015
398 0.00015
399 0.00015
400 0.00014
401 0.00014
402 0.00014
403 0.00014
404 0.00013
405 0.00013
406 0.00013
407 0.00013
408 0.00013
409 0.00012
410 0.00012
411 0.00012
412 0.00012
413 0.00011
414 0.00011
415 0.00011
416 0.00011
417 0.00011
418 0.00011
419 0.00010
420 0.00010
421 0.00010
422 0.00010
423 0.00010
424 0.00010
425 0.00009
426 0.00009
427 0.00009
428 0.00009
429 0.00009
430 0.00009
431 0.00009
432 0.00008
433 0.00008
434 0.00008
435 0.00008
436 0.00008
437 0.00008
438 0.00008
439 0.00008
440 0.00007
441 0.00007
442 0.00007
443 0.00007
444 0.00007
445 0.00007
446 0.00007
447 0.00007
448 0.00007
449 0.00007
450 0.00006
451 0.00006
452 0.00006
453 0.00006
454 0.00006
455 0.00006
456 0.00006
457 0.00006
458 0.00006
459 0.00006
460 0.00006
461 0.00006
462 0.00006
463 0.00005
464 0.00005
465 0.00005
466 0.00005
467 0.00005
468 0.00005
469 0.00005
470 0.00005
471 0.00005
472 0.00005
473 0.00005
474 0.00005
475 0.00005
476 0.00005
477 0.00005
478 0.00005
479 0.00005
480 0.00004
481 0.00004
482 0.00004
483 0.00004
484 0.00004
485 0.00004
486 0.00004
487 0.00004
488 0.00004
489 0.00004
490 0.00004
491 0.00004
492 0.00004
493 0.00004
494 0.00004
495 0.00004
496 0.00004
497 0.00004
498 0.00004
499 0.00004
500 0.00004
501 0.00004
502 0.00004
503 0.00004
504 0.00004
505 0.00004
506 0.00003
507 0.00003
508 0.00003
509 0.00003
510 0.00003
511 0.00003
512 0.00003
513 0.00003
514 0.00003
515 0.00003
516 0.00003
517 0.00003
518 0.00003
519 0.00003
520 0.00003
521 0.00003
522 0.00003
523 0.00003
524 0.00003
525 0.00003
526 0.00003
527 0.00003
528 0.00003
529 0.00003
530 0.00003
531 0.00003
532 0.00003
533 0.00003
534 0.00003
535 0.00003
536 0.00003
537 0.00003
538 0.00003
539 0.00003
540 0.00003
541 0.00003
542 0.00003
543 0.00003
544 0.00003
545 0.00003
546 0.00003
547 0.00003
548 0.00003
549 0.00003
550 0.00003
551 0.00003
552 0.00003
553 0.00003
554 0.00003
555 0.00003
556 0.00003
557 0.00003
558 0.00003
559 0.00003
560 0.00003
561 0.00003
562 0.00003
563 0.00003
564 0.00003
565 0.00003
566 0.00003
567 0.00003
568 0.00003
569 0.00003
570 0.00003
571 0.00003
572 0.00003
573 0.00003
574 0.00003
575 0.00003
576 0.00003
577 0.00003
578 0.00003
579 0.00003
580 0.00003
581 0.00003
582 0.00003
583 0.00003
584 0.00003
585 0.00003
586 0.00003
587 0.00003
588 0.00003
589 0.00003
590 0.00003
591 0.00003
592 0.00003
593 0.00003
594 0.00003
595 0.00003
596 0.00003
597 0.00003
598 0.00003
599 0.00003
600 0.00003
601 0.00003
602 0.00003
603 0.00003
604 0.00003
605 0.00003
606 0.00003
607 0.00003
608 0.00003
609 0.00003
610 0.00003
611 0.00003
612 0.00003
613 0.00003
614 0.00003
615 0.00003
616 0.00003
617 0.00003
618 0.00003
619 0.00003
620 0.00003
621 0.00003
622 0.00003
623 0.00003
624 0.00003
625 0.00003
626 0.00003
627 0.00003
628 0.00003
629 0.00003
630 0.00003
631 0.00003
632 0.00004
633 0.00004
634 0.00004
635 0.00004
636 0.00004
637 0.00004
638 0.00004
639 0.00004
640 0.00004
641 0.00004
642 0.00004
643 0.00004
644 0.00004
645 0.00004
646 0.00004
647 0.00004
648 0.00004
649 0.00004
650 0.00004
651 0.00004
652 0.00004
653 0.00004
654 0.00004
655 0.00004
656 0.00005
657 0.00005
658 0.00005
659 0.00005
660 0.00005
661 0.00005
662 0.00005
663 0.00005
664 0.00005
665 0.00005
666 0.00005
667 0.00005
668 0.00005
669 0.00005
670 0.00005
671 0.00006
672 0.00006
673 0.00006
674 0.00006
675 0.00006
676 0.00006
677 0.00006
678 0.00006
679 0.00006
680 0.00006
681 0.00006
682 0.00007
683 0.00007
684 0.00007
685 0.00007
686 0.00007
687 0.00007
688 0.00007
689 0.00007
690 0.00008
691 0.00008
692 0.00008
693 0.00008
694 0.00008
695 0.00008
696 0.00008
697 0.00009
698 0.00009
699 0.00009
700 0.00009
701 0.00009
702 0.00010
703 0.00010
704 0.00010
705 0.00010
706 0.00010
707 0.00011
708 0.00011
709 0.00011
710 0.00011
711 0.00011
712 0.00012
713 0.00012
714 0.00012
715 0.00012
716 0.00013
717 0.00013
718 0.00013
719 0.00014
720 0.00014
721 0.00014
722 0.00015
723 0.00015
724 0.00015
725 0.00016
726 0.00016
727 0.00017
728 0.00017
729 0.00017
730 0.00018
731 0.00018
732 0.00019
733 0.00019
734 0.00020
735 0.00020
736 0.00021
737 0.00021
738 0.00022
739 0.00022
740 0.00023
741 0.00024
742 0.00024
743 0.00025
744 0.00026
745 0.00026
746 0.00027
747 0.00028
748 0.00029
749 0.00029
750 0.00030
751 0.00031
752 0.00032
753 0.00033
754 0.00034
755 0.00035
756 0.00036
757 0.00037
758 0.00038
759 0.00039
760 0.00040
761 0.00042
762 0.00043
763 0.00044
764 0.00046
765 0.00047
766 0.00049
767 0.00050
768 0.00052
769 0.00053
770 0.00055
771 0.00057
772 0.00059
773 0.00061
774 0.00063
775 0.00065
776 0.00067
777 0.00069
778 0.00072
779 0.00074
780 0.00077
781 0.00079
782 0.00082
783 0.00085
784 0.00088
785 0.00091
786 0.00094
787 0.00098
788 0.00101
789 0.00105
790 0.00109
791 0.00113
792 0.00117
793 0.00121
794 0.00126
795 0.00130
796 0.00135
797 0.00140
798 0.00146
799 0.00151
800 0.00157
801 0.00163
802 0.00169
803 0.00176
804 0.00183
805 0.00190
806 0.00198
807 0.00205
808 0.00214
809 0.00222
810 0.00231
811 0.00241
812 0.00250
813 0.00261
814 0.00271
815 0.00283
816 0.00294
817 0.00307
818 0.00320
819 0.00333
820 0.00347
821 0.00362
822 0.00378
823 0.00394
824 0.00411
825 0.00429
826 0.00447
827 0.00467
828 0.00488
829 0.00509
830 0.00532
831 0.00556
832 0.00581
833 0.00607
834 0.00634
835 0.00663
836 0.00694
837 0.00726
838 0.00759
839 0.00795
840 0.00832
841 0.00871
842 0.00912
843 0.00955
844 0.01000
845 0.01048
846 0.01098
847 0.01151
848 0.01207
849 0.01265
850 0.01327
851 0.01392
852 0.01461
853 0.01533
854 0.01609
855 0.01689
856 0.01774
857 0.01863
858 0.01957
859 0.02057
860 0.02162
861 0.02272
862 0.02389
863 0.02513
864 0.02643
865 0.02781
866 0.02926
867 0.03080
868 0.03242
869 0.03414
870 0.03596
871 0.03788
872 0.03991
873 0.04207
874 0.04434
875 0.04675
876 0.04930
877 0.05200
878 0.05486
879 0.05789
880 0.06111
881 0.06451
882 0.06812
883 0.07194
884 0.07600
885 0.08030
886 0.08486
887 0.08971
888 0.09484
889 0.10030
890 0.10609
891 0.11224
892 0.11878
893 0.12572
894 0.13310
895 0.14094
896 0.14927
897 0.15813
898 0.16756
899 0.17758
900 0.18825
901 0.19960
902 0.21168
903 0.22455
904 0.23825
905 0.25283
906 0.26838
907 0.28494
908 0.30259
909 0.32140
910 0.34146
911 0.36286
912 0.38070
913 0.38581
914 0.39169
915 0.39754
916 0.40141
917 0.40329
918 0.40576
919 0.40899
920 0.41323
921 0.41882
922 0.41740
923 0.41597
924 0.42347
925 0.42205
926 0.42063
927 0.43091
928 0.42949
929 0.42808
930 0.42667
931 0.44120
932 0.43981
933 0.43841
934 0.43701
935 0.43561
936 0.43422
937 0.43282
938 0.45438
939 0.45301
940 0.45163
941 0.45025
942 0.44887
943 0.44750
944 0.44612
945 0.44475
946 0.44337
947 0.44200
948 0.44062
949 0.43925
950 0.47366
951 0.47232
952 0.47097
953 0.46963
954 0.46829
955 0.46694
956 0.46560
957 0.46426
958 0.46292
959 0.46157
960 0.46023
961 0.45889
962 0.45755
963 0.45621
964 0.45487
965 0.45353
966 0.45218
967 0.45084
968 0.44951
969 0.44817
970 0.44683
971 0.44549
972 0.44415
973 0.50603
974 0.50475
975 0.50348
976 0.50220
977 0.50092
978 0.49964
979 0.49836
980 0.49709
981 0.49581
982 0.49453
983 0.49325
984 0.49197
985 0.49069
986 0.48941
987 0.48813
988 0.48685
989 0.48558
990 0.48430
991 0.48302
992 0.48174
993 0.48046
994 0.47918
995 0.47790
996 0.47662
997 0.47534
998 0.47406
999 0.47278
1000 0.47151
1001 0.47023
1002 0.46895
1003 0.46767
1004 0.46639
1005 0.46511
1006 0.46384
1007 0.46256
1008 0.46128
1009 0.46000
1010 0.45873
1011 0.45745
1012 0.45617
1013 0.45490
1014 0.45362
1015 0.45234
1016 0.45107
1017 0.44979
1018 0.44852
1019 0.44724
1020 0.44597
1021 0.44470
1022 0.44342
1023 0.44215
1024 0.44088
1025 0.43960
1026 0.57965
1027 0.57854
1028 0.57743
1029 0.57632
1030 0.57520
1031 0.57409
1032 0.57298
1033 0.57186
1034 0.57075
1035 0.56963
1036 0.56851
1037 0.56740
1038 0.56628
1039 0.56516
1040 0.56404
1041 0.56292
1042 0.56180
1043 0.56068
1044 0.55956
1045 0.55843
1046 0.55731
1047 0.55619
1048 0.55506
1049 0.55394
1050 0.55282
1051 0.55169
1052 0.55056
1053 0.54944
1054 0.54831
1055 0.54718
1056 0.54606
1057 0.54493
1058 0.54380
1059 0.54267
1060 0.54154
1061 0.54041
1062 0.53928
1063 0.53815
1064 0.53702
1065 0.53589
1066 0.53476
1067 0.53362
1068 0.53249
1069 0.53136
1070 0.53022
1071 0.52909
1072 0.52796
1073 0.52682
1074 0.52569
1075 0.52455
1076 0.52342
1077 0.52228
1078 0.52115
1079 0.52001
1080 0.51887
1081 0.51774
1082 0.51660
1083 0.51546
1084 0.51433
1085 0.51319
1086 0.51205
1087 0.51091
1088 0.50978
1089 0.50864
1090 0.50750
1091 0.50636
1092 0.50522
1093 0.50408
1094 0.50294
1095 0.50180
1096 0.50067
1097 0.49953
1098 0.49839
1099 0.49725
1100 0.49611
1101 0.49497
1102 0.49383
1103 0.49269
1104 0.49155
1105 0.49041
1106 0.48927
1107 0.48813
1108 0.48699
1109 0.48585
1110 0.48471
1111 0.48357
1112 0.48242
1113 0.48128
1114 0.48014
1115 0.47900
1116 0.47786
1117 0.47672
1118 0.47558
1119 0.47444
1120 0.47330
1121 0.47216
1122 0.47102
1123 0.46988
1124 0.46875
1125 0.46761
1126 0.46647
1127 0.46533
1128 0.46419
1129 0.46305
1130 0.46191
1131 0.46077
1132 0.45963
1133 0.45850
1134 0.45736
1135 0.45622
1136 0.45508
1137 0.45395
1138 0.45281
1139 0.45167
1140 0.45054
1141 0.44940
1142 0.44826
1143 0.44713
1144 0.44599
1145 0.44486
1146 0.44372
1147 0.44259
1148 0.44145
1149 0.44032
1150 0.43918
1151 0.43805
1152 0.43692
1153 0.43579
1154 0.43465
1155 0.43352
1156 0.43239
1157 0.43126
1158 0.43013
1159 0.42900
1160 0.42787
1161 0.42674
1162 0.42561
1163 0.42448
1164 0.42335
1165 0.42222
1166 0.42110
1167 0.41997
1168 0.41884
1169 0.41772
1170 0.41659
1171 0.41547
1172 0.41434
1173 0.41322
1174 0.41210
1175 0.41097
1176 0.40985
1177 0.40873
1178 0.40761
1179 0.40649
1180 0.40537
1181 0.40425
1182 0.40313
1183 0.40201
1184 0.40089
1185 0.39977
1186 0.39866
1187 0.39754
1188 0.39643
1189 0.39531
1190 0.39420
1191 0.39308
1192 0.39197
1193 0.39086
1194 0.38975
1195 0.38864
1196 0.38753
1197 0.38642
1198 0.38531
1199 0.38420
1200 0.38309
1201 0.38199
1202 0.38088
1203 0.37977
1204 0.37867
1205 0.37757
1206 0.37646
1207 0.37536
1208 0.37426
1209 0.37316
1210 0.37206
1211 0.37096
1212 0.36986
1213 0.36876
1214 0.36766
1215 0.36657
1216 1.00000
