17 0.76400
18 0.74598
19 0.72791
20 0.70984
21 0.69181
22 0.67384
23 0.65596
24 0.63821
25 0.62061
26 0.60318
27 0.58594
28 0.56891
29 0.55210
30 0.53554
31 0.51924
32 0.50320
33 0.48744
34 0.47198
35 0.45681
36 0.44194
37 0.42738
38 0.41314
39 0.39922
40 0.38562
41 0.37234
42 0.35939
43 0.34676
44 0.33445
45 0.32247
46 0.31082
47 0.29948
48 0.28846
49 0.27776
50 0.26737
51 0.25729
52 0.24751
53 0.23803
54 0.22885
55 0.21995
56 0.21134
57 0.20301
58 0.19496
59 0.18717
60 0.17965
61 0.17238
62 0.16537
63 0.15860
64 0.15206
65 0.14576
66 0.13969
67 0.13384
68 0.12821
69 0.12278
70 0.11755
71 0.11253
72 0.10769
73 0.10304
74 0.09857
75 0.09427
76 0.09015
77 0.08618
78 0.08238
79 0.07872
80 0.07521
81 0.07185
82 0.06862
83 0.06553
84 0.06257
85 0.05972
86 0.05700
87 0.05439
88 0.05190
89 0.04951
90 0.04722
91 0.04503
92 0.04293
93 0.04093
94 0.03901
95 0.03718
96 0.03543
97 0.03375
98 0.03216
99 0.03063
100 0.02917
101 0.02777
102 0.02644
103 0.02517
104 0.02396
105 0.02281
106 0.02170
107 0.02065
108 0.01965
109 0.01869
110 0.01778
111 0.01691
112 0.01608
113 0.01529
114 0.01454
115 0.01382
116 0.01314
117 0.01249
118 0.01187
119 0.01128
120 0.01071
121 0.01018
122 0.00967
123 0.00919
124 0.00873
125 0.00829
126 0.00787
127 0.00748
128 0.00710
129 0.00674
130 0.00640
131 0.00608
132 0.00577
133 0.00547
134 0.00520
135 0.00493
136 0.00468
137 0.00444
138 0.00422
139 0.00400
140 0.00379
141 0.00360
142 0.00342
143 0.00324
144 0.00307
145 0.00292
146 0.00277
147 0.00262
148 0.00249
149 0.00236
150 0.00224
151 0.00212
152 0.00201
153 0.00191
154 0.00181
155 0.00172
156 0.00163
157 0.00154
158 0.00146
159 0.00139
160 0.00132
161 0.00125
162 0.00118
163 0.00112
164 0.00106
165 0.00101
166 0.00096
167 0.00091
168 0.00086
169 0.00081
170 0.00077
171 0.00073
172 0.00069
173 0.00066
174 0.00062
175 0.00059
176 0.00056
177 0.00053
178 0.00050
179 0.00048
180 0.00045
181 0.00043
182 0.00041
183 0.00038
184 0.00036
185 0.00035
186 0.00033
187 0.00031
188 0.00029
189 0.00028
190 0.00026
191 0.00025
192 0.00024
193 0.00023
194 0.00021
195 0.00020
196 0.00019
197 0.00018
198 0.00017
199 0.00016
200 0.00016
201 0.00015
202 0.00014
203 0.00013
204 0.00013
205 0.00012
206 0.00011
207 0.00011
208 0.00010
209 0.00010
210 0.00009
211 0.00009
212 0.00008
213 0.00008
214 0.00007
215 0.00007
216 0.00007
217 0.00006
218 0.00006
219 0.00006
220 0.00005
221 0.00005
222 0.00005
223 0.00005
224 0.00004
225 0.00004
226 0.00004
227 0.00004
228 0.00004
229 0.00003
230 0.00003
231 0.00003
232 0.00003
233 0.00003
234 0.00003
235 0.00002
236 0.00002
237 0.00002
238 0.00002
239 0.00002
240 0.00002
241 0.00002
242 0.00002
243 0.00002
244 0.00002
245 0.00001
246 0.00001
247 0.00001
248 0.00001
249 0.00001
250 0.00001
251 0.00001
252 0.00001
253 0.00001
254 0.00001
255 0.00001
256 0.00001
257 0.00001
258 0.00001
259 0.00001
260 0.00001
261 0.00001
262 0.00001
263 0.00001
264 0.00001
265 0.00001
266 0.00001
267 0.00000
268 0.00000
269 0.00000
270 0.00000
271 0.00000
272 0.00000
273 0.00000
274 0.00000
275 0.00000
276 0.00000
277 0.00000
278 0.00000
279 0.00000
280 0.00000
281 0.00000
282 0.00000
283 0.00000
284 0.00000
285 0.00000
286 0.00000
287 0.00000
288 0.00000
289 0.00000
290 0.00000
291 0.00000
292 0.00000
293 0.00000
294 0.00000
295 0.00000
296 0.00000
297 0.00000
298 0.00000
299 0.00000
300 0.00000
301 0.00000
302 0.00000
303 0.00000
304 0.00000
305 0.00000
306 0.00000
307 0.00000
308 0.00000
309 0.00000
310 0.00000
311 0.00000
312 0.00000
313 0.00000
314 0.00000
315 0.00000
316 0.00000
317 0.00000
318 0.00000
319 0.00000
320 0.00000
321 0.00000
322 0.00000
323 0.00000
324 0.00000
325 0.00000
326 0.00000
327 0.00000
328 0.00000
329 0.00000
330 0.00000
331 0.00000
332 0.00000
333 0.00000
334 0.00000
335 0.00000
336 0.00000
337 0.00000
338 0.00000
339 0.00000
340 0.00000
341 0.00000
342 0.00000
343 0.00000
344 0.00000
345 0.00000
346 0.00000
347 0.00000
348 0.00000
349 0.00000
350 0.00000
351 0.00000
352 0.00000
353 0.00000
354 0.00000
355 0.00000
356 0.00000
357 0.00000
358 0.00000
359 0.00000
360 0.00000
361 0.00000
362 0.00000
363 0.00000
364 0.00000
365 0.00000
366 0.00000
367 0.00000
368 0.00000
369 0.00000
370 0.00000
371 0.00000
372 0.00000
373 0.00000
374 0.00000
375 0.00000
376 0.00000
377 0.00000
378 0.00000
379 0.00000
380 0.00000
381 0.00000
382 0.00000
383 0.00000
384 0.00000
385 0.00000
386 0.00000
387 0.00000
388 0.00000
389 0.00000
390 0.00000
391 0.00000
392 0.00000
393 0.00000
394 0.00000
395 0.00000
396 0.00000
397 0.00000
398 0.00000
399 0.00000
400 0.00000
401 0.00000
402 0.00000
403 0.00000
404 0.00000
405 0.00000
406 0.00000
407 0.00000
408 0.00000
409 0.00000
410 0.00000
411 0.00000
412 0.00000
413 0.00000
414 0.00000
415 0.00000
416 0.00000
417 0.00000
418 0.00000
419 0.00000
420 0.00000
421 0.00000
422 0.00000
423 0.00000
424 0.00000
425 0.00000
426 0.00000
427 0.00000
428 0.00000
429 0.00000
430 0.00000
431 0.00000
432 0.00000
433 0.00000
434 0.00000
435 0.00000
436 0.00000
437 0.00000
438 0.00000
439 0.00000
440 0.00000
441 0.00000
442 0.00000
443 0.00000
444 0.00000
445 0.00000
446 0.00000
447 0.00000
448 0.00000
449 0.00000
450 0.00000
451 0.00000
452 0.00000
453 0.00000
454 0.00000
455 0.00000
456 0.00000
457 0.00000
458 0.00000
459 0.00000
460 0.00000
461 0.00000
462 0.00000
463 0.00000
464 0.00000
465 0.00000
466 0.00000
467 0.00000
468 0.00000
469 0.00000
470 0.00000
471 0.00000
472 0.00000
473 0.00000
474 0.00000
475 0.00000
476 0.00000
477 0.00000
478 0.00000
479 0.00000
480 0.00000
481 0.00000
482 0.00000
483 0.00000
484 0.00000
485 0.00000
486 0.00000
487 0.00000
488 0.00000
489 0.00000
490 0.00000
491 0.00000
492 0.00000
493 0.00000
494 0.00000
495 0.00000
496 0.00000
497 0.00000
498 0.00000
499 0.00000
500 0.00000
501 0.00000
502 0.00000
503 0.00000
504 0.00000
505 0.00000
506 0.00000
507 0.00000
508 0.00000
509 0.00000
510 0.00000
511 0.00000
512 0.00000
513 0.00000
514 0.00000
515 0.00000
516 0.00000
517 0.00000
518 0.00000
519 0.00000
520 0.00000
521 0.00000
522 0.00000
523 0.00000
524 0.00000
525 0.00000
526 0.00000
527 0.00000
528 0.00000
529 0.00000
530 0.00000
531 0.00000
532 0.00000
533 0.00000
534 0.00000
535 0.00000
536 0.00000
537 0.00000
538 0.00000
539 0.00000
540 0.00000
541 0.00000
542 0.00000
543 0.00000
544 0.00000
545 0.00000
546 0.00000
547 0.00000
548 0.00000
549 0.00000
550 0.00000
551 0.00000
552 0.00000
553 0.00000
554 0.00000
555 0.00000
556 0.00000
557 0.00000
558 0.00000
559 0.00000
560 0.00000
561 0.00000
562 0.00000
563 0.00000
564 0.00000
565 0.00000
566 0.00000
567 0.00000
568 0.00000
569 0.00000
570 0.00000
571 0.00000
572 0.00000
573 0.00000
574 0.00000
575 0.00000
576 0.00000
577 0.00000
578 0.00000
579 0.00000
580 0.00000
581 0.00000
582 0.00000
583 0.00000
584 0.00000
585 0.00000
586 0.00000
587 0.00000
588 0.00000
589 0.00000
590 0.00000
591 0.00000
592 0.00000
593 0.00000
594 0.00000
595 0.00000
596 0.00000
597 0.00000
598 0.00000
599 0.00000
600 0.00000
601 0.00000
602 0.00000
603 0.00000
604 0.00000
605 0.00000
606 0.00000
607 0.00000
608 0.00000
609 0.00000
610 0.00000
611 0.00000
612 0.00000
613 0.00000
614 0.00000
615 0.00000
616 0.00000
617 0.00000
618 0.00000
619 0.00000
620 0.00000
621 0.00000
622 0.00000
623 0.00000
624 0.00000
625 0.00000
626 0.00000
627 0.00000
628 0.00000
629 0.00000
630 0.00000
631 0.00000
632 0.00000
633 0.00000
634 0.00000
635 0.00000
636 0.00000
637 0.00000
638 0.00000
639 0.00000
640 0.00000
641 0.00000
642 0.00000
643 0.00000
644 0.00000
645 0.00000
646 0.00000
647 0.00000
648 0.00000
649 0.00000
650 0.00000
651 0.00000
652 0.00000
653 0.00000
654 0.00000
655 0.00000
656 0.00000
657 0.00000
658 0.00000
659 0.00000
660 0.00000
661 0.00000
662 0.00000
663 0.00000
664 0.00000
665 0.00000
666 0.00000
667 0.00000
668 0.00000
669 0.00000
670 0.00000
671 0.00000
672 0.00000
673 0.00000
674 0.00000
675 0.00000
676 0.00000
677 0.00000
678 0.00000
679 0.00000
680 0.00000
681 0.00000
682 0.00000
683 0.00000
684 0.00000
685 0.00000
686 0.00000
687 0.00000
688 0.00000
689 0.00000
690 0.00000
691 0.00000
692 0.00000
693 0.00000
694 0.00000
695 0.00000
696 0.00000
697 0.00000
698 0.00000
699 0.00000
700 0.00000
701 0.00000
702 0.00000
703 0.00000
704 0.00000
705 0.00000
706 0.00000
707 0.00000
708 0.00000
709 0.00000
710 0.00000
711 0.00000
712 0.00000
713 0.00000
714 0.00000
715 0.00000
716 0.00000
717 0.00000
718 0.00000
719 0.00000
720 0.00000
721 0.00000
722 0.00000
723 0.00000
724 0.00000
725 0.00000
726 0.00000
727 0.00000
728 0.00000
729 0.00000
730 0.00000
731 0.00000
732 0.00000
733 0.00000
734 0.00000
735 0.00000
736 0.00000
737 0.00000
738 0.00000
739 0.00000
740 0.00000
741 0.00000
742 0.00000
743 0.00000
744 0.00000
745 0.00000
746 0.00000
747 0.00000
748 0.00000
749 0.00000
750 0.00000
751 0.00000
752 0.00000
753 0.00000
754 0.00000
755 0.00000
756 0.00000
757 0.00000
758 0.00000
759 0.00000
760 0.00000
761 0.00000
762 0.00000
763 0.00000
764 0.00000
765 0.00000
766 0.00000
767 0.00000
768 0.00000
769 0.00000
770 0.00000
771 0.00000
772 0.00000
773 0.00000
774 0.00000
775 0.00000
776 0.00000
777 0.00000
778 0.00000
779 0.00000
780 0.00000
781 0.00000
782 0.00000
783 0.00000
784 0.00000
785 0.00000
786 0.00000
787 0.00000
788 0.00000
789 0.00000
790 0.00000
791 0.00000
792 0.00000
793 0.00000
794 0.00000
795 0.00000
796 0.00000
797 0.00000
798 0.00000
799 0.00000
800 0.00000
801 0.00000
802 0.00000
803 0.00000
804 0.00000
805 0.00000
806 0.00000
807 0.00000
808 0.00000
809 0.00000
810 0.00000
811 0.00001
812 0.00001
813 0.00001
814 0.00001
815 0.00001
816 0.00001
817 0.00001
818 0.00001
819 0.00001
820 0.00001
821 0.00001
822 0.00001
823 0.00001
824 0.00001
825 0.00001
826 0.00001
827 0.00001
828 0.00001
829 0.00002
830 0.00002
831 0.00002
832 0.00002
833 0.00002
834 0.00002
835 0.00002
836 0.00002
837 0.00003
838 0.00003
839 0.00003
840 0.00003
841 0.00003
842 0.00004
843 0.00004
844 0.00004
845 0.00005
846 0.00005
847 0.00005
848 0.00006
849 0.00006
850 0.00006
851 0.00007
852 0.00007
853 0.00008
854 0.00008
855 0.00009
856 0.00010
857 0.00010
858 0.00011
859 0.00012
860 0.00013
861 0.00014
862 0.00015
863 0.00016
864 0.00017
865 0.00018
866 0.00019
867 0.00021
868 0.00022
869 0.00024
870 0.00026
871 0.00028
872 0.00030
873 0.00032
874 0.00034
875 0.00037
876 0.00040
877 0.00043
878 0.00046
879 0.00049
880 0.00053
881 0.00057
882 0.00061
883 0.00066
884 0.00071
885 0.00076
886 0.00082
887 0.00088
888 0.00095
889 0.00102
890 0.00110
891 0.00119
892 0.00128
893 0.00138
894 0.00148
895 0.00160
896 0.00172
897 0.00186
898 0.00200
899 0.00216
900 0.00233
901 0.00251
902 0.00271
903 0.00292
904 0.00315
905 0.00340
906 0.00367
907 0.00396
908 0.00427
909 0.00461
910 0.00497
911 0.00537
912 0.00567
913 0.00735
914 0.00897
915 0.01050
916 0.01151
917 0.01201
918 0.01266
919 0.01352
920 0.01468
921 0.01629
922 0.01584
923 0.01541
924 0.01764
925 0.01717
926 0.01670
927 0.01997
928 0.01945
929 0.01895
930 0.01846
931 0.02352
932 0.02295
933 0.02239
934 0.02184
935 0.02129
936 0.02076
937 0.02024
938 0.02862
939 0.02797
940 0.02733
941 0.02670
942 0.02609
943 0.02548
944 0.02488
945 0.02429
946 0.02372
947 0.02315
948 0.02259
949 0.02205
950 0.03746
951 0.03670
952 0.03595
953 0.03521
954 0.03448
955 0.03376
956 0.03305
957 0.03235
958 0.03167
959 0.03099
960 0.03032
961 0.02966
962 0.02901
963 0.02837
964 0.02774
965 0.02712
966 0.02651
967 0.02591
968 0.02532
969 0.02474
970 0.02417
971 0.02361
972 0.02305
973 0.05708
974 0.05613
975 0.05518
976 0.05425
977 0.05332
978 0.05241
979 0.05150
980 0.05060
981 0.04971
982 0.04883
983 0.04796
984 0.04709
985 0.04624
986 0.04540
987 0.04456
988 0.04373
989 0.04292
990 0.04211
991 0.04131
992 0.04052
993 0.03974
994 0.03897
995 0.03821
996 0.03745
997 0.03671
998 0.03597
999 0.03524
1000 0.03453
1001 0.03382
1002 0.03312
1003 0.03243
1004 0.03175
1005 0.03107
1006 0.03041
1007 0.02975
1008 0.02911
1009 0.02847
1010 0.02784
1011 0.02722
1012 0.02661
1013 0.02601
1014 0.02542
1015 0.02483
1016 0.02426
1017 0.02369
1018 0.02313
1019 0.02258
1020 0.02204
1021 0.02151
1022 0.02099
1023 0.02047
1024 0.01997
1025 0.01947
1026 0.13027
1027 0.12879
1028 0.12731
1029 0.12584
1030 0.12437
1031 0.12289
1032 0.12143
1033 0.11996
1034 0.11850
1035 0.11704
1036 0.11559
1037 0.11413
1038 0.11269
1039 0.11124
1040 0.10980
1041 0.10837
1042 0.10694
1043 0.10551
1044 0.10410
1045 0.10268
1046 0.10127
1047 0.09987
1048 0.09848
1049 0.09709
1050 0.09571
1051 0.09433
1052 0.09296
1053 0.09160
1054 0.09025
1055 0.08891
1056 0.08757
1057 0.08624
1058 0.08492
1059 0.08361
1060 0.08231
1061 0.08102
1062 0.07973
1063 0.07846
1064 0.07719
1065 0.07594
1066 0.07469
1067 0.07346
1068 0.07224
1069 0.07102
1070 0.06982
1071 0.06863
1072 0.06744
1073 0.06627
1074 0.06511
1075 0.06397
1076 0.06283
1077 0.06170
1078 0.06059
1079 0.05949
1080 0.05840
1081 0.05732
1082 0.05625
1083 0.05520
1084 0.05415
1085 0.05312
1086 0.05210
1087 0.05110
1088 0.05010
1089 0.04912
1090 0.04815
1091 0.04719
1092 0.04625
1093 0.04531
1094 0.04439
1095 0.04348
1096 0.04259
1097 0.04170
1098 0.04083
1099 0.03997
1100 0.03913
1101 0.03829
1102 0.03747
1103 0.03666
1104 0.03586
1105 0.03507
1106 0.03430
1107 0.03354
1108 0.03279
1109 0.03205
1110 0.03132
1111 0.03061
1112 0.02990
1113 0.02921
1114 0.02853
1115 0.02786
1116 0.02721
1117 0.02656
1118 0.02593
1119 0.02530
1120 0.02469
1121 0.02409
1122 0.02350
1123 0.02292
1124 0.02235
1125 0.02179
1126 0.02125
1127 0.02071
1128 0.02018
1129 0.01967
1130 0.01916
1131 0.01866
1132 0.01818
1133 0.01770
1134 0.01723
1135 0.01678
1136 0.01633
1137 0.01589
1138 0.01546
1139 0.01504
1140 0.01463
1141 0.01422
1142 0.01383
1143 0.01344
1144 0.01307
1145 0.01270
1146 0.01234
1147 0.01199
1148 0.01164
1149 0.01131
1150 0.01098
1151 0.01066
1152 0.01034
1153 0.01004
1154 0.00974
1155 0.00945
1156 0.00916
1157 0.00889
1158 0.00862
1159 0.00835
1160 0.00810
1161 0.00784
1162 0.00760
1163 0.00736
1164 0.00713
1165 0.00690
1166 0.00668
1167 0.00647
1168 0.00626
1169 0.00606
1170 0.00586
1171 0.00567
1172 0.00548
1173 0.00530
1174 0.00512
1175 0.00495
1176 0.00478
1177 0.00462
1178 0.00446
1179 0.00431
1180 0.00416
1181 0.00402
1182 0.00388
1183 0.00374
1184 0.00361
1185 0.00348
1186 0.00336
1187 0.00324
1188 0.00312
1189 0.00301
1190 0.00290
1191 0.00279
1192 0.00269
1193 0.00259
1194 0.00249
1195 0.00240
1196 0.00231
1197 0.00222
1198 0.00214
1199 0.00205
1200 0.00197
1201 0.00190
1202 0.00182
1203 0.00175
1204 0.00168
1205 0.00162
1206 0.00155
1207 0.00149
1208 0.00143
1209 0.00137
1210 0.00132
1211 0.00126
1212 0.00121
1213 0.00116
1214 0.00111
1215 0.00107
1216 1.00000
