17 0.96101
18 0.95763
19 0.95416
20 0.95063
21 0.94702
22 0.94335
23 0.93961
24 0.93581
25 0.93196
26 0.92804
27 0.92408
28 0.92006
29 0.91600
30 0.91189
31 0.90774
32 0.90354
33 0.89931
34 0.89504
35 0.89073
36 0.88639
37 0.88202
38 0.87761
39 0.87318
40 0.86873
41 0.86424
42 0.85974
43 0.85521
44 0.85066
45 0.84609
46 0.84151
47 0.83690
48 0.83229
49 0.82765
50 0.82301
51 0.81835
52 0.81368
53 0.80901
54 0.80432
55 0.79963
56 0.79493
57 0.79023
58 0.78552
59 0.78081
60 0.77609
61 0.77138
62 0.76666
63 0.76194
64 0.75723
65 0.75251
66 0.74780
67 0.74309
68 0.73839
69 0.73369
70 0.72900
71 0.72431
72 0.71963
73 0.71495
74 0.71029
75 0.70563
76 0.70098
77 0.69634
78 0.69172
79 0.68710
80 0.68249
81 0.67790
82 0.67332
83 0.66875
84 0.66419
85 0.65965
86 0.65513
87 0.65061
88 0.64611
89 0.64163
90 0.63716
91 0.63271
92 0.62828
93 0.62386
94 0.61946
95 0.61508
96 0.61071
97 0.60637
98 0.60204
99 0.59773
100 0.59343
101 0.58916
102 0.58491
103 0.58068
104 0.57646
105 0.57227
106 0.56809
107 0.56394
108 0.55981
109 0.55570
110 0.55161
111 0.54754
112 0.54349
113 0.53946
114 0.53545
115 0.53147
116 0.52751
117 0.52357
118 0.51965
119 0.51575
120 0.51188
121 0.50803
122 0.50420
123 0.50039
124 0.49661
125 0.49284
126 0.48910
127 0.48539
128 0.48169
129 0.47802
130 0.47438
131 0.47075
132 0.46715
133 0.46357
134 0.46001
135 0.45648
136 0.45297
137 0.44948
138 0.44602
139 0.44257
140 0.43916
141 0.43576
142 0.43239
143 0.42904
144 0.42571
145 0.42241
146 0.41912
147 0.41587
148 0.41263
149 0.40942
150 0.40623
151 0.40306
152 0.39991
153 0.39679
154 0.39369
155 0.39061
156 0.38756
157 0.38452
158 0.38151
159 0.37852
160 0.37556
161 0.37261
162 0.36969
163 0.36679
164 0.36391
165 0.36105
166 0.35821
167 0.35540
168 0.35261
169 0.34984
170 0.34708
171 0.34436
172 0.34165
173 0.33896
174 0.33629
175 0.33365
176 0.33102
177 0.32842
178 0.32584
179 0.32327
180 0.32073
181 0.31821
182 0.31571
183 0.31323
184 0.31076
185 0.30832
186 0.30590
187 0.30349
188 0.30111
189 0.29875
190 0.29640
191 0.29408
192 0.29177
193 0.28948
194 0.28721
195 0.28496
196 0.28273
197 0.28052
198 0.27832
199 0.27614
200 0.27399
201 0.27184
202 0.26972
203 0.26762
204 0.26553
205 0.26346
206 0.26141
207 0.25937
208 0.25736
209 0.25536
210 0.25337
211 0.25141
212 0.24946
213 0.24752
214 0.24561
215 0.24371
216 0.24183
217 0.23996
218 0.23811
219 0.23627
220 0.23445
221 0.23265
222 0.23086
223 0.22909
224 0.22733
225 0.22559
226 0.22386
227 0.22215
228 0.22045
229 0.21877
230 0.21711
231 0.21545
232 0.21382
233 0.21219
234 0.21058
235 0.20899
236 0.20741
237 0.20584
238 0.20429
239 0.20275
240 0.20122
241 0.19971
242 0.19821
243 0.19673
244 0.19526
245 0.19380
246 0.19235
247 0.19092
248 0.18950
249 0.18809
250 0.18670
251 0.18532
252 0.18395
253 0.18259
254 0.18124
255 0.17991
256 0.17859
257 0.17728
258 0.17598
259 0.17470
260 0.17342
261 0.17216
262 0.17091
263 0.16967
264 0.16844
265 0.16723
266 0.16602
267 0.16482
268 0.16364
269 0.16247
270 0.16130
271 0.16015
272 0.15901
273 0.15788
274 0.15676
275 0.15565
276 0.15455
277 0.15346
278 0.15238
279 0.15131
280 0.15024
281 0.14919
282 0.14815
283 0.14712
284 0.14610
285 0.14509
286 0.14408
287 0.14309
288 0.14210
289 0.14113
290 0.14016
291 0.13920
292 0.13825
293 0.13731
294 0.13638
295 0.13546
296 0.13454
297 0.13364
298 0.13274
299 0.13185
300 0.13097
301 0.13010
302 0.12923
303 0.12838
304 0.12753
305 0.12669
306 0.12585
307 0.12503
308 0.12421
309 0.12340
310 0.12260
311 0.12180
312 0.12102
313 0.12024
314 0.11946
315 0.11870
316 0.11794
317 0.11719
318 0.11645
319 0.11571
320 0.11498
321 0.11425
322 0.11354
323 0.11283
324 0.11212
325 0.11143
326 0.11074
327 0.11006
328 0.10938
329 0.10871
330 0.10804
331 0.10739
332 0.10673
333 0.10609
334 0.10545
335 0.10481
336 0.10419
337 0.10357
338 0.10295
339 0.10234
340 0.10174
341 0.10114
342 0.10055
343 0.09996
344 0.09938
345 0.09880
346 0.09823
347 0.09767
348 0.09711
349 0.09655
350 0.09601
351 0.09546
352 0.09492
353 0.09439
354 0.09386
355 0.09334
356 0.09282
357 0.09231
358 0.09180
359 0.09130
360 0.09080
361 0.09031
362 0.08982
363 0.08934
364 0.08886
365 0.08838
366 0.08791
367 0.08745
368 0.08699
369 0.08653
370 0.08608
371 0.08563
372 0.08519
373 0.08475
374 0.08432
375 0.08389
376 0.08346
377 0.08304
378 0.08263
379 0.08221
380 0.08180
381 0.08140
382 0.08100
383 0.08060
384 0.08021
385 0.07982
386 0.07944
387 0.07905
388 0.07868
389 0.07830
390 0.07793
391 0.07757
392 0.07721
393 0.07685
394 0.07649
395 0.07614
396 0.07579
397 0.07545
398 0.07511
399 0.07477
400 0.07444
401 0.07411
402 0.07378
403 0.07346
404 0.07314
405 0.07282
406 0.07251
407 0.07220
408 0.07189
409 0.07159
410 0.07129
411 0.07099
412 0.07070
413 0.07041
414 0.07012
415 0.06984
416 0.06956
417 0.06928
418 0.06900
419 0.06873
420 0.06846
421 0.06819
422 0.06793
423 0.06767
424 0.06741
425 0.06716
426 0.06691
427 0.06666
428 0.06641
429 0.06617
430 0.06593
431 0.06569
432 0.06545
433 0.06522
434 0.06499
435 0.06477
436 0.06454
437 0.06432
438 0.06410
439 0.06388
440 0.06367
441 0.06346
442 0.06325
443 0.06305
444 0.06284
445 0.06264
446 0.06244
447 0.06225
448 0.06205
449 0.06186
450 0.06167
451 0.06149
452 0.06130
453 0.06112
454 0.06094
455 0.06077
456 0.06059
457 0.06042
458 0.06025
459 0.06008
460 0.05992
461 0.05975
462 0.05959
463 0.05944
464 0.05928
465 0.05913
466 0.05897
467 0.05882
468 0.05868
469 0.05853
470 0.05839
471 0.05825
472 0.05811
473 0.05797
474 0.05784
475 0.05771
476 0.05758
477 0.05745
478 0.05732
479 0.05720
480 0.05708
481 0.05696
482 0.05684
483 0.05673
484 0.05661
485 0.05650
486 0.05639
487 0.05629
488 0.05618
489 0.05608
490 0.05598
491 0.05588
492 0.05578
493 0.05569
494 0.05559
495 0.05550
496 0.05541
497 0.05532
498 0.05524
499 0.05516
500 0.05507
501 0.05500
502 0.05492
503 0.05484
504 0.05477
505 0.05470
506 0.05463
507 0.05456
508 0.05449
509 0.05443
510 0.05437
511 0.05431
512 0.05425
513 0.05419
514 0.05414
515 0.05408
516 0.05403
517 0.05398
518 0.05394
519 0.05389
520 0.05385
521 0.05381
522 0.05377
523 0.05373
524 0.05369
525 0.05366
526 0.05363
527 0.05360
528 0.05357
529 0.05354
530 0.05352
531 0.05349
532 0.05347
533 0.05345
534 0.05343
535 0.05342
536 0.05341
537 0.05339
538 0.05338
539 0.05338
540 0.05337
541 0.05337
542 0.05336
543 0.05336
544 0.05336
545 0.05337
546 0.05337
547 0.05338
548 0.05339
549 0.05340
550 0.05341
551 0.05342
552 0.05343
553 0.05345
554 0.05347
555 0.05349
556 0.05351
557 0.05354
558 0.05356
559 0.05359
560 0.05362
561 0.05365
562 0.05368
563 0.05372
564 0.05375
565 0.05379
566 0.05383
567 0.05387
568 0.05392
569 0.05396
570 0.05401
571 0.05406
572 0.05411
573 0.05417
574 0.05422
575 0.05428
576 0.05434
577 0.05440
578 0.05447
579 0.05453
580 0.05460
581 0.05467
582 0.05474
583 0.05482
584 0.05489
585 0.05497
586 0.05505
587 0.05513
588 0.05521
589 0.05530
590 0.05539
591 0.05548
592 0.05557
593 0.05567
594 0.05576
595 0.05586
596 0.05596
597 0.05607
598 0.05617
599 0.05628
600 0.05639
601 0.05651
602 0.05662
603 0.05674
604 0.05686
605 0.05698
606 0.05711
607 0.05723
608 0.05736
609 0.05750
610 0.05763
611 0.05777
612 0.05790
613 0.05804
614 0.05819
615 0.05833
616 0.05848
617 0.05863
618 0.05878
619 0.05893
620 0.05909
621 0.05925
622 0.05941
623 0.05958
624 0.05975
625 0.05992
626 0.06009
627 0.06027
628 0.06045
629 0.06063
630 0.06082
631 0.06101
632 0.06120
633 0.06139
634 0.06159
635 0.06179
636 0.06199
637 0.06220
638 0.06241
639 0.06262
640 0.06283
641 0.06305
642 0.06328
643 0.06350
644 0.06373
645 0.06396
646 0.06420
647 0.06443
648 0.06468
649 0.06492
650 0.06517
651 0.06542
652 0.06568
653 0.06594
654 0.06620
655 0.06647
656 0.06674
657 0.06701
658 0.06729
659 0.06757
660 0.06786
661 0.06815
662 0.06844
663 0.06874
664 0.06904
665 0.06935
666 0.06966
667 0.06997
668 0.07029
669 0.07061
670 0.07094
671 0.07127
672 0.07160
673 0.07194
674 0.07229
675 0.07264
676 0.07299
677 0.07335
678 0.07371
679 0.07408
680 0.07445
681 0.07483
682 0.07521
683 0.07560
684 0.07599
685 0.07639
686 0.07680
687 0.07720
688 0.07762
689 0.07804
690 0.07846
691 0.07889
692 0.07933
693 0.07977
694 0.08021
695 0.08067
696 0.08112
697 0.08159
698 0.08206
699 0.08254
700 0.08302
701 0.08351
702 0.08400
703 0.08451
704 0.08501
705 0.08553
706 0.08605
707 0.08658
708 0.08711
709 0.08766
710 0.08821
711 0.08876
712 0.08933
713 0.08990
714 0.09048
715 0.09106
716 0.09165
717 0.09226
718 0.09286
719 0.09348
720 0.09411
721 0.09474
722 0.09538
723 0.09603
724 0.09667
725 0.09733
726 0.09799
727 0.09866
728 0.09933
729 0.10002
730 0.10072
731 0.10142
732 0.10213
733 0.10286
734 0.10359
735 0.10433
736 0.10508
737 0.10584
738 0.10661
739 0.10740
740 0.10819
741 0.10899
742 0.10980
743 0.11063
744 0.11146
745 0.11231
746 0.11316
747 0.11403
748 0.11491
749 0.11580
750 0.11670
751 0.11762
752 0.11854
753 0.11948
754 0.12043
755 0.12140
756 0.12238
757 0.12337
758 0.12437
759 0.12539
760 0.12642
761 0.12746
762 0.12852
763 0.12959
764 0.13068
765 0.13178
766 0.13290
767 0.13403
768 0.13518
769 0.13635
770 0.13753
771 0.13872
772 0.13993
773 0.14116
774 0.14241
775 0.14367
776 0.14495
777 0.14625
778 0.14756
779 0.14890
780 0.15025
781 0.15162
782 0.15301
783 0.15442
784 0.15585
785 0.15730
786 0.15878
787 0.16027
788 0.16178
789 0.16331
790 0.16487
791 0.16644
792 0.16804
793 0.16967
794 0.17131
795 0.17298
796 0.17468
797 0.17639
798 0.17813
799 0.17990
800 0.18169
801 0.18351
802 0.18536
803 0.18723
804 0.18913
805 0.19106
806 0.19301
807 0.19499
808 0.19701
809 0.19905
810 0.20112
811 0.20322
812 0.20536
813 0.20752
814 0.20972
815 0.21195
816 0.21422
817 0.21651
818 0.21884
819 0.22121
820 0.22361
821 0.22605
822 0.22853
823 0.23104
824 0.23359
825 0.23618
826 0.23881
827 0.24148
828 0.24419
829 0.24694
830 0.24973
831 0.25257
832 0.25545
833 0.25838
834 0.26135
835 0.26436
836 0.26742
837 0.27054
838 0.27369
839 0.27690
840 0.28016
841 0.28347
842 0.28684
843 0.29025
844 0.29372
845 0.29725
846 0.30083
847 0.30446
848 0.30816
849 0.31191
850 0.31573
851 0.31960
852 0.32354
853 0.32755
854 0.33161
855 0.33574
856 0.33994
857 0.34421
858 0.34855
859 0.35296
860 0.35744
861 0.36199
862 0.36662
863 0.37133
864 0.37611
865 0.38098
866 0.38592
867 0.39094
868 0.39605
869 0.40125
870 0.40653
871 0.41190
872 0.41736
873 0.42292
874 0.42856
875 0.43430
876 0.44014
877 0.44608
878 0.45212
879 0.45827
880 0.46452
881 0.47087
882 0.47734
883 0.48392
884 0.49061
885 0.49741
886 0.50434
887 0.51138
888 0.51855
889 0.52584
890 0.53326
891 0.54081
892 0.54850
893 0.55632
894 0.56427
895 0.57237
896 0.58061
897 0.58900
898 0.59754
899 0.60623
900 0.61508
901 0.62408
902 0.63325
903 0.64258
904 0.65208
905 0.66176
906 0.67160
907 0.68163
908 0.69184
909 0.70224
910 0.71283
911 0.72361
912 0.73220
913 0.73535
914 0.73895
915 0.74249
916 0.74482
917 0.74594
918 0.74741
919 0.74933
920 0.75183
921 0.75510
922 0.75426
923 0.75343
924 0.75779
925 0.75697
926 0.75615
927 0.76206
928 0.76125
929 0.76044
930 0.75963
931 0.76789
932 0.76710
933 0.76631
934 0.76553
935 0.76474
936 0.76394
937 0.76315
938 0.77522
939 0.77446
940 0.77370
941 0.77294
942 0.77217
943 0.77141
944 0.77064
945 0.76987
946 0.76910
947 0.76833
948 0.76756
949 0.76679
950 0.78568
951 0.78496
952 0.78424
953 0.78352
954 0.78279
955 0.78207
956 0.78134
957 0.78062
958 0.77989
959 0.77916
960 0.77842
961 0.77769
962 0.77696
963 0.77622
964 0.77549
965 0.77475
966 0.77401
967 0.77327
968 0.77253
969 0.77178
970 0.77104
971 0.77029
972 0.76954
973 0.80262
974 0.80197
975 0.80131
976 0.80066
977 0.80000
978 0.79934
979 0.79868
980 0.79802
981 0.79735
982 0.79669
983 0.79602
984 0.79536
985 0.79469
986 0.79402
987 0.79335
988 0.79268
989 0.79201
990 0.79133
991 0.79066
992 0.78998
993 0.78930
994 0.78863
995 0.78795
996 0.78727
997 0.78658
998 0.78590
999 0.78522
1000 0.78453
1001 0.78384
1002 0.78315
1003 0.78247
1004 0.78177
1005 0.78108
1006 0.78039
1007 0.77970
1008 0.77900
1009 0.77830
1010 0.77761
1011 0.77691
1012 0.77621
1013 0.77551
1014 0.77481
1015 0.77410
1016 0.77340
1017 0.77269
1018 0.77198
1019 0.77128
1020 0.77057
1021 0.76986
1022 0.76915
1023 0.76843
1024 0.76772
1025 0.76700
1026 0.83859
1027 0.83807
1028 0.83755
1029 0.83703
1030 0.83651
1031 0.83599
1032 0.83546
1033 0.83494
1034 0.83441
1035 0.83389
1036 0.83336
1037 0.83283
1038 0.83230
1039 0.83177
1040 0.83124
1041 0.83070
1042 0.83017
1043 0.82963
1044 0.82910
1045 0.82856
1046 0.82802
1047 0.82748
1048 0.82694
1049 0.82640
1050 0.82586
1051 0.82532
1052 0.82477
1053 0.82423
1054 0.82368
1055 0.82313
1056 0.82259
1057 0.82204
1058 0.82149
1059 0.82094
1060 0.82039
1061 0.81983
1062 0.81928
1063 0.81872
1064 0.81817
1065 0.81761
1066 0.81705
1067 0.81649
1068 0.81593
1069 0.81537
1070 0.81481
1071 0.81425
1072 0.81369
1073 0.81312
1074 0.81256
1075 0.81199
1076 0.81142
1077 0.81085
1078 0.81028
1079 0.80971
1080 0.80914
1081 0.80857
1082 0.80799
1083 0.80742
1084 0.80685
1085 0.80627
1086 0.80569
1087 0.80511
1088 0.80453
1089 0.80395
1090 0.80337
1091 0.80279
1092 0.80221
1093 0.80162
1094 0.80104
1095 0.80045
1096 0.79986
1097 0.79928
1098 0.79869
1099 0.79810
1100 0.79751
1101 0.79691
1102 0.79632
1103 0.79573
1104 0.79513
1105 0.79454
1106 0.79394
1107 0.79334
1108 0.79274
1109 0.79215
1110 0.79154
1111 0.79094
1112 0.79034
1113 0.78974
1114 0.78913
1115 0.78853
1116 0.78792
1117 0.78731
1118 0.78671
1119 0.78610
1120 0.78549
1121 0.78488
1122 0.78426
1123 0.78365
1124 0.78304
1125 0.78242
1126 0.78181
1127 0.78119
1128 0.78057
1129 0.77996
1130 0.77934
1131 0.77872
1132 0.77809
1133 0.77747
1134 0.77685
1135 0.77623
1136 0.77560
1137 0.77497
1138 0.77435
1139 0.77372
1140 0.77309
1141 0.77246
1142 0.77183
1143 0.77120
1144 0.77057
1145 0.76993
1146 0.76930
1147 0.76866
1148 0.76803
1149 0.76739
1150 0.76675
1151 0.76611
1152 0.76547
1153 0.76483
1154 0.76419
1155 0.76355
1156 0.76291
1157 0.76226
1158 0.76162
1159 0.76097
1160 0.76032
1161 0.75968
1162 0.75903
1163 0.75838
1164 0.75773
1165 0.75708
1166 0.75642
1167 0.75577
1168 0.75512
1169 0.75446
1170 0.75380
1171 0.75315
1172 0.75249
1173 0.75183
1174 0.75117
1175 0.75051
1176 0.74985
1177 0.74919
1178 0.74852
1179 0.74786
1180 0.74720
1181 0.74653
1182 0.74586
1183 0.74520
1184 0.74453
1185 0.74386
1186 0.74319
1187 0.74252
1188 0.74185
1189 0.74117
1190 0.74050
1191 0.73983
1192 0.73915
1193 0.73847
1194 0.73780
1195 0.73712
1196 0.73644
1197 0.73576
1198 0.73508
1199 0.73440
1200 0.73372
1201 0.73303
1202 0.73235
1203 0.73167
1204 0.73098
1205 0.73029
1206 0.72961
1207 0.72892
1208 0.72823
1209 0.72754
1210 0.72685
1211 0.72616
1212 0.72547
1213 0.72477
1214 0.72408
1215 0.72339
1216 1.00000
