17 0.99294
18 0.99232
19 0.99168
20 0.99102
21 0.99035
22 0.98967
23 0.98897
24 0.98826
25 0.98753
26 0.98679
27 0.98604
28 0.98527
29 0.98450
30 0.98371
31 0.98291
32 0.98210
33 0.98128
34 0.98045
35 0.97961
36 0.97875
37 0.97789
38 0.97702
39 0.97614
40 0.97525
41 0.97435
42 0.97345
43 0.97253
44 0.97161
45 0.97068
46 0.96974
47 0.96879
48 0.96784
49 0.96687
50 0.96590
51 0.96493
52 0.96395
53 0.96296
54 0.96196
55 0.96096
56 0.95995
57 0.95893
58 0.95791
59 0.95689
60 0.95585
61 0.95482
62 0.95377
63 0.95272
64 0.95167
65 0.95061
66 0.94955
67 0.94848
68 0.94741
69 0.94633
70 0.94525
71 0.94416
72 0.94307
73 0.94197
74 0.94087
75 0.93977
76 0.93866
77 0.93755
78 0.93644
79 0.93532
80 0.93420
81 0.93307
82 0.93195
83 0.93081
84 0.92968
85 0.92854
86 0.92740
87 0.92626
88 0.92511
89 0.92396
90 0.92281
91 0.92166
92 0.92050
93 0.91934
94 0.91818
95 0.91702
96 0.91585
97 0.91469
98 0.91352
99 0.91235
100 0.91117
101 0.91000
102 0.90882
103 0.90764
104 0.90646
105 0.90528
106 0.90410
107 0.90291
108 0.90173
109 0.90054
110 0.89935
111 0.89816
112 0.89697
113 0.89578
114 0.89459
115 0.89340
116 0.89220
117 0.89101
118 0.88981
119 0.88862
120 0.88742
121 0.88622
122 0.88502
123 0.88383
124 0.88263
125 0.88143
126 0.88023
127 0.87903
128 0.87783
129 0.87663
130 0.87543
131 0.87423
132 0.87303
133 0.87183
134 0.87063
135 0.86943
136 0.86822
137 0.86702
138 0.86582
139 0.86463
140 0.86343
141 0.86223
142 0.86103
143 0.85983
144 0.85863
145 0.85744
146 0.85624
147 0.85504
148 0.85385
149 0.85265
150 0.85146
151 0.85027
152 0.84907
153 0.84788
154 0.84669
155 0.84550
156 0.84431
157 0.84312
158 0.84194
159 0.84075
160 0.83957
161 0.83838
162 0.83720
163 0.83602
164 0.83484
165 0.83366
166 0.83248
167 0.83130
168 0.83013
169 0.82895
170 0.82778
171 0.82661
172 0.82544
173 0.82427
174 0.82310
175 0.82194
176 0.82077
177 0.81961
178 0.81845
179 0.81729
180 0.81613
181 0.81498
182 0.81382
183 0.81267
184 0.81152
185 0.81037
186 0.80922
187 0.80808
188 0.80693
189 0.80579
190 0.80465
191 0.80351
192 0.80238
193 0.80124
194 0.80011
195 0.79898
196 0.79785
197 0.79672
198 0.79560
199 0.79448
200 0.79336
201 0.79224
202 0.79112
203 0.79001
204 0.78890
205 0.78779
206 0.78668
207 0.78557
208 0.78447
209 0.78337
210 0.78227
211 0.78117
212 0.78008
213 0.77899
214 0.77790
215 0.77681
216 0.77573
217 0.77464
218 0.77356
219 0.77249
220 0.77141
221 0.77034
222 0.76927
223 0.76820
224 0.76713
225 0.76607
226 0.76501
227 0.76395
228 0.76290
229 0.76184
230 0.76079
231 0.75974
232 0.75870
233 0.75766
234 0.75662
235 0.75558
236 0.75454
237 0.75351
238 0.75248
239 0.75146
240 0.75043
241 0.74941
242 0.74839
243 0.74737
244 0.74636
245 0.74535
246 0.74434
247 0.74334
248 0.74233
249 0.74133
250 0.74034
251 0.73934
252 0.73835
253 0.73736
254 0.73638
255 0.73539
256 0.73441
257 0.73344
258 0.73246
259 0.73149
260 0.73052
261 0.72956
262 0.72859
263 0.72763
264 0.72668
265 0.72572
266 0.72477
267 0.72382
268 0.72288
269 0.72193
270 0.72099
271 0.72006
272 0.71912
273 0.71819
274 0.71727
275 0.71634
276 0.71542
277 0.71450
278 0.71358
279 0.71267
280 0.71176
281 0.71085
282 0.70995
283 0.70905
284 0.70815
285 0.70726
286 0.70637
287 0.70548
288 0.70459
289 0.70371
290 0.70283
291 0.70195
292 0.70108
293 0.70021
294 0.69934
295 0.69848
296 0.69762
297 0.69676
298 0.69590
299 0.69505
300 0.69420
301 0.69336
302 0.69252
303 0.69168
304 0.69084
305 0.69001
306 0.68918
307 0.68835
308 0.68753
309 0.68671
310 0.68589
311 0.68507
312 0.68426
313 0.68346
314 0.68265
315 0.68185
316 0.68105
317 0.68026
318 0.67946
319 0.67867
320 0.67789
321 0.67711
322 0.67633
323 0.67555
324 0.67478
325 0.67401
326 0.67324
327 0.67248
328 0.67172
329 0.67096
330 0.67021
331 0.66946
332 0.66871
333 0.66796
334 0.66722
335 0.66649
336 0.66575
337 0.66502
338 0.66429
339 0.66357
340 0.66285
341 0.66213
342 0.66141
343 0.66070
344 0.65999
345 0.65929
346 0.65858
347 0.65788
348 0.65719
349 0.65650
350 0.65581
351 0.65512
352 0.65444
353 0.65376
354 0.65308
355 0.65241
356 0.65174
357 0.65107
358 0.65041
359 0.64975
360 0.64909
361 0.64844
362 0.64779
363 0.64714
364 0.64650
365 0.64586
366 0.64522
367 0.64458
368 0.64395
369 0.64333
370 0.64270
371 0.64208
372 0.64146
373 0.64085
374 0.64024
375 0.63963
376 0.63903
377 0.63842
378 0.63783
379 0.63723
380 0.63664
381 0.63605
382 0.63547
383 0.63488
384 0.63431
385 0.63373
386 0.63316
387 0.63259
388 0.63203
389 0.63146
390 0.63090
391 0.63035
392 0.62980
393 0.62925
394 0.62870
395 0.62816
396 0.62762
397 0.62708
398 0.62655
399 0.62602
400 0.62550
401 0.62497
402 0.62446
403 0.62394
404 0.62343
405 0.62292
406 0.62241
407 0.62191
408 0.62141
409 0.62091
410 0.62042
411 0.61993
412 0.61944
413 0.61896
414 0.61848
415 0.61800
416 0.61753
417 0.61706
418 0.61659
419 0.61613
420 0.61567
421 0.61521
422 0.61476
423 0.61431
424 0.61386
425 0.61342
426 0.61298
427 0.61254
428 0.61211
429 0.61168
430 0.61125
431 0.61083
432 0.61041
433 0.60999
434 0.60958
435 0.60917
436 0.60876
437 0.60836
438 0.60796
439 0.60756
440 0.60717
441 0.60677
442 0.60639
443 0.60600
444 0.60562
445 0.60525
446 0.60487
447 0.60450
448 0.60413
449 0.60377
450 0.60341
451 0.60305
452 0.60270
453 0.60235
454 0.60200
455 0.60166
456 0.60132
457 0.60098
458 0.60065
459 0.60032
460 0.59999
461 0.59966
462 0.59934
463 0.59903
464 0.59871
465 0.59840
466 0.59809
467 0.59779
468 0.59749
469 0.59719
470 0.59690
471 0.59661
472 0.59632
473 0.59604
474 0.59576
475 0.59548
476 0.59521
477 0.59494
478 0.59467
479 0.59441
480 0.59415
481 0.59389
482 0.59364
483 0.59339
484 0.59314
485 0.59290
486 0.59266
487 0.59242
488 0.59219
489 0.59196
490 0.59173
491 0.59151
492 0.59129
493 0.59107
494 0.59086
495 0.59065
496 0.59045
497 0.59024
498 0.59004
499 0.58985
500 0.58966
501 0.58947
502 0.58928
503 0.58910
504 0.58892
505 0.58875
506 0.58858
507 0.58841
508 0.58824
509 0.58808
510 0.58792
511 0.58777
512 0.58762
513 0.58747
514 0.58733
515 0.58719
516 0.58705
517 0.58691
518 0.58678
519 0.58666
520 0.58653
521 0.58641
522 0.58630
523 0.58619
524 0.58608
525 0.58597
526 0.58587
527 0.58577
528 0.58567
529 0.58558
530 0.58549
531 0.58541
532 0.58533
533 0.58525
534 0.58517
535 0.58510
536 0.58504
537 0.58497
538 0.58491
539 0.58486
540 0.58480
541 0.58475
542 0.58471
543 0.58467
544 0.58463
545 0.58459
546 0.58456
547 0.58453
548 0.58451
549 0.58449
550 0.58447
551 0.58446
552 0.58445
553 0.58444
554 0.58444
555 0.58444
556 0.58444
557 0.58445
558 0.58446
559 0.58448
560 0.58450
561 0.58452
562 0.58454
563 0.58457
564 0.58461
565 0.58465
566 0.58469
567 0.58473
568 0.58478
569 0.58483
570 0.58489
571 0.58495
572 0.58501
573 0.58508
574 0.58515
575 0.58522
576 0.58530
577 0.58538
578 0.58547
579 0.58556
580 0.58565
581 0.58575
582 0.58585
583 0.58595
584 0.58606
585 0.58617
586 0.58629
587 0.58641
588 0.58653
589 0.58666
590 0.58679
591 0.58693
592 0.58706
593 0.58721
594 0.58735
595 0.58750
596 0.58766
597 0.58782
598 0.58798
599 0.58815
600 0.58832
601 0.58849
602 0.58867
603 0.58885
604 0.58904
605 0.58923
606 0.58942
607 0.58962
608 0.58982
609 0.59002
610 0.59023
611 0.59045
612 0.59067
613 0.59089
614 0.59111
615 0.59134
616 0.59158
617 0.59181
618 0.59206
619 0.59230
620 0.59255
621 0.59281
622 0.59307
623 0.59333
624 0.59360
625 0.59387
626 0.59414
627 0.59442
628 0.59470
629 0.59499
630 0.59528
631 0.59558
632 0.59588
633 0.59618
634 0.59649
635 0.59681
636 0.59712
637 0.59744
638 0.59777
639 0.59810
640 0.59843
641 0.59877
642 0.59912
643 0.59946
644 0.59982
645 0.60017
646 0.60053
647 0.60090
648 0.60127
649 0.60164
650 0.60202
651 0.60240
652 0.60279
653 0.60318
654 0.60357
655 0.60398
656 0.60438
657 0.60479
658 0.60520
659 0.60562
660 0.60605
661 0.60647
662 0.60691
663 0.60734
664 0.60778
665 0.60823
666 0.60868
667 0.60914
668 0.60960
669 0.61006
670 0.61053
671 0.61101
672 0.61148
673 0.61197
674 0.61246
675 0.61295
676 0.61345
677 0.61395
678 0.61446
679 0.61497
680 0.61549
681 0.61601
682 0.61654
683 0.61707
684 0.61761
685 0.61815
686 0.61870
687 0.61925
688 0.61981
689 0.62037
690 0.62094
691 0.62151
692 0.62208
693 0.62267
694 0.62325
695 0.62385
696 0.62444
697 0.62505
698 0.62565
699 0.62627
700 0.62689
701 0.62751
702 0.62814
703 0.62877
704 0.62941
705 0.63006
706 0.63071
707 0.63136
708 0.63202
709 0.63269
710 0.63336
711 0.63404
712 0.63472
713 0.63541
714 0.63610
715 0.63680
716 0.63750
717 0.63821
718 0.63893
719 0.63965
720 0.64038
721 0.64111
722 0.64185
723 0.64259
724 0.64334
725 0.64409
726 0.64485
727 0.64562
728 0.64639
729 0.64717
730 0.64796
731 0.64875
732 0.64954
733 0.65034
734 0.65115
735 0.65196
736 0.65278
737 0.65361
738 0.65444
739 0.65528
740 0.65612
741 0.65697
742 0.65783
743 0.65869
744 0.65956
745 0.66043
746 0.66131
747 0.66220
748 0.66309
749 0.66399
750 0.66490
751 0.66581
752 0.66673
753 0.66766
754 0.66859
755 0.66953
756 0.67047
757 0.67142
758 0.67238
759 0.67335
760 0.67432
761 0.67529
762 0.67628
763 0.67727
764 0.67827
765 0.67927
766 0.68028
767 0.68130
768 0.68233
769 0.68336
770 0.68440
771 0.68545
772 0.68650
773 0.68756
774 0.68863
775 0.68970
776 0.69078
777 0.69187
778 0.69297
779 0.69407
780 0.69518
781 0.69630
782 0.69742
783 0.69856
784 0.69970
785 0.70084
786 0.70200
787 0.70316
788 0.70433
789 0.70551
790 0.70669
791 0.70789
792 0.70909
793 0.71029
794 0.71151
795 0.71273
796 0.71396
797 0.71520
798 0.71645
799 0.71771
800 0.71897
801 0.72024
802 0.72152
803 0.72281
804 0.72411
805 0.72541
806 0.72672
807 0.72804
808 0.72937
809 0.73071
810 0.73205
811 0.73341
812 0.73477
813 0.73614
814 0.73752
815 0.73891
816 0.74031
817 0.74171
818 0.74313
819 0.74455
820 0.74598
821 0.74743
822 0.74888
823 0.75033
824 0.75180
825 0.75328
826 0.75477
827 0.75626
828 0.75777
829 0.75928
830 0.76080
831 0.76234
832 0.76388
833 0.76543
834 0.76699
835 0.76856
836 0.77015
837 0.77174
838 0.77334
839 0.77495
840 0.77656
841 0.77819
842 0.77983
843 0.78148
844 0.78314
845 0.78481
846 0.78649
847 0.78818
848 0.78988
849 0.79159
850 0.79332
851 0.79505
852 0.79679
853 0.79854
854 0.80031
855 0.80208
856 0.80387
857 0.80566
858 0.80747
859 0.80928
860 0.81111
861 0.81295
862 0.81480
863 0.81667
864 0.81854
865 0.82042
866 0.82232
867 0.82423
868 0.82615
869 0.82808
870 0.83002
871 0.83197
872 0.83394
873 0.83591
874 0.83790
875 0.83990
876 0.84192
877 0.84394
878 0.84598
879 0.84803
880 0.85009
881 0.85217
882 0.85425
883 0.85635
884 0.85847
885 0.86059
886 0.86273
887 0.86488
888 0.86704
889 0.86922
890 0.87141
891 0.87361
892 0.87583
893 0.87806
894 0.88030
895 0.88256
896 0.88483
897 0.88711
898 0.88941
899 0.89172
900 0.89404
901 0.89638
902 0.89873
903 0.90110
904 0.90348
905 0.90588
906 0.90829
907 0.91071
908 0.91315
909 0.91560
910 0.91807
911 0.92055
912 0.92253
913 0.92868
914 0.93263
915 0.93528
916 0.93676
917 0.93753
918 0.93836
919 0.93928
920 0.94031
921 0.94149
922 0.94139
923 0.94130
924 0.94267
925 0.94258
926 0.94249
927 0.94413
928 0.94405
929 0.94396
930 0.94388
931 0.94593
932 0.94584
933 0.94576
934 0.94568
935 0.94560
936 0.94551
937 0.94543
938 0.94814
939 0.94806
940 0.94798
941 0.94790
942 0.94782
943 0.94774
944 0.94767
945 0.94759
946 0.94751
947 0.94743
948 0.94735
949 0.94727
950 0.95113
951 0.95106
952 0.95099
953 0.95091
954 0.95084
955 0.95077
956 0.95069
957 0.95062
958 0.95055
959 0.95048
960 0.95040
961 0.95033
962 0.95026
963 0.95018
964 0.95011
965 0.95004
966 0.94996
967 0.94989
968 0.94982
969 0.94974
970 0.94967
971 0.94960
972 0.94953
973 0.95575
974 0.95568
975 0.95562
976 0.95556
977 0.95549
978 0.95543
979 0.95536
980 0.95530
981 0.95523
982 0.95517
983 0.95511
984 0.95504
985 0.95498
986 0.95491
987 0.95485
988 0.95478
989 0.95472
990 0.95465
991 0.95459
992 0.95452
993 0.95446
994 0.95440
995 0.95433
996 0.95427
997 0.95420
998 0.95414
999 0.95407
1000 0.95401
1001 0.95394
1002 0.95388
1003 0.95381
1004 0.95375
1005 0.95368
1006 0.95362
1007 0.95355
1008 0.95349
1009 0.95342
1010 0.95336
1011 0.95329
1012 0.95323
1013 0.95316
1014 0.95310
1015 0.95303
1016 0.95297
1017 0.95290
1018 0.95284
1019 0.95277
1020 0.95271
1021 0.95264
1022 0.95257
1023 0.95251
1024 0.95244
1025 0.95238
1026 0.96491
1027 0.96487
1028 0.96482
1029 0.96477
1030 0.96472
1031 0.96467
1032 0.96462
1033 0.96457
1034 0.96453
1035 0.96448
1036 0.96443
1037 0.96438
1038 0.96433
1039 0.96428
1040 0.96424
1041 0.96419
1042 0.96414
1043 0.96409
1044 0.96404
1045 0.96399
1046 0.96394
1047 0.96390
1048 0.96385
1049 0.96380
1050 0.96375
1051 0.96370
1052 0.96365
1053 0.96360
1054 0.96355
1055 0.96351
1056 0.96346
1057 0.96341
1058 0.96336
1059 0.96331
1060 0.96326
1061 0.96321
1062 0.96316
1063 0.96311
1064 0.96306
1065 0.96302
1066 0.96297
1067 0.96292
1068 0.96287
1069 0.96282
1070 0.96277
1071 0.96272
1072 0.96267
1073 0.96262
1074 0.96257
1075 0.96252
1076 0.96248
1077 0.96243
1078 0.96238
1079 0.96233
1080 0.96228
1081 0.96223
1082 0.96218
1083 0.96213
1084 0.96208
1085 0.96203
1086 0.96198
1087 0.96193
1088 0.96188
1089 0.96183
1090 0.96178
1091 0.96174
1092 0.96169
1093 0.96164
1094 0.96159
1095 0.96154
1096 0.96149
1097 0.96144
1098 0.96139
1099 0.96134
1100 0.96129
1101 0.96124
1102 0.96119
1103 0.96114
1104 0.96109
1105 0.96104
1106 0.96099
1107 0.96094
1108 0.96089
1109 0.96084
1110 0.96079
1111 0.96074
1112 0.96069
1113 0.96064
1114 0.96059
1115 0.96054
1116 0.96049
1117 0.96044
1118 0.96039
1119 0.96034
1120 0.96029
1121 0.96024
1122 0.96019
1123 0.96014
1124 0.96009
1125 0.96004
1126 0.95999
1127 0.95994
1128 0.95989
1129 0.95984
1130 0.95979
1131 0.95974
1132 0.95969
1133 0.95964
1134 0.95959
1135 0.95954
1136 0.95949
1137 0.95944
1138 0.95939
1139 0.95934
1140 0.95929
1141 0.95924
1142 0.95919
1143 0.95914
1144 0.95909
1145 0.95904
1146 0.95899
1147 0.95894
1148 0.95889
1149 0.95884
1150 0.95879
1151 0.95874
1152 0.95869
1153 0.95864
1154 0.95858
1155 0.95853
1156 0.95848
1157 0.95843
1158 0.95838
1159 0.95833
1160 0.95828
1161 0.95823
1162 0.95818
1163 0.95813
1164 0.95808
1165 0.95803
1166 0.95798
1167 0.95793
1168 0.95788
1169 0.95782
1170 0.95777
1171 0.95772
1172 0.95767
1173 0.95762
1174 0.95757
1175 0.95752
1176 0.95747
1177 0.95742
1178 0.95737
1179 0.95732
1180 0.95726
1181 0.95721
1182 0.95716
1183 0.95711
1184 0.95706
1185 0.95701
1186 0.95696
1187 0.95691
1188 0.95686
1189 0.95681
1190 0.95675
1191 0.95670
1192 0.95665
1193 0.95660
1194 0.95655
1195 0.95650
1196 0.95645
1197 0.95640
1198 0.95634
1199 0.95629
1200 0.95624
1201 0.95619
1202 0.95614
1203 0.95609
1204 0.95604
1205 0.95599
1206 0.95593
1207 0.95588
1208 0.95583
1209 0.95578
1210 0.95573
1211 0.95568
1212 0.95563
1213 0.95557
1214 0.95552
1215 0.95547
1216 1.00000
