17 0.82570
18 0.81179
19 0.79775
20 0.78361
21 0.76939
22 0.75512
23 0.74081
24 0.72649
25 0.71218
26 0.69789
27 0.68363
28 0.66944
29 0.65531
30 0.64126
31 0.62731
32 0.61346
33 0.59973
34 0.58613
35 0.57266
36 0.55934
37 0.54617
38 0.53315
39 0.52031
40 0.50763
41 0.49513
42 0.48281
43 0.47068
44 0.45873
45 0.44698
46 0.43543
47 0.42407
48 0.41290
49 0.40195
50 0.39119
51 0.38063
52 0.37028
53 0.36014
54 0.35019
55 0.34046
56 0.33092
57 0.32159
58 0.31245
59 0.30352
60 0.29479
61 0.28626
62 0.27792
63 0.26977
64 0.26182
65 0.25405
66 0.24648
67 0.23909
68 0.23188
69 0.22485
70 0.21800
71 0.21133
72 0.20482
73 0.19849
74 0.19232
75 0.18632
76 0.18048
77 0.17479
78 0.16926
79 0.16389
80 0.15866
81 0.15358
82 0.14864
83 0.14384
84 0.13918
85 0.13465
86 0.13025
87 0.12598
88 0.12184
89 0.11782
90 0.11392
91 0.11013
92 0.10646
93 0.10290
94 0.09945
95 0.09610
96 0.09286
97 0.08971
98 0.08667
99 0.08372
100 0.08086
101 0.07809
102 0.07541
103 0.07282
104 0.07030
105 0.06787
106 0.06552
107 0.06324
108 0.06104
109 0.05891
110 0.05685
111 0.05485
112 0.05293
113 0.05106
114 0.04926
115 0.04752
116 0.04583
117 0.04421
118 0.04263
119 0.04112
120 0.03965
121 0.03823
122 0.03686
123 0.03554
124 0.03426
125 0.03303
126 0.03184
127 0.03069
128 0.02958
129 0.02851
130 0.02748
131 0.02648
132 0.02552
133 0.02459
134 0.02369
135 0.02283
136 0.02199
137 0.02119
138 0.02041
139 0.01966
140 0.01894
141 0.01825
142 0.01758
143 0.01693
144 0.01631
145 0.01570
146 0.01513
147 0.01457
148 0.01403
149 0.01351
150 0.01301
151 0.01253
152 0.01206
153 0.01162
154 0.01119
155 0.01077
156 0.01037
157 0.00999
158 0.00961
159 0.00926
160 0.00891
161 0.00858
162 0.00826
163 0.00795
164 0.00766
165 0.00737
166 0.00710
167 0.00683
168 0.00658
169 0.00633
170 0.00609
171 0.00587
172 0.00565
173 0.00544
174 0.00523
175 0.00504
176 0.00485
177 0.00467
178 0.00450
179 0.00433
180 0.00417
181 0.00401
182 0.00386
183 0.00372
184 0.00358
185 0.00344
186 0.00332
187 0.00319
188 0.00307
189 0.00296
190 0.00285
191 0.00274
192 0.00264
193 0.00254
194 0.00245
195 0.00236
196 0.00227
197 0.00218
198 0.00210
199 0.00203
200 0.00195
201 0.00188
202 0.00181
203 0.00174
204 0.00168
205 0.00161
206 0.00155
207 0.00150
208 0.00144
209 0.00139
210 0.00134
211 0.00129
212 0.00124
213 0.00120
214 0.00115
215 0.00111
216 0.00107
217 0.00103
218 0.00099
219 0.00096
220 0.00092
221 0.00089
222 0.00085
223 0.00082
224 0.00079
225 0.00076
226 0.00074
227 0.00071
228 0.00068
229 0.00066
230 0.00064
231 0.00061
232 0.00059
233 0.00057
234 0.00055
235 0.00053
236 0.00051
237 0.00049
238 0.00047
239 0.00046
240 0.00044
241 0.00043
242 0.00041
243 0.00040
244 0.00038
245 0.00037
246 0.00035
247 0.00034
248 0.00033
249 0.00032
250 0.00031
251 0.00030
252 0.00029
253 0.00028
254 0.00027
255 0.00026
256 0.00025
257 0.00024
258 0.00023
259 0.00022
260 0.00022
261 0.00021
262 0.00020
263 0.00019
264 0.00019
265 0.00018
266 0.00017
267 0.00017
268 0.00016
269 0.00016
270 0.00015
271 0.00015
272 0.00014
273 0.00014
274 0.00013
275 0.00013
276 0.00012
277 0.00012
278 0.00012
279 0.00011
280 0.00011
281 0.00010
282 0.00010
283 0.00010
284 0.00009
285 0.00009
286 0.00009
287 0.00009
288 0.00008
289 0.00008
290 0.00008
291 0.00007
292 0.00007
293 0.00007
294 0.00007
295 0.00007
296 0.00006
297 0.00006
298 0.00006
299 0.00006
300 0.00006
301 0.00005
302 0.00005
303 0.00005
304 0.00005
305 0.00005
306 0.00005
307 0.00004
308 0.00004
309 0.00004
310 0.00004
311 0.00004
312 0.00004
313 0.00004
314 0.00004
315 0.00003
316 0.00003
317 0.00003
318 0.00003
319 0.00003
320 0.00003
321 0.00003
322 0.00003
323 0.00003
324 0.00003
325 0.00003
326 0.00002
327 0.00002
328 0.00002
329 0.00002
330 0.00002
331 0.00002
332 0.00002
333 0.00002
334 0.00002
335 0.00002
336 0.00002
337 0.00002
338 0.00002
339 0.00002
340 0.00002
341 0.00002
342 0.00002
343 0.00002
344 0.00001
345 0.00001
346 0.00001
347 0.00001
348 0.00001
349 0.00001
350 0.00001
351 0.00001
352 0.00001
353 0.00001
354 0.00001
355 0.00001
356 0.00001
357 0.00001
358 0.00001
359 0.00001
360 0.00001
361 0.00001
362 0.00001
363 0.00001
364 0.00001
365 0.00001
366 0.00001
367 0.00001
368 0.00001
369 0.00001
370 0.00001
371 0.00001
372 0.00001
373 0.00001
374 0.00001
375 0.00001
376 0.00001
377 0.00001
378 0.00001
379 0.00001
380 0.00001
381 0.00001
382 0.00001
383 0.00001
384 0.00001
385 0.00001
386 0.00000
387 0.00000
388 0.00000
389 0.00000
390 0.00000
391 0.00000
392 0.00000
393 0.00000
394 0.00000
395 0.00000
396 0.00000
397 0.00000
398 0.00000
399 0.00000
400 0.00000
401 0.00000
402 0.00000
403 0.00000
404 0.00000
405 0.00000
406 0.00000
407 0.00000
408 0.00000
409 0.00000
410 0.00000
411 0.00000
412 0.00000
413 0.00000
414 0.00000
415 0.00000
416 0.00000
417 0.00000
418 0.00000
419 0.00000
420 0.00000
421 0.00000
422 0.00000
423 0.00000
424 0.00000
425 0.00000
426 0.00000
427 0.00000
428 0.00000
429 0.00000
430 0.00000
431 0.00000
432 0.00000
433 0.00000
434 0.00000
435 0.00000
436 0.00000
437 0.00000
438 0.00000
439 0.00000
440 0.00000
441 0.00000
442 0.00000
443 0.00000
444 0.00000
445 0.00000
446 0.00000
447 0.00000
448 0.00000
449 0.00000
450 0.00000
451 0.00000
452 0.00000
453 0.00000
454 0.00000
455 0.00000
456 0.00000
457 0.00000
458 0.00000
459 0.00000
460 0.00000
461 0.00000
462 0.00000
463 0.00000
464 0.00000
465 0.00000
466 0.00000
467 0.00000
468 0.00000
469 0.00000
470 0.00000
471 0.00000
472 0.00000
473 0.00000
474 0.00000
475 0.00000
476 0.00000
477 0.00000
478 0.00000
479 0.00000
480 0.00000
481 0.00000
482 0.00000
483 0.00000
484 0.00000
485 0.00000
486 0.00000
487 0.00000
488 0.00000
489 0.00000
490 0.00000
491 0.00000
492 0.00000
493 0.00000
494 0.00000
495 0.00000
496 0.00000
497 0.00000
498 0.00000
499 0.00000
500 0.00000
501 0.00000
502 0.00000
503 0.00000
504 0.00000
505 0.00000
506 0.00000
507 0.00000
508 0.00000
509 0.00000
510 0.00000
511 0.00000
512 0.00000
513 0.00000
514 0.00000
515 0.00000
516 0.00000
517 0.00000
518 0.00000
519 0.00000
520 0.00000
521 0.00000
522 0.00000
523 0.00000
524 0.00000
525 0.00000
526 0.00000
527 0.00000
528 0.00000
529 0.00000
530 0.00000
531 0.00000
532 0.00000
533 0.00000
534 0.00000
535 0.00000
536 0.00000
537 0.00000
538 0.00000
539 0.00000
540 0.00000
541 0.00000
542 0.00000
543 0.00000
544 0.00000
545 0.00000
546 0.00000
547 0.00000
548 0.00000
549 0.00000
550 0.00000
551 0.00000
552 0.00000
553 0.00000
554 0.00000
555 0.00000
556 0.00000
557 0.00000
558 0.00000
559 0.00000
560 0.00000
561 0.00000
562 0.00000
563 0.00000
564 0.00000
565 0.00000
566 0.00000
567 0.00000
568 0.00000
569 0.00000
570 0.00000
571 0.00000
572 0.00000
573 0.00000
574 0.00000
575 0.00000
576 0.00000
577 0.00000
578 0.00000
579 0.00000
580 0.00000
581 0.00000
582 0.00000
583 0.00000
584 0.00000
585 0.00000
586 0.00000
587 0.00000
588 0.00000
589 0.00000
590 0.00000
591 0.00000
592 0.00000
593 0.00000
594 0.00000
595 0.00000
596 0.00000
597 0.00000
598 0.00000
599 0.00000
600 0.00000
601 0.00000
602 0.00000
603 0.00000
604 0.00000
605 0.00000
606 0.00000
607 0.00000
608 0.00000
609 0.00000
610 0.00000
611 0.00000
612 0.00000
613 0.00000
614 0.00000
615 0.00000
616 0.00000
617 0.00000
618 0.00000
619 0.00000
620 0.00000
621 0.00000
622 0.00000
623 0.00000
624 0.00000
625 0.00000
626 0.00000
627 0.00000
628 0.00000
629 0.00000
630 0.00000
631 0.00000
632 0.00000
633 0.00000
634 0.00000
635 0.00000
636 0.00000
637 0.00000
638 0.00000
639 0.00000
640 0.00000
641 0.00000
642 0.00000
643 0.00000
644 0.00000
645 0.00000
646 0.00000
647 0.00000
648 0.00000
649 0.00000
650 0.00000
651 0.00000
652 0.00000
653 0.00000
654 0.00000
655 0.00000
656 0.00000
657 0.00000
658 0.00000
659 0.00000
660 0.00000
661 0.00000
662 0.00000
663 0.00000
664 0.00000
665 0.00000
666 0.00000
667 0.00000
668 0.00000
669 0.00000
670 0.00000
671 0.00000
672 0.00000
673 0.00000
674 0.00000
675 0.00000
676 0.00000
677 0.00000
678 0.00000
679 0.00000
680 0.00000
681 0.00000
682 0.00000
683 0.00000
684 0.00000
685 0.00000
686 0.00000
687 0.00000
688 0.00000
689 0.00000
690 0.00000
691 0.00000
692 0.00000
693 0.00000
694 0.00000
695 0.00000
696 0.00000
697 0.00000
698 0.00000
699 0.00000
700 0.00000
701 0.00000
702 0.00000
703 0.00000
704 0.00000
705 0.00000
706 0.00000
707 0.00000
708 0.00000
709 0.00000
710 0.00000
711 0.00001
712 0.00001
713 0.00001
714 0.00001
715 0.00001
716 0.00001
717 0.00001
718 0.00001
719 0.00001
720 0.00001
721 0.00001
722 0.00001
723 0.00001
724 0.00001
725 0.00001
726 0.00001
727 0.00001
728 0.00001
729 0.00001
730 0.00001
731 0.00001
732 0.00001
733 0.00001
734 0.00001
735 0.00001
736 0.00001
737 0.00001
738 0.00001
739 0.00001
740 0.00001
741 0.00001
742 0.00001
743 0.00001
744 0.00001
745 0.00001
746 0.00002
747 0.00002
748 0.00002
749 0.00002
750 0.00002
751 0.00002
752 0.00002
753 0.00002
754 0.00002
755 0.00002
756 0.00002
757 0.00002
758 0.00002
759 0.00002
760 0.00003
761 0.00003
762 0.00003
763 0.00003
764 0.00003
765 0.00003
766 0.00003
767 0.00003
768 0.00003
769 0.00004
770 0.00004
771 0.00004
772 0.00004
773 0.00004
774 0.00004
775 0.00004
776 0.00005
777 0.00005
778 0.00005
779 0.00005
780 0.00005
781 0.00006
782 0.00006
783 0.00006
784 0.00006
785 0.00007
786 0.00007
787 0.00007
788 0.00008
789 0.00008
790 0.00008
791 0.00009
792 0.00009
793 0.00010
794 0.00010
795 0.00010
796 0.00011
797 0.00011
798 0.00012
799 0.00012
800 0.00013
801 0.00014
802 0.00014
803 0.00015
804 0.00016
805 0.00016
806 0.00017
807 0.00018
808 0.00019
809 0.00020
810 0.00021
811 0.00022
812 0.00023
813 0.00024
814 0.00025
815 0.00026
816 0.00027
817 0.00029
818 0.00030
819 0.00032
820 0.00033
821 0.00035
822 0.00037
823 0.00039
824 0.00041
825 0.00043
826 0.00045
827 0.00047
828 0.00050
829 0.00052
830 0.00055
831 0.00058
832 0.00061
833 0.00064
834 0.00068
835 0.00071
836 0.00075
837 0.00079
838 0.00083
839 0.00088
840 0.00093
841 0.00098
842 0.00103
843 0.00109
844 0.00115
845 0.00121
846 0.00128
847 0.00135
848 0.00143
849 0.00151
850 0.00159
851 0.00168
852 0.00177
853 0.00188
854 0.00198
855 0.00210
856 0.00222
857 0.00234
858 0.00248
859 0.00262
860 0.00278
861 0.00294
862 0.00311
863 0.00329
864 0.00349
865 0.00369
866 0.00391
867 0.00414
868 0.00439
869 0.00465
870 0.00493
871 0.00523
872 0.00554
873 0.00588
874 0.00624
875 0.00662
876 0.00702
877 0.00745
878 0.00791
879 0.00839
880 0.00891
881 0.00946
882 0.01005
883 0.01068
884 0.01134
885 0.01205
886 0.01281
887 0.01361
888 0.01447
889 0.01539
890 0.01637
891 0.01741
892 0.01852
893 0.01970
894 0.02096
895 0.02231
896 0.02374
897 0.02528
898 0.02691
899 0.02866
900 0.03052
901 0.03252
902 0.03464
903 0.03691
904 0.03933
905 0.04192
906 0.04469
907 0.04765
908 0.05081
909 0.05419
910 0.05779
911 0.06165
912 0.06475
913 0.07597
914 0.08513
915 0.09259
916 0.09719
917 0.09944
918 0.10220
919 0.10561
920 0.10990
921 0.11543
922 0.11414
923 0.11286
924 0.12009
925 0.11878
926 0.11748
927 0.12731
928 0.12597
929 0.12464
930 0.12331
931 0.13727
932 0.13590
933 0.13454
934 0.13318
935 0.13182
936 0.13047
937 0.12912
938 0.15013
939 0.14873
940 0.14733
941 0.14594
942 0.14455
943 0.14316
944 0.14177
945 0.14039
946 0.13901
947 0.13764
948 0.13626
949 0.13490
950 0.16940
951 0.16797
952 0.16653
953 0.16510
954 0.16367
955 0.16225
956 0.16082
957 0.15940
958 0.15798
959 0.15657
960 0.15515
961 0.15374
962 0.15234
963 0.15093
964 0.14953
965 0.14813
966 0.14673
967 0.14534
968 0.14395
969 0.14257
970 0.14118
971 0.13980
972 0.13843
973 0.20354
974 0.20208
975 0.20063
976 0.19918
977 0.19772
978 0.19627
979 0.19482
980 0.19337
981 0.19193
982 0.19048
983 0.18903
984 0.18759
985 0.18615
986 0.18471
987 0.18327
988 0.18183
989 0.18040
990 0.17896
991 0.17753
992 0.17610
993 0.17468
994 0.17325
995 0.17183
996 0.17041
997 0.16900
998 0.16758
999 0.16617
1000 0.16477
1001 0.16336
1002 0.16196
1003 0.16056
1004 0.15917
1005 0.15777
1006 0.15639
1007 0.15500
1008 0.15362
1009 0.15225
1010 0.15087
1011 0.14950
1012 0.14814
1013 0.14678
1014 0.14542
1015 0.14407
1016 0.14272
1017 0.14138
1018 0.14004
1019 0.13871
1020 0.13738
1021 0.13605
1022 0.13473
1023 0.13342
1024 0.13211
1025 0.13081
1026 0.29198
1027 0.29069
1028 0.28940
1029 0.28811
1030 0.28682
1031 0.28554
1032 0.28425
1033 0.28297
1034 0.28169
1035 0.28041
1036 0.27913
1037 0.27785
1038 0.27657
1039 0.27530
1040 0.27402
1041 0.27275
1042 0.27148
1043 0.27021
1044 0.26894
1045 0.26767
1046 0.26640
1047 0.26513
1048 0.26387
1049 0.26260
1050 0.26134
1051 0.26007
1052 0.25881
1053 0.25755
1054 0.25629
1055 0.25503
1056 0.25377
1057 0.25251
1058 0.25125
1059 0.24999
1060 0.24874
1061 0.24748
1062 0.24622
1063 0.24497
1064 0.24371
1065 0.24246
1066 0.24120
1067 0.23995
1068 0.23870
1069 0.23744
1070 0.23619
1071 0.23494
1072 0.23368
1073 0.23243
1074 0.23118
1075 0.22992
1076 0.22867
1077 0.22742
1078 0.22616
1079 0.22491
1080 0.22365
1081 0.22240
1082 0.22115
1083 0.21989
1084 0.21863
1085 0.21738
1086 0.21612
1087 0.21486
1088 0.21360
1089 0.21235
1090 0.21109
1091 0.20983
1092 0.20856
1093 0.20730
1094 0.20604
1095 0.20477
1096 0.20351
1097 0.20224
1098 0.20097
1099 0.19970
1100 0.19843
1101 0.19716
1102 0.19589
1103 0.19462
1104 0.19334
1105 0.19207
1106 0.19079
1107 0.18951
1108 0.18823
1109 0.18694
1110 0.18566
1111 0.18438
1112 0.18309
1113 0.18180
1114 0.18051
1115 0.17922
1116 0.17793
1117 0.17663
1118 0.17533
1119 0.17404
1120 0.17274
1121 0.17144
1122 0.17013
1123 0.16883
1124 0.16753
1125 0.16622
1126 0.16491
1127 0.16360
1128 0.16229
1129 0.16098
1130 0.15967
1131 0.15835
1132 0.15704
1133 0.15572
1134 0.15440
1135 0.15309
1136 0.15177
1137 0.15045
1138 0.14913
1139 0.14781
1140 0.14648
1141 0.14516
1142 0.14384
1143 0.14252
1144 0.14120
1145 0.13987
1146 0.13855
1147 0.13723
1148 0.13591
1149 0.13459
1150 0.13327
1151 0.13195
1152 0.13063
1153 0.12932
1154 0.12800
1155 0.12669
1156 0.12537
1157 0.12406
1158 0.12275
1159 0.12145
1160 0.12014
1161 0.11884
1162 0.11754
1163 0.11624
1164 0.11495
1165 0.11366
1166 0.11237
1167 0.11108
1168 0.10980
1169 0.10853
1170 0.10725
1171 0.10598
1172 0.10472
1173 0.10346
1174 0.10220
1175 0.10095
1176 0.09970
1177 0.09846
1178 0.09722
1179 0.09599
1180 0.09476
1181 0.09354
1182 0.09233
1183 0.09112
1184 0.08992
1185 0.08872
1186 0.08753
1187 0.08635
1188 0.08517
1189 0.08401
1190 0.08284
1191 0.08169
1192 0.08054
1193 0.07940
1194 0.07827
1195 0.07714
1196 0.07602
1197 0.07492
1198 0.07381
1199 0.07272
1200 0.07164
1201 0.07056
1202 0.06949
1203 0.06843
1204 0.06738
1205 0.06634
1206 0.06530
1207 0.06428
1208 0.06326
1209 0.06226
1210 0.06126
1211 0.06027
1212 0.05929
1213 0.05832
1214 0.05736
1215 0.05641
1216 1.00000
