17 0.90008
18 0.89171
19 0.88320
20 0.87457
21 0.86581
22 0.85695
23 0.84799
24 0.83894
25 0.82982
26 0.82063
27 0.81138
28 0.80207
29 0.79273
30 0.78334
31 0.77393
32 0.76450
33 0.75505
34 0.74559
35 0.73613
36 0.72667
37 0.71722
38 0.70778
39 0.69836
40 0.68896
41 0.67959
42 0.67025
43 0.66094
44 0.65167
45 0.64245
46 0.63327
47 0.62414
48 0.61506
49 0.60604
50 0.59708
51 0.58817
52 0.57933
53 0.57056
54 0.56185
55 0.55321
56 0.54465
57 0.53616
58 0.52774
59 0.51940
60 0.51114
61 0.50295
62 0.49485
63 0.48683
64 0.47890
65 0.47104
66 0.46328
67 0.45559
68 0.44800
69 0.44049
70 0.43307
71 0.42573
72 0.41849
73 0.41133
74 0.40426
75 0.39728
76 0.39039
77 0.38359
78 0.37688
79 0.37025
80 0.36372
81 0.35727
82 0.35092
83 0.34465
84 0.33847
85 0.33238
86 0.32637
87 0.32045
88 0.31462
89 0.30888
90 0.30322
91 0.29764
92 0.29215
93 0.28674
94 0.28142
95 0.27618
96 0.27102
97 0.26595
98 0.26095
99 0.25603
100 0.25120
101 0.24644
102 0.24176
103 0.23715
104 0.23262
105 0.22817
106 0.22379
107 0.21949
108 0.21526
109 0.21110
110 0.20701
111 0.20299
112 0.19904
113 0.19516
114 0.19135
115 0.18760
116 0.18392
117 0.18031
118 0.17676
119 0.17327
120 0.16985
121 0.16649
122 0.16319
123 0.15995
124 0.15677
125 0.15364
126 0.15058
127 0.14757
128 0.14461
129 0.14172
130 0.13887
131 0.13608
132 0.13334
133 0.13066
134 0.12802
135 0.12543
136 0.12290
137 0.12041
138 0.11797
139 0.11558
140 0.11323
141 0.11093
142 0.10867
143 0.10646
144 0.10429
145 0.10216
146 0.10007
147 0.09803
148 0.09602
149 0.09405
150 0.09213
151 0.09024
152 0.08839
153 0.08657
154 0.08479
155 0.08305
156 0.08134
157 0.07967
158 0.07803
159 0.07642
160 0.07485
161 0.07331
162 0.07180
163 0.07031
164 0.06886
165 0.06744
166 0.06605
167 0.06469
168 0.06335
169 0.06204
170 0.06076
171 0.05950
172 0.05827
173 0.05707
174 0.05589
175 0.05473
176 0.05360
177 0.05250
178 0.05141
179 0.05035
180 0.04931
181 0.04829
182 0.04729
183 0.04631
184 0.04536
185 0.04442
186 0.04350
187 0.04260
188 0.04173
189 0.04086
190 0.04002
191 0.03920
192 0.03839
193 0.03760
194 0.03682
195 0.03607
196 0.03532
197 0.03460
198 0.03389
199 0.03319
200 0.03251
201 0.03184
202 0.03119
203 0.03055
204 0.02992
205 0.02931
206 0.02871
207 0.02812
208 0.02755
209 0.02699
210 0.02644
211 0.02590
212 0.02537
213 0.02485
214 0.02435
215 0.02385
216 0.02337
217 0.02289
218 0.02243
219 0.02198
220 0.02153
221 0.02110
222 0.02067
223 0.02025
224 0.01985
225 0.01945
226 0.01906
227 0.01867
228 0.01830
229 0.01793
230 0.01757
231 0.01722
232 0.01688
233 0.01654
234 0.01621
235 0.01589
236 0.01557
237 0.01527
238 0.01496
239 0.01467
240 0.01438
241 0.01409
242 0.01382
243 0.01354
244 0.01328
245 0.01302
246 0.01276
247 0.01251
248 0.01227
249 0.01203
250 0.01180
251 0.01157
252 0.01134
253 0.01112
254 0.01091
255 0.01070
256 0.01049
257 0.01029
258 0.01009
259 0.00990
260 0.00971
261 0.00952
262 0.00934
263 0.00916
264 0.00899
265 0.00882
266 0.00865
267 0.00849
268 0.00833
269 0.00817
270 0.00802
271 0.00787
272 0.00772
273 0.00758
274 0.00743
275 0.00730
276 0.00716
277 0.00703
278 0.00690
279 0.00677
280 0.00665
281 0.00652
282 0.00641
283 0.00629
284 0.00617
285 0.00606
286 0.00595
287 0.00584
288 0.00574
289 0.00563
290 0.00553
291 0.00543
292 0.00534
293 0.00524
294 0.00515
295 0.00506
296 0.00497
297 0.00488
298 0.00479
299 0.00471
300 0.00463
301 0.00455
302 0.00447
303 0.00439
304 0.00431
305 0.00424
306 0.00416
307 0.00409
308 0.00402
309 0.00395
310 0.00389
311 0.00382
312 0.00376
313 0.00369
314 0.00363
315 0.00357
316 0.00351
317 0.00345
318 0.00339
319 0.00334
320 0.00328
321 0.00323
322 0.00317
323 0.00312
324 0.00307
325 0.00302
326 0.00297
327 0.00292
328 0.00288
329 0.00283
330 0.00279
331 0.00274
332 0.00270
333 0.00265
334 0.00261
335 0.00257
336 0.00253
337 0.00249
338 0.00245
339 0.00241
340 0.00238
341 0.00234
342 0.00230
343 0.00227
344 0.00223
345 0.00220
346 0.00217
347 0.00214
348 0.00210
349 0.00207
350 0.00204
351 0.00201
352 0.00198
353 0.00195
354 0.00192
355 0.00190
356 0.00187
357 0.00184
358 0.00181
359 0.00179
360 0.00176
361 0.00174
362 0.00171
363 0.00169
364 0.00166
365 0.00164
366 0.00162
367 0.00160
368 0.00157
369 0.00155
370 0.00153
371 0.00151
372 0.00149
373 0.00147
374 0.00145
375 0.00143
376 0.00141
377 0.00139
378 0.00138
379 0.00136
380 0.00134
381 0.00132
382 0.00131
383 0.00129
384 0.00127
385 0.00126
386 0.00124
387 0.00122
388 0.00121
389 0.00119
390 0.00118
391 0.00116
392 0.00115
393 0.00114
394 0.00112
395 0.00111
396 0.00110
397 0.00108
398 0.00107
399 0.00106
400 0.00105
401 0.00103
402 0.00102
403 0.00101
404 0.00100
405 0.00099
406 0.00098
407 0.00096
408 0.00095
409 0.00094
410 0.00093
411 0.00092
412 0.00091
413 0.00090
414 0.00089
415 0.00088
416 0.00087
417 0.00086
418 0.00086
419 0.00085
420 0.00084
421 0.00083
422 0.00082
423 0.00081
424 0.00080
425 0.00080
426 0.00079
427 0.00078
428 0.00077
429 0.00076
430 0.00076
431 0.00075
432 0.00074
433 0.00074
434 0.00073
435 0.00072
436 0.00072
437 0.00071
438 0.00070
439 0.00070
440 0.00069
441 0.00068
442 0.00068
443 0.00067
444 0.00067
445 0.00066
446 0.00066
447 0.00065
448 0.00064
449 0.00064
450 0.00063
451 0.00063
452 0.00062
453 0.00062
454 0.00061
455 0.00061
456 0.00060
457 0.00060
458 0.00059
459 0.00059
460 0.00059
461 0.00058
462 0.00058
463 0.00057
464 0.00057
465 0.00057
466 0.00056
467 0.00056
468 0.00055
469 0.00055
470 0.00055
471 0.00054
472 0.00054
473 0.00054
474 0.00053
475 0.00053
476 0.00053
477 0.00052
478 0.00052
479 0.00052
480 0.00051
481 0.00051
482 0.00051
483 0.00051
484 0.00050
485 0.00050
486 0.00050
487 0.00049
488 0.00049
489 0.00049
490 0.00049
491 0.00048
492 0.00048
493 0.00048
494 0.00048
495 0.00048
496 0.00047
497 0.00047
498 0.00047
499 0.00047
500 0.00047
501 0.00046
502 0.00046
503 0.00046
504 0.00046
505 0.00046
506 0.00045
507 0.00045
508 0.00045
509 0.00045
510 0.00045
511 0.00045
512 0.00045
513 0.00044
514 0.00044
515 0.00044
516 0.00044
517 0.00044
518 0.00044
519 0.00044
520 0.00044
521 0.00043
522 0.00043
523 0.00043
524 0.00043
525 0.00043
526 0.00043
527 0.00043
528 0.00043
529 0.00043
530 0.00043
531 0.00043
532 0.00043
533 0.00042
534 0.00042
535 0.00042
536 0.00042
537 0.00042
538 0.00042
539 0.00042
540 0.00042
541 0.00042
542 0.00042
543 0.00042
544 0.00042
545 0.00042
546 0.00042
547 0.00042
548 0.00042
549 0.00042
550 0.00042
551 0.00042
552 0.00042
553 0.00042
554 0.00042
555 0.00042
556 0.00042
557 0.00042
558 0.00042
559 0.00042
560 0.00042
561 0.00042
562 0.00042
563 0.00042
564 0.00042
565 0.00042
566 0.00043
567 0.00043
568 0.00043
569 0.00043
570 0.00043
571 0.00043
572 0.00043
573 0.00043
574 0.00043
575 0.00043
576 0.00043
577 0.00043
578 0.00044
579 0.00044
580 0.00044
581 0.00044
582 0.00044
583 0.00044
584 0.00044
585 0.00044
586 0.00045
587 0.00045
588 0.00045
589 0.00045
590 0.00045
591 0.00045
592 0.00046
593 0.00046
594 0.00046
595 0.00046
596 0.00046
597 0.00047
598 0.00047
599 0.00047
600 0.00047
601 0.00047
602 0.00048
603 0.00048
604 0.00048
605 0.00048
606 0.00049
607 0.00049
608 0.00049
609 0.00049
610 0.00050
611 0.00050
612 0.00050
613 0.00051
614 0.00051
615 0.00051
616 0.00052
617 0.00052
618 0.00052
619 0.00053
620 0.00053
621 0.00053
622 0.00054
623 0.00054
624 0.00054
625 0.00055
626 0.00055
627 0.00056
628 0.00056
629 0.00056
630 0.00057
631 0.00057
632 0.00058
633 0.00058
634 0.00059
635 0.00059
636 0.00060
637 0.00060
638 0.00061
639 0.00061
640 0.00062
641 0.00062
642 0.00063
643 0.00063
644 0.00064
645 0.00064
646 0.00065
647 0.00066
648 0.00066
649 0.00067
650 0.00068
651 0.00068
652 0.00069
653 0.00070
654 0.00070
655 0.00071
656 0.00072
657 0.00072
658 0.00073
659 0.00074
660 0.00075
661 0.00076
662 0.00076
663 0.00077
664 0.00078
665 0.00079
666 0.00080
667 0.00081
668 0.00082
669 0.00083
670 0.00084
671 0.00085
672 0.00086
673 0.00087
674 0.00088
675 0.00089
676 0.00090
677 0.00091
678 0.00092
679 0.00093
680 0.00094
681 0.00096
682 0.00097
683 0.00098
684 0.00100
685 0.00101
686 0.00102
687 0.00104
688 0.00105
689 0.00106
690 0.00108
691 0.00109
692 0.00111
693 0.00112
694 0.00114
695 0.00116
696 0.00117
697 0.00119
698 0.00121
699 0.00123
700 0.00124
701 0.00126
702 0.00128
703 0.00130
704 0.00132
705 0.00134
706 0.00136
707 0.00138
708 0.00141
709 0.00143
710 0.00145
711 0.00147
712 0.00150
713 0.00152
714 0.00155
715 0.00157
716 0.00160
717 0.00163
718 0.00165
719 0.00168
720 0.00171
721 0.00174
722 0.00177
723 0.00180
724 0.00183
725 0.00186
726 0.00190
727 0.00193
728 0.00196
729 0.00200
730 0.00204
731 0.00207
732 0.00211
733 0.00215
734 0.00219
735 0.00223
736 0.00227
737 0.00232
738 0.00236
739 0.00240
740 0.00245
741 0.00250
742 0.00255
743 0.00260
744 0.00265
745 0.00270
746 0.00275
747 0.00281
748 0.00287
749 0.00292
750 0.00298
751 0.00305
752 0.00311
753 0.00317
754 0.00324
755 0.00331
756 0.00338
757 0.00345
758 0.00352
759 0.00360
760 0.00367
761 0.00375
762 0.00383
763 0.00392
764 0.00400
765 0.00409
766 0.00418
767 0.00428
768 0.00437
769 0.00447
770 0.00457
771 0.00468
772 0.00478
773 0.00489
774 0.00501
775 0.00512
776 0.00524
777 0.00536
778 0.00549
779 0.00562
780 0.00575
781 0.00589
782 0.00603
783 0.00618
784 0.00633
785 0.00648
786 0.00664
787 0.00681
788 0.00697
789 0.00715
790 0.00733
791 0.00751
792 0.00770
793 0.00789
794 0.00809
795 0.00830
796 0.00851
797 0.00873
798 0.00896
799 0.00919
800 0.00943
801 0.00968
802 0.00993
803 0.01020
804 0.01047
805 0.01075
806 0.01104
807 0.01133
808 0.01164
809 0.01196
810 0.01229
811 0.01262
812 0.01297
813 0.01333
814 0.01370
815 0.01408
816 0.01448
817 0.01488
818 0.01530
819 0.01574
820 0.01619
821 0.01665
822 0.01713
823 0.01762
824 0.01814
825 0.01866
826 0.01921
827 0.01977
828 0.02036
829 0.02096
830 0.02158
831 0.02223
832 0.02289
833 0.02358
834 0.02429
835 0.02503
836 0.02579
837 0.02658
838 0.02739
839 0.02824
840 0.02911
841 0.03002
842 0.03095
843 0.03192
844 0.03292
845 0.03396
846 0.03504
847 0.03615
848 0.03731
849 0.03850
850 0.03974
851 0.04102
852 0.04235
853 0.04373
854 0.04516
855 0.04664
856 0.04817
857 0.04976
858 0.05141
859 0.05312
860 0.05490
861 0.05674
862 0.05865
863 0.06063
864 0.06268
865 0.06482
866 0.06703
867 0.06933
868 0.07171
869 0.07419
870 0.07676
871 0.07943
872 0.08220
873 0.08508
874 0.08807
875 0.09118
876 0.09441
877 0.09776
878 0.10125
879 0.10487
880 0.10864
881 0.11255
882 0.11662
883 0.12085
884 0.12525
885 0.12983
886 0.13459
887 0.13954
888 0.14470
889 0.15006
890 0.15564
891 0.16144
892 0.16749
893 0.17378
894 0.18033
895 0.18715
896 0.19425
897 0.20165
898 0.20935
899 0.21738
900 0.22574
901 0.23445
902 0.24353
903 0.25299
904 0.26285
905 0.27313
906 0.28385
907 0.29502
908 0.30667
909 0.31882
910 0.33150
911 0.34472
912 0.35542
913 0.36052
914 0.36642
915 0.37228
916 0.37617
917 0.37805
918 0.38053
919 0.38378
920 0.38805
921 0.39368
922 0.39224
923 0.39080
924 0.39836
925 0.39693
926 0.39550
927 0.40586
928 0.40443
929 0.40301
930 0.40158
931 0.41626
932 0.41484
933 0.41343
934 0.41202
935 0.41061
936 0.40920
937 0.40779
938 0.42959
939 0.42820
940 0.42680
941 0.42541
942 0.42401
943 0.42262
944 0.42123
945 0.41983
946 0.41844
947 0.41705
948 0.41566
949 0.41427
950 0.44914
951 0.44778
952 0.44641
953 0.44505
954 0.44369
955 0.44232
956 0.44096
957 0.43960
958 0.43824
959 0.43687
960 0.43551
961 0.43415
962 0.43279
963 0.43143
964 0.43007
965 0.42872
966 0.42736
967 0.42600
968 0.42464
969 0.42329
970 0.42193
971 0.42058
972 0.41922
973 0.48211
974 0.48080
975 0.47950
976 0.47820
977 0.47689
978 0.47559
979 0.47428
980 0.47298
981 0.47168
982 0.47037
983 0.46907
984 0.46777
985 0.46647
986 0.46516
987 0.46386
988 0.46256
989 0.46126
990 0.45995
991 0.45865
992 0.45735
993 0.45605
994 0.45475
995 0.45345
996 0.45215
997 0.45085
998 0.44955
999 0.44825
1000 0.44695
1001 0.44565
1002 0.44435
1003 0.44305
1004 0.44176
1005 0.44046
1006 0.43916
1007 0.43787
1008 0.43657
1009 0.43527
1010 0.43398
1011 0.43268
1012 0.43139
1013 0.43010
1014 0.42880
1015 0.42751
1016 0.42622
1017 0.42493
1018 0.42363
1019 0.42234
1020 0.42105
1021 0.41976
1022 0.41847
1023 0.41719
1024 0.41590
1025 0.41461
1026 0.55761
1027 0.55647
1028 0.55532
1029 0.55418
1030 0.55303
1031 0.55188
1032 0.55074
1033 0.54959
1034 0.54844
1035 0.54729
1036 0.54614
1037 0.54499
1038 0.54384
1039 0.54269
1040 0.54154
1041 0.54039
1042 0.53924
1043 0.53809
1044 0.53693
1045 0.53578
1046 0.53463
1047 0.53347
1048 0.53232
1049 0.53116
1050 0.53001
1051 0.52885
1052 0.52770
1053 0.52654
1054 0.52538
1055 0.52423
1056 0.52307
1057 0.52191
1058 0.52075
1059 0.51960
1060 0.51844
1061 0.51728
1062 0.51612
1063 0.51496
1064 0.51380
1065 0.51264
1066 0.51148
1067 0.51032
1068 0.50916
1069 0.50800
1070 0.50684
1071 0.50568
1072 0.50452
1073 0.50336
1074 0.50220
1075 0.50104
1076 0.49988
1077 0.49871
1078 0.49755
1079 0.49639
1080 0.49523
1081 0.49407
1082 0.49291
1083 0.49174
1084 0.49058
1085 0.48942
1086 0.48826
1087 0.48710
1088 0.48593
1089 0.48477
1090 0.48361
1091 0.48245
1092 0.48128
1093 0.48012
1094 0.47896
1095 0.47780
1096 0.47664
1097 0.47547
1098 0.47431
1099 0.47315
1100 0.47199
1101 0.47083
1102 0.46967
1103 0.46850
1104 0.46734
1105 0.46618
1106 0.46502
1107 0.46386
1108 0.46270
1109 0.46154
1110 0.46038
1111 0.45922
1112 0.45806
1113 0.45690
1114 0.45574
1115 0.45458
1116 0.45342
1117 0.45226
1118 0.45110
1119 0.44995
1120 0.44879
1121 0.44763
1122 0.44647
1123 0.44531
1124 0.44416
1125 0.44300
1126 0.44185
1127 0.44069
1128 0.43953
1129 0.43838
1130 0.43722
1131 0.43607
1132 0.43491
1133 0.43376
1134 0.43261
1135 0.43145
1136 0.43030
1137 0.42915
1138 0.42800
1139 0.42685
1140 0.42570
1141 0.42455
1142 0.42340
1143 0.42225
1144 0.42110
1145 0.41995
1146 0.41880
1147 0.41765
1148 0.41651
1149 0.41536
1150 0.41421
1151 0.41307
1152 0.41192
1153 0.41078
1154 0.40963
1155 0.40849
1156 0.40735
1157 0.40621
1158 0.40506
1159 0.40392
1160 0.40278
1161 0.40164
1162 0.40050
1163 0.39937
1164 0.39823
1165 0.39709
1166 0.39595
1167 0.39482
1168 0.39368
1169 0.39255
1170 0.39141
1171 0.39028
1172 0.38915
1173 0.38802
1174 0.38689
1175 0.38576
1176 0.38463
1177 0.38350
1178 0.38237
1179 0.38124
1180 0.38011
1181 0.37899
1182 0.37786
1183 0.37674
1184 0.37561
1185 0.37449
1186 0.37337
1187 0.37225
1188 0.37113
1189 0.37001
1190 0.36889
1191 0.36777
1192 0.36665
1193 0.36554
1194 0.36442
1195 0.36331
1196 0.36219
1197 0.36108
1198 0.35997
1199 0.35886
1200 0.35774
1201 0.35663
1202 0.35553
1203 0.35442
1204 0.35331
1205 0.35220
1206 0.35110
1207 0.35000
1208 0.34889
1209 0.34779
1210 0.34669
1211 0.34559
1212 0.34449
1213 0.34339
1214 0.34229
1215 0.34119
1216 1.00000
