17 0.68174
18 0.65859
19 0.63560
20 0.61283
21 0.59032
22 0.56813
23 0.54628
24 0.52482
25 0.50378
26 0.48319
27 0.46306
28 0.44342
29 0.42429
30 0.40568
31 0.38759
32 0.37004
33 0.35304
34 0.33658
35 0.32066
36 0.30530
37 0.29047
38 0.27619
39 0.26244
40 0.24922
41 0.23652
42 0.22432
43 0.21263
44 0.20143
45 0.19071
46 0.18046
47 0.17066
48 0.16130
49 0.15238
50 0.14387
51 0.13576
52 0.12804
53 0.12070
54 0.11373
55 0.10710
56 0.10081
57 0.09484
58 0.08918
59 0.08382
60 0.07875
61 0.07395
62 0.06941
63 0.06512
64 0.06107
65 0.05724
66 0.05364
67 0.05023
68 0.04703
69 0.04401
70 0.04117
71 0.03849
72 0.03598
73 0.03362
74 0.03140
75 0.02931
76 0.02735
77 0.02552
78 0.02380
79 0.02218
80 0.02067
81 0.01926
82 0.01793
83 0.01670
84 0.01554
85 0.01445
86 0.01344
87 0.01250
88 0.01162
89 0.01079
90 0.01002
91 0.00931
92 0.00864
93 0.00802
94 0.00744
95 0.00690
96 0.00640
97 0.00593
98 0.00549
99 0.00509
100 0.00471
101 0.00436
102 0.00404
103 0.00374
104 0.00346
105 0.00320
106 0.00296
107 0.00273
108 0.00253
109 0.00234
110 0.00216
111 0.00199
112 0.00184
113 0.00170
114 0.00157
115 0.00145
116 0.00133
117 0.00123
118 0.00114
119 0.00105
120 0.00097
121 0.00089
122 0.00082
123 0.00076
124 0.00070
125 0.00064
126 0.00059
127 0.00054
128 0.00050
129 0.00046
130 0.00042
131 0.00039
132 0.00036
133 0.00033
134 0.00030
135 0.00028
136 0.00026
137 0.00024
138 0.00022
139 0.00020
140 0.00018
141 0.00017
142 0.00015
143 0.00014
144 0.00013
145 0.00012
146 0.00011
147 0.00010
148 0.00009
149 0.00008
150 0.00008
151 0.00007
152 0.00007
153 0.00006
154 0.00005
155 0.00005
156 0.00005
157 0.00004
158 0.00004
159 0.00004
160 0.00003
161 0.00003
162 0.00003
163 0.00003
164 0.00002
165 0.00002
166 0.00002
167 0.00002
168 0.00002
169 0.00001
170 0.00001
171 0.00001
172 0.00001
173 0.00001
174 0.00001
175 0.00001
176 0.00001
177 0.00001
178 0.00001
179 0.00001
180 0.00001
181 0.00001
182 0.00000
183 0.00000
184 0.00000
185 0.00000
186 0.00000
187 0.00000
188 0.00000
189 0.00000
190 0.00000
191 0.00000
192 0.00000
193 0.00000
194 0.00000
195 0.00000
196 0.00000
197 0.00000
198 0.00000
199 0.00000
200 0.00000
201 0.00000
202 0.00000
203 0.00000
204 0.00000
205 0.00000
206 0.00000
207 0.00000
208 0.00000
209 0.00000
210 0.00000
211 0.00000
212 0.00000
213 0.00000
214 0.00000
215 0.00000
216 0.00000
217 0.00000
218 0.00000
219 0.00000
220 0.00000
221 0.00000
222 0.00000
223 0.00000
224 0.00000
225 0.00000
226 0.00000
227 0.00000
228 0.00000
229 0.00000
230 0.00000
231 0.00000
232 0.00000
233 0.00000
234 0.00000
235 0.00000
236 0.00000
237 0.00000
238 0.00000
239 0.00000
240 0.00000
241 0.00000
242 0.00000
243 0.00000
244 0.00000
245 0.00000
246 0.00000
247 0.00000
248 0.00000
249 0.00000
250 0.00000
251 0.00000
252 0.00000
253 0.00000
254 0.00000
255 0.00000
256 0.00000
257 0.00000
258 0.00000
259 0.00000
260 0.00000
261 0.00000
262 0.00000
263 0.00000
264 0.00000
265 0.00000
266 0.00000
267 0.00000
268 0.00000
269 0.00000
270 0.00000
271 0.00000
272 0.00000
273 0.00000
274 0.00000
275 0.00000
276 0.00000
277 0.00000
278 0.00000
279 0.00000
280 0.00000
281 0.00000
282 0.00000
283 0.00000
284 0.00000
285 0.00000
286 0.00000
287 0.00000
288 0.00000
289 0.00000
290 0.00000
291 0.00000
292 0.00000
293 0.00000
294 0.00000
295 0.00000
296 0.00000
297 0.00000
298 0.00000
299 0.00000
300 0.00000
301 0.00000
302 0.00000
303 0.00000
304 0.00000
305 0.00000
306 0.00000
307 0.00000
308 0.00000
309 0.00000
310 0.00000
311 0.00000
312 0.00000
313 0.00000
314 0.00000
315 0.00000
316 0.00000
317 0.00000
318 0.00000
319 0.00000
320 0.00000
321 0.00000
322 0.00000
323 0.00000
324 0.00000
325 0.00000
326 0.00000
327 0.00000
328 0.00000
329 0.00000
330 0.00000
331 0.00000
332 0.00000
333 0.00000
334 0.00000
335 0.00000
336 0.00000
337 0.00000
338 0.00000
339 0.00000
340 0.00000
341 0.00000
342 0.00000
343 0.00000
344 0.00000
345 0.00000
346 0.00000
347 0.00000
348 0.00000
349 0.00000
350 0.00000
351 0.00000
352 0.00000
353 0.00000
354 0.00000
355 0.00000
356 0.00000
357 0.00000
358 0.00000
359 0.00000
360 0.00000
361 0.00000
362 0.00000
363 0.00000
364 0.00000
365 0.00000
366 0.00000
367 0.00000
368 0.00000
369 0.00000
370 0.00000
371 0.00000
372 0.00000
373 0.00000
374 0.00000
375 0.00000
376 0.00000
377 0.00000
378 0.00000
379 0.00000
380 0.00000
381 0.00000
382 0.00000
383 0.00000
384 0.00000
385 0.00000
386 0.00000
387 0.00000
388 0.00000
389 0.00000
390 0.00000
391 0.00000
392 0.00000
393 0.00000
394 0.00000
395 0.00000
396 0.00000
397 0.00000
398 0.00000
399 0.00000
400 0.00000
401 0.00000
402 0.00000
403 0.00000
404 0.00000
405 0.00000
406 0.00000
407 0.00000
408 0.00000
409 0.00000
410 0.00000
411 0.00000
412 0.00000
413 0.00000
414 0.00000
415 0.00000
416 0.00000
417 0.00000
418 0.00000
419 0.00000
420 0.00000
421 0.00000
422 0.00000
423 0.00000
424 0.00000
425 0.00000
426 0.00000
427 0.00000
428 0.00000
429 0.00000
430 0.00000
431 0.00000
432 0.00000
433 0.00000
434 0.00000
435 0.00000
436 0.00000
437 0.00000
438 0.00000
439 0.00000
440 0.00000
441 0.00000
442 0.00000
443 0.00000
444 0.00000
445 0.00000
446 0.00000
447 0.00000
448 0.00000
449 0.00000
450 0.00000
451 0.00000
452 0.00000
453 0.00000
454 0.00000
455 0.00000
456 0.00000
457 0.00000
458 0.00000
459 0.00000
460 0.00000
461 0.00000
462 0.00000
463 0.00000
464 0.00000
465 0.00000
466 0.00000
467 0.00000
468 0.00000
469 0.00000
470 0.00000
471 0.00000
472 0.00000
473 0.00000
474 0.00000
475 0.00000
476 0.00000
477 0.00000
478 0.00000
479 0.00000
480 0.00000
481 0.00000
482 0.00000
483 0.00000
484 0.00000
485 0.00000
486 0.00000
487 0.00000
488 0.00000
489 0.00000
490 0.00000
491 0.00000
492 0.00000
493 0.00000
494 0.00000
495 0.00000
496 0.00000
497 0.00000
498 0.00000
499 0.00000
500 0.00000
501 0.00000
502 0.00000
503 0.00000
504 0.00000
505 0.00000
506 0.00000
507 0.00000
508 0.00000
509 0.00000
510 0.00000
511 0.00000
512 0.00000
513 0.00000
514 0.00000
515 0.00000
516 0.00000
517 0.00000
518 0.00000
519 0.00000
520 0.00000
521 0.00000
522 0.00000
523 0.00000
524 0.00000
525 0.00000
526 0.00000
527 0.00000
528 0.00000
529 0.00000
530 0.00000
531 0.00000
532 0.00000
533 0.00000
534 0.00000
535 0.00000
536 0.00000
537 0.00000
538 0.00000
539 0.00000
540 0.00000
541 0.00000
542 0.00000
543 0.00000
544 0.00000
545 0.00000
546 0.00000
547 0.00000
548 0.00000
549 0.00000
550 0.00000
551 0.00000
552 0.00000
553 0.00000
554 0.00000
555 0.00000
556 0.00000
557 0.00000
558 0.00000
559 0.00000
560 0.00000
561 0.00000
562 0.00000
563 0.00000
564 0.00000
565 0.00000
566 0.00000
567 0.00000
568 0.00000
569 0.00000
570 0.00000
571 0.00000
572 0.00000
573 0.00000
574 0.00000
575 0.00000
576 0.00000
577 0.00000
578 0.00000
579 0.00000
580 0.00000
581 0.00000
582 0.00000
583 0.00000
584 0.00000
585 0.00000
586 0.00000
587 0.00000
588 0.00000
589 0.00000
590 0.00000
591 0.00000
592 0.00000
593 0.00000
594 0.00000
595 0.00000
596 0.00000
597 0.00000
598 0.00000
599 0.00000
600 0.00000
601 0.00000
602 0.00000
603 0.00000
604 0.00000
605 0.00000
606 0.00000
607 0.00000
608 0.00000
609 0.00000
610 0.00000
611 0.00000
612 0.00000
613 0.00000
614 0.00000
615 0.00000
616 0.00000
617 0.00000
618 0.00000
619 0.00000
620 0.00000
621 0.00000
622 0.00000
623 0.00000
624 0.00000
625 0.00000
626 0.00000
627 0.00000
628 0.00000
629 0.00000
630 0.00000
631 0.00000
632 0.00000
633 0.00000
634 0.00000
635 0.00000
636 0.00000
637 0.00000
638 0.00000
639 0.00000
640 0.00000
641 0.00000
642 0.00000
643 0.00000
644 0.00000
645 0.00000
646 0.00000
647 0.00000
648 0.00000
649 0.00000
650 0.00000
651 0.00000
652 0.00000
653 0.00000
654 0.00000
655 0.00000
656 0.00000
657 0.00000
658 0.00000
659 0.00000
660 0.00000
661 0.00000
662 0.00000
663 0.00000
664 0.00000
665 0.00000
666 0.00000
667 0.00000
668 0.00000
669 0.00000
670 0.00000
671 0.00000
672 0.00000
673 0.00000
674 0.00000
675 0.00000
676 0.00000
677 0.00000
678 0.00000
679 0.00000
680 0.00000
681 0.00000
682 0.00000
683 0.00000
684 0.00000
685 0.00000
686 0.00000
687 0.00000
688 0.00000
689 0.00000
690 0.00000
691 0.00000
692 0.00000
693 0.00000
694 0.00000
695 0.00000
696 0.00000
697 0.00000
698 0.00000
699 0.00000
700 0.00000
701 0.00000
702 0.00000
703 0.00000
704 0.00000
705 0.00000
706 0.00000
707 0.00000
708 0.00000
709 0.00000
710 0.00000
711 0.00000
712 0.00000
713 0.00000
714 0.00000
715 0.00000
716 0.00000
717 0.00000
718 0.00000
719 0.00000
720 0.00000
721 0.00000
722 0.00000
723 0.00000
724 0.00000
725 0.00000
726 0.00000
727 0.00000
728 0.00000
729 0.00000
730 0.00000
731 0.00000
732 0.00000
733 0.00000
734 0.00000
735 0.00000
736 0.00000
737 0.00000
738 0.00000
739 0.00000
740 0.00000
741 0.00000
742 0.00000
743 0.00000
744 0.00000
745 0.00000
746 0.00000
747 0.00000
748 0.00000
749 0.00000
750 0.00000
751 0.00000
752 0.00000
753 0.00000
754 0.00000
755 0.00000
756 0.00000
757 0.00000
758 0.00000
759 0.00000
760 0.00000
761 0.00000
762 0.00000
763 0.00000
764 0.00000
765 0.00000
766 0.00000
767 0.00000
768 0.00000
769 0.00000
770 0.00000
771 0.00000
772 0.00000
773 0.00000
774 0.00000
775 0.00000
776 0.00000
777 0.00000
778 0.00000
779 0.00000
780 0.00000
781 0.00000
782 0.00000
783 0.00000
784 0.00000
785 0.00000
786 0.00000
787 0.00000
788 0.00000
789 0.00000
790 0.00000
791 0.00000
792 0.00000
793 0.00000
794 0.00000
795 0.00000
796 0.00000
797 0.00000
798 0.00000
799 0.00000
800 0.00000
801 0.00000
802 0.00000
803 0.00000
804 0.00000
805 0.00000
806 0.00000
807 0.00000
808 0.00000
809 0.00000
810 0.00000
811 0.00000
812 0.00000
813 0.00000
814 0.00000
815 0.00000
816 0.00000
817 0.00000
818 0.00000
819 0.00000
820 0.00000
821 0.00000
822 0.00000
823 0.00000
824 0.00000
825 0.00000
826 0.00000
827 0.00000
828 0.00000
829 0.00000
830 0.00000
831 0.00000
832 0.00000
833 0.00000
834 0.00000
835 0.00000
836 0.00000
837 0.00000
838 0.00000
839 0.00000
840 0.00000
841 0.00000
842 0.00000
843 0.00000
844 0.00000
845 0.00000
846 0.00000
847 0.00000
848 0.00000
849 0.00000
850 0.00000
851 0.00000
852 0.00000
853 0.00000
854 0.00000
855 0.00000
856 0.00000
857 0.00000
858 0.00000
859 0.00000
860 0.00000
861 0.00000
862 0.00000
863 0.00000
864 0.00000
865 0.00000
866 0.00000
867 0.00000
868 0.00000
869 0.00000
870 0.00000
871 0.00000
872 0.00000
873 0.00000
874 0.00000
875 0.00000
876 0.00000
877 0.00000
878 0.00000
879 0.00000
880 0.00000
881 0.00000
882 0.00000
883 0.00000
884 0.00000
885 0.00000
886 0.00000
887 0.00000
888 0.00000
889 0.00000
890 0.00000
891 0.00001
892 0.00001
893 0.00001
894 0.00001
895 0.00001
896 0.00001
897 0.00001
898 0.00001
899 0.00002
900 0.00002
901 0.00002
902 0.00002
903 0.00003
904 0.00003
905 0.00004
906 0.00004
907 0.00005
908 0.00005
909 0.00006
910 0.00007
911 0.00008
912 0.00009
913 0.00011
914 0.00013
915 0.00017
916 0.00019
917 0.00020
918 0.00022
919 0.00024
920 0.00028
921 0.00034
922 0.00032
923 0.00030
924 0.00039
925 0.00037
926 0.00034
927 0.00049
928 0.00046
929 0.00043
930 0.00041
931 0.00067
932 0.00063
933 0.00060
934 0.00057
935 0.00053
936 0.00050
937 0.00048
938 0.00098
939 0.00093
940 0.00088
941 0.00083
942 0.00079
943 0.00075
944 0.00071
945 0.00067
946 0.00063
947 0.00060
948 0.00056
949 0.00053
950 0.00164
951 0.00156
952 0.00149
953 0.00141
954 0.00135
955 0.00128
956 0.00122
957 0.00115
958 0.00110
959 0.00104
960 0.00099
961 0.00094
962 0.00089
963 0.00084
964 0.00080
965 0.00075
966 0.00071
967 0.00067
968 0.00064
969 0.00060
970 0.00057
971 0.00054
972 0.00051
973 0.00359
974 0.00344
975 0.00329
976 0.00315
977 0.00302
978 0.00289
979 0.00276
980 0.00264
981 0.00253
982 0.00241
983 0.00231
984 0.00220
985 0.00210
986 0.00201
987 0.00192
988 0.00183
989 0.00174
990 0.00166
991 0.00158
992 0.00151
993 0.00143
994 0.00136
995 0.00130
996 0.00123
997 0.00117
998 0.00112
999 0.00106
1000 0.00101
1001 0.00096
1002 0.00091
1003 0.00086
1004 0.00082
1005 0.00077
1006 0.00073
1007 0.00069
1008 0.00066
1009 0.00062
1010 0.00059
1011 0.00056
1012 0.00053
1013 0.00050
1014 0.00047
1015 0.00044
1016 0.00042
1017 0.00040
1018 0.00037
1019 0.00035
1020 0.00033
1021 0.00031
1022 0.00029
1023 0.00028
1024 0.00026
1025 0.00024
1026 0.01554
1027 0.01507
1028 0.01461
1029 0.01417
1030 0.01373
1031 0.01330
1032 0.01289
1033 0.01248
1034 0.01209
1035 0.01170
1036 0.01133
1037 0.01096
1038 0.01061
1039 0.01026
1040 0.00992
1041 0.00960
1042 0.00928
1043 0.00897
1044 0.00866
1045 0.00837
1046 0.00808
1047 0.00780
1048 0.00753
1049 0.00727
1050 0.00702
1051 0.00677
1052 0.00653
1053 0.00630
1054 0.00607
1055 0.00585
1056 0.00564
1057 0.00543
1058 0.00523
1059 0.00504
1060 0.00485
1061 0.00467
1062 0.00449
1063 0.00432
1064 0.00415
1065 0.00399
1066 0.00384
1067 0.00369
1068 0.00354
1069 0.00340
1070 0.00327
1071 0.00314
1072 0.00301
1073 0.00289
1074 0.00277
1075 0.00266
1076 0.00255
1077 0.00244
1078 0.00234
1079 0.00224
1080 0.00215
1081 0.00206
1082 0.00197
1083 0.00188
1084 0.00180
1085 0.00172
1086 0.00165
1087 0.00158
1088 0.00151
1089 0.00144
1090 0.00137
1091 0.00131
1092 0.00125
1093 0.00120
1094 0.00114
1095 0.00109
1096 0.00104
1097 0.00099
1098 0.00094
1099 0.00090
1100 0.00086
1101 0.00081
1102 0.00078
1103 0.00074
1104 0.00070
1105 0.00067
1106 0.00063
1107 0.00060
1108 0.00057
1109 0.00054
1110 0.00052
1111 0.00049
1112 0.00047
1113 0.00044
1114 0.00042
1115 0.00040
1116 0.00038
1117 0.00036
1118 0.00034
1119 0.00032
1120 0.00030
1121 0.00029
1122 0.00027
1123 0.00026
1124 0.00024
1125 0.00023
1126 0.00022
1127 0.00020
1128 0.00019
1129 0.00018
1130 0.00017
1131 0.00016
1132 0.00015
1133 0.00014
1134 0.00014
1135 0.00013
1136 0.00012
1137 0.00011
1138 0.00011
1139 0.00010
1140 0.00009
1141 0.00009
1142 0.00008
1143 0.00008
1144 0.00007
1145 0.00007
1146 0.00006
1147 0.00006
1148 0.00006
1149 0.00005
1150 0.00005
1151 0.00005
1152 0.00004
1153 0.00004
1154 0.00004
1155 0.00004
1156 0.00003
1157 0.00003
1158 0.00003
1159 0.00003
1160 0.00003
1161 0.00002
1162 0.00002
1163 0.00002
1164 0.00002
1165 0.00002
1166 0.00002
1167 0.00002
1168 0.00001
1169 0.00001
1170 0.00001
1171 0.00001
1172 0.00001
1173 0.00001
1174 0.00001
1175 0.00001
1176 0.00001
1177 0.00001
1178 0.00001
1179 0.00001
1180 0.00001
1181 0.00001
1182 0.00000
1183 0.00000
1184 0.00000
1185 0.00000
1186 0.00000
1187 0.00000
1188 0.00000
1189 0.00000
1190 0.00000
1191 0.00000
1192 0.00000
1193 0.00000
1194 0.00000
1195 0.00000
1196 0.00000
1197 0.00000
1198 0.00000
1199 0.00000
1200 0.00000
1201 0.00000
1202 0.00000
1203 0.00000
1204 0.00000
1205 0.00000
1206 0.00000
1207 0.00000
1208 0.00000
1209 0.00000
1210 0.00000
1211 0.00000
1212 0.00000
1213 0.00000
1214 0.00000
1215 0.00000
1216 1.00000
