17 0.94449
18 0.93971
19 0.93484
20 0.92987
21 0.92480
22 0.91966
23 0.91443
24 0.90912
25 0.90374
26 0.89829
27 0.89278
28 0.88722
29 0.88159
30 0.87591
31 0.87019
32 0.86441
33 0.85860
34 0.85275
35 0.84686
36 0.84093
37 0.83498
38 0.82900
39 0.82299
40 0.81696
41 0.81091
42 0.80484
43 0.79876
44 0.79266
45 0.78655
46 0.78043
47 0.77430
48 0.76817
49 0.76203
50 0.75589
51 0.74975
52 0.74361
53 0.73748
54 0.73134
55 0.72522
56 0.71910
57 0.71299
58 0.70689
59 0.70081
60 0.69473
61 0.68867
62 0.68263
63 0.67660
64 0.67059
65 0.66459
66 0.65862
67 0.65267
68 0.64674
69 0.64083
70 0.63494
71 0.62908
72 0.62324
73 0.61743
74 0.61165
75 0.60589
76 0.60016
77 0.59446
78 0.58879
79 0.58314
80 0.57753
81 0.57195
82 0.56640
83 0.56088
84 0.55540
85 0.54995
86 0.54453
87 0.53914
88 0.53379
89 0.52847
90 0.52319
91 0.51794
92 0.51273
93 0.50755
94 0.50241
95 0.49731
96 0.49224
97 0.48721
98 0.48222
99 0.47726
100 0.47234
101 0.46746
102 0.46261
103 0.45780
104 0.45303
105 0.44830
106 0.44361
107 0.43895
108 0.43433
109 0.42975
110 0.42521
111 0.42070
112 0.41623
113 0.41180
114 0.40741
115 0.40306
116 0.39874
117 0.39447
118 0.39023
119 0.38603
120 0.38186
121 0.37774
122 0.37365
123 0.36960
124 0.36558
125 0.36160
126 0.35766
127 0.35376
128 0.34990
129 0.34607
130 0.34227
131 0.33852
132 0.33480
133 0.33111
134 0.32746
135 0.32385
136 0.32027
137 0.31673
138 0.31323
139 0.30975
140 0.30632
141 0.30291
142 0.29955
143 0.29621
144 0.29291
145 0.28965
146 0.28642
147 0.28322
148 0.28005
149 0.27692
150 0.27382
151 0.27075
152 0.26772
153 0.26471
154 0.26174
155 0.25880
156 0.25590
157 0.25302
158 0.25017
159 0.24736
160 0.24457
161 0.24182
162 0.23909
163 0.23640
164 0.23373
165 0.23109
166 0.22848
167 0.22591
168 0.22335
169 0.22083
170 0.21834
171 0.21587
172 0.21343
173 0.21102
174 0.20864
175 0.20628
176 0.20395
177 0.20164
178 0.19936
179 0.19711
180 0.19488
181 0.19268
182 0.19050
183 0.18835
184 0.18622
185 0.18412
186 0.18204
187 0.17998
188 0.17795
189 0.17594
190 0.17396
191 0.17200
192 0.17006
193 0.16814
194 0.16625
195 0.16438
196 0.16253
197 0.16070
198 0.15889
199 0.15710
200 0.15534
201 0.15359
202 0.15187
203 0.15017
204 0.14848
205 0.14682
206 0.14518
207 0.14355
208 0.14195
209 0.14036
210 0.13879
211 0.13725
212 0.13572
213 0.13420
214 0.13271
215 0.13124
216 0.12978
217 0.12834
218 0.12691
219 0.12551
220 0.12412
221 0.12274
222 0.12139
223 0.12005
224 0.11872
225 0.11742
226 0.11612
227 0.11485
228 0.11359
229 0.11234
230 0.11111
231 0.10989
232 0.10869
233 0.10751
234 0.10633
235 0.10518
236 0.10403
237 0.10290
238 0.10178
239 0.10068
240 0.09959
241 0.09852
242 0.09745
243 0.09640
244 0.09537
245 0.09434
246 0.09333
247 0.09233
248 0.09134
249 0.09037
250 0.08940
251 0.08845
252 0.08751
253 0.08658
254 0.08566
255 0.08476
256 0.08386
257 0.08298
258 0.08210
259 0.08124
260 0.08039
261 0.07955
262 0.07871
263 0.07789
264 0.07708
265 0.07628
266 0.07549
267 0.07471
268 0.07393
269 0.07317
270 0.07242
271 0.07167
272 0.07094
273 0.07021
274 0.06949
275 0.06879
276 0.06809
277 0.06739
278 0.06671
279 0.06604
280 0.06537
281 0.06471
282 0.06406
283 0.06342
284 0.06279
285 0.06216
286 0.06154
287 0.06093
288 0.06033
289 0.05973
290 0.05914
291 0.05856
292 0.05798
293 0.05741
294 0.05685
295 0.05630
296 0.05575
297 0.05521
298 0.05468
299 0.05415
300 0.05363
301 0.05311
302 0.05261
303 0.05210
304 0.05161
305 0.05112
306 0.05063
307 0.05016
308 0.04968
309 0.04922
310 0.04876
311 0.04830
312 0.04785
313 0.04741
314 0.04697
315 0.04653
316 0.04611
317 0.04568
318 0.04526
319 0.04485
320 0.04444
321 0.04404
322 0.04364
323 0.04325
324 0.04286
325 0.04248
326 0.04210
327 0.04172
328 0.04135
329 0.04099
330 0.04063
331 0.04027
332 0.03992
333 0.03957
334 0.03923
335 0.03889
336 0.03855
337 0.03822
338 0.03789
339 0.03757
340 0.03725
341 0.03693
342 0.03662
343 0.03631
344 0.03601
345 0.03571
346 0.03541
347 0.03512
348 0.03483
349 0.03454
350 0.03426
351 0.03398
352 0.03370
353 0.03343
354 0.03316
355 0.03289
356 0.03263
357 0.03237
358 0.03211
359 0.03186
360 0.03161
361 0.03136
362 0.03112
363 0.03087
364 0.03063
365 0.03040
366 0.03017
367 0.02993
368 0.02971
369 0.02948
370 0.02926
371 0.02904
372 0.02882
373 0.02861
374 0.02840
375 0.02819
376 0.02798
377 0.02778
378 0.02758
379 0.02738
380 0.02718
381 0.02699
382 0.02680
383 0.02661
384 0.02642
385 0.02623
386 0.02605
387 0.02587
388 0.02569
389 0.02552
390 0.02534
391 0.02517
392 0.02500
393 0.02483
394 0.02467
395 0.02450
396 0.02434
397 0.02418
398 0.02402
399 0.02387
400 0.02371
401 0.02356
402 0.02341
403 0.02326
404 0.02312
405 0.02297
406 0.02283
407 0.02269
408 0.02255
409 0.02241
410 0.02227
411 0.02214
412 0.02201
413 0.02188
414 0.02175
415 0.02162
416 0.02149
417 0.02137
418 0.02125
419 0.02112
420 0.02100
421 0.02089
422 0.02077
423 0.02065
424 0.02054
425 0.02043
426 0.02032
427 0.02021
428 0.02010
429 0.01999
430 0.01989
431 0.01978
432 0.01968
433 0.01958
434 0.01948
435 0.01938
436 0.01928
437 0.01919
438 0.01909
439 0.01900
440 0.01891
441 0.01881
442 0.01873
443 0.01864
444 0.01855
445 0.01846
446 0.01838
447 0.01829
448 0.01821
449 0.01813
450 0.01805
451 0.01797
452 0.01789
453 0.01781
454 0.01774
455 0.01766
456 0.01759
457 0.01752
458 0.01745
459 0.01738
460 0.01731
461 0.01724
462 0.01717
463 0.01710
464 0.01704
465 0.01697
466 0.01691
467 0.01685
468 0.01679
469 0.01673
470 0.01667
471 0.01661
472 0.01655
473 0.01649
474 0.01644
475 0.01638
476 0.01633
477 0.01628
478 0.01622
479 0.01617
480 0.01612
481 0.01607
482 0.01602
483 0.01598
484 0.01593
485 0.01588
486 0.01584
487 0.01579
488 0.01575
489 0.01571
490 0.01566
491 0.01562
492 0.01558
493 0.01554
494 0.01550
495 0.01546
496 0.01543
497 0.01539
498 0.01535
499 0.01532
500 0.01528
501 0.01525
502 0.01522
503 0.01518
504 0.01515
505 0.01512
506 0.01509
507 0.01506
508 0.01503
509 0.01501
510 0.01498
511 0.01495
512 0.01493
513 0.01490
514 0.01488
515 0.01485
516 0.01483
517 0.01481
518 0.01479
519 0.01477
520 0.01475
521 0.01473
522 0.01471
523 0.01469
524 0.01467
525 0.01466
526 0.01464
527 0.01463
528 0.01461
529 0.01460
530 0.01459
531 0.01458
532 0.01456
533 0.01455
534 0.01454
535 0.01454
536 0.01453
537 0.01452
538 0.01451
539 0.01451
540 0.01450
541 0.01449
542 0.01449
543 0.01449
544 0.01448
545 0.01448
546 0.01448
547 0.01448
548 0.01448
549 0.01448
550 0.01448
551 0.01448
552 0.01448
553 0.01448
554 0.01449
555 0.01449
556 0.01450
557 0.01450
558 0.01451
559 0.01452
560 0.01453
561 0.01454
562 0.01455
563 0.01456
564 0.01457
565 0.01458
566 0.01459
567 0.01460
568 0.01462
569 0.01463
570 0.01465
571 0.01467
572 0.01468
573 0.01470
574 0.01472
575 0.01474
576 0.01476
577 0.01478
578 0.01480
579 0.01483
580 0.01485
581 0.01487
582 0.01490
583 0.01492
584 0.01495
585 0.01498
586 0.01501
587 0.01504
588 0.01507
589 0.01510
590 0.01513
591 0.01516
592 0.01520
593 0.01523
594 0.01527
595 0.01530
596 0.01534
597 0.01538
598 0.01542
599 0.01546
600 0.01550
601 0.01554
602 0.01558
603 0.01562
604 0.01567
605 0.01571
606 0.01576
607 0.01581
608 0.01586
609 0.01591
610 0.01596
611 0.01601
612 0.01606
613 0.01611
614 0.01617
615 0.01622
616 0.01628
617 0.01634
618 0.01640
619 0.01646
620 0.01652
621 0.01658
622 0.01664
623 0.01671
624 0.01677
625 0.01684
626 0.01691
627 0.01698
628 0.01705
629 0.01712
630 0.01719
631 0.01727
632 0.01734
633 0.01742
634 0.01750
635 0.01758
636 0.01766
637 0.01774
638 0.01782
639 0.01790
640 0.01799
641 0.01807
642 0.01816
643 0.01824
644 0.01833
645 0.01842
646 0.01851
647 0.01860
648 0.01869
649 0.01879
650 0.01889
651 0.01898
652 0.01908
653 0.01918
654 0.01929
655 0.01939
656 0.01950
657 0.01960
658 0.01971
659 0.01982
660 0.01994
661 0.02005
662 0.02017
663 0.02028
664 0.02040
665 0.02052
666 0.02065
667 0.02077
668 0.02090
669 0.02103
670 0.02116
671 0.02129
672 0.02143
673 0.02157
674 0.02170
675 0.02185
676 0.02199
677 0.02214
678 0.02228
679 0.02243
680 0.02259
681 0.02274
682 0.02290
683 0.02306
684 0.02322
685 0.02338
686 0.02355
687 0.02372
688 0.02389
689 0.02406
690 0.02424
691 0.02442
692 0.02460
693 0.02479
694 0.02498
695 0.02517
696 0.02536
697 0.02556
698 0.02576
699 0.02596
700 0.02617
701 0.02638
702 0.02659
703 0.02680
704 0.02702
705 0.02724
706 0.02747
707 0.02770
708 0.02793
709 0.02817
710 0.02841
711 0.02865
712 0.02890
713 0.02915
714 0.02940
715 0.02966
716 0.02992
717 0.03019
718 0.03046
719 0.03074
720 0.03102
721 0.03130
722 0.03159
723 0.03188
724 0.03218
725 0.03248
726 0.03279
727 0.03310
728 0.03341
729 0.03374
730 0.03406
731 0.03439
732 0.03473
733 0.03507
734 0.03542
735 0.03577
736 0.03613
737 0.03650
738 0.03687
739 0.03725
740 0.03763
741 0.03802
742 0.03841
743 0.03881
744 0.03922
745 0.03964
746 0.04006
747 0.04049
748 0.04092
749 0.04136
750 0.04181
751 0.04227
752 0.04273
753 0.04321
754 0.04369
755 0.04418
756 0.04467
757 0.04518
758 0.04569
759 0.04621
760 0.04674
761 0.04728
762 0.04783
763 0.04839
764 0.04895
765 0.04953
766 0.05012
767 0.05071
768 0.05132
769 0.05194
770 0.05257
771 0.05320
772 0.05385
773 0.05451
774 0.05519
775 0.05587
776 0.05657
777 0.05728
778 0.05800
779 0.05873
780 0.05948
781 0.06023
782 0.06101
783 0.06179
784 0.06259
785 0.06341
786 0.06424
787 0.06508
788 0.06594
789 0.06682
790 0.06771
791 0.06861
792 0.06953
793 0.07047
794 0.07143
795 0.07241
796 0.07340
797 0.07441
798 0.07544
799 0.07648
800 0.07755
801 0.07864
802 0.07974
803 0.08087
804 0.08202
805 0.08319
806 0.08438
807 0.08560
808 0.08684
809 0.08810
810 0.08938
811 0.09069
812 0.09202
813 0.09338
814 0.09477
815 0.09618
816 0.09762
817 0.09909
818 0.10058
819 0.10211
820 0.10366
821 0.10525
822 0.10686
823 0.10851
824 0.11019
825 0.11190
826 0.11365
827 0.11543
828 0.11725
829 0.11910
830 0.12099
831 0.12292
832 0.12488
833 0.12689
834 0.12893
835 0.13102
836 0.13315
837 0.13532
838 0.13754
839 0.13980
840 0.14211
841 0.14447
842 0.14687
843 0.14932
844 0.15183
845 0.15439
846 0.15700
847 0.15966
848 0.16238
849 0.16516
850 0.16799
851 0.17089
852 0.17384
853 0.17686
854 0.17994
855 0.18309
856 0.18631
857 0.18959
858 0.19294
859 0.19637
860 0.19987
861 0.20345
862 0.20710
863 0.21083
864 0.21465
865 0.21854
866 0.22253
867 0.22660
868 0.23076
869 0.23501
870 0.23935
871 0.24379
872 0.24833
873 0.25298
874 0.25772
875 0.26257
876 0.26753
877 0.27260
878 0.27779
879 0.28309
880 0.28852
881 0.29407
882 0.29974
883 0.30554
884 0.31148
885 0.31755
886 0.32377
887 0.33012
888 0.33663
889 0.34328
890 0.35009
891 0.35706
892 0.36419
893 0.37149
894 0.37896
895 0.38660
896 0.39443
897 0.40244
898 0.41064
899 0.41904
900 0.42764
901 0.43644
902 0.44546
903 0.45469
904 0.46414
905 0.47382
906 0.48374
907 0.49390
908 0.50430
909 0.51496
910 0.52588
911 0.53707
912 0.54596
913 0.56968
914 0.58619
915 0.59805
916 0.60486
917 0.60824
918 0.61212
919 0.61662
920 0.62193
921 0.62832
922 0.62719
923 0.62605
924 0.63394
925 0.63282
926 0.63170
927 0.64173
928 0.64063
929 0.63953
930 0.63843
931 0.65167
932 0.65059
933 0.64952
934 0.64844
935 0.64736
936 0.64628
937 0.64520
938 0.66368
939 0.66264
940 0.66159
941 0.66055
942 0.65951
943 0.65846
944 0.65741
945 0.65636
946 0.65531
947 0.65426
948 0.65321
949 0.65216
950 0.68002
951 0.67903
952 0.67804
953 0.67704
954 0.67605
955 0.67505
956 0.67405
957 0.67305
958 0.67205
959 0.67105
960 0.67005
961 0.66904
962 0.66804
963 0.66703
964 0.66602
965 0.66501
966 0.66400
967 0.66299
968 0.66198
969 0.66097
970 0.65995
971 0.65894
972 0.65792
973 0.70538
974 0.70447
975 0.70356
976 0.70265
977 0.70174
978 0.70082
979 0.69990
980 0.69899
981 0.69807
982 0.69715
983 0.69623
984 0.69530
985 0.69438
986 0.69346
987 0.69253
988 0.69160
989 0.69067
990 0.68974
991 0.68881
992 0.68788
993 0.68695
994 0.68601
995 0.68508
996 0.68414
997 0.68320
998 0.68226
999 0.68132
1000 0.68038
1001 0.67944
1002 0.67849
1003 0.67755
1004 0.67660
1005 0.67566
1006 0.67471
1007 0.67376
1008 0.67281
1009 0.67186
1010 0.67090
1011 0.66995
1012 0.66900
1013 0.66804
1014 0.66708
1015 0.66612
1016 0.66517
1017 0.66420
1018 0.66324
1019 0.66228
1020 0.66132
1021 0.66035
1022 0.65939
1023 0.65842
1024 0.65745
1025 0.65648
1026 0.75772
1027 0.75698
1028 0.75624
1029 0.75550
1030 0.75476
1031 0.75402
1032 0.75328
1033 0.75253
1034 0.75178
1035 0.75104
1036 0.75029
1037 0.74954
1038 0.74879
1039 0.74804
1040 0.74728
1041 0.74653
1042 0.74578
1043 0.74502
1044 0.74426
1045 0.74350
1046 0.74274
1047 0.74198
1048 0.74122
1049 0.74046
1050 0.73969
1051 0.73893
1052 0.73816
1053 0.73740
1054 0.73663
1055 0.73586
1056 0.73509
1057 0.73432
1058 0.73354
1059 0.73277
1060 0.73199
1061 0.73122
1062 0.73044
1063 0.72966
1064 0.72888
1065 0.72810
1066 0.72732
1067 0.72654
1068 0.72576
1069 0.72497
1070 0.72419
1071 0.72340
1072 0.72261
1073 0.72182
1074 0.72103
1075 0.72024
1076 0.71945
1077 0.71866
1078 0.71786
1079 0.71707
1080 0.71627
1081 0.71547
1082 0.71468
1083 0.71388
1084 0.71308
1085 0.71228
1086 0.71147
1087 0.71067
1088 0.70987
1089 0.70906
1090 0.70825
1091 0.70745
1092 0.70664
1093 0.70583
1094 0.70502
1095 0.70421
1096 0.70339
1097 0.70258
1098 0.70177
1099 0.70095
1100 0.70014
1101 0.69932
1102 0.69850
1103 0.69768
1104 0.69686
1105 0.69604
1106 0.69522
1107 0.69439
1108 0.69357
1109 0.69275
1110 0.69192
1111 0.69109
1112 0.69027
1113 0.68944
1114 0.68861
1115 0.68778
1116 0.68694
1117 0.68611
1118 0.68528
1119 0.68444
1120 0.68361
1121 0.68277
1122 0.68194
1123 0.68110
1124 0.68026
1125 0.67942
1126 0.67858
1127 0.67774
1128 0.67689
1129 0.67605
1130 0.67521
1131 0.67436
1132 0.67352
1133 0.67267
1134 0.67182
1135 0.67097
1136 0.67012
1137 0.66927
1138 0.66842
1139 0.66757
1140 0.66672
1141 0.66586
1142 0.66501
1143 0.66415
1144 0.66329
1145 0.66244
1146 0.66158
1147 0.66072
1148 0.65986
1149 0.65900
1150 0.65814
1151 0.65728
1152 0.65641
1153 0.65555
1154 0.65468
1155 0.65382
1156 0.65295
1157 0.65209
1158 0.65122
1159 0.65035
1160 0.64948
1161 0.64861
1162 0.64774
1163 0.64687
1164 0.64599
1165 0.64512
1166 0.64425
1167 0.64337
1168 0.64250
1169 0.64162
1170 0.64074
1171 0.63986
1172 0.63899
1173 0.63811
1174 0.63723
1175 0.63635
1176 0.63546
1177 0.63458
1178 0.63370
1179 0.63281
1180 0.63193
1181 0.63105
1182 0.63016
1183 0.62927
1184 0.62839
1185 0.62750
1186 0.62661
1187 0.62572
1188 0.62483
1189 0.62394
1190 0.62305
1191 0.62216
1192 0.62126
1193 0.62037
1194 0.61947
1195 0.61858
1196 0.61768
1197 0.61679
1198 0.61589
1199 0.61499
1200 0.61410
1201 0.61320
1202 0.61230
1203 0.61140
1204 0.61050
1205 0.60960
1206 0.60870
1207 0.60779
1208 0.60689
1209 0.60599
1210 0.60508
1211 0.60418
1212 0.60327
1213 0.60237
1214 0.60146
1215 0.60055
1216 1.00000
