17 0.83971
18 0.82680
19 0.81375
20 0.80059
21 0.78733
22 0.77400
23 0.76061
24 0.74719
25 0.73376
26 0.72032
27 0.70689
28 0.69349
29 0.68013
30 0.66682
31 0.65358
32 0.64041
33 0.62733
34 0.61435
35 0.60146
36 0.58869
37 0.57604
38 0.56351
39 0.55112
40 0.53886
41 0.52675
42 0.51479
43 0.50298
44 0.49133
45 0.47984
46 0.46852
47 0.45736
48 0.44637
49 0.43556
50 0.42492
51 0.41445
52 0.40417
53 0.39406
54 0.38413
55 0.37438
56 0.36481
57 0.35542
58 0.34620
59 0.33717
60 0.32832
61 0.31964
62 0.31114
63 0.30282
64 0.29467
65 0.28669
66 0.27889
67 0.27126
68 0.26379
69 0.25650
70 0.24936
71 0.24239
72 0.23559
73 0.22894
74 0.22245
75 0.21611
76 0.20992
77 0.20389
78 0.19800
79 0.19226
80 0.18666
81 0.18121
82 0.17589
83 0.17070
84 0.16565
85 0.16074
86 0.15594
87 0.15128
88 0.14674
89 0.14232
90 0.13802
91 0.13383
92 0.12976
93 0.12580
94 0.12195
95 0.11820
96 0.11456
97 0.11102
98 0.10758
99 0.10424
100 0.10099
101 0.09784
102 0.09477
103 0.09180
104 0.08891
105 0.08610
106 0.08337
107 0.08073
108 0.07816
109 0.07567
110 0.07326
111 0.07091
112 0.06864
113 0.06643
114 0.06429
115 0.06222
116 0.06021
117 0.05826
118 0.05637
119 0.05453
120 0.05276
121 0.05104
122 0.04937
123 0.04775
124 0.04619
125 0.04467
126 0.04320
127 0.04178
128 0.04040
129 0.03906
130 0.03777
131 0.03652
132 0.03531
133 0.03414
134 0.03300
135 0.03190
136 0.03084
137 0.02981
138 0.02881
139 0.02785
140 0.02692
141 0.02602
142 0.02514
143 0.02430
144 0.02348
145 0.02269
146 0.02193
147 0.02119
148 0.02048
149 0.01979
150 0.01912
151 0.01847
152 0.01785
153 0.01724
154 0.01666
155 0.01610
156 0.01555
157 0.01502
158 0.01451
159 0.01402
160 0.01355
161 0.01309
162 0.01264
163 0.01221
164 0.01180
165 0.01139
166 0.01101
167 0.01063
168 0.01027
169 0.00992
170 0.00958
171 0.00926
172 0.00894
173 0.00864
174 0.00834
175 0.00806
176 0.00778
177 0.00752
178 0.00726
179 0.00702
180 0.00678
181 0.00655
182 0.00632
183 0.00611
184 0.00590
185 0.00570
186 0.00551
187 0.00532
188 0.00514
189 0.00496
190 0.00479
191 0.00463
192 0.00447
193 0.00432
194 0.00418
195 0.00403
196 0.00390
197 0.00376
198 0.00364
199 0.00351
200 0.00340
201 0.00328
202 0.00317
203 0.00306
204 0.00296
205 0.00286
206 0.00276
207 0.00267
208 0.00258
209 0.00249
210 0.00241
211 0.00233
212 0.00225
213 0.00218
214 0.00210
215 0.00203
216 0.00196
217 0.00190
218 0.00183
219 0.00177
220 0.00171
221 0.00166
222 0.00160
223 0.00155
224 0.00150
225 0.00145
226 0.00140
227 0.00135
228 0.00131
229 0.00127
230 0.00122
231 0.00118
232 0.00114
233 0.00111
234 0.00107
235 0.00104
236 0.00100
237 0.00097
238 0.00094
239 0.00091
240 0.00088
241 0.00085
242 0.00082
243 0.00079
244 0.00077
245 0.00074
246 0.00072
247 0.00070
248 0.00067
249 0.00065
250 0.00063
251 0.00061
252 0.00059
253 0.00057
254 0.00055
255 0.00054
256 0.00052
257 0.00050
258 0.00049
259 0.00047
260 0.00046
261 0.00044
262 0.00043
263 0.00042
264 0.00040
265 0.00039
266 0.00038
267 0.00037
268 0.00035
269 0.00034
270 0.00033
271 0.00032
272 0.00031
273 0.00030
274 0.00029
275 0.00028
276 0.00028
277 0.00027
278 0.00026
279 0.00025
280 0.00024
281 0.00024
282 0.00023
283 0.00022
284 0.00022
285 0.00021
286 0.00020
287 0.00020
288 0.00019
289 0.00019
290 0.00018
291 0.00017
292 0.00017
293 0.00016
294 0.00016
295 0.00016
296 0.00015
297 0.00015
298 0.00014
299 0.00014
300 0.00013
301 0.00013
302 0.00013
303 0.00012
304 0.00012
305 0.00012
306 0.00011
307 0.00011
308 0.00011
309 0.00010
310 0.00010
311 0.00010
312 0.00009
313 0.00009
314 0.00009
315 0.00009
316 0.00008
317 0.00008
318 0.00008
319 0.00008
320 0.00008
321 0.00007
322 0.00007
323 0.00007
324 0.00007
325 0.00007
326 0.00006
327 0.00006
328 0.00006
329 0.00006
330 0.00006
331 0.00006
332 0.00005
333 0.00005
334 0.00005
335 0.00005
336 0.00005
337 0.00005
338 0.00005
339 0.00005
340 0.00004
341 0.00004
342 0.00004
343 0.00004
344 0.00004
345 0.00004
346 0.00004
347 0.00004
348 0.00004
349 0.00004
350 0.00003
351 0.00003
352 0.00003
353 0.00003
354 0.00003
355 0.00003
356 0.00003
357 0.00003
358 0.00003
359 0.00003
360 0.00003
361 0.00003
362 0.00003
363 0.00003
364 0.00002
365 0.00002
366 0.00002
367 0.00002
368 0.00002
369 0.00002
370 0.00002
371 0.00002
372 0.00002
373 0.00002
374 0.00002
375 0.00002
376 0.00002
377 0.00002
378 0.00002
379 0.00002
380 0.00002
381 0.00002
382 0.00002
383 0.00002
384 0.00002
385 0.00002
386 0.00001
387 0.00001
388 0.00001
389 0.00001
390 0.00001
391 0.00001
392 0.00001
393 0.00001
394 0.00001
395 0.00001
396 0.00001
397 0.00001
398 0.00001
399 0.00001
400 0.00001
401 0.00001
402 0.00001
403 0.00001
404 0.00001
405 0.00001
406 0.00001
407 0.00001
408 0.00001
409 0.00001
410 0.00001
411 0.00001
412 0.00001
413 0.00001
414 0.00001
415 0.00001
416 0.00001
417 0.00001
418 0.00001
419 0.00001
420 0.00001
421 0.00001
422 0.00001
423 0.00001
424 0.00001
425 0.00001
426 0.00001
427 0.00001
428 0.00001
429 0.00001
430 0.00001
431 0.00001
432 0.00001
433 0.00001
434 0.00001
435 0.00001
436 0.00001
437 0.00001
438 0.00001
439 0.00001
440 0.00001
441 0.00001
442 0.00001
443 0.00001
444 0.00001
445 0.00001
446 0.00001
447 0.00001
448 0.00000
449 0.00000
450 0.00000
451 0.00000
452 0.00000
453 0.00000
454 0.00000
455 0.00000
456 0.00000
457 0.00000
458 0.00000
459 0.00000
460 0.00000
461 0.00000
462 0.00000
463 0.00000
464 0.00000
465 0.00000
466 0.00000
467 0.00000
468 0.00000
469 0.00000
470 0.00000
471 0.00000
472 0.00000
473 0.00000
474 0.00000
475 0.00000
476 0.00000
477 0.00000
478 0.00000
479 0.00000
480 0.00000
481 0.00000
482 0.00000
483 0.00000
484 0.00000
485 0.00000
486 0.00000
487 0.00000
488 0.00000
489 0.00000
490 0.00000
491 0.00000
492 0.00000
493 0.00000
494 0.00000
495 0.00000
496 0.00000
497 0.00000
498 0.00000
499 0.00000
500 0.00000
501 0.00000
502 0.00000
503 0.00000
504 0.00000
505 0.00000
506 0.00000
507 0.00000
508 0.00000
509 0.00000
510 0.00000
511 0.00000
512 0.00000
513 0.00000
514 0.00000
515 0.00000
516 0.00000
517 0.00000
518 0.00000
519 0.00000
520 0.00000
521 0.00000
522 0.00000
523 0.00000
524 0.00000
525 0.00000
526 0.00000
527 0.00000
528 0.00000
529 0.00000
530 0.00000
531 0.00000
532 0.00000
533 0.00000
534 0.00000
535 0.00000
536 0.00000
537 0.00000
538 0.00000
539 0.00000
540 0.00000
541 0.00000
542 0.00000
543 0.00000
544 0.00000
545 0.00000
546 0.00000
547 0.00000
548 0.00000
549 0.00000
550 0.00000
551 0.00000
552 0.00000
553 0.00000
554 0.00000
555 0.00000
556 0.00000
557 0.00000
558 0.00000
559 0.00000
560 0.00000
561 0.00000
562 0.00000
563 0.00000
564 0.00000
565 0.00000
566 0.00000
567 0.00000
568 0.00000
569 0.00000
570 0.00000
571 0.00000
572 0.00000
573 0.00000
574 0.00000
575 0.00000
576 0.00000
577 0.00000
578 0.00000
579 0.00000
580 0.00000
581 0.00000
582 0.00000
583 0.00000
584 0.00000
585 0.00000
586 0.00000
587 0.00000
588 0.00000
589 0.00000
590 0.00000
591 0.00000
592 0.00000
593 0.00000
594 0.00000
595 0.00000
596 0.00000
597 0.00000
598 0.00000
599 0.00000
600 0.00000
601 0.00000
602 0.00000
603 0.00000
604 0.00000
605 0.00000
606 0.00000
607 0.00000
608 0.00000
609 0.00000
610 0.00000
611 0.00000
612 0.00000
613 0.00000
614 0.00000
615 0.00000
616 0.00000
617 0.00000
618 0.00000
619 0.00000
620 0.00000
621 0.00000
622 0.00000
623 0.00000
624 0.00000
625 0.00000
626 0.00000
627 0.00000
628 0.00000
629 0.00000
630 0.00000
631 0.00000
632 0.00000
633 0.00000
634 0.00000
635 0.00000
636 0.00000
637 0.00000
638 0.00000
639 0.00000
640 0.00000
641 0.00000
642 0.00000
643 0.00000
644 0.00000
645 0.00000
646 0.00000
647 0.00000
648 0.00000
649 0.00000
650 0.00001
651 0.00001
652 0.00001
653 0.00001
654 0.00001
655 0.00001
656 0.00001
657 0.00001
658 0.00001
659 0.00001
660 0.00001
661 0.00001
662 0.00001
663 0.00001
664 0.00001
665 0.00001
666 0.00001
667 0.00001
668 0.00001
669 0.00001
670 0.00001
671 0.00001
672 0.00001
673 0.00001
674 0.00001
675 0.00001
676 0.00001
677 0.00001
678 0.00001
679 0.00001
680 0.00001
681 0.00001
682 0.00001
683 0.00001
684 0.00001
685 0.00001
686 0.00001
687 0.00001
688 0.00001
689 0.00001
690 0.00001
691 0.00001
692 0.00001
693 0.00001
694 0.00001
695 0.00001
696 0.00001
697 0.00001
698 0.00001
699 0.00001
700 0.00001
701 0.00001
702 0.00001
703 0.00001
704 0.00002
705 0.00002
706 0.00002
707 0.00002
708 0.00002
709 0.00002
710 0.00002
711 0.00002
712 0.00002
713 0.00002
714 0.00002
715 0.00002
716 0.00002
717 0.00002
718 0.00002
719 0.00002
720 0.00002
721 0.00002
722 0.00002
723 0.00002
724 0.00003
725 0.00003
726 0.00003
727 0.00003
728 0.00003
729 0.00003
730 0.00003
731 0.00003
732 0.00003
733 0.00003
734 0.00003
735 0.00004
736 0.00004
737 0.00004
738 0.00004
739 0.00004
740 0.00004
741 0.00004
742 0.00004
743 0.00005
744 0.00005
745 0.00005
746 0.00005
747 0.00005
748 0.00005
749 0.00006
750 0.00006
751 0.00006
752 0.00006
753 0.00006
754 0.00007
755 0.00007
756 0.00007
757 0.00007
758 0.00008
759 0.00008
760 0.00008
761 0.00008
762 0.00009
763 0.00009
764 0.00009
765 0.00010
766 0.00010
767 0.00010
768 0.00011
769 0.00011
770 0.00012
771 0.00012
772 0.00012
773 0.00013
774 0.00013
775 0.00014
776 0.00014
777 0.00015
778 0.00016
779 0.00016
780 0.00017
781 0.00017
782 0.00018
783 0.00019
784 0.00020
785 0.00020
786 0.00021
787 0.00022
788 0.00023
789 0.00024
790 0.00025
791 0.00026
792 0.00027
793 0.00028
794 0.00029
795 0.00031
796 0.00032
797 0.00033
798 0.00035
799 0.00036
800 0.00038
801 0.00039
802 0.00041
803 0.00043
804 0.00045
805 0.00047
806 0.00049
807 0.00051
808 0.00053
809 0.00056
810 0.00058
811 0.00061
812 0.00064
813 0.00066
814 0.00069
815 0.00073
816 0.00076
817 0.00080
818 0.00083
819 0.00087
820 0.00091
821 0.00096
822 0.00100
823 0.00105
824 0.00110
825 0.00115
826 0.00121
827 0.00127
828 0.00133
829 0.00139
830 0.00146
831 0.00153
832 0.00161
833 0.00169
834 0.00177
835 0.00186
836 0.00196
837 0.00205
838 0.00216
839 0.00227
840 0.00238
841 0.00251
842 0.00263
843 0.00277
844 0.00291
845 0.00306
846 0.00322
847 0.00339
848 0.00357
849 0.00376
850 0.00396
851 0.00417
852 0.00439
853 0.00463
854 0.00488
855 0.00514
856 0.00542
857 0.00571
858 0.00602
859 0.00635
860 0.00670
861 0.00707
862 0.00746
863 0.00788
864 0.00831
865 0.00878
866 0.00927
867 0.00979
868 0.01034
869 0.01093
870 0.01155
871 0.01221
872 0.01290
873 0.01364
874 0.01443
875 0.01526
876 0.01614
877 0.01708
878 0.01808
879 0.01913
880 0.02025
881 0.02144
882 0.02271
883 0.02405
884 0.02548
885 0.02699
886 0.02860
887 0.03032
888 0.03214
889 0.03407
890 0.03613
891 0.03832
892 0.04064
893 0.04312
894 0.04575
895 0.04855
896 0.05154
897 0.05471
898 0.05809
899 0.06169
900 0.06552
901 0.06960
902 0.07394
903 0.07857
904 0.08350
905 0.08875
906 0.09435
907 0.10032
908 0.10669
909 0.11347
910 0.12070
911 0.12842
912 0.13469
913 0.13874
914 0.14353
915 0.14838
916 0.15161
917 0.15312
918 0.15517
919 0.15792
920 0.16160
921 0.16658
922 0.16516
923 0.16375
924 0.17055
925 0.16913
926 0.16771
927 0.17722
928 0.17579
929 0.17436
930 0.17294
931 0.18673
932 0.18529
933 0.18385
934 0.18242
935 0.18098
936 0.17955
937 0.17812
938 0.19916
939 0.19772
940 0.19627
941 0.19483
942 0.19338
943 0.19194
944 0.19050
945 0.18906
946 0.18762
947 0.18619
948 0.18475
949 0.18332
950 0.21807
951 0.21662
952 0.21517
953 0.21372
954 0.21228
955 0.21083
956 0.20939
957 0.20794
958 0.20650
959 0.20506
960 0.20361
961 0.20217
962 0.20073
963 0.19929
964 0.19785
965 0.19641
966 0.19498
967 0.19354
968 0.19210
969 0.19067
970 0.18924
971 0.18780
972 0.18637
973 0.25175
974 0.25032
975 0.24889
976 0.24746
977 0.24603
978 0.24460
979 0.24317
980 0.24174
981 0.24031
982 0.23888
983 0.23745
984 0.23602
985 0.23459
986 0.23316
987 0.23173
988 0.23030
989 0.22886
990 0.22743
991 0.22600
992 0.22457
993 0.22314
994 0.22171
995 0.22028
996 0.21885
997 0.21742
998 0.21599
999 0.21456
1000 0.21313
1001 0.21171
1002 0.21028
1003 0.20885
1004 0.20742
1005 0.20600
1006 0.20457
1007 0.20315
1008 0.20172
1009 0.20030
1010 0.19888
1011 0.19745
1012 0.19603
1013 0.19462
1014 0.19320
1015 0.19178
1016 0.19037
1017 0.18895
1018 0.18754
1019 0.18613
1020 0.18472
1021 0.18331
1022 0.18191
1023 0.18050
1024 0.17910
1025 0.17770
1026 0.33617
1027 0.33488
1028 0.33358
1029 0.33228
1030 0.33099
1031 0.32970
1032 0.32841
1033 0.32712
1034 0.32583
1035 0.32454
1036 0.32326
1037 0.32197
1038 0.32069
1039 0.31941
1040 0.31813
1041 0.31685
1042 0.31557
1043 0.31429
1044 0.31302
1045 0.31174
1046 0.31047
1047 0.30920
1048 0.30793
1049 0.30666
1050 0.30540
1051 0.30413
1052 0.30286
1053 0.30160
1054 0.30034
1055 0.29908
1056 0.29782
1057 0.29656
1058 0.29530
1059 0.29405
1060 0.29279
1061 0.29154
1062 0.29029
1063 0.28904
1064 0.28779
1065 0.28654
1066 0.28529
1067 0.28405
1068 0.28280
1069 0.28156
1070 0.28032
1071 0.27907
1072 0.27783
1073 0.27659
1074 0.27536
1075 0.27412
1076 0.27288
1077 0.27165
1078 0.27041
1079 0.26918
1080 0.26794
1081 0.26671
1082 0.26548
1083 0.26425
1084 0.26302
1085 0.26179
1086 0.26056
1087 0.25934
1088 0.25811
1089 0.25688
1090 0.25566
1091 0.25443
1092 0.25321
1093 0.25199
1094 0.25076
1095 0.24954
1096 0.24832
1097 0.24709
1098 0.24587
1099 0.24465
1100 0.24343
1101 0.24221
1102 0.24099
1103 0.23977
1104 0.23855
1105 0.23733
1106 0.23611
1107 0.23489
1108 0.23366
1109 0.23244
1110 0.23122
1111 0.23000
1112 0.22878
1113 0.22756
1114 0.22634
1115 0.22512
1116 0.22389
1117 0.22267
1118 0.22145
1119 0.22022
1120 0.21900
1121 0.21777
1122 0.21655
1123 0.21532
1124 0.21409
1125 0.21286
1126 0.21163
1127 0.21040
1128 0.20917
1129 0.20794
1130 0.20671
1131 0.20547
1132 0.20424
1133 0.20300
1134 0.20176
1135 0.20052
1136 0.19928
1137 0.19804
1138 0.19680
1139 0.19556
1140 0.19431
1141 0.19306
1142 0.19182
1143 0.19057
1144 0.18932
1145 0.18806
1146 0.18681
1147 0.18555
1148 0.18430
1149 0.18304
1150 0.18178
1151 0.18052
1152 0.17925
1153 0.17799
1154 0.17672
1155 0.17545
1156 0.17418
1157 0.17291
1158 0.17164
1159 0.17037
1160 0.16909
1161 0.16782
1162 0.16654
1163 0.16526
1164 0.16398
1165 0.16270
1166 0.16141
1167 0.16013
1168 0.15884
1169 0.15756
1170 0.15627
1171 0.15498
1172 0.15369
1173 0.15240
1174 0.15111
1175 0.14982
1176 0.14853
1177 0.14724
1178 0.14594
1179 0.14465
1180 0.14336
1181 0.14207
1182 0.14077
1183 0.13948
1184 0.13819
1185 0.13690
1186 0.13561
1187 0.13432
1188 0.13303
1189 0.13174
1190 0.13045
1191 0.12916
1192 0.12788
1193 0.12659
1194 0.12531
1195 0.12403
1196 0.12275
1197 0.12147
1198 0.12020
1199 0.11893
1200 0.11766
1201 0.11639
1202 0.11513
1203 0.11387
1204 0.11261
1205 0.11135
1206 0.11010
1207 0.10885
1208 0.10761
1209 0.10637
1210 0.10513
1211 0.10390
1212 0.10267
1213 0.10145
1214 0.10023
1215 0.09902
1216 1.00000
