17 0.96659
18 0.96368
19 0.96070
20 0.95766
21 0.95455
22 0.95139
23 0.94817
24 0.94489
25 0.94156
26 0.93818
27 0.93475
28 0.93128
29 0.92776
30 0.92420
31 0.92060
32 0.91697
33 0.91329
34 0.90958
35 0.90584
36 0.90207
37 0.89826
38 0.89443
39 0.89056
40 0.88668
41 0.88276
42 0.87883
43 0.87487
44 0.87089
45 0.86689
46 0.86287
47 0.85883
48 0.85478
49 0.85071
50 0.84662
51 0.84253
52 0.83841
53 0.83429
54 0.83016
55 0.82601
56 0.82186
57 0.81770
58 0.81353
59 0.80936
60 0.80518
61 0.80099
62 0.79680
63 0.79260
64 0.78841
65 0.78421
66 0.78001
67 0.77580
68 0.77160
69 0.76740
70 0.76320
71 0.75900
72 0.75480
73 0.75060
74 0.74641
75 0.74222
76 0.73804
77 0.73386
78 0.72968
79 0.72551
80 0.72135
81 0.71720
82 0.71305
83 0.70890
84 0.70477
85 0.70065
86 0.69653
87 0.69242
88 0.68832
89 0.68423
90 0.68016
91 0.67609
92 0.67203
93 0.66799
94 0.66395
95 0.65993
96 0.65592
97 0.65192
98 0.64794
99 0.64396
100 0.64001
101 0.63606
102 0.63213
103 0.62821
104 0.62431
105 0.62042
106 0.61654
107 0.61268
108 0.60884
109 0.60501
110 0.60119
111 0.59739
112 0.59361
113 0.58984
114 0.58609
115 0.58235
116 0.57864
117 0.57493
118 0.57125
119 0.56758
120 0.56393
121 0.56029
122 0.55667
123 0.55307
124 0.54949
125 0.54592
126 0.54237
127 0.53884
128 0.53533
129 0.53183
130 0.52836
131 0.52490
132 0.52146
133 0.51803
134 0.51463
135 0.51124
136 0.50787
137 0.50452
138 0.50119
139 0.49787
140 0.49458
141 0.49130
142 0.48804
143 0.48480
144 0.48158
145 0.47837
146 0.47519
147 0.47202
148 0.46887
149 0.46574
150 0.46263
151 0.45954
152 0.45647
153 0.45341
154 0.45037
155 0.44736
156 0.44436
157 0.44137
158 0.43841
159 0.43547
160 0.43254
161 0.42963
162 0.42674
163 0.42387
164 0.42102
165 0.41818
166 0.41537
167 0.41257
168 0.40979
169 0.40703
170 0.40428
171 0.40156
172 0.39885
173 0.39616
174 0.39349
175 0.39083
176 0.38819
177 0.38558
178 0.38297
179 0.38039
180 0.37782
181 0.37528
182 0.37274
183 0.37023
184 0.36773
185 0.36525
186 0.36279
187 0.36035
188 0.35792
189 0.35551
190 0.35311
191 0.35074
192 0.34837
193 0.34603
194 0.34370
195 0.34139
196 0.33910
197 0.33682
198 0.33456
199 0.33231
200 0.33008
201 0.32787
202 0.32567
203 0.32349
204 0.32133
205 0.31918
206 0.31704
207 0.31493
208 0.31282
209 0.31074
210 0.30867
211 0.30661
212 0.30457
213 0.30254
214 0.30053
215 0.29854
216 0.29655
217 0.29459
218 0.29264
219 0.29070
220 0.28878
221 0.28687
222 0.28498
223 0.28310
224 0.28123
225 0.27938
226 0.27755
227 0.27572
228 0.27392
229 0.27212
230 0.27034
231 0.26857
232 0.26682
233 0.26508
234 0.26335
235 0.26164
236 0.25994
237 0.25825
238 0.25658
239 0.25492
240 0.25327
241 0.25164
242 0.25001
243 0.24840
244 0.24681
245 0.24522
246 0.24365
247 0.24209
248 0.24054
249 0.23901
250 0.23749
251 0.23597
252 0.23448
253 0.23299
254 0.23151
255 0.23005
256 0.22860
257 0.22716
258 0.22573
259 0.22431
260 0.22290
261 0.22151
262 0.22012
263 0.21875
264 0.21739
265 0.21604
266 0.21470
267 0.21337
268 0.21205
269 0.21074
270 0.20945
271 0.20816
272 0.20688
273 0.20562
274 0.20436
275 0.20312
276 0.20188
277 0.20066
278 0.19944
279 0.19823
280 0.19704
281 0.19585
282 0.19468
283 0.19351
284 0.19235
285 0.19121
286 0.19007
287 0.18894
288 0.18782
289 0.18671
290 0.18561
291 0.18452
292 0.18343
293 0.18236
294 0.18129
295 0.18024
296 0.17919
297 0.17815
298 0.17712
299 0.17610
300 0.17508
301 0.17408
302 0.17308
303 0.17209
304 0.17111
305 0.17014
306 0.16918
307 0.16822
308 0.16728
309 0.16634
310 0.16540
311 0.16448
312 0.16356
313 0.16265
314 0.16175
315 0.16086
316 0.15997
317 0.15910
318 0.15823
319 0.15736
320 0.15651
321 0.15566
322 0.15481
323 0.15398
324 0.15315
325 0.15233
326 0.15152
327 0.15071
328 0.14991
329 0.14912
330 0.14833
331 0.14755
332 0.14678
333 0.14602
334 0.14526
335 0.14450
336 0.14376
337 0.14302
338 0.14228
339 0.14156
340 0.14083
341 0.14012
342 0.13941
343 0.13871
344 0.13801
345 0.13732
346 0.13664
347 0.13596
348 0.13529
349 0.13462
350 0.13396
351 0.13330
352 0.13265
353 0.13201
354 0.13137
355 0.13074
356 0.13011
357 0.12949
358 0.12888
359 0.12827
360 0.12766
361 0.12706
362 0.12647
363 0.12588
364 0.12530
365 0.12472
366 0.12414
367 0.12358
368 0.12301
369 0.12245
370 0.12190
371 0.12135
372 0.12081
373 0.12027
374 0.11974
375 0.11921
376 0.11869
377 0.11817
378 0.11765
379 0.11715
380 0.11664
381 0.11614
382 0.11565
383 0.11515
384 0.11467
385 0.11419
386 0.11371
387 0.11324
388 0.11277
389 0.11230
390 0.11184
391 0.11139
392 0.11094
393 0.11049
394 0.11005
395 0.10961
396 0.10917
397 0.10874
398 0.10832
399 0.10790
400 0.10748
401 0.10706
402 0.10665
403 0.10625
404 0.10585
405 0.10545
406 0.10505
407 0.10466
408 0.10428
409 0.10389
410 0.10352
411 0.10314
412 0.10277
413 0.10240
414 0.10204
415 0.10168
416 0.10132
417 0.10097
418 0.10062
419 0.10027
420 0.09993
421 0.09959
422 0.09926
423 0.09893
424 0.09860
425 0.09827
426 0.09795
427 0.09763
428 0.09732
429 0.09701
430 0.09670
431 0.09639
432 0.09609
433 0.09580
434 0.09550
435 0.09521
436 0.09492
437 0.09464
438 0.09435
439 0.09408
440 0.09380
441 0.09353
442 0.09326
443 0.09299
444 0.09273
445 0.09247
446 0.09221
447 0.09196
448 0.09171
449 0.09146
450 0.09121
451 0.09097
452 0.09073
453 0.09050
454 0.09026
455 0.09003
456 0.08981
457 0.08958
458 0.08936
459 0.08914
460 0.08893
461 0.08871
462 0.08850
463 0.08830
464 0.08809
465 0.08789
466 0.08769
467 0.08749
468 0.08730
469 0.08711
470 0.08692
471 0.08674
472 0.08655
473 0.08637
474 0.08620
475 0.08602
476 0.08585
477 0.08568
478 0.08551
479 0.08535
480 0.08519
481 0.08503
482 0.08487
483 0.08472
484 0.08457
485 0.08442
486 0.08427
487 0.08413
488 0.08399
489 0.08385
490 0.08371
491 0.08358
492 0.08345
493 0.08332
494 0.08320
495 0.08307
496 0.08295
497 0.08283
498 0.08272
499 0.08260
500 0.08249
501 0.08239
502 0.08228
503 0.08218
504 0.08207
505 0.08198
506 0.08188
507 0.08179
508 0.08169
509 0.08161
510 0.08152
511 0.08143
512 0.08135
513 0.08127
514 0.08120
515 0.08112
516 0.08105
517 0.08098
518 0.08091
519 0.08085
520 0.08079
521 0.08073
522 0.08067
523 0.08061
524 0.08056
525 0.08051
526 0.08046
527 0.08041
528 0.08037
529 0.08033
530 0.08029
531 0.08025
532 0.08022
533 0.08019
534 0.08016
535 0.08013
536 0.08011
537 0.08009
538 0.08007
539 0.08005
540 0.08003
541 0.08002
542 0.08001
543 0.08000
544 0.08000
545 0.08000
546 0.08000
547 0.08000
548 0.08000
549 0.08001
550 0.08002
551 0.08003
552 0.08004
553 0.08006
554 0.08008
555 0.08010
556 0.08012
557 0.08015
558 0.08018
559 0.08021
560 0.08024
561 0.08028
562 0.08032
563 0.08036
564 0.08040
565 0.08045
566 0.08050
567 0.08055
568 0.08060
569 0.08066
570 0.08072
571 0.08078
572 0.08084
573 0.08091
574 0.08098
575 0.08105
576 0.08112
577 0.08120
578 0.08128
579 0.08136
580 0.08144
581 0.08152
582 0.08161
583 0.08170
584 0.08180
585 0.08189
586 0.08199
587 0.08209
588 0.08219
589 0.08230
590 0.08240
591 0.08251
592 0.08263
593 0.08274
594 0.08286
595 0.08298
596 0.08311
597 0.08323
598 0.08336
599 0.08350
600 0.08363
601 0.08377
602 0.08391
603 0.08405
604 0.08420
605 0.08435
606 0.08450
607 0.08465
608 0.08481
609 0.08497
610 0.08514
611 0.08530
612 0.08547
613 0.08564
614 0.08582
615 0.08600
616 0.08618
617 0.08636
618 0.08655
619 0.08674
620 0.08693
621 0.08713
622 0.08733
623 0.08754
624 0.08774
625 0.08795
626 0.08817
627 0.08838
628 0.08860
629 0.08883
630 0.08906
631 0.08929
632 0.08952
633 0.08976
634 0.09000
635 0.09025
636 0.09050
637 0.09075
638 0.09101
639 0.09127
640 0.09153
641 0.09180
642 0.09207
643 0.09234
644 0.09262
645 0.09290
646 0.09319
647 0.09347
648 0.09376
649 0.09406
650 0.09436
651 0.09466
652 0.09497
653 0.09528
654 0.09560
655 0.09592
656 0.09624
657 0.09657
658 0.09690
659 0.09724
660 0.09758
661 0.09793
662 0.09828
663 0.09863
664 0.09899
665 0.09936
666 0.09973
667 0.10010
668 0.10048
669 0.10086
670 0.10125
671 0.10165
672 0.10205
673 0.10245
674 0.10286
675 0.10327
676 0.10369
677 0.10412
678 0.10455
679 0.10498
680 0.10542
681 0.10587
682 0.10632
683 0.10678
684 0.10724
685 0.10771
686 0.10818
687 0.10866
688 0.10915
689 0.10964
690 0.11014
691 0.11064
692 0.11116
693 0.11167
694 0.11219
695 0.11272
696 0.11326
697 0.11380
698 0.11435
699 0.11491
700 0.11547
701 0.11604
702 0.11661
703 0.11720
704 0.11779
705 0.11838
706 0.11899
707 0.11960
708 0.12022
709 0.12085
710 0.12148
711 0.12212
712 0.12277
713 0.12343
714 0.12409
715 0.12477
716 0.12545
717 0.12614
718 0.12683
719 0.12754
720 0.12826
721 0.12898
722 0.12971
723 0.13045
724 0.13120
725 0.13196
726 0.13273
727 0.13350
728 0.13429
729 0.13509
730 0.13589
731 0.13671
732 0.13753
733 0.13837
734 0.13921
735 0.14007
736 0.14093
737 0.14181
738 0.14270
739 0.14360
740 0.14450
741 0.14542
742 0.14635
743 0.14730
744 0.14825
745 0.14921
746 0.15019
747 0.15118
748 0.15218
749 0.15319
750 0.15422
751 0.15526
752 0.15631
753 0.15737
754 0.15845
755 0.15954
756 0.16064
757 0.16176
758 0.16289
759 0.16403
760 0.16519
761 0.16636
762 0.16755
763 0.16874
764 0.16994
765 0.17114
766 0.17235
767 0.17358
768 0.17483
769 0.17609
770 0.17736
771 0.17866
772 0.17996
773 0.18129
774 0.18262
775 0.18398
776 0.18535
777 0.18674
778 0.18815
779 0.18957
780 0.19102
781 0.19248
782 0.19396
783 0.19545
784 0.19697
785 0.19850
786 0.20006
787 0.20163
788 0.20322
789 0.20484
790 0.20647
791 0.20812
792 0.20980
793 0.21150
794 0.21321
795 0.21495
796 0.21672
797 0.21850
798 0.22031
799 0.22214
800 0.22399
801 0.22587
802 0.22777
803 0.22970
804 0.23165
805 0.23363
806 0.23563
807 0.23766
808 0.23971
809 0.24180
810 0.24391
811 0.24604
812 0.24821
813 0.25040
814 0.25262
815 0.25487
816 0.25715
817 0.25946
818 0.26181
819 0.26418
820 0.26658
821 0.26902
822 0.27149
823 0.27399
824 0.27652
825 0.27909
826 0.28170
827 0.28434
828 0.28701
829 0.28972
830 0.29247
831 0.29525
832 0.29807
833 0.30094
834 0.30384
835 0.30678
836 0.30976
837 0.31278
838 0.31584
839 0.31894
840 0.32209
841 0.32528
842 0.32852
843 0.33180
844 0.33512
845 0.33849
846 0.34191
847 0.34538
848 0.34890
849 0.35246
850 0.35608
851 0.35974
852 0.36346
853 0.36723
854 0.37105
855 0.37493
856 0.37886
857 0.38285
858 0.38690
859 0.39100
860 0.39517
861 0.39939
862 0.40367
863 0.40802
864 0.41243
865 0.41690
866 0.42144
867 0.42604
868 0.43071
869 0.43545
870 0.44026
871 0.44514
872 0.45009
873 0.45511
874 0.46021
875 0.46538
876 0.47063
877 0.47596
878 0.48136
879 0.48685
880 0.49242
881 0.49807
882 0.50381
883 0.50964
884 0.51555
885 0.52155
886 0.52764
887 0.53383
888 0.54010
889 0.54648
890 0.55295
891 0.55952
892 0.56619
893 0.57296
894 0.57984
895 0.58682
896 0.59392
897 0.60112
898 0.60843
899 0.61586
900 0.62340
901 0.63106
902 0.63884
903 0.64674
904 0.65476
905 0.66291
906 0.67119
907 0.67961
908 0.68815
909 0.69683
910 0.70565
911 0.71461
912 0.72170
913 0.73963
914 0.75180
915 0.76035
916 0.76520
917 0.76759
918 0.77032
919 0.77345
920 0.77712
921 0.78148
922 0.78073
923 0.77998
924 0.78531
925 0.78458
926 0.78384
927 0.79054
928 0.78983
929 0.78911
930 0.78839
931 0.79714
932 0.79645
933 0.79575
934 0.79505
935 0.79436
936 0.79366
937 0.79295
938 0.80502
939 0.80436
940 0.80369
941 0.80302
942 0.80235
943 0.80168
944 0.80100
945 0.80033
946 0.79965
947 0.79898
948 0.79830
949 0.79762
950 0.81559
951 0.81496
952 0.81433
953 0.81370
954 0.81307
955 0.81244
956 0.81180
957 0.81117
958 0.81053
959 0.80989
960 0.80925
961 0.80861
962 0.80797
963 0.80733
964 0.80669
965 0.80604
966 0.80540
967 0.80475
968 0.80410
969 0.80345
970 0.80280
971 0.80215
972 0.80150
973 0.83167
974 0.83110
975 0.83053
976 0.82996
977 0.82940
978 0.82883
979 0.82825
980 0.82768
981 0.82711
982 0.82653
983 0.82596
984 0.82538
985 0.82480
986 0.82422
987 0.82364
988 0.82306
989 0.82248
990 0.82190
991 0.82131
992 0.82073
993 0.82014
994 0.81955
995 0.81896
996 0.81837
997 0.81778
998 0.81719
999 0.81660
1000 0.81600
1001 0.81541
1002 0.81481
1003 0.81421
1004 0.81361
1005 0.81301
1006 0.81241
1007 0.81181
1008 0.81120
1009 0.81060
1010 0.80999
1011 0.80939
1012 0.80878
1013 0.80817
1014 0.80756
1015 0.80695
1016 0.80633
1017 0.80572
1018 0.80510
1019 0.80449
1020 0.80387
1021 0.80325
1022 0.80263
1023 0.80201
1024 0.80138
1025 0.80076
1026 0.86384
1027 0.86340
1028 0.86295
1029 0.86251
1030 0.86206
1031 0.86161
1032 0.86116
1033 0.86071
1034 0.86026
1035 0.85981
1036 0.85936
1037 0.85891
1038 0.85845
1039 0.85800
1040 0.85754
1041 0.85709
1042 0.85663
1043 0.85617
1044 0.85571
1045 0.85525
1046 0.85479
1047 0.85433
1048 0.85387
1049 0.85340
1050 0.85294
1051 0.85247
1052 0.85201
1053 0.85154
1054 0.85107
1055 0.85060
1056 0.85013
1057 0.84966
1058 0.84919
1059 0.84872
1060 0.84824
1061 0.84777
1062 0.84729
1063 0.84682
1064 0.84634
1065 0.84586
1066 0.84538
1067 0.84490
1068 0.84442
1069 0.84394
1070 0.84346
1071 0.84298
1072 0.84249
1073 0.84201
1074 0.84152
1075 0.84103
1076 0.84054
1077 0.84006
1078 0.83957
1079 0.83908
1080 0.83858
1081 0.83809
1082 0.83760
1083 0.83710
1084 0.83661
1085 0.83611
1086 0.83562
1087 0.83512
1088 0.83462
1089 0.83412
1090 0.83362
1091 0.83312
1092 0.83262
1093 0.83211
1094 0.83161
1095 0.83110
1096 0.83060
1097 0.83009
1098 0.82958
1099 0.82908
1100 0.82857
1101 0.82806
1102 0.82755
1103 0.82703
1104 0.82652
1105 0.82601
1106 0.82549
1107 0.82498
1108 0.82446
1109 0.82394
1110 0.82342
1111 0.82290
1112 0.82238
1113 0.82186
1114 0.82134
1115 0.82082
1116 0.82030
1117 0.81977
1118 0.81925
1119 0.81872
1120 0.81819
1121 0.81766
1122 0.81714
1123 0.81661
1124 0.81608
1125 0.81554
1126 0.81501
1127 0.81448
1128 0.81394
1129 0.81341
1130 0.81287
1131 0.81234
1132 0.81180
1133 0.81126
1134 0.81072
1135 0.81018
1136 0.80964
1137 0.80910
1138 0.80855
1139 0.80801
1140 0.80746
1141 0.80692
1142 0.80637
1143 0.80583
1144 0.80528
1145 0.80473
1146 0.80418
1147 0.80363
1148 0.80308
1149 0.80252
1150 0.80197
1151 0.80141
1152 0.80086
1153 0.80030
1154 0.79975
1155 0.79919
1156 0.79863
1157 0.79807
1158 0.79751
1159 0.79695
1160 0.79639
1161 0.79582
1162 0.79526
1163 0.79470
1164 0.79413
1165 0.79356
1166 0.79300
1167 0.79243
1168 0.79186
1169 0.79129
1170 0.79072
1171 0.79015
1172 0.78957
1173 0.78900
1174 0.78843
1175 0.78785
1176 0.78728
1177 0.78670
1178 0.78612
1179 0.78554
1180 0.78496
1181 0.78438
1182 0.78380
1183 0.78322
1184 0.78264
1185 0.78205
1186 0.78147
1187 0.78088
1188 0.78030
1189 0.77971
1190 0.77912
1191 0.77854
1192 0.77795
1193 0.77736
1194 0.77676
1195 0.77617
1196 0.77558
1197 0.77499
1198 0.77439
1199 0.77380
1200 0.77320
1201 0.77260
1202 0.77201
1203 0.77141
1204 0.77081
1205 0.77021
1206 0.76961
1207 0.76900
1208 0.76840
1209 0.76780
1210 0.76719
1211 0.76659
1212 0.76598
1213 0.76538
1214 0.76477
1215 0.76416
1216 1.00000
