17 0.98693
18 0.98578
19 0.98460
20 0.98340
21 0.98216
22 0.98090
23 0.97961
24 0.97830
25 0.97697
26 0.97561
27 0.97423
28 0.97283
29 0.97141
30 0.96996
31 0.96850
32 0.96702
33 0.96552
34 0.96400
35 0.96247
36 0.96091
37 0.95934
38 0.95776
39 0.95616
40 0.95454
41 0.95291
42 0.95127
43 0.94961
44 0.94793
45 0.94625
46 0.94455
47 0.94284
48 0.94112
49 0.93938
50 0.93764
51 0.93588
52 0.93411
53 0.93233
54 0.93054
55 0.92875
56 0.92694
57 0.92512
58 0.92330
59 0.92146
60 0.91962
61 0.91777
62 0.91591
63 0.91404
64 0.91217
65 0.91029
66 0.90840
67 0.90650
68 0.90460
69 0.90270
70 0.90078
71 0.89886
72 0.89694
73 0.89501
74 0.89307
75 0.89113
76 0.88919
77 0.88724
78 0.88529
79 0.88333
80 0.88137
81 0.87940
82 0.87743
83 0.87546
84 0.87348
85 0.87150
86 0.86952
87 0.86754
88 0.86555
89 0.86356
90 0.86156
91 0.85957
92 0.85757
93 0.85557
94 0.85357
95 0.85157
96 0.84957
97 0.84756
98 0.84556
99 0.84355
100 0.84154
101 0.83954
102 0.83753
103 0.83552
104 0.83351
105 0.83150
106 0.82949
107 0.82748
108 0.82546
109 0.82345
110 0.82144
111 0.81943
112 0.81743
113 0.81542
114 0.81341
115 0.81140
116 0.80940
117 0.80739
118 0.80539
119 0.80339
120 0.80138
121 0.79938
122 0.79739
123 0.79539
124 0.79339
125 0.79140
126 0.78941
127 0.78742
128 0.78543
129 0.78345
130 0.78146
131 0.77948
132 0.77750
133 0.77553
134 0.77355
135 0.77158
136 0.76961
137 0.76765
138 0.76568
139 0.76372
140 0.76177
141 0.75981
142 0.75786
143 0.75591
144 0.75397
145 0.75203
146 0.75009
147 0.74815
148 0.74622
149 0.74429
150 0.74237
151 0.74045
152 0.73853
153 0.73661
154 0.73470
155 0.73280
156 0.73090
157 0.72900
158 0.72710
159 0.72521
160 0.72332
161 0.72144
162 0.71956
163 0.71769
164 0.71582
165 0.71395
166 0.71209
167 0.71023
168 0.70838
169 0.70653
170 0.70469
171 0.70285
172 0.70101
173 0.69918
174 0.69736
175 0.69553
176 0.69372
177 0.69191
178 0.69010
179 0.68830
180 0.68650
181 0.68470
182 0.68292
183 0.68113
184 0.67935
185 0.67758
186 0.67581
187 0.67405
188 0.67229
189 0.67054
190 0.66879
191 0.66704
192 0.66531
193 0.66357
194 0.66184
195 0.66012
196 0.65840
197 0.65669
198 0.65498
199 0.65328
200 0.65159
201 0.64989
202 0.64821
203 0.64653
204 0.64485
205 0.64318
206 0.64152
207 0.63986
208 0.63820
209 0.63655
210 0.63491
211 0.63327
212 0.63164
213 0.63001
214 0.62839
215 0.62678
216 0.62517
217 0.62356
218 0.62196
219 0.62037
220 0.61878
221 0.61720
222 0.61562
223 0.61405
224 0.61248
225 0.61092
226 0.60937
227 0.60782
228 0.60627
229 0.60473
230 0.60320
231 0.60168
232 0.60015
233 0.59864
234 0.59713
235 0.59562
236 0.59413
237 0.59263
238 0.59114
239 0.58966
240 0.58819
241 0.58672
242 0.58525
243 0.58379
244 0.58234
245 0.58089
246 0.57945
247 0.57801
248 0.57658
249 0.57516
250 0.57374
251 0.57232
252 0.57092
253 0.56951
254 0.56812
255 0.56673
256 0.56534
257 0.56396
258 0.56259
259 0.56122
260 0.55986
261 0.55850
262 0.55715
263 0.55580
264 0.55446
265 0.55313
266 0.55180
267 0.55048
268 0.54916
269 0.54785
270 0.54654
271 0.54524
272 0.54395
273 0.54266
274 0.54137
275 0.54009
276 0.53882
277 0.53756
278 0.53629
279 0.53504
280 0.53379
281 0.53254
282 0.53131
283 0.53007
284 0.52884
285 0.52762
286 0.52641
287 0.52519
288 0.52399
289 0.52279
290 0.52160
291 0.52041
292 0.51922
293 0.51805
294 0.51687
295 0.51571
296 0.51454
297 0.51339
298 0.51224
299 0.51109
300 0.50995
301 0.50882
302 0.50769
303 0.50657
304 0.50545
305 0.50434
306 0.50323
307 0.50213
308 0.50104
309 0.49995
310 0.49886
311 0.49778
312 0.49671
313 0.49564
314 0.49457
315 0.49352
316 0.49246
317 0.49142
318 0.49037
319 0.48934
320 0.48830
321 0.48728
322 0.48626
323 0.48524
324 0.48423
325 0.48323
326 0.48223
327 0.48123
328 0.48024
329 0.47926
330 0.47828
331 0.47730
332 0.47634
333 0.47537
334 0.47441
335 0.47346
336 0.47251
337 0.47157
338 0.47063
339 0.46970
340 0.46877
341 0.46785
342 0.46693
343 0.46602
344 0.46512
345 0.46421
346 0.46332
347 0.46243
348 0.46154
349 0.46066
350 0.45978
351 0.45891
352 0.45804
353 0.45718
354 0.45633
355 0.45547
356 0.45463
357 0.45379
358 0.45295
359 0.45212
360 0.45129
361 0.45047
362 0.44965
363 0.44884
364 0.44804
365 0.44723
366 0.44644
367 0.44564
368 0.44486
369 0.44407
370 0.44330
371 0.44252
372 0.44176
373 0.44099
374 0.44024
375 0.43948
376 0.43873
377 0.43799
378 0.43725
379 0.43652
380 0.43579
381 0.43506
382 0.43434
383 0.43363
384 0.43292
385 0.43221
386 0.43151
387 0.43081
388 0.43012
389 0.42944
390 0.42875
391 0.42808
392 0.42740
393 0.42674
394 0.42607
395 0.42541
396 0.42476
397 0.42411
398 0.42347
399 0.42283
400 0.42219
401 0.42156
402 0.42093
403 0.42031
404 0.41969
405 0.41908
406 0.41847
407 0.41787
408 0.41727
409 0.41668
410 0.41609
411 0.41550
412 0.41492
413 0.41434
414 0.41377
415 0.41321
416 0.41264
417 0.41209
418 0.41153
419 0.41098
420 0.41044
421 0.40990
422 0.40936
423 0.40883
424 0.40830
425 0.40778
426 0.40726
427 0.40675
428 0.40624
429 0.40573
430 0.40523
431 0.40474
432 0.40425
433 0.40376
434 0.40328
435 0.40280
436 0.40232
437 0.40185
438 0.40139
439 0.40093
440 0.40047
441 0.40002
442 0.39957
443 0.39913
444 0.39869
445 0.39825
446 0.39782
447 0.39740
448 0.39698
449 0.39656
450 0.39615
451 0.39574
452 0.39533
453 0.39493
454 0.39454
455 0.39414
456 0.39376
457 0.39337
458 0.39299
459 0.39262
460 0.39225
461 0.39188
462 0.39152
463 0.39116
464 0.39081
465 0.39046
466 0.39012
467 0.38978
468 0.38944
469 0.38911
470 0.38878
471 0.38846
472 0.38814
473 0.38782
474 0.38751
475 0.38721
476 0.38690
477 0.38661
478 0.38631
479 0.38602
480 0.38574
481 0.38546
482 0.38518
483 0.38491
484 0.38464
485 0.38437
486 0.38411
487 0.38386
488 0.38361
489 0.38336
490 0.38312
491 0.38288
492 0.38264
493 0.38241
494 0.38219
495 0.38196
496 0.38175
497 0.38153
498 0.38132
499 0.38112
500 0.38092
501 0.38072
502 0.38053
503 0.38034
504 0.38015
505 0.37997
506 0.37980
507 0.37963
508 0.37946
509 0.37930
510 0.37914
511 0.37898
512 0.37883
513 0.37869
514 0.37854
515 0.37841
516 0.37827
517 0.37814
518 0.37802
519 0.37790
520 0.37778
521 0.37767
522 0.37756
523 0.37746
524 0.37736
525 0.37726
526 0.37717
527 0.37708
528 0.37700
529 0.37692
530 0.37685
531 0.37678
532 0.37671
533 0.37665
534 0.37660
535 0.37654
536 0.37650
537 0.37645
538 0.37641
539 0.37638
540 0.37635
541 0.37632
542 0.37630
543 0.37628
544 0.37627
545 0.37626
546 0.37625
547 0.37625
548 0.37626
549 0.37626
550 0.37628
551 0.37629
552 0.37631
553 0.37634
554 0.37637
555 0.37641
556 0.37644
557 0.37649
558 0.37654
559 0.37659
560 0.37665
561 0.37671
562 0.37677
563 0.37684
564 0.37692
565 0.37700
566 0.37708
567 0.37717
568 0.37726
569 0.37736
570 0.37746
571 0.37757
572 0.37768
573 0.37779
574 0.37792
575 0.37804
576 0.37817
577 0.37830
578 0.37844
579 0.37859
580 0.37873
581 0.37889
582 0.37904
583 0.37921
584 0.37937
585 0.37954
586 0.37972
587 0.37990
588 0.38009
589 0.38028
590 0.38047
591 0.38067
592 0.38088
593 0.38109
594 0.38130
595 0.38152
596 0.38174
597 0.38197
598 0.38221
599 0.38244
600 0.38269
601 0.38294
602 0.38319
603 0.38345
604 0.38371
605 0.38398
606 0.38425
607 0.38453
608 0.38482
609 0.38510
610 0.38540
611 0.38570
612 0.38600
613 0.38631
614 0.38662
615 0.38694
616 0.38727
617 0.38760
618 0.38793
619 0.38827
620 0.38862
621 0.38897
622 0.38932
623 0.38968
624 0.39005
625 0.39042
626 0.39080
627 0.39118
628 0.39157
629 0.39196
630 0.39236
631 0.39277
632 0.39318
633 0.39359
634 0.39401
635 0.39444
636 0.39487
637 0.39531
638 0.39575
639 0.39620
640 0.39666
641 0.39712
642 0.39758
643 0.39806
644 0.39853
645 0.39902
646 0.39951
647 0.40000
648 0.40050
649 0.40101
650 0.40152
651 0.40204
652 0.40257
653 0.40310
654 0.40363
655 0.40418
656 0.40473
657 0.40528
658 0.40584
659 0.40641
660 0.40698
661 0.40756
662 0.40815
663 0.40874
664 0.40934
665 0.40995
666 0.41056
667 0.41118
668 0.41180
669 0.41243
670 0.41307
671 0.41372
672 0.41437
673 0.41502
674 0.41569
675 0.41636
676 0.41704
677 0.41772
678 0.41841
679 0.41911
680 0.41982
681 0.42053
682 0.42125
683 0.42197
684 0.42270
685 0.42344
686 0.42419
687 0.42495
688 0.42571
689 0.42648
690 0.42725
691 0.42803
692 0.42882
693 0.42962
694 0.43043
695 0.43124
696 0.43206
697 0.43289
698 0.43372
699 0.43457
700 0.43542
701 0.43628
702 0.43714
703 0.43802
704 0.43890
705 0.43979
706 0.44069
707 0.44159
708 0.44251
709 0.44343
710 0.44436
711 0.44530
712 0.44624
713 0.44720
714 0.44816
715 0.44913
716 0.45011
717 0.45110
718 0.45210
719 0.45310
720 0.45412
721 0.45514
722 0.45617
723 0.45721
724 0.45826
725 0.45932
726 0.46039
727 0.46147
728 0.46255
729 0.46365
730 0.46475
731 0.46587
732 0.46699
733 0.46812
734 0.46926
735 0.47041
736 0.47158
737 0.47275
738 0.47393
739 0.47512
740 0.47632
741 0.47753
742 0.47875
743 0.47998
744 0.48122
745 0.48247
746 0.48373
747 0.48500
748 0.48628
749 0.48757
750 0.48888
751 0.49019
752 0.49151
753 0.49285
754 0.49419
755 0.49555
756 0.49692
757 0.49830
758 0.49968
759 0.50109
760 0.50250
761 0.50392
762 0.50536
763 0.50680
764 0.50826
765 0.50973
766 0.51121
767 0.51271
768 0.51421
769 0.51573
770 0.51726
771 0.51880
772 0.52036
773 0.52192
774 0.52350
775 0.52510
776 0.52670
777 0.52832
778 0.52995
779 0.53159
780 0.53325
781 0.53492
782 0.53660
783 0.53830
784 0.54001
785 0.54173
786 0.54347
787 0.54522
788 0.54698
789 0.54876
790 0.55056
791 0.55236
792 0.55418
793 0.55602
794 0.55787
795 0.55973
796 0.56161
797 0.56350
798 0.56540
799 0.56732
800 0.56925
801 0.57120
802 0.57316
803 0.57513
804 0.57712
805 0.57913
806 0.58115
807 0.58318
808 0.58523
809 0.58730
810 0.58938
811 0.59148
812 0.59359
813 0.59572
814 0.59787
815 0.60004
816 0.60221
817 0.60441
818 0.60662
819 0.60885
820 0.61110
821 0.61336
822 0.61564
823 0.61794
824 0.62026
825 0.62260
826 0.62495
827 0.62732
828 0.62970
829 0.63211
830 0.63453
831 0.63697
832 0.63944
833 0.64192
834 0.64442
835 0.64694
836 0.64948
837 0.65204
838 0.65462
839 0.65722
840 0.65985
841 0.66249
842 0.66515
843 0.66784
844 0.67055
845 0.67327
846 0.67602
847 0.67877
848 0.68156
849 0.68436
850 0.68719
851 0.69003
852 0.69291
853 0.69580
854 0.69872
855 0.70166
856 0.70462
857 0.70761
858 0.71062
859 0.71365
860 0.71671
861 0.71980
862 0.72290
863 0.72604
864 0.72920
865 0.73238
866 0.73559
867 0.73882
868 0.74208
869 0.74537
870 0.74868
871 0.75203
872 0.75539
873 0.75879
874 0.76221
875 0.76566
876 0.76913
877 0.77264
878 0.77617
879 0.77974
880 0.78333
881 0.78695
882 0.79060
883 0.79428
884 0.79799
885 0.80173
886 0.80550
887 0.80930
888 0.81313
889 0.81699
890 0.82089
891 0.82481
892 0.82876
893 0.83272
894 0.83672
895 0.84075
896 0.84481
897 0.84890
898 0.85303
899 0.85719
900 0.86139
901 0.86562
902 0.86988
903 0.87418
904 0.87852
905 0.88289
906 0.88730
907 0.89174
908 0.89622
909 0.90074
910 0.90529
911 0.90989
912 0.91354
913 0.91459
914 0.91578
915 0.91694
916 0.91772
917 0.91812
918 0.91863
919 0.91928
920 0.92011
921 0.92118
922 0.92097
923 0.92076
924 0.92217
925 0.92197
926 0.92176
927 0.92365
928 0.92345
929 0.92325
930 0.92306
931 0.92565
932 0.92547
933 0.92528
934 0.92509
935 0.92490
936 0.92471
937 0.92452
938 0.92828
939 0.92811
940 0.92793
941 0.92775
942 0.92758
943 0.92740
944 0.92723
945 0.92705
946 0.92687
947 0.92669
948 0.92651
949 0.92634
950 0.93215
951 0.93200
952 0.93184
953 0.93168
954 0.93152
955 0.93137
956 0.93121
957 0.93105
958 0.93089
959 0.93073
960 0.93057
961 0.93041
962 0.93025
963 0.93009
964 0.92993
965 0.92977
966 0.92961
967 0.92944
968 0.92928
969 0.92912
970 0.92896
971 0.92879
972 0.92863
973 0.93870
974 0.93858
975 0.93845
976 0.93832
977 0.93819
978 0.93807
979 0.93794
980 0.93781
981 0.93768
982 0.93755
983 0.93742
984 0.93729
985 0.93716
986 0.93704
987 0.93691
988 0.93678
989 0.93665
990 0.93652
991 0.93639
992 0.93626
993 0.93612
994 0.93599
995 0.93586
996 0.93573
997 0.93560
998 0.93547
999 0.93534
1000 0.93520
1001 0.93507
1002 0.93494
1003 0.93481
1004 0.93467
1005 0.93454
1006 0.93441
1007 0.93427
1008 0.93414
1009 0.93401
1010 0.93387
1011 0.93374
1012 0.93360
1013 0.93347
1014 0.93333
1015 0.93320
1016 0.93306
1017 0.93293
1018 0.93279
1019 0.93266
1020 0.93252
1021 0.93239
1022 0.93225
1023 0.93211
1024 0.93198
1025 0.93184
1026 0.95334
1027 0.95328
1028 0.95321
1029 0.95315
1030 0.95308
1031 0.95302
1032 0.95296
1033 0.95289
1034 0.95283
1035 0.95277
1036 0.95270
1037 0.95264
1038 0.95258
1039 0.95251
1040 0.95245
1041 0.95238
1042 0.95232
1043 0.95226
1044 0.95219
1045 0.95213
1046 0.95206
1047 0.95200
1048 0.95194
1049 0.95187
1050 0.95181
1051 0.95174
1052 0.95168
1053 0.95162
1054 0.95155
1055 0.95149
1056 0.95142
1057 0.95133
1058 0.95117
1059 0.95101
1060 0.95084
1061 0.95068
1062 0.95052
1063 0.95035
1064 0.95019
1065 0.95002
1066 0.94986
1067 0.94969
1068 0.94953
1069 0.94936
1070 0.94919
1071 0.94903
1072 0.94886
1073 0.94869
1074 0.94852
1075 0.94836
1076 0.94819
1077 0.94802
1078 0.94785
1079 0.94768
1080 0.94751
1081 0.94734
1082 0.94717
1083 0.94699
1084 0.94682
1085 0.94665
1086 0.94648
1087 0.94630
1088 0.94613
1089 0.94596
1090 0.94578
1091 0.94561
1092 0.94543
1093 0.94526
1094 0.94508
1095 0.94491
1096 0.94473
1097 0.94455
1098 0.94438
1099 0.94420
1100 0.94402
1101 0.94384
1102 0.94366
1103 0.94348
1104 0.94330
1105 0.94312
1106 0.94294
1107 0.94276
1108 0.94258
1109 0.94240
1110 0.94222
1111 0.94204
1112 0.94185
1113 0.94167
1114 0.94149
1115 0.94130
1116 0.94112
1117 0.94093
1118 0.94075
1119 0.94056
1120 0.94038
1121 0.94019
1122 0.94001
1123 0.93982
1124 0.93963
1125 0.93944
1126 0.93925
1127 0.93907
1128 0.93888
1129 0.93869
1130 0.93850
1131 0.93831
1132 0.93812
1133 0.93793
1134 0.93773
1135 0.93754
1136 0.93735
1137 0.93716
1138 0.93696
1139 0.93677
1140 0.93658
1141 0.93638
1142 0.93619
1143 0.93599
1144 0.93580
1145 0.93560
1146 0.93541
1147 0.93521
1148 0.93501
1149 0.93481
1150 0.93462
1151 0.93442
1152 0.93422
1153 0.93402
1154 0.93382
1155 0.93362
1156 0.93342
1157 0.93322
1158 0.93302
1159 0.93282
1160 0.93261
1161 0.93241
1162 0.93221
1163 0.93201
1164 0.93180
1165 0.93160
1166 0.93139
1167 0.93119
1168 0.93098
1169 0.93078
1170 0.93057
1171 0.93037
1172 0.93016
1173 0.92995
1174 0.92974
1175 0.92954
1176 0.92933
1177 0.92912
1178 0.92891
1179 0.92870
1180 0.92849
1181 0.92828
1182 0.92807
1183 0.92785
1184 0.92764
1185 0.92743
1186 0.92722
1187 0.92700
1188 0.92679
1189 0.92658
1190 0.92636
1191 0.92615
1192 0.92593
1193 0.92572
1194 0.92550
1195 0.92528
1196 0.92507
1197 0.92485
1198 0.92463
1199 0.92441
1200 0.92419
1201 0.92398
1202 0.92376
1203 0.92354
1204 0.92332
1205 0.92310
1206 0.92287
1207 0.92265
1208 0.92243
1209 0.92221
1210 0.92198
1211 0.92176
1212 0.92154
1213 0.92131
1214 0.92109
1215 0.92086
1216 1.00000
