17 0.98692
18 0.98577
19 0.98459
20 0.98338
21 0.98215
22 0.98088
23 0.97959
24 0.97828
25 0.97695
26 0.97559
27 0.97420
28 0.97280
29 0.97138
30 0.96993
31 0.96847
32 0.96698
33 0.96548
34 0.96396
35 0.96242
36 0.96087
37 0.95929
38 0.95771
39 0.95610
40 0.95448
41 0.95285
42 0.95120
43 0.94954
44 0.94787
45 0.94618
46 0.94448
47 0.94276
48 0.94104
49 0.93930
50 0.93755
51 0.93579
52 0.93402
53 0.93224
54 0.93044
55 0.92864
56 0.92683
57 0.92501
58 0.92318
59 0.92134
60 0.91950
61 0.91764
62 0.91578
63 0.91391
64 0.91203
65 0.91015
66 0.90825
67 0.90635
68 0.90445
69 0.90254
70 0.90062
71 0.89870
72 0.89677
73 0.89483
74 0.89289
75 0.89095
76 0.88900
77 0.88705
78 0.88509
79 0.88312
80 0.88116
81 0.87919
82 0.87721
83 0.87524
84 0.87325
85 0.87127
86 0.86928
87 0.86729
88 0.86530
89 0.86330
90 0.86131
91 0.85931
92 0.85731
93 0.85530
94 0.85330
95 0.85129
96 0.84928
97 0.84727
98 0.84526
99 0.84325
100 0.84123
101 0.83922
102 0.83720
103 0.83519
104 0.83317
105 0.83116
106 0.82914
107 0.82713
108 0.82511
109 0.82309
110 0.82108
111 0.81906
112 0.81705
113 0.81503
114 0.81302
115 0.81101
116 0.80899
117 0.80698
118 0.80497
119 0.80297
120 0.80096
121 0.79895
122 0.79695
123 0.79495
124 0.79294
125 0.79094
126 0.78895
127 0.78695
128 0.78496
129 0.78297
130 0.78098
131 0.77899
132 0.77700
133 0.77502
134 0.77304
135 0.77106
136 0.76909
137 0.76712
138 0.76515
139 0.76318
140 0.76122
141 0.75926
142 0.75730
143 0.75534
144 0.75339
145 0.75144
146 0.74950
147 0.74756
148 0.74562
149 0.74368
150 0.74175
151 0.73982
152 0.73790
153 0.73598
154 0.73406
155 0.73215
156 0.73024
157 0.72833
158 0.72643
159 0.72454
160 0.72264
161 0.72075
162 0.71887
163 0.71699
164 0.71511
165 0.71324
166 0.71137
167 0.70950
168 0.70764
169 0.70579
170 0.70394
171 0.70209
172 0.70025
173 0.69841
174 0.69658
175 0.69475
176 0.69293
177 0.69111
178 0.68929
179 0.68748
180 0.68568
181 0.68388
182 0.68208
183 0.68029
184 0.67851
185 0.67673
186 0.67495
187 0.67318
188 0.67141
189 0.66965
190 0.66790
191 0.66615
192 0.66440
193 0.66266
194 0.66093
195 0.65920
196 0.65747
197 0.65575
198 0.65404
199 0.65233
200 0.65062
201 0.64893
202 0.64723
203 0.64554
204 0.64386
205 0.64218
206 0.64051
207 0.63885
208 0.63718
209 0.63553
210 0.63388
211 0.63223
212 0.63059
213 0.62896
214 0.62733
215 0.62571
216 0.62409
217 0.62248
218 0.62087
219 0.61927
220 0.61768
221 0.61609
222 0.61450
223 0.61292
224 0.61135
225 0.60978
226 0.60822
227 0.60666
228 0.60511
229 0.60357
230 0.60203
231 0.60049
232 0.59896
233 0.59744
234 0.59592
235 0.59441
236 0.59291
237 0.59141
238 0.58991
239 0.58842
240 0.58694
241 0.58546
242 0.58399
243 0.58252
244 0.58106
245 0.57961
246 0.57816
247 0.57671
248 0.57528
249 0.57384
250 0.57242
251 0.57100
252 0.56958
253 0.56817
254 0.56677
255 0.56537
256 0.56398
257 0.56259
258 0.56121
259 0.55983
260 0.55846
261 0.55710
262 0.55574
263 0.55439
264 0.55304
265 0.55170
266 0.55036
267 0.54903
268 0.54771
269 0.54639
270 0.54507
271 0.54376
272 0.54246
273 0.54117
274 0.53987
275 0.53859
276 0.53731
277 0.53604
278 0.53477
279 0.53350
280 0.53225
281 0.53099
282 0.52975
283 0.52851
284 0.52727
285 0.52604
286 0.52482
287 0.52360
288 0.52239
289 0.52118
290 0.51998
291 0.51878
292 0.51759
293 0.51641
294 0.51523
295 0.51405
296 0.51288
297 0.51172
298 0.51056
299 0.50941
300 0.50826
301 0.50712
302 0.50599
303 0.50486
304 0.50373
305 0.50261
306 0.50150
307 0.50039
308 0.49929
309 0.49819
310 0.49710
311 0.49601
312 0.49493
313 0.49385
314 0.49278
315 0.49171
316 0.49065
317 0.48960
318 0.48855
319 0.48750
320 0.48646
321 0.48543
322 0.48440
323 0.48338
324 0.48236
325 0.48135
326 0.48034
327 0.47934
328 0.47834
329 0.47735
330 0.47636
331 0.47538
332 0.47440
333 0.47343
334 0.47247
335 0.47151
336 0.47055
337 0.46960
338 0.46865
339 0.46771
340 0.46678
341 0.46585
342 0.46492
343 0.46400
344 0.46309
345 0.46218
346 0.46128
347 0.46038
348 0.45948
349 0.45859
350 0.45771
351 0.45683
352 0.45595
353 0.45509
354 0.45422
355 0.45336
356 0.45251
357 0.45166
358 0.45081
359 0.44997
360 0.44914
361 0.44831
362 0.44749
363 0.44667
364 0.44585
365 0.44504
366 0.44424
367 0.44344
368 0.44264
369 0.44185
370 0.44106
371 0.44028
372 0.43951
373 0.43874
374 0.43797
375 0.43721
376 0.43645
377 0.43570
378 0.43495
379 0.43421
380 0.43347
381 0.43274
382 0.43201
383 0.43129
384 0.43057
385 0.42985
386 0.42915
387 0.42844
388 0.42774
389 0.42705
390 0.42636
391 0.42567
392 0.42499
393 0.42431
394 0.42364
395 0.42297
396 0.42231
397 0.42165
398 0.42100
399 0.42035
400 0.41971
401 0.41907
402 0.41843
403 0.41780
404 0.41717
405 0.41655
406 0.41594
407 0.41532
408 0.41472
409 0.41411
410 0.41351
411 0.41292
412 0.41233
413 0.41175
414 0.41116
415 0.41059
416 0.41002
417 0.40945
418 0.40889
419 0.40833
420 0.40777
421 0.40723
422 0.40668
423 0.40614
424 0.40560
425 0.40507
426 0.40454
427 0.40402
428 0.40350
429 0.40299
430 0.40248
431 0.40197
432 0.40147
433 0.40098
434 0.40048
435 0.40000
436 0.39951
437 0.39903
438 0.39856
439 0.39809
440 0.39762
441 0.39716
442 0.39670
443 0.39625
444 0.39580
445 0.39536
446 0.39492
447 0.39448
448 0.39405
449 0.39362
450 0.39320
451 0.39278
452 0.39236
453 0.39195
454 0.39155
455 0.39115
456 0.39075
457 0.39035
458 0.38997
459 0.38958
460 0.38920
461 0.38882
462 0.38845
463 0.38808
464 0.38772
465 0.38736
466 0.38700
467 0.38665
468 0.38631
469 0.38596
470 0.38563
471 0.38529
472 0.38496
473 0.38464
474 0.38431
475 0.38400
476 0.38368
477 0.38337
478 0.38307
479 0.38277
480 0.38247
481 0.38218
482 0.38189
483 0.38161
484 0.38133
485 0.38105
486 0.38078
487 0.38051
488 0.38025
489 0.37999
490 0.37974
491 0.37949
492 0.37924
493 0.37900
494 0.37876
495 0.37853
496 0.37830
497 0.37807
498 0.37785
499 0.37763
500 0.37742
501 0.37721
502 0.37700
503 0.37680
504 0.37661
505 0.37642
506 0.37623
507 0.37604
508 0.37586
509 0.37569
510 0.37552
511 0.37535
512 0.37519
513 0.37503
514 0.37487
515 0.37472
516 0.37457
517 0.37443
518 0.37429
519 0.37416
520 0.37403
521 0.37391
522 0.37378
523 0.37367
524 0.37355
525 0.37344
526 0.37334
527 0.37324
528 0.37314
529 0.37305
530 0.37296
531 0.37288
532 0.37280
533 0.37273
534 0.37266
535 0.37259
536 0.37253
537 0.37247
538 0.37241
539 0.37236
540 0.37232
541 0.37228
542 0.37224
543 0.37221
544 0.37218
545 0.37216
546 0.37214
547 0.37212
548 0.37211
549 0.37210
550 0.37210
551 0.37210
552 0.37211
553 0.37212
554 0.37213
555 0.37215
556 0.37218
557 0.37220
558 0.37224
559 0.37227
560 0.37231
561 0.37236
562 0.37241
563 0.37246
564 0.37252
565 0.37258
566 0.37265
567 0.37272
568 0.37280
569 0.37288
570 0.37296
571 0.37305
572 0.37315
573 0.37325
574 0.37335
575 0.37346
576 0.37357
577 0.37369
578 0.37381
579 0.37393
580 0.37406
581 0.37420
582 0.37434
583 0.37448
584 0.37463
585 0.37478
586 0.37494
587 0.37510
588 0.37527
589 0.37544
590 0.37562
591 0.37580
592 0.37598
593 0.37617
594 0.37637
595 0.37657
596 0.37677
597 0.37698
598 0.37720
599 0.37742
600 0.37764
601 0.37787
602 0.37810
603 0.37834
604 0.37858
605 0.37883
606 0.37908
607 0.37934
608 0.37960
609 0.37987
610 0.38014
611 0.38042
612 0.38070
613 0.38099
614 0.38128
615 0.38158
616 0.38188
617 0.38219
618 0.38250
619 0.38282
620 0.38314
621 0.38347
622 0.38381
623 0.38414
624 0.38449
625 0.38484
626 0.38519
627 0.38555
628 0.38591
629 0.38628
630 0.38666
631 0.38704
632 0.38743
633 0.38782
634 0.38821
635 0.38862
636 0.38902
637 0.38944
638 0.38985
639 0.39028
640 0.39071
641 0.39114
642 0.39158
643 0.39203
644 0.39248
645 0.39294
646 0.39340
647 0.39387
648 0.39435
649 0.39483
650 0.39531
651 0.39580
652 0.39630
653 0.39681
654 0.39731
655 0.39783
656 0.39835
657 0.39888
658 0.39941
659 0.39995
660 0.40050
661 0.40105
662 0.40160
663 0.40217
664 0.40274
665 0.40331
666 0.40390
667 0.40448
668 0.40508
669 0.40568
670 0.40629
671 0.40690
672 0.40752
673 0.40815
674 0.40878
675 0.40942
676 0.41006
677 0.41072
678 0.41138
679 0.41204
680 0.41271
681 0.41339
682 0.41408
683 0.41477
684 0.41547
685 0.41618
686 0.41689
687 0.41761
688 0.41834
689 0.41907
690 0.41981
691 0.42056
692 0.42132
693 0.42208
694 0.42285
695 0.42362
696 0.42441
697 0.42520
698 0.42600
699 0.42680
700 0.42762
701 0.42844
702 0.42927
703 0.43010
704 0.43095
705 0.43180
706 0.43266
707 0.43352
708 0.43440
709 0.43528
710 0.43617
711 0.43707
712 0.43797
713 0.43889
714 0.43981
715 0.44074
716 0.44168
717 0.44263
718 0.44358
719 0.44454
720 0.44552
721 0.44650
722 0.44748
723 0.44848
724 0.44949
725 0.45050
726 0.45152
727 0.45256
728 0.45360
729 0.45465
730 0.45570
731 0.45677
732 0.45785
733 0.45893
734 0.46003
735 0.46113
736 0.46225
737 0.46337
738 0.46450
739 0.46564
740 0.46679
741 0.46795
742 0.46912
743 0.47030
744 0.47149
745 0.47269
746 0.47390
747 0.47512
748 0.47635
749 0.47759
750 0.47883
751 0.48009
752 0.48136
753 0.48264
754 0.48394
755 0.48524
756 0.48655
757 0.48787
758 0.48920
759 0.49055
760 0.49190
761 0.49327
762 0.49465
763 0.49603
764 0.49743
765 0.49884
766 0.50027
767 0.50170
768 0.50314
769 0.50460
770 0.50607
771 0.50755
772 0.50904
773 0.51054
774 0.51206
775 0.51359
776 0.51513
777 0.51668
778 0.51825
779 0.51982
780 0.52141
781 0.52302
782 0.52463
783 0.52626
784 0.52790
785 0.52955
786 0.53122
787 0.53290
788 0.53460
789 0.53630
790 0.53802
791 0.53976
792 0.54151
793 0.54327
794 0.54504
795 0.54683
796 0.54863
797 0.55045
798 0.55227
799 0.55411
800 0.55597
801 0.55783
802 0.55972
803 0.56161
804 0.56352
805 0.56545
806 0.56738
807 0.56934
808 0.57131
809 0.57329
810 0.57529
811 0.57730
812 0.57933
813 0.58137
814 0.58343
815 0.58551
816 0.58760
817 0.58971
818 0.59183
819 0.59397
820 0.59612
821 0.59830
822 0.60049
823 0.60269
824 0.60492
825 0.60716
826 0.60942
827 0.61169
828 0.61398
829 0.61628
830 0.61861
831 0.62095
832 0.62331
833 0.62569
834 0.62809
835 0.63051
836 0.63295
837 0.63541
838 0.63788
839 0.64038
840 0.64289
841 0.64543
842 0.64798
843 0.65056
844 0.65315
845 0.65577
846 0.65840
847 0.66105
848 0.66371
849 0.66640
850 0.66911
851 0.67184
852 0.67460
853 0.67737
854 0.68017
855 0.68299
856 0.68583
857 0.68869
858 0.69158
859 0.69449
860 0.69742
861 0.70038
862 0.70336
863 0.70636
864 0.70939
865 0.71244
866 0.71552
867 0.71862
868 0.72174
869 0.72489
870 0.72807
871 0.73127
872 0.73450
873 0.73775
874 0.74103
875 0.74433
876 0.74767
877 0.75102
878 0.75441
879 0.75782
880 0.76126
881 0.76473
882 0.76823
883 0.77175
884 0.77531
885 0.77889
886 0.78250
887 0.78614
888 0.78981
889 0.79351
890 0.79724
891 0.80100
892 0.80479
893 0.80858
894 0.81241
895 0.81626
896 0.82015
897 0.82407
898 0.82802
899 0.83201
900 0.83603
901 0.84007
902 0.84416
903 0.84827
904 0.85242
905 0.85661
906 0.86083
907 0.86508
908 0.86937
909 0.87369
910 0.87805
911 0.88245
912 0.88593
913 0.89511
914 0.90109
915 0.90515
916 0.90742
917 0.90857
918 0.90984
919 0.91127
920 0.91289
921 0.91476
922 0.91454
923 0.91432
924 0.91654
925 0.91632
926 0.91611
927 0.91882
928 0.91862
929 0.91841
930 0.91821
931 0.92165
932 0.92146
933 0.92126
934 0.92107
935 0.92087
936 0.92068
937 0.92048
938 0.92510
939 0.92492
940 0.92474
941 0.92456
942 0.92438
943 0.92419
944 0.92401
945 0.92383
946 0.92364
947 0.92346
948 0.92328
949 0.92309
950 0.92980
951 0.92964
952 0.92948
953 0.92931
954 0.92915
955 0.92899
956 0.92882
957 0.92866
958 0.92850
959 0.92833
960 0.92817
961 0.92800
962 0.92784
963 0.92767
964 0.92751
965 0.92734
966 0.92718
967 0.92701
968 0.92684
969 0.92668
970 0.92651
971 0.92634
972 0.92618
973 0.93716
974 0.93703
975 0.93690
976 0.93677
977 0.93664
978 0.93651
979 0.93638
980 0.93625
981 0.93612
982 0.93599
983 0.93586
984 0.93572
985 0.93559
986 0.93546
987 0.93533
988 0.93519
989 0.93506
990 0.93493
991 0.93479
992 0.93466
993 0.93453
994 0.93439
995 0.93426
996 0.93412
997 0.93399
998 0.93386
999 0.93372
1000 0.93359
1001 0.93345
1002 0.93331
1003 0.93318
1004 0.93304
1005 0.93291
1006 0.93277
1007 0.93263
1008 0.93250
1009 0.93236
1010 0.93222
1011 0.93209
1012 0.93195
1013 0.93181
1014 0.93167
1015 0.93154
1016 0.93140
1017 0.93126
1018 0.93112
1019 0.93098
1020 0.93084
1021 0.93070
1022 0.93056
1023 0.93042
1024 0.93029
1025 0.93015
1026 0.95260
1027 0.95253
1028 0.95247
1029 0.95240
1030 0.95234
1031 0.95227
1032 0.95221
1033 0.95214
1034 0.95208
1035 0.95201
1036 0.95195
1037 0.95188
1038 0.95182
1039 0.95175
1040 0.95169
1041 0.95162
1042 0.95156
1043 0.95149
1044 0.95143
1045 0.95136
1046 0.95129
1047 0.95123
1048 0.95116
1049 0.95110
1050 0.95103
1051 0.95097
1052 0.95090
1053 0.95084
1054 0.95077
1055 0.95071
1056 0.95064
1057 0.95054
1058 0.95038
1059 0.95022
1060 0.95005
1061 0.94989
1062 0.94972
1063 0.94956
1064 0.94939
1065 0.94923
1066 0.94906
1067 0.94889
1068 0.94873
1069 0.94856
1070 0.94839
1071 0.94822
1072 0.94805
1073 0.94788
1074 0.94772
1075 0.94755
1076 0.94738
1077 0.94720
1078 0.94703
1079 0.94686
1080 0.94669
1081 0.94652
1082 0.94635
1083 0.94617
1084 0.94600
1085 0.94583
1086 0.94565
1087 0.94548
1088 0.94530
1089 0.94513
1090 0.94495
1091 0.94478
1092 0.94460
1093 0.94442
1094 0.94425
1095 0.94407
1096 0.94389
1097 0.94371
1098 0.94353
1099 0.94336
1100 0.94318
1101 0.94300
1102 0.94282
1103 0.94264
1104 0.94245
1105 0.94227
1106 0.94209
1107 0.94191
1108 0.94173
1109 0.94154
1110 0.94136
1111 0.94118
1112 0.94099
1113 0.94081
1114 0.94062
1115 0.94044
1116 0.94025
1117 0.94007
1118 0.93988
1119 0.93969
1120 0.93951
1121 0.93932
1122 0.93913
1123 0.93894
1124 0.93875
1125 0.93856
1126 0.93837
1127 0.93818
1128 0.93799
1129 0.93780
1130 0.93761
1131 0.93742
1132 0.93723
1133 0.93704
1134 0.93684
1135 0.93665
1136 0.93646
1137 0.93626
1138 0.93607
1139 0.93587
1140 0.93568
1141 0.93548
1142 0.93529
1143 0.93509
1144 0.93489
1145 0.93469
1146 0.93450
1147 0.93430
1148 0.93410
1149 0.93390
1150 0.93370
1151 0.93350
1152 0.93330
1153 0.93310
1154 0.93290
1155 0.93270
1156 0.93250
1157 0.93230
1158 0.93209
1159 0.93189
1160 0.93169
1161 0.93148
1162 0.93128
1163 0.93107
1164 0.93087
1165 0.93066
1166 0.93046
1167 0.93025
1168 0.93004
1169 0.92984
1170 0.92963
1171 0.92942
1172 0.92921
1173 0.92901
1174 0.92880
1175 0.92859
1176 0.92838
1177 0.92817
1178 0.92796
1179 0.92774
1180 0.92753
1181 0.92732
1182 0.92711
1183 0.92689
1184 0.92668
1185 0.92647
1186 0.92625
1187 0.92604
1188 0.92582
1189 0.92561
1190 0.92539
1191 0.92518
1192 0.92496
1193 0.92474
1194 0.92453
1195 0.92431
1196 0.92409
1197 0.92387
1198 0.92365
1199 0.92343
1200 0.92321
1201 0.92299
1202 0.92277
1203 0.92255
1204 0.92233
1205 0.92210
1206 0.92188
1207 0.92166
1208 0.92144
1209 0.92121
1210 0.92099
1211 0.92076
1212 0.92054
1213 0.92031
1214 0.92009
1215 0.91986
1216 1.00000
