17 0.91971
18 0.91290
19 0.90597
20 0.89892
21 0.89176
22 0.88449
23 0.87713
24 0.86968
25 0.86215
26 0.85454
27 0.84687
28 0.83914
29 0.83136
30 0.82352
31 0.81564
32 0.80773
33 0.79978
34 0.79180
35 0.78380
36 0.77578
37 0.76774
38 0.75969
39 0.75164
40 0.74358
41 0.73552
42 0.72747
43 0.71942
44 0.71139
45 0.70336
46 0.69536
47 0.68737
48 0.67941
49 0.67147
50 0.66355
51 0.65567
52 0.64782
53 0.64000
54 0.63222
55 0.62447
56 0.61677
57 0.60910
58 0.60148
59 0.59391
60 0.58638
61 0.57890
62 0.57147
63 0.56409
64 0.55676
65 0.54948
66 0.54226
67 0.53509
68 0.52798
69 0.52093
70 0.51393
71 0.50699
72 0.50011
73 0.49330
74 0.48654
75 0.47984
76 0.47321
77 0.46663
78 0.46012
79 0.45368
80 0.44729
81 0.44097
82 0.43472
83 0.42853
84 0.42240
85 0.41634
86 0.41034
87 0.40441
88 0.39854
89 0.39273
90 0.38699
91 0.38132
92 0.37571
93 0.37017
94 0.36469
95 0.35927
96 0.35392
97 0.34863
98 0.34341
99 0.33825
100 0.33315
101 0.32811
102 0.32314
103 0.31823
104 0.31339
105 0.30860
106 0.30388
107 0.29922
108 0.29461
109 0.29007
110 0.28559
111 0.28117
112 0.27680
113 0.27250
114 0.26825
115 0.26406
116 0.25993
117 0.25586
118 0.25184
119 0.24788
120 0.24397
121 0.24011
122 0.23632
123 0.23257
124 0.22888
125 0.22524
126 0.22165
127 0.21812
128 0.21464
129 0.21120
130 0.20782
131 0.20449
132 0.20120
133 0.19797
134 0.19478
135 0.19164
136 0.18855
137 0.18550
138 0.18250
139 0.17954
140 0.17663
141 0.17377
142 0.17094
143 0.16817
144 0.16543
145 0.16273
146 0.16008
147 0.15747
148 0.15490
149 0.15237
150 0.14987
151 0.14742
152 0.14501
153 0.14263
154 0.14029
155 0.13799
156 0.13572
157 0.13349
158 0.13130
159 0.12914
160 0.12702
161 0.12493
162 0.12287
163 0.12085
164 0.11885
165 0.11690
166 0.11497
167 0.11307
168 0.11121
169 0.10937
170 0.10757
171 0.10579
172 0.10405
173 0.10233
174 0.10064
175 0.09898
176 0.09734
177 0.09574
178 0.09416
179 0.09260
180 0.09107
181 0.08957
182 0.08809
183 0.08664
184 0.08521
185 0.08380
186 0.08242
187 0.08106
188 0.07972
189 0.07841
190 0.07712
191 0.07585
192 0.07460
193 0.07337
194 0.07216
195 0.07098
196 0.06981
197 0.06866
198 0.06753
199 0.06643
200 0.06534
201 0.06426
202 0.06321
203 0.06218
204 0.06116
205 0.06016
206 0.05917
207 0.05821
208 0.05726
209 0.05632
210 0.05540
211 0.05450
212 0.05361
213 0.05274
214 0.05188
215 0.05104
216 0.05021
217 0.04940
218 0.04860
219 0.04781
220 0.04704
221 0.04628
222 0.04553
223 0.04480
224 0.04408
225 0.04337
226 0.04267
227 0.04199
228 0.04131
229 0.04065
230 0.04000
231 0.03936
232 0.03873
233 0.03812
234 0.03751
235 0.03691
236 0.03633
237 0.03575
238 0.03518
239 0.03463
240 0.03408
241 0.03354
242 0.03301
243 0.03249
244 0.03198
245 0.03148
246 0.03099
247 0.03050
248 0.03003
249 0.02956
250 0.02910
251 0.02865
252 0.02820
253 0.02776
254 0.02734
255 0.02691
256 0.02650
257 0.02609
258 0.02569
259 0.02529
260 0.02491
261 0.02453
262 0.02415
263 0.02378
264 0.02342
265 0.02307
266 0.02272
267 0.02237
268 0.02204
269 0.02170
270 0.02138
271 0.02106
272 0.02074
273 0.02043
274 0.02013
275 0.01983
276 0.01953
277 0.01924
278 0.01896
279 0.01868
280 0.01840
281 0.01813
282 0.01787
283 0.01761
284 0.01735
285 0.01710
286 0.01685
287 0.01660
288 0.01636
289 0.01613
290 0.01590
291 0.01567
292 0.01544
293 0.01522
294 0.01500
295 0.01479
296 0.01458
297 0.01438
298 0.01417
299 0.01397
300 0.01378
301 0.01358
302 0.01339
303 0.01321
304 0.01302
305 0.01284
306 0.01267
307 0.01249
308 0.01232
309 0.01215
310 0.01198
311 0.01182
312 0.01166
313 0.01150
314 0.01135
315 0.01119
316 0.01104
317 0.01090
318 0.01075
319 0.01061
320 0.01047
321 0.01033
322 0.01019
323 0.01006
324 0.00993
325 0.00980
326 0.00967
327 0.00954
328 0.00942
329 0.00930
330 0.00918
331 0.00906
332 0.00895
333 0.00883
334 0.00872
335 0.00861
336 0.00850
337 0.00840
338 0.00829
339 0.00819
340 0.00809
341 0.00799
342 0.00789
343 0.00779
344 0.00769
345 0.00760
346 0.00751
347 0.00742
348 0.00733
349 0.00724
350 0.00715
351 0.00707
352 0.00699
353 0.00690
354 0.00682
355 0.00674
356 0.00666
357 0.00659
358 0.00651
359 0.00643
360 0.00636
361 0.00629
362 0.00622
363 0.00615
364 0.00608
365 0.00601
366 0.00594
367 0.00587
368 0.00581
369 0.00575
370 0.00568
371 0.00562
372 0.00556
373 0.00550
374 0.00544
375 0.00538
376 0.00532
377 0.00527
378 0.00521
379 0.00516
380 0.00510
381 0.00505
382 0.00500
383 0.00495
384 0.00490
385 0.00485
386 0.00480
387 0.00475
388 0.00470
389 0.00465
390 0.00461
391 0.00456
392 0.00452
393 0.00447
394 0.00443
395 0.00439
396 0.00434
397 0.00430
398 0.00426
399 0.00422
400 0.00418
401 0.00414
402 0.00410
403 0.00407
404 0.00403
405 0.00399
406 0.00396
407 0.00392
408 0.00389
409 0.00385
410 0.00382
411 0.00378
412 0.00375
413 0.00372
414 0.00369
415 0.00365
416 0.00362
417 0.00359
418 0.00356
419 0.00353
420 0.00350
421 0.00347
422 0.00345
423 0.00342
424 0.00339
425 0.00336
426 0.00334
427 0.00331
428 0.00329
429 0.00326
430 0.00323
431 0.00321
432 0.00319
433 0.00316
434 0.00314
435 0.00311
436 0.00309
437 0.00307
438 0.00305
439 0.00302
440 0.00300
441 0.00298
442 0.00296
443 0.00294
444 0.00292
445 0.00290
446 0.00288
447 0.00286
448 0.00284
449 0.00282
450 0.00280
451 0.00279
452 0.00277
453 0.00275
454 0.00273
455 0.00272
456 0.00270
457 0.00268
458 0.00267
459 0.00265
460 0.00263
461 0.00262
462 0.00260
463 0.00259
464 0.00257
465 0.00256
466 0.00254
467 0.00253
468 0.00252
469 0.00250
470 0.00249
471 0.00248
472 0.00246
473 0.00245
474 0.00244
475 0.00243
476 0.00241
477 0.00240
478 0.00239
479 0.00238
480 0.00237
481 0.00236
482 0.00235
483 0.00234
484 0.00233
485 0.00232
486 0.00231
487 0.00230
488 0.00229
489 0.00228
490 0.00227
491 0.00226
492 0.00225
493 0.00224
494 0.00223
495 0.00222
496 0.00222
497 0.00221
498 0.00220
499 0.00219
500 0.00218
501 0.00218
502 0.00217
503 0.00216
504 0.00216
505 0.00215
506 0.00214
507 0.00214
508 0.00213
509 0.00212
510 0.00212
511 0.00211
512 0.00211
513 0.00210
514 0.00210
515 0.00209
516 0.00209
517 0.00208
518 0.00208
519 0.00207
520 0.00207
521 0.00207
522 0.00206
523 0.00206
524 0.00205
525 0.00205
526 0.00205
527 0.00204
528 0.00204
529 0.00204
530 0.00204
531 0.00203
532 0.00203
533 0.00203
534 0.00203
535 0.00202
536 0.00202
537 0.00202
538 0.00202
539 0.00202
540 0.00202
541 0.00202
542 0.00201
543 0.00201
544 0.00201
545 0.00201
546 0.00201
547 0.00201
548 0.00201
549 0.00201
550 0.00201
551 0.00201
552 0.00201
553 0.00201
554 0.00201
555 0.00201
556 0.00202
557 0.00202
558 0.00202
559 0.00202
560 0.00202
561 0.00202
562 0.00202
563 0.00203
564 0.00203
565 0.00203
566 0.00203
567 0.00203
568 0.00204
569 0.00204
570 0.00204
571 0.00204
572 0.00205
573 0.00205
574 0.00205
575 0.00206
576 0.00206
577 0.00206
578 0.00207
579 0.00207
580 0.00208
581 0.00208
582 0.00209
583 0.00209
584 0.00210
585 0.00210
586 0.00211
587 0.00211
588 0.00212
589 0.00212
590 0.00213
591 0.00213
592 0.00214
593 0.00215
594 0.00215
595 0.00216
596 0.00217
597 0.00217
598 0.00218
599 0.00219
600 0.00220
601 0.00220
602 0.00221
603 0.00222
604 0.00223
605 0.00224
606 0.00225
607 0.00226
608 0.00227
609 0.00228
610 0.00228
611 0.00229
612 0.00231
613 0.00232
614 0.00233
615 0.00234
616 0.00235
617 0.00236
618 0.00237
619 0.00238
620 0.00239
621 0.00241
622 0.00242
623 0.00243
624 0.00245
625 0.00246
626 0.00247
627 0.00249
628 0.00250
629 0.00251
630 0.00253
631 0.00254
632 0.00256
633 0.00258
634 0.00259
635 0.00261
636 0.00262
637 0.00264
638 0.00266
639 0.00267
640 0.00269
641 0.00271
642 0.00273
643 0.00275
644 0.00277
645 0.00279
646 0.00281
647 0.00283
648 0.00285
649 0.00287
650 0.00289
651 0.00291
652 0.00293
653 0.00295
654 0.00298
655 0.00300
656 0.00302
657 0.00305
658 0.00307
659 0.00310
660 0.00312
661 0.00315
662 0.00318
663 0.00320
664 0.00323
665 0.00326
666 0.00329
667 0.00332
668 0.00335
669 0.00338
670 0.00341
671 0.00344
672 0.00347
673 0.00350
674 0.00353
675 0.00357
676 0.00360
677 0.00364
678 0.00367
679 0.00371
680 0.00374
681 0.00378
682 0.00382
683 0.00386
684 0.00390
685 0.00394
686 0.00398
687 0.00402
688 0.00406
689 0.00410
690 0.00415
691 0.00419
692 0.00424
693 0.00428
694 0.00433
695 0.00438
696 0.00443
697 0.00448
698 0.00453
699 0.00458
700 0.00463
701 0.00469
702 0.00474
703 0.00480
704 0.00486
705 0.00491
706 0.00497
707 0.00503
708 0.00509
709 0.00516
710 0.00522
711 0.00529
712 0.00535
713 0.00542
714 0.00549
715 0.00556
716 0.00563
717 0.00570
718 0.00578
719 0.00585
720 0.00593
721 0.00601
722 0.00609
723 0.00617
724 0.00626
725 0.00634
726 0.00643
727 0.00652
728 0.00661
729 0.00670
730 0.00680
731 0.00689
732 0.00699
733 0.00709
734 0.00719
735 0.00730
736 0.00740
737 0.00751
738 0.00762
739 0.00774
740 0.00785
741 0.00797
742 0.00809
743 0.00822
744 0.00834
745 0.00847
746 0.00860
747 0.00874
748 0.00887
749 0.00901
750 0.00916
751 0.00930
752 0.00945
753 0.00960
754 0.00976
755 0.00992
756 0.01008
757 0.01025
758 0.01041
759 0.01059
760 0.01077
761 0.01095
762 0.01113
763 0.01132
764 0.01151
765 0.01171
766 0.01191
767 0.01212
768 0.01233
769 0.01255
770 0.01277
771 0.01300
772 0.01323
773 0.01346
774 0.01371
775 0.01395
776 0.01421
777 0.01447
778 0.01473
779 0.01500
780 0.01528
781 0.01557
782 0.01586
783 0.01616
784 0.01646
785 0.01677
786 0.01709
787 0.01742
788 0.01776
789 0.01810
790 0.01845
791 0.01881
792 0.01918
793 0.01956
794 0.01995
795 0.02034
796 0.02075
797 0.02117
798 0.02159
799 0.02203
800 0.02248
801 0.02294
802 0.02341
803 0.02389
804 0.02439
805 0.02490
806 0.02542
807 0.02595
808 0.02650
809 0.02706
810 0.02764
811 0.02823
812 0.02883
813 0.02946
814 0.03009
815 0.03075
816 0.03142
817 0.03211
818 0.03282
819 0.03354
820 0.03429
821 0.03506
822 0.03584
823 0.03665
824 0.03748
825 0.03833
826 0.03920
827 0.04010
828 0.04102
829 0.04196
830 0.04294
831 0.04394
832 0.04496
833 0.04602
834 0.04710
835 0.04821
836 0.04936
837 0.05053
838 0.05174
839 0.05299
840 0.05426
841 0.05558
842 0.05693
843 0.05832
844 0.05975
845 0.06122
846 0.06273
847 0.06428
848 0.06588
849 0.06753
850 0.06922
851 0.07097
852 0.07276
853 0.07461
854 0.07651
855 0.07846
856 0.08047
857 0.08255
858 0.08468
859 0.08688
860 0.08914
861 0.09147
862 0.09387
863 0.09635
864 0.09889
865 0.10152
866 0.10422
867 0.10701
868 0.10988
869 0.11284
870 0.11589
871 0.11903
872 0.12227
873 0.12561
874 0.12906
875 0.13261
876 0.13627
877 0.14005
878 0.14394
879 0.14796
880 0.15210
881 0.15638
882 0.16079
883 0.16534
884 0.17004
885 0.17489
886 0.17989
887 0.18506
888 0.19039
889 0.19589
890 0.20157
891 0.20744
892 0.21350
893 0.21975
894 0.22621
895 0.23289
896 0.23978
897 0.24691
898 0.25427
899 0.26187
900 0.26973
901 0.27785
902 0.28625
903 0.29492
904 0.30389
905 0.31316
906 0.32275
907 0.33266
908 0.34292
909 0.35352
910 0.36448
911 0.37583
912 0.38490
913 0.41023
914 0.42834
915 0.44163
916 0.44936
917 0.45321
918 0.45766
919 0.46288
920 0.46909
921 0.47663
922 0.47526
923 0.47389
924 0.48328
925 0.48192
926 0.48056
927 0.49261
928 0.49127
929 0.48992
930 0.48857
931 0.50467
932 0.50335
933 0.50202
934 0.50069
935 0.49936
936 0.49803
937 0.49670
938 0.51944
939 0.51813
940 0.51683
941 0.51553
942 0.51423
943 0.51292
944 0.51162
945 0.51032
946 0.50901
947 0.50771
948 0.50641
949 0.50510
950 0.53985
951 0.53859
952 0.53733
953 0.53607
954 0.53481
955 0.53355
956 0.53229
957 0.53103
958 0.52977
959 0.52851
960 0.52724
961 0.52598
962 0.52472
963 0.52345
964 0.52219
965 0.52092
966 0.51966
967 0.51839
968 0.51713
969 0.51586
970 0.51460
971 0.51333
972 0.51206
973 0.57223
974 0.57105
975 0.56986
976 0.56868
977 0.56750
978 0.56631
979 0.56513
980 0.56395
981 0.56276
982 0.56157
983 0.56039
984 0.55920
985 0.55801
986 0.55682
987 0.55563
988 0.55444
989 0.55325
990 0.55206
991 0.55087
992 0.54968
993 0.54848
994 0.54729
995 0.54610
996 0.54490
997 0.54371
998 0.54251
999 0.54132
1000 0.54012
1001 0.53892
1002 0.53773
1003 0.53653
1004 0.53533
1005 0.53413
1006 0.53293
1007 0.53174
1008 0.53054
1009 0.52934
1010 0.52814
1011 0.52693
1012 0.52573
1013 0.52453
1014 0.52333
1015 0.52213
1016 0.52093
1017 0.51972
1018 0.51852
1019 0.51732
1020 0.51611
1021 0.51491
1022 0.51370
1023 0.51250
1024 0.51130
1025 0.51009
1026 0.64148
1027 0.64048
1028 0.63948
1029 0.63847
1030 0.63747
1031 0.63647
1032 0.63546
1033 0.63446
1034 0.63345
1035 0.63244
1036 0.63144
1037 0.63043
1038 0.62942
1039 0.62841
1040 0.62739
1041 0.62638
1042 0.62537
1043 0.62435
1044 0.62334
1045 0.62232
1046 0.62130
1047 0.62029
1048 0.61927
1049 0.61825
1050 0.61723
1051 0.61620
1052 0.61518
1053 0.61416
1054 0.61314
1055 0.61211
1056 0.61108
1057 0.61006
1058 0.60903
1059 0.60800
1060 0.60697
1061 0.60594
1062 0.60491
1063 0.60388
1064 0.60285
1065 0.60182
1066 0.60079
1067 0.59975
1068 0.59872
1069 0.59768
1070 0.59664
1071 0.59561
1072 0.59457
1073 0.59353
1074 0.59249
1075 0.59145
1076 0.59041
1077 0.58937
1078 0.58833
1079 0.58729
1080 0.58624
1081 0.58520
1082 0.58415
1083 0.58311
1084 0.58206
1085 0.58102
1086 0.57997
1087 0.57892
1088 0.57787
1089 0.57683
1090 0.57578
1091 0.57473
1092 0.57368
1093 0.57262
1094 0.57157
1095 0.57052
1096 0.56947
1097 0.56841
1098 0.56736
1099 0.56630
1100 0.56525
1101 0.56419
1102 0.56314
1103 0.56208
1104 0.56102
1105 0.55997
1106 0.55891
1107 0.55785
1108 0.55679
1109 0.55573
1110 0.55467
1111 0.55361
1112 0.55255
1113 0.55149
1114 0.55043
1115 0.54936
1116 0.54830
1117 0.54724
1118 0.54617
1119 0.54511
1120 0.54405
1121 0.54298
1122 0.54192
1123 0.54085
1124 0.53978
1125 0.53872
1126 0.53765
1127 0.53658
1128 0.53552
1129 0.53445
1130 0.53338
1131 0.53231
1132 0.53125
1133 0.53018
1134 0.52911
1135 0.52804
1136 0.52697
1137 0.52590
1138 0.52483
1139 0.52376
1140 0.52269
1141 0.52162
1142 0.52054
1143 0.51947
1144 0.51840
1145 0.51733
1146 0.51626
1147 0.51518
1148 0.51411
1149 0.51304
1150 0.51197
1151 0.51089
1152 0.50982
1153 0.50875
1154 0.50767
1155 0.50660
1156 0.50552
1157 0.50445
1158 0.50338
1159 0.50230
1160 0.50123
1161 0.50015
1162 0.49908
1163 0.49800
1164 0.49693
1165 0.49585
1166 0.49478
1167 0.49370
1168 0.49263
1169 0.49155
1170 0.49048
1171 0.48940
1172 0.48833
1173 0.48725
1174 0.48617
1175 0.48510
1176 0.48402
1177 0.48295
1178 0.48187
1179 0.48080
1180 0.47972
1181 0.47865
1182 0.47757
1183 0.47650
1184 0.47542
1185 0.47435
1186 0.47327
1187 0.47220
1188 0.47112
1189 0.47005
1190 0.46897
1191 0.46790
1192 0.46682
1193 0.46575
1194 0.46467
1195 0.46360
1196 0.46253
1197 0.46145
1198 0.46038
1199 0.45931
1200 0.45823
1201 0.45716
1202 0.45609
1203 0.45501
1204 0.45394
1205 0.45287
1206 0.45180
1207 0.45072
1208 0.44965
1209 0.44858
1210 0.44751
1211 0.44644
1212 0.44537
1213 0.44430
1214 0.44323
1215 0.44216
1216 1.00000
