17 0.88192
18 0.87193
19 0.86175
20 0.85142
21 0.84095
22 0.83035
23 0.81964
24 0.80883
25 0.79793
26 0.78696
27 0.77592
28 0.76483
29 0.75371
30 0.74255
31 0.73137
32 0.72018
33 0.70899
34 0.69780
35 0.68663
36 0.67548
37 0.66435
38 0.65327
39 0.64222
40 0.63123
41 0.62029
42 0.60941
43 0.59860
44 0.58786
45 0.57720
46 0.56661
47 0.55611
48 0.54571
49 0.53539
50 0.52517
51 0.51505
52 0.50503
53 0.49512
54 0.48531
55 0.47562
56 0.46604
57 0.45658
58 0.44723
59 0.43800
60 0.42889
61 0.41990
62 0.41104
63 0.40229
64 0.39368
65 0.38519
66 0.37682
67 0.36858
68 0.36047
69 0.35248
70 0.34462
71 0.33689
72 0.32929
73 0.32181
74 0.31446
75 0.30724
76 0.30014
77 0.29317
78 0.28632
79 0.27959
80 0.27299
81 0.26651
82 0.26015
83 0.25392
84 0.24780
85 0.24180
86 0.23592
87 0.23015
88 0.22450
89 0.21896
90 0.21354
91 0.20823
92 0.20302
93 0.19793
94 0.19294
95 0.18806
96 0.18328
97 0.17861
98 0.17404
99 0.16956
100 0.16519
101 0.16091
102 0.15673
103 0.15264
104 0.14865
105 0.14474
106 0.14093
107 0.13720
108 0.13357
109 0.13001
110 0.12654
111 0.12315
112 0.11984
113 0.11661
114 0.11346
115 0.11039
116 0.10739
117 0.10446
118 0.10161
119 0.09882
120 0.09611
121 0.09346
122 0.09088
123 0.08836
124 0.08590
125 0.08351
126 0.08118
127 0.07891
128 0.07670
129 0.07455
130 0.07245
131 0.07040
132 0.06841
133 0.06647
134 0.06458
135 0.06274
136 0.06095
137 0.05921
138 0.05752
139 0.05587
140 0.05426
141 0.05270
142 0.05118
143 0.04970
144 0.04826
145 0.04686
146 0.04550
147 0.04417
148 0.04289
149 0.04163
150 0.04042
151 0.03923
152 0.03808
153 0.03696
154 0.03588
155 0.03482
156 0.03379
157 0.03280
158 0.03183
159 0.03088
160 0.02997
161 0.02908
162 0.02821
163 0.02737
164 0.02656
165 0.02577
166 0.02500
167 0.02425
168 0.02353
169 0.02282
170 0.02214
171 0.02147
172 0.02083
173 0.02020
174 0.01959
175 0.01900
176 0.01843
177 0.01788
178 0.01734
179 0.01681
180 0.01631
181 0.01581
182 0.01533
183 0.01487
184 0.01442
185 0.01398
186 0.01356
187 0.01315
188 0.01275
189 0.01236
190 0.01198
191 0.01162
192 0.01127
193 0.01092
194 0.01059
195 0.01027
196 0.00996
197 0.00965
198 0.00936
199 0.00907
200 0.00880
201 0.00853
202 0.00827
203 0.00801
204 0.00777
205 0.00753
206 0.00730
207 0.00708
208 0.00686
209 0.00665
210 0.00645
211 0.00625
212 0.00606
213 0.00588
214 0.00570
215 0.00552
216 0.00536
217 0.00519
218 0.00503
219 0.00488
220 0.00473
221 0.00459
222 0.00445
223 0.00431
224 0.00418
225 0.00405
226 0.00393
227 0.00381
228 0.00369
229 0.00358
230 0.00347
231 0.00337
232 0.00326
233 0.00316
234 0.00307
235 0.00298
236 0.00289
237 0.00280
238 0.00271
239 0.00263
240 0.00255
241 0.00247
242 0.00240
243 0.00233
244 0.00226
245 0.00219
246 0.00212
247 0.00206
248 0.00200
249 0.00194
250 0.00188
251 0.00182
252 0.00177
253 0.00171
254 0.00166
255 0.00161
256 0.00156
257 0.00152
258 0.00147
259 0.00143
260 0.00139
261 0.00134
262 0.00130
263 0.00127
264 0.00123
265 0.00119
266 0.00116
267 0.00112
268 0.00109
269 0.00106
270 0.00103
271 0.00100
272 0.00097
273 0.00094
274 0.00091
275 0.00088
276 0.00086
277 0.00083
278 0.00081
279 0.00079
280 0.00076
281 0.00074
282 0.00072
283 0.00070
284 0.00068
285 0.00066
286 0.00064
287 0.00062
288 0.00060
289 0.00059
290 0.00057
291 0.00055
292 0.00054
293 0.00052
294 0.00051
295 0.00049
296 0.00048
297 0.00046
298 0.00045
299 0.00044
300 0.00043
301 0.00041
302 0.00040
303 0.00039
304 0.00038
305 0.00037
306 0.00036
307 0.00035
308 0.00034
309 0.00033
310 0.00032
311 0.00031
312 0.00030
313 0.00030
314 0.00029
315 0.00028
316 0.00027
317 0.00026
318 0.00026
319 0.00025
320 0.00024
321 0.00024
322 0.00023
323 0.00022
324 0.00022
325 0.00021
326 0.00021
327 0.00020
328 0.00020
329 0.00019
330 0.00019
331 0.00018
332 0.00018
333 0.00017
334 0.00017
335 0.00016
336 0.00016
337 0.00015
338 0.00015
339 0.00015
340 0.00014
341 0.00014
342 0.00014
343 0.00013
344 0.00013
345 0.00013
346 0.00012
347 0.00012
348 0.00012
349 0.00011
350 0.00011
351 0.00011
352 0.00010
353 0.00010
354 0.00010
355 0.00010
356 0.00009
357 0.00009
358 0.00009
359 0.00009
360 0.00009
361 0.00008
362 0.00008
363 0.00008
364 0.00008
365 0.00008
366 0.00007
367 0.00007
368 0.00007
369 0.00007
370 0.00007
371 0.00007
372 0.00006
373 0.00006
374 0.00006
375 0.00006
376 0.00006
377 0.00006
378 0.00006
379 0.00005
380 0.00005
381 0.00005
382 0.00005
383 0.00005
384 0.00005
385 0.00005
386 0.00005
387 0.00005
388 0.00004
389 0.00004
390 0.00004
391 0.00004
392 0.00004
393 0.00004
394 0.00004
395 0.00004
396 0.00004
397 0.00004
398 0.00004
399 0.00004
400 0.00003
401 0.00003
402 0.00003
403 0.00003
404 0.00003
405 0.00003
406 0.00003
407 0.00003
408 0.00003
409 0.00003
410 0.00003
411 0.00003
412 0.00003
413 0.00003
414 0.00003
415 0.00003
416 0.00002
417 0.00002
418 0.00002
419 0.00002
420 0.00002
421 0.00002
422 0.00002
423 0.00002
424 0.00002
425 0.00002
426 0.00002
427 0.00002
428 0.00002
429 0.00002
430 0.00002
431 0.00002
432 0.00002
433 0.00002
434 0.00002
435 0.00002
436 0.00002
437 0.00002
438 0.00002
439 0.00002
440 0.00002
441 0.00002
442 0.00002
443 0.00002
444 0.00001
445 0.00001
446 0.00001
447 0.00001
448 0.00001
449 0.00001
450 0.00001
451 0.00001
452 0.00001
453 0.00001
454 0.00001
455 0.00001
456 0.00001
457 0.00001
458 0.00001
459 0.00001
460 0.00001
461 0.00001
462 0.00001
463 0.00001
464 0.00001
465 0.00001
466 0.00001
467 0.00001
468 0.00001
469 0.00001
470 0.00001
471 0.00001
472 0.00001
473 0.00001
474 0.00001
475 0.00001
476 0.00001
477 0.00001
478 0.00001
479 0.00001
480 0.00001
481 0.00001
482 0.00001
483 0.00001
484 0.00001
485 0.00001
486 0.00001
487 0.00001
488 0.00001
489 0.00001
490 0.00001
491 0.00001
492 0.00001
493 0.00001
494 0.00001
495 0.00001
496 0.00001
497 0.00001
498 0.00001
499 0.00001
500 0.00001
501 0.00001
502 0.00001
503 0.00001
504 0.00001
505 0.00001
506 0.00001
507 0.00001
508 0.00001
509 0.00001
510 0.00001
511 0.00001
512 0.00001
513 0.00001
514 0.00001
515 0.00001
516 0.00001
517 0.00001
518 0.00001
519 0.00001
520 0.00001
521 0.00001
522 0.00001
523 0.00001
524 0.00001
525 0.00001
526 0.00001
527 0.00001
528 0.00001
529 0.00001
530 0.00001
531 0.00001
532 0.00001
533 0.00001
534 0.00001
535 0.00001
536 0.00001
537 0.00001
538 0.00001
539 0.00001
540 0.00001
541 0.00001
542 0.00001
543 0.00001
544 0.00001
545 0.00001
546 0.00001
547 0.00001
548 0.00001
549 0.00001
550 0.00001
551 0.00001
552 0.00001
553 0.00001
554 0.00001
555 0.00001
556 0.00000
557 0.00000
558 0.00000
559 0.00000
560 0.00000
561 0.00000
562 0.00000
563 0.00000
564 0.00000
565 0.00000
566 0.00000
567 0.00000
568 0.00000
569 0.00000
570 0.00000
571 0.00000
572 0.00000
573 0.00000
574 0.00000
575 0.00000
576 0.00000
577 0.00000
578 0.00000
579 0.00000
580 0.00000
581 0.00000
582 0.00000
583 0.00000
584 0.00000
585 0.00001
586 0.00001
587 0.00001
588 0.00001
589 0.00001
590 0.00001
591 0.00001
592 0.00001
593 0.00001
594 0.00001
595 0.00001
596 0.00001
597 0.00001
598 0.00001
599 0.00001
600 0.00001
601 0.00001
602 0.00001
603 0.00001
604 0.00001
605 0.00001
606 0.00001
607 0.00001
608 0.00001
609 0.00001
610 0.00001
611 0.00001
612 0.00001
613 0.00001
614 0.00001
615 0.00001
616 0.00001
617 0.00001
618 0.00001
619 0.00001
620 0.00001
621 0.00001
622 0.00001
623 0.00001
624 0.00001
625 0.00001
626 0.00001
627 0.00001
628 0.00001
629 0.00001
630 0.00001
631 0.00001
632 0.00001
633 0.00001
634 0.00001
635 0.00001
636 0.00001
637 0.00001
638 0.00001
639 0.00001
640 0.00001
641 0.00001
642 0.00001
643 0.00001
644 0.00001
645 0.00001
646 0.00001
647 0.00001
648 0.00001
649 0.00001
650 0.00001
651 0.00001
652 0.00001
653 0.00001
654 0.00001
655 0.00001
656 0.00001
657 0.00001
658 0.00001
659 0.00001
660 0.00001
661 0.00001
662 0.00001
663 0.00001
664 0.00001
665 0.00001
666 0.00001
667 0.00001
668 0.00001
669 0.00001
670 0.00001
671 0.00001
672 0.00001
673 0.00001
674 0.00001
675 0.00001
676 0.00001
677 0.00001
678 0.00001
679 0.00001
680 0.00001
681 0.00001
682 0.00001
683 0.00001
684 0.00001
685 0.00001
686 0.00002
687 0.00002
688 0.00002
689 0.00002
690 0.00002
691 0.00002
692 0.00002
693 0.00002
694 0.00002
695 0.00002
696 0.00002
697 0.00002
698 0.00002
699 0.00002
700 0.00002
701 0.00002
702 0.00002
703 0.00002
704 0.00002
705 0.00002
706 0.00002
707 0.00002
708 0.00002
709 0.00003
710 0.00003
711 0.00003
712 0.00003
713 0.00003
714 0.00003
715 0.00003
716 0.00003
717 0.00003
718 0.00003
719 0.00003
720 0.00003
721 0.00003
722 0.00004
723 0.00004
724 0.00004
725 0.00004
726 0.00004
727 0.00004
728 0.00004
729 0.00004
730 0.00004
731 0.00005
732 0.00005
733 0.00005
734 0.00005
735 0.00005
736 0.00005
737 0.00005
738 0.00006
739 0.00006
740 0.00006
741 0.00006
742 0.00006
743 0.00006
744 0.00007
745 0.00007
746 0.00007
747 0.00007
748 0.00008
749 0.00008
750 0.00008
751 0.00008
752 0.00009
753 0.00009
754 0.00009
755 0.00010
756 0.00010
757 0.00010
758 0.00011
759 0.00011
760 0.00011
761 0.00012
762 0.00012
763 0.00013
764 0.00013
765 0.00014
766 0.00014
767 0.00015
768 0.00015
769 0.00016
770 0.00016
771 0.00017
772 0.00018
773 0.00018
774 0.00019
775 0.00020
776 0.00020
777 0.00021
778 0.00022
779 0.00023
780 0.00024
781 0.00025
782 0.00026
783 0.00027
784 0.00028
785 0.00029
786 0.00030
787 0.00031
788 0.00033
789 0.00034
790 0.00036
791 0.00037
792 0.00039
793 0.00040
794 0.00042
795 0.00044
796 0.00046
797 0.00048
798 0.00050
799 0.00052
800 0.00054
801 0.00057
802 0.00059
803 0.00062
804 0.00065
805 0.00068
806 0.00071
807 0.00074
808 0.00078
809 0.00081
810 0.00085
811 0.00089
812 0.00093
813 0.00098
814 0.00102
815 0.00107
816 0.00112
817 0.00118
818 0.00124
819 0.00130
820 0.00136
821 0.00143
822 0.00150
823 0.00157
824 0.00165
825 0.00173
826 0.00182
827 0.00191
828 0.00201
829 0.00212
830 0.00223
831 0.00234
832 0.00246
833 0.00259
834 0.00273
835 0.00287
836 0.00302
837 0.00318
838 0.00335
839 0.00354
840 0.00373
841 0.00393
842 0.00414
843 0.00437
844 0.00461
845 0.00486
846 0.00513
847 0.00542
848 0.00573
849 0.00605
850 0.00639
851 0.00675
852 0.00714
853 0.00755
854 0.00798
855 0.00844
856 0.00893
857 0.00945
858 0.01000
859 0.01059
860 0.01122
861 0.01188
862 0.01259
863 0.01335
864 0.01415
865 0.01500
866 0.01591
867 0.01688
868 0.01791
869 0.01901
870 0.02018
871 0.02143
872 0.02276
873 0.02418
874 0.02569
875 0.02731
876 0.02904
877 0.03088
878 0.03285
879 0.03495
880 0.03719
881 0.03959
882 0.04216
883 0.04490
884 0.04783
885 0.05096
886 0.05432
887 0.05791
888 0.06175
889 0.06586
890 0.07026
891 0.07498
892 0.08004
893 0.08545
894 0.09126
895 0.09748
896 0.10416
897 0.11132
898 0.11900
899 0.12725
900 0.13610
901 0.14560
902 0.15581
903 0.16677
904 0.17855
905 0.19121
906 0.20482
907 0.21945
908 0.23519
909 0.25212
910 0.27035
911 0.28996
912 0.30643
913 0.31148
914 0.31732
915 0.32313
916 0.32700
917 0.32887
918 0.33134
919 0.33458
920 0.33884
921 0.34447
922 0.34303
923 0.34159
924 0.34916
925 0.34772
926 0.34628
927 0.35669
928 0.35525
929 0.35382
930 0.35239
931 0.36717
932 0.36574
933 0.36431
934 0.36288
935 0.36146
936 0.36004
937 0.35861
938 0.38066
939 0.37924
940 0.37782
941 0.37641
942 0.37500
943 0.37358
944 0.37217
945 0.37076
946 0.36936
947 0.36795
948 0.36654
949 0.36514
950 0.40054
951 0.39915
952 0.39776
953 0.39636
954 0.39497
955 0.39358
956 0.39219
957 0.39081
958 0.38942
959 0.38803
960 0.38665
961 0.38526
962 0.38388
963 0.38250
964 0.38112
965 0.37974
966 0.37836
967 0.37698
968 0.37560
969 0.37423
970 0.37285
971 0.37148
972 0.37011
973 0.43435
974 0.43300
975 0.43166
976 0.43032
977 0.42897
978 0.42763
979 0.42629
980 0.42495
981 0.42361
982 0.42227
983 0.42093
984 0.41959
985 0.41826
986 0.41692
987 0.41558
988 0.41425
989 0.41291
990 0.41158
991 0.41024
992 0.40891
993 0.40758
994 0.40625
995 0.40491
996 0.40358
997 0.40225
998 0.40093
999 0.39960
1000 0.39827
1001 0.39694
1002 0.39562
1003 0.39429
1004 0.39297
1005 0.39165
1006 0.39032
1007 0.38900
1008 0.38768
1009 0.38636
1010 0.38504
1011 0.38372
1012 0.38241
1013 0.38109
1014 0.37977
1015 0.37846
1016 0.37715
1017 0.37583
1018 0.37452
1019 0.37321
1020 0.37190
1021 0.37059
1022 0.36928
1023 0.36797
1024 0.36667
1025 0.36536
1026 0.51297
1027 0.51177
1028 0.51056
1029 0.50936
1030 0.50816
1031 0.50695
1032 0.50575
1033 0.50454
1034 0.50334
1035 0.50213
1036 0.50093
1037 0.49972
1038 0.49852
1039 0.49731
1040 0.49611
1041 0.49490
1042 0.49370
1043 0.49249
1044 0.49128
1045 0.49008
1046 0.48887
1047 0.48767
1048 0.48646
1049 0.48525
1050 0.48405
1051 0.48284
1052 0.48164
1053 0.48043
1054 0.47922
1055 0.47802
1056 0.47681
1057 0.47561
1058 0.47440
1059 0.47319
1060 0.47199
1061 0.47078
1062 0.46958
1063 0.46837
1064 0.46717
1065 0.46596
1066 0.46476
1067 0.46355
1068 0.46235
1069 0.46114
1070 0.45994
1071 0.45874
1072 0.45753
1073 0.45633
1074 0.45513
1075 0.45392
1076 0.45272
1077 0.45152
1078 0.45032
1079 0.44911
1080 0.44791
1081 0.44671
1082 0.44551
1083 0.44431
1084 0.44311
1085 0.44191
1086 0.44071
1087 0.43951
1088 0.43831
1089 0.43711
1090 0.43592
1091 0.43472
1092 0.43352
1093 0.43232
1094 0.43113
1095 0.42993
1096 0.42874
1097 0.42754
1098 0.42635
1099 0.42515
1100 0.42396
1101 0.42277
1102 0.42157
1103 0.42038
1104 0.41919
1105 0.41800
1106 0.41681
1107 0.41562
1108 0.41443
1109 0.41324
1110 0.41205
1111 0.41086
1112 0.40968
1113 0.40849
1114 0.40731
1115 0.40612
1116 0.40494
1117 0.40375
1118 0.40257
1119 0.40139
1120 0.40020
1121 0.39902
1122 0.39784
1123 0.39666
1124 0.39548
1125 0.39430
1126 0.39313
1127 0.39195
1128 0.39077
1129 0.38960
1130 0.38842
1131 0.38725
1132 0.38607
1133 0.38490
1134 0.38373
1135 0.38256
1136 0.38139
1137 0.38022
1138 0.37905
1139 0.37788
1140 0.37672
1141 0.37555
1142 0.37439
1143 0.37322
1144 0.37206
1145 0.37089
1146 0.36973
1147 0.36857
1148 0.36741
1149 0.36625
1150 0.36509
1151 0.36394
1152 0.36278
1153 0.36162
1154 0.36047
1155 0.35932
1156 0.35816
1157 0.35701
1158 0.35586
1159 0.35471
1160 0.35356
1161 0.35241
1162 0.35127
1163 0.35012
1164 0.34897
1165 0.34783
1166 0.34669
1167 0.34554
1168 0.34440
1169 0.34326
1170 0.34212
1171 0.34099
1172 0.33985
1173 0.33871
1174 0.33758
1175 0.33644
1176 0.33531
1177 0.33418
1178 0.33304
1179 0.33191
1180 0.33079
1181 0.32966
1182 0.32853
1183 0.32740
1184 0.32628
1185 0.32515
1186 0.32403
1187 0.32291
1188 0.32179
1189 0.32067
1190 0.31955
1191 0.31843
1192 0.31731
1193 0.31620
1194 0.31508
1195 0.31397
1196 0.31286
1197 0.31174
1198 0.31063
1199 0.30952
1200 0.30841
1201 0.30731
1202 0.30620
1203 0.30509
1204 0.30399
1205 0.30288
1206 0.30178
1207 0.30068
1208 0.29958
1209 0.29848
1210 0.29738
1211 0.29628
1212 0.29519
1213 0.29409
1214 0.29299
1215 0.29190
1216 1.00000
