17 0.84438
18 0.83154
19 0.81853
20 0.80538
21 0.79211
22 0.77873
23 0.76528
24 0.75176
25 0.73820
26 0.72461
27 0.71101
28 0.69742
29 0.68385
30 0.67031
31 0.65681
32 0.64338
33 0.63001
34 0.61673
35 0.60353
36 0.59044
37 0.57745
38 0.56458
39 0.55184
40 0.53923
41 0.52675
42 0.51442
43 0.50225
44 0.49022
45 0.47836
46 0.46666
47 0.45513
48 0.44377
49 0.43258
50 0.42158
51 0.41075
52 0.40010
53 0.38964
54 0.37936
55 0.36927
56 0.35936
57 0.34964
58 0.34011
59 0.33076
60 0.32160
61 0.31263
62 0.30385
63 0.29525
64 0.28683
65 0.27860
66 0.27055
67 0.26269
68 0.25500
69 0.24748
70 0.24015
71 0.23299
72 0.22600
73 0.21917
74 0.21252
75 0.20603
76 0.19971
77 0.19354
78 0.18754
79 0.18169
80 0.17599
81 0.17044
82 0.16504
83 0.15979
84 0.15468
85 0.14971
86 0.14487
87 0.14017
88 0.13561
89 0.13117
90 0.12686
91 0.12267
92 0.11860
93 0.11466
94 0.11082
95 0.10711
96 0.10350
97 0.10000
98 0.09660
99 0.09331
100 0.09012
101 0.08703
102 0.08403
103 0.08113
104 0.07831
105 0.07559
106 0.07295
107 0.07040
108 0.06792
109 0.06553
110 0.06321
111 0.06097
112 0.05880
113 0.05670
114 0.05467
115 0.05271
116 0.05082
117 0.04898
118 0.04721
119 0.04550
120 0.04384
121 0.04225
122 0.04070
123 0.03921
124 0.03777
125 0.03638
126 0.03504
127 0.03374
128 0.03249
129 0.03128
130 0.03012
131 0.02899
132 0.02791
133 0.02686
134 0.02585
135 0.02488
136 0.02394
137 0.02304
138 0.02217
139 0.02133
140 0.02052
141 0.01974
142 0.01898
143 0.01826
144 0.01756
145 0.01689
146 0.01624
147 0.01562
148 0.01502
149 0.01444
150 0.01388
151 0.01334
152 0.01283
153 0.01233
154 0.01185
155 0.01139
156 0.01095
157 0.01052
158 0.01011
159 0.00971
160 0.00933
161 0.00897
162 0.00862
163 0.00828
164 0.00795
165 0.00764
166 0.00734
167 0.00705
168 0.00677
169 0.00651
170 0.00625
171 0.00600
172 0.00576
173 0.00553
174 0.00532
175 0.00510
176 0.00490
177 0.00471
178 0.00452
179 0.00434
180 0.00417
181 0.00400
182 0.00384
183 0.00369
184 0.00354
185 0.00340
186 0.00326
187 0.00313
188 0.00301
189 0.00289
190 0.00277
191 0.00266
192 0.00255
193 0.00245
194 0.00235
195 0.00226
196 0.00217
197 0.00208
198 0.00200
199 0.00192
200 0.00184
201 0.00177
202 0.00170
203 0.00163
204 0.00156
205 0.00150
206 0.00144
207 0.00138
208 0.00133
209 0.00127
210 0.00122
211 0.00117
212 0.00113
213 0.00108
214 0.00104
215 0.00100
216 0.00096
217 0.00092
218 0.00088
219 0.00084
220 0.00081
221 0.00078
222 0.00075
223 0.00072
224 0.00069
225 0.00066
226 0.00063
227 0.00061
228 0.00058
229 0.00056
230 0.00054
231 0.00052
232 0.00050
233 0.00048
234 0.00046
235 0.00044
236 0.00042
237 0.00041
238 0.00039
239 0.00037
240 0.00036
241 0.00034
242 0.00033
243 0.00032
244 0.00031
245 0.00029
246 0.00028
247 0.00027
248 0.00026
249 0.00025
250 0.00024
251 0.00023
252 0.00022
253 0.00021
254 0.00020
255 0.00020
256 0.00019
257 0.00018
258 0.00017
259 0.00017
260 0.00016
261 0.00015
262 0.00015
263 0.00014
264 0.00014
265 0.00013
266 0.00013
267 0.00012
268 0.00012
269 0.00011
270 0.00011
271 0.00010
272 0.00010
273 0.00010
274 0.00009
275 0.00009
276 0.00009
277 0.00008
278 0.00008
279 0.00008
280 0.00007
281 0.00007
282 0.00007
283 0.00006
284 0.00006
285 0.00006
286 0.00006
287 0.00006
288 0.00005
289 0.00005
290 0.00005
291 0.00005
292 0.00005
293 0.00004
294 0.00004
295 0.00004
296 0.00004
297 0.00004
298 0.00004
299 0.00004
300 0.00003
301 0.00003
302 0.00003
303 0.00003
304 0.00003
305 0.00003
306 0.00003
307 0.00003
308 0.00003
309 0.00002
310 0.00002
311 0.00002
312 0.00002
313 0.00002
314 0.00002
315 0.00002
316 0.00002
317 0.00002
318 0.00002
319 0.00002
320 0.00002
321 0.00002
322 0.00002
323 0.00001
324 0.00001
325 0.00001
326 0.00001
327 0.00001
328 0.00001
329 0.00001
330 0.00001
331 0.00001
332 0.00001
333 0.00001
334 0.00001
335 0.00001
336 0.00001
337 0.00001
338 0.00001
339 0.00001
340 0.00001
341 0.00001
342 0.00001
343 0.00001
344 0.00001
345 0.00001
346 0.00001
347 0.00001
348 0.00001
349 0.00001
350 0.00001
351 0.00001
352 0.00001
353 0.00001
354 0.00001
355 0.00000
356 0.00000
357 0.00000
358 0.00000
359 0.00000
360 0.00000
361 0.00000
362 0.00000
363 0.00000
364 0.00000
365 0.00000
366 0.00000
367 0.00000
368 0.00000
369 0.00000
370 0.00000
371 0.00000
372 0.00000
373 0.00000
374 0.00000
375 0.00000
376 0.00000
377 0.00000
378 0.00000
379 0.00000
380 0.00000
381 0.00000
382 0.00000
383 0.00000
384 0.00000
385 0.00000
386 0.00000
387 0.00000
388 0.00000
389 0.00000
390 0.00000
391 0.00000
392 0.00000
393 0.00000
394 0.00000
395 0.00000
396 0.00000
397 0.00000
398 0.00000
399 0.00000
400 0.00000
401 0.00000
402 0.00000
403 0.00000
404 0.00000
405 0.00000
406 0.00000
407 0.00000
408 0.00000
409 0.00000
410 0.00000
411 0.00000
412 0.00000
413 0.00000
414 0.00000
415 0.00000
416 0.00000
417 0.00000
418 0.00000
419 0.00000
420 0.00000
421 0.00000
422 0.00000
423 0.00000
424 0.00000
425 0.00000
426 0.00000
427 0.00000
428 0.00000
429 0.00000
430 0.00000
431 0.00000
432 0.00000
433 0.00000
434 0.00000
435 0.00000
436 0.00000
437 0.00000
438 0.00000
439 0.00000
440 0.00000
441 0.00000
442 0.00000
443 0.00000
444 0.00000
445 0.00000
446 0.00000
447 0.00000
448 0.00000
449 0.00000
450 0.00000
451 0.00000
452 0.00000
453 0.00000
454 0.00000
455 0.00000
456 0.00000
457 0.00000
458 0.00000
459 0.00000
460 0.00000
461 0.00000
462 0.00000
463 0.00000
464 0.00000
465 0.00000
466 0.00000
467 0.00000
468 0.00000
469 0.00000
470 0.00000
471 0.00000
472 0.00000
473 0.00000
474 0.00000
475 0.00000
476 0.00000
477 0.00000
478 0.00000
479 0.00000
480 0.00000
481 0.00000
482 0.00000
483 0.00000
484 0.00000
485 0.00000
486 0.00000
487 0.00000
488 0.00000
489 0.00000
490 0.00000
491 0.00000
492 0.00000
493 0.00000
494 0.00000
495 0.00000
496 0.00000
497 0.00000
498 0.00000
499 0.00000
500 0.00000
501 0.00000
502 0.00000
503 0.00000
504 0.00000
505 0.00000
506 0.00000
507 0.00000
508 0.00000
509 0.00000
510 0.00000
511 0.00000
512 0.00000
513 0.00000
514 0.00000
515 0.00000
516 0.00000
517 0.00000
518 0.00000
519 0.00000
520 0.00000
521 0.00000
522 0.00000
523 0.00000
524 0.00000
525 0.00000
526 0.00000
527 0.00000
528 0.00000
529 0.00000
530 0.00000
531 0.00000
532 0.00000
533 0.00000
534 0.00000
535 0.00000
536 0.00000
537 0.00000
538 0.00000
539 0.00000
540 0.00000
541 0.00000
542 0.00000
543 0.00000
544 0.00000
545 0.00000
546 0.00000
547 0.00000
548 0.00000
549 0.00000
550 0.00000
551 0.00000
552 0.00000
553 0.00000
554 0.00000
555 0.00000
556 0.00000
557 0.00000
558 0.00000
559 0.00000
560 0.00000
561 0.00000
562 0.00000
563 0.00000
564 0.00000
565 0.00000
566 0.00000
567 0.00000
568 0.00000
569 0.00000
570 0.00000
571 0.00000
572 0.00000
573 0.00000
574 0.00000
575 0.00000
576 0.00000
577 0.00000
578 0.00000
579 0.00000
580 0.00000
581 0.00000
582 0.00000
583 0.00000
584 0.00000
585 0.00000
586 0.00000
587 0.00000
588 0.00000
589 0.00000
590 0.00000
591 0.00000
592 0.00000
593 0.00000
594 0.00000
595 0.00000
596 0.00000
597 0.00000
598 0.00000
599 0.00000
600 0.00000
601 0.00000
602 0.00000
603 0.00000
604 0.00000
605 0.00000
606 0.00000
607 0.00000
608 0.00000
609 0.00000
610 0.00000
611 0.00000
612 0.00000
613 0.00000
614 0.00000
615 0.00000
616 0.00000
617 0.00000
618 0.00000
619 0.00000
620 0.00000
621 0.00000
622 0.00000
623 0.00000
624 0.00000
625 0.00000
626 0.00000
627 0.00000
628 0.00000
629 0.00000
630 0.00000
631 0.00000
632 0.00000
633 0.00000
634 0.00000
635 0.00000
636 0.00000
637 0.00000
638 0.00000
639 0.00000
640 0.00000
641 0.00000
642 0.00000
643 0.00000
644 0.00000
645 0.00000
646 0.00000
647 0.00000
648 0.00000
649 0.00000
650 0.00000
651 0.00000
652 0.00000
653 0.00000
654 0.00000
655 0.00000
656 0.00000
657 0.00000
658 0.00000
659 0.00000
660 0.00000
661 0.00000
662 0.00000
663 0.00000
664 0.00000
665 0.00000
666 0.00000
667 0.00000
668 0.00000
669 0.00000
670 0.00000
671 0.00000
672 0.00000
673 0.00000
674 0.00000
675 0.00000
676 0.00000
677 0.00000
678 0.00000
679 0.00000
680 0.00000
681 0.00000
682 0.00000
683 0.00000
684 0.00000
685 0.00000
686 0.00000
687 0.00000
688 0.00000
689 0.00000
690 0.00000
691 0.00000
692 0.00000
693 0.00000
694 0.00000
695 0.00000
696 0.00000
697 0.00000
698 0.00000
699 0.00000
700 0.00000
701 0.00000
702 0.00000
703 0.00000
704 0.00000
705 0.00000
706 0.00000
707 0.00000
708 0.00000
709 0.00000
710 0.00000
711 0.00000
712 0.00000
713 0.00000
714 0.00000
715 0.00000
716 0.00000
717 0.00000
718 0.00000
719 0.00000
720 0.00000
721 0.00000
722 0.00000
723 0.00000
724 0.00000
725 0.00000
726 0.00000
727 0.00000
728 0.00000
729 0.00000
730 0.00000
731 0.00000
732 0.00000
733 0.00000
734 0.00000
735 0.00000
736 0.00000
737 0.00000
738 0.00000
739 0.00000
740 0.00000
741 0.00000
742 0.00000
743 0.00000
744 0.00000
745 0.00000
746 0.00000
747 0.00000
748 0.00000
749 0.00000
750 0.00000
751 0.00000
752 0.00000
753 0.00000
754 0.00000
755 0.00000
756 0.00001
757 0.00001
758 0.00001
759 0.00001
760 0.00001
761 0.00001
762 0.00001
763 0.00001
764 0.00001
765 0.00001
766 0.00001
767 0.00001
768 0.00001
769 0.00001
770 0.00001
771 0.00001
772 0.00001
773 0.00001
774 0.00001
775 0.00001
776 0.00001
777 0.00001
778 0.00001
779 0.00002
780 0.00002
781 0.00002
782 0.00002
783 0.00002
784 0.00002
785 0.00002
786 0.00002
787 0.00002
788 0.00002
789 0.00003
790 0.00003
791 0.00003
792 0.00003
793 0.00003
794 0.00003
795 0.00004
796 0.00004
797 0.00004
798 0.00004
799 0.00004
800 0.00005
801 0.00005
802 0.00005
803 0.00006
804 0.00006
805 0.00006
806 0.00007
807 0.00007
808 0.00007
809 0.00008
810 0.00008
811 0.00009
812 0.00009
813 0.00010
814 0.00011
815 0.00011
816 0.00012
817 0.00013
818 0.00014
819 0.00014
820 0.00015
821 0.00016
822 0.00017
823 0.00019
824 0.00020
825 0.00021
826 0.00023
827 0.00024
828 0.00026
829 0.00027
830 0.00029
831 0.00031
832 0.00033
833 0.00036
834 0.00038
835 0.00041
836 0.00044
837 0.00047
838 0.00050
839 0.00054
840 0.00057
841 0.00061
842 0.00066
843 0.00071
844 0.00076
845 0.00081
846 0.00087
847 0.00093
848 0.00100
849 0.00108
850 0.00116
851 0.00124
852 0.00134
853 0.00144
854 0.00155
855 0.00166
856 0.00179
857 0.00193
858 0.00207
859 0.00223
860 0.00241
861 0.00259
862 0.00280
863 0.00302
864 0.00325
865 0.00351
866 0.00379
867 0.00409
868 0.00442
869 0.00478
870 0.00516
871 0.00558
872 0.00604
873 0.00653
874 0.00707
875 0.00765
876 0.00828
877 0.00897
878 0.00972
879 0.01054
880 0.01142
881 0.01239
882 0.01344
883 0.01458
884 0.01583
885 0.01719
886 0.01867
887 0.02028
888 0.02204
889 0.02396
890 0.02606
891 0.02834
892 0.03084
893 0.03357
894 0.03655
895 0.03981
896 0.04337
897 0.04726
898 0.05152
899 0.05618
900 0.06128
901 0.06686
902 0.07298
903 0.07967
904 0.08701
905 0.09505
906 0.10387
907 0.11354
908 0.12415
909 0.13579
910 0.14857
911 0.16260
912 0.17453
913 0.17893
914 0.18408
915 0.18927
916 0.19272
917 0.19437
918 0.19657
919 0.19950
920 0.20340
921 0.20861
922 0.20720
923 0.20579
924 0.21286
925 0.21145
926 0.21003
927 0.21986
928 0.21844
929 0.21702
930 0.21561
931 0.22976
932 0.22833
933 0.22691
934 0.22549
935 0.22406
936 0.22264
937 0.22122
938 0.24264
939 0.24121
940 0.23979
941 0.23836
942 0.23694
943 0.23552
944 0.23410
945 0.23267
946 0.23125
947 0.22983
948 0.22842
949 0.22700
950 0.26203
951 0.26061
952 0.25919
953 0.25777
954 0.25635
955 0.25493
956 0.25352
957 0.25210
958 0.25068
959 0.24927
960 0.24785
961 0.24644
962 0.24502
963 0.24361
964 0.24220
965 0.24079
966 0.23938
967 0.23797
968 0.23656
969 0.23515
970 0.23374
971 0.23233
972 0.23092
973 0.29604
974 0.29465
975 0.29325
976 0.29186
977 0.29047
978 0.28907
979 0.28768
980 0.28629
981 0.28490
982 0.28351
983 0.28212
984 0.28073
985 0.27934
986 0.27795
987 0.27656
988 0.27518
989 0.27379
990 0.27240
991 0.27101
992 0.26963
993 0.26824
994 0.26686
995 0.26547
996 0.26408
997 0.26270
998 0.26131
999 0.25993
1000 0.25854
1001 0.25716
1002 0.25577
1003 0.25439
1004 0.25300
1005 0.25162
1006 0.25023
1007 0.24885
1008 0.24746
1009 0.24608
1010 0.24469
1011 0.24331
1012 0.24192
1013 0.24054
1014 0.23915
1015 0.23777
1016 0.23638
1017 0.23500
1018 0.23361
1019 0.23223
1020 0.23084
1021 0.22946
1022 0.22807
1023 0.22668
1024 0.22530
1025 0.22391
1026 0.37914
1027 0.37784
1028 0.37655
1029 0.37525
1030 0.37396
1031 0.37267
1032 0.37138
1033 0.37009
1034 0.36880
1035 0.36752
1036 0.36623
1037 0.36495
1038 0.36366
1039 0.36238
1040 0.36110
1041 0.35982
1042 0.35854
1043 0.35726
1044 0.35599
1045 0.35471
1046 0.35344
1047 0.35216
1048 0.35089
1049 0.34962
1050 0.34835
1051 0.34708
1052 0.34581
1053 0.34455
1054 0.34328
1055 0.34202
1056 0.34076
1057 0.33950
1058 0.33824
1059 0.33698
1060 0.33572
1061 0.33446
1062 0.33321
1063 0.33196
1064 0.33070
1065 0.32945
1066 0.32820
1067 0.32695
1068 0.32571
1069 0.32446
1070 0.32321
1071 0.32197
1072 0.32073
1073 0.31949
1074 0.31825
1075 0.31701
1076 0.31577
1077 0.31454
1078 0.31330
1079 0.31207
1080 0.31083
1081 0.30960
1082 0.30837
1083 0.30715
1084 0.30592
1085 0.30469
1086 0.30347
1087 0.30224
1088 0.30102
1089 0.29980
1090 0.29858
1091 0.29736
1092 0.29614
1093 0.29493
1094 0.29371
1095 0.29250
1096 0.29128
1097 0.29007
1098 0.28886
1099 0.28765
1100 0.28644
1101 0.28523
1102 0.28403
1103 0.28282
1104 0.28162
1105 0.28041
1106 0.27921
1107 0.27801
1108 0.27681
1109 0.27561
1110 0.27441
1111 0.27321
1112 0.27202
1113 0.27082
1114 0.26963
1115 0.26843
1116 0.26724
1117 0.26605
1118 0.26486
1119 0.26367
1120 0.26247
1121 0.26129
1122 0.26010
1123 0.25891
1124 0.25772
1125 0.25653
1126 0.25535
1127 0.25416
1128 0.25298
1129 0.25179
1130 0.25061
1131 0.24942
1132 0.24824
1133 0.24706
1134 0.24587
1135 0.24469
1136 0.24351
1137 0.24233
1138 0.24114
1139 0.23996
1140 0.23878
1141 0.23760
1142 0.23642
1143 0.23523
1144 0.23405
1145 0.23287
1146 0.23169
1147 0.23051
1148 0.22932
1149 0.22814
1150 0.22696
1151 0.22577
1152 0.22459
1153 0.22341
1154 0.22222
1155 0.22104
1156 0.21985
1157 0.21867
1158 0.21748
1159 0.21629
1160 0.21510
1161 0.21392
1162 0.21273
1163 0.21154
1164 0.21034
1165 0.20915
1166 0.20796
1167 0.20677
1168 0.20557
1169 0.20437
1170 0.20318
1171 0.20198
1172 0.20078
1173 0.19958
1174 0.19838
1175 0.19718
1176 0.19597
1177 0.19477
1178 0.19356
1179 0.19235
1180 0.19114
1181 0.18993
1182 0.18872
1183 0.18751
1184 0.18629
1185 0.18507
1186 0.18386
1187 0.18264
1188 0.18142
1189 0.18020
1190 0.17897
1191 0.17775
1192 0.17652
1193 0.17529
1194 0.17406
1195 0.17283
1196 0.17160
1197 0.17037
1198 0.16913
1199 0.16790
1200 0.16666
1201 0.16542
1202 0.16418
1203 0.16294
1204 0.16170
1205 0.16046
1206 0.15921
1207 0.15797
1208 0.15672
1209 0.15547
1210 0.15422
1211 0.15298
1212 0.15173
1213 0.15048
1214 0.14923
1215 0.14798
1216 1.00000
