17 0.98664
18 0.98541
19 0.98414
20 0.98284
21 0.98151
22 0.98014
23 0.97873
24 0.97730
25 0.97583
26 0.97433
27 0.97280
28 0.97124
29 0.96966
30 0.96805
31 0.96640
32 0.96474
33 0.96304
34 0.96132
35 0.95958
36 0.95781
37 0.95602
38 0.95420
39 0.95236
40 0.95050
41 0.94862
42 0.94671
43 0.94479
44 0.94284
45 0.94088
46 0.93889
47 0.93689
48 0.93486
49 0.93282
50 0.93076
51 0.92869
52 0.92659
53 0.92448
54 0.92235
55 0.92021
56 0.91805
57 0.91588
58 0.91369
59 0.91149
60 0.90927
61 0.90704
62 0.90479
63 0.90254
64 0.90026
65 0.89798
66 0.89569
67 0.89338
68 0.89106
69 0.88873
70 0.88639
71 0.88404
72 0.88167
73 0.87930
74 0.87692
75 0.87453
76 0.87212
77 0.86971
78 0.86729
79 0.86487
80 0.86243
81 0.85999
82 0.85754
83 0.85508
84 0.85261
85 0.85014
86 0.84766
87 0.84517
88 0.84268
89 0.84018
90 0.83768
91 0.83517
92 0.83265
93 0.83013
94 0.82761
95 0.82508
96 0.82255
97 0.82001
98 0.81747
99 0.81492
100 0.81237
101 0.80982
102 0.80726
103 0.80470
104 0.80214
105 0.79958
106 0.79701
107 0.79444
108 0.79187
109 0.78930
110 0.78672
111 0.78415
112 0.78157
113 0.77899
114 0.77641
115 0.77383
116 0.77125
117 0.76867
118 0.76609
119 0.76351
120 0.76092
121 0.75834
122 0.75576
123 0.75318
124 0.75060
125 0.74802
126 0.74544
127 0.74286
128 0.74029
129 0.73771
130 0.73514
131 0.73256
132 0.72999
133 0.72742
134 0.72486
135 0.72229
136 0.71973
137 0.71717
138 0.71461
139 0.71206
140 0.70951
141 0.70696
142 0.70441
143 0.70187
144 0.69933
145 0.69679
146 0.69426
147 0.69173
148 0.68920
149 0.68668
150 0.68416
151 0.68164
152 0.67913
153 0.67662
154 0.67412
155 0.67162
156 0.66913
157 0.66664
158 0.66415
159 0.66167
160 0.65920
161 0.65673
162 0.65426
163 0.65180
164 0.64934
165 0.64689
166 0.64445
167 0.64201
168 0.63957
169 0.63714
170 0.63472
171 0.63230
172 0.62989
173 0.62748
174 0.62508
175 0.62268
176 0.62029
177 0.61791
178 0.61553
179 0.61316
180 0.61080
181 0.60844
182 0.60608
183 0.60374
184 0.60140
185 0.59906
186 0.59674
187 0.59441
188 0.59210
189 0.58979
190 0.58749
191 0.58520
192 0.58291
193 0.58063
194 0.57836
195 0.57609
196 0.57383
197 0.57158
198 0.56933
199 0.56709
200 0.56486
201 0.56264
202 0.56042
203 0.55821
204 0.55600
205 0.55381
206 0.55162
207 0.54944
208 0.54726
209 0.54510
210 0.54294
211 0.54079
212 0.53864
213 0.53651
214 0.53438
215 0.53226
216 0.53014
217 0.52803
218 0.52594
219 0.52384
220 0.52176
221 0.51969
222 0.51762
223 0.51556
224 0.51350
225 0.51146
226 0.50942
227 0.50739
228 0.50537
229 0.50335
230 0.50135
231 0.49935
232 0.49736
233 0.49538
234 0.49340
235 0.49143
236 0.48947
237 0.48752
238 0.48558
239 0.48364
240 0.48172
241 0.47980
242 0.47788
243 0.47598
244 0.47408
245 0.47220
246 0.47031
247 0.46844
248 0.46658
249 0.46472
250 0.46287
251 0.46103
252 0.45920
253 0.45737
254 0.45556
255 0.45375
256 0.45195
257 0.45015
258 0.44837
259 0.44659
260 0.44482
261 0.44306
262 0.44130
263 0.43956
264 0.43782
265 0.43609
266 0.43437
267 0.43265
268 0.43095
269 0.42925
270 0.42756
271 0.42588
272 0.42420
273 0.42253
274 0.42087
275 0.41922
276 0.41758
277 0.41594
278 0.41431
279 0.41269
280 0.41108
281 0.40947
282 0.40788
283 0.40629
284 0.40470
285 0.40313
286 0.40156
287 0.40001
288 0.39845
289 0.39691
290 0.39537
291 0.39385
292 0.39232
293 0.39081
294 0.38931
295 0.38781
296 0.38632
297 0.38483
298 0.38336
299 0.38189
300 0.38043
301 0.37898
302 0.37753
303 0.37609
304 0.37466
305 0.37324
306 0.37182
307 0.37041
308 0.36901
309 0.36762
310 0.36623
311 0.36485
312 0.36348
313 0.36212
314 0.36076
315 0.35941
316 0.35806
317 0.35673
318 0.35540
319 0.35408
320 0.35276
321 0.35146
322 0.35016
323 0.34886
324 0.34758
325 0.34630
326 0.34502
327 0.34376
328 0.34250
329 0.34125
330 0.34001
331 0.33877
332 0.33754
333 0.33631
334 0.33510
335 0.33389
336 0.33268
337 0.33149
338 0.33030
339 0.32912
340 0.32794
341 0.32677
342 0.32561
343 0.32445
344 0.32330
345 0.32216
346 0.32102
347 0.31990
348 0.31877
349 0.31766
350 0.31655
351 0.31544
352 0.31435
353 0.31326
354 0.31217
355 0.31109
356 0.31002
357 0.30896
358 0.30790
359 0.30685
360 0.30580
361 0.30476
362 0.30373
363 0.30271
364 0.30168
365 0.30067
366 0.29966
367 0.29866
368 0.29767
369 0.29668
370 0.29569
371 0.29472
372 0.29374
373 0.29278
374 0.29182
375 0.29087
376 0.28992
377 0.28898
378 0.28804
379 0.28711
380 0.28619
381 0.28527
382 0.28436
383 0.28346
384 0.28256
385 0.28166
386 0.28078
387 0.27989
388 0.27902
389 0.27815
390 0.27728
391 0.27642
392 0.27557
393 0.27472
394 0.27388
395 0.27304
396 0.27221
397 0.27138
398 0.27056
399 0.26975
400 0.26894
401 0.26814
402 0.26734
403 0.26655
404 0.26576
405 0.26498
406 0.26420
407 0.26343
408 0.26267
409 0.26191
410 0.26115
411 0.26041
412 0.25966
413 0.25892
414 0.25819
415 0.25746
416 0.25674
417 0.25602
418 0.25531
419 0.25460
420 0.25390
421 0.25320
422 0.25251
423 0.25183
424 0.25115
425 0.25047
426 0.24980
427 0.24913
428 0.24847
429 0.24781
430 0.24716
431 0.24652
432 0.24588
433 0.24524
434 0.24461
435 0.24398
436 0.24336
437 0.24275
438 0.24214
439 0.24153
440 0.24093
441 0.24033
442 0.23974
443 0.23915
444 0.23857
445 0.23799
446 0.23742
447 0.23685
448 0.23629
449 0.23573
450 0.23518
451 0.23463
452 0.23408
453 0.23354
454 0.23301
455 0.23248
456 0.23195
457 0.23143
458 0.23092
459 0.23040
460 0.22990
461 0.22939
462 0.22890
463 0.22840
464 0.22791
465 0.22743
466 0.22695
467 0.22647
468 0.22600
469 0.22554
470 0.22508
471 0.22462
472 0.22417
473 0.22372
474 0.22327
475 0.22283
476 0.22240
477 0.22197
478 0.22154
479 0.22112
480 0.22070
481 0.22029
482 0.21988
483 0.21948
484 0.21908
485 0.21868
486 0.21829
487 0.21790
488 0.21752
489 0.21714
490 0.21677
491 0.21640
492 0.21603
493 0.21567
494 0.21531
495 0.21496
496 0.21461
497 0.21427
498 0.21393
499 0.21359
500 0.21326
501 0.21293
502 0.21261
503 0.21229
504 0.21198
505 0.21167
506 0.21136
507 0.21106
508 0.21076
509 0.21047
510 0.21018
511 0.20989
512 0.20961
513 0.20933
514 0.20906
515 0.20879
516 0.20853
517 0.20827
518 0.20801
519 0.20776
520 0.20751
521 0.20727
522 0.20703
523 0.20679
524 0.20656
525 0.20633
526 0.20611
527 0.20589
528 0.20567
529 0.20546
530 0.20526
531 0.20505
532 0.20486
533 0.20466
534 0.20447
535 0.20429
536 0.20410
537 0.20393
538 0.20375
539 0.20358
540 0.20342
541 0.20326
542 0.20310
543 0.20294
544 0.20280
545 0.20265
546 0.20251
547 0.20237
548 0.20224
549 0.20211
550 0.20199
551 0.20187
552 0.20175
553 0.20164
554 0.20153
555 0.20143
556 0.20133
557 0.20124
558 0.20115
559 0.20106
560 0.20098
561 0.20090
562 0.20082
563 0.20075
564 0.20069
565 0.20063
566 0.20057
567 0.20052
568 0.20047
569 0.20043
570 0.20038
571 0.20035
572 0.20032
573 0.20029
574 0.20027
575 0.20025
576 0.20023
577 0.20022
578 0.20022
579 0.20022
580 0.20022
581 0.20023
582 0.20024
583 0.20026
584 0.20028
585 0.20030
586 0.20033
587 0.20036
588 0.20040
589 0.20045
590 0.20049
591 0.20054
592 0.20060
593 0.20066
594 0.20073
595 0.20080
596 0.20087
597 0.20095
598 0.20103
599 0.20112
600 0.20122
601 0.20131
602 0.20141
603 0.20152
604 0.20163
605 0.20175
606 0.20187
607 0.20200
608 0.20213
609 0.20226
610 0.20240
611 0.20255
612 0.20270
613 0.20285
614 0.20301
615 0.20318
616 0.20335
617 0.20352
618 0.20370
619 0.20389
620 0.20407
621 0.20427
622 0.20447
623 0.20467
624 0.20488
625 0.20510
626 0.20532
627 0.20555
628 0.20578
629 0.20601
630 0.20625
631 0.20650
632 0.20675
633 0.20701
634 0.20727
635 0.20754
636 0.20782
637 0.20810
638 0.20838
639 0.20867
640 0.20897
641 0.20927
642 0.20958
643 0.20989
644 0.21021
645 0.21054
646 0.21087
647 0.21120
648 0.21155
649 0.21189
650 0.21225
651 0.21261
652 0.21298
653 0.21335
654 0.21373
655 0.21411
656 0.21450
657 0.21490
658 0.21530
659 0.21571
660 0.21613
661 0.21655
662 0.21698
663 0.21742
664 0.21786
665 0.21831
666 0.21877
667 0.21923
668 0.21970
669 0.22018
670 0.22066
671 0.22115
672 0.22165
673 0.22215
674 0.22266
675 0.22318
676 0.22371
677 0.22424
678 0.22478
679 0.22533
680 0.22588
681 0.22644
682 0.22701
683 0.22759
684 0.22818
685 0.22877
686 0.22937
687 0.22998
688 0.23060
689 0.23122
690 0.23186
691 0.23250
692 0.23315
693 0.23380
694 0.23447
695 0.23514
696 0.23583
697 0.23652
698 0.23722
699 0.23793
700 0.23865
701 0.23937
702 0.24011
703 0.24085
704 0.24161
705 0.24237
706 0.24314
707 0.24393
708 0.24472
709 0.24552
710 0.24633
711 0.24715
712 0.24798
713 0.24882
714 0.24967
715 0.25053
716 0.25140
717 0.25228
718 0.25317
719 0.25408
720 0.25499
721 0.25591
722 0.25685
723 0.25779
724 0.25875
725 0.25972
726 0.26070
727 0.26169
728 0.26269
729 0.26370
730 0.26473
731 0.26576
732 0.26681
733 0.26787
734 0.26895
735 0.27003
736 0.27113
737 0.27224
738 0.27337
739 0.27450
740 0.27565
741 0.27682
742 0.27799
743 0.27918
744 0.28038
745 0.28160
746 0.28283
747 0.28408
748 0.28534
749 0.28661
750 0.28790
751 0.28920
752 0.29052
753 0.29185
754 0.29320
755 0.29456
756 0.29594
757 0.29734
758 0.29875
759 0.30017
760 0.30162
761 0.30308
762 0.30455
763 0.30604
764 0.30755
765 0.30908
766 0.31062
767 0.31218
768 0.31376
769 0.31536
770 0.31698
771 0.31861
772 0.32026
773 0.32193
774 0.32362
775 0.32533
776 0.32706
777 0.32881
778 0.33058
779 0.33237
780 0.33418
781 0.33601
782 0.33786
783 0.33973
784 0.34163
785 0.34354
786 0.34548
787 0.34744
788 0.34942
789 0.35143
790 0.35346
791 0.35551
792 0.35759
793 0.35969
794 0.36181
795 0.36396
796 0.36613
797 0.36833
798 0.37055
799 0.37280
800 0.37508
801 0.37738
802 0.37971
803 0.38207
804 0.38445
805 0.38686
806 0.38930
807 0.39177
808 0.39427
809 0.39679
810 0.39935
811 0.40194
812 0.40455
813 0.40720
814 0.40988
815 0.41259
816 0.41533
817 0.41811
818 0.42092
819 0.42376
820 0.42664
821 0.42955
822 0.43249
823 0.43547
824 0.43849
825 0.44154
826 0.44462
827 0.44775
828 0.45091
829 0.45410
830 0.45734
831 0.46061
832 0.46392
833 0.46728
834 0.47067
835 0.47410
836 0.47757
837 0.48109
838 0.48465
839 0.48825
840 0.49189
841 0.49558
842 0.49931
843 0.50309
844 0.50692
845 0.51079
846 0.51471
847 0.51868
848 0.52269
849 0.52676
850 0.53087
851 0.53504
852 0.53926
853 0.54353
854 0.54785
855 0.55223
856 0.55666
857 0.56115
858 0.56570
859 0.57030
860 0.57496
861 0.57967
862 0.58445
863 0.58928
864 0.59418
865 0.59914
866 0.60416
867 0.60925
868 0.61440
869 0.61962
870 0.62491
871 0.63026
872 0.63569
873 0.64118
874 0.64675
875 0.65239
876 0.65810
877 0.66389
878 0.66975
879 0.67569
880 0.68170
881 0.68778
882 0.69395
883 0.70019
884 0.70652
885 0.71294
886 0.71944
887 0.72602
888 0.73269
889 0.73945
890 0.74631
891 0.75325
892 0.76029
893 0.76742
894 0.77465
895 0.78198
896 0.78940
897 0.79693
898 0.80456
899 0.81229
900 0.82013
901 0.82808
902 0.83613
903 0.84430
904 0.85258
905 0.86097
906 0.86948
907 0.87810
908 0.88685
909 0.89572
910 0.90471
911 0.91383
912 0.92118
913 0.92212
914 0.92318
915 0.92422
916 0.92493
917 0.92530
918 0.92577
919 0.92637
920 0.92712
921 0.92808
922 0.92792
923 0.92776
924 0.92902
925 0.92886
926 0.92871
927 0.93038
928 0.93022
929 0.93004
930 0.92986
931 0.93213
932 0.93196
933 0.93179
934 0.93162
935 0.93145
936 0.93128
937 0.93111
938 0.93439
939 0.93424
940 0.93408
941 0.93392
942 0.93376
943 0.93360
944 0.93344
945 0.93328
946 0.93312
947 0.93296
948 0.93280
949 0.93264
950 0.93772
951 0.93758
952 0.93744
953 0.93729
954 0.93715
955 0.93701
956 0.93687
957 0.93672
958 0.93658
959 0.93643
960 0.93629
961 0.93615
962 0.93600
963 0.93586
964 0.93571
965 0.93557
966 0.93542
967 0.93527
968 0.93513
969 0.93498
970 0.93483
971 0.93469
972 0.93454
973 0.94333
974 0.94321
975 0.94310
976 0.94298
977 0.94287
978 0.94275
979 0.94263
980 0.94252
981 0.94240
982 0.94228
983 0.94216
984 0.94205
985 0.94193
986 0.94181
987 0.94169
988 0.94158
989 0.94146
990 0.94134
991 0.94122
992 0.94110
993 0.94098
994 0.94086
995 0.94075
996 0.94063
997 0.94051
998 0.94039
999 0.94027
1000 0.94015
1001 0.94003
1002 0.93991
1003 0.93979
1004 0.93967
1005 0.93954
1006 0.93942
1007 0.93930
1008 0.93918
1009 0.93906
1010 0.93894
1011 0.93882
1012 0.93869
1013 0.93857
1014 0.93845
1015 0.93833
1016 0.93820
1017 0.93808
1018 0.93796
1019 0.93783
1020 0.93771
1021 0.93759
1022 0.93746
1023 0.93734
1024 0.93721
1025 0.93709
1026 0.95583
1027 0.95577
1028 0.95571
1029 0.95565
1030 0.95559
1031 0.95553
1032 0.95547
1033 0.95541
1034 0.95534
1035 0.95528
1036 0.95522
1037 0.95516
1038 0.95510
1039 0.95504
1040 0.95498
1041 0.95492
1042 0.95486
1043 0.95480
1044 0.95474
1045 0.95468
1046 0.95462
1047 0.95456
1048 0.95450
1049 0.95444
1050 0.95438
1051 0.95432
1052 0.95425
1053 0.95419
1054 0.95413
1055 0.95407
1056 0.95401
1057 0.95395
1058 0.95389
1059 0.95383
1060 0.95377
1061 0.95371
1062 0.95365
1063 0.95359
1064 0.95352
1065 0.95346
1066 0.95340
1067 0.95334
1068 0.95328
1069 0.95322
1070 0.95316
1071 0.95310
1072 0.95304
1073 0.95297
1074 0.95291
1075 0.95285
1076 0.95279
1077 0.95273
1078 0.95267
1079 0.95261
1080 0.95255
1081 0.95248
1082 0.95242
1083 0.95236
1084 0.95230
1085 0.95224
1086 0.95218
1087 0.95212
1088 0.95205
1089 0.95199
1090 0.95193
1091 0.95187
1092 0.95181
1093 0.95175
1094 0.95169
1095 0.95162
1096 0.95156
1097 0.95150
1098 0.95144
1099 0.95137
1100 0.95122
1101 0.95106
1102 0.95091
1103 0.95075
1104 0.95059
1105 0.95043
1106 0.95028
1107 0.95012
1108 0.94996
1109 0.94980
1110 0.94964
1111 0.94948
1112 0.94932
1113 0.94916
1114 0.94900
1115 0.94884
1116 0.94868
1117 0.94852
1118 0.94836
1119 0.94819
1120 0.94803
1121 0.94787
1122 0.94770
1123 0.94754
1124 0.94738
1125 0.94721
1126 0.94705
1127 0.94688
1128 0.94672
1129 0.94655
1130 0.94638
1131 0.94622
1132 0.94605
1133 0.94588
1134 0.94572
1135 0.94555
1136 0.94538
1137 0.94521
1138 0.94504
1139 0.94487
1140 0.94470
1141 0.94453
1142 0.94436
1143 0.94419
1144 0.94402
1145 0.94385
1146 0.94368
1147 0.94350
1148 0.94333
1149 0.94316
1150 0.94299
1151 0.94281
1152 0.94264
1153 0.94246
1154 0.94229
1155 0.94211
1156 0.94194
1157 0.94176
1158 0.94159
1159 0.94141
1160 0.94123
1161 0.94106
1162 0.94088
1163 0.94070
1164 0.94052
1165 0.94034
1166 0.94016
1167 0.93998
1168 0.93980
1169 0.93962
1170 0.93944
1171 0.93926
1172 0.93908
1173 0.93890
1174 0.93872
1175 0.93853
1176 0.93835
1177 0.93817
1178 0.93798
1179 0.93780
1180 0.93762
1181 0.93743
1182 0.93725
1183 0.93706
1184 0.93687
1185 0.93669
1186 0.93650
1187 0.93632
1188 0.93613
1189 0.93594
1190 0.93575
1191 0.93556
1192 0.93538
1193 0.93519
1194 0.93500
1195 0.93481
1196 0.93462
1197 0.93443
1198 0.93423
1199 0.93404
1200 0.93385
1201 0.93366
1202 0.93347
1203 0.93327
1204 0.93308
1205 0.93289
1206 0.93269
1207 0.93250
1208 0.93230
1209 0.93211
1210 0.93191
1211 0.93172
1212 0.93152
1213 0.93132
1214 0.93113
1215 0.93093
1216 1.00000
