17 0.81119
18 0.79627
19 0.78124
20 0.76613
21 0.75096
22 0.73575
23 0.72054
24 0.70534
25 0.69017
26 0.67506
27 0.66001
28 0.64506
29 0.63020
30 0.61546
31 0.60085
32 0.58638
33 0.57206
34 0.55790
35 0.54392
36 0.53011
37 0.51649
38 0.50307
39 0.48984
40 0.47682
41 0.46402
42 0.45142
43 0.43905
44 0.42689
45 0.41496
46 0.40326
47 0.39179
48 0.38054
49 0.36952
50 0.35874
51 0.34818
52 0.33786
53 0.32776
54 0.31789
55 0.30825
56 0.29883
57 0.28964
58 0.28067
59 0.27192
60 0.26339
61 0.25508
62 0.24698
63 0.23908
64 0.23140
65 0.22392
66 0.21663
67 0.20955
68 0.20266
69 0.19597
70 0.18946
71 0.18313
72 0.17699
73 0.17102
74 0.16523
75 0.15961
76 0.15415
77 0.14886
78 0.14373
79 0.13875
80 0.13392
81 0.12925
82 0.12472
83 0.12033
84 0.11608
85 0.11196
86 0.10797
87 0.10412
88 0.10039
89 0.09677
90 0.09328
91 0.08990
92 0.08664
93 0.08348
94 0.08043
95 0.07748
96 0.07463
97 0.07187
98 0.06921
99 0.06665
100 0.06417
101 0.06177
102 0.05946
103 0.05723
104 0.05508
105 0.05301
106 0.05100
107 0.04907
108 0.04721
109 0.04541
110 0.04368
111 0.04201
112 0.04040
113 0.03885
114 0.03736
115 0.03592
116 0.03453
117 0.03320
118 0.03191
119 0.03067
120 0.02948
121 0.02833
122 0.02723
123 0.02616
124 0.02514
125 0.02415
126 0.02320
127 0.02229
128 0.02141
129 0.02057
130 0.01976
131 0.01898
132 0.01822
133 0.01750
134 0.01681
135 0.01614
136 0.01550
137 0.01488
138 0.01429
139 0.01372
140 0.01317
141 0.01264
142 0.01213
143 0.01165
144 0.01118
145 0.01073
146 0.01030
147 0.00989
148 0.00949
149 0.00911
150 0.00874
151 0.00839
152 0.00805
153 0.00772
154 0.00741
155 0.00711
156 0.00682
157 0.00655
158 0.00628
159 0.00603
160 0.00578
161 0.00555
162 0.00532
163 0.00511
164 0.00490
165 0.00470
166 0.00451
167 0.00433
168 0.00415
169 0.00398
170 0.00382
171 0.00367
172 0.00352
173 0.00337
174 0.00324
175 0.00311
176 0.00298
177 0.00286
178 0.00274
179 0.00263
180 0.00252
181 0.00242
182 0.00232
183 0.00223
184 0.00214
185 0.00205
186 0.00197
187 0.00189
188 0.00181
189 0.00174
190 0.00167
191 0.00160
192 0.00153
193 0.00147
194 0.00141
195 0.00136
196 0.00130
197 0.00125
198 0.00120
199 0.00115
200 0.00110
201 0.00106
202 0.00102
203 0.00097
204 0.00094
205 0.00090
206 0.00086
207 0.00083
208 0.00079
209 0.00076
210 0.00073
211 0.00070
212 0.00067
213 0.00065
214 0.00062
215 0.00060
216 0.00057
217 0.00055
218 0.00053
219 0.00051
220 0.00049
221 0.00047
222 0.00045
223 0.00043
224 0.00041
225 0.00040
226 0.00038
227 0.00037
228 0.00035
229 0.00034
230 0.00033
231 0.00031
232 0.00030
233 0.00029
234 0.00028
235 0.00027
236 0.00026
237 0.00025
238 0.00024
239 0.00023
240 0.00022
241 0.00021
242 0.00020
243 0.00019
244 0.00019
245 0.00018
246 0.00017
247 0.00017
248 0.00016
249 0.00015
250 0.00015
251 0.00014
252 0.00014
253 0.00013
254 0.00013
255 0.00012
256 0.00012
257 0.00011
258 0.00011
259 0.00010
260 0.00010
261 0.00010
262 0.00009
263 0.00009
264 0.00009
265 0.00008
266 0.00008
267 0.00008
268 0.00007
269 0.00007
270 0.00007
271 0.00007
272 0.00006
273 0.00006
274 0.00006
275 0.00006
276 0.00005
277 0.00005
278 0.00005
279 0.00005
280 0.00005
281 0.00005
282 0.00004
283 0.00004
284 0.00004
285 0.00004
286 0.00004
287 0.00004
288 0.00004
289 0.00003
290 0.00003
291 0.00003
292 0.00003
293 0.00003
294 0.00003
295 0.00003
296 0.00003
297 0.00003
298 0.00002
299 0.00002
300 0.00002
301 0.00002
302 0.00002
303 0.00002
304 0.00002
305 0.00002
306 0.00002
307 0.00002
308 0.00002
309 0.00002
310 0.00002
311 0.00002
312 0.00002
313 0.00001
314 0.00001
315 0.00001
316 0.00001
317 0.00001
318 0.00001
319 0.00001
320 0.00001
321 0.00001
322 0.00001
323 0.00001
324 0.00001
325 0.00001
326 0.00001
327 0.00001
328 0.00001
329 0.00001
330 0.00001
331 0.00001
332 0.00001
333 0.00001
334 0.00001
335 0.00001
336 0.00001
337 0.00001
338 0.00001
339 0.00001
340 0.00001
341 0.00001
342 0.00001
343 0.00001
344 0.00001
345 0.00001
346 0.00001
347 0.00000
348 0.00000
349 0.00000
350 0.00000
351 0.00000
352 0.00000
353 0.00000
354 0.00000
355 0.00000
356 0.00000
357 0.00000
358 0.00000
359 0.00000
360 0.00000
361 0.00000
362 0.00000
363 0.00000
364 0.00000
365 0.00000
366 0.00000
367 0.00000
368 0.00000
369 0.00000
370 0.00000
371 0.00000
372 0.00000
373 0.00000
374 0.00000
375 0.00000
376 0.00000
377 0.00000
378 0.00000
379 0.00000
380 0.00000
381 0.00000
382 0.00000
383 0.00000
384 0.00000
385 0.00000
386 0.00000
387 0.00000
388 0.00000
389 0.00000
390 0.00000
391 0.00000
392 0.00000
393 0.00000
394 0.00000
395 0.00000
396 0.00000
397 0.00000
398 0.00000
399 0.00000
400 0.00000
401 0.00000
402 0.00000
403 0.00000
404 0.00000
405 0.00000
406 0.00000
407 0.00000
408 0.00000
409 0.00000
410 0.00000
411 0.00000
412 0.00000
413 0.00000
414 0.00000
415 0.00000
416 0.00000
417 0.00000
418 0.00000
419 0.00000
420 0.00000
421 0.00000
422 0.00000
423 0.00000
424 0.00000
425 0.00000
426 0.00000
427 0.00000
428 0.00000
429 0.00000
430 0.00000
431 0.00000
432 0.00000
433 0.00000
434 0.00000
435 0.00000
436 0.00000
437 0.00000
438 0.00000
439 0.00000
440 0.00000
441 0.00000
442 0.00000
443 0.00000
444 0.00000
445 0.00000
446 0.00000
447 0.00000
448 0.00000
449 0.00000
450 0.00000
451 0.00000
452 0.00000
453 0.00000
454 0.00000
455 0.00000
456 0.00000
457 0.00000
458 0.00000
459 0.00000
460 0.00000
461 0.00000
462 0.00000
463 0.00000
464 0.00000
465 0.00000
466 0.00000
467 0.00000
468 0.00000
469 0.00000
470 0.00000
471 0.00000
472 0.00000
473 0.00000
474 0.00000
475 0.00000
476 0.00000
477 0.00000
478 0.00000
479 0.00000
480 0.00000
481 0.00000
482 0.00000
483 0.00000
484 0.00000
485 0.00000
486 0.00000
487 0.00000
488 0.00000
489 0.00000
490 0.00000
491 0.00000
492 0.00000
493 0.00000
494 0.00000
495 0.00000
496 0.00000
497 0.00000
498 0.00000
499 0.00000
500 0.00000
501 0.00000
502 0.00000
503 0.00000
504 0.00000
505 0.00000
506 0.00000
507 0.00000
508 0.00000
509 0.00000
510 0.00000
511 0.00000
512 0.00000
513 0.00000
514 0.00000
515 0.00000
516 0.00000
517 0.00000
518 0.00000
519 0.00000
520 0.00000
521 0.00000
522 0.00000
523 0.00000
524 0.00000
525 0.00000
526 0.00000
527 0.00000
528 0.00000
529 0.00000
530 0.00000
531 0.00000
532 0.00000
533 0.00000
534 0.00000
535 0.00000
536 0.00000
537 0.00000
538 0.00000
539 0.00000
540 0.00000
541 0.00000
542 0.00000
543 0.00000
544 0.00000
545 0.00000
546 0.00000
547 0.00000
548 0.00000
549 0.00000
550 0.00000
551 0.00000
552 0.00000
553 0.00000
554 0.00000
555 0.00000
556 0.00000
557 0.00000
558 0.00000
559 0.00000
560 0.00000
561 0.00000
562 0.00000
563 0.00000
564 0.00000
565 0.00000
566 0.00000
567 0.00000
568 0.00000
569 0.00000
570 0.00000
571 0.00000
572 0.00000
573 0.00000
574 0.00000
575 0.00000
576 0.00000
577 0.00000
578 0.00000
579 0.00000
580 0.00000
581 0.00000
582 0.00000
583 0.00000
584 0.00000
585 0.00000
586 0.00000
587 0.00000
588 0.00000
589 0.00000
590 0.00000
591 0.00000
592 0.00000
593 0.00000
594 0.00000
595 0.00000
596 0.00000
597 0.00000
598 0.00000
599 0.00000
600 0.00000
601 0.00000
602 0.00000
603 0.00000
604 0.00000
605 0.00000
606 0.00000
607 0.00000
608 0.00000
609 0.00000
610 0.00000
611 0.00000
612 0.00000
613 0.00000
614 0.00000
615 0.00000
616 0.00000
617 0.00000
618 0.00000
619 0.00000
620 0.00000
621 0.00000
622 0.00000
623 0.00000
624 0.00000
625 0.00000
626 0.00000
627 0.00000
628 0.00000
629 0.00000
630 0.00000
631 0.00000
632 0.00000
633 0.00000
634 0.00000
635 0.00000
636 0.00000
637 0.00000
638 0.00000
639 0.00000
640 0.00000
641 0.00000
642 0.00000
643 0.00000
644 0.00000
645 0.00000
646 0.00000
647 0.00000
648 0.00000
649 0.00000
650 0.00000
651 0.00000
652 0.00000
653 0.00000
654 0.00000
655 0.00000
656 0.00000
657 0.00000
658 0.00000
659 0.00000
660 0.00000
661 0.00000
662 0.00000
663 0.00000
664 0.00000
665 0.00000
666 0.00000
667 0.00000
668 0.00000
669 0.00000
670 0.00000
671 0.00000
672 0.00000
673 0.00000
674 0.00000
675 0.00000
676 0.00000
677 0.00000
678 0.00000
679 0.00000
680 0.00000
681 0.00000
682 0.00000
683 0.00000
684 0.00000
685 0.00000
686 0.00000
687 0.00000
688 0.00000
689 0.00000
690 0.00000
691 0.00000
692 0.00000
693 0.00000
694 0.00000
695 0.00000
696 0.00000
697 0.00000
698 0.00000
699 0.00000
700 0.00000
701 0.00000
702 0.00000
703 0.00000
704 0.00000
705 0.00000
706 0.00000
707 0.00000
708 0.00000
709 0.00000
710 0.00000
711 0.00000
712 0.00000
713 0.00000
714 0.00000
715 0.00000
716 0.00000
717 0.00000
718 0.00000
719 0.00000
720 0.00000
721 0.00000
722 0.00000
723 0.00000
724 0.00000
725 0.00000
726 0.00000
727 0.00000
728 0.00000
729 0.00000
730 0.00000
731 0.00000
732 0.00000
733 0.00000
734 0.00000
735 0.00000
736 0.00000
737 0.00000
738 0.00000
739 0.00001
740 0.00001
741 0.00001
742 0.00001
743 0.00001
744 0.00001
745 0.00001
746 0.00001
747 0.00001
748 0.00001
749 0.00001
750 0.00001
751 0.00001
752 0.00001
753 0.00001
754 0.00001
755 0.00001
756 0.00001
757 0.00001
758 0.00001
759 0.00001
760 0.00001
761 0.00001
762 0.00001
763 0.00001
764 0.00001
765 0.00001
766 0.00002
767 0.00002
768 0.00002
769 0.00002
770 0.00002
771 0.00002
772 0.00002
773 0.00002
774 0.00002
775 0.00002
776 0.00002
777 0.00002
778 0.00003
779 0.00003
780 0.00003
781 0.00003
782 0.00003
783 0.00003
784 0.00003
785 0.00004
786 0.00004
787 0.00004
788 0.00004
789 0.00004
790 0.00005
791 0.00005
792 0.00005
793 0.00005
794 0.00005
795 0.00006
796 0.00006
797 0.00006
798 0.00007
799 0.00007
800 0.00007
801 0.00008
802 0.00008
803 0.00009
804 0.00009
805 0.00010
806 0.00010
807 0.00011
808 0.00011
809 0.00012
810 0.00012
811 0.00013
812 0.00014
813 0.00014
814 0.00015
815 0.00016
816 0.00017
817 0.00018
818 0.00019
819 0.00020
820 0.00021
821 0.00022
822 0.00023
823 0.00025
824 0.00026
825 0.00028
826 0.00029
827 0.00031
828 0.00033
829 0.00034
830 0.00036
831 0.00039
832 0.00041
833 0.00043
834 0.00046
835 0.00048
836 0.00051
837 0.00054
838 0.00058
839 0.00061
840 0.00065
841 0.00068
842 0.00073
843 0.00077
844 0.00082
845 0.00087
846 0.00092
847 0.00098
848 0.00103
849 0.00110
850 0.00117
851 0.00124
852 0.00132
853 0.00140
854 0.00148
855 0.00158
856 0.00168
857 0.00178
858 0.00190
859 0.00202
860 0.00214
861 0.00228
862 0.00243
863 0.00258
864 0.00275
865 0.00293
866 0.00312
867 0.00332
868 0.00353
869 0.00376
870 0.00401
871 0.00427
872 0.00455
873 0.00486
874 0.00518
875 0.00552
876 0.00589
877 0.00628
878 0.00670
879 0.00715
880 0.00763
881 0.00814
882 0.00869
883 0.00928
884 0.00991
885 0.01058
886 0.01130
887 0.01207
888 0.01290
889 0.01379
890 0.01474
891 0.01575
892 0.01684
893 0.01801
894 0.01926
895 0.02060
896 0.02204
897 0.02358
898 0.02524
899 0.02701
900 0.02891
901 0.03095
902 0.03315
903 0.03550
904 0.03802
905 0.04073
906 0.04364
907 0.04676
908 0.05011
909 0.05371
910 0.05758
911 0.06174
912 0.06507
913 0.06804
914 0.07162
915 0.07531
916 0.07778
917 0.07890
918 0.08046
919 0.08260
920 0.08552
921 0.08954
922 0.08830
923 0.08707
924 0.09263
925 0.09137
926 0.09012
927 0.09806
928 0.09677
929 0.09549
930 0.09422
931 0.10599
932 0.10467
933 0.10335
934 0.10204
935 0.10073
936 0.09944
937 0.09815
938 0.11653
939 0.11516
940 0.11380
941 0.11245
942 0.11110
943 0.10976
944 0.10842
945 0.10710
946 0.10577
947 0.10446
948 0.10315
949 0.10185
950 0.13306
951 0.13165
952 0.13023
953 0.12883
954 0.12743
955 0.12603
956 0.12464
957 0.12326
958 0.12188
959 0.12051
960 0.11914
961 0.11778
962 0.11643
963 0.11508
964 0.11373
965 0.11240
966 0.11107
967 0.10974
968 0.10843
969 0.10712
970 0.10582
971 0.10452
972 0.10323
973 0.16414
974 0.16269
975 0.16123
976 0.15978
977 0.15833
978 0.15689
979 0.15545
980 0.15401
981 0.15258
982 0.15115
983 0.14973
984 0.14831
985 0.14690
986 0.14549
987 0.14409
988 0.14269
989 0.14129
990 0.13990
991 0.13852
992 0.13714
993 0.13577
994 0.13440
995 0.13303
996 0.13168
997 0.13032
998 0.12898
999 0.12764
1000 0.12630
1001 0.12498
1002 0.12365
1003 0.12234
1004 0.12103
1005 0.11972
1006 0.11842
1007 0.11713
1008 0.11585
1009 0.11457
1010 0.11329
1011 0.11203
1012 0.11077
1013 0.10952
1014 0.10827
1015 0.10703
1016 0.10580
1017 0.10457
1018 0.10336
1019 0.10214
1020 0.10094
1021 0.09974
1022 0.09855
1023 0.09737
1024 0.09619
1025 0.09502
1026 0.25426
1027 0.25296
1028 0.25166
1029 0.25035
1030 0.24905
1031 0.24775
1032 0.24645
1033 0.24516
1034 0.24386
1035 0.24256
1036 0.24126
1037 0.23996
1038 0.23866
1039 0.23737
1040 0.23607
1041 0.23477
1042 0.23347
1043 0.23217
1044 0.23087
1045 0.22958
1046 0.22828
1047 0.22698
1048 0.22568
1049 0.22438
1050 0.22308
1051 0.22178
1052 0.22047
1053 0.21917
1054 0.21787
1055 0.21656
1056 0.21526
1057 0.21395
1058 0.21265
1059 0.21134
1060 0.21003
1061 0.20872
1062 0.20741
1063 0.20610
1064 0.20479
1065 0.20347
1066 0.20216
1067 0.20084
1068 0.19952
1069 0.19820
1070 0.19688
1071 0.19556
1072 0.19423
1073 0.19291
1074 0.19158
1075 0.19025
1076 0.18892
1077 0.18759
1078 0.18625
1079 0.18492
1080 0.18358
1081 0.18224
1082 0.18090
1083 0.17955
1084 0.17821
1085 0.17686
1086 0.17551
1087 0.17416
1088 0.17281
1089 0.17146
1090 0.17010
1091 0.16875
1092 0.16739
1093 0.16603
1094 0.16467
1095 0.16331
1096 0.16194
1097 0.16058
1098 0.15921
1099 0.15784
1100 0.15647
1101 0.15510
1102 0.15373
1103 0.15236
1104 0.15099
1105 0.14962
1106 0.14824
1107 0.14687
1108 0.14549
1109 0.14412
1110 0.14274
1111 0.14137
1112 0.13999
1113 0.13862
1114 0.13725
1115 0.13587
1116 0.13450
1117 0.13313
1118 0.13176
1119 0.13039
1120 0.12902
1121 0.12765
1122 0.12629
1123 0.12492
1124 0.12356
1125 0.12220
1126 0.12085
1127 0.11949
1128 0.11814
1129 0.11679
1130 0.11545
1131 0.11411
1132 0.11277
1133 0.11143
1134 0.11010
1135 0.10878
1136 0.10745
1137 0.10613
1138 0.10482
1139 0.10351
1140 0.10221
1141 0.10091
1142 0.09962
1143 0.09833
1144 0.09705
1145 0.09577
1146 0.09450
1147 0.09324
1148 0.09198
1149 0.09073
1150 0.08948
1151 0.08825
1152 0.08702
1153 0.08579
1154 0.08458
1155 0.08337
1156 0.08217
1157 0.08098
1158 0.07979
1159 0.07862
1160 0.07745
1161 0.07629
1162 0.07514
1163 0.07400
1164 0.07287
1165 0.07174
1166 0.07063
1167 0.06952
1168 0.06842
1169 0.06733
1170 0.06626
1171 0.06519
1172 0.06413
1173 0.06308
1174 0.06204
1175 0.06101
1176 0.05999
1177 0.05898
1178 0.05798
1179 0.05699
1180 0.05601
1181 0.05504
1182 0.05408
1183 0.05313
1184 0.05219
1185 0.05126
1186 0.05034
1187 0.04943
1188 0.04854
1189 0.04765
1190 0.04677
1191 0.04591
1192 0.04505
1193 0.04421
1194 0.04337
1195 0.04255
1196 0.04173
1197 0.04093
1198 0.04014
1199 0.03935
1200 0.03858
1201 0.03782
1202 0.03707
1203 0.03633
1204 0.03560
1205 0.03488
1206 0.03417
1207 0.03347
1208 0.03278
1209 0.03210
1210 0.03143
1211 0.03077
1212 0.03012
1213 0.02948
1214 0.02885
1215 0.02823
1216 1.00000
