17 0.99373
18 0.99315
19 0.99254
20 0.99192
21 0.99128
22 0.99063
23 0.98996
24 0.98927
25 0.98856
26 0.98784
27 0.98710
28 0.98635
29 0.98558
30 0.98480
31 0.98400
32 0.98319
33 0.98236
34 0.98152
35 0.98067
36 0.97981
37 0.97893
38 0.97803
39 0.97713
40 0.97621
41 0.97528
42 0.97434
43 0.97339
44 0.97242
45 0.97145
46 0.97046
47 0.96946
48 0.96845
49 0.96743
50 0.96640
51 0.96536
52 0.96431
53 0.96324
54 0.96217
55 0.96109
56 0.96000
57 0.95890
58 0.95779
59 0.95667
60 0.95554
61 0.95440
62 0.95325
63 0.95210
64 0.95093
65 0.94976
66 0.94858
67 0.94739
68 0.94619
69 0.94499
70 0.94377
71 0.94255
72 0.94132
73 0.94009
74 0.93885
75 0.93760
76 0.93634
77 0.93507
78 0.93380
79 0.93253
80 0.93124
81 0.92995
82 0.92865
83 0.92735
84 0.92604
85 0.92472
86 0.92340
87 0.92208
88 0.92074
89 0.91940
90 0.91806
91 0.91671
92 0.91535
93 0.91399
94 0.91263
95 0.91125
96 0.90988
97 0.90850
98 0.90711
99 0.90572
100 0.90433
101 0.90293
102 0.90152
103 0.90012
104 0.89870
105 0.89729
106 0.89587
107 0.89444
108 0.89301
109 0.89158
110 0.89014
111 0.88870
112 0.88726
113 0.88581
114 0.88436
115 0.88291
116 0.88145
117 0.87999
118 0.87853
119 0.87707
120 0.87560
121 0.87413
122 0.87265
123 0.87117
124 0.86970
125 0.86821
126 0.86673
127 0.86524
128 0.86375
129 0.86226
130 0.86077
131 0.85927
132 0.85777
133 0.85627
134 0.85477
135 0.85327
136 0.85176
137 0.85026
138 0.84875
139 0.84724
140 0.84573
141 0.84421
142 0.84270
143 0.84118
144 0.83967
145 0.83815
146 0.83663
147 0.83511
148 0.83359
149 0.83206
150 0.83054
151 0.82902
152 0.82749
153 0.82597
154 0.82444
155 0.82292
156 0.82139
157 0.81986
158 0.81833
159 0.81680
160 0.81528
161 0.81375
162 0.81222
163 0.81069
164 0.80916
165 0.80763
166 0.80610
167 0.80457
168 0.80304
169 0.80151
170 0.79999
171 0.79846
172 0.79693
173 0.79540
174 0.79388
175 0.79235
176 0.79082
177 0.78930
178 0.78777
179 0.78625
180 0.78472
181 0.78320
182 0.78168
183 0.78016
184 0.77864
185 0.77712
186 0.77560
187 0.77408
188 0.77256
189 0.77105
190 0.76953
191 0.76802
192 0.76651
193 0.76500
194 0.76349
195 0.76198
196 0.76047
197 0.75897
198 0.75747
199 0.75596
200 0.75446
201 0.75296
202 0.75146
203 0.74997
204 0.74847
205 0.74698
206 0.74549
207 0.74400
208 0.74251
209 0.74103
210 0.73954
211 0.73806
212 0.73658
213 0.73511
214 0.73363
215 0.73216
216 0.73068
217 0.72921
218 0.72775
219 0.72628
220 0.72482
221 0.72336
222 0.72190
223 0.72044
224 0.71899
225 0.71754
226 0.71609
227 0.71464
228 0.71319
229 0.71175
230 0.71031
231 0.70888
232 0.70744
233 0.70601
234 0.70458
235 0.70315
236 0.70173
237 0.70031
238 0.69889
239 0.69747
240 0.69606
241 0.69465
242 0.69324
243 0.69183
244 0.69043
245 0.68903
246 0.68763
247 0.68624
248 0.68485
249 0.68346
250 0.68208
251 0.68069
252 0.67931
253 0.67794
254 0.67656
255 0.67519
256 0.67383
257 0.67246
258 0.67110
259 0.66975
260 0.66839
261 0.66704
262 0.66569
263 0.66435
264 0.66300
265 0.66167
266 0.66033
267 0.65900
268 0.65767
269 0.65634
270 0.65502
271 0.65370
272 0.65239
273 0.65108
274 0.64977
275 0.64846
276 0.64716
277 0.64586
278 0.64457
279 0.64328
280 0.64199
281 0.64070
282 0.63942
283 0.63814
284 0.63687
285 0.63560
286 0.63433
287 0.63307
288 0.63181
289 0.63055
290 0.62930
291 0.62805
292 0.62681
293 0.62557
294 0.62433
295 0.62309
296 0.62186
297 0.62063
298 0.61941
299 0.61819
300 0.61698
301 0.61576
302 0.61456
303 0.61335
304 0.61215
305 0.61095
306 0.60976
307 0.60857
308 0.60738
309 0.60620
310 0.60502
311 0.60385
312 0.60268
313 0.60151
314 0.60035
315 0.59919
316 0.59803
317 0.59688
318 0.59574
319 0.59459
320 0.59345
321 0.59232
322 0.59118
323 0.59006
324 0.58893
325 0.58781
326 0.58670
327 0.58558
328 0.58448
329 0.58337
330 0.58227
331 0.58117
332 0.58008
333 0.57899
334 0.57791
335 0.57683
336 0.57575
337 0.57468
338 0.57361
339 0.57255
340 0.57149
341 0.57043
342 0.56938
343 0.56833
344 0.56728
345 0.56624
346 0.56521
347 0.56417
348 0.56315
349 0.56212
350 0.56110
351 0.56009
352 0.55907
353 0.55807
354 0.55706
355 0.55606
356 0.55507
357 0.55408
358 0.55309
359 0.55210
360 0.55113
361 0.55015
362 0.54918
363 0.54821
364 0.54725
365 0.54629
366 0.54534
367 0.54438
368 0.54344
369 0.54250
370 0.54156
371 0.54062
372 0.53969
373 0.53877
374 0.53785
375 0.53693
376 0.53602
377 0.53511
378 0.53420
379 0.53330
380 0.53240
381 0.53151
382 0.53062
383 0.52974
384 0.52886
385 0.52798
386 0.52711
387 0.52624
388 0.52538
389 0.52452
390 0.52366
391 0.52281
392 0.52197
393 0.52112
394 0.52028
395 0.51945
396 0.51862
397 0.51779
398 0.51697
399 0.51615
400 0.51534
401 0.51453
402 0.51373
403 0.51293
404 0.51213
405 0.51134
406 0.51055
407 0.50976
408 0.50898
409 0.50821
410 0.50744
411 0.50667
412 0.50591
413 0.50515
414 0.50439
415 0.50364
416 0.50289
417 0.50215
418 0.50141
419 0.50068
420 0.49995
421 0.49922
422 0.49850
423 0.49779
424 0.49707
425 0.49636
426 0.49566
427 0.49496
428 0.49426
429 0.49357
430 0.49288
431 0.49220
432 0.49152
433 0.49085
434 0.49018
435 0.48951
436 0.48885
437 0.48819
438 0.48753
439 0.48688
440 0.48624
441 0.48560
442 0.48496
443 0.48433
444 0.48370
445 0.48307
446 0.48245
447 0.48184
448 0.48123
449 0.48062
450 0.48002
451 0.47942
452 0.47882
453 0.47823
454 0.47764
455 0.47706
456 0.47648
457 0.47591
458 0.47534
459 0.47478
460 0.47421
461 0.47366
462 0.47310
463 0.47256
464 0.47201
465 0.47147
466 0.47094
467 0.47041
468 0.46988
469 0.46936
470 0.46884
471 0.46832
472 0.46781
473 0.46731
474 0.46681
475 0.46631
476 0.46581
477 0.46533
478 0.46484
479 0.46436
480 0.46389
481 0.46341
482 0.46295
483 0.46248
484 0.46202
485 0.46157
486 0.46112
487 0.46067
488 0.46023
489 0.45979
490 0.45936
491 0.45893
492 0.45851
493 0.45809
494 0.45767
495 0.45726
496 0.45685
497 0.45645
498 0.45605
499 0.45566
500 0.45527
501 0.45488
502 0.45450
503 0.45412
504 0.45375
505 0.45338
506 0.45302
507 0.45266
508 0.45230
509 0.45195
510 0.45160
511 0.45126
512 0.45092
513 0.45059
514 0.45026
515 0.44994
516 0.44962
517 0.44930
518 0.44899
519 0.44868
520 0.44838
521 0.44808
522 0.44779
523 0.44750
524 0.44721
525 0.44693
526 0.44666
527 0.44638
528 0.44612
529 0.44585
530 0.44559
531 0.44534
532 0.44509
533 0.44485
534 0.44461
535 0.44437
536 0.44414
537 0.44391
538 0.44369
539 0.44347
540 0.44326
541 0.44305
542 0.44284
543 0.44264
544 0.44245
545 0.44226
546 0.44207
547 0.44189
548 0.44171
549 0.44154
550 0.44137
551 0.44121
552 0.44105
553 0.44090
554 0.44075
555 0.44060
556 0.44046
557 0.44033
558 0.44019
559 0.44007
560 0.43995
561 0.43983
562 0.43972
563 0.43961
564 0.43951
565 0.43941
566 0.43932
567 0.43923
568 0.43914
569 0.43906
570 0.43899
571 0.43892
572 0.43886
573 0.43880
574 0.43874
575 0.43869
576 0.43864
577 0.43860
578 0.43857
579 0.43854
580 0.43851
581 0.43849
582 0.43847
583 0.43846
584 0.43846
585 0.43846
586 0.43846
587 0.43847
588 0.43848
589 0.43850
590 0.43852
591 0.43855
592 0.43859
593 0.43862
594 0.43867
595 0.43872
596 0.43877
597 0.43883
598 0.43889
599 0.43896
600 0.43904
601 0.43912
602 0.43920
603 0.43929
604 0.43939
605 0.43949
606 0.43959
607 0.43970
608 0.43982
609 0.43994
610 0.44007
611 0.44020
612 0.44034
613 0.44048
614 0.44063
615 0.44078
616 0.44094
617 0.44111
618 0.44128
619 0.44145
620 0.44163
621 0.44182
622 0.44201
623 0.44221
624 0.44241
625 0.44262
626 0.44284
627 0.44306
628 0.44328
629 0.44351
630 0.44375
631 0.44399
632 0.44424
633 0.44450
634 0.44476
635 0.44502
636 0.44530
637 0.44557
638 0.44586
639 0.44615
640 0.44644
641 0.44674
642 0.44705
643 0.44736
644 0.44768
645 0.44801
646 0.44834
647 0.44868
648 0.44902
649 0.44937
650 0.44973
651 0.45009
652 0.45046
653 0.45084
654 0.45122
655 0.45160
656 0.45200
657 0.45240
658 0.45281
659 0.45322
660 0.45364
661 0.45406
662 0.45450
663 0.45494
664 0.45538
665 0.45584
666 0.45629
667 0.45676
668 0.45723
669 0.45771
670 0.45820
671 0.45869
672 0.45919
673 0.45970
674 0.46021
675 0.46073
676 0.46126
677 0.46180
678 0.46234
679 0.46289
680 0.46344
681 0.46401
682 0.46458
683 0.46515
684 0.46574
685 0.46633
686 0.46693
687 0.46754
688 0.46815
689 0.46878
690 0.46941
691 0.47004
692 0.47069
693 0.47134
694 0.47200
695 0.47267
696 0.47335
697 0.47403
698 0.47472
699 0.47542
700 0.47613
701 0.47684
702 0.47757
703 0.47830
704 0.47904
705 0.47979
706 0.48054
707 0.48131
708 0.48208
709 0.48286
710 0.48365
711 0.48445
712 0.48526
713 0.48607
714 0.48690
715 0.48773
716 0.48857
717 0.48942
718 0.49028
719 0.49115
720 0.49203
721 0.49292
722 0.49381
723 0.49472
724 0.49563
725 0.49655
726 0.49749
727 0.49843
728 0.49938
729 0.50034
730 0.50131
731 0.50229
732 0.50328
733 0.50428
734 0.50529
735 0.50631
736 0.50734
737 0.50838
738 0.50943
739 0.51049
740 0.51156
741 0.51264
742 0.51373
743 0.51483
744 0.51595
745 0.51707
746 0.51820
747 0.51935
748 0.52050
749 0.52167
750 0.52284
751 0.52403
752 0.52523
753 0.52644
754 0.52766
755 0.52889
756 0.53014
757 0.53139
758 0.53266
759 0.53394
760 0.53523
761 0.53653
762 0.53785
763 0.53918
764 0.54052
765 0.54187
766 0.54323
767 0.54461
768 0.54600
769 0.54740
770 0.54881
771 0.55024
772 0.55168
773 0.55313
774 0.55459
775 0.55607
776 0.55757
777 0.55907
778 0.56059
779 0.56212
780 0.56367
781 0.56523
782 0.56680
783 0.56839
784 0.56999
785 0.57161
786 0.57324
787 0.57488
788 0.57654
789 0.57822
790 0.57991
791 0.58161
792 0.58333
793 0.58507
794 0.58681
795 0.58858
796 0.59036
797 0.59216
798 0.59397
799 0.59580
800 0.59764
801 0.59950
802 0.60138
803 0.60327
804 0.60518
805 0.60711
806 0.60905
807 0.61101
808 0.61299
809 0.61498
810 0.61699
811 0.61902
812 0.62107
813 0.62313
814 0.62522
815 0.62732
816 0.62944
817 0.63158
818 0.63373
819 0.63591
820 0.63810
821 0.64032
822 0.64255
823 0.64480
824 0.64707
825 0.64937
826 0.65168
827 0.65401
828 0.65636
829 0.65873
830 0.66113
831 0.66354
832 0.66598
833 0.66843
834 0.67091
835 0.67341
836 0.67593
837 0.67847
838 0.68104
839 0.68363
840 0.68624
841 0.68887
842 0.69153
843 0.69421
844 0.69691
845 0.69964
846 0.70239
847 0.70516
848 0.70796
849 0.71078
850 0.71363
851 0.71650
852 0.71940
853 0.72232
854 0.72527
855 0.72825
856 0.73125
857 0.73427
858 0.73733
859 0.74041
860 0.74352
861 0.74665
862 0.74981
863 0.75300
864 0.75622
865 0.75947
866 0.76275
867 0.76605
868 0.76938
869 0.77275
870 0.77614
871 0.77956
872 0.78302
873 0.78650
874 0.79002
875 0.79356
876 0.79714
877 0.80075
878 0.80439
879 0.80807
880 0.81178
881 0.81552
882 0.81929
883 0.82310
884 0.82694
885 0.83082
886 0.83473
887 0.83867
888 0.84265
889 0.84667
890 0.85072
891 0.85481
892 0.85894
893 0.86311
894 0.86731
895 0.87155
896 0.87583
897 0.88014
898 0.88450
899 0.88889
900 0.89333
901 0.89781
902 0.90232
903 0.90688
904 0.91148
905 0.91612
906 0.92081
907 0.92553
908 0.93030
909 0.93512
910 0.93998
911 0.94488
912 0.94882
913 0.94937
914 0.94999
915 0.95059
916 0.95100
917 0.95123
918 0.95151
919 0.95186
920 0.95230
921 0.95285
922 0.95278
923 0.95271
924 0.95342
925 0.95335
926 0.95328
927 0.95422
928 0.95415
929 0.95408
930 0.95401
931 0.95530
932 0.95523
933 0.95517
934 0.95510
935 0.95503
936 0.95496
937 0.95490
938 0.95675
939 0.95668
940 0.95662
941 0.95655
942 0.95649
943 0.95642
944 0.95636
945 0.95629
946 0.95623
947 0.95616
948 0.95610
949 0.95604
950 0.95888
951 0.95882
952 0.95876
953 0.95870
954 0.95863
955 0.95857
956 0.95851
957 0.95845
958 0.95839
959 0.95833
960 0.95827
961 0.95821
962 0.95815
963 0.95809
964 0.95803
965 0.95797
966 0.95790
967 0.95784
968 0.95778
969 0.95772
970 0.95766
971 0.95760
972 0.95754
973 0.96243
974 0.96237
975 0.96232
976 0.96226
977 0.96221
978 0.96216
979 0.96210
980 0.96205
981 0.96199
982 0.96194
983 0.96188
984 0.96183
985 0.96178
986 0.96172
987 0.96167
988 0.96161
989 0.96156
990 0.96150
991 0.96145
992 0.96139
993 0.96134
994 0.96128
995 0.96123
996 0.96118
997 0.96112
998 0.96107
999 0.96101
1000 0.96096
1001 0.96090
1002 0.96085
1003 0.96079
1004 0.96074
1005 0.96068
1006 0.96063
1007 0.96057
1008 0.96052
1009 0.96046
1010 0.96041
1011 0.96035
1012 0.96030
1013 0.96024
1014 0.96019
1015 0.96013
1016 0.96008
1017 0.96002
1018 0.95997
1019 0.95991
1020 0.95986
1021 0.95980
1022 0.95975
1023 0.95969
1024 0.95964
1025 0.95958
1026 0.96995
1027 0.96991
1028 0.96986
1029 0.96982
1030 0.96978
1031 0.96974
1032 0.96970
1033 0.96966
1034 0.96962
1035 0.96958
1036 0.96953
1037 0.96949
1038 0.96945
1039 0.96941
1040 0.96937
1041 0.96933
1042 0.96929
1043 0.96924
1044 0.96920
1045 0.96916
1046 0.96912
1047 0.96908
1048 0.96904
1049 0.96899
1050 0.96895
1051 0.96891
1052 0.96887
1053 0.96883
1054 0.96879
1055 0.96874
1056 0.96870
1057 0.96866
1058 0.96862
1059 0.96858
1060 0.96854
1061 0.96849
1062 0.96845
1063 0.96841
1064 0.96837
1065 0.96833
1066 0.96828
1067 0.96824
1068 0.96820
1069 0.96816
1070 0.96812
1071 0.96808
1072 0.96803
1073 0.96799
1074 0.96795
1075 0.96791
1076 0.96787
1077 0.96782
1078 0.96778
1079 0.96774
1080 0.96770
1081 0.96766
1082 0.96761
1083 0.96757
1084 0.96753
1085 0.96749
1086 0.96744
1087 0.96740
1088 0.96736
1089 0.96732
1090 0.96728
1091 0.96723
1092 0.96719
1093 0.96715
1094 0.96711
1095 0.96706
1096 0.96702
1097 0.96698
1098 0.96694
1099 0.96690
1100 0.96685
1101 0.96681
1102 0.96677
1103 0.96673
1104 0.96668
1105 0.96664
1106 0.96660
1107 0.96656
1108 0.96651
1109 0.96647
1110 0.96643
1111 0.96639
1112 0.96634
1113 0.96630
1114 0.96626
1115 0.96622
1116 0.96617
1117 0.96613
1118 0.96609
1119 0.96605
1120 0.96600
1121 0.96596
1122 0.96592
1123 0.96587
1124 0.96583
1125 0.96579
1126 0.96575
1127 0.96570
1128 0.96566
1129 0.96562
1130 0.96558
1131 0.96553
1132 0.96549
1133 0.96545
1134 0.96540
1135 0.96536
1136 0.96532
1137 0.96528
1138 0.96523
1139 0.96519
1140 0.96515
1141 0.96510
1142 0.96506
1143 0.96502
1144 0.96497
1145 0.96493
1146 0.96489
1147 0.96485
1148 0.96480
1149 0.96476
1150 0.96472
1151 0.96467
1152 0.96463
1153 0.96459
1154 0.96454
1155 0.96450
1156 0.96446
1157 0.96441
1158 0.96437
1159 0.96433
1160 0.96428
1161 0.96424
1162 0.96420
1163 0.96415
1164 0.96411
1165 0.96407
1166 0.96402
1167 0.96398
1168 0.96394
1169 0.96389
1170 0.96385
1171 0.96381
1172 0.96376
1173 0.96372
1174 0.96368
1175 0.96363
1176 0.96359
1177 0.96355
1178 0.96350
1179 0.96346
1180 0.96342
1181 0.96337
1182 0.96333
1183 0.96329
1184 0.96324
1185 0.96320
1186 0.96316
1187 0.96311
1188 0.96307
1189 0.96302
1190 0.96298
1191 0.96294
1192 0.96289
1193 0.96285
1194 0.96281
1195 0.96276
1196 0.96272
1197 0.96268
1198 0.96263
1199 0.96259
1200 0.96254
1201 0.96250
1202 0.96246
1203 0.96241
1204 0.96237
1205 0.96232
1206 0.96228
1207 0.96224
1208 0.96219
1209 0.96215
1210 0.96211
1211 0.96206
1212 0.96202
1213 0.96197
1214 0.96193
1215 0.96189
1216 1.00000
