17 0.92423
18 0.91779
19 0.91123
20 0.90455
21 0.89776
22 0.89087
23 0.88389
24 0.87682
25 0.86967
26 0.86245
27 0.85516
28 0.84781
29 0.84040
30 0.83294
31 0.82544
32 0.81789
33 0.81031
34 0.80270
35 0.79506
36 0.78740
37 0.77972
38 0.77202
39 0.76431
40 0.75660
41 0.74888
42 0.74115
43 0.73343
44 0.72572
45 0.71801
46 0.71032
47 0.70263
48 0.69497
49 0.68732
50 0.67969
51 0.67208
52 0.66450
53 0.65695
54 0.64943
55 0.64193
56 0.63448
57 0.62705
58 0.61966
59 0.61231
60 0.60500
61 0.59773
62 0.59051
63 0.58332
64 0.57619
65 0.56909
66 0.56205
67 0.55505
68 0.54811
69 0.54121
70 0.53436
71 0.52757
72 0.52083
73 0.51414
74 0.50751
75 0.50093
76 0.49440
77 0.48794
78 0.48153
79 0.47517
80 0.46887
81 0.46264
82 0.45645
83 0.45033
84 0.44427
85 0.43826
86 0.43231
87 0.42643
88 0.42060
89 0.41483
90 0.40912
91 0.40347
92 0.39788
93 0.39235
94 0.38688
95 0.38147
96 0.37612
97 0.37082
98 0.36559
99 0.36041
100 0.35530
101 0.35024
102 0.34524
103 0.34030
104 0.33542
105 0.33060
106 0.32583
107 0.32112
108 0.31647
109 0.31188
110 0.30734
111 0.30285
112 0.29843
113 0.29406
114 0.28974
115 0.28548
116 0.28127
117 0.27712
118 0.27302
119 0.26897
120 0.26498
121 0.26104
122 0.25715
123 0.25331
124 0.24952
125 0.24579
126 0.24210
127 0.23846
128 0.23488
129 0.23134
130 0.22785
131 0.22440
132 0.22101
133 0.21766
134 0.21436
135 0.21111
136 0.20790
137 0.20473
138 0.20161
139 0.19854
140 0.19551
141 0.19252
142 0.18957
143 0.18667
144 0.18381
145 0.18099
146 0.17821
147 0.17547
148 0.17277
149 0.17011
150 0.16749
151 0.16491
152 0.16236
153 0.15986
154 0.15739
155 0.15495
156 0.15256
157 0.15020
158 0.14787
159 0.14558
160 0.14333
161 0.14110
162 0.13892
163 0.13676
164 0.13464
165 0.13255
166 0.13049
167 0.12846
168 0.12647
169 0.12450
170 0.12257
171 0.12066
172 0.11878
173 0.11694
174 0.11512
175 0.11333
176 0.11157
177 0.10983
178 0.10812
179 0.10644
180 0.10479
181 0.10316
182 0.10155
183 0.09997
184 0.09842
185 0.09689
186 0.09539
187 0.09390
188 0.09245
189 0.09101
190 0.08960
191 0.08821
192 0.08684
193 0.08549
194 0.08417
195 0.08286
196 0.08158
197 0.08032
198 0.07907
199 0.07785
200 0.07665
201 0.07546
202 0.07430
203 0.07315
204 0.07202
205 0.07091
206 0.06982
207 0.06875
208 0.06769
209 0.06665
210 0.06563
211 0.06462
212 0.06363
213 0.06265
214 0.06169
215 0.06075
216 0.05982
217 0.05891
218 0.05801
219 0.05712
220 0.05625
221 0.05540
222 0.05456
223 0.05373
224 0.05291
225 0.05211
226 0.05132
227 0.05055
228 0.04978
229 0.04903
230 0.04829
231 0.04757
232 0.04685
233 0.04615
234 0.04545
235 0.04477
236 0.04410
237 0.04344
238 0.04280
239 0.04216
240 0.04153
241 0.04091
242 0.04031
243 0.03971
244 0.03912
245 0.03854
246 0.03797
247 0.03741
248 0.03686
249 0.03632
250 0.03579
251 0.03527
252 0.03475
253 0.03424
254 0.03374
255 0.03325
256 0.03277
257 0.03229
258 0.03183
259 0.03137
260 0.03091
261 0.03047
262 0.03003
263 0.02960
264 0.02918
265 0.02876
266 0.02835
267 0.02794
268 0.02755
269 0.02716
270 0.02677
271 0.02639
272 0.02602
273 0.02565
274 0.02529
275 0.02494
276 0.02459
277 0.02425
278 0.02391
279 0.02358
280 0.02325
281 0.02293
282 0.02261
283 0.02230
284 0.02199
285 0.02169
286 0.02139
287 0.02110
288 0.02081
289 0.02053
290 0.02025
291 0.01998
292 0.01971
293 0.01944
294 0.01918
295 0.01892
296 0.01867
297 0.01842
298 0.01818
299 0.01794
300 0.01770
301 0.01747
302 0.01724
303 0.01701
304 0.01679
305 0.01657
306 0.01635
307 0.01614
308 0.01593
309 0.01573
310 0.01552
311 0.01532
312 0.01513
313 0.01493
314 0.01474
315 0.01456
316 0.01437
317 0.01419
318 0.01401
319 0.01384
320 0.01366
321 0.01349
322 0.01333
323 0.01316
324 0.01300
325 0.01284
326 0.01268
327 0.01253
328 0.01237
329 0.01222
330 0.01208
331 0.01193
332 0.01179
333 0.01165
334 0.01151
335 0.01137
336 0.01123
337 0.01110
338 0.01097
339 0.01084
340 0.01072
341 0.01059
342 0.01047
343 0.01035
344 0.01023
345 0.01011
346 0.00999
347 0.00988
348 0.00977
349 0.00966
350 0.00955
351 0.00944
352 0.00934
353 0.00923
354 0.00913
355 0.00903
356 0.00893
357 0.00883
358 0.00874
359 0.00864
360 0.00855
361 0.00846
362 0.00837
363 0.00828
364 0.00819
365 0.00810
366 0.00802
367 0.00793
368 0.00785
369 0.00777
370 0.00769
371 0.00761
372 0.00753
373 0.00745
374 0.00738
375 0.00730
376 0.00723
377 0.00716
378 0.00709
379 0.00702
380 0.00695
381 0.00688
382 0.00681
383 0.00674
384 0.00668
385 0.00662
386 0.00655
387 0.00649
388 0.00643
389 0.00637
390 0.00631
391 0.00625
392 0.00619
393 0.00613
394 0.00608
395 0.00602
396 0.00597
397 0.00591
398 0.00586
399 0.00581
400 0.00576
401 0.00571
402 0.00566
403 0.00561
404 0.00556
405 0.00551
406 0.00546
407 0.00542
408 0.00537
409 0.00533
410 0.00528
411 0.00524
412 0.00520
413 0.00515
414 0.00511
415 0.00507
416 0.00503
417 0.00499
418 0.00495
419 0.00491
420 0.00487
421 0.00484
422 0.00480
423 0.00476
424 0.00473
425 0.00469
426 0.00466
427 0.00462
428 0.00459
429 0.00455
430 0.00452
431 0.00449
432 0.00446
433 0.00443
434 0.00439
435 0.00436
436 0.00433
437 0.00430
438 0.00427
439 0.00425
440 0.00422
441 0.00419
442 0.00416
443 0.00413
444 0.00411
445 0.00408
446 0.00406
447 0.00403
448 0.00400
449 0.00398
450 0.00395
451 0.00393
452 0.00391
453 0.00388
454 0.00386
455 0.00384
456 0.00382
457 0.00379
458 0.00377
459 0.00375
460 0.00373
461 0.00371
462 0.00369
463 0.00367
464 0.00365
465 0.00363
466 0.00361
467 0.00359
468 0.00357
469 0.00356
470 0.00354
471 0.00352
472 0.00350
473 0.00349
474 0.00347
475 0.00345
476 0.00344
477 0.00342
478 0.00341
479 0.00339
480 0.00338
481 0.00336
482 0.00335
483 0.00333
484 0.00332
485 0.00330
486 0.00329
487 0.00328
488 0.00326
489 0.00325
490 0.00324
491 0.00323
492 0.00322
493 0.00320
494 0.00319
495 0.00318
496 0.00317
497 0.00316
498 0.00315
499 0.00314
500 0.00313
501 0.00312
502 0.00311
503 0.00310
504 0.00309
505 0.00308
506 0.00307
507 0.00306
508 0.00306
509 0.00305
510 0.00304
511 0.00303
512 0.00302
513 0.00302
514 0.00301
515 0.00300
516 0.00300
517 0.00299
518 0.00298
519 0.00298
520 0.00297
521 0.00297
522 0.00296
523 0.00296
524 0.00295
525 0.00295
526 0.00294
527 0.00294
528 0.00293
529 0.00293
530 0.00293
531 0.00292
532 0.00292
533 0.00292
534 0.00291
535 0.00291
536 0.00291
537 0.00291
538 0.00290
539 0.00290
540 0.00290
541 0.00290
542 0.00290
543 0.00290
544 0.00290
545 0.00290
546 0.00290
547 0.00289
548 0.00289
549 0.00289
550 0.00289
551 0.00290
552 0.00290
553 0.00290
554 0.00290
555 0.00290
556 0.00290
557 0.00290
558 0.00290
559 0.00291
560 0.00291
561 0.00291
562 0.00291
563 0.00292
564 0.00292
565 0.00292
566 0.00293
567 0.00293
568 0.00293
569 0.00294
570 0.00294
571 0.00295
572 0.00295
573 0.00296
574 0.00296
575 0.00297
576 0.00297
577 0.00298
578 0.00298
579 0.00299
580 0.00299
581 0.00300
582 0.00300
583 0.00301
584 0.00302
585 0.00302
586 0.00303
587 0.00304
588 0.00305
589 0.00305
590 0.00306
591 0.00307
592 0.00308
593 0.00309
594 0.00310
595 0.00311
596 0.00312
597 0.00312
598 0.00313
599 0.00315
600 0.00316
601 0.00317
602 0.00318
603 0.00319
604 0.00320
605 0.00321
606 0.00322
607 0.00324
608 0.00325
609 0.00326
610 0.00328
611 0.00329
612 0.00330
613 0.00332
614 0.00333
615 0.00335
616 0.00336
617 0.00338
618 0.00339
619 0.00341
620 0.00342
621 0.00344
622 0.00346
623 0.00347
624 0.00349
625 0.00351
626 0.00353
627 0.00355
628 0.00357
629 0.00359
630 0.00361
631 0.00363
632 0.00365
633 0.00367
634 0.00369
635 0.00371
636 0.00373
637 0.00375
638 0.00378
639 0.00380
640 0.00382
641 0.00385
642 0.00387
643 0.00390
644 0.00392
645 0.00395
646 0.00398
647 0.00400
648 0.00403
649 0.00406
650 0.00409
651 0.00412
652 0.00414
653 0.00417
654 0.00421
655 0.00424
656 0.00427
657 0.00430
658 0.00433
659 0.00437
660 0.00440
661 0.00443
662 0.00447
663 0.00451
664 0.00454
665 0.00458
666 0.00462
667 0.00465
668 0.00469
669 0.00473
670 0.00477
671 0.00481
672 0.00486
673 0.00490
674 0.00494
675 0.00499
676 0.00503
677 0.00508
678 0.00512
679 0.00517
680 0.00522
681 0.00527
682 0.00532
683 0.00537
684 0.00542
685 0.00547
686 0.00552
687 0.00558
688 0.00563
689 0.00569
690 0.00575
691 0.00581
692 0.00587
693 0.00593
694 0.00599
695 0.00605
696 0.00611
697 0.00618
698 0.00625
699 0.00631
700 0.00638
701 0.00645
702 0.00652
703 0.00660
704 0.00667
705 0.00674
706 0.00682
707 0.00690
708 0.00698
709 0.00706
710 0.00714
711 0.00722
712 0.00731
713 0.00740
714 0.00749
715 0.00758
716 0.00767
717 0.00776
718 0.00786
719 0.00796
720 0.00805
721 0.00816
722 0.00826
723 0.00836
724 0.00847
725 0.00858
726 0.00869
727 0.00880
728 0.00892
729 0.00904
730 0.00916
731 0.00928
732 0.00940
733 0.00953
734 0.00966
735 0.00979
736 0.00993
737 0.01007
738 0.01021
739 0.01035
740 0.01050
741 0.01064
742 0.01080
743 0.01095
744 0.01111
745 0.01127
746 0.01143
747 0.01160
748 0.01177
749 0.01195
750 0.01213
751 0.01231
752 0.01249
753 0.01268
754 0.01288
755 0.01308
756 0.01328
757 0.01348
758 0.01369
759 0.01391
760 0.01413
761 0.01435
762 0.01458
763 0.01481
764 0.01505
765 0.01530
766 0.01554
767 0.01580
768 0.01606
769 0.01632
770 0.01660
771 0.01687
772 0.01716
773 0.01744
774 0.01774
775 0.01804
776 0.01835
777 0.01867
778 0.01899
779 0.01932
780 0.01966
781 0.02000
782 0.02035
783 0.02071
784 0.02108
785 0.02146
786 0.02185
787 0.02224
788 0.02264
789 0.02306
790 0.02348
791 0.02391
792 0.02435
793 0.02480
794 0.02527
795 0.02574
796 0.02623
797 0.02672
798 0.02723
799 0.02775
800 0.02828
801 0.02883
802 0.02938
803 0.02996
804 0.03054
805 0.03114
806 0.03175
807 0.03238
808 0.03303
809 0.03369
810 0.03436
811 0.03505
812 0.03576
813 0.03649
814 0.03723
815 0.03800
816 0.03878
817 0.03958
818 0.04040
819 0.04124
820 0.04211
821 0.04299
822 0.04390
823 0.04483
824 0.04578
825 0.04676
826 0.04777
827 0.04880
828 0.04985
829 0.05094
830 0.05205
831 0.05319
832 0.05436
833 0.05556
834 0.05679
835 0.05806
836 0.05935
837 0.06069
838 0.06205
839 0.06346
840 0.06490
841 0.06638
842 0.06790
843 0.06946
844 0.07106
845 0.07271
846 0.07440
847 0.07614
848 0.07792
849 0.07976
850 0.08164
851 0.08358
852 0.08557
853 0.08761
854 0.08971
855 0.09187
856 0.09409
857 0.09638
858 0.09872
859 0.10113
860 0.10362
861 0.10617
862 0.10879
863 0.11149
864 0.11427
865 0.11712
866 0.12006
867 0.12308
868 0.12619
869 0.12939
870 0.13269
871 0.13608
872 0.13957
873 0.14316
874 0.14685
875 0.15066
876 0.15458
877 0.15861
878 0.16277
879 0.16705
880 0.17145
881 0.17599
882 0.18067
883 0.18548
884 0.19045
885 0.19556
886 0.20083
887 0.20626
888 0.21185
889 0.21762
890 0.22356
891 0.22969
892 0.23601
893 0.24252
894 0.24924
895 0.25616
896 0.26330
897 0.27067
898 0.27827
899 0.28610
900 0.29419
901 0.30253
902 0.31114
903 0.32002
904 0.32918
905 0.33864
906 0.34840
907 0.35848
908 0.36888
909 0.37962
910 0.39071
911 0.40216
912 0.41131
913 0.43665
914 0.45468
915 0.46787
916 0.47552
917 0.47932
918 0.48372
919 0.48886
920 0.49498
921 0.50239
922 0.50105
923 0.49971
924 0.50892
925 0.50759
926 0.50626
927 0.51807
928 0.51676
929 0.51544
930 0.51412
931 0.52987
932 0.52857
933 0.52728
934 0.52598
935 0.52468
936 0.52339
937 0.52209
938 0.54428
939 0.54301
940 0.54174
941 0.54047
942 0.53921
943 0.53794
944 0.53667
945 0.53540
946 0.53413
947 0.53286
948 0.53159
949 0.53031
950 0.56414
951 0.56292
952 0.56169
953 0.56047
954 0.55925
955 0.55802
956 0.55680
957 0.55557
958 0.55435
959 0.55312
960 0.55190
961 0.55067
962 0.54944
963 0.54821
964 0.54698
965 0.54575
966 0.54452
967 0.54329
968 0.54206
969 0.54083
970 0.53959
971 0.53836
972 0.53713
973 0.59552
974 0.59437
975 0.59323
976 0.59209
977 0.59095
978 0.58980
979 0.58866
980 0.58751
981 0.58636
982 0.58521
983 0.58407
984 0.58292
985 0.58177
986 0.58062
987 0.57946
988 0.57831
989 0.57716
990 0.57601
991 0.57485
992 0.57370
993 0.57254
994 0.57138
995 0.57023
996 0.56907
997 0.56791
998 0.56675
999 0.56559
1000 0.56443
1001 0.56327
1002 0.56211
1003 0.56094
1004 0.55978
1005 0.55862
1006 0.55745
1007 0.55629
1008 0.55512
1009 0.55396
1010 0.55279
1011 0.55162
1012 0.55046
1013 0.54929
1014 0.54812
1015 0.54695
1016 0.54578
1017 0.54461
1018 0.54344
1019 0.54227
1020 0.54110
1021 0.53993
1022 0.53875
1023 0.53758
1024 0.53641
1025 0.53523
1026 0.66218
1027 0.66122
1028 0.66026
1029 0.65930
1030 0.65834
1031 0.65738
1032 0.65641
1033 0.65545
1034 0.65448
1035 0.65352
1036 0.65255
1037 0.65158
1038 0.65061
1039 0.64964
1040 0.64867
1041 0.64770
1042 0.64672
1043 0.64575
1044 0.64478
1045 0.64380
1046 0.64282
1047 0.64184
1048 0.64087
1049 0.63989
1050 0.63890
1051 0.63792
1052 0.63694
1053 0.63596
1054 0.63497
1055 0.63399
1056 0.63300
1057 0.63201
1058 0.63102
1059 0.63004
1060 0.62905
1061 0.62806
1062 0.62706
1063 0.62607
1064 0.62508
1065 0.62408
1066 0.62309
1067 0.62209
1068 0.62110
1069 0.62010
1070 0.61910
1071 0.61810
1072 0.61710
1073 0.61610
1074 0.61510
1075 0.61410
1076 0.61309
1077 0.61209
1078 0.61108
1079 0.61008
1080 0.60907
1081 0.60807
1082 0.60706
1083 0.60605
1084 0.60504
1085 0.60403
1086 0.60302
1087 0.60201
1088 0.60100
1089 0.59998
1090 0.59897
1091 0.59796
1092 0.59694
1093 0.59593
1094 0.59491
1095 0.59389
1096 0.59287
1097 0.59186
1098 0.59084
1099 0.58982
1100 0.58880
1101 0.58778
1102 0.58675
1103 0.58573
1104 0.58471
1105 0.58369
1106 0.58266
1107 0.58164
1108 0.58061
1109 0.57959
1110 0.57856
1111 0.57753
1112 0.57650
1113 0.57548
1114 0.57445
1115 0.57342
1116 0.57239
1117 0.57136
1118 0.57033
1119 0.56929
1120 0.56826
1121 0.56723
1122 0.56620
1123 0.56516
1124 0.56413
1125 0.56309
1126 0.56206
1127 0.56102
1128 0.55999
1129 0.55895
1130 0.55791
1131 0.55688
1132 0.55584
1133 0.55480
1134 0.55376
1135 0.55272
1136 0.55168
1137 0.55064
1138 0.54960
1139 0.54856
1140 0.54752
1141 0.54648
1142 0.54544
1143 0.54439
1144 0.54335
1145 0.54231
1146 0.54126
1147 0.54022
1148 0.53918
1149 0.53813
1150 0.53709
1151 0.53604
1152 0.53499
1153 0.53395
1154 0.53290
1155 0.53186
1156 0.53081
1157 0.52976
1158 0.52871
1159 0.52767
1160 0.52662
1161 0.52557
1162 0.52452
1163 0.52347
1164 0.52242
1165 0.52137
1166 0.52033
1167 0.51928
1168 0.51823
1169 0.51718
1170 0.51612
1171 0.51507
1172 0.51402
1173 0.51297
1174 0.51192
1175 0.51087
1176 0.50982
1177 0.50877
1178 0.50772
1179 0.50666
1180 0.50561
1181 0.50456
1182 0.50351
1183 0.50245
1184 0.50140
1185 0.50035
1186 0.49930
1187 0.49824
1188 0.49719
1189 0.49614
1190 0.49508
1191 0.49403
1192 0.49298
1193 0.49192
1194 0.49087
1195 0.48982
1196 0.48876
1197 0.48771
1198 0.48666
1199 0.48560
1200 0.48455
1201 0.48350
1202 0.48244
1203 0.48139
1204 0.48034
1205 0.47928
1206 0.47823
1207 0.47718
1208 0.47612
1209 0.47507
1210 0.47402
1211 0.47296
1212 0.47191
1213 0.47086
1214 0.46981
1215 0.46875
1216 1.00000
