17 0.93578
18 0.93014
19 0.92436
20 0.91845
21 0.91243
22 0.90630
23 0.90006
24 0.89372
25 0.88729
26 0.88077
27 0.87417
28 0.86749
29 0.86074
30 0.85391
31 0.84703
32 0.84009
33 0.83309
34 0.82604
35 0.81895
36 0.81181
37 0.80463
38 0.79742
39 0.79018
40 0.78291
41 0.77562
42 0.76830
43 0.76097
44 0.75362
45 0.74626
46 0.73889
47 0.73152
48 0.72414
49 0.71676
50 0.70938
51 0.70201
52 0.69464
53 0.68729
54 0.67994
55 0.67261
56 0.66529
57 0.65799
58 0.65071
59 0.64345
60 0.63621
61 0.62900
62 0.62181
63 0.61465
64 0.60753
65 0.60043
66 0.59337
67 0.58634
68 0.57934
69 0.57239
70 0.56547
71 0.55859
72 0.55175
73 0.54495
74 0.53819
75 0.53148
76 0.52481
77 0.51819
78 0.51161
79 0.50508
80 0.49860
81 0.49217
82 0.48578
83 0.47945
84 0.47317
85 0.46693
86 0.46075
87 0.45462
88 0.44854
89 0.44252
90 0.43655
91 0.43063
92 0.42476
93 0.41895
94 0.41320
95 0.40750
96 0.40185
97 0.39626
98 0.39072
99 0.38524
100 0.37982
101 0.37445
102 0.36913
103 0.36388
104 0.35867
105 0.35353
106 0.34844
107 0.34340
108 0.33842
109 0.33350
110 0.32863
111 0.32381
112 0.31905
113 0.31435
114 0.30970
115 0.30510
116 0.30056
117 0.29608
118 0.29164
119 0.28726
120 0.28294
121 0.27866
122 0.27444
123 0.27028
124 0.26616
125 0.26210
126 0.25809
127 0.25413
128 0.25022
129 0.24636
130 0.24255
131 0.23879
132 0.23508
133 0.23142
134 0.22781
135 0.22425
136 0.22073
137 0.21727
138 0.21385
139 0.21047
140 0.20715
141 0.20387
142 0.20063
143 0.19744
144 0.19429
145 0.19119
146 0.18814
147 0.18512
148 0.18215
149 0.17922
150 0.17634
151 0.17349
152 0.17069
153 0.16793
154 0.16521
155 0.16252
156 0.15988
157 0.15728
158 0.15471
159 0.15219
160 0.14970
161 0.14725
162 0.14483
163 0.14246
164 0.14011
165 0.13781
166 0.13554
167 0.13330
168 0.13110
169 0.12893
170 0.12680
171 0.12469
172 0.12262
173 0.12059
174 0.11858
175 0.11661
176 0.11467
177 0.11275
178 0.11087
179 0.10902
180 0.10720
181 0.10540
182 0.10364
183 0.10190
184 0.10019
185 0.09851
186 0.09686
187 0.09523
188 0.09363
189 0.09205
190 0.09050
191 0.08898
192 0.08748
193 0.08600
194 0.08455
195 0.08312
196 0.08172
197 0.08034
198 0.07898
199 0.07764
200 0.07633
201 0.07504
202 0.07377
203 0.07252
204 0.07129
205 0.07008
206 0.06889
207 0.06773
208 0.06658
209 0.06545
210 0.06434
211 0.06325
212 0.06217
213 0.06112
214 0.06008
215 0.05906
216 0.05806
217 0.05707
218 0.05610
219 0.05515
220 0.05422
221 0.05330
222 0.05239
223 0.05150
224 0.05063
225 0.04977
226 0.04893
227 0.04810
228 0.04728
229 0.04648
230 0.04569
231 0.04492
232 0.04416
233 0.04341
234 0.04268
235 0.04195
236 0.04124
237 0.04055
238 0.03986
239 0.03919
240 0.03853
241 0.03788
242 0.03724
243 0.03661
244 0.03599
245 0.03539
246 0.03479
247 0.03421
248 0.03363
249 0.03307
250 0.03251
251 0.03197
252 0.03143
253 0.03091
254 0.03039
255 0.02988
256 0.02938
257 0.02889
258 0.02841
259 0.02793
260 0.02747
261 0.02701
262 0.02656
263 0.02612
264 0.02569
265 0.02526
266 0.02484
267 0.02443
268 0.02403
269 0.02363
270 0.02324
271 0.02286
272 0.02248
273 0.02211
274 0.02175
275 0.02139
276 0.02104
277 0.02070
278 0.02036
279 0.02003
280 0.01970
281 0.01938
282 0.01906
283 0.01875
284 0.01845
285 0.01815
286 0.01786
287 0.01757
288 0.01728
289 0.01701
290 0.01673
291 0.01646
292 0.01620
293 0.01594
294 0.01568
295 0.01543
296 0.01519
297 0.01495
298 0.01471
299 0.01448
300 0.01425
301 0.01402
302 0.01380
303 0.01358
304 0.01337
305 0.01316
306 0.01295
307 0.01275
308 0.01255
309 0.01235
310 0.01216
311 0.01197
312 0.01179
313 0.01160
314 0.01143
315 0.01125
316 0.01108
317 0.01091
318 0.01074
319 0.01057
320 0.01041
321 0.01025
322 0.01010
323 0.00995
324 0.00979
325 0.00965
326 0.00950
327 0.00936
328 0.00922
329 0.00908
330 0.00894
331 0.00881
332 0.00868
333 0.00855
334 0.00843
335 0.00830
336 0.00818
337 0.00806
338 0.00794
339 0.00782
340 0.00771
341 0.00760
342 0.00749
343 0.00738
344 0.00727
345 0.00717
346 0.00707
347 0.00696
348 0.00687
349 0.00677
350 0.00667
351 0.00658
352 0.00648
353 0.00639
354 0.00630
355 0.00622
356 0.00613
357 0.00604
358 0.00596
359 0.00588
360 0.00580
361 0.00572
362 0.00564
363 0.00556
364 0.00549
365 0.00541
366 0.00534
367 0.00527
368 0.00520
369 0.00513
370 0.00506
371 0.00499
372 0.00492
373 0.00486
374 0.00479
375 0.00473
376 0.00467
377 0.00461
378 0.00455
379 0.00449
380 0.00443
381 0.00438
382 0.00432
383 0.00426
384 0.00421
385 0.00416
386 0.00411
387 0.00405
388 0.00400
389 0.00395
390 0.00390
391 0.00386
392 0.00381
393 0.00376
394 0.00372
395 0.00367
396 0.00363
397 0.00358
398 0.00354
399 0.00350
400 0.00346
401 0.00341
402 0.00337
403 0.00333
404 0.00330
405 0.00326
406 0.00322
407 0.00318
408 0.00315
409 0.00311
410 0.00308
411 0.00304
412 0.00301
413 0.00297
414 0.00294
415 0.00291
416 0.00287
417 0.00284
418 0.00281
419 0.00278
420 0.00275
421 0.00272
422 0.00269
423 0.00266
424 0.00264
425 0.00261
426 0.00258
427 0.00255
428 0.00253
429 0.00250
430 0.00248
431 0.00245
432 0.00243
433 0.00240
434 0.00238
435 0.00235
436 0.00233
437 0.00231
438 0.00229
439 0.00226
440 0.00224
441 0.00222
442 0.00220
443 0.00218
444 0.00216
445 0.00214
446 0.00212
447 0.00210
448 0.00208
449 0.00206
450 0.00204
451 0.00202
452 0.00201
453 0.00199
454 0.00197
455 0.00195
456 0.00194
457 0.00192
458 0.00190
459 0.00189
460 0.00187
461 0.00186
462 0.00184
463 0.00183
464 0.00181
465 0.00180
466 0.00178
467 0.00177
468 0.00175
469 0.00174
470 0.00173
471 0.00171
472 0.00170
473 0.00169
474 0.00168
475 0.00166
476 0.00165
477 0.00164
478 0.00163
479 0.00162
480 0.00161
481 0.00159
482 0.00158
483 0.00157
484 0.00156
485 0.00155
486 0.00154
487 0.00153
488 0.00152
489 0.00151
490 0.00150
491 0.00149
492 0.00148
493 0.00147
494 0.00146
495 0.00146
496 0.00145
497 0.00144
498 0.00143
499 0.00142
500 0.00141
501 0.00141
502 0.00140
503 0.00139
504 0.00138
505 0.00138
506 0.00137
507 0.00136
508 0.00135
509 0.00135
510 0.00134
511 0.00133
512 0.00133
513 0.00132
514 0.00132
515 0.00131
516 0.00130
517 0.00130
518 0.00129
519 0.00129
520 0.00128
521 0.00128
522 0.00127
523 0.00127
524 0.00126
525 0.00126
526 0.00125
527 0.00125
528 0.00124
529 0.00124
530 0.00124
531 0.00123
532 0.00123
533 0.00122
534 0.00122
535 0.00122
536 0.00121
537 0.00121
538 0.00121
539 0.00120
540 0.00120
541 0.00120
542 0.00119
543 0.00119
544 0.00119
545 0.00118
546 0.00118
547 0.00118
548 0.00118
549 0.00118
550 0.00117
551 0.00117
552 0.00117
553 0.00117
554 0.00117
555 0.00116
556 0.00116
557 0.00116
558 0.00116
559 0.00116
560 0.00116
561 0.00116
562 0.00116
563 0.00115
564 0.00115
565 0.00115
566 0.00115
567 0.00115
568 0.00115
569 0.00115
570 0.00115
571 0.00115
572 0.00115
573 0.00115
574 0.00115
575 0.00115
576 0.00115
577 0.00115
578 0.00116
579 0.00116
580 0.00116
581 0.00116
582 0.00116
583 0.00116
584 0.00116
585 0.00116
586 0.00116
587 0.00117
588 0.00117
589 0.00117
590 0.00117
591 0.00117
592 0.00118
593 0.00118
594 0.00118
595 0.00118
596 0.00119
597 0.00119
598 0.00119
599 0.00120
600 0.00120
601 0.00120
602 0.00120
603 0.00121
604 0.00121
605 0.00122
606 0.00122
607 0.00122
608 0.00123
609 0.00123
610 0.00124
611 0.00124
612 0.00125
613 0.00125
614 0.00126
615 0.00126
616 0.00127
617 0.00127
618 0.00128
619 0.00128
620 0.00129
621 0.00129
622 0.00130
623 0.00131
624 0.00131
625 0.00132
626 0.00133
627 0.00133
628 0.00134
629 0.00135
630 0.00135
631 0.00136
632 0.00137
633 0.00138
634 0.00138
635 0.00139
636 0.00140
637 0.00141
638 0.00142
639 0.00143
640 0.00144
641 0.00145
642 0.00145
643 0.00146
644 0.00147
645 0.00148
646 0.00149
647 0.00151
648 0.00152
649 0.00153
650 0.00154
651 0.00155
652 0.00156
653 0.00157
654 0.00159
655 0.00160
656 0.00161
657 0.00162
658 0.00164
659 0.00165
660 0.00166
661 0.00168
662 0.00169
663 0.00171
664 0.00172
665 0.00174
666 0.00175
667 0.00177
668 0.00179
669 0.00180
670 0.00182
671 0.00184
672 0.00186
673 0.00187
674 0.00189
675 0.00191
676 0.00193
677 0.00195
678 0.00197
679 0.00199
680 0.00201
681 0.00203
682 0.00205
683 0.00208
684 0.00210
685 0.00212
686 0.00215
687 0.00217
688 0.00220
689 0.00222
690 0.00225
691 0.00227
692 0.00230
693 0.00233
694 0.00235
695 0.00238
696 0.00241
697 0.00244
698 0.00247
699 0.00250
700 0.00254
701 0.00257
702 0.00260
703 0.00264
704 0.00267
705 0.00271
706 0.00274
707 0.00278
708 0.00282
709 0.00286
710 0.00289
711 0.00294
712 0.00298
713 0.00302
714 0.00306
715 0.00311
716 0.00315
717 0.00320
718 0.00324
719 0.00329
720 0.00334
721 0.00339
722 0.00344
723 0.00350
724 0.00355
725 0.00361
726 0.00366
727 0.00372
728 0.00378
729 0.00384
730 0.00390
731 0.00397
732 0.00403
733 0.00410
734 0.00417
735 0.00424
736 0.00431
737 0.00438
738 0.00446
739 0.00453
740 0.00461
741 0.00469
742 0.00477
743 0.00486
744 0.00494
745 0.00503
746 0.00512
747 0.00522
748 0.00531
749 0.00541
750 0.00551
751 0.00561
752 0.00572
753 0.00583
754 0.00594
755 0.00605
756 0.00617
757 0.00629
758 0.00641
759 0.00654
760 0.00667
761 0.00680
762 0.00694
763 0.00708
764 0.00722
765 0.00737
766 0.00752
767 0.00767
768 0.00783
769 0.00800
770 0.00816
771 0.00834
772 0.00851
773 0.00870
774 0.00888
775 0.00908
776 0.00927
777 0.00948
778 0.00968
779 0.00990
780 0.01012
781 0.01035
782 0.01058
783 0.01082
784 0.01107
785 0.01132
786 0.01158
787 0.01185
788 0.01213
789 0.01241
790 0.01270
791 0.01300
792 0.01331
793 0.01363
794 0.01396
795 0.01430
796 0.01465
797 0.01501
798 0.01537
799 0.01576
800 0.01615
801 0.01655
802 0.01697
803 0.01740
804 0.01784
805 0.01829
806 0.01876
807 0.01925
808 0.01975
809 0.02026
810 0.02079
811 0.02134
812 0.02190
813 0.02249
814 0.02309
815 0.02371
816 0.02435
817 0.02501
818 0.02569
819 0.02640
820 0.02712
821 0.02787
822 0.02865
823 0.02945
824 0.03028
825 0.03113
826 0.03201
827 0.03293
828 0.03387
829 0.03484
830 0.03585
831 0.03689
832 0.03797
833 0.03908
834 0.04023
835 0.04142
836 0.04266
837 0.04393
838 0.04525
839 0.04661
840 0.04802
841 0.04949
842 0.05100
843 0.05256
844 0.05419
845 0.05587
846 0.05761
847 0.05941
848 0.06127
849 0.06321
850 0.06521
851 0.06729
852 0.06944
853 0.07167
854 0.07398
855 0.07638
856 0.07886
857 0.08144
858 0.08412
859 0.08689
860 0.08977
861 0.09276
862 0.09585
863 0.09907
864 0.10241
865 0.10588
866 0.10947
867 0.11321
868 0.11709
869 0.12112
870 0.12531
871 0.12966
872 0.13418
873 0.13887
874 0.14376
875 0.14883
876 0.15411
877 0.15959
878 0.16529
879 0.17123
880 0.17740
881 0.18381
882 0.19049
883 0.19744
884 0.20467
885 0.21220
886 0.22003
887 0.22819
888 0.23668
889 0.24553
890 0.25474
891 0.26434
892 0.27434
893 0.28475
894 0.29561
895 0.30692
896 0.31871
897 0.33101
898 0.34382
899 0.35719
900 0.37113
901 0.38567
902 0.40084
903 0.41666
904 0.43318
905 0.45041
906 0.46841
907 0.48719
908 0.50679
909 0.52727
910 0.54865
911 0.57099
912 0.58932
913 0.59364
914 0.59858
915 0.60345
916 0.60666
917 0.60821
918 0.61025
919 0.61291
920 0.61638
921 0.62093
922 0.61977
923 0.61861
924 0.62469
925 0.62355
926 0.62240
927 0.63067
928 0.62954
929 0.62841
930 0.62728
931 0.63888
932 0.63777
933 0.63666
934 0.63555
935 0.63444
936 0.63332
937 0.63221
938 0.64926
939 0.64818
940 0.64710
941 0.64602
942 0.64494
943 0.64386
944 0.64277
945 0.64169
946 0.64060
947 0.63951
948 0.63842
949 0.63733
950 0.66420
951 0.66316
952 0.66213
953 0.66110
954 0.66006
955 0.65902
956 0.65799
957 0.65695
958 0.65591
959 0.65487
960 0.65382
961 0.65278
962 0.65173
963 0.65069
964 0.64964
965 0.64859
966 0.64754
967 0.64649
968 0.64544
969 0.64439
970 0.64333
971 0.64228
972 0.64122
973 0.68868
974 0.68772
975 0.68677
976 0.68581
977 0.68486
978 0.68390
979 0.68294
980 0.68198
981 0.68102
982 0.68006
983 0.67910
984 0.67813
985 0.67717
986 0.67620
987 0.67523
988 0.67426
989 0.67329
990 0.67232
991 0.67135
992 0.67038
993 0.66940
994 0.66843
995 0.66745
996 0.66647
997 0.66549
998 0.66451
999 0.66353
1000 0.66255
1001 0.66156
1002 0.66058
1003 0.65959
1004 0.65860
1005 0.65762
1006 0.65663
1007 0.65564
1008 0.65464
1009 0.65365
1010 0.65266
1011 0.65166
1012 0.65067
1013 0.64967
1014 0.64867
1015 0.64768
1016 0.64668
1017 0.64568
1018 0.64467
1019 0.64367
1020 0.64267
1021 0.64166
1022 0.64066
1023 0.63965
1024 0.63864
1025 0.63763
1026 0.74185
1027 0.74107
1028 0.74029
1029 0.73951
1030 0.73872
1031 0.73794
1032 0.73715
1033 0.73637
1034 0.73558
1035 0.73479
1036 0.73400
1037 0.73321
1038 0.73242
1039 0.73163
1040 0.73084
1041 0.73004
1042 0.72925
1043 0.72845
1044 0.72765
1045 0.72685
1046 0.72605
1047 0.72525
1048 0.72445
1049 0.72364
1050 0.72284
1051 0.72203
1052 0.72122
1053 0.72042
1054 0.71961
1055 0.71880
1056 0.71798
1057 0.71717
1058 0.71636
1059 0.71554
1060 0.71473
1061 0.71391
1062 0.71309
1063 0.71227
1064 0.71145
1065 0.71063
1066 0.70981
1067 0.70899
1068 0.70816
1069 0.70734
1070 0.70651
1071 0.70568
1072 0.70485
1073 0.70402
1074 0.70319
1075 0.70236
1076 0.70153
1077 0.70070
1078 0.69986
1079 0.69903
1080 0.69819
1081 0.69735
1082 0.69651
1083 0.69567
1084 0.69483
1085 0.69399
1086 0.69315
1087 0.69230
1088 0.69146
1089 0.69061
1090 0.68977
1091 0.68892
1092 0.68807
1093 0.68722
1094 0.68637
1095 0.68552
1096 0.68466
1097 0.68381
1098 0.68296
1099 0.68210
1100 0.68124
1101 0.68039
1102 0.67953
1103 0.67867
1104 0.67781
1105 0.67695
1106 0.67609
1107 0.67522
1108 0.67436
1109 0.67349
1110 0.67263
1111 0.67176
1112 0.67089
1113 0.67002
1114 0.66915
1115 0.66828
1116 0.66741
1117 0.66654
1118 0.66567
1119 0.66479
1120 0.66392
1121 0.66304
1122 0.66217
1123 0.66129
1124 0.66041
1125 0.65953
1126 0.65865
1127 0.65777
1128 0.65689
1129 0.65601
1130 0.65512
1131 0.65424
1132 0.65335
1133 0.65247
1134 0.65158
1135 0.65069
1136 0.64980
1137 0.64891
1138 0.64802
1139 0.64713
1140 0.64624
1141 0.64535
1142 0.64446
1143 0.64356
1144 0.64267
1145 0.64177
1146 0.64087
1147 0.63998
1148 0.63908
1149 0.63818
1150 0.63728
1151 0.63638
1152 0.63548
1153 0.63458
1154 0.63367
1155 0.63277
1156 0.63187
1157 0.63096
1158 0.63005
1159 0.62915
1160 0.62824
1161 0.62733
1162 0.62642
1163 0.62552
1164 0.62461
1165 0.62369
1166 0.62278
1167 0.62187
1168 0.62096
1169 0.62004
1170 0.61913
1171 0.61822
1172 0.61730
1173 0.61638
1174 0.61547
1175 0.61455
1176 0.61363
1177 0.61271
1178 0.61179
1179 0.61087
1180 0.60995
1181 0.60903
1182 0.60811
1183 0.60718
1184 0.60626
1185 0.60534
1186 0.60441
1187 0.60349
1188 0.60256
1189 0.60163
1190 0.60071
1191 0.59978
1192 0.59885
1193 0.59792
1194 0.59699
1195 0.59606
1196 0.59513
1197 0.59420
1198 0.59327
1199 0.59234
1200 0.59140
1201 0.59047
1202 0.58954
1203 0.58860
1204 0.58767
1205 0.58673
1206 0.58579
1207 0.58486
1208 0.58392
1209 0.58298
1210 0.58204
1211 0.58110
1212 0.58017
1213 0.57923
1214 0.57829
1215 0.57734
1216 1.00000
