17 0.92300
18 0.91630
19 0.90944
20 0.90245
21 0.89532
22 0.88808
23 0.88072
24 0.87326
25 0.86569
26 0.85804
27 0.85030
28 0.84249
29 0.83460
30 0.82665
31 0.81863
32 0.81057
33 0.80245
34 0.79429
35 0.78609
36 0.77786
37 0.76960
38 0.76132
39 0.75301
40 0.74469
41 0.73636
42 0.72802
43 0.71968
44 0.71134
45 0.70300
46 0.69466
47 0.68634
48 0.67804
49 0.66974
50 0.66147
51 0.65322
52 0.64500
53 0.63681
54 0.62864
55 0.62051
56 0.61241
57 0.60436
58 0.59634
59 0.58836
60 0.58043
61 0.57254
62 0.56470
63 0.55691
64 0.54917
65 0.54149
66 0.53385
67 0.52628
68 0.51875
69 0.51129
70 0.50389
71 0.49655
72 0.48926
73 0.48204
74 0.47489
75 0.46780
76 0.46077
77 0.45381
78 0.44691
79 0.44009
80 0.43333
81 0.42663
82 0.42001
83 0.41345
84 0.40697
85 0.40055
86 0.39421
87 0.38793
88 0.38173
89 0.37560
90 0.36953
91 0.36354
92 0.35762
93 0.35177
94 0.34599
95 0.34028
96 0.33464
97 0.32908
98 0.32358
99 0.31816
100 0.31280
101 0.30751
102 0.30230
103 0.29715
104 0.29207
105 0.28707
106 0.28212
107 0.27725
108 0.27245
109 0.26771
110 0.26304
111 0.25844
112 0.25390
113 0.24943
114 0.24502
115 0.24068
116 0.23640
117 0.23219
118 0.22804
119 0.22395
120 0.21992
121 0.21595
122 0.21205
123 0.20821
124 0.20442
125 0.20070
126 0.19703
127 0.19342
128 0.18987
129 0.18637
130 0.18294
131 0.17955
132 0.17623
133 0.17295
134 0.16973
135 0.16656
136 0.16345
137 0.16039
138 0.15738
139 0.15441
140 0.15150
141 0.14864
142 0.14583
143 0.14306
144 0.14034
145 0.13767
146 0.13505
147 0.13247
148 0.12993
149 0.12744
150 0.12500
151 0.12259
152 0.12023
153 0.11791
154 0.11563
155 0.11340
156 0.11120
157 0.10904
158 0.10692
159 0.10484
160 0.10280
161 0.10079
162 0.09882
163 0.09689
164 0.09499
165 0.09313
166 0.09130
167 0.08951
168 0.08774
169 0.08602
170 0.08432
171 0.08266
172 0.08102
173 0.07942
174 0.07785
175 0.07630
176 0.07479
177 0.07331
178 0.07185
179 0.07042
180 0.06902
181 0.06764
182 0.06629
183 0.06497
184 0.06367
185 0.06240
186 0.06115
187 0.05993
188 0.05873
189 0.05756
190 0.05640
191 0.05527
192 0.05416
193 0.05308
194 0.05201
195 0.05096
196 0.04994
197 0.04894
198 0.04795
199 0.04699
200 0.04604
201 0.04511
202 0.04421
203 0.04331
204 0.04244
205 0.04159
206 0.04075
207 0.03993
208 0.03912
209 0.03833
210 0.03756
211 0.03680
212 0.03606
213 0.03533
214 0.03462
215 0.03392
216 0.03324
217 0.03256
218 0.03191
219 0.03126
220 0.03063
221 0.03002
222 0.02941
223 0.02882
224 0.02824
225 0.02767
226 0.02711
227 0.02656
228 0.02603
229 0.02550
230 0.02499
231 0.02449
232 0.02400
233 0.02351
234 0.02304
235 0.02258
236 0.02212
237 0.02168
238 0.02124
239 0.02082
240 0.02040
241 0.01999
242 0.01959
243 0.01920
244 0.01882
245 0.01844
246 0.01807
247 0.01771
248 0.01736
249 0.01701
250 0.01667
251 0.01634
252 0.01601
253 0.01570
254 0.01538
255 0.01508
256 0.01478
257 0.01449
258 0.01420
259 0.01392
260 0.01364
261 0.01337
262 0.01311
263 0.01285
264 0.01260
265 0.01235
266 0.01211
267 0.01187
268 0.01164
269 0.01141
270 0.01119
271 0.01097
272 0.01075
273 0.01054
274 0.01034
275 0.01014
276 0.00994
277 0.00975
278 0.00956
279 0.00937
280 0.00919
281 0.00901
282 0.00884
283 0.00867
284 0.00850
285 0.00834
286 0.00818
287 0.00802
288 0.00787
289 0.00772
290 0.00757
291 0.00743
292 0.00729
293 0.00715
294 0.00701
295 0.00688
296 0.00675
297 0.00662
298 0.00650
299 0.00638
300 0.00626
301 0.00614
302 0.00602
303 0.00591
304 0.00580
305 0.00569
306 0.00559
307 0.00548
308 0.00538
309 0.00528
310 0.00518
311 0.00509
312 0.00500
313 0.00490
314 0.00481
315 0.00473
316 0.00464
317 0.00456
318 0.00447
319 0.00439
320 0.00431
321 0.00424
322 0.00416
323 0.00408
324 0.00401
325 0.00394
326 0.00387
327 0.00380
328 0.00373
329 0.00367
330 0.00360
331 0.00354
332 0.00348
333 0.00342
334 0.00336
335 0.00330
336 0.00324
337 0.00318
338 0.00313
339 0.00307
340 0.00302
341 0.00297
342 0.00292
343 0.00287
344 0.00282
345 0.00277
346 0.00272
347 0.00268
348 0.00263
349 0.00259
350 0.00255
351 0.00250
352 0.00246
353 0.00242
354 0.00238
355 0.00234
356 0.00230
357 0.00226
358 0.00223
359 0.00219
360 0.00215
361 0.00212
362 0.00209
363 0.00205
364 0.00202
365 0.00199
366 0.00195
367 0.00192
368 0.00189
369 0.00186
370 0.00183
371 0.00180
372 0.00178
373 0.00175
374 0.00172
375 0.00169
376 0.00167
377 0.00164
378 0.00162
379 0.00159
380 0.00157
381 0.00155
382 0.00152
383 0.00150
384 0.00148
385 0.00145
386 0.00143
387 0.00141
388 0.00139
389 0.00137
390 0.00135
391 0.00133
392 0.00131
393 0.00129
394 0.00127
395 0.00126
396 0.00124
397 0.00122
398 0.00120
399 0.00119
400 0.00117
401 0.00115
402 0.00114
403 0.00112
404 0.00111
405 0.00109
406 0.00108
407 0.00106
408 0.00105
409 0.00103
410 0.00102
411 0.00101
412 0.00099
413 0.00098
414 0.00097
415 0.00095
416 0.00094
417 0.00093
418 0.00092
419 0.00090
420 0.00089
421 0.00088
422 0.00087
423 0.00086
424 0.00085
425 0.00084
426 0.00083
427 0.00082
428 0.00081
429 0.00080
430 0.00079
431 0.00078
432 0.00077
433 0.00076
434 0.00075
435 0.00074
436 0.00073
437 0.00073
438 0.00072
439 0.00071
440 0.00070
441 0.00069
442 0.00069
443 0.00068
444 0.00067
445 0.00066
446 0.00066
447 0.00065
448 0.00064
449 0.00064
450 0.00063
451 0.00062
452 0.00062
453 0.00061
454 0.00060
455 0.00060
456 0.00059
457 0.00058
458 0.00058
459 0.00057
460 0.00057
461 0.00056
462 0.00056
463 0.00055
464 0.00055
465 0.00054
466 0.00054
467 0.00053
468 0.00053
469 0.00052
470 0.00052
471 0.00051
472 0.00051
473 0.00050
474 0.00050
475 0.00049
476 0.00049
477 0.00048
478 0.00048
479 0.00048
480 0.00047
481 0.00047
482 0.00046
483 0.00046
484 0.00046
485 0.00045
486 0.00045
487 0.00045
488 0.00044
489 0.00044
490 0.00044
491 0.00043
492 0.00043
493 0.00043
494 0.00042
495 0.00042
496 0.00042
497 0.00042
498 0.00041
499 0.00041
500 0.00041
501 0.00040
502 0.00040
503 0.00040
504 0.00040
505 0.00039
506 0.00039
507 0.00039
508 0.00039
509 0.00038
510 0.00038
511 0.00038
512 0.00038
513 0.00038
514 0.00037
515 0.00037
516 0.00037
517 0.00037
518 0.00037
519 0.00036
520 0.00036
521 0.00036
522 0.00036
523 0.00036
524 0.00036
525 0.00035
526 0.00035
527 0.00035
528 0.00035
529 0.00035
530 0.00035
531 0.00035
532 0.00034
533 0.00034
534 0.00034
535 0.00034
536 0.00034
537 0.00034
538 0.00034
539 0.00034
540 0.00034
541 0.00033
542 0.00033
543 0.00033
544 0.00033
545 0.00033
546 0.00033
547 0.00033
548 0.00033
549 0.00033
550 0.00033
551 0.00033
552 0.00033
553 0.00033
554 0.00032
555 0.00032
556 0.00032
557 0.00032
558 0.00032
559 0.00032
560 0.00032
561 0.00032
562 0.00032
563 0.00032
564 0.00032
565 0.00032
566 0.00032
567 0.00032
568 0.00032
569 0.00032
570 0.00032
571 0.00032
572 0.00032
573 0.00032
574 0.00032
575 0.00032
576 0.00032
577 0.00032
578 0.00032
579 0.00032
580 0.00032
581 0.00032
582 0.00032
583 0.00032
584 0.00032
585 0.00032
586 0.00032
587 0.00033
588 0.00033
589 0.00033
590 0.00033
591 0.00033
592 0.00033
593 0.00033
594 0.00033
595 0.00033
596 0.00033
597 0.00033
598 0.00033
599 0.00033
600 0.00034
601 0.00034
602 0.00034
603 0.00034
604 0.00034
605 0.00034
606 0.00034
607 0.00034
608 0.00035
609 0.00035
610 0.00035
611 0.00035
612 0.00035
613 0.00035
614 0.00035
615 0.00036
616 0.00036
617 0.00036
618 0.00036
619 0.00036
620 0.00036
621 0.00037
622 0.00037
623 0.00037
624 0.00037
625 0.00038
626 0.00038
627 0.00038
628 0.00038
629 0.00038
630 0.00039
631 0.00039
632 0.00039
633 0.00039
634 0.00040
635 0.00040
636 0.00040
637 0.00041
638 0.00041
639 0.00041
640 0.00041
641 0.00042
642 0.00042
643 0.00042
644 0.00043
645 0.00043
646 0.00044
647 0.00044
648 0.00044
649 0.00045
650 0.00045
651 0.00045
652 0.00046
653 0.00046
654 0.00047
655 0.00047
656 0.00048
657 0.00048
658 0.00048
659 0.00049
660 0.00049
661 0.00050
662 0.00050
663 0.00051
664 0.00052
665 0.00052
666 0.00053
667 0.00053
668 0.00054
669 0.00054
670 0.00055
671 0.00056
672 0.00056
673 0.00057
674 0.00058
675 0.00058
676 0.00059
677 0.00060
678 0.00060
679 0.00061
680 0.00062
681 0.00063
682 0.00064
683 0.00064
684 0.00065
685 0.00066
686 0.00067
687 0.00068
688 0.00069
689 0.00070
690 0.00071
691 0.00072
692 0.00073
693 0.00074
694 0.00075
695 0.00076
696 0.00077
697 0.00078
698 0.00079
699 0.00080
700 0.00082
701 0.00083
702 0.00084
703 0.00085
704 0.00087
705 0.00088
706 0.00089
707 0.00091
708 0.00092
709 0.00094
710 0.00095
711 0.00097
712 0.00099
713 0.00100
714 0.00102
715 0.00104
716 0.00106
717 0.00107
718 0.00109
719 0.00111
720 0.00113
721 0.00115
722 0.00117
723 0.00119
724 0.00122
725 0.00124
726 0.00126
727 0.00128
728 0.00131
729 0.00133
730 0.00136
731 0.00139
732 0.00141
733 0.00144
734 0.00147
735 0.00150
736 0.00153
737 0.00156
738 0.00159
739 0.00162
740 0.00166
741 0.00169
742 0.00173
743 0.00176
744 0.00180
745 0.00184
746 0.00188
747 0.00192
748 0.00196
749 0.00200
750 0.00205
751 0.00209
752 0.00214
753 0.00219
754 0.00224
755 0.00229
756 0.00234
757 0.00239
758 0.00245
759 0.00251
760 0.00256
761 0.00262
762 0.00269
763 0.00275
764 0.00282
765 0.00289
766 0.00296
767 0.00303
768 0.00310
769 0.00318
770 0.00326
771 0.00334
772 0.00342
773 0.00351
774 0.00360
775 0.00369
776 0.00379
777 0.00389
778 0.00399
779 0.00409
780 0.00420
781 0.00431
782 0.00443
783 0.00455
784 0.00467
785 0.00480
786 0.00493
787 0.00506
788 0.00520
789 0.00535
790 0.00550
791 0.00565
792 0.00581
793 0.00598
794 0.00615
795 0.00632
796 0.00651
797 0.00670
798 0.00689
799 0.00709
800 0.00730
801 0.00752
802 0.00774
803 0.00797
804 0.00822
805 0.00846
806 0.00872
807 0.00899
808 0.00926
809 0.00955
810 0.00985
811 0.01015
812 0.01047
813 0.01080
814 0.01114
815 0.01150
816 0.01187
817 0.01225
818 0.01265
819 0.01306
820 0.01348
821 0.01392
822 0.01438
823 0.01486
824 0.01535
825 0.01587
826 0.01640
827 0.01696
828 0.01753
829 0.01813
830 0.01875
831 0.01939
832 0.02006
833 0.02076
834 0.02149
835 0.02224
836 0.02302
837 0.02384
838 0.02469
839 0.02557
840 0.02649
841 0.02744
842 0.02844
843 0.02947
844 0.03055
845 0.03167
846 0.03284
847 0.03405
848 0.03532
849 0.03664
850 0.03802
851 0.03945
852 0.04095
853 0.04250
854 0.04413
855 0.04582
856 0.04759
857 0.04943
858 0.05136
859 0.05336
860 0.05546
861 0.05764
862 0.05992
863 0.06231
864 0.06479
865 0.06739
866 0.07010
867 0.07294
868 0.07590
869 0.07899
870 0.08223
871 0.08561
872 0.08914
873 0.09284
874 0.09671
875 0.10075
876 0.10498
877 0.10941
878 0.11404
879 0.11889
880 0.12396
881 0.12927
882 0.13483
883 0.14066
884 0.14676
885 0.15316
886 0.15985
887 0.16687
888 0.17423
889 0.18194
890 0.19003
891 0.19850
892 0.20740
893 0.21672
894 0.22651
895 0.23678
896 0.24755
897 0.25886
898 0.27073
899 0.28320
900 0.29629
901 0.31004
902 0.32448
903 0.33965
904 0.35560
905 0.37236
906 0.38997
907 0.40849
908 0.42796
909 0.44844
910 0.46998
911 0.49264
912 0.51134
913 0.51609
914 0.52155
915 0.52694
916 0.53050
917 0.53222
918 0.53448
919 0.53743
920 0.54129
921 0.54637
922 0.54508
923 0.54379
924 0.55058
925 0.54929
926 0.54801
927 0.55727
928 0.55600
929 0.55473
930 0.55347
931 0.56648
932 0.56524
933 0.56399
934 0.56274
935 0.56149
936 0.56024
937 0.55899
938 0.57818
939 0.57697
940 0.57575
941 0.57453
942 0.57331
943 0.57209
944 0.57086
945 0.56964
946 0.56842
947 0.56719
948 0.56597
949 0.56474
950 0.59511
951 0.59393
952 0.59276
953 0.59159
954 0.59041
955 0.58924
956 0.58806
957 0.58688
958 0.58570
959 0.58452
960 0.58334
961 0.58216
962 0.58098
963 0.57980
964 0.57861
965 0.57743
966 0.57624
967 0.57506
968 0.57387
969 0.57268
970 0.57150
971 0.57031
972 0.56912
973 0.62306
974 0.62197
975 0.62088
976 0.61978
977 0.61869
978 0.61759
979 0.61649
980 0.61540
981 0.61430
982 0.61320
983 0.61209
984 0.61099
985 0.60989
986 0.60878
987 0.60768
988 0.60657
989 0.60547
990 0.60436
991 0.60325
992 0.60214
993 0.60103
994 0.59992
995 0.59881
996 0.59769
997 0.59658
998 0.59546
999 0.59435
1000 0.59323
1001 0.59212
1002 0.59100
1003 0.58988
1004 0.58876
1005 0.58764
1006 0.58652
1007 0.58540
1008 0.58427
1009 0.58315
1010 0.58203
1011 0.58090
1012 0.57978
1013 0.57865
1014 0.57752
1015 0.57639
1016 0.57527
1017 0.57414
1018 0.57301
1019 0.57188
1020 0.57075
1021 0.56961
1022 0.56848
1023 0.56735
1024 0.56622
1025 0.56508
1026 0.68470
1027 0.68379
1028 0.68288
1029 0.68196
1030 0.68105
1031 0.68013
1032 0.67922
1033 0.67830
1034 0.67738
1035 0.67646
1036 0.67554
1037 0.67461
1038 0.67369
1039 0.67277
1040 0.67184
1041 0.67091
1042 0.66998
1043 0.66906
1044 0.66813
1045 0.66720
1046 0.66626
1047 0.66533
1048 0.66440
1049 0.66346
1050 0.66253
1051 0.66159
1052 0.66065
1053 0.65971
1054 0.65877
1055 0.65783
1056 0.65689
1057 0.65595
1058 0.65500
1059 0.65406
1060 0.65311
1061 0.65216
1062 0.65122
1063 0.65027
1064 0.64932
1065 0.64837
1066 0.64742
1067 0.64646
1068 0.64551
1069 0.64456
1070 0.64360
1071 0.64265
1072 0.64169
1073 0.64073
1074 0.63977
1075 0.63881
1076 0.63785
1077 0.63689
1078 0.63593
1079 0.63497
1080 0.63400
1081 0.63304
1082 0.63207
1083 0.63110
1084 0.63014
1085 0.62917
1086 0.62820
1087 0.62723
1088 0.62626
1089 0.62529
1090 0.62432
1091 0.62334
1092 0.62237
1093 0.62139
1094 0.62042
1095 0.61944
1096 0.61846
1097 0.61749
1098 0.61651
1099 0.61553
1100 0.61455
1101 0.61357
1102 0.61259
1103 0.61160
1104 0.61062
1105 0.60964
1106 0.60865
1107 0.60767
1108 0.60668
1109 0.60569
1110 0.60471
1111 0.60372
1112 0.60273
1113 0.60174
1114 0.60075
1115 0.59976
1116 0.59877
1117 0.59777
1118 0.59678
1119 0.59579
1120 0.59479
1121 0.59380
1122 0.59280
1123 0.59181
1124 0.59081
1125 0.58981
1126 0.58881
1127 0.58781
1128 0.58681
1129 0.58581
1130 0.58481
1131 0.58381
1132 0.58281
1133 0.58181
1134 0.58081
1135 0.57980
1136 0.57880
1137 0.57779
1138 0.57679
1139 0.57578
1140 0.57478
1141 0.57377
1142 0.57276
1143 0.57175
1144 0.57075
1145 0.56974
1146 0.56873
1147 0.56772
1148 0.56671
1149 0.56570
1150 0.56469
1151 0.56367
1152 0.56266
1153 0.56165
1154 0.56063
1155 0.55962
1156 0.55861
1157 0.55759
1158 0.55658
1159 0.55556
1160 0.55455
1161 0.55353
1162 0.55251
1163 0.55150
1164 0.55048
1165 0.54946
1166 0.54844
1167 0.54742
1168 0.54640
1169 0.54538
1170 0.54436
1171 0.54334
1172 0.54232
1173 0.54130
1174 0.54028
1175 0.53926
1176 0.53824
1177 0.53722
1178 0.53619
1179 0.53517
1180 0.53415
1181 0.53312
1182 0.53210
1183 0.53107
1184 0.53005
1185 0.52903
1186 0.52800
1187 0.52698
1188 0.52595
1189 0.52492
1190 0.52390
1191 0.52287
1192 0.52185
1193 0.52082
1194 0.51979
1195 0.51877
1196 0.51774
1197 0.51671
1198 0.51568
1199 0.51466
1200 0.51363
1201 0.51260
1202 0.51157
1203 0.51054
1204 0.50951
1205 0.50848
1206 0.50746
1207 0.50643
1208 0.50540
1209 0.50437
1210 0.50334
1211 0.50231
1212 0.50128
1213 0.50025
1214 0.49922
1215 0.49819
1216 1.00000
