17 0.99776
18 0.99755
19 0.99733
20 0.99710
21 0.99686
22 0.99662
23 0.99638
24 0.99612
25 0.99586
26 0.99560
27 0.99532
28 0.99504
29 0.99476
30 0.99447
31 0.99417
32 0.99387
33 0.99356
34 0.99324
35 0.99293
36 0.99260
37 0.99227
38 0.99193
39 0.99159
40 0.99125
41 0.99089
42 0.99054
43 0.99018
44 0.98981
45 0.98944
46 0.98906
47 0.98868
48 0.98830
49 0.98790
50 0.98751
51 0.98711
52 0.98671
53 0.98630
54 0.98588
55 0.98547
56 0.98504
57 0.98462
58 0.98419
59 0.98375
60 0.98331
61 0.98287
62 0.98242
63 0.98197
64 0.98152
65 0.98106
66 0.98060
67 0.98013
68 0.97966
69 0.97918
70 0.97871
71 0.97823
72 0.97774
73 0.97725
74 0.97676
75 0.97626
76 0.97576
77 0.97526
78 0.97475
79 0.97424
80 0.97373
81 0.97321
82 0.97270
83 0.97217
84 0.97165
85 0.97112
86 0.97058
87 0.97005
88 0.96951
89 0.96897
90 0.96842
91 0.96788
92 0.96733
93 0.96677
94 0.96622
95 0.96566
96 0.96509
97 0.96453
98 0.96396
99 0.96339
100 0.96282
101 0.96224
102 0.96167
103 0.96109
104 0.96050
105 0.95992
106 0.95933
107 0.95874
108 0.95814
109 0.95755
110 0.95695
111 0.95635
112 0.95575
113 0.95514
114 0.95453
115 0.95392
116 0.95331
117 0.95270
118 0.95208
119 0.95146
120 0.95084
121 0.95022
122 0.94960
123 0.94897
124 0.94834
125 0.94771
126 0.94708
127 0.94645
128 0.94581
129 0.94517
130 0.94453
131 0.94389
132 0.94325
133 0.94260
134 0.94195
135 0.94131
136 0.94065
137 0.94000
138 0.93935
139 0.93869
140 0.93804
141 0.93738
142 0.93672
143 0.93606
144 0.93539
145 0.93473
146 0.93406
147 0.93340
148 0.93273
149 0.93206
150 0.93139
151 0.93071
152 0.93004
153 0.92936
154 0.92869
155 0.92801
156 0.92733
157 0.92665
158 0.92597
159 0.92529
160 0.92460
161 0.92392
162 0.92323
163 0.92254
164 0.92186
165 0.92117
166 0.92048
167 0.91979
168 0.91909
169 0.91840
170 0.91771
171 0.91701
172 0.91632
173 0.91562
174 0.91492
175 0.91423
176 0.91353
177 0.91283
178 0.91213
179 0.91143
180 0.91073
181 0.91002
182 0.90932
183 0.90862
184 0.90791
185 0.90721
186 0.90650
187 0.90579
188 0.90509
189 0.90438
190 0.90367
191 0.90296
192 0.90226
193 0.90155
194 0.90084
195 0.90013
196 0.89942
197 0.89871
198 0.89799
199 0.89728
200 0.89657
201 0.89586
202 0.89515
203 0.89443
204 0.89372
205 0.89301
206 0.89229
207 0.89158
208 0.89087
209 0.89015
210 0.88944
211 0.88872
212 0.88801
213 0.88729
214 0.88658
215 0.88587
216 0.88515
217 0.88444
218 0.88372
219 0.88301
220 0.88229
221 0.88158
222 0.88086
223 0.88015
224 0.87943
225 0.87872
226 0.87800
227 0.87729
228 0.87657
229 0.87586
230 0.87515
231 0.87443
232 0.87372
233 0.87301
234 0.87229
235 0.87158
236 0.87087
237 0.87016
238 0.86944
239 0.86873
240 0.86802
241 0.86731
242 0.86660
243 0.86589
244 0.86518
245 0.86447
246 0.86376
247 0.86305
248 0.86234
249 0.86164
250 0.86093
251 0.86022
252 0.85952
253 0.85881
254 0.85811
255 0.85740
256 0.85670
257 0.85599
258 0.85529
259 0.85459
260 0.85389
261 0.85318
262 0.85248
263 0.85178
264 0.85108
265 0.85039
266 0.84969
267 0.84899
268 0.84829
269 0.84760
270 0.84690
271 0.84621
272 0.84552
273 0.84482
274 0.84413
275 0.84344
276 0.84275
277 0.84206
278 0.84137
279 0.84068
280 0.84000
281 0.83931
282 0.83862
283 0.83794
284 0.83726
285 0.83657
286 0.83589
287 0.83521
288 0.83453
289 0.83385
290 0.83318
291 0.83250
292 0.83182
293 0.83115
294 0.83047
295 0.82980
296 0.82913
297 0.82846
298 0.82779
299 0.82712
300 0.82645
301 0.82579
302 0.82512
303 0.82446
304 0.82379
305 0.82313
306 0.82247
307 0.82181
308 0.82115
309 0.82050
310 0.81984
311 0.81919
312 0.81853
313 0.81788
314 0.81723
315 0.81658
316 0.81593
317 0.81528
318 0.81464
319 0.81399
320 0.81335
321 0.81271
322 0.81207
323 0.81143
324 0.81079
325 0.81015
326 0.80952
327 0.80888
328 0.80825
329 0.80762
330 0.80699
331 0.80636
332 0.80573
333 0.80511
334 0.80448
335 0.80386
336 0.80324
337 0.80262
338 0.80200
339 0.80138
340 0.80077
341 0.80015
342 0.79954
343 0.79893
344 0.79832
345 0.79771
346 0.79710
347 0.79650
348 0.79590
349 0.79530
350 0.79469
351 0.79410
352 0.79350
353 0.79290
354 0.79231
355 0.79172
356 0.79113
357 0.79054
358 0.78995
359 0.78937
360 0.78878
361 0.78820
362 0.78762
363 0.78704
364 0.78646
365 0.78589
366 0.78531
367 0.78474
368 0.78417
369 0.78360
370 0.78304
371 0.78247
372 0.78191
373 0.78135
374 0.78079
375 0.78023
376 0.77967
377 0.77912
378 0.77857
379 0.77801
380 0.77747
381 0.77692
382 0.77637
383 0.77583
384 0.77529
385 0.77475
386 0.77421
387 0.77367
388 0.77314
389 0.77261
390 0.77208
391 0.77155
392 0.77102
393 0.77050
394 0.76998
395 0.76946
396 0.76894
397 0.76842
398 0.76791
399 0.76739
400 0.76688
401 0.76637
402 0.76587
403 0.76536
404 0.76486
405 0.76436
406 0.76386
407 0.76336
408 0.76287
409 0.76237
410 0.76188
411 0.76139
412 0.76091
413 0.76042
414 0.75994
415 0.75946
416 0.75898
417 0.75850
418 0.75803
419 0.75756
420 0.75709
421 0.75662
422 0.75616
423 0.75569
424 0.75523
425 0.75477
426 0.75431
427 0.75386
428 0.75341
429 0.75296
430 0.75251
431 0.75206
432 0.75162
433 0.75117
434 0.75074
435 0.75030
436 0.74986
437 0.74943
438 0.74900
439 0.74857
440 0.74814
441 0.74772
442 0.74730
443 0.74688
444 0.74646
445 0.74605
446 0.74563
447 0.74522
448 0.74482
449 0.74441
450 0.74401
451 0.74361
452 0.74321
453 0.74281
454 0.74242
455 0.74203
456 0.74164
457 0.74125
458 0.74086
459 0.74048
460 0.74010
461 0.73972
462 0.73935
463 0.73898
464 0.73861
465 0.73824
466 0.73787
467 0.73751
468 0.73715
469 0.73679
470 0.73644
471 0.73608
472 0.73573
473 0.73538
474 0.73504
475 0.73469
476 0.73435
477 0.73401
478 0.73368
479 0.73335
480 0.73301
481 0.73269
482 0.73236
483 0.73204
484 0.73172
485 0.73140
486 0.73108
487 0.73077
488 0.73046
489 0.73015
490 0.72984
491 0.72954
492 0.72924
493 0.72894
494 0.72865
495 0.72836
496 0.72807
497 0.72778
498 0.72749
499 0.72721
500 0.72693
501 0.72666
502 0.72638
503 0.72611
504 0.72584
505 0.72558
506 0.72531
507 0.72505
508 0.72479
509 0.72454
510 0.72429
511 0.72404
512 0.72379
513 0.72355
514 0.72330
515 0.72307
516 0.72283
517 0.72260
518 0.72237
519 0.72214
520 0.72191
521 0.72169
522 0.72147
523 0.72125
524 0.72104
525 0.72083
526 0.72062
527 0.72041
528 0.72021
529 0.72001
530 0.71982
531 0.71962
532 0.71943
533 0.71924
534 0.71906
535 0.71887
536 0.71869
537 0.71852
538 0.71834
539 0.71817
540 0.71800
541 0.71784
542 0.71768
543 0.71752
544 0.71736
545 0.71721
546 0.71706
547 0.71691
548 0.71677
549 0.71662
550 0.71649
551 0.71635
552 0.71622
553 0.71609
554 0.71596
555 0.71584
556 0.71572
557 0.71560
558 0.71549
559 0.71537
560 0.71527
561 0.71516
562 0.71506
563 0.71496
564 0.71487
565 0.71477
566 0.71468
567 0.71460
568 0.71451
569 0.71443
570 0.71436
571 0.71428
572 0.71421
573 0.71414
574 0.71408
575 0.71402
576 0.71396
577 0.71391
578 0.71385
579 0.71381
580 0.71376
581 0.71372
582 0.71368
583 0.71364
584 0.71361
585 0.71358
586 0.71356
587 0.71354
588 0.71352
589 0.71350
590 0.71349
591 0.71348
592 0.71348
593 0.71347
594 0.71347
595 0.71348
596 0.71349
597 0.71350
598 0.71351
599 0.71353
600 0.71355
601 0.71358
602 0.71360
603 0.71364
604 0.71367
605 0.71371
606 0.71375
607 0.71380
608 0.71385
609 0.71390
610 0.71396
611 0.71402
612 0.71408
613 0.71414
614 0.71422
615 0.71429
616 0.71437
617 0.71445
618 0.71453
619 0.71462
620 0.71471
621 0.71481
622 0.71491
623 0.71501
624 0.71511
625 0.71522
626 0.71534
627 0.71546
628 0.71558
629 0.71570
630 0.71583
631 0.71596
632 0.71610
633 0.71624
634 0.71638
635 0.71653
636 0.71668
637 0.71683
638 0.71699
639 0.71715
640 0.71732
641 0.71749
642 0.71766
643 0.71784
644 0.71802
645 0.71821
646 0.71840
647 0.71859
648 0.71879
649 0.71899
650 0.71920
651 0.71940
652 0.71962
653 0.71983
654 0.72006
655 0.72028
656 0.72051
657 0.72074
658 0.72098
659 0.72122
660 0.72147
661 0.72172
662 0.72197
663 0.72223
664 0.72249
665 0.72276
666 0.72303
667 0.72330
668 0.72358
669 0.72386
670 0.72415
671 0.72444
672 0.72474
673 0.72503
674 0.72534
675 0.72565
676 0.72596
677 0.72628
678 0.72660
679 0.72692
680 0.72725
681 0.72759
682 0.72793
683 0.72827
684 0.72862
685 0.72897
686 0.72932
687 0.72969
688 0.73005
689 0.73042
690 0.73079
691 0.73117
692 0.73156
693 0.73194
694 0.73234
695 0.73273
696 0.73314
697 0.73354
698 0.73395
699 0.73437
700 0.73479
701 0.73521
702 0.73564
703 0.73608
704 0.73652
705 0.73696
706 0.73741
707 0.73786
708 0.73832
709 0.73879
710 0.73925
711 0.73973
712 0.74020
713 0.74069
714 0.74118
715 0.74167
716 0.74217
717 0.74267
718 0.74318
719 0.74369
720 0.74421
721 0.74473
722 0.74526
723 0.74579
724 0.74633
725 0.74687
726 0.74742
727 0.74797
728 0.74853
729 0.74910
730 0.74966
731 0.75024
732 0.75082
733 0.75140
734 0.75199
735 0.75259
736 0.75319
737 0.75380
738 0.75441
739 0.75503
740 0.75565
741 0.75628
742 0.75691
743 0.75755
744 0.75819
745 0.75884
746 0.75950
747 0.76016
748 0.76083
749 0.76150
750 0.76218
751 0.76286
752 0.76355
753 0.76425
754 0.76495
755 0.76566
756 0.76637
757 0.76709
758 0.76782
759 0.76855
760 0.76928
761 0.77003
762 0.77077
763 0.77153
764 0.77229
765 0.77306
766 0.77383
767 0.77461
768 0.77539
769 0.77618
770 0.77698
771 0.77779
772 0.77860
773 0.77941
774 0.78023
775 0.78106
776 0.78190
777 0.78274
778 0.78359
779 0.78444
780 0.78530
781 0.78617
782 0.78704
783 0.78792
784 0.78881
785 0.78970
786 0.79060
787 0.79151
788 0.79242
789 0.79335
790 0.79427
791 0.79521
792 0.79615
793 0.79709
794 0.79805
795 0.79901
796 0.79998
797 0.80095
798 0.80194
799 0.80293
800 0.80392
801 0.80493
802 0.80594
803 0.80696
804 0.80798
805 0.80901
806 0.81005
807 0.81110
808 0.81215
809 0.81322
810 0.81429
811 0.81536
812 0.81645
813 0.81754
814 0.81864
815 0.81975
816 0.82086
817 0.82198
818 0.82311
819 0.82425
820 0.82540
821 0.82655
822 0.82771
823 0.82888
824 0.83006
825 0.83124
826 0.83244
827 0.83364
828 0.83485
829 0.83607
830 0.83729
831 0.83853
832 0.83977
833 0.84102
834 0.84228
835 0.84355
836 0.84482
837 0.84611
838 0.84740
839 0.84870
840 0.85001
841 0.85133
842 0.85266
843 0.85400
844 0.85534
845 0.85670
846 0.85806
847 0.85943
848 0.86081
849 0.86220
850 0.86360
851 0.86501
852 0.86643
853 0.86785
854 0.86929
855 0.87074
856 0.87219
857 0.87365
858 0.87513
859 0.87661
860 0.87810
861 0.87961
862 0.88112
863 0.88264
864 0.88417
865 0.88571
866 0.88727
867 0.88883
868 0.89040
869 0.89198
870 0.89357
871 0.89517
872 0.89679
873 0.89841
874 0.90004
875 0.90168
876 0.90334
877 0.90500
878 0.90668
879 0.90836
880 0.91006
881 0.91176
882 0.91348
883 0.91521
884 0.91695
885 0.91870
886 0.92046
887 0.92223
888 0.92402
889 0.92581
890 0.92762
891 0.92944
892 0.93126
893 0.93311
894 0.93496
895 0.93682
896 0.93870
897 0.94058
898 0.94248
899 0.94439
900 0.94632
901 0.94825
902 0.95020
903 0.95216
904 0.95413
905 0.95611
906 0.95811
907 0.96012
908 0.96214
909 0.96417
910 0.96622
911 0.96828
912 0.96993
913 0.97025
914 0.97062
915 0.97098
916 0.97122
917 0.97136
918 0.97153
919 0.97173
920 0.97199
921 0.97232
922 0.97228
923 0.97223
924 0.97266
925 0.97261
926 0.97257
927 0.97313
928 0.97309
929 0.97305
930 0.97301
931 0.97377
932 0.97373
933 0.97369
934 0.97365
935 0.97361
936 0.97357
937 0.97353
938 0.97463
939 0.97459
940 0.97455
941 0.97451
942 0.97448
943 0.97444
944 0.97440
945 0.97436
946 0.97432
947 0.97428
948 0.97425
949 0.97421
950 0.97589
951 0.97585
952 0.97582
953 0.97578
954 0.97575
955 0.97571
956 0.97567
957 0.97564
958 0.97560
959 0.97557
960 0.97553
961 0.97549
962 0.97546
963 0.97542
964 0.97539
965 0.97535
966 0.97531
967 0.97528
968 0.97524
969 0.97521
970 0.97517
971 0.97513
972 0.97510
973 0.97799
974 0.97796
975 0.97792
976 0.97789
977 0.97786
978 0.97783
979 0.97780
980 0.97776
981 0.97773
982 0.97770
983 0.97767
984 0.97763
985 0.97760
986 0.97757
987 0.97754
988 0.97751
989 0.97747
990 0.97744
991 0.97741
992 0.97738
993 0.97735
994 0.97731
995 0.97728
996 0.97725
997 0.97722
998 0.97718
999 0.97715
1000 0.97712
1001 0.97709
1002 0.97705
1003 0.97702
1004 0.97699
1005 0.97696
1006 0.97692
1007 0.97689
1008 0.97686
1009 0.97683
1010 0.97679
1011 0.97676
1012 0.97673
1013 0.97670
1014 0.97667
1015 0.97663
1016 0.97660
1017 0.97657
1018 0.97653
1019 0.97650
1020 0.97647
1021 0.97644
1022 0.97640
1023 0.97637
1024 0.97634
1025 0.97631
1026 0.98242
1027 0.98240
1028 0.98237
1029 0.98235
1030 0.98232
1031 0.98230
1032 0.98228
1033 0.98225
1034 0.98223
1035 0.98220
1036 0.98218
1037 0.98215
1038 0.98213
1039 0.98211
1040 0.98208
1041 0.98206
1042 0.98203
1043 0.98201
1044 0.98198
1045 0.98196
1046 0.98193
1047 0.98191
1048 0.98189
1049 0.98186
1050 0.98184
1051 0.98181
1052 0.98179
1053 0.98176
1054 0.98174
1055 0.98171
1056 0.98169
1057 0.98166
1058 0.98164
1059 0.98162
1060 0.98159
1061 0.98157
1062 0.98154
1063 0.98152
1064 0.98149
1065 0.98147
1066 0.98144
1067 0.98142
1068 0.98139
1069 0.98137
1070 0.98134
1071 0.98132
1072 0.98129
1073 0.98127
1074 0.98125
1075 0.98122
1076 0.98120
1077 0.98117
1078 0.98115
1079 0.98112
1080 0.98110
1081 0.98107
1082 0.98105
1083 0.98102
1084 0.98100
1085 0.98097
1086 0.98095
1087 0.98092
1088 0.98090
1089 0.98087
1090 0.98085
1091 0.98082
1092 0.98080
1093 0.98077
1094 0.98075
1095 0.98072
1096 0.98070
1097 0.98067
1098 0.98065
1099 0.98062
1100 0.98060
1101 0.98057
1102 0.98055
1103 0.98052
1104 0.98050
1105 0.98047
1106 0.98045
1107 0.98042
1108 0.98040
1109 0.98037
1110 0.98035
1111 0.98032
1112 0.98030
1113 0.98027
1114 0.98025
1115 0.98022
1116 0.98020
1117 0.98017
1118 0.98015
1119 0.98012
1120 0.98010
1121 0.98007
1122 0.98005
1123 0.98002
1124 0.98000
1125 0.97997
1126 0.97995
1127 0.97992
1128 0.97990
1129 0.97987
1130 0.97985
1131 0.97982
1132 0.97980
1133 0.97977
1134 0.97974
1135 0.97972
1136 0.97969
1137 0.97967
1138 0.97964
1139 0.97962
1140 0.97959
1141 0.97957
1142 0.97954
1143 0.97952
1144 0.97949
1145 0.97947
1146 0.97944
1147 0.97942
1148 0.97939
1149 0.97936
1150 0.97934
1151 0.97931
1152 0.97929
1153 0.97926
1154 0.97924
1155 0.97921
1156 0.97919
1157 0.97916
1158 0.97914
1159 0.97911
1160 0.97908
1161 0.97906
1162 0.97903
1163 0.97901
1164 0.97898
1165 0.97896
1166 0.97893
1167 0.97891
1168 0.97888
1169 0.97885
1170 0.97883
1171 0.97880
1172 0.97878
1173 0.97875
1174 0.97873
1175 0.97870
1176 0.97868
1177 0.97865
1178 0.97862
1179 0.97860
1180 0.97857
1181 0.97855
1182 0.97852
1183 0.97850
1184 0.97847
1185 0.97844
1186 0.97842
1187 0.97839
1188 0.97837
1189 0.97834
1190 0.97832
1191 0.97829
1192 0.97826
1193 0.97824
1194 0.97821
1195 0.97819
1196 0.97816
1197 0.97813
1198 0.97811
1199 0.97808
1200 0.97806
1201 0.97803
1202 0.97801
1203 0.97798
1204 0.97795
1205 0.97793
1206 0.97790
1207 0.97788
1208 0.97785
1209 0.97782
1210 0.97780
1211 0.97777
1212 0.97775
1213 0.97772
1214 0.97769
1215 0.97767
1216 1.00000
