17 0.90004
18 0.89167
19 0.88316
20 0.87451
21 0.86575
22 0.85688
23 0.84792
24 0.83887
25 0.82974
26 0.82054
27 0.81128
28 0.80198
29 0.79262
30 0.78324
31 0.77382
32 0.76438
33 0.75493
34 0.74546
35 0.73599
36 0.72653
37 0.71707
38 0.70763
39 0.69820
40 0.68879
41 0.67941
42 0.67007
43 0.66076
44 0.65148
45 0.64225
46 0.63307
47 0.62393
48 0.61485
49 0.60582
50 0.59685
51 0.58794
52 0.57909
53 0.57031
54 0.56160
55 0.55296
56 0.54439
57 0.53589
58 0.52747
59 0.51912
60 0.51085
61 0.50267
62 0.49456
63 0.48654
64 0.47860
65 0.47074
66 0.46297
67 0.45528
68 0.44768
69 0.44017
70 0.43274
71 0.42540
72 0.41815
73 0.41099
74 0.40392
75 0.39694
76 0.39005
77 0.38324
78 0.37653
79 0.36990
80 0.36336
81 0.35692
82 0.35056
83 0.34429
84 0.33810
85 0.33201
86 0.32600
87 0.32008
88 0.31425
89 0.30850
90 0.30284
91 0.29726
92 0.29177
93 0.28636
94 0.28104
95 0.27580
96 0.27064
97 0.26556
98 0.26057
99 0.25565
100 0.25081
101 0.24605
102 0.24137
103 0.23677
104 0.23224
105 0.22778
106 0.22341
107 0.21910
108 0.21487
109 0.21071
110 0.20662
111 0.20261
112 0.19866
113 0.19478
114 0.19097
115 0.18722
116 0.18354
117 0.17993
118 0.17638
119 0.17290
120 0.16948
121 0.16612
122 0.16282
123 0.15958
124 0.15640
125 0.15328
126 0.15021
127 0.14720
128 0.14425
129 0.14136
130 0.13851
131 0.13572
132 0.13299
133 0.13030
134 0.12767
135 0.12508
136 0.12255
137 0.12006
138 0.11763
139 0.11523
140 0.11289
141 0.11059
142 0.10833
143 0.10612
144 0.10395
145 0.10183
146 0.09974
147 0.09770
148 0.09570
149 0.09373
150 0.09181
151 0.08992
152 0.08807
153 0.08626
154 0.08449
155 0.08275
156 0.08104
157 0.07937
158 0.07773
159 0.07613
160 0.07456
161 0.07302
162 0.07151
163 0.07003
164 0.06858
165 0.06716
166 0.06577
167 0.06441
168 0.06308
169 0.06177
170 0.06049
171 0.05924
172 0.05801
173 0.05681
174 0.05563
175 0.05448
176 0.05335
177 0.05224
178 0.05116
179 0.05010
180 0.04906
181 0.04805
182 0.04705
183 0.04608
184 0.04512
185 0.04419
186 0.04327
187 0.04238
188 0.04150
189 0.04064
190 0.03980
191 0.03898
192 0.03817
193 0.03738
194 0.03661
195 0.03586
196 0.03512
197 0.03439
198 0.03368
199 0.03299
200 0.03231
201 0.03164
202 0.03099
203 0.03036
204 0.02973
205 0.02912
206 0.02852
207 0.02794
208 0.02737
209 0.02681
210 0.02626
211 0.02572
212 0.02519
213 0.02468
214 0.02418
215 0.02368
216 0.02320
217 0.02273
218 0.02227
219 0.02182
220 0.02137
221 0.02094
222 0.02052
223 0.02010
224 0.01969
225 0.01930
226 0.01891
227 0.01853
228 0.01815
229 0.01779
230 0.01743
231 0.01708
232 0.01674
233 0.01640
234 0.01608
235 0.01576
236 0.01544
237 0.01513
238 0.01483
239 0.01454
240 0.01425
241 0.01397
242 0.01369
243 0.01342
244 0.01316
245 0.01290
246 0.01264
247 0.01240
248 0.01215
249 0.01192
250 0.01168
251 0.01145
252 0.01123
253 0.01101
254 0.01080
255 0.01059
256 0.01039
257 0.01018
258 0.00999
259 0.00980
260 0.00961
261 0.00942
262 0.00924
263 0.00907
264 0.00889
265 0.00872
266 0.00856
267 0.00840
268 0.00824
269 0.00808
270 0.00793
271 0.00778
272 0.00763
273 0.00749
274 0.00735
275 0.00721
276 0.00708
277 0.00695
278 0.00682
279 0.00669
280 0.00657
281 0.00645
282 0.00633
283 0.00621
284 0.00610
285 0.00599
286 0.00588
287 0.00577
288 0.00567
289 0.00556
290 0.00546
291 0.00536
292 0.00527
293 0.00517
294 0.00508
295 0.00499
296 0.00490
297 0.00481
298 0.00473
299 0.00464
300 0.00456
301 0.00448
302 0.00440
303 0.00433
304 0.00425
305 0.00418
306 0.00411
307 0.00403
308 0.00396
309 0.00390
310 0.00383
311 0.00376
312 0.00370
313 0.00364
314 0.00358
315 0.00352
316 0.00346
317 0.00340
318 0.00334
319 0.00329
320 0.00323
321 0.00318
322 0.00312
323 0.00307
324 0.00302
325 0.00297
326 0.00292
327 0.00288
328 0.00283
329 0.00278
330 0.00274
331 0.00270
332 0.00265
333 0.00261
334 0.00257
335 0.00253
336 0.00249
337 0.00245
338 0.00241
339 0.00237
340 0.00234
341 0.00230
342 0.00226
343 0.00223
344 0.00219
345 0.00216
346 0.00213
347 0.00210
348 0.00206
349 0.00203
350 0.00200
351 0.00197
352 0.00194
353 0.00191
354 0.00189
355 0.00186
356 0.00183
357 0.00180
358 0.00178
359 0.00175
360 0.00173
361 0.00170
362 0.00168
363 0.00165
364 0.00163
365 0.00161
366 0.00159
367 0.00156
368 0.00154
369 0.00152
370 0.00150
371 0.00148
372 0.00146
373 0.00144
374 0.00142
375 0.00140
376 0.00138
377 0.00136
378 0.00135
379 0.00133
380 0.00131
381 0.00129
382 0.00128
383 0.00126
384 0.00124
385 0.00123
386 0.00121
387 0.00120
388 0.00118
389 0.00117
390 0.00115
391 0.00114
392 0.00112
393 0.00111
394 0.00110
395 0.00108
396 0.00107
397 0.00106
398 0.00104
399 0.00103
400 0.00102
401 0.00101
402 0.00100
403 0.00098
404 0.00097
405 0.00096
406 0.00095
407 0.00094
408 0.00093
409 0.00092
410 0.00091
411 0.00090
412 0.00089
413 0.00088
414 0.00087
415 0.00086
416 0.00085
417 0.00084
418 0.00083
419 0.00082
420 0.00082
421 0.00081
422 0.00080
423 0.00079
424 0.00078
425 0.00077
426 0.00077
427 0.00076
428 0.00075
429 0.00074
430 0.00074
431 0.00073
432 0.00072
433 0.00072
434 0.00071
435 0.00070
436 0.00070
437 0.00069
438 0.00068
439 0.00068
440 0.00067
441 0.00066
442 0.00066
443 0.00065
444 0.00065
445 0.00064
446 0.00064
447 0.00063
448 0.00062
449 0.00062
450 0.00061
451 0.00061
452 0.00060
453 0.00060
454 0.00059
455 0.00059
456 0.00059
457 0.00058
458 0.00058
459 0.00057
460 0.00057
461 0.00056
462 0.00056
463 0.00055
464 0.00055
465 0.00055
466 0.00054
467 0.00054
468 0.00054
469 0.00053
470 0.00053
471 0.00052
472 0.00052
473 0.00052
474 0.00051
475 0.00051
476 0.00051
477 0.00050
478 0.00050
479 0.00050
480 0.00050
481 0.00049
482 0.00049
483 0.00049
484 0.00048
485 0.00048
486 0.00048
487 0.00048
488 0.00047
489 0.00047
490 0.00047
491 0.00047
492 0.00046
493 0.00046
494 0.00046
495 0.00046
496 0.00046
497 0.00045
498 0.00045
499 0.00045
500 0.00045
501 0.00045
502 0.00044
503 0.00044
504 0.00044
505 0.00044
506 0.00044
507 0.00044
508 0.00043
509 0.00043
510 0.00043
511 0.00043
512 0.00043
513 0.00043
514 0.00043
515 0.00042
516 0.00042
517 0.00042
518 0.00042
519 0.00042
520 0.00042
521 0.00042
522 0.00042
523 0.00041
524 0.00041
525 0.00041
526 0.00041
527 0.00041
528 0.00041
529 0.00041
530 0.00041
531 0.00041
532 0.00041
533 0.00041
534 0.00041
535 0.00040
536 0.00040
537 0.00040
538 0.00040
539 0.00040
540 0.00040
541 0.00040
542 0.00040
543 0.00040
544 0.00040
545 0.00040
546 0.00040
547 0.00040
548 0.00040
549 0.00040
550 0.00040
551 0.00040
552 0.00040
553 0.00040
554 0.00040
555 0.00040
556 0.00040
557 0.00040
558 0.00040
559 0.00040
560 0.00040
561 0.00040
562 0.00040
563 0.00040
564 0.00040
565 0.00040
566 0.00040
567 0.00040
568 0.00040
569 0.00040
570 0.00041
571 0.00041
572 0.00041
573 0.00041
574 0.00041
575 0.00041
576 0.00041
577 0.00041
578 0.00041
579 0.00041
580 0.00041
581 0.00041
582 0.00042
583 0.00042
584 0.00042
585 0.00042
586 0.00042
587 0.00042
588 0.00042
589 0.00042
590 0.00043
591 0.00043
592 0.00043
593 0.00043
594 0.00043
595 0.00043
596 0.00044
597 0.00044
598 0.00044
599 0.00044
600 0.00044
601 0.00045
602 0.00045
603 0.00045
604 0.00045
605 0.00045
606 0.00046
607 0.00046
608 0.00046
609 0.00046
610 0.00047
611 0.00047
612 0.00047
613 0.00047
614 0.00048
615 0.00048
616 0.00048
617 0.00048
618 0.00049
619 0.00049
620 0.00049
621 0.00050
622 0.00050
623 0.00050
624 0.00051
625 0.00051
626 0.00051
627 0.00052
628 0.00052
629 0.00052
630 0.00053
631 0.00053
632 0.00054
633 0.00054
634 0.00054
635 0.00055
636 0.00055
637 0.00056
638 0.00056
639 0.00057
640 0.00057
641 0.00058
642 0.00058
643 0.00059
644 0.00059
645 0.00060
646 0.00060
647 0.00061
648 0.00061
649 0.00062
650 0.00062
651 0.00063
652 0.00064
653 0.00064
654 0.00065
655 0.00065
656 0.00066
657 0.00067
658 0.00067
659 0.00068
660 0.00069
661 0.00069
662 0.00070
663 0.00071
664 0.00072
665 0.00072
666 0.00073
667 0.00074
668 0.00075
669 0.00076
670 0.00077
671 0.00077
672 0.00078
673 0.00079
674 0.00080
675 0.00081
676 0.00082
677 0.00083
678 0.00084
679 0.00085
680 0.00086
681 0.00087
682 0.00088
683 0.00089
684 0.00091
685 0.00092
686 0.00093
687 0.00094
688 0.00095
689 0.00097
690 0.00098
691 0.00099
692 0.00101
693 0.00102
694 0.00103
695 0.00105
696 0.00106
697 0.00108
698 0.00109
699 0.00111
700 0.00113
701 0.00114
702 0.00116
703 0.00118
704 0.00119
705 0.00121
706 0.00123
707 0.00125
708 0.00127
709 0.00129
710 0.00131
711 0.00133
712 0.00135
713 0.00137
714 0.00139
715 0.00141
716 0.00144
717 0.00146
718 0.00148
719 0.00151
720 0.00153
721 0.00156
722 0.00158
723 0.00161
724 0.00164
725 0.00167
726 0.00170
727 0.00172
728 0.00175
729 0.00179
730 0.00182
731 0.00185
732 0.00188
733 0.00192
734 0.00195
735 0.00199
736 0.00202
737 0.00206
738 0.00210
739 0.00214
740 0.00218
741 0.00222
742 0.00226
743 0.00230
744 0.00235
745 0.00239
746 0.00244
747 0.00249
748 0.00254
749 0.00259
750 0.00264
751 0.00269
752 0.00274
753 0.00280
754 0.00286
755 0.00291
756 0.00297
757 0.00304
758 0.00310
759 0.00316
760 0.00323
761 0.00330
762 0.00337
763 0.00344
764 0.00351
765 0.00359
766 0.00367
767 0.00375
768 0.00383
769 0.00391
770 0.00400
771 0.00409
772 0.00418
773 0.00427
774 0.00437
775 0.00447
776 0.00457
777 0.00468
778 0.00478
779 0.00489
780 0.00501
781 0.00513
782 0.00525
783 0.00537
784 0.00550
785 0.00563
786 0.00576
787 0.00590
788 0.00604
789 0.00619
790 0.00634
791 0.00650
792 0.00666
793 0.00682
794 0.00699
795 0.00717
796 0.00735
797 0.00753
798 0.00772
799 0.00792
800 0.00812
801 0.00833
802 0.00854
803 0.00876
804 0.00899
805 0.00923
806 0.00947
807 0.00972
808 0.00998
809 0.01024
810 0.01052
811 0.01080
812 0.01109
813 0.01139
814 0.01170
815 0.01202
816 0.01235
817 0.01269
818 0.01304
819 0.01340
820 0.01378
821 0.01416
822 0.01456
823 0.01497
824 0.01540
825 0.01584
826 0.01629
827 0.01676
828 0.01724
829 0.01774
830 0.01826
831 0.01879
832 0.01934
833 0.01991
834 0.02050
835 0.02111
836 0.02174
837 0.02239
838 0.02306
839 0.02376
840 0.02448
841 0.02522
842 0.02599
843 0.02679
844 0.02762
845 0.02847
846 0.02935
847 0.03027
848 0.03121
849 0.03219
850 0.03321
851 0.03426
852 0.03534
853 0.03647
854 0.03764
855 0.03885
856 0.04010
857 0.04140
858 0.04274
859 0.04414
860 0.04558
861 0.04708
862 0.04863
863 0.05024
864 0.05191
865 0.05364
866 0.05543
867 0.05730
868 0.05923
869 0.06123
870 0.06331
871 0.06547
872 0.06771
873 0.07004
874 0.07245
875 0.07495
876 0.07756
877 0.08026
878 0.08306
879 0.08598
880 0.08900
881 0.09215
882 0.09542
883 0.09881
884 0.10234
885 0.10601
886 0.10982
887 0.11378
888 0.11790
889 0.12218
890 0.12664
891 0.13127
892 0.13609
893 0.14111
894 0.14632
895 0.15175
896 0.15740
897 0.16328
898 0.16939
899 0.17576
900 0.18239
901 0.18930
902 0.19649
903 0.20397
904 0.21177
905 0.21990
906 0.22836
907 0.23718
908 0.24637
909 0.25595
910 0.26593
911 0.27633
912 0.28470
913 0.30882
914 0.32642
915 0.33954
916 0.34725
917 0.35110
918 0.35557
919 0.36085
920 0.36718
921 0.37492
922 0.37349
923 0.37207
924 0.38176
925 0.38034
926 0.37892
927 0.39146
928 0.39004
929 0.38862
930 0.38720
931 0.40411
932 0.40270
933 0.40129
934 0.39988
935 0.39847
936 0.39706
937 0.39566
938 0.41974
939 0.41835
940 0.41695
941 0.41556
942 0.41416
943 0.41277
944 0.41138
945 0.40999
946 0.40860
947 0.40721
948 0.40583
949 0.40444
950 0.44164
951 0.44027
952 0.43891
953 0.43754
954 0.43618
955 0.43482
956 0.43345
957 0.43209
958 0.43073
959 0.42937
960 0.42801
961 0.42665
962 0.42529
963 0.42393
964 0.42257
965 0.42121
966 0.41985
967 0.41850
968 0.41714
969 0.41579
970 0.41443
971 0.41308
972 0.41173
973 0.47700
974 0.47569
975 0.47438
976 0.47308
977 0.47177
978 0.47047
979 0.46916
980 0.46786
981 0.46655
982 0.46525
983 0.46394
984 0.46264
985 0.46134
986 0.46003
987 0.45873
988 0.45743
989 0.45612
990 0.45482
991 0.45352
992 0.45221
993 0.45091
994 0.44961
995 0.44831
996 0.44701
997 0.44571
998 0.44441
999 0.44311
1000 0.44181
1001 0.44051
1002 0.43921
1003 0.43791
1004 0.43661
1005 0.43532
1006 0.43402
1007 0.43272
1008 0.43143
1009 0.43013
1010 0.42884
1011 0.42754
1012 0.42625
1013 0.42495
1014 0.42366
1015 0.42237
1016 0.42108
1017 0.41978
1018 0.41849
1019 0.41720
1020 0.41591
1021 0.41463
1022 0.41334
1023 0.41205
1024 0.41076
1025 0.40948
1026 0.55493
1027 0.55378
1028 0.55264
1029 0.55149
1030 0.55034
1031 0.54919
1032 0.54804
1033 0.54689
1034 0.54574
1035 0.54459
1036 0.54344
1037 0.54229
1038 0.54113
1039 0.53998
1040 0.53883
1041 0.53767
1042 0.53652
1043 0.53537
1044 0.53421
1045 0.53306
1046 0.53190
1047 0.53074
1048 0.52959
1049 0.52843
1050 0.52727
1051 0.52612
1052 0.52496
1053 0.52380
1054 0.52264
1055 0.52148
1056 0.52033
1057 0.51917
1058 0.51801
1059 0.51685
1060 0.51569
1061 0.51453
1062 0.51337
1063 0.51221
1064 0.51105
1065 0.50988
1066 0.50872
1067 0.50756
1068 0.50640
1069 0.50524
1070 0.50408
1071 0.50291
1072 0.50175
1073 0.50059
1074 0.49943
1075 0.49827
1076 0.49710
1077 0.49594
1078 0.49478
1079 0.49361
1080 0.49245
1081 0.49129
1082 0.49013
1083 0.48896
1084 0.48780
1085 0.48664
1086 0.48547
1087 0.48431
1088 0.48315
1089 0.48198
1090 0.48082
1091 0.47966
1092 0.47849
1093 0.47733
1094 0.47617
1095 0.47500
1096 0.47384
1097 0.47268
1098 0.47152
1099 0.47035
1100 0.46919
1101 0.46803
1102 0.46687
1103 0.46570
1104 0.46454
1105 0.46338
1106 0.46222
1107 0.46106
1108 0.45990
1109 0.45874
1110 0.45758
1111 0.45641
1112 0.45525
1113 0.45409
1114 0.45293
1115 0.45177
1116 0.45061
1117 0.44946
1118 0.44830
1119 0.44714
1120 0.44598
1121 0.44482
1122 0.44366
1123 0.44251
1124 0.44135
1125 0.44019
1126 0.43904
1127 0.43788
1128 0.43672
1129 0.43557
1130 0.43441
1131 0.43326
1132 0.43211
1133 0.43095
1134 0.42980
1135 0.42865
1136 0.42749
1137 0.42634
1138 0.42519
1139 0.42404
1140 0.42289
1141 0.42174
1142 0.42059
1143 0.41944
1144 0.41829
1145 0.41714
1146 0.41599
1147 0.41485
1148 0.41370
1149 0.41255
1150 0.41141
1151 0.41026
1152 0.40912
1153 0.40798
1154 0.40683
1155 0.40569
1156 0.40455
1157 0.40341
1158 0.40226
1159 0.40112
1160 0.39998
1161 0.39885
1162 0.39771
1163 0.39657
1164 0.39543
1165 0.39430
1166 0.39316
1167 0.39203
1168 0.39089
1169 0.38976
1170 0.38862
1171 0.38749
1172 0.38636
1173 0.38523
1174 0.38410
1175 0.38297
1176 0.38184
1177 0.38071
1178 0.37959
1179 0.37846
1180 0.37733
1181 0.37621
1182 0.37509
1183 0.37396
1184 0.37284
1185 0.37172
1186 0.37060
1187 0.36948
1188 0.36836
1189 0.36724
1190 0.36612
1191 0.36501
1192 0.36389
1193 0.36277
1194 0.36166
1195 0.36055
1196 0.35943
1197 0.35832
1198 0.35721
1199 0.35610
1200 0.35499
1201 0.35389
1202 0.35278
1203 0.35167
1204 0.35057
1205 0.34946
1206 0.34836
1207 0.34726
1208 0.34616
1209 0.34505
1210 0.34395
1211 0.34286
1212 0.34176
1213 0.34066
1214 0.33957
1215 0.33847
1216 1.00000
