17 0.79598
18 0.78003
19 0.76399
20 0.74788
21 0.73174
22 0.71560
23 0.69948
24 0.68340
25 0.66739
26 0.65146
27 0.63564
28 0.61995
29 0.60439
30 0.58899
31 0.57375
32 0.55870
33 0.54383
34 0.52917
35 0.51471
36 0.50048
37 0.48647
38 0.47269
39 0.45916
40 0.44586
41 0.43281
42 0.42001
43 0.40747
44 0.39518
45 0.38315
46 0.37138
47 0.35986
48 0.34861
49 0.33761
50 0.32688
51 0.31640
52 0.30617
53 0.29620
54 0.28649
55 0.27702
56 0.26780
57 0.25883
58 0.25010
59 0.24160
60 0.23335
61 0.22532
62 0.21752
63 0.20995
64 0.20259
65 0.19546
66 0.18853
67 0.18182
68 0.17531
69 0.16900
70 0.16288
71 0.15696
72 0.15122
73 0.14566
74 0.14029
75 0.13509
76 0.13006
77 0.12519
78 0.12049
79 0.11594
80 0.11155
81 0.10731
82 0.10321
83 0.09925
84 0.09543
85 0.09174
86 0.08819
87 0.08475
88 0.08144
89 0.07825
90 0.07517
91 0.07221
92 0.06935
93 0.06659
94 0.06394
95 0.06139
96 0.05893
97 0.05656
98 0.05428
99 0.05208
100 0.04997
101 0.04794
102 0.04599
103 0.04411
104 0.04230
105 0.04056
106 0.03889
107 0.03729
108 0.03575
109 0.03427
110 0.03284
111 0.03147
112 0.03016
113 0.02890
114 0.02769
115 0.02653
116 0.02541
117 0.02434
118 0.02331
119 0.02233
120 0.02138
121 0.02047
122 0.01960
123 0.01877
124 0.01797
125 0.01720
126 0.01646
127 0.01576
128 0.01508
129 0.01443
130 0.01381
131 0.01322
132 0.01265
133 0.01210
134 0.01158
135 0.01108
136 0.01060
137 0.01014
138 0.00969
139 0.00927
140 0.00887
141 0.00848
142 0.00811
143 0.00776
144 0.00742
145 0.00709
146 0.00678
147 0.00649
148 0.00620
149 0.00593
150 0.00567
151 0.00542
152 0.00518
153 0.00495
154 0.00474
155 0.00453
156 0.00433
157 0.00414
158 0.00395
159 0.00378
160 0.00361
161 0.00345
162 0.00330
163 0.00315
164 0.00301
165 0.00288
166 0.00275
167 0.00263
168 0.00252
169 0.00240
170 0.00230
171 0.00220
172 0.00210
173 0.00201
174 0.00192
175 0.00183
176 0.00175
177 0.00167
178 0.00160
179 0.00153
180 0.00146
181 0.00140
182 0.00133
183 0.00127
184 0.00122
185 0.00116
186 0.00111
187 0.00106
188 0.00102
189 0.00097
190 0.00093
191 0.00089
192 0.00085
193 0.00081
194 0.00077
195 0.00074
196 0.00071
197 0.00068
198 0.00065
199 0.00062
200 0.00059
201 0.00057
202 0.00054
203 0.00052
204 0.00049
205 0.00047
206 0.00045
207 0.00043
208 0.00041
209 0.00039
210 0.00038
211 0.00036
212 0.00035
213 0.00033
214 0.00032
215 0.00030
216 0.00029
217 0.00028
218 0.00026
219 0.00025
220 0.00024
221 0.00023
222 0.00022
223 0.00021
224 0.00020
225 0.00019
226 0.00019
227 0.00018
228 0.00017
229 0.00016
230 0.00016
231 0.00015
232 0.00014
233 0.00014
234 0.00013
235 0.00012
236 0.00012
237 0.00011
238 0.00011
239 0.00011
240 0.00010
241 0.00010
242 0.00009
243 0.00009
244 0.00008
245 0.00008
246 0.00008
247 0.00007
248 0.00007
249 0.00007
250 0.00007
251 0.00006
252 0.00006
253 0.00006
254 0.00006
255 0.00005
256 0.00005
257 0.00005
258 0.00005
259 0.00004
260 0.00004
261 0.00004
262 0.00004
263 0.00004
264 0.00004
265 0.00003
266 0.00003
267 0.00003
268 0.00003
269 0.00003
270 0.00003
271 0.00003
272 0.00003
273 0.00003
274 0.00002
275 0.00002
276 0.00002
277 0.00002
278 0.00002
279 0.00002
280 0.00002
281 0.00002
282 0.00002
283 0.00002
284 0.00002
285 0.00002
286 0.00001
287 0.00001
288 0.00001
289 0.00001
290 0.00001
291 0.00001
292 0.00001
293 0.00001
294 0.00001
295 0.00001
296 0.00001
297 0.00001
298 0.00001
299 0.00001
300 0.00001
301 0.00001
302 0.00001
303 0.00001
304 0.00001
305 0.00001
306 0.00001
307 0.00001
308 0.00001
309 0.00001
310 0.00001
311 0.00001
312 0.00001
313 0.00001
314 0.00001
315 0.00000
316 0.00000
317 0.00000
318 0.00000
319 0.00000
320 0.00000
321 0.00000
322 0.00000
323 0.00000
324 0.00000
325 0.00000
326 0.00000
327 0.00000
328 0.00000
329 0.00000
330 0.00000
331 0.00000
332 0.00000
333 0.00000
334 0.00000
335 0.00000
336 0.00000
337 0.00000
338 0.00000
339 0.00000
340 0.00000
341 0.00000
342 0.00000
343 0.00000
344 0.00000
345 0.00000
346 0.00000
347 0.00000
348 0.00000
349 0.00000
350 0.00000
351 0.00000
352 0.00000
353 0.00000
354 0.00000
355 0.00000
356 0.00000
357 0.00000
358 0.00000
359 0.00000
360 0.00000
361 0.00000
362 0.00000
363 0.00000
364 0.00000
365 0.00000
366 0.00000
367 0.00000
368 0.00000
369 0.00000
370 0.00000
371 0.00000
372 0.00000
373 0.00000
374 0.00000
375 0.00000
376 0.00000
377 0.00000
378 0.00000
379 0.00000
380 0.00000
381 0.00000
382 0.00000
383 0.00000
384 0.00000
385 0.00000
386 0.00000
387 0.00000
388 0.00000
389 0.00000
390 0.00000
391 0.00000
392 0.00000
393 0.00000
394 0.00000
395 0.00000
396 0.00000
397 0.00000
398 0.00000
399 0.00000
400 0.00000
401 0.00000
402 0.00000
403 0.00000
404 0.00000
405 0.00000
406 0.00000
407 0.00000
408 0.00000
409 0.00000
410 0.00000
411 0.00000
412 0.00000
413 0.00000
414 0.00000
415 0.00000
416 0.00000
417 0.00000
418 0.00000
419 0.00000
420 0.00000
421 0.00000
422 0.00000
423 0.00000
424 0.00000
425 0.00000
426 0.00000
427 0.00000
428 0.00000
429 0.00000
430 0.00000
431 0.00000
432 0.00000
433 0.00000
434 0.00000
435 0.00000
436 0.00000
437 0.00000
438 0.00000
439 0.00000
440 0.00000
441 0.00000
442 0.00000
443 0.00000
444 0.00000
445 0.00000
446 0.00000
447 0.00000
448 0.00000
449 0.00000
450 0.00000
451 0.00000
452 0.00000
453 0.00000
454 0.00000
455 0.00000
456 0.00000
457 0.00000
458 0.00000
459 0.00000
460 0.00000
461 0.00000
462 0.00000
463 0.00000
464 0.00000
465 0.00000
466 0.00000
467 0.00000
468 0.00000
469 0.00000
470 0.00000
471 0.00000
472 0.00000
473 0.00000
474 0.00000
475 0.00000
476 0.00000
477 0.00000
478 0.00000
479 0.00000
480 0.00000
481 0.00000
482 0.00000
483 0.00000
484 0.00000
485 0.00000
486 0.00000
487 0.00000
488 0.00000
489 0.00000
490 0.00000
491 0.00000
492 0.00000
493 0.00000
494 0.00000
495 0.00000
496 0.00000
497 0.00000
498 0.00000
499 0.00000
500 0.00000
501 0.00000
502 0.00000
503 0.00000
504 0.00000
505 0.00000
506 0.00000
507 0.00000
508 0.00000
509 0.00000
510 0.00000
511 0.00000
512 0.00000
513 0.00000
514 0.00000
515 0.00000
516 0.00000
517 0.00000
518 0.00000
519 0.00000
520 0.00000
521 0.00000
522 0.00000
523 0.00000
524 0.00000
525 0.00000
526 0.00000
527 0.00000
528 0.00000
529 0.00000
530 0.00000
531 0.00000
532 0.00000
533 0.00000
534 0.00000
535 0.00000
536 0.00000
537 0.00000
538 0.00000
539 0.00000
540 0.00000
541 0.00000
542 0.00000
543 0.00000
544 0.00000
545 0.00000
546 0.00000
547 0.00000
548 0.00000
549 0.00000
550 0.00000
551 0.00000
552 0.00000
553 0.00000
554 0.00000
555 0.00000
556 0.00000
557 0.00000
558 0.00000
559 0.00000
560 0.00000
561 0.00000
562 0.00000
563 0.00000
564 0.00000
565 0.00000
566 0.00000
567 0.00000
568 0.00000
569 0.00000
570 0.00000
571 0.00000
572 0.00000
573 0.00000
574 0.00000
575 0.00000
576 0.00000
577 0.00000
578 0.00000
579 0.00000
580 0.00000
581 0.00000
582 0.00000
583 0.00000
584 0.00000
585 0.00000
586 0.00000
587 0.00000
588 0.00000
589 0.00000
590 0.00000
591 0.00000
592 0.00000
593 0.00000
594 0.00000
595 0.00000
596 0.00000
597 0.00000
598 0.00000
599 0.00000
600 0.00000
601 0.00000
602 0.00000
603 0.00000
604 0.00000
605 0.00000
606 0.00000
607 0.00000
608 0.00000
609 0.00000
610 0.00000
611 0.00000
612 0.00000
613 0.00000
614 0.00000
615 0.00000
616 0.00000
617 0.00000
618 0.00000
619 0.00000
620 0.00000
621 0.00000
622 0.00000
623 0.00000
624 0.00000
625 0.00000
626 0.00000
627 0.00000
628 0.00000
629 0.00000
630 0.00000
631 0.00000
632 0.00000
633 0.00000
634 0.00000
635 0.00000
636 0.00000
637 0.00000
638 0.00000
639 0.00000
640 0.00000
641 0.00000
642 0.00000
643 0.00000
644 0.00000
645 0.00000
646 0.00000
647 0.00000
648 0.00000
649 0.00000
650 0.00000
651 0.00000
652 0.00000
653 0.00000
654 0.00000
655 0.00000
656 0.00000
657 0.00000
658 0.00000
659 0.00000
660 0.00000
661 0.00000
662 0.00000
663 0.00000
664 0.00000
665 0.00000
666 0.00000
667 0.00000
668 0.00000
669 0.00000
670 0.00000
671 0.00000
672 0.00000
673 0.00000
674 0.00000
675 0.00000
676 0.00000
677 0.00000
678 0.00000
679 0.00000
680 0.00000
681 0.00000
682 0.00000
683 0.00000
684 0.00000
685 0.00000
686 0.00000
687 0.00000
688 0.00000
689 0.00000
690 0.00000
691 0.00000
692 0.00000
693 0.00000
694 0.00000
695 0.00000
696 0.00000
697 0.00000
698 0.00000
699 0.00000
700 0.00000
701 0.00000
702 0.00000
703 0.00000
704 0.00000
705 0.00000
706 0.00000
707 0.00000
708 0.00000
709 0.00000
710 0.00000
711 0.00000
712 0.00000
713 0.00000
714 0.00000
715 0.00000
716 0.00000
717 0.00000
718 0.00000
719 0.00000
720 0.00000
721 0.00000
722 0.00000
723 0.00000
724 0.00000
725 0.00000
726 0.00000
727 0.00000
728 0.00000
729 0.00000
730 0.00000
731 0.00000
732 0.00000
733 0.00000
734 0.00000
735 0.00000
736 0.00000
737 0.00000
738 0.00000
739 0.00000
740 0.00000
741 0.00000
742 0.00000
743 0.00000
744 0.00000
745 0.00000
746 0.00000
747 0.00000
748 0.00000
749 0.00000
750 0.00000
751 0.00000
752 0.00000
753 0.00000
754 0.00000
755 0.00000
756 0.00000
757 0.00000
758 0.00000
759 0.00000
760 0.00000
761 0.00000
762 0.00000
763 0.00000
764 0.00000
765 0.00000
766 0.00000
767 0.00000
768 0.00000
769 0.00000
770 0.00000
771 0.00001
772 0.00001
773 0.00001
774 0.00001
775 0.00001
776 0.00001
777 0.00001
778 0.00001
779 0.00001
780 0.00001
781 0.00001
782 0.00001
783 0.00001
784 0.00001
785 0.00001
786 0.00001
787 0.00001
788 0.00001
789 0.00001
790 0.00001
791 0.00001
792 0.00001
793 0.00001
794 0.00002
795 0.00002
796 0.00002
797 0.00002
798 0.00002
799 0.00002
800 0.00002
801 0.00002
802 0.00002
803 0.00003
804 0.00003
805 0.00003
806 0.00003
807 0.00003
808 0.00003
809 0.00003
810 0.00004
811 0.00004
812 0.00004
813 0.00004
814 0.00005
815 0.00005
816 0.00005
817 0.00005
818 0.00006
819 0.00006
820 0.00006
821 0.00007
822 0.00007
823 0.00008
824 0.00008
825 0.00009
826 0.00009
827 0.00010
828 0.00010
829 0.00011
830 0.00011
831 0.00012
832 0.00013
833 0.00014
834 0.00014
835 0.00015
836 0.00016
837 0.00017
838 0.00018
839 0.00020
840 0.00021
841 0.00022
842 0.00023
843 0.00025
844 0.00026
845 0.00028
846 0.00030
847 0.00032
848 0.00034
849 0.00036
850 0.00038
851 0.00041
852 0.00043
853 0.00046
854 0.00049
855 0.00052
856 0.00056
857 0.00059
858 0.00063
859 0.00068
860 0.00072
861 0.00077
862 0.00082
863 0.00087
864 0.00093
865 0.00099
866 0.00106
867 0.00113
868 0.00121
869 0.00129
870 0.00138
871 0.00147
872 0.00157
873 0.00168
874 0.00179
875 0.00191
876 0.00204
877 0.00219
878 0.00234
879 0.00250
880 0.00267
881 0.00286
882 0.00305
883 0.00327
884 0.00350
885 0.00374
886 0.00400
887 0.00429
888 0.00459
889 0.00491
890 0.00526
891 0.00564
892 0.00604
893 0.00647
894 0.00693
895 0.00743
896 0.00796
897 0.00853
898 0.00915
899 0.00981
900 0.01052
901 0.01129
902 0.01211
903 0.01299
904 0.01394
905 0.01496
906 0.01605
907 0.01723
908 0.01850
909 0.01987
910 0.02133
911 0.02291
912 0.02415
913 0.02959
914 0.03439
915 0.03855
916 0.04120
917 0.04249
918 0.04412
919 0.04620
920 0.04891
921 0.05252
922 0.05158
923 0.05065
924 0.05550
925 0.05453
926 0.05357
927 0.06038
928 0.05936
929 0.05835
930 0.05736
931 0.06741
932 0.06634
933 0.06527
934 0.06421
935 0.06316
936 0.06212
937 0.06109
938 0.07683
939 0.07568
940 0.07454
941 0.07341
942 0.07229
943 0.07118
944 0.07007
945 0.06898
946 0.06790
947 0.06683
948 0.06576
949 0.06471
950 0.09174
951 0.09050
952 0.08928
953 0.08806
954 0.08685
955 0.08565
956 0.08446
957 0.08327
958 0.08210
959 0.08093
960 0.07978
961 0.07863
962 0.07749
963 0.07636
964 0.07524
965 0.07413
966 0.07303
967 0.07193
968 0.07085
969 0.06978
970 0.06871
971 0.06766
972 0.06661
973 0.12072
974 0.11939
975 0.11806
976 0.11674
977 0.11543
978 0.11412
979 0.11282
980 0.11153
981 0.11025
982 0.10897
983 0.10769
984 0.10643
985 0.10517
986 0.10392
987 0.10268
988 0.10144
989 0.10022
990 0.09899
991 0.09778
992 0.09658
993 0.09538
994 0.09419
995 0.09300
996 0.09183
997 0.09066
998 0.08950
999 0.08834
1000 0.08720
1001 0.08606
1002 0.08493
1003 0.08381
1004 0.08270
1005 0.08159
1006 0.08049
1007 0.07940
1008 0.07832
1009 0.07725
1010 0.07618
1011 0.07512
1012 0.07407
1013 0.07303
1014 0.07200
1015 0.07097
1016 0.06995
1017 0.06894
1018 0.06794
1019 0.06694
1020 0.06596
1021 0.06498
1022 0.06401
1023 0.06305
1024 0.06210
1025 0.06115
1026 0.21217
1027 0.21083
1028 0.20950
1029 0.20816
1030 0.20682
1031 0.20547
1032 0.20413
1033 0.20279
1034 0.20144
1035 0.20010
1036 0.19875
1037 0.19740
1038 0.19605
1039 0.19470
1040 0.19334
1041 0.19199
1042 0.19063
1043 0.18927
1044 0.18791
1045 0.18655
1046 0.18519
1047 0.18382
1048 0.18245
1049 0.18109
1050 0.17972
1051 0.17834
1052 0.17697
1053 0.17559
1054 0.17422
1055 0.17284
1056 0.17146
1057 0.17007
1058 0.16869
1059 0.16730
1060 0.16592
1061 0.16453
1062 0.16314
1063 0.16175
1064 0.16035
1065 0.15896
1066 0.15756
1067 0.15617
1068 0.15477
1069 0.15337
1070 0.15197
1071 0.15057
1072 0.14917
1073 0.14777
1074 0.14636
1075 0.14496
1076 0.14356
1077 0.14215
1078 0.14075
1079 0.13935
1080 0.13794
1081 0.13654
1082 0.13514
1083 0.13374
1084 0.13234
1085 0.13094
1086 0.12954
1087 0.12814
1088 0.12675
1089 0.12535
1090 0.12396
1091 0.12257
1092 0.12119
1093 0.11980
1094 0.11842
1095 0.11704
1096 0.11566
1097 0.11429
1098 0.11292
1099 0.11156
1100 0.11020
1101 0.10884
1102 0.10749
1103 0.10614
1104 0.10479
1105 0.10346
1106 0.10212
1107 0.10079
1108 0.09947
1109 0.09815
1110 0.09684
1111 0.09554
1112 0.09424
1113 0.09295
1114 0.09166
1115 0.09038
1116 0.08911
1117 0.08784
1118 0.08659
1119 0.08534
1120 0.08409
1121 0.08286
1122 0.08163
1123 0.08042
1124 0.07921
1125 0.07801
1126 0.07681
1127 0.07563
1128 0.07446
1129 0.07329
1130 0.07214
1131 0.07099
1132 0.06985
1133 0.06872
1134 0.06761
1135 0.06650
1136 0.06540
1137 0.06431
1138 0.06323
1139 0.06217
1140 0.06111
1141 0.06006
1142 0.05902
1143 0.05800
1144 0.05698
1145 0.05598
1146 0.05498
1147 0.05400
1148 0.05302
1149 0.05206
1150 0.05111
1151 0.05017
1152 0.04924
1153 0.04832
1154 0.04741
1155 0.04652
1156 0.04563
1157 0.04476
1158 0.04389
1159 0.04304
1160 0.04220
1161 0.04137
1162 0.04055
1163 0.03974
1164 0.03894
1165 0.03815
1166 0.03738
1167 0.03661
1168 0.03586
1169 0.03512
1170 0.03438
1171 0.03366
1172 0.03295
1173 0.03225
1174 0.03156
1175 0.03088
1176 0.03021
1177 0.02955
1178 0.02890
1179 0.02827
1180 0.02764
1181 0.02702
1182 0.02641
1183 0.02582
1184 0.02523
1185 0.02465
1186 0.02408
1187 0.02352
1188 0.02298
1189 0.02244
1190 0.02191
1191 0.02139
1192 0.02088
1193 0.02038
1194 0.01989
1195 0.01940
1196 0.01893
1197 0.01846
1198 0.01801
1199 0.01756
1200 0.01712
1201 0.01669
1202 0.01627
1203 0.01585
1204 0.01545
1205 0.01505
1206 0.01466
1207 0.01428
1208 0.01391
1209 0.01354
1210 0.01318
1211 0.01283
1212 0.01249
1213 0.01215
1214 0.01182
1215 0.01150
1216 1.00000
