17 0.78825
18 0.77179
19 0.75525
20 0.73866
21 0.72205
22 0.70545
23 0.68888
24 0.67238
25 0.65597
26 0.63966
27 0.62347
28 0.60743
29 0.59155
30 0.57584
31 0.56032
32 0.54500
33 0.52990
34 0.51501
35 0.50035
36 0.48594
37 0.47177
38 0.45785
39 0.44419
40 0.43079
41 0.41766
42 0.40479
43 0.39220
44 0.37988
45 0.36783
46 0.35606
47 0.34456
48 0.33333
49 0.32238
50 0.31171
51 0.30130
52 0.29116
53 0.28128
54 0.27167
55 0.26232
56 0.25323
57 0.24440
58 0.23581
59 0.22747
60 0.21937
61 0.21151
62 0.20389
63 0.19650
64 0.18933
65 0.18239
66 0.17566
67 0.16914
68 0.16283
69 0.15673
70 0.15082
71 0.14511
72 0.13959
73 0.13425
74 0.12909
75 0.12411
76 0.11930
77 0.11465
78 0.11017
79 0.10584
80 0.10166
81 0.09764
82 0.09375
83 0.09001
84 0.08640
85 0.08293
86 0.07958
87 0.07636
88 0.07325
89 0.07026
90 0.06739
91 0.06462
92 0.06196
93 0.05939
94 0.05693
95 0.05456
96 0.05229
97 0.05010
98 0.04800
99 0.04598
100 0.04404
101 0.04217
102 0.04038
103 0.03867
104 0.03702
105 0.03544
106 0.03392
107 0.03246
108 0.03106
109 0.02972
110 0.02844
111 0.02721
112 0.02602
113 0.02489
114 0.02381
115 0.02277
116 0.02177
117 0.02082
118 0.01990
119 0.01902
120 0.01819
121 0.01738
122 0.01661
123 0.01588
124 0.01517
125 0.01450
126 0.01385
127 0.01323
128 0.01264
129 0.01208
130 0.01154
131 0.01102
132 0.01053
133 0.01005
134 0.00960
135 0.00917
136 0.00875
137 0.00836
138 0.00798
139 0.00762
140 0.00727
141 0.00694
142 0.00663
143 0.00633
144 0.00604
145 0.00576
146 0.00550
147 0.00525
148 0.00501
149 0.00478
150 0.00456
151 0.00436
152 0.00416
153 0.00397
154 0.00378
155 0.00361
156 0.00345
157 0.00329
158 0.00314
159 0.00299
160 0.00285
161 0.00272
162 0.00260
163 0.00248
164 0.00236
165 0.00226
166 0.00215
167 0.00205
168 0.00196
169 0.00187
170 0.00178
171 0.00170
172 0.00162
173 0.00155
174 0.00148
175 0.00141
176 0.00134
177 0.00128
178 0.00122
179 0.00117
180 0.00111
181 0.00106
182 0.00101
183 0.00096
184 0.00092
185 0.00088
186 0.00084
187 0.00080
188 0.00076
189 0.00073
190 0.00069
191 0.00066
192 0.00063
193 0.00060
194 0.00057
195 0.00055
196 0.00052
197 0.00050
198 0.00048
199 0.00045
200 0.00043
201 0.00041
202 0.00040
203 0.00038
204 0.00036
205 0.00034
206 0.00033
207 0.00031
208 0.00030
209 0.00028
210 0.00027
211 0.00026
212 0.00025
213 0.00024
214 0.00023
215 0.00022
216 0.00021
217 0.00020
218 0.00019
219 0.00018
220 0.00017
221 0.00016
222 0.00016
223 0.00015
224 0.00014
225 0.00014
226 0.00013
227 0.00012
228 0.00012
229 0.00011
230 0.00011
231 0.00010
232 0.00010
233 0.00009
234 0.00009
235 0.00009
236 0.00008
237 0.00008
238 0.00008
239 0.00007
240 0.00007
241 0.00007
242 0.00006
243 0.00006
244 0.00006
245 0.00005
246 0.00005
247 0.00005
248 0.00005
249 0.00005
250 0.00004
251 0.00004
252 0.00004
253 0.00004
254 0.00004
255 0.00004
256 0.00003
257 0.00003
258 0.00003
259 0.00003
260 0.00003
261 0.00003
262 0.00003
263 0.00002
264 0.00002
265 0.00002
266 0.00002
267 0.00002
268 0.00002
269 0.00002
270 0.00002
271 0.00002
272 0.00002
273 0.00002
274 0.00002
275 0.00001
276 0.00001
277 0.00001
278 0.00001
279 0.00001
280 0.00001
281 0.00001
282 0.00001
283 0.00001
284 0.00001
285 0.00001
286 0.00001
287 0.00001
288 0.00001
289 0.00001
290 0.00001
291 0.00001
292 0.00001
293 0.00001
294 0.00001
295 0.00001
296 0.00001
297 0.00001
298 0.00001
299 0.00001
300 0.00001
301 0.00001
302 0.00000
303 0.00000
304 0.00000
305 0.00000
306 0.00000
307 0.00000
308 0.00000
309 0.00000
310 0.00000
311 0.00000
312 0.00000
313 0.00000
314 0.00000
315 0.00000
316 0.00000
317 0.00000
318 0.00000
319 0.00000
320 0.00000
321 0.00000
322 0.00000
323 0.00000
324 0.00000
325 0.00000
326 0.00000
327 0.00000
328 0.00000
329 0.00000
330 0.00000
331 0.00000
332 0.00000
333 0.00000
334 0.00000
335 0.00000
336 0.00000
337 0.00000
338 0.00000
339 0.00000
340 0.00000
341 0.00000
342 0.00000
343 0.00000
344 0.00000
345 0.00000
346 0.00000
347 0.00000
348 0.00000
349 0.00000
350 0.00000
351 0.00000
352 0.00000
353 0.00000
354 0.00000
355 0.00000
356 0.00000
357 0.00000
358 0.00000
359 0.00000
360 0.00000
361 0.00000
362 0.00000
363 0.00000
364 0.00000
365 0.00000
366 0.00000
367 0.00000
368 0.00000
369 0.00000
370 0.00000
371 0.00000
372 0.00000
373 0.00000
374 0.00000
375 0.00000
376 0.00000
377 0.00000
378 0.00000
379 0.00000
380 0.00000
381 0.00000
382 0.00000
383 0.00000
384 0.00000
385 0.00000
386 0.00000
387 0.00000
388 0.00000
389 0.00000
390 0.00000
391 0.00000
392 0.00000
393 0.00000
394 0.00000
395 0.00000
396 0.00000
397 0.00000
398 0.00000
399 0.00000
400 0.00000
401 0.00000
402 0.00000
403 0.00000
404 0.00000
405 0.00000
406 0.00000
407 0.00000
408 0.00000
409 0.00000
410 0.00000
411 0.00000
412 0.00000
413 0.00000
414 0.00000
415 0.00000
416 0.00000
417 0.00000
418 0.00000
419 0.00000
420 0.00000
421 0.00000
422 0.00000
423 0.00000
424 0.00000
425 0.00000
426 0.00000
427 0.00000
428 0.00000
429 0.00000
430 0.00000
431 0.00000
432 0.00000
433 0.00000
434 0.00000
435 0.00000
436 0.00000
437 0.00000
438 0.00000
439 0.00000
440 0.00000
441 0.00000
442 0.00000
443 0.00000
444 0.00000
445 0.00000
446 0.00000
447 0.00000
448 0.00000
449 0.00000
450 0.00000
451 0.00000
452 0.00000
453 0.00000
454 0.00000
455 0.00000
456 0.00000
457 0.00000
458 0.00000
459 0.00000
460 0.00000
461 0.00000
462 0.00000
463 0.00000
464 0.00000
465 0.00000
466 0.00000
467 0.00000
468 0.00000
469 0.00000
470 0.00000
471 0.00000
472 0.00000
473 0.00000
474 0.00000
475 0.00000
476 0.00000
477 0.00000
478 0.00000
479 0.00000
480 0.00000
481 0.00000
482 0.00000
483 0.00000
484 0.00000
485 0.00000
486 0.00000
487 0.00000
488 0.00000
489 0.00000
490 0.00000
491 0.00000
492 0.00000
493 0.00000
494 0.00000
495 0.00000
496 0.00000
497 0.00000
498 0.00000
499 0.00000
500 0.00000
501 0.00000
502 0.00000
503 0.00000
504 0.00000
505 0.00000
506 0.00000
507 0.00000
508 0.00000
509 0.00000
510 0.00000
511 0.00000
512 0.00000
513 0.00000
514 0.00000
515 0.00000
516 0.00000
517 0.00000
518 0.00000
519 0.00000
520 0.00000
521 0.00000
522 0.00000
523 0.00000
524 0.00000
525 0.00000
526 0.00000
527 0.00000
528 0.00000
529 0.00000
530 0.00000
531 0.00000
532 0.00000
533 0.00000
534 0.00000
535 0.00000
536 0.00000
537 0.00000
538 0.00000
539 0.00000
540 0.00000
541 0.00000
542 0.00000
543 0.00000
544 0.00000
545 0.00000
546 0.00000
547 0.00000
548 0.00000
549 0.00000
550 0.00000
551 0.00000
552 0.00000
553 0.00000
554 0.00000
555 0.00000
556 0.00000
557 0.00000
558 0.00000
559 0.00000
560 0.00000
561 0.00000
562 0.00000
563 0.00000
564 0.00000
565 0.00000
566 0.00000
567 0.00000
568 0.00000
569 0.00000
570 0.00000
571 0.00000
572 0.00000
573 0.00000
574 0.00000
575 0.00000
576 0.00000
577 0.00000
578 0.00000
579 0.00000
580 0.00000
581 0.00000
582 0.00000
583 0.00000
584 0.00000
585 0.00000
586 0.00000
587 0.00000
588 0.00000
589 0.00000
590 0.00000
591 0.00000
592 0.00000
593 0.00000
594 0.00000
595 0.00000
596 0.00000
597 0.00000
598 0.00000
599 0.00000
600 0.00000
601 0.00000
602 0.00000
603 0.00000
604 0.00000
605 0.00000
606 0.00000
607 0.00000
608 0.00000
609 0.00000
610 0.00000
611 0.00000
612 0.00000
613 0.00000
614 0.00000
615 0.00000
616 0.00000
617 0.00000
618 0.00000
619 0.00000
620 0.00000
621 0.00000
622 0.00000
623 0.00000
624 0.00000
625 0.00000
626 0.00000
627 0.00000
628 0.00000
629 0.00000
630 0.00000
631 0.00000
632 0.00000
633 0.00000
634 0.00000
635 0.00000
636 0.00000
637 0.00000
638 0.00000
639 0.00000
640 0.00000
641 0.00000
642 0.00000
643 0.00000
644 0.00000
645 0.00000
646 0.00000
647 0.00000
648 0.00000
649 0.00000
650 0.00000
651 0.00000
652 0.00000
653 0.00000
654 0.00000
655 0.00000
656 0.00000
657 0.00000
658 0.00000
659 0.00000
660 0.00000
661 0.00000
662 0.00000
663 0.00000
664 0.00000
665 0.00000
666 0.00000
667 0.00000
668 0.00000
669 0.00000
670 0.00000
671 0.00000
672 0.00000
673 0.00000
674 0.00000
675 0.00000
676 0.00000
677 0.00000
678 0.00000
679 0.00000
680 0.00000
681 0.00000
682 0.00000
683 0.00000
684 0.00000
685 0.00000
686 0.00000
687 0.00000
688 0.00000
689 0.00000
690 0.00000
691 0.00000
692 0.00000
693 0.00000
694 0.00000
695 0.00000
696 0.00000
697 0.00000
698 0.00000
699 0.00000
700 0.00000
701 0.00000
702 0.00000
703 0.00000
704 0.00000
705 0.00000
706 0.00000
707 0.00000
708 0.00000
709 0.00000
710 0.00000
711 0.00000
712 0.00000
713 0.00000
714 0.00000
715 0.00000
716 0.00000
717 0.00000
718 0.00000
719 0.00000
720 0.00000
721 0.00000
722 0.00000
723 0.00000
724 0.00000
725 0.00000
726 0.00000
727 0.00000
728 0.00000
729 0.00000
730 0.00000
731 0.00000
732 0.00000
733 0.00000
734 0.00000
735 0.00000
736 0.00000
737 0.00000
738 0.00000
739 0.00000
740 0.00000
741 0.00000
742 0.00000
743 0.00000
744 0.00000
745 0.00000
746 0.00000
747 0.00000
748 0.00000
749 0.00000
750 0.00000
751 0.00000
752 0.00000
753 0.00000
754 0.00000
755 0.00000
756 0.00000
757 0.00000
758 0.00000
759 0.00000
760 0.00000
761 0.00000
762 0.00000
763 0.00000
764 0.00000
765 0.00000
766 0.00000
767 0.00000
768 0.00000
769 0.00000
770 0.00000
771 0.00000
772 0.00000
773 0.00000
774 0.00000
775 0.00000
776 0.00001
777 0.00001
778 0.00001
779 0.00001
780 0.00001
781 0.00001
782 0.00001
783 0.00001
784 0.00001
785 0.00001
786 0.00001
787 0.00001
788 0.00001
789 0.00001
790 0.00001
791 0.00001
792 0.00001
793 0.00001
794 0.00001
795 0.00001
796 0.00001
797 0.00002
798 0.00002
799 0.00002
800 0.00002
801 0.00002
802 0.00002
803 0.00002
804 0.00002
805 0.00002
806 0.00003
807 0.00003
808 0.00003
809 0.00003
810 0.00003
811 0.00003
812 0.00004
813 0.00004
814 0.00004
815 0.00004
816 0.00005
817 0.00005
818 0.00005
819 0.00006
820 0.00006
821 0.00006
822 0.00007
823 0.00007
824 0.00007
825 0.00008
826 0.00008
827 0.00009
828 0.00010
829 0.00010
830 0.00011
831 0.00011
832 0.00012
833 0.00013
834 0.00014
835 0.00015
836 0.00016
837 0.00017
838 0.00018
839 0.00019
840 0.00020
841 0.00022
842 0.00023
843 0.00024
844 0.00026
845 0.00028
846 0.00030
847 0.00032
848 0.00034
849 0.00036
850 0.00039
851 0.00041
852 0.00044
853 0.00047
854 0.00050
855 0.00054
856 0.00057
857 0.00061
858 0.00065
859 0.00070
860 0.00075
861 0.00080
862 0.00085
863 0.00091
864 0.00098
865 0.00105
866 0.00112
867 0.00120
868 0.00128
869 0.00137
870 0.00147
871 0.00158
872 0.00169
873 0.00181
874 0.00194
875 0.00208
876 0.00223
877 0.00239
878 0.00256
879 0.00275
880 0.00295
881 0.00316
882 0.00339
883 0.00364
884 0.00391
885 0.00419
886 0.00450
887 0.00483
888 0.00519
889 0.00558
890 0.00599
891 0.00643
892 0.00691
893 0.00743
894 0.00799
895 0.00859
896 0.00923
897 0.00993
898 0.01068
899 0.01149
900 0.01236
901 0.01329
902 0.01431
903 0.01540
904 0.01657
905 0.01784
906 0.01921
907 0.02068
908 0.02227
909 0.02399
910 0.02585
911 0.02785
912 0.02942
913 0.03128
914 0.03358
915 0.03599
916 0.03762
917 0.03836
918 0.03940
919 0.04084
920 0.04284
921 0.04565
922 0.04475
923 0.04386
924 0.04779
925 0.04687
926 0.04596
927 0.05166
928 0.05070
929 0.04975
930 0.04881
931 0.05747
932 0.05646
933 0.05545
934 0.05446
935 0.05348
936 0.05251
937 0.05155
938 0.06542
939 0.06434
940 0.06328
941 0.06222
942 0.06117
943 0.06013
944 0.05910
945 0.05809
946 0.05708
947 0.05609
948 0.05510
949 0.05413
950 0.07849
951 0.07732
952 0.07617
953 0.07502
954 0.07389
955 0.07276
956 0.07164
957 0.07054
958 0.06944
959 0.06836
960 0.06728
961 0.06621
962 0.06516
963 0.06411
964 0.06307
965 0.06205
966 0.06103
967 0.06003
968 0.05903
969 0.05804
970 0.05707
971 0.05610
972 0.05515
973 0.10510
974 0.10383
975 0.10256
976 0.10130
977 0.10005
978 0.09880
979 0.09756
980 0.09633
981 0.09511
982 0.09390
983 0.09269
984 0.09149
985 0.09030
986 0.08912
987 0.08794
988 0.08678
989 0.08562
990 0.08447
991 0.08333
992 0.08219
993 0.08107
994 0.07995
995 0.07884
996 0.07774
997 0.07665
998 0.07556
999 0.07449
1000 0.07342
1001 0.07236
1002 0.07131
1003 0.07027
1004 0.06923
1005 0.06821
1006 0.06719
1007 0.06618
1008 0.06518
1009 0.06419
1010 0.06320
1011 0.06223
1012 0.06126
1013 0.06030
1014 0.05935
1015 0.05841
1016 0.05748
1017 0.05655
1018 0.05564
1019 0.05473
1020 0.05383
1021 0.05294
1022 0.05206
1023 0.05119
1024 0.05032
1025 0.04946
1026 0.19431
1027 0.19293
1028 0.19154
1029 0.19015
1030 0.18876
1031 0.18737
1032 0.18597
1033 0.18458
1034 0.18318
1035 0.18178
1036 0.18038
1037 0.17897
1038 0.17757
1039 0.17616
1040 0.17475
1041 0.17334
1042 0.17192
1043 0.17051
1044 0.16909
1045 0.16767
1046 0.16625
1047 0.16483
1048 0.16341
1049 0.16198
1050 0.16056
1051 0.15913
1052 0.15770
1053 0.15627
1054 0.15484
1055 0.15341
1056 0.15197
1057 0.15054
1058 0.14910
1059 0.14767
1060 0.14623
1061 0.14480
1062 0.14336
1063 0.14192
1064 0.14049
1065 0.13905
1066 0.13761
1067 0.13618
1068 0.13475
1069 0.13331
1070 0.13188
1071 0.13045
1072 0.12902
1073 0.12759
1074 0.12617
1075 0.12474
1076 0.12332
1077 0.12190
1078 0.12048
1079 0.11907
1080 0.11766
1081 0.11625
1082 0.11485
1083 0.11345
1084 0.11205
1085 0.11066
1086 0.10927
1087 0.10789
1088 0.10651
1089 0.10513
1090 0.10377
1091 0.10240
1092 0.10104
1093 0.09969
1094 0.09835
1095 0.09701
1096 0.09568
1097 0.09435
1098 0.09303
1099 0.09172
1100 0.09041
1101 0.08911
1102 0.08782
1103 0.08654
1104 0.08527
1105 0.08400
1106 0.08274
1107 0.08149
1108 0.08025
1109 0.07902
1110 0.07780
1111 0.07658
1112 0.07538
1113 0.07419
1114 0.07300
1115 0.07182
1116 0.07066
1117 0.06950
1118 0.06836
1119 0.06722
1120 0.06610
1121 0.06498
1122 0.06388
1123 0.06278
1124 0.06170
1125 0.06063
1126 0.05956
1127 0.05851
1128 0.05747
1129 0.05644
1130 0.05543
1131 0.05442
1132 0.05342
1133 0.05244
1134 0.05147
1135 0.05051
1136 0.04955
1137 0.04862
1138 0.04769
1139 0.04677
1140 0.04587
1141 0.04497
1142 0.04409
1143 0.04322
1144 0.04236
1145 0.04152
1146 0.04068
1147 0.03985
1148 0.03904
1149 0.03824
1150 0.03745
1151 0.03667
1152 0.03590
1153 0.03514
1154 0.03440
1155 0.03366
1156 0.03294
1157 0.03223
1158 0.03153
1159 0.03084
1160 0.03016
1161 0.02949
1162 0.02883
1163 0.02818
1164 0.02754
1165 0.02692
1166 0.02630
1167 0.02570
1168 0.02510
1169 0.02452
1170 0.02394
1171 0.02338
1172 0.02282
1173 0.02228
1174 0.02174
1175 0.02122
1176 0.02070
1177 0.02019
1178 0.01970
1179 0.01921
1180 0.01873
1181 0.01826
1182 0.01780
1183 0.01735
1184 0.01691
1185 0.01647
1186 0.01605
1187 0.01563
1188 0.01523
1189 0.01483
1190 0.01443
1191 0.01405
1192 0.01368
1193 0.01331
1194 0.01295
1195 0.01260
1196 0.01225
1197 0.01192
1198 0.01159
1199 0.01127
1200 0.01095
1201 0.01064
1202 0.01034
1203 0.01005
1204 0.00976
1205 0.00948
1206 0.00921
1207 0.00894
1208 0.00868
1209 0.00842
1210 0.00817
1211 0.00793
1212 0.00769
1213 0.00746
1214 0.00724
1215 0.00702
1216 1.00000
