17 0.91370
18 0.90623
19 0.89860
20 0.89083
21 0.88292
22 0.87489
23 0.86673
24 0.85848
25 0.85012
26 0.84167
27 0.83314
28 0.82453
29 0.81586
30 0.80712
31 0.79833
32 0.78949
33 0.78061
34 0.77169
35 0.76275
36 0.75377
37 0.74478
38 0.73578
39 0.72677
40 0.71775
41 0.70873
42 0.69972
43 0.69072
44 0.68173
45 0.67276
46 0.66381
47 0.65488
48 0.64599
49 0.63712
50 0.62829
51 0.61950
52 0.61075
53 0.60204
54 0.59338
55 0.58477
56 0.57621
57 0.56771
58 0.55926
59 0.55087
60 0.54254
61 0.53427
62 0.52606
63 0.51793
64 0.50986
65 0.50185
66 0.49392
67 0.48606
68 0.47827
69 0.47056
70 0.46292
71 0.45536
72 0.44787
73 0.44047
74 0.43314
75 0.42589
76 0.41872
77 0.41163
78 0.40462
79 0.39769
80 0.39085
81 0.38409
82 0.37740
83 0.37081
84 0.36429
85 0.35786
86 0.35151
87 0.34524
88 0.33905
89 0.33295
90 0.32693
91 0.32099
92 0.31514
93 0.30936
94 0.30367
95 0.29806
96 0.29253
97 0.28708
98 0.28171
99 0.27643
100 0.27122
101 0.26608
102 0.26103
103 0.25606
104 0.25116
105 0.24634
106 0.24159
107 0.23692
108 0.23233
109 0.22781
110 0.22336
111 0.21898
112 0.21468
113 0.21045
114 0.20629
115 0.20220
116 0.19818
117 0.19422
118 0.19034
119 0.18652
120 0.18277
121 0.17908
122 0.17546
123 0.17190
124 0.16840
125 0.16497
126 0.16160
127 0.15829
128 0.15504
129 0.15185
130 0.14871
131 0.14564
132 0.14262
133 0.13965
134 0.13675
135 0.13389
136 0.13109
137 0.12835
138 0.12565
139 0.12301
140 0.12042
141 0.11787
142 0.11538
143 0.11293
144 0.11053
145 0.10818
146 0.10588
147 0.10361
148 0.10140
149 0.09923
150 0.09710
151 0.09501
152 0.09296
153 0.09096
154 0.08900
155 0.08707
156 0.08519
157 0.08334
158 0.08153
159 0.07976
160 0.07802
161 0.07632
162 0.07465
163 0.07302
164 0.07142
165 0.06986
166 0.06832
167 0.06682
168 0.06536
169 0.06392
170 0.06251
171 0.06113
172 0.05978
173 0.05846
174 0.05717
175 0.05590
176 0.05466
177 0.05345
178 0.05226
179 0.05110
180 0.04997
181 0.04886
182 0.04777
183 0.04670
184 0.04566
185 0.04464
186 0.04365
187 0.04267
188 0.04172
189 0.04079
190 0.03987
191 0.03898
192 0.03811
193 0.03725
194 0.03642
195 0.03560
196 0.03480
197 0.03402
198 0.03326
199 0.03251
200 0.03178
201 0.03107
202 0.03037
203 0.02968
204 0.02902
205 0.02836
206 0.02773
207 0.02710
208 0.02649
209 0.02590
210 0.02531
211 0.02474
212 0.02419
213 0.02364
214 0.02311
215 0.02259
216 0.02208
217 0.02158
218 0.02110
219 0.02062
220 0.02016
221 0.01970
222 0.01926
223 0.01883
224 0.01840
225 0.01799
226 0.01759
227 0.01719
228 0.01680
229 0.01643
230 0.01606
231 0.01570
232 0.01535
233 0.01500
234 0.01467
235 0.01434
236 0.01402
237 0.01370
238 0.01339
239 0.01310
240 0.01280
241 0.01252
242 0.01224
243 0.01196
244 0.01170
245 0.01144
246 0.01118
247 0.01093
248 0.01069
249 0.01045
250 0.01022
251 0.00999
252 0.00977
253 0.00955
254 0.00934
255 0.00914
256 0.00893
257 0.00874
258 0.00854
259 0.00836
260 0.00817
261 0.00799
262 0.00782
263 0.00764
264 0.00748
265 0.00731
266 0.00715
267 0.00700
268 0.00684
269 0.00669
270 0.00655
271 0.00640
272 0.00626
273 0.00613
274 0.00600
275 0.00587
276 0.00574
277 0.00561
278 0.00549
279 0.00537
280 0.00526
281 0.00515
282 0.00503
283 0.00493
284 0.00482
285 0.00472
286 0.00462
287 0.00452
288 0.00442
289 0.00433
290 0.00424
291 0.00415
292 0.00406
293 0.00397
294 0.00389
295 0.00381
296 0.00373
297 0.00365
298 0.00357
299 0.00350
300 0.00342
301 0.00335
302 0.00328
303 0.00321
304 0.00315
305 0.00308
306 0.00302
307 0.00296
308 0.00290
309 0.00284
310 0.00278
311 0.00272
312 0.00267
313 0.00261
314 0.00256
315 0.00251
316 0.00245
317 0.00241
318 0.00236
319 0.00231
320 0.00226
321 0.00222
322 0.00217
323 0.00213
324 0.00209
325 0.00205
326 0.00200
327 0.00197
328 0.00193
329 0.00189
330 0.00185
331 0.00181
332 0.00178
333 0.00174
334 0.00171
335 0.00168
336 0.00164
337 0.00161
338 0.00158
339 0.00155
340 0.00152
341 0.00149
342 0.00146
343 0.00144
344 0.00141
345 0.00138
346 0.00136
347 0.00133
348 0.00131
349 0.00128
350 0.00126
351 0.00123
352 0.00121
353 0.00119
354 0.00117
355 0.00115
356 0.00112
357 0.00110
358 0.00108
359 0.00106
360 0.00104
361 0.00103
362 0.00101
363 0.00099
364 0.00097
365 0.00095
366 0.00094
367 0.00092
368 0.00090
369 0.00089
370 0.00087
371 0.00086
372 0.00084
373 0.00083
374 0.00081
375 0.00080
376 0.00079
377 0.00077
378 0.00076
379 0.00075
380 0.00073
381 0.00072
382 0.00071
383 0.00070
384 0.00069
385 0.00067
386 0.00066
387 0.00065
388 0.00064
389 0.00063
390 0.00062
391 0.00061
392 0.00060
393 0.00059
394 0.00058
395 0.00057
396 0.00056
397 0.00055
398 0.00055
399 0.00054
400 0.00053
401 0.00052
402 0.00051
403 0.00051
404 0.00050
405 0.00049
406 0.00048
407 0.00048
408 0.00047
409 0.00046
410 0.00045
411 0.00045
412 0.00044
413 0.00043
414 0.00043
415 0.00042
416 0.00042
417 0.00041
418 0.00040
419 0.00040
420 0.00039
421 0.00039
422 0.00038
423 0.00038
424 0.00037
425 0.00037
426 0.00036
427 0.00036
428 0.00035
429 0.00035
430 0.00034
431 0.00034
432 0.00033
433 0.00033
434 0.00032
435 0.00032
436 0.00032
437 0.00031
438 0.00031
439 0.00030
440 0.00030
441 0.00030
442 0.00029
443 0.00029
444 0.00029
445 0.00028
446 0.00028
447 0.00028
448 0.00027
449 0.00027
450 0.00027
451 0.00026
452 0.00026
453 0.00026
454 0.00025
455 0.00025
456 0.00025
457 0.00024
458 0.00024
459 0.00024
460 0.00024
461 0.00023
462 0.00023
463 0.00023
464 0.00023
465 0.00022
466 0.00022
467 0.00022
468 0.00022
469 0.00022
470 0.00021
471 0.00021
472 0.00021
473 0.00021
474 0.00020
475 0.00020
476 0.00020
477 0.00020
478 0.00020
479 0.00019
480 0.00019
481 0.00019
482 0.00019
483 0.00019
484 0.00019
485 0.00018
486 0.00018
487 0.00018
488 0.00018
489 0.00018
490 0.00018
491 0.00018
492 0.00017
493 0.00017
494 0.00017
495 0.00017
496 0.00017
497 0.00017
498 0.00017
499 0.00016
500 0.00016
501 0.00016
502 0.00016
503 0.00016
504 0.00016
505 0.00016
506 0.00016
507 0.00016
508 0.00015
509 0.00015
510 0.00015
511 0.00015
512 0.00015
513 0.00015
514 0.00015
515 0.00015
516 0.00015
517 0.00015
518 0.00015
519 0.00014
520 0.00014
521 0.00014
522 0.00014
523 0.00014
524 0.00014
525 0.00014
526 0.00014
527 0.00014
528 0.00014
529 0.00014
530 0.00014
531 0.00014
532 0.00014
533 0.00014
534 0.00013
535 0.00013
536 0.00013
537 0.00013
538 0.00013
539 0.00013
540 0.00013
541 0.00013
542 0.00013
543 0.00013
544 0.00013
545 0.00013
546 0.00013
547 0.00013
548 0.00013
549 0.00013
550 0.00013
551 0.00013
552 0.00013
553 0.00013
554 0.00013
555 0.00013
556 0.00013
557 0.00013
558 0.00013
559 0.00013
560 0.00013
561 0.00013
562 0.00013
563 0.00013
564 0.00013
565 0.00013
566 0.00013
567 0.00013
568 0.00013
569 0.00013
570 0.00013
571 0.00013
572 0.00013
573 0.00013
574 0.00013
575 0.00013
576 0.00013
577 0.00013
578 0.00013
579 0.00013
580 0.00013
581 0.00013
582 0.00013
583 0.00013
584 0.00013
585 0.00013
586 0.00013
587 0.00013
588 0.00013
589 0.00013
590 0.00013
591 0.00013
592 0.00013
593 0.00013
594 0.00013
595 0.00013
596 0.00013
597 0.00013
598 0.00013
599 0.00013
600 0.00013
601 0.00013
602 0.00013
603 0.00013
604 0.00013
605 0.00013
606 0.00014
607 0.00014
608 0.00014
609 0.00014
610 0.00014
611 0.00014
612 0.00014
613 0.00014
614 0.00014
615 0.00014
616 0.00014
617 0.00014
618 0.00014
619 0.00014
620 0.00014
621 0.00015
622 0.00015
623 0.00015
624 0.00015
625 0.00015
626 0.00015
627 0.00015
628 0.00015
629 0.00015
630 0.00015
631 0.00016
632 0.00016
633 0.00016
634 0.00016
635 0.00016
636 0.00016
637 0.00016
638 0.00016
639 0.00017
640 0.00017
641 0.00017
642 0.00017
643 0.00017
644 0.00017
645 0.00017
646 0.00018
647 0.00018
648 0.00018
649 0.00018
650 0.00018
651 0.00019
652 0.00019
653 0.00019
654 0.00019
655 0.00019
656 0.00020
657 0.00020
658 0.00020
659 0.00020
660 0.00020
661 0.00021
662 0.00021
663 0.00021
664 0.00021
665 0.00022
666 0.00022
667 0.00022
668 0.00022
669 0.00023
670 0.00023
671 0.00023
672 0.00024
673 0.00024
674 0.00024
675 0.00024
676 0.00025
677 0.00025
678 0.00025
679 0.00026
680 0.00026
681 0.00027
682 0.00027
683 0.00027
684 0.00028
685 0.00028
686 0.00029
687 0.00029
688 0.00029
689 0.00030
690 0.00030
691 0.00031
692 0.00031
693 0.00032
694 0.00032
695 0.00033
696 0.00033
697 0.00034
698 0.00034
699 0.00035
700 0.00036
701 0.00036
702 0.00037
703 0.00037
704 0.00038
705 0.00039
706 0.00039
707 0.00040
708 0.00041
709 0.00042
710 0.00042
711 0.00043
712 0.00044
713 0.00045
714 0.00046
715 0.00047
716 0.00047
717 0.00048
718 0.00049
719 0.00050
720 0.00051
721 0.00052
722 0.00053
723 0.00054
724 0.00056
725 0.00057
726 0.00058
727 0.00059
728 0.00060
729 0.00062
730 0.00063
731 0.00064
732 0.00066
733 0.00067
734 0.00069
735 0.00070
736 0.00072
737 0.00073
738 0.00075
739 0.00077
740 0.00078
741 0.00080
742 0.00082
743 0.00084
744 0.00086
745 0.00088
746 0.00090
747 0.00092
748 0.00094
749 0.00097
750 0.00099
751 0.00102
752 0.00104
753 0.00107
754 0.00109
755 0.00112
756 0.00115
757 0.00118
758 0.00121
759 0.00124
760 0.00127
761 0.00131
762 0.00134
763 0.00138
764 0.00141
765 0.00145
766 0.00149
767 0.00153
768 0.00158
769 0.00162
770 0.00166
771 0.00171
772 0.00176
773 0.00181
774 0.00186
775 0.00191
776 0.00197
777 0.00202
778 0.00208
779 0.00214
780 0.00221
781 0.00227
782 0.00234
783 0.00241
784 0.00248
785 0.00256
786 0.00264
787 0.00272
788 0.00280
789 0.00289
790 0.00298
791 0.00307
792 0.00317
793 0.00327
794 0.00337
795 0.00348
796 0.00359
797 0.00371
798 0.00383
799 0.00395
800 0.00408
801 0.00422
802 0.00436
803 0.00450
804 0.00465
805 0.00481
806 0.00497
807 0.00514
808 0.00532
809 0.00550
810 0.00569
811 0.00589
812 0.00610
813 0.00631
814 0.00653
815 0.00676
816 0.00701
817 0.00726
818 0.00752
819 0.00779
820 0.00807
821 0.00837
822 0.00867
823 0.00899
824 0.00933
825 0.00968
826 0.01004
827 0.01042
828 0.01081
829 0.01122
830 0.01165
831 0.01209
832 0.01256
833 0.01305
834 0.01355
835 0.01408
836 0.01463
837 0.01521
838 0.01581
839 0.01644
840 0.01710
841 0.01779
842 0.01850
843 0.01925
844 0.02004
845 0.02086
846 0.02172
847 0.02261
848 0.02355
849 0.02453
850 0.02555
851 0.02663
852 0.02775
853 0.02893
854 0.03016
855 0.03145
856 0.03280
857 0.03421
858 0.03570
859 0.03725
860 0.03888
861 0.04058
862 0.04237
863 0.04425
864 0.04622
865 0.04828
866 0.05044
867 0.05272
868 0.05510
869 0.05760
870 0.06023
871 0.06299
872 0.06588
873 0.06892
874 0.07212
875 0.07548
876 0.07901
877 0.08272
878 0.08662
879 0.09072
880 0.09503
881 0.09956
882 0.10434
883 0.10936
884 0.11464
885 0.12020
886 0.12605
887 0.13222
888 0.13871
889 0.14555
890 0.15275
891 0.16034
892 0.16834
893 0.17677
894 0.18566
895 0.19503
896 0.20491
897 0.21534
898 0.22633
899 0.23794
900 0.25019
901 0.26312
902 0.27676
903 0.29118
904 0.30640
905 0.32248
906 0.33947
907 0.35742
908 0.37639
909 0.39645
910 0.41765
911 0.44007
912 0.45866
913 0.46361
914 0.46931
915 0.47496
916 0.47869
917 0.48049
918 0.48287
919 0.48597
920 0.49003
921 0.49537
922 0.49401
923 0.49265
924 0.49981
925 0.49845
926 0.49710
927 0.50687
928 0.50553
929 0.50419
930 0.50285
931 0.51663
932 0.51531
933 0.51398
934 0.51266
935 0.51134
936 0.51002
937 0.50869
938 0.52905
939 0.52775
940 0.52646
941 0.52516
942 0.52387
943 0.52257
944 0.52127
945 0.51998
946 0.51868
947 0.51738
948 0.51608
949 0.51478
950 0.54709
951 0.54583
952 0.54458
953 0.54333
954 0.54207
955 0.54082
956 0.53956
957 0.53831
958 0.53705
959 0.53579
960 0.53454
961 0.53328
962 0.53202
963 0.53076
964 0.52950
965 0.52825
966 0.52699
967 0.52573
968 0.52446
969 0.52320
970 0.52194
971 0.52068
972 0.51942
973 0.57707
974 0.57589
975 0.57471
976 0.57354
977 0.57236
978 0.57118
979 0.57000
980 0.56882
981 0.56764
982 0.56646
983 0.56528
984 0.56409
985 0.56291
986 0.56172
987 0.56054
988 0.55935
989 0.55817
990 0.55698
991 0.55579
992 0.55461
993 0.55342
994 0.55223
995 0.55104
996 0.54985
997 0.54866
998 0.54747
999 0.54628
1000 0.54508
1001 0.54389
1002 0.54270
1003 0.54150
1004 0.54031
1005 0.53911
1006 0.53792
1007 0.53672
1008 0.53553
1009 0.53433
1010 0.53313
1011 0.53194
1012 0.53074
1013 0.52954
1014 0.52834
1015 0.52714
1016 0.52595
1017 0.52475
1018 0.52355
1019 0.52235
1020 0.52115
1021 0.51994
1022 0.51874
1023 0.51754
1024 0.51634
1025 0.51514
1026 0.64393
1027 0.64293
1028 0.64193
1029 0.64093
1030 0.63994
1031 0.63894
1032 0.63793
1033 0.63693
1034 0.63593
1035 0.63492
1036 0.63392
1037 0.63291
1038 0.63191
1039 0.63090
1040 0.62989
1041 0.62888
1042 0.62787
1043 0.62686
1044 0.62585
1045 0.62483
1046 0.62382
1047 0.62280
1048 0.62179
1049 0.62077
1050 0.61975
1051 0.61874
1052 0.61772
1053 0.61670
1054 0.61567
1055 0.61465
1056 0.61363
1057 0.61261
1058 0.61158
1059 0.61056
1060 0.60953
1061 0.60850
1062 0.60748
1063 0.60645
1064 0.60542
1065 0.60439
1066 0.60336
1067 0.60233
1068 0.60130
1069 0.60026
1070 0.59923
1071 0.59820
1072 0.59716
1073 0.59613
1074 0.59509
1075 0.59405
1076 0.59301
1077 0.59198
1078 0.59094
1079 0.58990
1080 0.58886
1081 0.58781
1082 0.58677
1083 0.58573
1084 0.58469
1085 0.58364
1086 0.58260
1087 0.58155
1088 0.58051
1089 0.57946
1090 0.57841
1091 0.57737
1092 0.57632
1093 0.57527
1094 0.57422
1095 0.57317
1096 0.57212
1097 0.57107
1098 0.57002
1099 0.56896
1100 0.56791
1101 0.56686
1102 0.56580
1103 0.56475
1104 0.56369
1105 0.56264
1106 0.56158
1107 0.56053
1108 0.55947
1109 0.55841
1110 0.55735
1111 0.55630
1112 0.55524
1113 0.55418
1114 0.55312
1115 0.55206
1116 0.55100
1117 0.54994
1118 0.54887
1119 0.54781
1120 0.54675
1121 0.54569
1122 0.54462
1123 0.54356
1124 0.54250
1125 0.54143
1126 0.54037
1127 0.53930
1128 0.53824
1129 0.53717
1130 0.53611
1131 0.53504
1132 0.53397
1133 0.53291
1134 0.53184
1135 0.53077
1136 0.52970
1137 0.52863
1138 0.52756
1139 0.52650
1140 0.52543
1141 0.52436
1142 0.52329
1143 0.52222
1144 0.52115
1145 0.52008
1146 0.51901
1147 0.51794
1148 0.51686
1149 0.51579
1150 0.51472
1151 0.51365
1152 0.51258
1153 0.51150
1154 0.51043
1155 0.50936
1156 0.50829
1157 0.50721
1158 0.50614
1159 0.50507
1160 0.50400
1161 0.50292
1162 0.50185
1163 0.50077
1164 0.49970
1165 0.49863
1166 0.49755
1167 0.49648
1168 0.49541
1169 0.49433
1170 0.49326
1171 0.49218
1172 0.49111
1173 0.49003
1174 0.48896
1175 0.48788
1176 0.48681
1177 0.48574
1178 0.48466
1179 0.48359
1180 0.48251
1181 0.48144
1182 0.48036
1183 0.47929
1184 0.47821
1185 0.47714
1186 0.47607
1187 0.47499
1188 0.47392
1189 0.47284
1190 0.47177
1191 0.47070
1192 0.46962
1193 0.46855
1194 0.46747
1195 0.46640
1196 0.46533
1197 0.46425
1198 0.46318
1199 0.46211
1200 0.46104
1201 0.45996
1202 0.45889
1203 0.45782
1204 0.45675
1205 0.45567
1206 0.45460
1207 0.45353
1208 0.45246
1209 0.45139
1210 0.45032
1211 0.44925
1212 0.44818
1213 0.44711
1214 0.44604
1215 0.44497
1216 1.00000
