17 0.92742
18 0.92108
19 0.91459
20 0.90797
21 0.90123
22 0.89436
23 0.88739
24 0.88031
25 0.87313
26 0.86586
27 0.85851
28 0.85108
29 0.84358
30 0.83601
31 0.82838
32 0.82069
33 0.81295
34 0.80517
35 0.79734
36 0.78948
37 0.78158
38 0.77366
39 0.76571
40 0.75774
41 0.74975
42 0.74175
43 0.73375
44 0.72573
45 0.71772
46 0.70970
47 0.70169
48 0.69369
49 0.68570
50 0.67772
51 0.66975
52 0.66181
53 0.65388
54 0.64598
55 0.63811
56 0.63026
57 0.62245
58 0.61466
59 0.60691
60 0.59920
61 0.59153
62 0.58389
63 0.57630
64 0.56875
65 0.56124
66 0.55379
67 0.54638
68 0.53902
69 0.53171
70 0.52445
71 0.51724
72 0.51009
73 0.50299
74 0.49595
75 0.48897
76 0.48204
77 0.47518
78 0.46837
79 0.46162
80 0.45493
81 0.44831
82 0.44174
83 0.43524
84 0.42880
85 0.42243
86 0.41612
87 0.40987
88 0.40369
89 0.39757
90 0.39152
91 0.38553
92 0.37960
93 0.37375
94 0.36796
95 0.36223
96 0.35657
97 0.35097
98 0.34544
99 0.33998
100 0.33458
101 0.32924
102 0.32397
103 0.31877
104 0.31363
105 0.30856
106 0.30355
107 0.29860
108 0.29372
109 0.28890
110 0.28414
111 0.27945
112 0.27482
113 0.27025
114 0.26575
115 0.26130
116 0.25692
117 0.25260
118 0.24834
119 0.24413
120 0.23999
121 0.23591
122 0.23188
123 0.22791
124 0.22400
125 0.22015
126 0.21636
127 0.21261
128 0.20893
129 0.20530
130 0.20172
131 0.19820
132 0.19474
133 0.19132
134 0.18796
135 0.18465
136 0.18139
137 0.17818
138 0.17502
139 0.17191
140 0.16885
141 0.16584
142 0.16288
143 0.15996
144 0.15709
145 0.15427
146 0.15149
147 0.14876
148 0.14607
149 0.14343
150 0.14083
151 0.13827
152 0.13576
153 0.13328
154 0.13085
155 0.12846
156 0.12611
157 0.12380
158 0.12153
159 0.11929
160 0.11710
161 0.11494
162 0.11282
163 0.11073
164 0.10869
165 0.10667
166 0.10470
167 0.10275
168 0.10084
169 0.09897
170 0.09712
171 0.09531
172 0.09353
173 0.09178
174 0.09007
175 0.08838
176 0.08673
177 0.08510
178 0.08350
179 0.08193
180 0.08039
181 0.07888
182 0.07739
183 0.07594
184 0.07450
185 0.07310
186 0.07172
187 0.07036
188 0.06903
189 0.06772
190 0.06644
191 0.06518
192 0.06395
193 0.06273
194 0.06154
195 0.06038
196 0.05923
197 0.05810
198 0.05700
199 0.05592
200 0.05485
201 0.05381
202 0.05279
203 0.05178
204 0.05079
205 0.04983
206 0.04888
207 0.04795
208 0.04703
209 0.04614
210 0.04526
211 0.04439
212 0.04355
213 0.04272
214 0.04190
215 0.04110
216 0.04032
217 0.03955
218 0.03880
219 0.03806
220 0.03733
221 0.03662
222 0.03592
223 0.03524
224 0.03457
225 0.03391
226 0.03326
227 0.03263
228 0.03201
229 0.03140
230 0.03080
231 0.03021
232 0.02964
233 0.02908
234 0.02852
235 0.02798
236 0.02745
237 0.02693
238 0.02642
239 0.02592
240 0.02543
241 0.02494
242 0.02447
243 0.02401
244 0.02355
245 0.02311
246 0.02267
247 0.02224
248 0.02182
249 0.02141
250 0.02101
251 0.02061
252 0.02023
253 0.01985
254 0.01947
255 0.01911
256 0.01875
257 0.01840
258 0.01805
259 0.01772
260 0.01738
261 0.01706
262 0.01674
263 0.01643
264 0.01612
265 0.01582
266 0.01553
267 0.01524
268 0.01496
269 0.01468
270 0.01441
271 0.01414
272 0.01388
273 0.01363
274 0.01337
275 0.01313
276 0.01289
277 0.01265
278 0.01242
279 0.01219
280 0.01197
281 0.01175
282 0.01153
283 0.01132
284 0.01112
285 0.01092
286 0.01072
287 0.01052
288 0.01033
289 0.01015
290 0.00996
291 0.00978
292 0.00961
293 0.00944
294 0.00927
295 0.00910
296 0.00894
297 0.00878
298 0.00862
299 0.00847
300 0.00832
301 0.00817
302 0.00803
303 0.00788
304 0.00774
305 0.00761
306 0.00747
307 0.00734
308 0.00721
309 0.00709
310 0.00696
311 0.00684
312 0.00672
313 0.00661
314 0.00649
315 0.00638
316 0.00627
317 0.00616
318 0.00606
319 0.00595
320 0.00585
321 0.00575
322 0.00565
323 0.00556
324 0.00546
325 0.00537
326 0.00528
327 0.00519
328 0.00510
329 0.00502
330 0.00493
331 0.00485
332 0.00477
333 0.00469
334 0.00461
335 0.00454
336 0.00446
337 0.00439
338 0.00432
339 0.00425
340 0.00418
341 0.00411
342 0.00404
343 0.00398
344 0.00391
345 0.00385
346 0.00379
347 0.00373
348 0.00367
349 0.00361
350 0.00355
351 0.00350
352 0.00344
353 0.00339
354 0.00333
355 0.00328
356 0.00323
357 0.00318
358 0.00313
359 0.00308
360 0.00303
361 0.00299
362 0.00294
363 0.00290
364 0.00285
365 0.00281
366 0.00277
367 0.00273
368 0.00268
369 0.00264
370 0.00260
371 0.00257
372 0.00253
373 0.00249
374 0.00245
375 0.00242
376 0.00238
377 0.00235
378 0.00231
379 0.00228
380 0.00225
381 0.00222
382 0.00218
383 0.00215
384 0.00212
385 0.00209
386 0.00206
387 0.00203
388 0.00201
389 0.00198
390 0.00195
391 0.00192
392 0.00190
393 0.00187
394 0.00184
395 0.00182
396 0.00180
397 0.00177
398 0.00175
399 0.00172
400 0.00170
401 0.00168
402 0.00166
403 0.00163
404 0.00161
405 0.00159
406 0.00157
407 0.00155
408 0.00153
409 0.00151
410 0.00149
411 0.00147
412 0.00146
413 0.00144
414 0.00142
415 0.00140
416 0.00138
417 0.00137
418 0.00135
419 0.00133
420 0.00132
421 0.00130
422 0.00129
423 0.00127
424 0.00126
425 0.00124
426 0.00123
427 0.00121
428 0.00120
429 0.00119
430 0.00117
431 0.00116
432 0.00115
433 0.00113
434 0.00112
435 0.00111
436 0.00110
437 0.00108
438 0.00107
439 0.00106
440 0.00105
441 0.00104
442 0.00103
443 0.00102
444 0.00101
445 0.00099
446 0.00098
447 0.00097
448 0.00096
449 0.00095
450 0.00095
451 0.00094
452 0.00093
453 0.00092
454 0.00091
455 0.00090
456 0.00089
457 0.00088
458 0.00087
459 0.00087
460 0.00086
461 0.00085
462 0.00084
463 0.00083
464 0.00083
465 0.00082
466 0.00081
467 0.00080
468 0.00080
469 0.00079
470 0.00078
471 0.00078
472 0.00077
473 0.00076
474 0.00076
475 0.00075
476 0.00075
477 0.00074
478 0.00073
479 0.00073
480 0.00072
481 0.00072
482 0.00071
483 0.00070
484 0.00070
485 0.00069
486 0.00069
487 0.00068
488 0.00068
489 0.00067
490 0.00067
491 0.00066
492 0.00066
493 0.00066
494 0.00065
495 0.00065
496 0.00064
497 0.00064
498 0.00063
499 0.00063
500 0.00063
501 0.00062
502 0.00062
503 0.00061
504 0.00061
505 0.00061
506 0.00060
507 0.00060
508 0.00060
509 0.00059
510 0.00059
511 0.00059
512 0.00058
513 0.00058
514 0.00058
515 0.00057
516 0.00057
517 0.00057
518 0.00057
519 0.00056
520 0.00056
521 0.00056
522 0.00056
523 0.00055
524 0.00055
525 0.00055
526 0.00055
527 0.00054
528 0.00054
529 0.00054
530 0.00054
531 0.00054
532 0.00053
533 0.00053
534 0.00053
535 0.00053
536 0.00053
537 0.00053
538 0.00052
539 0.00052
540 0.00052
541 0.00052
542 0.00052
543 0.00052
544 0.00052
545 0.00051
546 0.00051
547 0.00051
548 0.00051
549 0.00051
550 0.00051
551 0.00051
552 0.00051
553 0.00051
554 0.00051
555 0.00050
556 0.00050
557 0.00050
558 0.00050
559 0.00050
560 0.00050
561 0.00050
562 0.00050
563 0.00050
564 0.00050
565 0.00050
566 0.00050
567 0.00050
568 0.00050
569 0.00050
570 0.00050
571 0.00050
572 0.00050
573 0.00050
574 0.00050
575 0.00050
576 0.00050
577 0.00050
578 0.00050
579 0.00050
580 0.00050
581 0.00050
582 0.00050
583 0.00050
584 0.00050
585 0.00050
586 0.00051
587 0.00051
588 0.00051
589 0.00051
590 0.00051
591 0.00051
592 0.00051
593 0.00051
594 0.00051
595 0.00051
596 0.00052
597 0.00052
598 0.00052
599 0.00052
600 0.00052
601 0.00052
602 0.00053
603 0.00053
604 0.00053
605 0.00053
606 0.00053
607 0.00053
608 0.00054
609 0.00054
610 0.00054
611 0.00054
612 0.00054
613 0.00055
614 0.00055
615 0.00055
616 0.00055
617 0.00056
618 0.00056
619 0.00056
620 0.00056
621 0.00057
622 0.00057
623 0.00057
624 0.00058
625 0.00058
626 0.00058
627 0.00059
628 0.00059
629 0.00059
630 0.00060
631 0.00060
632 0.00060
633 0.00061
634 0.00061
635 0.00062
636 0.00062
637 0.00062
638 0.00063
639 0.00063
640 0.00064
641 0.00064
642 0.00065
643 0.00065
644 0.00066
645 0.00066
646 0.00067
647 0.00067
648 0.00068
649 0.00068
650 0.00069
651 0.00069
652 0.00070
653 0.00071
654 0.00071
655 0.00072
656 0.00073
657 0.00073
658 0.00074
659 0.00075
660 0.00075
661 0.00076
662 0.00077
663 0.00077
664 0.00078
665 0.00079
666 0.00080
667 0.00081
668 0.00081
669 0.00082
670 0.00083
671 0.00084
672 0.00085
673 0.00086
674 0.00087
675 0.00088
676 0.00089
677 0.00090
678 0.00091
679 0.00092
680 0.00093
681 0.00094
682 0.00095
683 0.00096
684 0.00098
685 0.00099
686 0.00100
687 0.00101
688 0.00103
689 0.00104
690 0.00105
691 0.00107
692 0.00108
693 0.00110
694 0.00111
695 0.00113
696 0.00114
697 0.00116
698 0.00117
699 0.00119
700 0.00121
701 0.00122
702 0.00124
703 0.00126
704 0.00128
705 0.00130
706 0.00132
707 0.00134
708 0.00136
709 0.00138
710 0.00140
711 0.00142
712 0.00145
713 0.00147
714 0.00149
715 0.00152
716 0.00154
717 0.00157
718 0.00159
719 0.00162
720 0.00165
721 0.00167
722 0.00170
723 0.00173
724 0.00176
725 0.00179
726 0.00182
727 0.00186
728 0.00189
729 0.00192
730 0.00196
731 0.00199
732 0.00203
733 0.00207
734 0.00211
735 0.00215
736 0.00219
737 0.00223
738 0.00227
739 0.00232
740 0.00236
741 0.00241
742 0.00245
743 0.00250
744 0.00255
745 0.00260
746 0.00266
747 0.00271
748 0.00277
749 0.00282
750 0.00288
751 0.00294
752 0.00301
753 0.00307
754 0.00314
755 0.00320
756 0.00327
757 0.00334
758 0.00342
759 0.00349
760 0.00357
761 0.00365
762 0.00373
763 0.00382
764 0.00390
765 0.00399
766 0.00408
767 0.00418
768 0.00427
769 0.00437
770 0.00448
771 0.00458
772 0.00469
773 0.00481
774 0.00492
775 0.00504
776 0.00516
777 0.00529
778 0.00542
779 0.00556
780 0.00570
781 0.00584
782 0.00599
783 0.00614
784 0.00630
785 0.00646
786 0.00663
787 0.00680
788 0.00697
789 0.00716
790 0.00735
791 0.00754
792 0.00774
793 0.00795
794 0.00817
795 0.00839
796 0.00862
797 0.00885
798 0.00910
799 0.00935
800 0.00961
801 0.00988
802 0.01016
803 0.01045
804 0.01075
805 0.01105
806 0.01137
807 0.01170
808 0.01204
809 0.01239
810 0.01276
811 0.01313
812 0.01352
813 0.01393
814 0.01434
815 0.01478
816 0.01522
817 0.01569
818 0.01617
819 0.01666
820 0.01718
821 0.01771
822 0.01826
823 0.01883
824 0.01943
825 0.02004
826 0.02068
827 0.02134
828 0.02203
829 0.02274
830 0.02347
831 0.02424
832 0.02503
833 0.02585
834 0.02671
835 0.02759
836 0.02851
837 0.02947
838 0.03046
839 0.03149
840 0.03256
841 0.03367
842 0.03482
843 0.03602
844 0.03727
845 0.03856
846 0.03991
847 0.04130
848 0.04276
849 0.04427
850 0.04584
851 0.04748
852 0.04918
853 0.05095
854 0.05280
855 0.05471
856 0.05671
857 0.05879
858 0.06095
859 0.06320
860 0.06555
861 0.06799
862 0.07054
863 0.07319
864 0.07596
865 0.07884
866 0.08184
867 0.08497
868 0.08824
869 0.09164
870 0.09519
871 0.09889
872 0.10276
873 0.10679
874 0.11100
875 0.11539
876 0.11997
877 0.12476
878 0.12975
879 0.13497
880 0.14042
881 0.14612
882 0.15207
883 0.15828
884 0.16478
885 0.17157
886 0.17867
887 0.18609
888 0.19386
889 0.20197
890 0.21047
891 0.21935
892 0.22865
893 0.23838
894 0.24856
895 0.25922
896 0.27038
897 0.28207
898 0.29431
899 0.30714
900 0.32057
901 0.33464
902 0.34939
903 0.36485
904 0.38106
905 0.39805
906 0.41586
907 0.43455
908 0.45415
909 0.47471
910 0.49628
911 0.51892
912 0.53758
913 0.54220
914 0.54750
915 0.55273
916 0.55619
917 0.55786
918 0.56005
919 0.56291
920 0.56666
921 0.57157
922 0.57032
923 0.56907
924 0.57564
925 0.57440
926 0.57316
927 0.58212
928 0.58089
929 0.57966
930 0.57844
931 0.59102
932 0.58981
933 0.58861
934 0.58740
935 0.58620
936 0.58499
937 0.58378
938 0.60230
939 0.60113
940 0.59995
941 0.59878
942 0.59760
943 0.59642
944 0.59525
945 0.59407
946 0.59288
947 0.59170
948 0.59052
949 0.58934
950 0.61860
951 0.61747
952 0.61634
953 0.61521
954 0.61408
955 0.61295
956 0.61182
957 0.61068
958 0.60955
959 0.60841
960 0.60728
961 0.60614
962 0.60500
963 0.60386
964 0.60272
965 0.60158
966 0.60043
967 0.59929
968 0.59815
969 0.59700
970 0.59586
971 0.59471
972 0.59356
973 0.64545
974 0.64440
975 0.64335
976 0.64230
977 0.64125
978 0.64020
979 0.63915
980 0.63809
981 0.63704
982 0.63598
983 0.63492
984 0.63387
985 0.63281
986 0.63175
987 0.63068
988 0.62962
989 0.62856
990 0.62749
991 0.62643
992 0.62536
993 0.62430
994 0.62323
995 0.62216
996 0.62109
997 0.62002
998 0.61894
999 0.61787
1000 0.61680
1001 0.61572
1002 0.61465
1003 0.61357
1004 0.61249
1005 0.61141
1006 0.61033
1007 0.60925
1008 0.60817
1009 0.60709
1010 0.60601
1011 0.60492
1012 0.60384
1013 0.60275
1014 0.60167
1015 0.60058
1016 0.59949
1017 0.59840
1018 0.59731
1019 0.59622
1020 0.59513
1021 0.59404
1022 0.59295
1023 0.59185
1024 0.59076
1025 0.58966
1026 0.70433
1027 0.70346
1028 0.70259
1029 0.70172
1030 0.70085
1031 0.69997
1032 0.69910
1033 0.69823
1034 0.69735
1035 0.69647
1036 0.69560
1037 0.69472
1038 0.69384
1039 0.69295
1040 0.69207
1041 0.69119
1042 0.69030
1043 0.68942
1044 0.68853
1045 0.68764
1046 0.68676
1047 0.68587
1048 0.68497
1049 0.68408
1050 0.68319
1051 0.68229
1052 0.68140
1053 0.68050
1054 0.67961
1055 0.67871
1056 0.67781
1057 0.67691
1058 0.67601
1059 0.67510
1060 0.67420
1061 0.67330
1062 0.67239
1063 0.67148
1064 0.67058
1065 0.66967
1066 0.66876
1067 0.66785
1068 0.66694
1069 0.66602
1070 0.66511
1071 0.66420
1072 0.66328
1073 0.66237
1074 0.66145
1075 0.66053
1076 0.65961
1077 0.65869
1078 0.65777
1079 0.65685
1080 0.65593
1081 0.65500
1082 0.65408
1083 0.65315
1084 0.65222
1085 0.65130
1086 0.65037
1087 0.64944
1088 0.64851
1089 0.64758
1090 0.64665
1091 0.64571
1092 0.64478
1093 0.64385
1094 0.64291
1095 0.64197
1096 0.64104
1097 0.64010
1098 0.63916
1099 0.63822
1100 0.63728
1101 0.63634
1102 0.63540
1103 0.63445
1104 0.63351
1105 0.63256
1106 0.63162
1107 0.63067
1108 0.62973
1109 0.62878
1110 0.62783
1111 0.62688
1112 0.62593
1113 0.62498
1114 0.62403
1115 0.62307
1116 0.62212
1117 0.62117
1118 0.62021
1119 0.61925
1120 0.61830
1121 0.61734
1122 0.61638
1123 0.61542
1124 0.61447
1125 0.61350
1126 0.61254
1127 0.61158
1128 0.61062
1129 0.60966
1130 0.60869
1131 0.60773
1132 0.60676
1133 0.60580
1134 0.60483
1135 0.60386
1136 0.60290
1137 0.60193
1138 0.60096
1139 0.59999
1140 0.59902
1141 0.59805
1142 0.59708
1143 0.59610
1144 0.59513
1145 0.59416
1146 0.59318
1147 0.59221
1148 0.59123
1149 0.59026
1150 0.58928
1151 0.58830
1152 0.58733
1153 0.58635
1154 0.58537
1155 0.58439
1156 0.58341
1157 0.58243
1158 0.58145
1159 0.58046
1160 0.57948
1161 0.57850
1162 0.57752
1163 0.57653
1164 0.57555
1165 0.57456
1166 0.57358
1167 0.57259
1168 0.57160
1169 0.57062
1170 0.56963
1171 0.56864
1172 0.56765
1173 0.56666
1174 0.56567
1175 0.56469
1176 0.56369
1177 0.56270
1178 0.56171
1179 0.56072
1180 0.55973
1181 0.55874
1182 0.55774
1183 0.55675
1184 0.55576
1185 0.55476
1186 0.55377
1187 0.55277
1188 0.55178
1189 0.55078
1190 0.54978
1191 0.54879
1192 0.54779
1193 0.54679
1194 0.54580
1195 0.54480
1196 0.54380
1197 0.54280
1198 0.54180
1199 0.54080
1200 0.53980
1201 0.53880
1202 0.53780
1203 0.53680
1204 0.53580
1205 0.53480
1206 0.53380
1207 0.53280
1208 0.53179
1209 0.53079
1210 0.52979
1211 0.52879
1212 0.52778
1213 0.52678
1214 0.52578
1215 0.52477
1216 1.00000
