17 0.94717
18 0.94248
19 0.93768
20 0.93277
21 0.92776
22 0.92264
23 0.91743
24 0.91213
25 0.90675
26 0.90128
27 0.89573
28 0.89011
29 0.88442
30 0.87867
31 0.87285
32 0.86697
33 0.86104
34 0.85505
35 0.84902
36 0.84294
37 0.83681
38 0.83065
39 0.82445
40 0.81821
41 0.81194
42 0.80565
43 0.79932
44 0.79297
45 0.78660
46 0.78021
47 0.77380
48 0.76738
49 0.76094
50 0.75450
51 0.74804
52 0.74158
53 0.73511
54 0.72864
55 0.72217
56 0.71569
57 0.70923
58 0.70276
59 0.69630
60 0.68985
61 0.68340
62 0.67697
63 0.67055
64 0.66414
65 0.65774
66 0.65137
67 0.64500
68 0.63866
69 0.63234
70 0.62603
71 0.61975
72 0.61349
73 0.60726
74 0.60105
75 0.59486
76 0.58870
77 0.58257
78 0.57647
79 0.57040
80 0.56436
81 0.55835
82 0.55237
83 0.54642
84 0.54051
85 0.53463
86 0.52879
87 0.52298
88 0.51720
89 0.51147
90 0.50577
91 0.50010
92 0.49448
93 0.48889
94 0.48334
95 0.47783
96 0.47236
97 0.46693
98 0.46154
99 0.45619
100 0.45088
101 0.44561
102 0.44038
103 0.43520
104 0.43005
105 0.42495
106 0.41989
107 0.41488
108 0.40990
109 0.40497
110 0.40008
111 0.39523
112 0.39042
113 0.38566
114 0.38094
115 0.37627
116 0.37163
117 0.36704
118 0.36250
119 0.35799
120 0.35353
121 0.34911
122 0.34474
123 0.34041
124 0.33612
125 0.33187
126 0.32766
127 0.32350
128 0.31938
129 0.31530
130 0.31127
131 0.30727
132 0.30332
133 0.29941
134 0.29554
135 0.29171
136 0.28793
137 0.28418
138 0.28047
139 0.27681
140 0.27318
141 0.26960
142 0.26605
143 0.26255
144 0.25908
145 0.25566
146 0.25227
147 0.24892
148 0.24561
149 0.24234
150 0.23910
151 0.23590
152 0.23274
153 0.22962
154 0.22654
155 0.22349
156 0.22047
157 0.21750
158 0.21456
159 0.21165
160 0.20878
161 0.20595
162 0.20315
163 0.20038
164 0.19765
165 0.19495
166 0.19228
167 0.18965
168 0.18705
169 0.18448
170 0.18195
171 0.17945
172 0.17698
173 0.17454
174 0.17213
175 0.16975
176 0.16740
177 0.16509
178 0.16280
179 0.16054
180 0.15831
181 0.15612
182 0.15395
183 0.15180
184 0.14969
185 0.14760
186 0.14554
187 0.14351
188 0.14151
189 0.13953
190 0.13758
191 0.13565
192 0.13376
193 0.13188
194 0.13003
195 0.12821
196 0.12641
197 0.12463
198 0.12288
199 0.12116
200 0.11945
201 0.11777
202 0.11612
203 0.11448
204 0.11287
205 0.11128
206 0.10971
207 0.10817
208 0.10664
209 0.10514
210 0.10366
211 0.10219
212 0.10075
213 0.09933
214 0.09793
215 0.09655
216 0.09518
217 0.09384
218 0.09252
219 0.09121
220 0.08992
221 0.08865
222 0.08740
223 0.08617
224 0.08495
225 0.08376
226 0.08257
227 0.08141
228 0.08026
229 0.07913
230 0.07801
231 0.07691
232 0.07583
233 0.07476
234 0.07371
235 0.07267
236 0.07165
237 0.07064
238 0.06965
239 0.06867
240 0.06770
241 0.06675
242 0.06582
243 0.06489
244 0.06398
245 0.06309
246 0.06220
247 0.06133
248 0.06047
249 0.05963
250 0.05879
251 0.05797
252 0.05716
253 0.05637
254 0.05558
255 0.05481
256 0.05404
257 0.05329
258 0.05255
259 0.05182
260 0.05110
261 0.05039
262 0.04969
263 0.04901
264 0.04833
265 0.04766
266 0.04700
267 0.04636
268 0.04572
269 0.04509
270 0.04447
271 0.04386
272 0.04325
273 0.04266
274 0.04208
275 0.04150
276 0.04093
277 0.04038
278 0.03983
279 0.03928
280 0.03875
281 0.03822
282 0.03770
283 0.03719
284 0.03669
285 0.03619
286 0.03571
287 0.03522
288 0.03475
289 0.03428
290 0.03382
291 0.03337
292 0.03292
293 0.03248
294 0.03205
295 0.03162
296 0.03120
297 0.03079
298 0.03038
299 0.02998
300 0.02958
301 0.02919
302 0.02881
303 0.02843
304 0.02805
305 0.02769
306 0.02732
307 0.02697
308 0.02661
309 0.02627
310 0.02593
311 0.02559
312 0.02526
313 0.02493
314 0.02461
315 0.02429
316 0.02398
317 0.02367
318 0.02337
319 0.02307
320 0.02278
321 0.02249
322 0.02220
323 0.02192
324 0.02164
325 0.02137
326 0.02110
327 0.02084
328 0.02058
329 0.02032
330 0.02007
331 0.01982
332 0.01957
333 0.01933
334 0.01909
335 0.01885
336 0.01862
337 0.01839
338 0.01817
339 0.01794
340 0.01773
341 0.01751
342 0.01730
343 0.01709
344 0.01688
345 0.01668
346 0.01648
347 0.01628
348 0.01609
349 0.01590
350 0.01571
351 0.01552
352 0.01534
353 0.01516
354 0.01498
355 0.01481
356 0.01463
357 0.01446
358 0.01429
359 0.01413
360 0.01397
361 0.01381
362 0.01365
363 0.01349
364 0.01334
365 0.01319
366 0.01304
367 0.01289
368 0.01274
369 0.01260
370 0.01246
371 0.01232
372 0.01219
373 0.01205
374 0.01192
375 0.01179
376 0.01166
377 0.01153
378 0.01141
379 0.01128
380 0.01116
381 0.01104
382 0.01092
383 0.01081
384 0.01069
385 0.01058
386 0.01047
387 0.01036
388 0.01025
389 0.01014
390 0.01003
391 0.00993
392 0.00983
393 0.00973
394 0.00963
395 0.00953
396 0.00943
397 0.00934
398 0.00924
399 0.00915
400 0.00906
401 0.00897
402 0.00888
403 0.00879
404 0.00871
405 0.00862
406 0.00854
407 0.00846
408 0.00837
409 0.00829
410 0.00822
411 0.00814
412 0.00806
413 0.00798
414 0.00791
415 0.00784
416 0.00776
417 0.00769
418 0.00762
419 0.00755
420 0.00748
421 0.00742
422 0.00735
423 0.00728
424 0.00722
425 0.00716
426 0.00709
427 0.00703
428 0.00697
429 0.00691
430 0.00685
431 0.00679
432 0.00673
433 0.00668
434 0.00662
435 0.00656
436 0.00651
437 0.00646
438 0.00640
439 0.00635
440 0.00630
441 0.00625
442 0.00620
443 0.00615
444 0.00610
445 0.00605
446 0.00601
447 0.00596
448 0.00591
449 0.00587
450 0.00582
451 0.00578
452 0.00574
453 0.00570
454 0.00565
455 0.00561
456 0.00557
457 0.00553
458 0.00549
459 0.00545
460 0.00541
461 0.00538
462 0.00534
463 0.00530
464 0.00527
465 0.00523
466 0.00520
467 0.00516
468 0.00513
469 0.00509
470 0.00506
471 0.00503
472 0.00500
473 0.00496
474 0.00493
475 0.00490
476 0.00487
477 0.00484
478 0.00481
479 0.00478
480 0.00476
481 0.00473
482 0.00470
483 0.00467
484 0.00465
485 0.00462
486 0.00460
487 0.00457
488 0.00455
489 0.00452
490 0.00450
491 0.00447
492 0.00445
493 0.00443
494 0.00440
495 0.00438
496 0.00436
497 0.00434
498 0.00432
499 0.00430
500 0.00428
501 0.00426
502 0.00424
503 0.00422
504 0.00420
505 0.00418
506 0.00416
507 0.00415
508 0.00413
509 0.00411
510 0.00409
511 0.00408
512 0.00406
513 0.00404
514 0.00403
515 0.00401
516 0.00400
517 0.00398
518 0.00397
519 0.00396
520 0.00394
521 0.00393
522 0.00391
523 0.00390
524 0.00389
525 0.00388
526 0.00386
527 0.00385
528 0.00384
529 0.00383
530 0.00382
531 0.00381
532 0.00380
533 0.00379
534 0.00378
535 0.00377
536 0.00376
537 0.00375
538 0.00374
539 0.00373
540 0.00373
541 0.00372
542 0.00371
543 0.00370
544 0.00369
545 0.00369
546 0.00368
547 0.00367
548 0.00367
549 0.00366
550 0.00366
551 0.00365
552 0.00365
553 0.00364
554 0.00364
555 0.00363
556 0.00363
557 0.00363
558 0.00362
559 0.00362
560 0.00362
561 0.00361
562 0.00361
563 0.00361
564 0.00361
565 0.00361
566 0.00360
567 0.00360
568 0.00360
569 0.00360
570 0.00360
571 0.00360
572 0.00360
573 0.00360
574 0.00360
575 0.00360
576 0.00360
577 0.00360
578 0.00361
579 0.00361
580 0.00361
581 0.00361
582 0.00362
583 0.00362
584 0.00362
585 0.00363
586 0.00363
587 0.00363
588 0.00364
589 0.00364
590 0.00365
591 0.00365
592 0.00366
593 0.00366
594 0.00367
595 0.00368
596 0.00368
597 0.00369
598 0.00370
599 0.00370
600 0.00371
601 0.00372
602 0.00373
603 0.00374
604 0.00375
605 0.00376
606 0.00377
607 0.00378
608 0.00379
609 0.00380
610 0.00381
611 0.00382
612 0.00383
613 0.00384
614 0.00386
615 0.00387
616 0.00388
617 0.00390
618 0.00391
619 0.00392
620 0.00394
621 0.00395
622 0.00397
623 0.00399
624 0.00400
625 0.00402
626 0.00403
627 0.00405
628 0.00407
629 0.00409
630 0.00411
631 0.00413
632 0.00415
633 0.00417
634 0.00419
635 0.00421
636 0.00423
637 0.00425
638 0.00427
639 0.00429
640 0.00432
641 0.00434
642 0.00436
643 0.00439
644 0.00441
645 0.00444
646 0.00447
647 0.00449
648 0.00452
649 0.00455
650 0.00458
651 0.00461
652 0.00464
653 0.00467
654 0.00470
655 0.00473
656 0.00476
657 0.00479
658 0.00483
659 0.00486
660 0.00489
661 0.00493
662 0.00496
663 0.00500
664 0.00504
665 0.00508
666 0.00512
667 0.00516
668 0.00520
669 0.00524
670 0.00528
671 0.00532
672 0.00536
673 0.00541
674 0.00545
675 0.00550
676 0.00554
677 0.00559
678 0.00564
679 0.00569
680 0.00574
681 0.00579
682 0.00584
683 0.00589
684 0.00594
685 0.00600
686 0.00605
687 0.00611
688 0.00617
689 0.00623
690 0.00629
691 0.00635
692 0.00641
693 0.00648
694 0.00654
695 0.00661
696 0.00667
697 0.00674
698 0.00681
699 0.00688
700 0.00696
701 0.00703
702 0.00711
703 0.00718
704 0.00726
705 0.00734
706 0.00742
707 0.00751
708 0.00759
709 0.00768
710 0.00777
711 0.00786
712 0.00795
713 0.00804
714 0.00814
715 0.00824
716 0.00834
717 0.00844
718 0.00854
719 0.00865
720 0.00876
721 0.00887
722 0.00898
723 0.00909
724 0.00921
725 0.00933
726 0.00945
727 0.00958
728 0.00970
729 0.00983
730 0.00997
731 0.01010
732 0.01024
733 0.01038
734 0.01052
735 0.01067
736 0.01082
737 0.01097
738 0.01113
739 0.01129
740 0.01145
741 0.01162
742 0.01179
743 0.01196
744 0.01214
745 0.01232
746 0.01251
747 0.01270
748 0.01289
749 0.01309
750 0.01329
751 0.01350
752 0.01371
753 0.01393
754 0.01415
755 0.01437
756 0.01461
757 0.01484
758 0.01508
759 0.01533
760 0.01558
761 0.01584
762 0.01611
763 0.01638
764 0.01665
765 0.01694
766 0.01723
767 0.01752
768 0.01783
769 0.01814
770 0.01846
771 0.01878
772 0.01912
773 0.01946
774 0.01981
775 0.02016
776 0.02053
777 0.02090
778 0.02129
779 0.02168
780 0.02209
781 0.02250
782 0.02292
783 0.02336
784 0.02380
785 0.02425
786 0.02472
787 0.02520
788 0.02569
789 0.02619
790 0.02671
791 0.02723
792 0.02778
793 0.02833
794 0.02890
795 0.02949
796 0.03008
797 0.03070
798 0.03133
799 0.03198
800 0.03264
801 0.03332
802 0.03402
803 0.03474
804 0.03547
805 0.03623
806 0.03701
807 0.03780
808 0.03862
809 0.03946
810 0.04033
811 0.04121
812 0.04212
813 0.04306
814 0.04402
815 0.04501
816 0.04602
817 0.04706
818 0.04813
819 0.04923
820 0.05037
821 0.05153
822 0.05273
823 0.05396
824 0.05522
825 0.05652
826 0.05786
827 0.05924
828 0.06065
829 0.06211
830 0.06361
831 0.06515
832 0.06674
833 0.06837
834 0.07006
835 0.07179
836 0.07357
837 0.07541
838 0.07730
839 0.07924
840 0.08125
841 0.08331
842 0.08544
843 0.08763
844 0.08989
845 0.09221
846 0.09461
847 0.09708
848 0.09963
849 0.10225
850 0.10496
851 0.10775
852 0.11063
853 0.11359
854 0.11666
855 0.11981
856 0.12307
857 0.12643
858 0.12990
859 0.13347
860 0.13717
861 0.14098
862 0.14491
863 0.14897
864 0.15317
865 0.15749
866 0.16197
867 0.16658
868 0.17135
869 0.17628
870 0.18137
871 0.18663
872 0.19206
873 0.19768
874 0.20348
875 0.20948
876 0.21568
877 0.22209
878 0.22872
879 0.23558
880 0.24267
881 0.25000
882 0.25759
883 0.26544
884 0.27356
885 0.28197
886 0.29066
887 0.29966
888 0.30898
889 0.31863
890 0.32861
891 0.33895
892 0.34966
893 0.36076
894 0.37224
895 0.38415
896 0.39648
897 0.40925
898 0.42249
899 0.43621
900 0.45044
901 0.46518
902 0.48046
903 0.49631
904 0.51275
905 0.52979
906 0.54747
907 0.56581
908 0.58484
909 0.60458
910 0.62506
911 0.64632
912 0.66369
913 0.66746
914 0.67176
915 0.67600
916 0.67878
917 0.68013
918 0.68189
919 0.68419
920 0.68719
921 0.69113
922 0.69013
923 0.68912
924 0.69437
925 0.69338
926 0.69239
927 0.69952
928 0.69855
929 0.69757
930 0.69660
931 0.70657
932 0.70561
933 0.70466
934 0.70371
935 0.70275
936 0.70180
937 0.70084
938 0.71545
939 0.71453
940 0.71360
941 0.71268
942 0.71175
943 0.71083
944 0.70990
945 0.70897
946 0.70804
947 0.70711
948 0.70617
949 0.70524
950 0.72818
951 0.72730
952 0.72642
953 0.72554
954 0.72466
955 0.72378
956 0.72289
957 0.72201
958 0.72112
959 0.72023
960 0.71934
961 0.71845
962 0.71756
963 0.71667
964 0.71577
965 0.71488
966 0.71398
967 0.71308
968 0.71218
969 0.71128
970 0.71038
971 0.70948
972 0.70857
973 0.74890
974 0.74809
975 0.74729
976 0.74648
977 0.74568
978 0.74487
979 0.74406
980 0.74325
981 0.74244
982 0.74162
983 0.74081
984 0.73999
985 0.73918
986 0.73836
987 0.73754
988 0.73672
989 0.73590
990 0.73507
991 0.73425
992 0.73342
993 0.73260
994 0.73177
995 0.73094
996 0.73011
997 0.72928
998 0.72844
999 0.72761
1000 0.72677
1001 0.72594
1002 0.72510
1003 0.72426
1004 0.72342
1005 0.72258
1006 0.72173
1007 0.72089
1008 0.72004
1009 0.71920
1010 0.71835
1011 0.71750
1012 0.71665
1013 0.71580
1014 0.71495
1015 0.71410
1016 0.71324
1017 0.71238
1018 0.71153
1019 0.71067
1020 0.70981
1021 0.70895
1022 0.70809
1023 0.70723
1024 0.70636
1025 0.70550
1026 0.79334
1027 0.79270
1028 0.79205
1029 0.79140
1030 0.79075
1031 0.79010
1032 0.78945
1033 0.78880
1034 0.78815
1035 0.78749
1036 0.78683
1037 0.78618
1038 0.78552
1039 0.78486
1040 0.78420
1041 0.78354
1042 0.78288
1043 0.78221
1044 0.78155
1045 0.78088
1046 0.78022
1047 0.77955
1048 0.77888
1049 0.77821
1050 0.77754
1051 0.77687
1052 0.77619
1053 0.77552
1054 0.77484
1055 0.77417
1056 0.77349
1057 0.77281
1058 0.77213
1059 0.77145
1060 0.77077
1061 0.77008
1062 0.76940
1063 0.76871
1064 0.76803
1065 0.76734
1066 0.76665
1067 0.76596
1068 0.76527
1069 0.76458
1070 0.76389
1071 0.76319
1072 0.76250
1073 0.76180
1074 0.76111
1075 0.76041
1076 0.75971
1077 0.75901
1078 0.75831
1079 0.75761
1080 0.75690
1081 0.75620
1082 0.75549
1083 0.75479
1084 0.75408
1085 0.75337
1086 0.75266
1087 0.75195
1088 0.75124
1089 0.75053
1090 0.74981
1091 0.74910
1092 0.74838
1093 0.74767
1094 0.74695
1095 0.74623
1096 0.74551
1097 0.74479
1098 0.74407
1099 0.74335
1100 0.74262
1101 0.74190
1102 0.74117
1103 0.74045
1104 0.73972
1105 0.73899
1106 0.73826
1107 0.73753
1108 0.73680
1109 0.73606
1110 0.73533
1111 0.73460
1112 0.73386
1113 0.73312
1114 0.73239
1115 0.73165
1116 0.73091
1117 0.73017
1118 0.72943
1119 0.72868
1120 0.72794
1121 0.72720
1122 0.72645
1123 0.72570
1124 0.72496
1125 0.72421
1126 0.72346
1127 0.72271
1128 0.72196
1129 0.72120
1130 0.72045
1131 0.71970
1132 0.71894
1133 0.71819
1134 0.71743
1135 0.71667
1136 0.71591
1137 0.71515
1138 0.71439
1139 0.71363
1140 0.71287
1141 0.71211
1142 0.71134
1143 0.71058
1144 0.70981
1145 0.70904
1146 0.70827
1147 0.70751
1148 0.70674
1149 0.70596
1150 0.70519
1151 0.70442
1152 0.70365
1153 0.70287
1154 0.70210
1155 0.70132
1156 0.70054
1157 0.69977
1158 0.69899
1159 0.69821
1160 0.69743
1161 0.69665
1162 0.69586
1163 0.69508
1164 0.69430
1165 0.69351
1166 0.69272
1167 0.69194
1168 0.69115
1169 0.69036
1170 0.68957
1171 0.68878
1172 0.68799
1173 0.68720
1174 0.68641
1175 0.68561
1176 0.68482
1177 0.68402
1178 0.68323
1179 0.68243
1180 0.68163
1181 0.68083
1182 0.68004
1183 0.67924
1184 0.67843
1185 0.67763
1186 0.67683
1187 0.67603
1188 0.67522
1189 0.67442
1190 0.67361
1191 0.67280
1192 0.67200
1193 0.67119
1194 0.67038
1195 0.66957
1196 0.66876
1197 0.66795
1198 0.66714
1199 0.66632
1200 0.66551
1201 0.66469
1202 0.66388
1203 0.66306
1204 0.66225
1205 0.66143
1206 0.66061
1207 0.65979
1208 0.65897
1209 0.65815
1210 0.65733
1211 0.65651
1212 0.65568
1213 0.65486
1214 0.65404
1215 0.65321
1216 1.00000
