17 0.97167
18 0.96919
19 0.96666
20 0.96407
21 0.96143
22 0.95873
23 0.95599
24 0.95319
25 0.95035
26 0.94747
27 0.94454
28 0.94157
29 0.93857
30 0.93552
31 0.93244
32 0.92932
33 0.92618
34 0.92300
35 0.91978
36 0.91654
37 0.91327
38 0.90998
39 0.90666
40 0.90331
41 0.89994
42 0.89655
43 0.89313
44 0.88970
45 0.88624
46 0.88277
47 0.87928
48 0.87577
49 0.87224
50 0.86870
51 0.86515
52 0.86158
53 0.85800
54 0.85441
55 0.85080
56 0.84719
57 0.84356
58 0.83993
59 0.83628
60 0.83263
61 0.82897
62 0.82531
63 0.82163
64 0.81796
65 0.81427
66 0.81059
67 0.80690
68 0.80320
69 0.79951
70 0.79581
71 0.79210
72 0.78840
73 0.78470
74 0.78100
75 0.77729
76 0.77359
77 0.76989
78 0.76619
79 0.76249
80 0.75879
81 0.75510
82 0.75141
83 0.74772
84 0.74403
85 0.74035
86 0.73668
87 0.73301
88 0.72934
89 0.72568
90 0.72203
91 0.71838
92 0.71474
93 0.71110
94 0.70747
95 0.70385
96 0.70024
97 0.69663
98 0.69304
99 0.68945
100 0.68587
101 0.68229
102 0.67873
103 0.67518
104 0.67163
105 0.66810
106 0.66457
107 0.66106
108 0.65755
109 0.65406
110 0.65058
111 0.64711
112 0.64364
113 0.64019
114 0.63675
115 0.63333
116 0.62991
117 0.62651
118 0.62311
119 0.61974
120 0.61637
121 0.61301
122 0.60967
123 0.60634
124 0.60302
125 0.59972
126 0.59642
127 0.59315
128 0.58988
129 0.58663
130 0.58339
131 0.58016
132 0.57695
133 0.57375
134 0.57057
135 0.56740
136 0.56424
137 0.56110
138 0.55797
139 0.55485
140 0.55175
141 0.54866
142 0.54559
143 0.54253
144 0.53949
145 0.53646
146 0.53344
147 0.53044
148 0.52746
149 0.52448
150 0.52153
151 0.51858
152 0.51566
153 0.51274
154 0.50984
155 0.50696
156 0.50409
157 0.50123
158 0.49839
159 0.49557
160 0.49276
161 0.48996
162 0.48718
163 0.48441
164 0.48166
165 0.47892
166 0.47620
167 0.47349
168 0.47080
169 0.46812
170 0.46546
171 0.46281
172 0.46018
173 0.45756
174 0.45495
175 0.45236
176 0.44979
177 0.44723
178 0.44468
179 0.44215
180 0.43963
181 0.43713
182 0.43464
183 0.43217
184 0.42971
185 0.42727
186 0.42484
187 0.42242
188 0.42002
189 0.41763
190 0.41526
191 0.41290
192 0.41056
193 0.40823
194 0.40591
195 0.40361
196 0.40132
197 0.39905
198 0.39679
199 0.39454
200 0.39231
201 0.39009
202 0.38789
203 0.38570
204 0.38352
205 0.38136
206 0.37921
207 0.37707
208 0.37495
209 0.37284
210 0.37074
211 0.36866
212 0.36659
213 0.36453
214 0.36249
215 0.36046
216 0.35844
217 0.35644
218 0.35445
219 0.35247
220 0.35051
221 0.34855
222 0.34662
223 0.34469
224 0.34278
225 0.34087
226 0.33899
227 0.33711
228 0.33525
229 0.33339
230 0.33155
231 0.32973
232 0.32791
233 0.32611
234 0.32432
235 0.32254
236 0.32078
237 0.31902
238 0.31728
239 0.31555
240 0.31383
241 0.31212
242 0.31043
243 0.30874
244 0.30707
245 0.30541
246 0.30376
247 0.30212
248 0.30049
249 0.29888
250 0.29727
251 0.29568
252 0.29410
253 0.29253
254 0.29097
255 0.28942
256 0.28788
257 0.28635
258 0.28483
259 0.28333
260 0.28183
261 0.28034
262 0.27887
263 0.27741
264 0.27595
265 0.27451
266 0.27307
267 0.27165
268 0.27024
269 0.26883
270 0.26744
271 0.26606
272 0.26468
273 0.26332
274 0.26196
275 0.26062
276 0.25929
277 0.25796
278 0.25665
279 0.25534
280 0.25404
281 0.25276
282 0.25148
283 0.25021
284 0.24895
285 0.24770
286 0.24646
287 0.24523
288 0.24401
289 0.24279
290 0.24159
291 0.24039
292 0.23920
293 0.23802
294 0.23686
295 0.23569
296 0.23454
297 0.23340
298 0.23226
299 0.23113
300 0.23002
301 0.22890
302 0.22780
303 0.22671
304 0.22562
305 0.22455
306 0.22348
307 0.22241
308 0.22136
309 0.22031
310 0.21928
311 0.21825
312 0.21722
313 0.21621
314 0.21520
315 0.21420
316 0.21321
317 0.21223
318 0.21125
319 0.21028
320 0.20932
321 0.20837
322 0.20742
323 0.20648
324 0.20555
325 0.20462
326 0.20370
327 0.20279
328 0.20189
329 0.20099
330 0.20010
331 0.19922
332 0.19834
333 0.19747
334 0.19661
335 0.19575
336 0.19490
337 0.19406
338 0.19323
339 0.19240
340 0.19157
341 0.19076
342 0.18995
343 0.18914
344 0.18835
345 0.18755
346 0.18677
347 0.18599
348 0.18522
349 0.18445
350 0.18369
351 0.18294
352 0.18219
353 0.18145
354 0.18071
355 0.17998
356 0.17926
357 0.17854
358 0.17783
359 0.17712
360 0.17642
361 0.17573
362 0.17504
363 0.17436
364 0.17368
365 0.17301
366 0.17234
367 0.17168
368 0.17102
369 0.17037
370 0.16973
371 0.16909
372 0.16845
373 0.16783
374 0.16720
375 0.16658
376 0.16597
377 0.16536
378 0.16476
379 0.16416
380 0.16357
381 0.16298
382 0.16240
383 0.16182
384 0.16125
385 0.16068
386 0.16012
387 0.15956
388 0.15901
389 0.15846
390 0.15792
391 0.15738
392 0.15685
393 0.15632
394 0.15580
395 0.15528
396 0.15476
397 0.15425
398 0.15375
399 0.15325
400 0.15275
401 0.15226
402 0.15177
403 0.15129
404 0.15081
405 0.15034
406 0.14987
407 0.14940
408 0.14894
409 0.14848
410 0.14803
411 0.14758
412 0.14714
413 0.14670
414 0.14627
415 0.14583
416 0.14541
417 0.14498
418 0.14457
419 0.14415
420 0.14374
421 0.14333
422 0.14293
423 0.14253
424 0.14214
425 0.14175
426 0.14136
427 0.14098
428 0.14060
429 0.14023
430 0.13986
431 0.13949
432 0.13913
433 0.13877
434 0.13841
435 0.13806
436 0.13771
437 0.13737
438 0.13703
439 0.13669
440 0.13636
441 0.13603
442 0.13570
443 0.13538
444 0.13506
445 0.13475
446 0.13444
447 0.13413
448 0.13383
449 0.13353
450 0.13323
451 0.13294
452 0.13265
453 0.13236
454 0.13208
455 0.13180
456 0.13153
457 0.13125
458 0.13098
459 0.13072
460 0.13046
461 0.13020
462 0.12994
463 0.12969
464 0.12944
465 0.12920
466 0.12896
467 0.12872
468 0.12848
469 0.12825
470 0.12802
471 0.12780
472 0.12758
473 0.12736
474 0.12714
475 0.12693
476 0.12672
477 0.12651
478 0.12631
479 0.12611
480 0.12592
481 0.12572
482 0.12553
483 0.12535
484 0.12516
485 0.12498
486 0.12481
487 0.12463
488 0.12446
489 0.12430
490 0.12413
491 0.12397
492 0.12381
493 0.12366
494 0.12350
495 0.12336
496 0.12321
497 0.12307
498 0.12293
499 0.12279
500 0.12266
501 0.12253
502 0.12240
503 0.12227
504 0.12215
505 0.12203
506 0.12192
507 0.12181
508 0.12170
509 0.12159
510 0.12149
511 0.12139
512 0.12129
513 0.12120
514 0.12111
515 0.12102
516 0.12093
517 0.12085
518 0.12077
519 0.12070
520 0.12062
521 0.12055
522 0.12049
523 0.12042
524 0.12036
525 0.12030
526 0.12025
527 0.12020
528 0.12015
529 0.12010
530 0.12006
531 0.12002
532 0.11998
533 0.11995
534 0.11992
535 0.11989
536 0.11987
537 0.11984
538 0.11983
539 0.11981
540 0.11980
541 0.11979
542 0.11978
543 0.11978
544 0.11978
545 0.11978
546 0.11979
547 0.11979
548 0.11981
549 0.11982
550 0.11984
551 0.11986
552 0.11988
553 0.11991
554 0.11994
555 0.11998
556 0.12001
557 0.12005
558 0.12009
559 0.12014
560 0.12019
561 0.12024
562 0.12030
563 0.12036
564 0.12042
565 0.12048
566 0.12055
567 0.12062
568 0.12070
569 0.12078
570 0.12086
571 0.12094
572 0.12103
573 0.12112
574 0.12121
575 0.12131
576 0.12141
577 0.12152
578 0.12162
579 0.12173
580 0.12185
581 0.12197
582 0.12209
583 0.12221
584 0.12234
585 0.12247
586 0.12261
587 0.12274
588 0.12289
589 0.12303
590 0.12318
591 0.12333
592 0.12349
593 0.12365
594 0.12381
595 0.12398
596 0.12415
597 0.12432
598 0.12450
599 0.12468
600 0.12486
601 0.12505
602 0.12524
603 0.12544
604 0.12564
605 0.12584
606 0.12605
607 0.12626
608 0.12647
609 0.12669
610 0.12691
611 0.12714
612 0.12737
613 0.12760
614 0.12783
615 0.12807
616 0.12831
617 0.12856
618 0.12881
619 0.12907
620 0.12932
621 0.12959
622 0.12985
623 0.13012
624 0.13040
625 0.13067
626 0.13096
627 0.13124
628 0.13153
629 0.13183
630 0.13213
631 0.13243
632 0.13274
633 0.13305
634 0.13336
635 0.13368
636 0.13401
637 0.13434
638 0.13467
639 0.13501
640 0.13535
641 0.13570
642 0.13605
643 0.13641
644 0.13677
645 0.13714
646 0.13751
647 0.13788
648 0.13826
649 0.13865
650 0.13904
651 0.13943
652 0.13983
653 0.14023
654 0.14064
655 0.14105
656 0.14147
657 0.14190
658 0.14233
659 0.14277
660 0.14321
661 0.14365
662 0.14411
663 0.14456
664 0.14503
665 0.14550
666 0.14597
667 0.14645
668 0.14694
669 0.14743
670 0.14793
671 0.14843
672 0.14894
673 0.14946
674 0.14998
675 0.15051
676 0.15105
677 0.15159
678 0.15214
679 0.15269
680 0.15325
681 0.15382
682 0.15440
683 0.15497
684 0.15555
685 0.15614
686 0.15673
687 0.15733
688 0.15794
689 0.15856
690 0.15918
691 0.15981
692 0.16045
693 0.16109
694 0.16174
695 0.16240
696 0.16307
697 0.16374
698 0.16442
699 0.16511
700 0.16581
701 0.16651
702 0.16723
703 0.16795
704 0.16868
705 0.16941
706 0.17016
707 0.17091
708 0.17168
709 0.17245
710 0.17323
711 0.17402
712 0.17481
713 0.17562
714 0.17644
715 0.17726
716 0.17809
717 0.17894
718 0.17979
719 0.18065
720 0.18152
721 0.18240
722 0.18330
723 0.18420
724 0.18511
725 0.18603
726 0.18696
727 0.18790
728 0.18885
729 0.18982
730 0.19079
731 0.19178
732 0.19277
733 0.19378
734 0.19480
735 0.19583
736 0.19687
737 0.19792
738 0.19898
739 0.20006
740 0.20115
741 0.20225
742 0.20336
743 0.20449
744 0.20562
745 0.20677
746 0.20794
747 0.20911
748 0.21030
749 0.21151
750 0.21272
751 0.21395
752 0.21520
753 0.21645
754 0.21773
755 0.21901
756 0.22031
757 0.22163
758 0.22296
759 0.22430
760 0.22566
761 0.22704
762 0.22843
763 0.22984
764 0.23126
765 0.23270
766 0.23415
767 0.23563
768 0.23712
769 0.23862
770 0.24014
771 0.24168
772 0.24324
773 0.24482
774 0.24641
775 0.24802
776 0.24965
777 0.25130
778 0.25297
779 0.25466
780 0.25636
781 0.25809
782 0.25984
783 0.26160
784 0.26339
785 0.26520
786 0.26703
787 0.26888
788 0.27075
789 0.27264
790 0.27456
791 0.27649
792 0.27845
793 0.28044
794 0.28244
795 0.28447
796 0.28653
797 0.28861
798 0.29071
799 0.29284
800 0.29499
801 0.29717
802 0.29937
803 0.30160
804 0.30386
805 0.30614
806 0.30845
807 0.31079
808 0.31315
809 0.31551
810 0.31789
811 0.32030
812 0.32273
813 0.32520
814 0.32769
815 0.33022
816 0.33277
817 0.33536
818 0.33798
819 0.34062
820 0.34330
821 0.34602
822 0.34876
823 0.35154
824 0.35435
825 0.35720
826 0.36008
827 0.36299
828 0.36594
829 0.36893
830 0.37195
831 0.37501
832 0.37811
833 0.38125
834 0.38442
835 0.38763
836 0.39089
837 0.39418
838 0.39751
839 0.40089
840 0.40431
841 0.40777
842 0.41127
843 0.41482
844 0.41841
845 0.42204
846 0.42573
847 0.42946
848 0.43323
849 0.43705
850 0.44092
851 0.44484
852 0.44881
853 0.45283
854 0.45691
855 0.46103
856 0.46521
857 0.46944
858 0.47372
859 0.47806
860 0.48245
861 0.48690
862 0.49141
863 0.49598
864 0.50061
865 0.50529
866 0.51004
867 0.51485
868 0.51972
869 0.52466
870 0.52966
871 0.53473
872 0.53986
873 0.54506
874 0.55033
875 0.55567
876 0.56108
877 0.56656
878 0.57211
879 0.57774
880 0.58344
881 0.58922
882 0.59508
883 0.60102
884 0.60703
885 0.61313
886 0.61931
887 0.62557
888 0.63192
889 0.63835
890 0.64488
891 0.65149
892 0.65819
893 0.66498
894 0.67186
895 0.67884
896 0.68592
897 0.69309
898 0.70037
899 0.70774
900 0.71522
901 0.72279
902 0.73048
903 0.73827
904 0.74617
905 0.75418
906 0.76231
907 0.77055
908 0.77890
909 0.78737
910 0.79597
911 0.80468
912 0.81160
913 0.81394
914 0.81661
915 0.81923
916 0.82095
917 0.82178
918 0.82286
919 0.82427
920 0.82611
921 0.82852
922 0.82791
923 0.82729
924 0.83050
925 0.82989
926 0.82929
927 0.83362
928 0.83303
929 0.83244
930 0.83185
931 0.83789
932 0.83732
933 0.83674
934 0.83616
935 0.83559
936 0.83501
937 0.83443
938 0.84324
939 0.84268
940 0.84213
941 0.84157
942 0.84102
943 0.84046
944 0.83990
945 0.83934
946 0.83878
947 0.83822
948 0.83765
949 0.83709
950 0.85084
951 0.85032
952 0.84980
953 0.84927
954 0.84875
955 0.84822
956 0.84769
957 0.84717
958 0.84664
959 0.84610
960 0.84557
961 0.84504
962 0.84450
963 0.84397
964 0.84343
965 0.84290
966 0.84236
967 0.84182
968 0.84128
969 0.84073
970 0.84019
971 0.83965
972 0.83910
973 0.86309
974 0.86262
975 0.86214
976 0.86167
977 0.86120
978 0.86072
979 0.86024
980 0.85977
981 0.85929
982 0.85881
983 0.85833
984 0.85785
985 0.85736
986 0.85688
987 0.85640
988 0.85591
989 0.85542
990 0.85494
991 0.85445
992 0.85396
993 0.85347
994 0.85298
995 0.85249
996 0.85199
997 0.85150
998 0.85100
999 0.85051
1000 0.85001
1001 0.84951
1002 0.84901
1003 0.84851
1004 0.84801
1005 0.84751
1006 0.84700
1007 0.84650
1008 0.84599
1009 0.84549
1010 0.84498
1011 0.84447
1012 0.84396
1013 0.84345
1014 0.84294
1015 0.84243
1016 0.84191
1017 0.84140
1018 0.84088
1019 0.84036
1020 0.83985
1021 0.83933
1022 0.83881
1023 0.83829
1024 0.83777
1025 0.83724
1026 0.88880
1027 0.88843
1028 0.88806
1029 0.88769
1030 0.88732
1031 0.88695
1032 0.88658
1033 0.88621
1034 0.88583
1035 0.88546
1036 0.88508
1037 0.88470
1038 0.88433
1039 0.88395
1040 0.88357
1041 0.88319
1042 0.88281
1043 0.88243
1044 0.88205
1045 0.88167
1046 0.88128
1047 0.88090
1048 0.88051
1049 0.88013
1050 0.87974
1051 0.87935
1052 0.87896
1053 0.87858
1054 0.87819
1055 0.87780
1056 0.87740
1057 0.87701
1058 0.87662
1059 0.87623
1060 0.87583
1061 0.87544
1062 0.87504
1063 0.87464
1064 0.87424
1065 0.87385
1066 0.87345
1067 0.87305
1068 0.87265
1069 0.87224
1070 0.87184
1071 0.87144
1072 0.87103
1073 0.87063
1074 0.87022
1075 0.86982
1076 0.86941
1077 0.86900
1078 0.86859
1079 0.86818
1080 0.86777
1081 0.86736
1082 0.86695
1083 0.86654
1084 0.86612
1085 0.86571
1086 0.86529
1087 0.86488
1088 0.86446
1089 0.86404
1090 0.86363
1091 0.86321
1092 0.86279
1093 0.86237
1094 0.86194
1095 0.86152
1096 0.86110
1097 0.86067
1098 0.86025
1099 0.85982
1100 0.85940
1101 0.85897
1102 0.85854
1103 0.85811
1104 0.85768
1105 0.85725
1106 0.85682
1107 0.85639
1108 0.85596
1109 0.85552
1110 0.85509
1111 0.85466
1112 0.85422
1113 0.85378
1114 0.85334
1115 0.85291
1116 0.85247
1117 0.85203
1118 0.85159
1119 0.85115
1120 0.85070
1121 0.85026
1122 0.84982
1123 0.84937
1124 0.84893
1125 0.84848
1126 0.84803
1127 0.84758
1128 0.84714
1129 0.84669
1130 0.84624
1131 0.84578
1132 0.84533
1133 0.84488
1134 0.84443
1135 0.84397
1136 0.84352
1137 0.84306
1138 0.84260
1139 0.84215
1140 0.84169
1141 0.84123
1142 0.84077
1143 0.84031
1144 0.83985
1145 0.83938
1146 0.83892
1147 0.83846
1148 0.83799
1149 0.83753
1150 0.83706
1151 0.83659
1152 0.83613
1153 0.83566
1154 0.83519
1155 0.83472
1156 0.83425
1157 0.83377
1158 0.83330
1159 0.83283
1160 0.83235
1161 0.83188
1162 0.83140
1163 0.83093
1164 0.83045
1165 0.82997
1166 0.82949
1167 0.82901
1168 0.82853
1169 0.82805
1170 0.82757
1171 0.82708
1172 0.82660
1173 0.82612
1174 0.82563
1175 0.82514
1176 0.82466
1177 0.82417
1178 0.82368
1179 0.82319
1180 0.82270
1181 0.82221
1182 0.82172
1183 0.82123
1184 0.82073
1185 0.82024
1186 0.81974
1187 0.81925
1188 0.81875
1189 0.81826
1190 0.81776
1191 0.81726
1192 0.81676
1193 0.81626
1194 0.81576
1195 0.81526
1196 0.81475
1197 0.81425
1198 0.81374
1199 0.81324
1200 0.81273
1201 0.81223
1202 0.81172
1203 0.81121
1204 0.81070
1205 0.81019
1206 0.80968
1207 0.80917
1208 0.80866
1209 0.80815
1210 0.80763
1211 0.80712
1212 0.80660
1213 0.80609
1214 0.80557
1215 0.80505
1216 1.00000
