17 0.93687
18 0.93147
19 0.92596
20 0.92034
21 0.91462
22 0.90881
23 0.90292
24 0.89694
25 0.89088
26 0.88476
27 0.87857
28 0.87232
29 0.86601
30 0.85965
31 0.85324
32 0.84678
33 0.84028
34 0.83375
35 0.82718
36 0.82058
37 0.81396
38 0.80731
39 0.80063
40 0.79394
41 0.78724
42 0.78052
43 0.77379
44 0.76705
45 0.76031
46 0.75356
47 0.74681
48 0.74007
49 0.73333
50 0.72659
51 0.71986
52 0.71314
53 0.70643
54 0.69974
55 0.69305
56 0.68639
57 0.67974
58 0.67311
59 0.66650
60 0.65992
61 0.65336
62 0.64682
63 0.64031
64 0.63382
65 0.62736
66 0.62094
67 0.61454
68 0.60817
69 0.60184
70 0.59554
71 0.58927
72 0.58304
73 0.57685
74 0.57069
75 0.56456
76 0.55848
77 0.55243
78 0.54643
79 0.54046
80 0.53453
81 0.52864
82 0.52280
83 0.51700
84 0.51123
85 0.50551
86 0.49984
87 0.49421
88 0.48862
89 0.48307
90 0.47757
91 0.47211
92 0.46670
93 0.46133
94 0.45601
95 0.45073
96 0.44550
97 0.44031
98 0.43517
99 0.43007
100 0.42502
101 0.42001
102 0.41505
103 0.41014
104 0.40527
105 0.40045
106 0.39567
107 0.39094
108 0.38625
109 0.38161
110 0.37702
111 0.37247
112 0.36796
113 0.36351
114 0.35909
115 0.35472
116 0.35040
117 0.34612
118 0.34188
119 0.33769
120 0.33354
121 0.32943
122 0.32537
123 0.32136
124 0.31738
125 0.31345
126 0.30956
127 0.30571
128 0.30191
129 0.29815
130 0.29443
131 0.29075
132 0.28711
133 0.28351
134 0.27995
135 0.27644
136 0.27296
137 0.26952
138 0.26613
139 0.26277
140 0.25945
141 0.25617
142 0.25293
143 0.24972
144 0.24656
145 0.24343
146 0.24034
147 0.23728
148 0.23426
149 0.23128
150 0.22833
151 0.22542
152 0.22255
153 0.21970
154 0.21690
155 0.21413
156 0.21139
157 0.20868
158 0.20601
159 0.20337
160 0.20077
161 0.19819
162 0.19565
163 0.19314
164 0.19066
165 0.18821
166 0.18580
167 0.18341
168 0.18105
169 0.17873
170 0.17643
171 0.17416
172 0.17192
173 0.16971
174 0.16753
175 0.16538
176 0.16325
177 0.16115
178 0.15908
179 0.15703
180 0.15502
181 0.15302
182 0.15106
183 0.14911
184 0.14720
185 0.14531
186 0.14344
187 0.14160
188 0.13978
189 0.13799
190 0.13622
191 0.13447
192 0.13274
193 0.13104
194 0.12936
195 0.12771
196 0.12607
197 0.12446
198 0.12287
199 0.12130
200 0.11975
201 0.11822
202 0.11671
203 0.11522
204 0.11375
205 0.11230
206 0.11088
207 0.10946
208 0.10807
209 0.10670
210 0.10535
211 0.10401
212 0.10269
213 0.10139
214 0.10011
215 0.09884
216 0.09760
217 0.09636
218 0.09515
219 0.09395
220 0.09277
221 0.09160
222 0.09045
223 0.08932
224 0.08820
225 0.08709
226 0.08600
227 0.08493
228 0.08387
229 0.08282
230 0.08179
231 0.08078
232 0.07977
233 0.07878
234 0.07781
235 0.07684
236 0.07589
237 0.07496
238 0.07403
239 0.07312
240 0.07222
241 0.07134
242 0.07046
243 0.06960
244 0.06875
245 0.06791
246 0.06708
247 0.06627
248 0.06546
249 0.06467
250 0.06388
251 0.06311
252 0.06235
253 0.06160
254 0.06086
255 0.06012
256 0.05940
257 0.05869
258 0.05799
259 0.05730
260 0.05662
261 0.05594
262 0.05528
263 0.05462
264 0.05398
265 0.05334
266 0.05271
267 0.05209
268 0.05148
269 0.05088
270 0.05028
271 0.04970
272 0.04912
273 0.04855
274 0.04798
275 0.04743
276 0.04688
277 0.04634
278 0.04581
279 0.04528
280 0.04476
281 0.04425
282 0.04375
283 0.04325
284 0.04276
285 0.04228
286 0.04180
287 0.04133
288 0.04086
289 0.04040
290 0.03995
291 0.03951
292 0.03907
293 0.03863
294 0.03820
295 0.03778
296 0.03737
297 0.03696
298 0.03655
299 0.03615
300 0.03576
301 0.03537
302 0.03498
303 0.03460
304 0.03423
305 0.03386
306 0.03350
307 0.03314
308 0.03279
309 0.03244
310 0.03209
311 0.03175
312 0.03142
313 0.03109
314 0.03076
315 0.03044
316 0.03012
317 0.02981
318 0.02950
319 0.02920
320 0.02889
321 0.02860
322 0.02831
323 0.02802
324 0.02773
325 0.02745
326 0.02717
327 0.02690
328 0.02663
329 0.02636
330 0.02610
331 0.02584
332 0.02558
333 0.02533
334 0.02508
335 0.02484
336 0.02459
337 0.02435
338 0.02412
339 0.02389
340 0.02366
341 0.02343
342 0.02320
343 0.02298
344 0.02277
345 0.02255
346 0.02234
347 0.02213
348 0.02192
349 0.02172
350 0.02152
351 0.02132
352 0.02112
353 0.02093
354 0.02074
355 0.02055
356 0.02036
357 0.02018
358 0.02000
359 0.01982
360 0.01964
361 0.01947
362 0.01930
363 0.01913
364 0.01896
365 0.01880
366 0.01863
367 0.01847
368 0.01831
369 0.01816
370 0.01800
371 0.01785
372 0.01770
373 0.01755
374 0.01741
375 0.01726
376 0.01712
377 0.01698
378 0.01684
379 0.01670
380 0.01657
381 0.01643
382 0.01630
383 0.01617
384 0.01604
385 0.01591
386 0.01579
387 0.01567
388 0.01554
389 0.01542
390 0.01531
391 0.01519
392 0.01507
393 0.01496
394 0.01485
395 0.01474
396 0.01463
397 0.01452
398 0.01441
399 0.01431
400 0.01420
401 0.01410
402 0.01400
403 0.01390
404 0.01380
405 0.01370
406 0.01361
407 0.01351
408 0.01342
409 0.01333
410 0.01323
411 0.01315
412 0.01306
413 0.01297
414 0.01288
415 0.01280
416 0.01271
417 0.01263
418 0.01255
419 0.01247
420 0.01239
421 0.01231
422 0.01223
423 0.01216
424 0.01208
425 0.01201
426 0.01194
427 0.01186
428 0.01179
429 0.01172
430 0.01165
431 0.01158
432 0.01152
433 0.01145
434 0.01138
435 0.01132
436 0.01126
437 0.01119
438 0.01113
439 0.01107
440 0.01101
441 0.01095
442 0.01089
443 0.01084
444 0.01078
445 0.01072
446 0.01067
447 0.01061
448 0.01056
449 0.01051
450 0.01045
451 0.01040
452 0.01035
453 0.01030
454 0.01025
455 0.01021
456 0.01016
457 0.01011
458 0.01007
459 0.01002
460 0.00998
461 0.00993
462 0.00989
463 0.00985
464 0.00980
465 0.00976
466 0.00972
467 0.00968
468 0.00964
469 0.00960
470 0.00956
471 0.00953
472 0.00949
473 0.00945
474 0.00942
475 0.00938
476 0.00935
477 0.00931
478 0.00928
479 0.00924
480 0.00921
481 0.00918
482 0.00915
483 0.00912
484 0.00909
485 0.00906
486 0.00903
487 0.00900
488 0.00897
489 0.00895
490 0.00892
491 0.00889
492 0.00887
493 0.00884
494 0.00882
495 0.00879
496 0.00877
497 0.00874
498 0.00872
499 0.00870
500 0.00868
501 0.00866
502 0.00864
503 0.00862
504 0.00860
505 0.00858
506 0.00856
507 0.00854
508 0.00852
509 0.00850
510 0.00849
511 0.00847
512 0.00846
513 0.00844
514 0.00843
515 0.00841
516 0.00840
517 0.00838
518 0.00837
519 0.00836
520 0.00835
521 0.00833
522 0.00832
523 0.00831
524 0.00830
525 0.00829
526 0.00828
527 0.00827
528 0.00826
529 0.00826
530 0.00825
531 0.00824
532 0.00823
533 0.00823
534 0.00822
535 0.00822
536 0.00821
537 0.00821
538 0.00820
539 0.00820
540 0.00820
541 0.00819
542 0.00819
543 0.00819
544 0.00819
545 0.00819
546 0.00819
547 0.00819
548 0.00819
549 0.00819
550 0.00819
551 0.00819
552 0.00820
553 0.00820
554 0.00820
555 0.00821
556 0.00821
557 0.00822
558 0.00822
559 0.00823
560 0.00823
561 0.00824
562 0.00825
563 0.00826
564 0.00826
565 0.00827
566 0.00828
567 0.00829
568 0.00830
569 0.00831
570 0.00832
571 0.00834
572 0.00835
573 0.00836
574 0.00837
575 0.00839
576 0.00840
577 0.00842
578 0.00843
579 0.00845
580 0.00846
581 0.00848
582 0.00850
583 0.00852
584 0.00854
585 0.00855
586 0.00857
587 0.00859
588 0.00862
589 0.00864
590 0.00866
591 0.00868
592 0.00870
593 0.00873
594 0.00875
595 0.00878
596 0.00880
597 0.00883
598 0.00886
599 0.00888
600 0.00891
601 0.00894
602 0.00897
603 0.00900
604 0.00903
605 0.00906
606 0.00909
607 0.00912
608 0.00916
609 0.00919
610 0.00923
611 0.00926
612 0.00929
613 0.00933
614 0.00937
615 0.00940
616 0.00944
617 0.00948
618 0.00951
619 0.00955
620 0.00959
621 0.00963
622 0.00968
623 0.00972
624 0.00976
625 0.00981
626 0.00985
627 0.00990
628 0.00994
629 0.00999
630 0.01004
631 0.01009
632 0.01014
633 0.01019
634 0.01024
635 0.01029
636 0.01034
637 0.01040
638 0.01045
639 0.01051
640 0.01057
641 0.01062
642 0.01068
643 0.01074
644 0.01080
645 0.01087
646 0.01093
647 0.01099
648 0.01106
649 0.01112
650 0.01119
651 0.01126
652 0.01133
653 0.01140
654 0.01147
655 0.01155
656 0.01162
657 0.01170
658 0.01177
659 0.01185
660 0.01193
661 0.01201
662 0.01209
663 0.01218
664 0.01226
665 0.01235
666 0.01243
667 0.01252
668 0.01261
669 0.01270
670 0.01280
671 0.01289
672 0.01299
673 0.01309
674 0.01318
675 0.01329
676 0.01339
677 0.01349
678 0.01360
679 0.01371
680 0.01382
681 0.01393
682 0.01404
683 0.01415
684 0.01427
685 0.01439
686 0.01451
687 0.01463
688 0.01476
689 0.01488
690 0.01501
691 0.01514
692 0.01527
693 0.01541
694 0.01555
695 0.01569
696 0.01583
697 0.01597
698 0.01612
699 0.01627
700 0.01642
701 0.01657
702 0.01673
703 0.01689
704 0.01705
705 0.01721
706 0.01738
707 0.01755
708 0.01772
709 0.01790
710 0.01808
711 0.01826
712 0.01844
713 0.01863
714 0.01882
715 0.01901
716 0.01921
717 0.01941
718 0.01961
719 0.01982
720 0.02003
721 0.02025
722 0.02047
723 0.02069
724 0.02091
725 0.02114
726 0.02138
727 0.02161
728 0.02186
729 0.02210
730 0.02235
731 0.02261
732 0.02286
733 0.02313
734 0.02340
735 0.02367
736 0.02395
737 0.02423
738 0.02452
739 0.02481
740 0.02511
741 0.02541
742 0.02572
743 0.02603
744 0.02635
745 0.02668
746 0.02701
747 0.02735
748 0.02769
749 0.02804
750 0.02840
751 0.02876
752 0.02913
753 0.02950
754 0.02989
755 0.03028
756 0.03067
757 0.03108
758 0.03149
759 0.03191
760 0.03234
761 0.03277
762 0.03322
763 0.03367
764 0.03413
765 0.03460
766 0.03508
767 0.03557
768 0.03606
769 0.03657
770 0.03708
771 0.03761
772 0.03815
773 0.03869
774 0.03925
775 0.03982
776 0.04039
777 0.04098
778 0.04159
779 0.04220
780 0.04282
781 0.04346
782 0.04411
783 0.04477
784 0.04545
785 0.04614
786 0.04684
787 0.04756
788 0.04829
789 0.04904
790 0.04980
791 0.05058
792 0.05137
793 0.05218
794 0.05301
795 0.05385
796 0.05471
797 0.05559
798 0.05648
799 0.05740
800 0.05833
801 0.05928
802 0.06026
803 0.06125
804 0.06226
805 0.06330
806 0.06436
807 0.06544
808 0.06654
809 0.06766
810 0.06881
811 0.06999
812 0.07119
813 0.07241
814 0.07366
815 0.07494
816 0.07625
817 0.07758
818 0.07895
819 0.08034
820 0.08177
821 0.08322
822 0.08471
823 0.08623
824 0.08779
825 0.08937
826 0.09100
827 0.09266
828 0.09436
829 0.09609
830 0.09787
831 0.09968
832 0.10154
833 0.10344
834 0.10538
835 0.10737
836 0.10940
837 0.11148
838 0.11360
839 0.11578
840 0.11800
841 0.12028
842 0.12261
843 0.12500
844 0.12744
845 0.12994
846 0.13249
847 0.13511
848 0.13779
849 0.14053
850 0.14334
851 0.14621
852 0.14916
853 0.15217
854 0.15526
855 0.15842
856 0.16166
857 0.16497
858 0.16837
859 0.17185
860 0.17542
861 0.17907
862 0.18281
863 0.18664
864 0.19057
865 0.19460
866 0.19873
867 0.20296
868 0.20729
869 0.21174
870 0.21629
871 0.22096
872 0.22575
873 0.23066
874 0.23569
875 0.24085
876 0.24615
877 0.25158
878 0.25714
879 0.26286
880 0.26872
881 0.27473
882 0.28089
883 0.28722
884 0.29371
885 0.30037
886 0.30721
887 0.31423
888 0.32143
889 0.32882
890 0.33640
891 0.34419
892 0.35219
893 0.36040
894 0.36883
895 0.37748
896 0.38637
897 0.39550
898 0.40487
899 0.41450
900 0.42440
901 0.43456
902 0.44499
903 0.45572
904 0.46674
905 0.47806
906 0.48970
907 0.50166
908 0.51395
909 0.52658
910 0.53956
911 0.55291
912 0.56361
913 0.56808
914 0.57321
915 0.57827
916 0.58161
917 0.58322
918 0.58534
919 0.58810
920 0.59171
921 0.59646
922 0.59525
923 0.59404
924 0.60038
925 0.59918
926 0.59798
927 0.60661
928 0.60543
929 0.60425
930 0.60307
931 0.61518
932 0.61402
933 0.61286
934 0.61170
935 0.61054
936 0.60938
937 0.60821
938 0.62602
939 0.62489
940 0.62376
941 0.62264
942 0.62150
943 0.62037
944 0.61924
945 0.61811
946 0.61697
947 0.61583
948 0.61470
949 0.61356
950 0.64165
951 0.64057
952 0.63949
953 0.63841
954 0.63732
955 0.63624
956 0.63515
957 0.63406
958 0.63297
959 0.63188
960 0.63079
961 0.62970
962 0.62861
963 0.62751
964 0.62642
965 0.62532
966 0.62423
967 0.62313
968 0.62203
969 0.62093
970 0.61983
971 0.61872
972 0.61762
973 0.66734
974 0.66634
975 0.66533
976 0.66433
977 0.66333
978 0.66232
979 0.66132
980 0.66031
981 0.65930
982 0.65829
983 0.65728
984 0.65627
985 0.65525
986 0.65424
987 0.65322
988 0.65221
989 0.65119
990 0.65017
991 0.64915
992 0.64813
993 0.64711
994 0.64608
995 0.64506
996 0.64404
997 0.64301
998 0.64198
999 0.64095
1000 0.63992
1001 0.63889
1002 0.63786
1003 0.63683
1004 0.63580
1005 0.63476
1006 0.63373
1007 0.63269
1008 0.63165
1009 0.63062
1010 0.62958
1011 0.62854
1012 0.62749
1013 0.62645
1014 0.62541
1015 0.62437
1016 0.62332
1017 0.62227
1018 0.62123
1019 0.62018
1020 0.61913
1021 0.61808
1022 0.61703
1023 0.61598
1024 0.61493
1025 0.61387
1026 0.72339
1027 0.72256
1028 0.72174
1029 0.72091
1030 0.72008
1031 0.71926
1032 0.71843
1033 0.71760
1034 0.71676
1035 0.71593
1036 0.71510
1037 0.71426
1038 0.71343
1039 0.71259
1040 0.71175
1041 0.71091
1042 0.71007
1043 0.70923
1044 0.70839
1045 0.70754
1046 0.70670
1047 0.70585
1048 0.70500
1049 0.70416
1050 0.70331
1051 0.70246
1052 0.70161
1053 0.70075
1054 0.69990
1055 0.69904
1056 0.69819
1057 0.69733
1058 0.69647
1059 0.69561
1060 0.69475
1061 0.69389
1062 0.69303
1063 0.69217
1064 0.69130
1065 0.69044
1066 0.68957
1067 0.68871
1068 0.68784
1069 0.68697
1070 0.68610
1071 0.68523
1072 0.68435
1073 0.68348
1074 0.68261
1075 0.68173
1076 0.68085
1077 0.67998
1078 0.67910
1079 0.67822
1080 0.67734
1081 0.67646
1082 0.67558
1083 0.67469
1084 0.67381
1085 0.67292
1086 0.67204
1087 0.67115
1088 0.67026
1089 0.66937
1090 0.66848
1091 0.66759
1092 0.66670
1093 0.66581
1094 0.66491
1095 0.66402
1096 0.66312
1097 0.66223
1098 0.66133
1099 0.66043
1100 0.65953
1101 0.65863
1102 0.65773
1103 0.65683
1104 0.65593
1105 0.65502
1106 0.65412
1107 0.65321
1108 0.65231
1109 0.65140
1110 0.65049
1111 0.64958
1112 0.64867
1113 0.64776
1114 0.64685
1115 0.64594
1116 0.64502
1117 0.64411
1118 0.64320
1119 0.64228
1120 0.64136
1121 0.64045
1122 0.63953
1123 0.63861
1124 0.63769
1125 0.63677
1126 0.63585
1127 0.63492
1128 0.63400
1129 0.63308
1130 0.63215
1131 0.63123
1132 0.63030
1133 0.62938
1134 0.62845
1135 0.62752
1136 0.62659
1137 0.62566
1138 0.62473
1139 0.62380
1140 0.62287
1141 0.62193
1142 0.62100
1143 0.62007
1144 0.61913
1145 0.61819
1146 0.61726
1147 0.61632
1148 0.61538
1149 0.61444
1150 0.61350
1151 0.61256
1152 0.61162
1153 0.61068
1154 0.60974
1155 0.60880
1156 0.60785
1157 0.60691
1158 0.60597
1159 0.60502
1160 0.60408
1161 0.60313
1162 0.60218
1163 0.60123
1164 0.60028
1165 0.59934
1166 0.59839
1167 0.59744
1168 0.59648
1169 0.59553
1170 0.59458
1171 0.59363
1172 0.59267
1173 0.59172
1174 0.59077
1175 0.58981
1176 0.58886
1177 0.58790
1178 0.58694
1179 0.58599
1180 0.58503
1181 0.58407
1182 0.58311
1183 0.58215
1184 0.58119
1185 0.58023
1186 0.57927
1187 0.57831
1188 0.57734
1189 0.57638
1190 0.57542
1191 0.57446
1192 0.57349
1193 0.57253
1194 0.57156
1195 0.57060
1196 0.56963
1197 0.56866
1198 0.56770
1199 0.56673
1200 0.56576
1201 0.56479
1202 0.56382
1203 0.56285
1204 0.56189
1205 0.56091
1206 0.55994
1207 0.55897
1208 0.55800
1209 0.55703
1210 0.55606
1211 0.55509
1212 0.55411
1213 0.55314
1214 0.55217
1215 0.55119
1216 1.00000
