17 0.99677
18 0.99649
19 0.99620
20 0.99589
21 0.99559
22 0.99527
23 0.99495
24 0.99463
25 0.99429
26 0.99395
27 0.99361
28 0.99326
29 0.99290
30 0.99254
31 0.99217
32 0.99180
33 0.99142
34 0.99103
35 0.99065
36 0.99025
37 0.98986
38 0.98945
39 0.98905
40 0.98864
41 0.98822
42 0.98780
43 0.98738
44 0.98695
45 0.98652
46 0.98608
47 0.98564
48 0.98520
49 0.98475
50 0.98430
51 0.98385
52 0.98339
53 0.98293
54 0.98247
55 0.98200
56 0.98153
57 0.98106
58 0.98058
59 0.98010
60 0.97962
61 0.97913
62 0.97865
63 0.97815
64 0.97766
65 0.97716
66 0.97667
67 0.97616
68 0.97566
69 0.97515
70 0.97464
71 0.97413
72 0.97362
73 0.97310
74 0.97258
75 0.97206
76 0.97154
77 0.97102
78 0.97049
79 0.96996
80 0.96943
81 0.96890
82 0.96836
83 0.96783
84 0.96729
85 0.96675
86 0.96621
87 0.96566
88 0.96512
89 0.96457
90 0.96402
91 0.96347
92 0.96292
93 0.96236
94 0.96181
95 0.96125
96 0.96070
97 0.96014
98 0.95958
99 0.95901
100 0.95845
101 0.95789
102 0.95732
103 0.95675
104 0.95619
105 0.95562
106 0.95505
107 0.95447
108 0.95390
109 0.95333
110 0.95275
111 0.95218
112 0.95160
113 0.95102
114 0.95045
115 0.94987
116 0.94929
117 0.94871
118 0.94812
119 0.94754
120 0.94696
121 0.94637
122 0.94579
123 0.94520
124 0.94462
125 0.94403
126 0.94344
127 0.94286
128 0.94227
129 0.94168
130 0.94109
131 0.94050
132 0.93991
133 0.93932
134 0.93873
135 0.93813
136 0.93754
137 0.93695
138 0.93636
139 0.93576
140 0.93517
141 0.93458
142 0.93398
143 0.93339
144 0.93279
145 0.93220
146 0.93160
147 0.93101
148 0.93041
149 0.92982
150 0.92922
151 0.92862
152 0.92803
153 0.92743
154 0.92684
155 0.92624
156 0.92564
157 0.92505
158 0.92445
159 0.92386
160 0.92326
161 0.92266
162 0.92207
163 0.92147
164 0.92088
165 0.92028
166 0.91969
167 0.91909
168 0.91850
169 0.91790
170 0.91731
171 0.91671
172 0.91612
173 0.91552
174 0.91493
175 0.91434
176 0.91374
177 0.91315
178 0.91256
179 0.91197
180 0.91137
181 0.91078
182 0.91019
183 0.90960
184 0.90901
185 0.90842
186 0.90783
187 0.90724
188 0.90665
189 0.90607
190 0.90548
191 0.90489
192 0.90430
193 0.90372
194 0.90313
195 0.90255
196 0.90196
197 0.90138
198 0.90079
199 0.90021
200 0.89963
201 0.89905
202 0.89847
203 0.89789
204 0.89731
205 0.89673
206 0.89615
207 0.89557
208 0.89499
209 0.89442
210 0.89384
211 0.89327
212 0.89269
213 0.89212
214 0.89155
215 0.89098
216 0.89040
217 0.88983
218 0.88926
219 0.88870
220 0.88813
221 0.88756
222 0.88699
223 0.88643
224 0.88586
225 0.88530
226 0.88474
227 0.88417
228 0.88361
229 0.88305
230 0.88249
231 0.88193
232 0.88138
233 0.88082
234 0.88026
235 0.87971
236 0.87916
237 0.87860
238 0.87805
239 0.87750
240 0.87695
241 0.87640
242 0.87585
243 0.87531
244 0.87476
245 0.87422
246 0.87367
247 0.87313
248 0.87259
249 0.87205
250 0.87151
251 0.87097
252 0.87043
253 0.86989
254 0.86936
255 0.86883
256 0.86829
257 0.86776
258 0.86723
259 0.86670
260 0.86617
261 0.86564
262 0.86512
263 0.86459
264 0.86407
265 0.86355
266 0.86302
267 0.86250
268 0.86198
269 0.86147
270 0.86095
271 0.86043
272 0.85992
273 0.85941
274 0.85890
275 0.85838
276 0.85788
277 0.85737
278 0.85686
279 0.85635
280 0.85585
281 0.85535
282 0.85485
283 0.85434
284 0.85385
285 0.85335
286 0.85285
287 0.85236
288 0.85186
289 0.85137
290 0.85088
291 0.85039
292 0.84990
293 0.84941
294 0.84893
295 0.84844
296 0.84796
297 0.84748
298 0.84700
299 0.84652
300 0.84604
301 0.84556
302 0.84509
303 0.84461
304 0.84414
305 0.84367
306 0.84320
307 0.84273
308 0.84227
309 0.84180
310 0.84134
311 0.84088
312 0.84041
313 0.83995
314 0.83950
315 0.83904
316 0.83859
317 0.83813
318 0.83768
319 0.83723
320 0.83678
321 0.83633
322 0.83589
323 0.83544
324 0.83500
325 0.83456
326 0.83412
327 0.83368
328 0.83324
329 0.83280
330 0.83237
331 0.83194
332 0.83151
333 0.83108
334 0.83065
335 0.83022
336 0.82980
337 0.82937
338 0.82895
339 0.82853
340 0.82811
341 0.82770
342 0.82728
343 0.82687
344 0.82645
345 0.82604
346 0.82563
347 0.82523
348 0.82482
349 0.82442
350 0.82401
351 0.82361
352 0.82321
353 0.82281
354 0.82242
355 0.82202
356 0.82163
357 0.82124
358 0.82085
359 0.82046
360 0.82007
361 0.81969
362 0.81930
363 0.81892
364 0.81854
365 0.81816
366 0.81779
367 0.81741
368 0.81704
369 0.81667
370 0.81630
371 0.81593
372 0.81556
373 0.81519
374 0.81483
375 0.81447
376 0.81411
377 0.81375
378 0.81339
379 0.81304
380 0.81269
381 0.81233
382 0.81198
383 0.81163
384 0.81129
385 0.81094
386 0.81060
387 0.81026
388 0.80992
389 0.80958
390 0.80924
391 0.80891
392 0.80858
393 0.80825
394 0.80792
395 0.80759
396 0.80726
397 0.80694
398 0.80662
399 0.80630
400 0.80598
401 0.80566
402 0.80534
403 0.80503
404 0.80472
405 0.80441
406 0.80410
407 0.80379
408 0.80349
409 0.80319
410 0.80289
411 0.80259
412 0.80229
413 0.80199
414 0.80170
415 0.80141
416 0.80112
417 0.80083
418 0.80054
419 0.80026
420 0.79997
421 0.79969
422 0.79941
423 0.79913
424 0.79886
425 0.79858
426 0.79831
427 0.79804
428 0.79777
429 0.79751
430 0.79724
431 0.79698
432 0.79672
433 0.79646
434 0.79620
435 0.79594
436 0.79569
437 0.79544
438 0.79519
439 0.79494
440 0.79469
441 0.79445
442 0.79421
443 0.79396
444 0.79373
445 0.79349
446 0.79325
447 0.79302
448 0.79279
449 0.79256
450 0.79233
451 0.79210
452 0.79188
453 0.79166
454 0.79144
455 0.79122
456 0.79100
457 0.79079
458 0.79058
459 0.79037
460 0.79016
461 0.78995
462 0.78975
463 0.78954
464 0.78934
465 0.78914
466 0.78895
467 0.78875
468 0.78856
469 0.78837
470 0.78818
471 0.78799
472 0.78780
473 0.78762
474 0.78744
475 0.78726
476 0.78708
477 0.78690
478 0.78673
479 0.78656
480 0.78639
481 0.78622
482 0.78605
483 0.78589
484 0.78573
485 0.78557
486 0.78541
487 0.78525
488 0.78510
489 0.78495
490 0.78479
491 0.78465
492 0.78450
493 0.78436
494 0.78421
495 0.78407
496 0.78393
497 0.78380
498 0.78366
499 0.78353
500 0.78340
501 0.78327
502 0.78315
503 0.78302
504 0.78290
505 0.78278
506 0.78266
507 0.78254
508 0.78243
509 0.78232
510 0.78221
511 0.78210
512 0.78199
513 0.78189
514 0.78179
515 0.78169
516 0.78159
517 0.78149
518 0.78140
519 0.78131
520 0.78122
521 0.78113
522 0.78105
523 0.78096
524 0.78088
525 0.78080
526 0.78072
527 0.78065
528 0.78058
529 0.78050
530 0.78044
531 0.78037
532 0.78030
533 0.78024
534 0.78018
535 0.78012
536 0.78007
537 0.78001
538 0.77996
539 0.77991
540 0.77986
541 0.77982
542 0.77977
543 0.77973
544 0.77969
545 0.77965
546 0.77962
547 0.77959
548 0.77955
549 0.77953
550 0.77950
551 0.77947
552 0.77945
553 0.77943
554 0.77941
555 0.77940
556 0.77938
557 0.77937
558 0.77936
559 0.77936
560 0.77935
561 0.77935
562 0.77935
563 0.77935
564 0.77935
565 0.77936
566 0.77937
567 0.77938
568 0.77939
569 0.77940
570 0.77942
571 0.77944
572 0.77946
573 0.77948
574 0.77951
575 0.77954
576 0.77957
577 0.77960
578 0.77963
579 0.77967
580 0.77971
581 0.77975
582 0.77979
583 0.77984
584 0.77989
585 0.77994
586 0.77999
587 0.78005
588 0.78010
589 0.78016
590 0.78022
591 0.78029
592 0.78035
593 0.78042
594 0.78049
595 0.78057
596 0.78064
597 0.78072
598 0.78080
599 0.78088
600 0.78096
601 0.78105
602 0.78114
603 0.78123
604 0.78132
605 0.78142
606 0.78152
607 0.78162
608 0.78172
609 0.78183
610 0.78194
611 0.78205
612 0.78216
613 0.78227
614 0.78239
615 0.78251
616 0.78263
617 0.78276
618 0.78288
619 0.78301
620 0.78314
621 0.78328
622 0.78341
623 0.78355
624 0.78369
625 0.78383
626 0.78398
627 0.78413
628 0.78428
629 0.78443
630 0.78459
631 0.78474
632 0.78490
633 0.78507
634 0.78523
635 0.78540
636 0.78557
637 0.78574
638 0.78592
639 0.78609
640 0.78627
641 0.78646
642 0.78664
643 0.78683
644 0.78702
645 0.78721
646 0.78740
647 0.78760
648 0.78780
649 0.78800
650 0.78821
651 0.78841
652 0.78862
653 0.78884
654 0.78905
655 0.78927
656 0.78949
657 0.78971
658 0.78993
659 0.79016
660 0.79039
661 0.79062
662 0.79086
663 0.79110
664 0.79134
665 0.79158
666 0.79183
667 0.79207
668 0.79232
669 0.79258
670 0.79283
671 0.79309
672 0.79335
673 0.79362
674 0.79388
675 0.79415
676 0.79442
677 0.79470
678 0.79497
679 0.79525
680 0.79554
681 0.79582
682 0.79611
683 0.79640
684 0.79669
685 0.79699
686 0.79728
687 0.79759
688 0.79789
689 0.79820
690 0.79850
691 0.79882
692 0.79913
693 0.79945
694 0.79977
695 0.80009
696 0.80042
697 0.80074
698 0.80108
699 0.80141
700 0.80175
701 0.80208
702 0.80243
703 0.80277
704 0.80312
705 0.80347
706 0.80382
707 0.80418
708 0.80454
709 0.80490
710 0.80526
711 0.80563
712 0.80600
713 0.80638
714 0.80675
715 0.80713
716 0.80751
717 0.80790
718 0.80828
719 0.80868
720 0.80907
721 0.80946
722 0.80986
723 0.81027
724 0.81067
725 0.81108
726 0.81149
727 0.81190
728 0.81232
729 0.81274
730 0.81316
731 0.81359
732 0.81402
733 0.81445
734 0.81488
735 0.81532
736 0.81576
737 0.81621
738 0.81665
739 0.81710
740 0.81755
741 0.81801
742 0.81847
743 0.81893
744 0.81940
745 0.81986
746 0.82034
747 0.82081
748 0.82129
749 0.82177
750 0.82225
751 0.82274
752 0.82323
753 0.82372
754 0.82422
755 0.82472
756 0.82522
757 0.82573
758 0.82623
759 0.82675
760 0.82726
761 0.82778
762 0.82830
763 0.82883
764 0.82936
765 0.82989
766 0.83042
767 0.83096
768 0.83150
769 0.83205
770 0.83259
771 0.83314
772 0.83370
773 0.83426
774 0.83482
775 0.83538
776 0.83595
777 0.83652
778 0.83709
779 0.83767
780 0.83825
781 0.83884
782 0.83943
783 0.84002
784 0.84061
785 0.84121
786 0.84181
787 0.84242
788 0.84302
789 0.84364
790 0.84425
791 0.84487
792 0.84549
793 0.84612
794 0.84675
795 0.84738
796 0.84802
797 0.84866
798 0.84930
799 0.84995
800 0.85060
801 0.85125
802 0.85191
803 0.85257
804 0.85324
805 0.85390
806 0.85458
807 0.85525
808 0.85593
809 0.85662
810 0.85730
811 0.85799
812 0.85869
813 0.85938
814 0.86009
815 0.86079
816 0.86150
817 0.86221
818 0.86293
819 0.86365
820 0.86437
821 0.86510
822 0.86583
823 0.86657
824 0.86731
825 0.86805
826 0.86880
827 0.86955
828 0.87031
829 0.87106
830 0.87183
831 0.87259
832 0.87336
833 0.87414
834 0.87492
835 0.87570
836 0.87648
837 0.87728
838 0.87807
839 0.87887
840 0.87967
841 0.88048
842 0.88129
843 0.88210
844 0.88292
845 0.88374
846 0.88457
847 0.88540
848 0.88623
849 0.88707
850 0.88792
851 0.88876
852 0.88962
853 0.89047
854 0.89133
855 0.89219
856 0.89306
857 0.89394
858 0.89481
859 0.89569
860 0.89658
861 0.89747
862 0.89836
863 0.89926
864 0.90016
865 0.90107
866 0.90198
867 0.90290
868 0.90382
869 0.90474
870 0.90567
871 0.90661
872 0.90754
873 0.90849
874 0.90943
875 0.91038
876 0.91134
877 0.91230
878 0.91327
879 0.91424
880 0.91521
881 0.91619
882 0.91717
883 0.91816
884 0.91915
885 0.92015
886 0.92115
887 0.92216
888 0.92317
889 0.92419
890 0.92521
891 0.92623
892 0.92726
893 0.92830
894 0.92934
895 0.93038
896 0.93143
897 0.93249
898 0.93355
899 0.93461
900 0.93568
901 0.93675
902 0.93783
903 0.93892
904 0.94000
905 0.94110
906 0.94220
907 0.94330
908 0.94441
909 0.94552
910 0.94664
911 0.94777
912 0.94865
913 0.95238
914 0.95480
915 0.95644
916 0.95737
917 0.95785
918 0.95838
919 0.95896
920 0.95962
921 0.96038
922 0.96032
923 0.96026
924 0.96115
925 0.96109
926 0.96103
927 0.96210
928 0.96204
929 0.96199
930 0.96193
931 0.96329
932 0.96323
933 0.96317
934 0.96312
935 0.96306
936 0.96300
937 0.96295
938 0.96475
939 0.96470
940 0.96465
941 0.96459
942 0.96454
943 0.96449
944 0.96443
945 0.96438
946 0.96433
947 0.96427
948 0.96422
949 0.96416
950 0.96676
951 0.96671
952 0.96666
953 0.96661
954 0.96656
955 0.96652
956 0.96647
957 0.96642
958 0.96637
959 0.96632
960 0.96627
961 0.96622
962 0.96617
963 0.96612
964 0.96607
965 0.96602
966 0.96597
967 0.96592
968 0.96587
969 0.96582
970 0.96576
971 0.96571
972 0.96566
973 0.96989
974 0.96984
975 0.96980
976 0.96976
977 0.96971
978 0.96967
979 0.96962
980 0.96958
981 0.96954
982 0.96949
983 0.96945
984 0.96940
985 0.96936
986 0.96932
987 0.96927
988 0.96923
989 0.96918
990 0.96914
991 0.96909
992 0.96905
993 0.96901
994 0.96896
995 0.96892
996 0.96887
997 0.96883
998 0.96878
999 0.96874
1000 0.96870
1001 0.96865
1002 0.96861
1003 0.96856
1004 0.96852
1005 0.96847
1006 0.96843
1007 0.96838
1008 0.96834
1009 0.96830
1010 0.96825
1011 0.96821
1012 0.96816
1013 0.96812
1014 0.96807
1015 0.96803
1016 0.96798
1017 0.96794
1018 0.96789
1019 0.96785
1020 0.96780
1021 0.96776
1022 0.96771
1023 0.96767
1024 0.96762
1025 0.96758
1026 0.97613
1027 0.97610
1028 0.97606
1029 0.97603
1030 0.97600
1031 0.97596
1032 0.97593
1033 0.97590
1034 0.97586
1035 0.97583
1036 0.97580
1037 0.97577
1038 0.97573
1039 0.97570
1040 0.97567
1041 0.97563
1042 0.97560
1043 0.97557
1044 0.97553
1045 0.97550
1046 0.97547
1047 0.97543
1048 0.97540
1049 0.97537
1050 0.97533
1051 0.97530
1052 0.97527
1053 0.97523
1054 0.97520
1055 0.97517
1056 0.97513
1057 0.97510
1058 0.97507
1059 0.97503
1060 0.97500
1061 0.97497
1062 0.97493
1063 0.97490
1064 0.97486
1065 0.97483
1066 0.97480
1067 0.97476
1068 0.97473
1069 0.97470
1070 0.97466
1071 0.97463
1072 0.97460
1073 0.97456
1074 0.97453
1075 0.97450
1076 0.97446
1077 0.97443
1078 0.97439
1079 0.97436
1080 0.97433
1081 0.97429
1082 0.97426
1083 0.97423
1084 0.97419
1085 0.97416
1086 0.97412
1087 0.97409
1088 0.97406
1089 0.97402
1090 0.97399
1091 0.97396
1092 0.97392
1093 0.97389
1094 0.97385
1095 0.97382
1096 0.97379
1097 0.97375
1098 0.97372
1099 0.97368
1100 0.97365
1101 0.97362
1102 0.97358
1103 0.97355
1104 0.97351
1105 0.97348
1106 0.97345
1107 0.97341
1108 0.97338
1109 0.97334
1110 0.97331
1111 0.97328
1112 0.97324
1113 0.97321
1114 0.97317
1115 0.97314
1116 0.97310
1117 0.97307
1118 0.97304
1119 0.97300
1120 0.97297
1121 0.97293
1122 0.97290
1123 0.97287
1124 0.97283
1125 0.97280
1126 0.97276
1127 0.97273
1128 0.97269
1129 0.97266
1130 0.97263
1131 0.97259
1132 0.97256
1133 0.97252
1134 0.97249
1135 0.97245
1136 0.97242
1137 0.97238
1138 0.97235
1139 0.97232
1140 0.97228
1141 0.97225
1142 0.97221
1143 0.97218
1144 0.97214
1145 0.97211
1146 0.97207
1147 0.97204
1148 0.97201
1149 0.97197
1150 0.97194
1151 0.97190
1152 0.97187
1153 0.97183
1154 0.97180
1155 0.97176
1156 0.97173
1157 0.97169
1158 0.97166
1159 0.97162
1160 0.97159
1161 0.97155
1162 0.97152
1163 0.97149
1164 0.97145
1165 0.97142
1166 0.97138
1167 0.97135
1168 0.97131
1169 0.97128
1170 0.97124
1171 0.97121
1172 0.97117
1173 0.97114
1174 0.97110
1175 0.97107
1176 0.97103
1177 0.97100
1178 0.97096
1179 0.97093
1180 0.97089
1181 0.97086
1182 0.97082
1183 0.97079
1184 0.97075
1185 0.97072
1186 0.97068
1187 0.97065
1188 0.97061
1189 0.97058
1190 0.97054
1191 0.97051
1192 0.97047
1193 0.97044
1194 0.97040
1195 0.97037
1196 0.97033
1197 0.97030
1198 0.97026
1199 0.97023
1200 0.97019
1201 0.97016
1202 0.97012
1203 0.97009
1204 0.97005
1205 0.97002
1206 0.96998
1207 0.96995
1208 0.96991
1209 0.96988
1210 0.96984
1211 0.96980
1212 0.96977
1213 0.96973
1214 0.96970
1215 0.96966
1216 1.00000
