17 0.73002
18 0.70993
19 0.68987
20 0.66989
21 0.65004
22 0.63035
23 0.61085
24 0.59158
25 0.57255
26 0.55380
27 0.53534
28 0.51720
29 0.49939
30 0.48193
31 0.46482
32 0.44809
33 0.43174
34 0.41577
35 0.40019
36 0.38501
37 0.37023
38 0.35586
39 0.34188
40 0.32831
41 0.31514
42 0.30236
43 0.28998
44 0.27800
45 0.26639
46 0.25518
47 0.24433
48 0.23386
49 0.22376
50 0.21401
51 0.20461
52 0.19555
53 0.18683
54 0.17843
55 0.17036
56 0.16259
57 0.15513
58 0.14796
59 0.14108
60 0.13448
61 0.12814
62 0.12207
63 0.11625
64 0.11068
65 0.10534
66 0.10023
67 0.09534
68 0.09067
69 0.08620
70 0.08193
71 0.07785
72 0.07396
73 0.07024
74 0.06669
75 0.06331
76 0.06008
77 0.05701
78 0.05408
79 0.05129
80 0.04863
81 0.04610
82 0.04369
83 0.04140
84 0.03922
85 0.03714
86 0.03517
87 0.03330
88 0.03152
89 0.02983
90 0.02823
91 0.02670
92 0.02526
93 0.02389
94 0.02259
95 0.02135
96 0.02018
97 0.01907
98 0.01802
99 0.01702
100 0.01608
101 0.01519
102 0.01434
103 0.01354
104 0.01278
105 0.01206
106 0.01139
107 0.01074
108 0.01014
109 0.00956
110 0.00902
111 0.00851
112 0.00802
113 0.00756
114 0.00713
115 0.00672
116 0.00633
117 0.00597
118 0.00562
119 0.00530
120 0.00499
121 0.00470
122 0.00443
123 0.00417
124 0.00393
125 0.00370
126 0.00348
127 0.00328
128 0.00309
129 0.00291
130 0.00274
131 0.00257
132 0.00242
133 0.00228
134 0.00214
135 0.00202
136 0.00190
137 0.00179
138 0.00168
139 0.00158
140 0.00149
141 0.00140
142 0.00131
143 0.00124
144 0.00116
145 0.00109
146 0.00103
147 0.00097
148 0.00091
149 0.00085
150 0.00080
151 0.00075
152 0.00071
153 0.00067
154 0.00063
155 0.00059
156 0.00055
157 0.00052
158 0.00049
159 0.00046
160 0.00043
161 0.00041
162 0.00038
163 0.00036
164 0.00034
165 0.00032
166 0.00030
167 0.00028
168 0.00026
169 0.00025
170 0.00023
171 0.00022
172 0.00020
173 0.00019
174 0.00018
175 0.00017
176 0.00016
177 0.00015
178 0.00014
179 0.00013
180 0.00012
181 0.00012
182 0.00011
183 0.00010
184 0.00010
185 0.00009
186 0.00009
187 0.00008
188 0.00008
189 0.00007
190 0.00007
191 0.00006
192 0.00006
193 0.00006
194 0.00005
195 0.00005
196 0.00005
197 0.00004
198 0.00004
199 0.00004
200 0.00004
201 0.00003
202 0.00003
203 0.00003
204 0.00003
205 0.00003
206 0.00002
207 0.00002
208 0.00002
209 0.00002
210 0.00002
211 0.00002
212 0.00002
213 0.00002
214 0.00002
215 0.00001
216 0.00001
217 0.00001
218 0.00001
219 0.00001
220 0.00001
221 0.00001
222 0.00001
223 0.00001
224 0.00001
225 0.00001
226 0.00001
227 0.00001
228 0.00001
229 0.00001
230 0.00001
231 0.00001
232 0.00001
233 0.00000
234 0.00000
235 0.00000
236 0.00000
237 0.00000
238 0.00000
239 0.00000
240 0.00000
241 0.00000
242 0.00000
243 0.00000
244 0.00000
245 0.00000
246 0.00000
247 0.00000
248 0.00000
249 0.00000
250 0.00000
251 0.00000
252 0.00000
253 0.00000
254 0.00000
255 0.00000
256 0.00000
257 0.00000
258 0.00000
259 0.00000
260 0.00000
261 0.00000
262 0.00000
263 0.00000
264 0.00000
265 0.00000
266 0.00000
267 0.00000
268 0.00000
269 0.00000
270 0.00000
271 0.00000
272 0.00000
273 0.00000
274 0.00000
275 0.00000
276 0.00000
277 0.00000
278 0.00000
279 0.00000
280 0.00000
281 0.00000
282 0.00000
283 0.00000
284 0.00000
285 0.00000
286 0.00000
287 0.00000
288 0.00000
289 0.00000
290 0.00000
291 0.00000
292 0.00000
293 0.00000
294 0.00000
295 0.00000
296 0.00000
297 0.00000
298 0.00000
299 0.00000
300 0.00000
301 0.00000
302 0.00000
303 0.00000
304 0.00000
305 0.00000
306 0.00000
307 0.00000
308 0.00000
309 0.00000
310 0.00000
311 0.00000
312 0.00000
313 0.00000
314 0.00000
315 0.00000
316 0.00000
317 0.00000
318 0.00000
319 0.00000
320 0.00000
321 0.00000
322 0.00000
323 0.00000
324 0.00000
325 0.00000
326 0.00000
327 0.00000
328 0.00000
329 0.00000
330 0.00000
331 0.00000
332 0.00000
333 0.00000
334 0.00000
335 0.00000
336 0.00000
337 0.00000
338 0.00000
339 0.00000
340 0.00000
341 0.00000
342 0.00000
343 0.00000
344 0.00000
345 0.00000
346 0.00000
347 0.00000
348 0.00000
349 0.00000
350 0.00000
351 0.00000
352 0.00000
353 0.00000
354 0.00000
355 0.00000
356 0.00000
357 0.00000
358 0.00000
359 0.00000
360 0.00000
361 0.00000
362 0.00000
363 0.00000
364 0.00000
365 0.00000
366 0.00000
367 0.00000
368 0.00000
369 0.00000
370 0.00000
371 0.00000
372 0.00000
373 0.00000
374 0.00000
375 0.00000
376 0.00000
377 0.00000
378 0.00000
379 0.00000
380 0.00000
381 0.00000
382 0.00000
383 0.00000
384 0.00000
385 0.00000
386 0.00000
387 0.00000
388 0.00000
389 0.00000
390 0.00000
391 0.00000
392 0.00000
393 0.00000
394 0.00000
395 0.00000
396 0.00000
397 0.00000
398 0.00000
399 0.00000
400 0.00000
401 0.00000
402 0.00000
403 0.00000
404 0.00000
405 0.00000
406 0.00000
407 0.00000
408 0.00000
409 0.00000
410 0.00000
411 0.00000
412 0.00000
413 0.00000
414 0.00000
415 0.00000
416 0.00000
417 0.00000
418 0.00000
419 0.00000
420 0.00000
421 0.00000
422 0.00000
423 0.00000
424 0.00000
425 0.00000
426 0.00000
427 0.00000
428 0.00000
429 0.00000
430 0.00000
431 0.00000
432 0.00000
433 0.00000
434 0.00000
435 0.00000
436 0.00000
437 0.00000
438 0.00000
439 0.00000
440 0.00000
441 0.00000
442 0.00000
443 0.00000
444 0.00000
445 0.00000
446 0.00000
447 0.00000
448 0.00000
449 0.00000
450 0.00000
451 0.00000
452 0.00000
453 0.00000
454 0.00000
455 0.00000
456 0.00000
457 0.00000
458 0.00000
459 0.00000
460 0.00000
461 0.00000
462 0.00000
463 0.00000
464 0.00000
465 0.00000
466 0.00000
467 0.00000
468 0.00000
469 0.00000
470 0.00000
471 0.00000
472 0.00000
473 0.00000
474 0.00000
475 0.00000
476 0.00000
477 0.00000
478 0.00000
479 0.00000
480 0.00000
481 0.00000
482 0.00000
483 0.00000
484 0.00000
485 0.00000
486 0.00000
487 0.00000
488 0.00000
489 0.00000
490 0.00000
491 0.00000
492 0.00000
493 0.00000
494 0.00000
495 0.00000
496 0.00000
497 0.00000
498 0.00000
499 0.00000
500 0.00000
501 0.00000
502 0.00000
503 0.00000
504 0.00000
505 0.00000
506 0.00000
507 0.00000
508 0.00000
509 0.00000
510 0.00000
511 0.00000
512 0.00000
513 0.00000
514 0.00000
515 0.00000
516 0.00000
517 0.00000
518 0.00000
519 0.00000
520 0.00000
521 0.00000
522 0.00000
523 0.00000
524 0.00000
525 0.00000
526 0.00000
527 0.00000
528 0.00000
529 0.00000
530 0.00000
531 0.00000
532 0.00000
533 0.00000
534 0.00000
535 0.00000
536 0.00000
537 0.00000
538 0.00000
539 0.00000
540 0.00000
541 0.00000
542 0.00000
543 0.00000
544 0.00000
545 0.00000
546 0.00000
547 0.00000
548 0.00000
549 0.00000
550 0.00000
551 0.00000
552 0.00000
553 0.00000
554 0.00000
555 0.00000
556 0.00000
557 0.00000
558 0.00000
559 0.00000
560 0.00000
561 0.00000
562 0.00000
563 0.00000
564 0.00000
565 0.00000
566 0.00000
567 0.00000
568 0.00000
569 0.00000
570 0.00000
571 0.00000
572 0.00000
573 0.00000
574 0.00000
575 0.00000
576 0.00000
577 0.00000
578 0.00000
579 0.00000
580 0.00000
581 0.00000
582 0.00000
583 0.00000
584 0.00000
585 0.00000
586 0.00000
587 0.00000
588 0.00000
589 0.00000
590 0.00000
591 0.00000
592 0.00000
593 0.00000
594 0.00000
595 0.00000
596 0.00000
597 0.00000
598 0.00000
599 0.00000
600 0.00000
601 0.00000
602 0.00000
603 0.00000
604 0.00000
605 0.00000
606 0.00000
607 0.00000
608 0.00000
609 0.00000
610 0.00000
611 0.00000
612 0.00000
613 0.00000
614 0.00000
615 0.00000
616 0.00000
617 0.00000
618 0.00000
619 0.00000
620 0.00000
621 0.00000
622 0.00000
623 0.00000
624 0.00000
625 0.00000
626 0.00000
627 0.00000
628 0.00000
629 0.00000
630 0.00000
631 0.00000
632 0.00000
633 0.00000
634 0.00000
635 0.00000
636 0.00000
637 0.00000
638 0.00000
639 0.00000
640 0.00000
641 0.00000
642 0.00000
643 0.00000
644 0.00000
645 0.00000
646 0.00000
647 0.00000
648 0.00000
649 0.00000
650 0.00000
651 0.00000
652 0.00000
653 0.00000
654 0.00000
655 0.00000
656 0.00000
657 0.00000
658 0.00000
659 0.00000
660 0.00000
661 0.00000
662 0.00000
663 0.00000
664 0.00000
665 0.00000
666 0.00000
667 0.00000
668 0.00000
669 0.00000
670 0.00000
671 0.00000
672 0.00000
673 0.00000
674 0.00000
675 0.00000
676 0.00000
677 0.00000
678 0.00000
679 0.00000
680 0.00000
681 0.00000
682 0.00000
683 0.00000
684 0.00000
685 0.00000
686 0.00000
687 0.00000
688 0.00000
689 0.00000
690 0.00000
691 0.00000
692 0.00000
693 0.00000
694 0.00000
695 0.00000
696 0.00000
697 0.00000
698 0.00000
699 0.00000
700 0.00000
701 0.00000
702 0.00000
703 0.00000
704 0.00000
705 0.00000
706 0.00000
707 0.00000
708 0.00000
709 0.00000
710 0.00000
711 0.00000
712 0.00000
713 0.00000
714 0.00000
715 0.00000
716 0.00000
717 0.00000
718 0.00000
719 0.00000
720 0.00000
721 0.00000
722 0.00000
723 0.00000
724 0.00000
725 0.00000
726 0.00000
727 0.00000
728 0.00000
729 0.00000
730 0.00000
731 0.00000
732 0.00000
733 0.00000
734 0.00000
735 0.00000
736 0.00000
737 0.00000
738 0.00000
739 0.00000
740 0.00000
741 0.00000
742 0.00000
743 0.00000
744 0.00000
745 0.00000
746 0.00000
747 0.00000
748 0.00000
749 0.00000
750 0.00000
751 0.00000
752 0.00000
753 0.00000
754 0.00000
755 0.00000
756 0.00000
757 0.00000
758 0.00000
759 0.00000
760 0.00000
761 0.00000
762 0.00000
763 0.00000
764 0.00000
765 0.00000
766 0.00000
767 0.00000
768 0.00000
769 0.00000
770 0.00000
771 0.00000
772 0.00000
773 0.00000
774 0.00000
775 0.00000
776 0.00000
777 0.00000
778 0.00000
779 0.00000
780 0.00000
781 0.00000
782 0.00000
783 0.00000
784 0.00000
785 0.00000
786 0.00000
787 0.00000
788 0.00000
789 0.00000
790 0.00000
791 0.00000
792 0.00000
793 0.00000
794 0.00000
795 0.00000
796 0.00000
797 0.00000
798 0.00000
799 0.00000
800 0.00000
801 0.00000
802 0.00000
803 0.00000
804 0.00000
805 0.00000
806 0.00000
807 0.00000
808 0.00000
809 0.00000
810 0.00000
811 0.00000
812 0.00000
813 0.00000
814 0.00000
815 0.00000
816 0.00000
817 0.00000
818 0.00000
819 0.00000
820 0.00000
821 0.00000
822 0.00000
823 0.00000
824 0.00000
825 0.00000
826 0.00000
827 0.00000
828 0.00000
829 0.00000
830 0.00000
831 0.00000
832 0.00000
833 0.00000
834 0.00000
835 0.00000
836 0.00000
837 0.00000
838 0.00000
839 0.00001
840 0.00001
841 0.00001
842 0.00001
843 0.00001
844 0.00001
845 0.00001
846 0.00001
847 0.00001
848 0.00001
849 0.00001
850 0.00001
851 0.00001
852 0.00001
853 0.00001
854 0.00002
855 0.00002
856 0.00002
857 0.00002
858 0.00002
859 0.00002
860 0.00002
861 0.00003
862 0.00003
863 0.00003
864 0.00003
865 0.00004
866 0.00004
867 0.00004
868 0.00004
869 0.00005
870 0.00005
871 0.00006
872 0.00006
873 0.00007
874 0.00007
875 0.00008
876 0.00008
877 0.00009
878 0.00010
879 0.00011
880 0.00011
881 0.00012
882 0.00013
883 0.00014
884 0.00016
885 0.00017
886 0.00018
887 0.00020
888 0.00021
889 0.00023
890 0.00025
891 0.00027
892 0.00029
893 0.00032
894 0.00034
895 0.00037
896 0.00040
897 0.00044
898 0.00048
899 0.00052
900 0.00056
901 0.00061
902 0.00066
903 0.00071
904 0.00077
905 0.00084
906 0.00091
907 0.00098
908 0.00107
909 0.00116
910 0.00125
911 0.00136
912 0.00144
913 0.00163
914 0.00189
915 0.00218
916 0.00239
917 0.00249
918 0.00263
919 0.00283
920 0.00313
921 0.00356
922 0.00342
923 0.00328
924 0.00392
925 0.00377
926 0.00362
927 0.00461
928 0.00443
929 0.00426
930 0.00410
931 0.00574
932 0.00554
933 0.00533
934 0.00514
935 0.00495
936 0.00477
937 0.00459
938 0.00751
939 0.00725
940 0.00701
941 0.00677
942 0.00653
943 0.00630
944 0.00608
945 0.00587
946 0.00566
947 0.00545
948 0.00526
949 0.00506
950 0.01091
951 0.01057
952 0.01024
953 0.00992
954 0.00961
955 0.00930
956 0.00900
957 0.00871
958 0.00843
959 0.00815
960 0.00788
961 0.00762
962 0.00736
963 0.00711
964 0.00687
965 0.00663
966 0.00640
967 0.00617
968 0.00595
969 0.00574
970 0.00554
971 0.00534
972 0.00514
973 0.01945
974 0.01893
975 0.01842
976 0.01792
977 0.01743
978 0.01695
979 0.01648
980 0.01602
981 0.01556
982 0.01512
983 0.01468
984 0.01426
985 0.01384
986 0.01343
987 0.01303
988 0.01264
989 0.01226
990 0.01188
991 0.01152
992 0.01116
993 0.01081
994 0.01047
995 0.01014
996 0.00981
997 0.00949
998 0.00918
999 0.00888
1000 0.00859
1001 0.00830
1002 0.00802
1003 0.00775
1004 0.00749
1005 0.00723
1006 0.00698
1007 0.00674
1008 0.00650
1009 0.00627
1010 0.00604
1011 0.00583
1012 0.00561
1013 0.00541
1014 0.00521
1015 0.00502
1016 0.00483
1017 0.00465
1018 0.00447
1019 0.00430
1020 0.00413
1021 0.00397
1022 0.00382
1023 0.00367
1024 0.00352
1025 0.00338
1026 0.05685
1027 0.05573
1028 0.05462
1029 0.05352
1030 0.05244
1031 0.05137
1032 0.05031
1033 0.04927
1034 0.04824
1035 0.04723
1036 0.04623
1037 0.04524
1038 0.04427
1039 0.04331
1040 0.04236
1041 0.04143
1042 0.04051
1043 0.03961
1044 0.03872
1045 0.03784
1046 0.03698
1047 0.03613
1048 0.03529
1049 0.03447
1050 0.03366
1051 0.03287
1052 0.03209
1053 0.03132
1054 0.03056
1055 0.02982
1056 0.02909
1057 0.02837
1058 0.02767
1059 0.02698
1060 0.02630
1061 0.02564
1062 0.02498
1063 0.02434
1064 0.02371
1065 0.02310
1066 0.02249
1067 0.02190
1068 0.02132
1069 0.02075
1070 0.02019
1071 0.01965
1072 0.01911
1073 0.01859
1074 0.01808
1075 0.01757
1076 0.01708
1077 0.01660
1078 0.01613
1079 0.01567
1080 0.01523
1081 0.01479
1082 0.01436
1083 0.01394
1084 0.01353
1085 0.01313
1086 0.01274
1087 0.01236
1088 0.01198
1089 0.01162
1090 0.01127
1091 0.01092
1092 0.01058
1093 0.01025
1094 0.00993
1095 0.00962
1096 0.00932
1097 0.00902
1098 0.00873
1099 0.00845
1100 0.00817
1101 0.00791
1102 0.00765
1103 0.00739
1104 0.00715
1105 0.00691
1106 0.00668
1107 0.00645
1108 0.00623
1109 0.00602
1110 0.00581
1111 0.00561
1112 0.00541
1113 0.00522
1114 0.00504
1115 0.00486
1116 0.00469
1117 0.00452
1118 0.00435
1119 0.00420
1120 0.00404
1121 0.00389
1122 0.00375
1123 0.00361
1124 0.00347
1125 0.00334
1126 0.00322
1127 0.00309
1128 0.00298
1129 0.00286
1130 0.00275
1131 0.00264
1132 0.00254
1133 0.00244
1134 0.00234
1135 0.00225
1136 0.00216
1137 0.00207
1138 0.00199
1139 0.00191
1140 0.00183
1141 0.00175
1142 0.00168
1143 0.00161
1144 0.00154
1145 0.00148
1146 0.00141
1147 0.00135
1148 0.00129
1149 0.00124
1150 0.00118
1151 0.00113
1152 0.00108
1153 0.00103
1154 0.00099
1155 0.00094
1156 0.00090
1157 0.00086
1158 0.00082
1159 0.00078
1160 0.00075
1161 0.00071
1162 0.00068
1163 0.00065
1164 0.00062
1165 0.00059
1166 0.00056
1167 0.00053
1168 0.00051
1169 0.00048
1170 0.00046
1171 0.00044
1172 0.00042
1173 0.00040
1174 0.00038
1175 0.00036
1176 0.00034
1177 0.00032
1178 0.00031
1179 0.00029
1180 0.00027
1181 0.00026
1182 0.00025
1183 0.00023
1184 0.00022
1185 0.00021
1186 0.00020
1187 0.00019
1188 0.00018
1189 0.00017
1190 0.00016
1191 0.00015
1192 0.00014
1193 0.00013
1194 0.00013
1195 0.00012
1196 0.00011
1197 0.00011
1198 0.00010
1199 0.00010
1200 0.00009
1201 0.00008
1202 0.00008
1203 0.00007
1204 0.00007
1205 0.00007
1206 0.00006
1207 0.00006
1208 0.00006
1209 0.00005
1210 0.00005
1211 0.00005
1212 0.00004
1213 0.00004
1214 0.00004
1215 0.00004
1216 1.00000
