17 0.84641
18 0.83398
19 0.82141
20 0.80872
21 0.79593
22 0.78306
23 0.77012
24 0.75715
25 0.74414
26 0.73112
27 0.71811
28 0.70510
29 0.69213
30 0.67919
31 0.66631
32 0.65349
33 0.64073
34 0.62806
35 0.61548
36 0.60299
37 0.59061
38 0.57834
39 0.56619
40 0.55416
41 0.54226
42 0.53050
43 0.51887
44 0.50739
45 0.49605
46 0.48487
47 0.47383
48 0.46296
49 0.45224
50 0.44168
51 0.43129
52 0.42106
53 0.41100
54 0.40110
55 0.39137
56 0.38181
57 0.37242
58 0.36319
59 0.35414
60 0.34525
61 0.33653
62 0.32798
63 0.31959
64 0.31137
65 0.30332
66 0.29543
67 0.28770
68 0.28013
69 0.27273
70 0.26548
71 0.25839
72 0.25145
73 0.24467
74 0.23803
75 0.23155
76 0.22522
77 0.21903
78 0.21298
79 0.20708
80 0.20132
81 0.19569
82 0.19020
83 0.18484
84 0.17961
85 0.17452
86 0.16954
87 0.16469
88 0.15997
89 0.15536
90 0.15087
91 0.14650
92 0.14224
93 0.13809
94 0.13404
95 0.13011
96 0.12628
97 0.12255
98 0.11891
99 0.11538
100 0.11194
101 0.10860
102 0.10535
103 0.10218
104 0.09911
105 0.09612
106 0.09321
107 0.09038
108 0.08763
109 0.08496
110 0.08237
111 0.07985
112 0.07740
113 0.07502
114 0.07271
115 0.07047
116 0.06829
117 0.06617
118 0.06412
119 0.06212
120 0.06019
121 0.05831
122 0.05649
123 0.05472
124 0.05300
125 0.05134
126 0.04972
127 0.04816
128 0.04664
129 0.04516
130 0.04373
131 0.04235
132 0.04101
133 0.03970
134 0.03844
135 0.03722
136 0.03603
137 0.03488
138 0.03376
139 0.03268
140 0.03164
141 0.03062
142 0.02964
143 0.02869
144 0.02777
145 0.02687
146 0.02601
147 0.02517
148 0.02436
149 0.02357
150 0.02281
151 0.02207
152 0.02136
153 0.02067
154 0.02000
155 0.01935
156 0.01872
157 0.01812
158 0.01753
159 0.01696
160 0.01641
161 0.01587
162 0.01536
163 0.01486
164 0.01438
165 0.01391
166 0.01346
167 0.01302
168 0.01259
169 0.01218
170 0.01179
171 0.01140
172 0.01103
173 0.01067
174 0.01032
175 0.00999
176 0.00966
177 0.00935
178 0.00904
179 0.00875
180 0.00846
181 0.00819
182 0.00792
183 0.00766
184 0.00741
185 0.00717
186 0.00694
187 0.00671
188 0.00649
189 0.00628
190 0.00608
191 0.00588
192 0.00569
193 0.00550
194 0.00532
195 0.00515
196 0.00498
197 0.00482
198 0.00467
199 0.00452
200 0.00437
201 0.00423
202 0.00409
203 0.00396
204 0.00383
205 0.00371
206 0.00359
207 0.00347
208 0.00336
209 0.00325
210 0.00315
211 0.00305
212 0.00295
213 0.00285
214 0.00276
215 0.00267
216 0.00259
217 0.00250
218 0.00242
219 0.00235
220 0.00227
221 0.00220
222 0.00213
223 0.00206
224 0.00200
225 0.00193
226 0.00187
227 0.00181
228 0.00176
229 0.00170
230 0.00165
231 0.00159
232 0.00154
233 0.00150
234 0.00145
235 0.00140
236 0.00136
237 0.00132
238 0.00128
239 0.00124
240 0.00120
241 0.00116
242 0.00112
243 0.00109
244 0.00105
245 0.00102
246 0.00099
247 0.00096
248 0.00093
249 0.00090
250 0.00087
251 0.00085
252 0.00082
253 0.00080
254 0.00077
255 0.00075
256 0.00073
257 0.00070
258 0.00068
259 0.00066
260 0.00064
261 0.00062
262 0.00060
263 0.00059
264 0.00057
265 0.00055
266 0.00053
267 0.00052
268 0.00050
269 0.00049
270 0.00047
271 0.00046
272 0.00045
273 0.00043
274 0.00042
275 0.00041
276 0.00040
277 0.00038
278 0.00037
279 0.00036
280 0.00035
281 0.00034
282 0.00033
283 0.00032
284 0.00031
285 0.00030
286 0.00029
287 0.00029
288 0.00028
289 0.00027
290 0.00026
291 0.00026
292 0.00025
293 0.00024
294 0.00023
295 0.00023
296 0.00022
297 0.00022
298 0.00021
299 0.00020
300 0.00020
301 0.00019
302 0.00019
303 0.00018
304 0.00018
305 0.00017
306 0.00017
307 0.00016
308 0.00016
309 0.00015
310 0.00015
311 0.00015
312 0.00014
313 0.00014
314 0.00013
315 0.00013
316 0.00013
317 0.00012
318 0.00012
319 0.00012
320 0.00011
321 0.00011
322 0.00011
323 0.00011
324 0.00010
325 0.00010
326 0.00010
327 0.00010
328 0.00009
329 0.00009
330 0.00009
331 0.00009
332 0.00008
333 0.00008
334 0.00008
335 0.00008
336 0.00008
337 0.00007
338 0.00007
339 0.00007
340 0.00007
341 0.00007
342 0.00007
343 0.00006
344 0.00006
345 0.00006
346 0.00006
347 0.00006
348 0.00006
349 0.00006
350 0.00005
351 0.00005
352 0.00005
353 0.00005
354 0.00005
355 0.00005
356 0.00005
357 0.00005
358 0.00004
359 0.00004
360 0.00004
361 0.00004
362 0.00004
363 0.00004
364 0.00004
365 0.00004
366 0.00004
367 0.00004
368 0.00004
369 0.00003
370 0.00003
371 0.00003
372 0.00003
373 0.00003
374 0.00003
375 0.00003
376 0.00003
377 0.00003
378 0.00003
379 0.00003
380 0.00003
381 0.00003
382 0.00003
383 0.00003
384 0.00003
385 0.00002
386 0.00002
387 0.00002
388 0.00002
389 0.00002
390 0.00002
391 0.00002
392 0.00002
393 0.00002
394 0.00002
395 0.00002
396 0.00002
397 0.00002
398 0.00002
399 0.00002
400 0.00002
401 0.00002
402 0.00002
403 0.00002
404 0.00002
405 0.00002
406 0.00002
407 0.00002
408 0.00002
409 0.00002
410 0.00002
411 0.00001
412 0.00001
413 0.00001
414 0.00001
415 0.00001
416 0.00001
417 0.00001
418 0.00001
419 0.00001
420 0.00001
421 0.00001
422 0.00001
423 0.00001
424 0.00001
425 0.00001
426 0.00001
427 0.00001
428 0.00001
429 0.00001
430 0.00001
431 0.00001
432 0.00001
433 0.00001
434 0.00001
435 0.00001
436 0.00001
437 0.00001
438 0.00001
439 0.00001
440 0.00001
441 0.00001
442 0.00001
443 0.00001
444 0.00001
445 0.00001
446 0.00001
447 0.00001
448 0.00001
449 0.00001
450 0.00001
451 0.00001
452 0.00001
453 0.00001
454 0.00001
455 0.00001
456 0.00001
457 0.00001
458 0.00001
459 0.00001
460 0.00001
461 0.00001
462 0.00001
463 0.00001
464 0.00001
465 0.00001
466 0.00001
467 0.00001
468 0.00001
469 0.00001
470 0.00001
471 0.00001
472 0.00001
473 0.00001
474 0.00001
475 0.00001
476 0.00001
477 0.00001
478 0.00001
479 0.00001
480 0.00001
481 0.00001
482 0.00001
483 0.00001
484 0.00001
485 0.00001
486 0.00001
487 0.00001
488 0.00001
489 0.00001
490 0.00001
491 0.00001
492 0.00001
493 0.00001
494 0.00001
495 0.00001
496 0.00000
497 0.00000
498 0.00000
499 0.00000
500 0.00000
501 0.00000
502 0.00000
503 0.00000
504 0.00000
505 0.00000
506 0.00000
507 0.00000
508 0.00000
509 0.00000
510 0.00000
511 0.00000
512 0.00000
513 0.00000
514 0.00000
515 0.00000
516 0.00000
517 0.00000
518 0.00000
519 0.00000
520 0.00000
521 0.00000
522 0.00000
523 0.00000
524 0.00000
525 0.00000
526 0.00000
527 0.00000
528 0.00000
529 0.00000
530 0.00000
531 0.00000
532 0.00000
533 0.00000
534 0.00000
535 0.00000
536 0.00000
537 0.00000
538 0.00000
539 0.00000
540 0.00000
541 0.00000
542 0.00000
543 0.00000
544 0.00000
545 0.00000
546 0.00000
547 0.00000
548 0.00000
549 0.00000
550 0.00000
551 0.00000
552 0.00000
553 0.00000
554 0.00000
555 0.00000
556 0.00000
557 0.00000
558 0.00000
559 0.00000
560 0.00000
561 0.00000
562 0.00000
563 0.00000
564 0.00000
565 0.00000
566 0.00000
567 0.00000
568 0.00000
569 0.00000
570 0.00000
571 0.00000
572 0.00000
573 0.00000
574 0.00000
575 0.00000
576 0.00000
577 0.00000
578 0.00000
579 0.00000
580 0.00000
581 0.00000
582 0.00000
583 0.00000
584 0.00000
585 0.00000
586 0.00000
587 0.00000
588 0.00000
589 0.00000
590 0.00000
591 0.00000
592 0.00000
593 0.00000
594 0.00000
595 0.00000
596 0.00000
597 0.00000
598 0.00000
599 0.00000
600 0.00000
601 0.00000
602 0.00000
603 0.00000
604 0.00000
605 0.00000
606 0.00000
607 0.00000
608 0.00000
609 0.00000
610 0.00000
611 0.00001
612 0.00001
613 0.00001
614 0.00001
615 0.00001
616 0.00001
617 0.00001
618 0.00001
619 0.00001
620 0.00001
621 0.00001
622 0.00001
623 0.00001
624 0.00001
625 0.00001
626 0.00001
627 0.00001
628 0.00001
629 0.00001
630 0.00001
631 0.00001
632 0.00001
633 0.00001
634 0.00001
635 0.00001
636 0.00001
637 0.00001
638 0.00001
639 0.00001
640 0.00001
641 0.00001
642 0.00001
643 0.00001
644 0.00001
645 0.00001
646 0.00001
647 0.00001
648 0.00001
649 0.00001
650 0.00001
651 0.00001
652 0.00001
653 0.00001
654 0.00001
655 0.00001
656 0.00001
657 0.00001
658 0.00001
659 0.00001
660 0.00001
661 0.00001
662 0.00001
663 0.00001
664 0.00001
665 0.00001
666 0.00001
667 0.00001
668 0.00001
669 0.00001
670 0.00001
671 0.00001
672 0.00001
673 0.00001
674 0.00001
675 0.00001
676 0.00001
677 0.00001
678 0.00001
679 0.00001
680 0.00001
681 0.00001
682 0.00001
683 0.00001
684 0.00001
685 0.00001
686 0.00001
687 0.00001
688 0.00002
689 0.00002
690 0.00002
691 0.00002
692 0.00002
693 0.00002
694 0.00002
695 0.00002
696 0.00002
697 0.00002
698 0.00002
699 0.00002
700 0.00002
701 0.00002
702 0.00002
703 0.00002
704 0.00002
705 0.00002
706 0.00002
707 0.00002
708 0.00002
709 0.00002
710 0.00002
711 0.00003
712 0.00003
713 0.00003
714 0.00003
715 0.00003
716 0.00003
717 0.00003
718 0.00003
719 0.00003
720 0.00003
721 0.00003
722 0.00003
723 0.00003
724 0.00004
725 0.00004
726 0.00004
727 0.00004
728 0.00004
729 0.00004
730 0.00004
731 0.00004
732 0.00004
733 0.00005
734 0.00005
735 0.00005
736 0.00005
737 0.00005
738 0.00005
739 0.00005
740 0.00006
741 0.00006
742 0.00006
743 0.00006
744 0.00006
745 0.00006
746 0.00007
747 0.00007
748 0.00007
749 0.00007
750 0.00007
751 0.00008
752 0.00008
753 0.00008
754 0.00008
755 0.00009
756 0.00009
757 0.00009
758 0.00010
759 0.00010
760 0.00010
761 0.00011
762 0.00011
763 0.00011
764 0.00012
765 0.00012
766 0.00012
767 0.00013
768 0.00013
769 0.00014
770 0.00014
771 0.00015
772 0.00015
773 0.00016
774 0.00016
775 0.00017
776 0.00018
777 0.00018
778 0.00019
779 0.00020
780 0.00020
781 0.00021
782 0.00022
783 0.00023
784 0.00023
785 0.00024
786 0.00025
787 0.00026
788 0.00027
789 0.00028
790 0.00029
791 0.00030
792 0.00032
793 0.00033
794 0.00034
795 0.00035
796 0.00037
797 0.00038
798 0.00040
799 0.00041
800 0.00043
801 0.00045
802 0.00047
803 0.00049
804 0.00051
805 0.00053
806 0.00055
807 0.00057
808 0.00060
809 0.00062
810 0.00065
811 0.00067
812 0.00070
813 0.00073
814 0.00076
815 0.00080
816 0.00083
817 0.00087
818 0.00091
819 0.00094
820 0.00099
821 0.00103
822 0.00108
823 0.00112
824 0.00117
825 0.00123
826 0.00128
827 0.00134
828 0.00140
829 0.00146
830 0.00153
831 0.00160
832 0.00168
833 0.00175
834 0.00184
835 0.00192
836 0.00201
837 0.00211
838 0.00221
839 0.00231
840 0.00242
841 0.00254
842 0.00266
843 0.00279
844 0.00292
845 0.00307
846 0.00322
847 0.00337
848 0.00354
849 0.00372
850 0.00390
851 0.00409
852 0.00430
853 0.00451
854 0.00474
855 0.00498
856 0.00523
857 0.00550
858 0.00578
859 0.00608
860 0.00639
861 0.00672
862 0.00707
863 0.00744
864 0.00782
865 0.00823
866 0.00867
867 0.00913
868 0.00961
869 0.01012
870 0.01066
871 0.01123
872 0.01183
873 0.01247
874 0.01314
875 0.01385
876 0.01461
877 0.01540
878 0.01625
879 0.01714
880 0.01808
881 0.01908
882 0.02014
883 0.02126
884 0.02245
885 0.02371
886 0.02504
887 0.02645
888 0.02794
889 0.02953
890 0.03121
891 0.03299
892 0.03487
893 0.03688
894 0.03900
895 0.04125
896 0.04364
897 0.04617
898 0.04886
899 0.05171
900 0.05474
901 0.05796
902 0.06137
903 0.06500
904 0.06885
905 0.07294
906 0.07729
907 0.08190
908 0.08681
909 0.09203
910 0.09757
911 0.10346
912 0.10823
913 0.12379
914 0.13595
915 0.14552
916 0.15130
917 0.15417
918 0.15761
919 0.16176
920 0.16689
921 0.17334
922 0.17199
923 0.17064
924 0.17894
925 0.17758
926 0.17621
927 0.18726
928 0.18588
929 0.18450
930 0.18312
931 0.19848
932 0.19709
933 0.19569
934 0.19430
935 0.19291
936 0.19152
937 0.19013
938 0.21275
939 0.21134
940 0.20994
941 0.20853
942 0.20712
943 0.20572
944 0.20431
945 0.20291
946 0.20151
947 0.20011
948 0.19871
949 0.19731
950 0.23359
951 0.23217
952 0.23076
953 0.22935
954 0.22793
955 0.22652
956 0.22511
957 0.22370
958 0.22229
959 0.22088
960 0.21947
961 0.21806
962 0.21665
963 0.21525
964 0.21384
965 0.21244
966 0.21103
967 0.20963
968 0.20823
969 0.20682
970 0.20542
971 0.20402
972 0.20262
973 0.26922
974 0.26782
975 0.26642
976 0.26502
977 0.26363
978 0.26223
979 0.26083
980 0.25943
981 0.25803
982 0.25664
983 0.25524
984 0.25384
985 0.25244
986 0.25105
987 0.24965
988 0.24826
989 0.24686
990 0.24546
991 0.24407
992 0.24267
993 0.24128
994 0.23988
995 0.23848
996 0.23709
997 0.23569
998 0.23430
999 0.23290
1000 0.23151
1001 0.23011
1002 0.22872
1003 0.22732
1004 0.22593
1005 0.22453
1006 0.22314
1007 0.22175
1008 0.22035
1009 0.21896
1010 0.21757
1011 0.21617
1012 0.21478
1013 0.21339
1014 0.21199
1015 0.21060
1016 0.20921
1017 0.20782
1018 0.20643
1019 0.20504
1020 0.20365
1021 0.20226
1022 0.20088
1023 0.19949
1024 0.19810
1025 0.19672
1026 0.35474
1027 0.35345
1028 0.35215
1029 0.35086
1030 0.34957
1031 0.34828
1032 0.34699
1033 0.34570
1034 0.34441
1035 0.34313
1036 0.34184
1037 0.34056
1038 0.33928
1039 0.33799
1040 0.33672
1041 0.33544
1042 0.33416
1043 0.33289
1044 0.33161
1045 0.33034
1046 0.32907
1047 0.32780
1048 0.32653
1049 0.32526
1050 0.32399
1051 0.32273
1052 0.32147
1053 0.32020
1054 0.31894
1055 0.31768
1056 0.31643
1057 0.31517
1058 0.31391
1059 0.31266
1060 0.31141
1061 0.31016
1062 0.30891
1063 0.30766
1064 0.30641
1065 0.30516
1066 0.30392
1067 0.30267
1068 0.30143
1069 0.30019
1070 0.29895
1071 0.29771
1072 0.29648
1073 0.29524
1074 0.29401
1075 0.29277
1076 0.29154
1077 0.29031
1078 0.28908
1079 0.28785
1080 0.28662
1081 0.28540
1082 0.28417
1083 0.28295
1084 0.28173
1085 0.28051
1086 0.27929
1087 0.27807
1088 0.27685
1089 0.27563
1090 0.27442
1091 0.27320
1092 0.27199
1093 0.27077
1094 0.26956
1095 0.26835
1096 0.26714
1097 0.26593
1098 0.26472
1099 0.26352
1100 0.26231
1101 0.26110
1102 0.25990
1103 0.25869
1104 0.25749
1105 0.25629
1106 0.25509
1107 0.25388
1108 0.25268
1109 0.25148
1110 0.25028
1111 0.24908
1112 0.24789
1113 0.24669
1114 0.24549
1115 0.24429
1116 0.24310
1117 0.24190
1118 0.24070
1119 0.23951
1120 0.23831
1121 0.23712
1122 0.23592
1123 0.23472
1124 0.23353
1125 0.23233
1126 0.23114
1127 0.22994
1128 0.22875
1129 0.22755
1130 0.22636
1131 0.22516
1132 0.22396
1133 0.22277
1134 0.22157
1135 0.22037
1136 0.21918
1137 0.21798
1138 0.21678
1139 0.21558
1140 0.21438
1141 0.21318
1142 0.21198
1143 0.21078
1144 0.20957
1145 0.20837
1146 0.20717
1147 0.20596
1148 0.20475
1149 0.20355
1150 0.20234
1151 0.20113
1152 0.19992
1153 0.19871
1154 0.19750
1155 0.19628
1156 0.19507
1157 0.19385
1158 0.19264
1159 0.19142
1160 0.19020
1161 0.18898
1162 0.18775
1163 0.18653
1164 0.18530
1165 0.18408
1166 0.18285
1167 0.18162
1168 0.18039
1169 0.17916
1170 0.17793
1171 0.17669
1172 0.17545
1173 0.17422
1174 0.17298
1175 0.17174
1176 0.17050
1177 0.16925
1178 0.16801
1179 0.16676
1180 0.16552
1181 0.16427
1182 0.16302
1183 0.16177
1184 0.16052
1185 0.15926
1186 0.15801
1187 0.15675
1188 0.15550
1189 0.15424
1190 0.15298
1191 0.15173
1192 0.15047
1193 0.14921
1194 0.14795
1195 0.14669
1196 0.14543
1197 0.14417
1198 0.14291
1199 0.14164
1200 0.14038
1201 0.13912
1202 0.13786
1203 0.13660
1204 0.13534
1205 0.13408
1206 0.13282
1207 0.13157
1208 0.13031
1209 0.12905
1210 0.12780
1211 0.12654
1212 0.12529
1213 0.12404
1214 0.12279
1215 0.12155
1216 1.00000
