17 0.93279
18 0.92706
19 0.92120
20 0.91524
21 0.90917
22 0.90301
23 0.89676
24 0.89042
25 0.88401
26 0.87752
27 0.87097
28 0.86436
29 0.85769
30 0.85096
31 0.84419
32 0.83738
33 0.83052
34 0.82363
35 0.81670
36 0.80975
37 0.80277
38 0.79577
39 0.78875
40 0.78172
41 0.77467
42 0.76762
43 0.76055
44 0.75348
45 0.74642
46 0.73935
47 0.73228
48 0.72522
49 0.71817
50 0.71113
51 0.70410
52 0.69708
53 0.69008
54 0.68310
55 0.67614
56 0.66920
57 0.66228
58 0.65539
59 0.64852
60 0.64168
61 0.63487
62 0.62808
63 0.62133
64 0.61462
65 0.60793
66 0.60128
67 0.59467
68 0.58809
69 0.58155
70 0.57505
71 0.56859
72 0.56217
73 0.55580
74 0.54946
75 0.54317
76 0.53692
77 0.53071
78 0.52455
79 0.51843
80 0.51236
81 0.50634
82 0.50036
83 0.49443
84 0.48855
85 0.48271
86 0.47692
87 0.47118
88 0.46549
89 0.45985
90 0.45426
91 0.44872
92 0.44322
93 0.43778
94 0.43238
95 0.42704
96 0.42175
97 0.41650
98 0.41131
99 0.40616
100 0.40107
101 0.39602
102 0.39103
103 0.38608
104 0.38119
105 0.37635
106 0.37155
107 0.36681
108 0.36211
109 0.35746
110 0.35287
111 0.34832
112 0.34382
113 0.33937
114 0.33497
115 0.33061
116 0.32631
117 0.32205
118 0.31784
119 0.31367
120 0.30956
121 0.30549
122 0.30147
123 0.29749
124 0.29356
125 0.28967
126 0.28584
127 0.28204
128 0.27829
129 0.27459
130 0.27093
131 0.26731
132 0.26373
133 0.26020
134 0.25672
135 0.25327
136 0.24987
137 0.24651
138 0.24319
139 0.23991
140 0.23667
141 0.23347
142 0.23032
143 0.22720
144 0.22412
145 0.22108
146 0.21808
147 0.21512
148 0.21219
149 0.20931
150 0.20646
151 0.20364
152 0.20087
153 0.19813
154 0.19542
155 0.19275
156 0.19012
157 0.18752
158 0.18495
159 0.18242
160 0.17992
161 0.17746
162 0.17502
163 0.17262
164 0.17026
165 0.16792
166 0.16562
167 0.16334
168 0.16110
169 0.15889
170 0.15670
171 0.15455
172 0.15243
173 0.15033
174 0.14827
175 0.14623
176 0.14422
177 0.14224
178 0.14028
179 0.13835
180 0.13645
181 0.13457
182 0.13273
183 0.13090
184 0.12910
185 0.12733
186 0.12558
187 0.12386
188 0.12216
189 0.12048
190 0.11883
191 0.11720
192 0.11559
193 0.11401
194 0.11244
195 0.11090
196 0.10939
197 0.10789
198 0.10641
199 0.10496
200 0.10353
201 0.10211
202 0.10072
203 0.09934
204 0.09799
205 0.09666
206 0.09534
207 0.09404
208 0.09276
209 0.09150
210 0.09026
211 0.08904
212 0.08783
213 0.08664
214 0.08547
215 0.08431
216 0.08317
217 0.08205
218 0.08094
219 0.07985
220 0.07878
221 0.07772
222 0.07667
223 0.07564
224 0.07463
225 0.07363
226 0.07264
227 0.07167
228 0.07072
229 0.06977
230 0.06884
231 0.06793
232 0.06702
233 0.06614
234 0.06526
235 0.06439
236 0.06354
237 0.06270
238 0.06188
239 0.06106
240 0.06026
241 0.05947
242 0.05869
243 0.05792
244 0.05716
245 0.05641
246 0.05568
247 0.05495
248 0.05424
249 0.05353
250 0.05284
251 0.05215
252 0.05148
253 0.05081
254 0.05016
255 0.04951
256 0.04888
257 0.04825
258 0.04763
259 0.04703
260 0.04643
261 0.04583
262 0.04525
263 0.04468
264 0.04411
265 0.04355
266 0.04300
267 0.04246
268 0.04193
269 0.04140
270 0.04089
271 0.04037
272 0.03987
273 0.03937
274 0.03889
275 0.03840
276 0.03793
277 0.03746
278 0.03700
279 0.03654
280 0.03610
281 0.03565
282 0.03522
283 0.03479
284 0.03437
285 0.03395
286 0.03354
287 0.03313
288 0.03273
289 0.03234
290 0.03195
291 0.03157
292 0.03119
293 0.03082
294 0.03046
295 0.03010
296 0.02974
297 0.02939
298 0.02904
299 0.02870
300 0.02837
301 0.02804
302 0.02771
303 0.02739
304 0.02707
305 0.02676
306 0.02645
307 0.02615
308 0.02585
309 0.02555
310 0.02526
311 0.02498
312 0.02469
313 0.02441
314 0.02414
315 0.02387
316 0.02360
317 0.02334
318 0.02308
319 0.02282
320 0.02257
321 0.02232
322 0.02208
323 0.02184
324 0.02160
325 0.02136
326 0.02113
327 0.02090
328 0.02068
329 0.02045
330 0.02024
331 0.02002
332 0.01981
333 0.01960
334 0.01939
335 0.01919
336 0.01898
337 0.01879
338 0.01859
339 0.01840
340 0.01821
341 0.01802
342 0.01784
343 0.01765
344 0.01747
345 0.01730
346 0.01712
347 0.01695
348 0.01678
349 0.01661
350 0.01644
351 0.01628
352 0.01612
353 0.01596
354 0.01581
355 0.01565
356 0.01550
357 0.01535
358 0.01520
359 0.01506
360 0.01491
361 0.01477
362 0.01463
363 0.01449
364 0.01435
365 0.01422
366 0.01409
367 0.01396
368 0.01383
369 0.01370
370 0.01358
371 0.01345
372 0.01333
373 0.01321
374 0.01309
375 0.01297
376 0.01286
377 0.01275
378 0.01263
379 0.01252
380 0.01241
381 0.01230
382 0.01220
383 0.01209
384 0.01199
385 0.01189
386 0.01179
387 0.01169
388 0.01159
389 0.01149
390 0.01140
391 0.01130
392 0.01121
393 0.01112
394 0.01103
395 0.01094
396 0.01085
397 0.01077
398 0.01068
399 0.01060
400 0.01052
401 0.01043
402 0.01035
403 0.01027
404 0.01019
405 0.01012
406 0.01004
407 0.00997
408 0.00989
409 0.00982
410 0.00975
411 0.00967
412 0.00960
413 0.00953
414 0.00947
415 0.00940
416 0.00933
417 0.00927
418 0.00920
419 0.00914
420 0.00907
421 0.00901
422 0.00895
423 0.00889
424 0.00883
425 0.00877
426 0.00872
427 0.00866
428 0.00860
429 0.00855
430 0.00849
431 0.00844
432 0.00838
433 0.00833
434 0.00828
435 0.00823
436 0.00818
437 0.00813
438 0.00808
439 0.00803
440 0.00799
441 0.00794
442 0.00789
443 0.00785
444 0.00780
445 0.00776
446 0.00772
447 0.00767
448 0.00763
449 0.00759
450 0.00755
451 0.00751
452 0.00747
453 0.00743
454 0.00739
455 0.00735
456 0.00732
457 0.00728
458 0.00724
459 0.00721
460 0.00717
461 0.00714
462 0.00710
463 0.00707
464 0.00704
465 0.00700
466 0.00697
467 0.00694
468 0.00691
469 0.00688
470 0.00685
471 0.00682
472 0.00679
473 0.00676
474 0.00673
475 0.00670
476 0.00668
477 0.00665
478 0.00662
479 0.00660
480 0.00657
481 0.00655
482 0.00652
483 0.00650
484 0.00647
485 0.00645
486 0.00643
487 0.00640
488 0.00638
489 0.00636
490 0.00634
491 0.00632
492 0.00630
493 0.00628
494 0.00626
495 0.00624
496 0.00622
497 0.00620
498 0.00618
499 0.00617
500 0.00615
501 0.00613
502 0.00612
503 0.00610
504 0.00608
505 0.00607
506 0.00605
507 0.00604
508 0.00602
509 0.00601
510 0.00600
511 0.00598
512 0.00597
513 0.00596
514 0.00595
515 0.00593
516 0.00592
517 0.00591
518 0.00590
519 0.00589
520 0.00588
521 0.00587
522 0.00586
523 0.00585
524 0.00584
525 0.00584
526 0.00583
527 0.00582
528 0.00581
529 0.00581
530 0.00580
531 0.00579
532 0.00579
533 0.00578
534 0.00578
535 0.00577
536 0.00577
537 0.00576
538 0.00576
539 0.00576
540 0.00575
541 0.00575
542 0.00575
543 0.00575
544 0.00575
545 0.00574
546 0.00574
547 0.00574
548 0.00574
549 0.00574
550 0.00574
551 0.00574
552 0.00575
553 0.00575
554 0.00575
555 0.00575
556 0.00575
557 0.00576
558 0.00576
559 0.00576
560 0.00577
561 0.00577
562 0.00578
563 0.00578
564 0.00579
565 0.00579
566 0.00580
567 0.00581
568 0.00581
569 0.00582
570 0.00583
571 0.00584
572 0.00584
573 0.00585
574 0.00586
575 0.00587
576 0.00588
577 0.00589
578 0.00590
579 0.00591
580 0.00592
581 0.00594
582 0.00595
583 0.00596
584 0.00597
585 0.00599
586 0.00600
587 0.00602
588 0.00603
589 0.00605
590 0.00606
591 0.00608
592 0.00609
593 0.00611
594 0.00613
595 0.00614
596 0.00616
597 0.00618
598 0.00620
599 0.00622
600 0.00624
601 0.00625
602 0.00627
603 0.00629
604 0.00631
605 0.00633
606 0.00636
607 0.00638
608 0.00640
609 0.00642
610 0.00645
611 0.00647
612 0.00649
613 0.00652
614 0.00654
615 0.00657
616 0.00660
617 0.00662
618 0.00665
619 0.00668
620 0.00671
621 0.00673
622 0.00676
623 0.00679
624 0.00682
625 0.00686
626 0.00689
627 0.00692
628 0.00695
629 0.00699
630 0.00702
631 0.00705
632 0.00709
633 0.00713
634 0.00716
635 0.00720
636 0.00724
637 0.00728
638 0.00732
639 0.00736
640 0.00740
641 0.00744
642 0.00748
643 0.00752
644 0.00757
645 0.00761
646 0.00766
647 0.00770
648 0.00775
649 0.00780
650 0.00785
651 0.00789
652 0.00794
653 0.00800
654 0.00805
655 0.00810
656 0.00815
657 0.00821
658 0.00826
659 0.00832
660 0.00838
661 0.00843
662 0.00849
663 0.00855
664 0.00861
665 0.00868
666 0.00874
667 0.00880
668 0.00887
669 0.00894
670 0.00900
671 0.00907
672 0.00914
673 0.00921
674 0.00928
675 0.00936
676 0.00943
677 0.00951
678 0.00958
679 0.00966
680 0.00974
681 0.00982
682 0.00991
683 0.00999
684 0.01007
685 0.01016
686 0.01025
687 0.01034
688 0.01043
689 0.01052
690 0.01061
691 0.01071
692 0.01081
693 0.01091
694 0.01101
695 0.01111
696 0.01121
697 0.01132
698 0.01143
699 0.01153
700 0.01165
701 0.01176
702 0.01187
703 0.01199
704 0.01211
705 0.01223
706 0.01235
707 0.01248
708 0.01260
709 0.01273
710 0.01286
711 0.01300
712 0.01313
713 0.01327
714 0.01341
715 0.01356
716 0.01370
717 0.01385
718 0.01400
719 0.01415
720 0.01431
721 0.01447
722 0.01463
723 0.01480
724 0.01496
725 0.01513
726 0.01531
727 0.01548
728 0.01566
729 0.01585
730 0.01603
731 0.01622
732 0.01642
733 0.01661
734 0.01681
735 0.01702
736 0.01722
737 0.01743
738 0.01765
739 0.01787
740 0.01809
741 0.01832
742 0.01855
743 0.01878
744 0.01902
745 0.01927
746 0.01952
747 0.01977
748 0.02003
749 0.02029
750 0.02056
751 0.02083
752 0.02111
753 0.02139
754 0.02168
755 0.02198
756 0.02228
757 0.02258
758 0.02289
759 0.02321
760 0.02354
761 0.02387
762 0.02420
763 0.02454
764 0.02489
765 0.02525
766 0.02561
767 0.02598
768 0.02636
769 0.02675
770 0.02714
771 0.02754
772 0.02795
773 0.02837
774 0.02879
775 0.02923
776 0.02967
777 0.03012
778 0.03058
779 0.03105
780 0.03153
781 0.03202
782 0.03252
783 0.03303
784 0.03355
785 0.03408
786 0.03462
787 0.03517
788 0.03573
789 0.03631
790 0.03690
791 0.03750
792 0.03811
793 0.03874
794 0.03938
795 0.04003
796 0.04070
797 0.04138
798 0.04207
799 0.04278
800 0.04351
801 0.04425
802 0.04501
803 0.04578
804 0.04657
805 0.04738
806 0.04820
807 0.04905
808 0.04991
809 0.05079
810 0.05169
811 0.05261
812 0.05355
813 0.05451
814 0.05550
815 0.05650
816 0.05753
817 0.05858
818 0.05965
819 0.06075
820 0.06188
821 0.06303
822 0.06420
823 0.06541
824 0.06664
825 0.06790
826 0.06918
827 0.07050
828 0.07185
829 0.07323
830 0.07464
831 0.07609
832 0.07757
833 0.07908
834 0.08063
835 0.08222
836 0.08385
837 0.08551
838 0.08721
839 0.08896
840 0.09074
841 0.09257
842 0.09445
843 0.09637
844 0.09833
845 0.10034
846 0.10241
847 0.10452
848 0.10669
849 0.10890
850 0.11118
851 0.11351
852 0.11589
853 0.11834
854 0.12085
855 0.12342
856 0.12606
857 0.12876
858 0.13153
859 0.13437
860 0.13729
861 0.14027
862 0.14334
863 0.14648
864 0.14970
865 0.15301
866 0.15640
867 0.15988
868 0.16345
869 0.16711
870 0.17087
871 0.17473
872 0.17868
873 0.18275
874 0.18692
875 0.19120
876 0.19559
877 0.20010
878 0.20473
879 0.20949
880 0.21437
881 0.21939
882 0.22453
883 0.22982
884 0.23526
885 0.24084
886 0.24657
887 0.25246
888 0.25851
889 0.26473
890 0.27112
891 0.27768
892 0.28443
893 0.29136
894 0.29849
895 0.30582
896 0.31335
897 0.32110
898 0.32906
899 0.33725
900 0.34566
901 0.35432
902 0.36323
903 0.37239
904 0.38181
905 0.39150
906 0.40147
907 0.41173
908 0.42228
909 0.43314
910 0.44432
911 0.45582
912 0.46499
913 0.49001
914 0.50764
915 0.52045
916 0.52785
917 0.53152
918 0.53575
919 0.54069
920 0.54655
921 0.55362
922 0.55235
923 0.55108
924 0.55985
925 0.55859
926 0.55733
927 0.56853
928 0.56729
929 0.56605
930 0.56481
931 0.57968
932 0.57846
933 0.57725
934 0.57603
935 0.57481
936 0.57359
937 0.57237
938 0.59324
939 0.59205
940 0.59087
941 0.58968
942 0.58849
943 0.58730
944 0.58611
945 0.58492
946 0.58373
947 0.58254
948 0.58135
949 0.58015
950 0.61182
951 0.61069
952 0.60955
953 0.60841
954 0.60727
955 0.60613
956 0.60499
957 0.60385
958 0.60270
959 0.60156
960 0.60041
961 0.59927
962 0.59812
963 0.59697
964 0.59582
965 0.59467
966 0.59352
967 0.59237
968 0.59122
969 0.59006
970 0.58891
971 0.58775
972 0.58660
973 0.64097
974 0.63991
975 0.63886
976 0.63780
977 0.63674
978 0.63568
979 0.63463
980 0.63356
981 0.63250
982 0.63144
983 0.63038
984 0.62931
985 0.62825
986 0.62718
987 0.62611
988 0.62505
989 0.62398
990 0.62291
991 0.62183
992 0.62076
993 0.61969
994 0.61861
995 0.61754
996 0.61646
997 0.61539
998 0.61431
999 0.61323
1000 0.61215
1001 0.61107
1002 0.60999
1003 0.60890
1004 0.60782
1005 0.60674
1006 0.60565
1007 0.60457
1008 0.60348
1009 0.60239
1010 0.60130
1011 0.60021
1012 0.59912
1013 0.59803
1014 0.59694
1015 0.59585
1016 0.59475
1017 0.59366
1018 0.59257
1019 0.59147
1020 0.59037
1021 0.58928
1022 0.58818
1023 0.58708
1024 0.58598
1025 0.58488
1026 0.70211
1027 0.70124
1028 0.70036
1029 0.69949
1030 0.69861
1031 0.69774
1032 0.69686
1033 0.69598
1034 0.69510
1035 0.69422
1036 0.69334
1037 0.69246
1038 0.69157
1039 0.69069
1040 0.68980
1041 0.68892
1042 0.68803
1043 0.68714
1044 0.68625
1045 0.68536
1046 0.68446
1047 0.68357
1048 0.68268
1049 0.68178
1050 0.68088
1051 0.67999
1052 0.67909
1053 0.67819
1054 0.67729
1055 0.67638
1056 0.67548
1057 0.67458
1058 0.67367
1059 0.67277
1060 0.67186
1061 0.67095
1062 0.67004
1063 0.66913
1064 0.66822
1065 0.66731
1066 0.66640
1067 0.66548
1068 0.66457
1069 0.66365
1070 0.66274
1071 0.66182
1072 0.66090
1073 0.65998
1074 0.65906
1075 0.65814
1076 0.65722
1077 0.65629
1078 0.65537
1079 0.65444
1080 0.65352
1081 0.65259
1082 0.65166
1083 0.65073
1084 0.64980
1085 0.64887
1086 0.64794
1087 0.64701
1088 0.64608
1089 0.64514
1090 0.64421
1091 0.64327
1092 0.64233
1093 0.64140
1094 0.64046
1095 0.63952
1096 0.63858
1097 0.63764
1098 0.63669
1099 0.63575
1100 0.63481
1101 0.63386
1102 0.63292
1103 0.63197
1104 0.63102
1105 0.63008
1106 0.62913
1107 0.62818
1108 0.62723
1109 0.62628
1110 0.62533
1111 0.62437
1112 0.62342
1113 0.62247
1114 0.62151
1115 0.62056
1116 0.61960
1117 0.61864
1118 0.61768
1119 0.61673
1120 0.61577
1121 0.61481
1122 0.61385
1123 0.61288
1124 0.61192
1125 0.61096
1126 0.61000
1127 0.60903
1128 0.60807
1129 0.60710
1130 0.60613
1131 0.60517
1132 0.60420
1133 0.60323
1134 0.60226
1135 0.60129
1136 0.60032
1137 0.59935
1138 0.59838
1139 0.59741
1140 0.59643
1141 0.59546
1142 0.59449
1143 0.59351
1144 0.59253
1145 0.59156
1146 0.59058
1147 0.58960
1148 0.58863
1149 0.58765
1150 0.58667
1151 0.58569
1152 0.58471
1153 0.58373
1154 0.58275
1155 0.58176
1156 0.58078
1157 0.57980
1158 0.57882
1159 0.57783
1160 0.57685
1161 0.57586
1162 0.57488
1163 0.57389
1164 0.57290
1165 0.57192
1166 0.57093
1167 0.56994
1168 0.56895
1169 0.56796
1170 0.56697
1171 0.56598
1172 0.56499
1173 0.56400
1174 0.56301
1175 0.56202
1176 0.56102
1177 0.56003
1178 0.55904
1179 0.55804
1180 0.55705
1181 0.55606
1182 0.55506
1183 0.55406
1184 0.55307
1185 0.55207
1186 0.55108
1187 0.55008
1188 0.54908
1189 0.54808
1190 0.54709
1191 0.54609
1192 0.54509
1193 0.54409
1194 0.54309
1195 0.54209
1196 0.54109
1197 0.54009
1198 0.53909
1199 0.53809
1200 0.53709
1201 0.53608
1202 0.53508
1203 0.53408
1204 0.53308
1205 0.53207
1206 0.53107
1207 0.53007
1208 0.52906
1209 0.52806
1210 0.52706
1211 0.52605
1212 0.52505
1213 0.52404
1214 0.52304
1215 0.52203
1216 1.00000
