17 0.99062
18 0.98975
19 0.98885
20 0.98793
21 0.98699
22 0.98601
23 0.98502
24 0.98400
25 0.98296
26 0.98189
27 0.98080
28 0.97969
29 0.97856
30 0.97741
31 0.97624
32 0.97504
33 0.97383
34 0.97260
35 0.97135
36 0.97008
37 0.96880
38 0.96749
39 0.96617
40 0.96483
41 0.96347
42 0.96210
43 0.96071
44 0.95931
45 0.95789
46 0.95645
47 0.95500
48 0.95353
49 0.95205
50 0.95056
51 0.94905
52 0.94753
53 0.94599
54 0.94444
55 0.94288
56 0.94131
57 0.93972
58 0.93812
59 0.93651
60 0.93488
61 0.93325
62 0.93160
63 0.92994
64 0.92828
65 0.92660
66 0.92491
67 0.92321
68 0.92150
69 0.91977
70 0.91804
71 0.91631
72 0.91456
73 0.91280
74 0.91103
75 0.90926
76 0.90747
77 0.90568
78 0.90388
79 0.90207
80 0.90025
81 0.89843
82 0.89659
83 0.89475
84 0.89291
85 0.89105
86 0.88919
87 0.88733
88 0.88545
89 0.88357
90 0.88168
91 0.87979
92 0.87789
93 0.87599
94 0.87408
95 0.87217
96 0.87024
97 0.86832
98 0.86639
99 0.86445
100 0.86251
101 0.86057
102 0.85862
103 0.85667
104 0.85471
105 0.85275
106 0.85078
107 0.84881
108 0.84684
109 0.84486
110 0.84288
111 0.84090
112 0.83891
113 0.83692
114 0.83493
115 0.83294
116 0.83094
117 0.82894
118 0.82694
119 0.82493
120 0.82293
121 0.82092
122 0.81891
123 0.81689
124 0.81488
125 0.81286
126 0.81085
127 0.80883
128 0.80681
129 0.80479
130 0.80276
131 0.80074
132 0.79872
133 0.79669
134 0.79467
135 0.79264
136 0.79061
137 0.78859
138 0.78656
139 0.78453
140 0.78250
141 0.78048
142 0.77845
143 0.77642
144 0.77439
145 0.77237
146 0.77034
147 0.76832
148 0.76629
149 0.76427
150 0.76224
151 0.76022
152 0.75820
153 0.75618
154 0.75416
155 0.75214
156 0.75012
157 0.74810
158 0.74609
159 0.74407
160 0.74206
161 0.74005
162 0.73804
163 0.73604
164 0.73403
165 0.73203
166 0.73003
167 0.72803
168 0.72603
169 0.72404
170 0.72204
171 0.72005
172 0.71807
173 0.71608
174 0.71410
175 0.71212
176 0.71014
177 0.70816
178 0.70619
179 0.70422
180 0.70225
181 0.70029
182 0.69833
183 0.69637
184 0.69441
185 0.69246
186 0.69051
187 0.68856
188 0.68662
189 0.68468
190 0.68275
191 0.68081
192 0.67888
193 0.67696
194 0.67504
195 0.67312
196 0.67120
197 0.66929
198 0.66738
199 0.66548
200 0.66358
201 0.66168
202 0.65979
203 0.65790
204 0.65602
205 0.65414
206 0.65226
207 0.65039
208 0.64852
209 0.64666
210 0.64479
211 0.64294
212 0.64109
213 0.63924
214 0.63740
215 0.63556
216 0.63372
217 0.63189
218 0.63007
219 0.62825
220 0.62643
221 0.62462
222 0.62281
223 0.62101
224 0.61921
225 0.61742
226 0.61563
227 0.61385
228 0.61207
229 0.61029
230 0.60852
231 0.60676
232 0.60500
233 0.60324
234 0.60149
235 0.59974
236 0.59800
237 0.59627
238 0.59454
239 0.59281
240 0.59109
241 0.58938
242 0.58767
243 0.58596
244 0.58426
245 0.58256
246 0.58087
247 0.57919
248 0.57751
249 0.57583
250 0.57416
251 0.57250
252 0.57084
253 0.56919
254 0.56754
255 0.56589
256 0.56426
257 0.56262
258 0.56100
259 0.55937
260 0.55776
261 0.55615
262 0.55454
263 0.55294
264 0.55134
265 0.54975
266 0.54817
267 0.54659
268 0.54502
269 0.54345
270 0.54188
271 0.54033
272 0.53877
273 0.53723
274 0.53569
275 0.53415
276 0.53262
277 0.53110
278 0.52958
279 0.52806
280 0.52656
281 0.52505
282 0.52356
283 0.52206
284 0.52058
285 0.51910
286 0.51762
287 0.51615
288 0.51469
289 0.51323
290 0.51178
291 0.51033
292 0.50889
293 0.50745
294 0.50602
295 0.50460
296 0.50318
297 0.50177
298 0.50036
299 0.49895
300 0.49756
301 0.49617
302 0.49478
303 0.49340
304 0.49203
305 0.49066
306 0.48929
307 0.48793
308 0.48658
309 0.48524
310 0.48389
311 0.48256
312 0.48123
313 0.47990
314 0.47859
315 0.47727
316 0.47597
317 0.47466
318 0.47337
319 0.47208
320 0.47079
321 0.46951
322 0.46824
323 0.46697
324 0.46570
325 0.46445
326 0.46320
327 0.46195
328 0.46071
329 0.45947
330 0.45824
331 0.45702
332 0.45580
333 0.45459
334 0.45338
335 0.45218
336 0.45098
337 0.44979
338 0.44860
339 0.44742
340 0.44625
341 0.44508
342 0.44392
343 0.44276
344 0.44160
345 0.44046
346 0.43931
347 0.43818
348 0.43705
349 0.43592
350 0.43480
351 0.43369
352 0.43258
353 0.43147
354 0.43038
355 0.42928
356 0.42820
357 0.42711
358 0.42604
359 0.42497
360 0.42390
361 0.42284
362 0.42178
363 0.42073
364 0.41969
365 0.41865
366 0.41762
367 0.41659
368 0.41556
369 0.41455
370 0.41353
371 0.41253
372 0.41152
373 0.41053
374 0.40954
375 0.40855
376 0.40757
377 0.40659
378 0.40562
379 0.40466
380 0.40370
381 0.40274
382 0.40179
383 0.40085
384 0.39991
385 0.39898
386 0.39805
387 0.39712
388 0.39620
389 0.39529
390 0.39438
391 0.39348
392 0.39258
393 0.39169
394 0.39080
395 0.38992
396 0.38904
397 0.38817
398 0.38730
399 0.38644
400 0.38558
401 0.38473
402 0.38389
403 0.38304
404 0.38221
405 0.38138
406 0.38055
407 0.37973
408 0.37891
409 0.37810
410 0.37729
411 0.37649
412 0.37570
413 0.37490
414 0.37412
415 0.37334
416 0.37256
417 0.37179
418 0.37102
419 0.37026
420 0.36950
421 0.36875
422 0.36800
423 0.36726
424 0.36652
425 0.36579
426 0.36506
427 0.36434
428 0.36362
429 0.36291
430 0.36220
431 0.36150
432 0.36080
433 0.36011
434 0.35942
435 0.35873
436 0.35806
437 0.35738
438 0.35671
439 0.35605
440 0.35539
441 0.35473
442 0.35408
443 0.35344
444 0.35280
445 0.35216
446 0.35153
447 0.35090
448 0.35028
449 0.34966
450 0.34905
451 0.34845
452 0.34784
453 0.34724
454 0.34665
455 0.34606
456 0.34548
457 0.34490
458 0.34433
459 0.34376
460 0.34319
461 0.34263
462 0.34207
463 0.34152
464 0.34098
465 0.34043
466 0.33990
467 0.33936
468 0.33884
469 0.33831
470 0.33779
471 0.33728
472 0.33677
473 0.33627
474 0.33577
475 0.33527
476 0.33478
477 0.33429
478 0.33381
479 0.33333
480 0.33286
481 0.33239
482 0.33193
483 0.33147
484 0.33102
485 0.33057
486 0.33012
487 0.32968
488 0.32925
489 0.32881
490 0.32839
491 0.32796
492 0.32755
493 0.32713
494 0.32673
495 0.32632
496 0.32592
497 0.32553
498 0.32514
499 0.32475
500 0.32437
501 0.32399
502 0.32362
503 0.32325
504 0.32289
505 0.32253
506 0.32218
507 0.32183
508 0.32148
509 0.32114
510 0.32080
511 0.32047
512 0.32015
513 0.31982
514 0.31951
515 0.31919
516 0.31888
517 0.31858
518 0.31828
519 0.31798
520 0.31769
521 0.31741
522 0.31713
523 0.31685
524 0.31658
525 0.31631
526 0.31605
527 0.31579
528 0.31553
529 0.31528
530 0.31504
531 0.31480
532 0.31456
533 0.31433
534 0.31410
535 0.31388
536 0.31366
537 0.31345
538 0.31324
539 0.31304
540 0.31284
541 0.31264
542 0.31245
543 0.31227
544 0.31209
545 0.31191
546 0.31174
547 0.31157
548 0.31141
549 0.31125
550 0.31110
551 0.31095
552 0.31081
553 0.31067
554 0.31053
555 0.31040
556 0.31028
557 0.31016
558 0.31004
559 0.30993
560 0.30982
561 0.30972
562 0.30963
563 0.30953
564 0.30945
565 0.30936
566 0.30929
567 0.30921
568 0.30914
569 0.30908
570 0.30902
571 0.30897
572 0.30892
573 0.30887
574 0.30883
575 0.30880
576 0.30877
577 0.30875
578 0.30873
579 0.30871
580 0.30870
581 0.30869
582 0.30869
583 0.30870
584 0.30871
585 0.30872
586 0.30874
587 0.30877
588 0.30880
589 0.30883
590 0.30887
591 0.30892
592 0.30897
593 0.30902
594 0.30908
595 0.30915
596 0.30922
597 0.30929
598 0.30937
599 0.30946
600 0.30955
601 0.30964
602 0.30974
603 0.30985
604 0.30996
605 0.31008
606 0.31020
607 0.31033
608 0.31046
609 0.31060
610 0.31075
611 0.31089
612 0.31105
613 0.31121
614 0.31137
615 0.31155
616 0.31172
617 0.31190
618 0.31209
619 0.31228
620 0.31248
621 0.31269
622 0.31290
623 0.31311
624 0.31333
625 0.31356
626 0.31379
627 0.31403
628 0.31428
629 0.31453
630 0.31478
631 0.31504
632 0.31531
633 0.31558
634 0.31586
635 0.31615
636 0.31644
637 0.31674
638 0.31704
639 0.31735
640 0.31767
641 0.31799
642 0.31832
643 0.31865
644 0.31899
645 0.31934
646 0.31969
647 0.32005
648 0.32042
649 0.32079
650 0.32117
651 0.32155
652 0.32194
653 0.32234
654 0.32275
655 0.32316
656 0.32358
657 0.32400
658 0.32443
659 0.32487
660 0.32532
661 0.32577
662 0.32623
663 0.32669
664 0.32716
665 0.32764
666 0.32813
667 0.32862
668 0.32913
669 0.32963
670 0.33015
671 0.33067
672 0.33120
673 0.33174
674 0.33228
675 0.33283
676 0.33339
677 0.33396
678 0.33454
679 0.33512
680 0.33571
681 0.33631
682 0.33691
683 0.33752
684 0.33815
685 0.33878
686 0.33941
687 0.34006
688 0.34071
689 0.34137
690 0.34204
691 0.34272
692 0.34341
693 0.34410
694 0.34480
695 0.34552
696 0.34624
697 0.34697
698 0.34770
699 0.34845
700 0.34920
701 0.34997
702 0.35074
703 0.35152
704 0.35231
705 0.35312
706 0.35392
707 0.35474
708 0.35557
709 0.35641
710 0.35726
711 0.35811
712 0.35898
713 0.35985
714 0.36074
715 0.36164
716 0.36254
717 0.36346
718 0.36438
719 0.36532
720 0.36627
721 0.36722
722 0.36819
723 0.36917
724 0.37015
725 0.37115
726 0.37216
727 0.37318
728 0.37421
729 0.37526
730 0.37631
731 0.37737
732 0.37845
733 0.37954
734 0.38064
735 0.38175
736 0.38287
737 0.38400
738 0.38515
739 0.38631
740 0.38748
741 0.38866
742 0.38985
743 0.39106
744 0.39228
745 0.39351
746 0.39476
747 0.39601
748 0.39728
749 0.39857
750 0.39986
751 0.40118
752 0.40250
753 0.40384
754 0.40519
755 0.40655
756 0.40793
757 0.40932
758 0.41073
759 0.41215
760 0.41359
761 0.41504
762 0.41650
763 0.41798
764 0.41948
765 0.42099
766 0.42251
767 0.42405
768 0.42561
769 0.42718
770 0.42877
771 0.43037
772 0.43199
773 0.43362
774 0.43528
775 0.43695
776 0.43863
777 0.44033
778 0.44205
779 0.44379
780 0.44555
781 0.44732
782 0.44911
783 0.45092
784 0.45274
785 0.45459
786 0.45645
787 0.45833
788 0.46023
789 0.46215
790 0.46409
791 0.46605
792 0.46802
793 0.47002
794 0.47204
795 0.47408
796 0.47614
797 0.47821
798 0.48031
799 0.48243
800 0.48458
801 0.48674
802 0.48892
803 0.49113
804 0.49336
805 0.49561
806 0.49789
807 0.50018
808 0.50250
809 0.50485
810 0.50722
811 0.50961
812 0.51202
813 0.51446
814 0.51693
815 0.51941
816 0.52193
817 0.52447
818 0.52703
819 0.52963
820 0.53224
821 0.53489
822 0.53756
823 0.54026
824 0.54298
825 0.54573
826 0.54852
827 0.55132
828 0.55416
829 0.55703
830 0.55993
831 0.56285
832 0.56581
833 0.56879
834 0.57181
835 0.57486
836 0.57794
837 0.58105
838 0.58419
839 0.58736
840 0.59057
841 0.59381
842 0.59709
843 0.60039
844 0.60374
845 0.60711
846 0.61052
847 0.61397
848 0.61745
849 0.62097
850 0.62453
851 0.62812
852 0.63175
853 0.63542
854 0.63912
855 0.64287
856 0.64665
857 0.65048
858 0.65434
859 0.65825
860 0.66219
861 0.66618
862 0.67021
863 0.67428
864 0.67840
865 0.68256
866 0.68676
867 0.69101
868 0.69531
869 0.69964
870 0.70403
871 0.70846
872 0.71294
873 0.71747
874 0.72205
875 0.72667
876 0.73135
877 0.73607
878 0.74085
879 0.74568
880 0.75056
881 0.75549
882 0.76048
883 0.76552
884 0.77062
885 0.77577
886 0.78098
887 0.78625
888 0.79157
889 0.79695
890 0.80239
891 0.80789
892 0.81345
893 0.81908
894 0.82476
895 0.83051
896 0.83632
897 0.84220
898 0.84814
899 0.85415
900 0.86022
901 0.86636
902 0.87258
903 0.87886
904 0.88521
905 0.89163
906 0.89813
907 0.90470
908 0.91134
909 0.91806
910 0.92486
911 0.93173
912 0.93726
913 0.93793
914 0.93869
915 0.93942
916 0.93993
917 0.94020
918 0.94055
919 0.94097
920 0.94150
921 0.94217
922 0.94209
923 0.94200
924 0.94287
925 0.94278
926 0.94270
927 0.94385
928 0.94376
929 0.94368
930 0.94359
931 0.94517
932 0.94508
933 0.94500
934 0.94492
935 0.94484
936 0.94476
937 0.94467
938 0.94693
939 0.94685
940 0.94677
941 0.94669
942 0.94661
943 0.94654
944 0.94646
945 0.94638
946 0.94630
947 0.94622
948 0.94614
949 0.94606
950 0.94953
951 0.94946
952 0.94938
953 0.94931
954 0.94924
955 0.94916
956 0.94909
957 0.94901
958 0.94894
959 0.94886
960 0.94879
961 0.94872
962 0.94864
963 0.94857
964 0.94849
965 0.94842
966 0.94834
967 0.94827
968 0.94820
969 0.94812
970 0.94805
971 0.94797
972 0.94790
973 0.95387
974 0.95380
975 0.95374
976 0.95367
977 0.95360
978 0.95354
979 0.95347
980 0.95340
981 0.95334
982 0.95327
983 0.95320
984 0.95314
985 0.95307
986 0.95301
987 0.95294
988 0.95287
989 0.95281
990 0.95274
991 0.95267
992 0.95261
993 0.95254
994 0.95247
995 0.95241
996 0.95234
997 0.95227
998 0.95221
999 0.95214
1000 0.95207
1001 0.95200
1002 0.95194
1003 0.95187
1004 0.95180
1005 0.95174
1006 0.95167
1007 0.95160
1008 0.95154
1009 0.95147
1010 0.95140
1011 0.95133
1012 0.95127
1013 0.95120
1014 0.95113
1015 0.95107
1016 0.95100
1017 0.95093
1018 0.95086
1019 0.95080
1020 0.95073
1021 0.95066
1022 0.95059
1023 0.95053
1024 0.95046
1025 0.95039
1026 0.96307
1027 0.96302
1028 0.96297
1029 0.96292
1030 0.96287
1031 0.96282
1032 0.96277
1033 0.96271
1034 0.96266
1035 0.96261
1036 0.96256
1037 0.96251
1038 0.96246
1039 0.96241
1040 0.96236
1041 0.96231
1042 0.96226
1043 0.96221
1044 0.96216
1045 0.96211
1046 0.96205
1047 0.96200
1048 0.96195
1049 0.96190
1050 0.96185
1051 0.96180
1052 0.96175
1053 0.96170
1054 0.96165
1055 0.96160
1056 0.96154
1057 0.96149
1058 0.96144
1059 0.96139
1060 0.96134
1061 0.96129
1062 0.96124
1063 0.96119
1064 0.96114
1065 0.96108
1066 0.96103
1067 0.96098
1068 0.96093
1069 0.96088
1070 0.96083
1071 0.96078
1072 0.96073
1073 0.96067
1074 0.96062
1075 0.96057
1076 0.96052
1077 0.96047
1078 0.96042
1079 0.96037
1080 0.96031
1081 0.96026
1082 0.96021
1083 0.96016
1084 0.96011
1085 0.96006
1086 0.96001
1087 0.95995
1088 0.95990
1089 0.95985
1090 0.95980
1091 0.95975
1092 0.95970
1093 0.95964
1094 0.95959
1095 0.95954
1096 0.95949
1097 0.95944
1098 0.95938
1099 0.95933
1100 0.95928
1101 0.95923
1102 0.95918
1103 0.95913
1104 0.95907
1105 0.95902
1106 0.95897
1107 0.95892
1108 0.95887
1109 0.95881
1110 0.95876
1111 0.95871
1112 0.95866
1113 0.95861
1114 0.95855
1115 0.95850
1116 0.95845
1117 0.95840
1118 0.95835
1119 0.95829
1120 0.95824
1121 0.95819
1122 0.95814
1123 0.95808
1124 0.95803
1125 0.95798
1126 0.95793
1127 0.95787
1128 0.95782
1129 0.95777
1130 0.95772
1131 0.95767
1132 0.95761
1133 0.95756
1134 0.95751
1135 0.95746
1136 0.95740
1137 0.95735
1138 0.95730
1139 0.95725
1140 0.95719
1141 0.95714
1142 0.95709
1143 0.95704
1144 0.95698
1145 0.95693
1146 0.95688
1147 0.95683
1148 0.95677
1149 0.95672
1150 0.95667
1151 0.95661
1152 0.95656
1153 0.95651
1154 0.95646
1155 0.95640
1156 0.95635
1157 0.95630
1158 0.95625
1159 0.95619
1160 0.95614
1161 0.95609
1162 0.95603
1163 0.95598
1164 0.95593
1165 0.95587
1166 0.95582
1167 0.95577
1168 0.95572
1169 0.95566
1170 0.95561
1171 0.95556
1172 0.95550
1173 0.95545
1174 0.95540
1175 0.95534
1176 0.95529
1177 0.95524
1178 0.95519
1179 0.95513
1180 0.95508
1181 0.95503
1182 0.95497
1183 0.95492
1184 0.95487
1185 0.95481
1186 0.95476
1187 0.95471
1188 0.95465
1189 0.95460
1190 0.95455
1191 0.95449
1192 0.95444
1193 0.95439
1194 0.95433
1195 0.95428
1196 0.95423
1197 0.95417
1198 0.95412
1199 0.95407
1200 0.95401
1201 0.95396
1202 0.95390
1203 0.95385
1204 0.95380
1205 0.95374
1206 0.95369
1207 0.95364
1208 0.95358
1209 0.95353
1210 0.95348
1211 0.95342
1212 0.95337
1213 0.95331
1214 0.95326
1215 0.95321
1216 1.00000
