17 0.85753
18 0.84567
19 0.83363
20 0.82144
21 0.80912
22 0.79669
23 0.78416
24 0.77155
25 0.75888
26 0.74616
27 0.73341
28 0.72065
29 0.70788
30 0.69511
31 0.68237
32 0.66966
33 0.65699
34 0.64437
35 0.63181
36 0.61933
37 0.60692
38 0.59459
39 0.58237
40 0.57024
41 0.55822
42 0.54631
43 0.53453
44 0.52287
45 0.51133
46 0.49994
47 0.48868
48 0.47756
49 0.46659
50 0.45577
51 0.44509
52 0.43458
53 0.42421
54 0.41401
55 0.40397
56 0.39409
57 0.38437
58 0.37481
59 0.36542
60 0.35619
61 0.34713
62 0.33823
63 0.32950
64 0.32094
65 0.31254
66 0.30430
67 0.29623
68 0.28832
69 0.28057
70 0.27298
71 0.26555
72 0.25828
73 0.25117
74 0.24421
75 0.23741
76 0.23076
77 0.22426
78 0.21791
79 0.21170
80 0.20564
81 0.19973
82 0.19395
83 0.18832
84 0.18282
85 0.17746
86 0.17223
87 0.16713
88 0.16216
89 0.15731
90 0.15259
91 0.14799
92 0.14351
93 0.13915
94 0.13490
95 0.13077
96 0.12675
97 0.12284
98 0.11903
99 0.11532
100 0.11172
101 0.10822
102 0.10482
103 0.10151
104 0.09829
105 0.09517
106 0.09214
107 0.08919
108 0.08633
109 0.08355
110 0.08085
111 0.07823
112 0.07569
113 0.07322
114 0.07083
115 0.06851
116 0.06625
117 0.06407
118 0.06195
119 0.05990
120 0.05791
121 0.05598
122 0.05411
123 0.05230
124 0.05054
125 0.04884
126 0.04719
127 0.04560
128 0.04405
129 0.04256
130 0.04111
131 0.03971
132 0.03835
133 0.03704
134 0.03577
135 0.03454
136 0.03335
137 0.03219
138 0.03108
139 0.03000
140 0.02896
141 0.02795
142 0.02698
143 0.02604
144 0.02513
145 0.02425
146 0.02340
147 0.02257
148 0.02178
149 0.02101
150 0.02027
151 0.01955
152 0.01886
153 0.01819
154 0.01755
155 0.01692
156 0.01632
157 0.01574
158 0.01518
159 0.01464
160 0.01411
161 0.01361
162 0.01312
163 0.01265
164 0.01219
165 0.01175
166 0.01133
167 0.01092
168 0.01053
169 0.01015
170 0.00978
171 0.00943
172 0.00909
173 0.00876
174 0.00844
175 0.00813
176 0.00784
177 0.00755
178 0.00728
179 0.00701
180 0.00676
181 0.00651
182 0.00627
183 0.00604
184 0.00582
185 0.00561
186 0.00541
187 0.00521
188 0.00502
189 0.00483
190 0.00466
191 0.00449
192 0.00432
193 0.00416
194 0.00401
195 0.00386
196 0.00372
197 0.00358
198 0.00345
199 0.00333
200 0.00320
201 0.00309
202 0.00297
203 0.00286
204 0.00276
205 0.00266
206 0.00256
207 0.00246
208 0.00237
209 0.00229
210 0.00220
211 0.00212
212 0.00204
213 0.00197
214 0.00190
215 0.00183
216 0.00176
217 0.00169
218 0.00163
219 0.00157
220 0.00151
221 0.00146
222 0.00141
223 0.00135
224 0.00130
225 0.00126
226 0.00121
227 0.00117
228 0.00112
229 0.00108
230 0.00104
231 0.00100
232 0.00097
233 0.00093
234 0.00090
235 0.00087
236 0.00083
237 0.00080
238 0.00077
239 0.00075
240 0.00072
241 0.00069
242 0.00067
243 0.00064
244 0.00062
245 0.00060
246 0.00058
247 0.00055
248 0.00053
249 0.00052
250 0.00050
251 0.00048
252 0.00046
253 0.00044
254 0.00043
255 0.00041
256 0.00040
257 0.00038
258 0.00037
259 0.00036
260 0.00034
261 0.00033
262 0.00032
263 0.00031
264 0.00030
265 0.00029
266 0.00028
267 0.00027
268 0.00026
269 0.00025
270 0.00024
271 0.00023
272 0.00022
273 0.00022
274 0.00021
275 0.00020
276 0.00019
277 0.00019
278 0.00018
279 0.00017
280 0.00017
281 0.00016
282 0.00016
283 0.00015
284 0.00015
285 0.00014
286 0.00014
287 0.00013
288 0.00013
289 0.00012
290 0.00012
291 0.00011
292 0.00011
293 0.00011
294 0.00010
295 0.00010
296 0.00010
297 0.00009
298 0.00009
299 0.00009
300 0.00008
301 0.00008
302 0.00008
303 0.00008
304 0.00007
305 0.00007
306 0.00007
307 0.00007
308 0.00006
309 0.00006
310 0.00006
311 0.00006
312 0.00006
313 0.00005
314 0.00005
315 0.00005
316 0.00005
317 0.00005
318 0.00005
319 0.00004
320 0.00004
321 0.00004
322 0.00004
323 0.00004
324 0.00004
325 0.00004
326 0.00003
327 0.00003
328 0.00003
329 0.00003
330 0.00003
331 0.00003
332 0.00003
333 0.00003
334 0.00003
335 0.00003
336 0.00003
337 0.00002
338 0.00002
339 0.00002
340 0.00002
341 0.00002
342 0.00002
343 0.00002
344 0.00002
345 0.00002
346 0.00002
347 0.00002
348 0.00002
349 0.00002
350 0.00002
351 0.00002
352 0.00002
353 0.00001
354 0.00001
355 0.00001
356 0.00001
357 0.00001
358 0.00001
359 0.00001
360 0.00001
361 0.00001
362 0.00001
363 0.00001
364 0.00001
365 0.00001
366 0.00001
367 0.00001
368 0.00001
369 0.00001
370 0.00001
371 0.00001
372 0.00001
373 0.00001
374 0.00001
375 0.00001
376 0.00001
377 0.00001
378 0.00001
379 0.00001
380 0.00001
381 0.00001
382 0.00001
383 0.00001
384 0.00001
385 0.00001
386 0.00001
387 0.00001
388 0.00001
389 0.00001
390 0.00001
391 0.00001
392 0.00000
393 0.00000
394 0.00000
395 0.00000
396 0.00000
397 0.00000
398 0.00000
399 0.00000
400 0.00000
401 0.00000
402 0.00000
403 0.00000
404 0.00000
405 0.00000
406 0.00000
407 0.00000
408 0.00000
409 0.00000
410 0.00000
411 0.00000
412 0.00000
413 0.00000
414 0.00000
415 0.00000
416 0.00000
417 0.00000
418 0.00000
419 0.00000
420 0.00000
421 0.00000
422 0.00000
423 0.00000
424 0.00000
425 0.00000
426 0.00000
427 0.00000
428 0.00000
429 0.00000
430 0.00000
431 0.00000
432 0.00000
433 0.00000
434 0.00000
435 0.00000
436 0.00000
437 0.00000
438 0.00000
439 0.00000
440 0.00000
441 0.00000
442 0.00000
443 0.00000
444 0.00000
445 0.00000
446 0.00000
447 0.00000
448 0.00000
449 0.00000
450 0.00000
451 0.00000
452 0.00000
453 0.00000
454 0.00000
455 0.00000
456 0.00000
457 0.00000
458 0.00000
459 0.00000
460 0.00000
461 0.00000
462 0.00000
463 0.00000
464 0.00000
465 0.00000
466 0.00000
467 0.00000
468 0.00000
469 0.00000
470 0.00000
471 0.00000
472 0.00000
473 0.00000
474 0.00000
475 0.00000
476 0.00000
477 0.00000
478 0.00000
479 0.00000
480 0.00000
481 0.00000
482 0.00000
483 0.00000
484 0.00000
485 0.00000
486 0.00000
487 0.00000
488 0.00000
489 0.00000
490 0.00000
491 0.00000
492 0.00000
493 0.00000
494 0.00000
495 0.00000
496 0.00000
497 0.00000
498 0.00000
499 0.00000
500 0.00000
501 0.00000
502 0.00000
503 0.00000
504 0.00000
505 0.00000
506 0.00000
507 0.00000
508 0.00000
509 0.00000
510 0.00000
511 0.00000
512 0.00000
513 0.00000
514 0.00000
515 0.00000
516 0.00000
517 0.00000
518 0.00000
519 0.00000
520 0.00000
521 0.00000
522 0.00000
523 0.00000
524 0.00000
525 0.00000
526 0.00000
527 0.00000
528 0.00000
529 0.00000
530 0.00000
531 0.00000
532 0.00000
533 0.00000
534 0.00000
535 0.00000
536 0.00000
537 0.00000
538 0.00000
539 0.00000
540 0.00000
541 0.00000
542 0.00000
543 0.00000
544 0.00000
545 0.00000
546 0.00000
547 0.00000
548 0.00000
549 0.00000
550 0.00000
551 0.00000
552 0.00000
553 0.00000
554 0.00000
555 0.00000
556 0.00000
557 0.00000
558 0.00000
559 0.00000
560 0.00000
561 0.00000
562 0.00000
563 0.00000
564 0.00000
565 0.00000
566 0.00000
567 0.00000
568 0.00000
569 0.00000
570 0.00000
571 0.00000
572 0.00000
573 0.00000
574 0.00000
575 0.00000
576 0.00000
577 0.00000
578 0.00000
579 0.00000
580 0.00000
581 0.00000
582 0.00000
583 0.00000
584 0.00000
585 0.00000
586 0.00000
587 0.00000
588 0.00000
589 0.00000
590 0.00000
591 0.00000
592 0.00000
593 0.00000
594 0.00000
595 0.00000
596 0.00000
597 0.00000
598 0.00000
599 0.00000
600 0.00000
601 0.00000
602 0.00000
603 0.00000
604 0.00000
605 0.00000
606 0.00000
607 0.00000
608 0.00000
609 0.00000
610 0.00000
611 0.00000
612 0.00000
613 0.00000
614 0.00000
615 0.00000
616 0.00000
617 0.00000
618 0.00000
619 0.00000
620 0.00000
621 0.00000
622 0.00000
623 0.00000
624 0.00000
625 0.00000
626 0.00000
627 0.00000
628 0.00000
629 0.00000
630 0.00000
631 0.00000
632 0.00000
633 0.00000
634 0.00000
635 0.00000
636 0.00000
637 0.00000
638 0.00000
639 0.00000
640 0.00000
641 0.00000
642 0.00000
643 0.00000
644 0.00000
645 0.00000
646 0.00000
647 0.00000
648 0.00000
649 0.00000
650 0.00000
651 0.00000
652 0.00000
653 0.00000
654 0.00000
655 0.00000
656 0.00000
657 0.00000
658 0.00000
659 0.00000
660 0.00000
661 0.00000
662 0.00000
663 0.00000
664 0.00000
665 0.00000
666 0.00000
667 0.00000
668 0.00000
669 0.00000
670 0.00000
671 0.00000
672 0.00000
673 0.00000
674 0.00000
675 0.00000
676 0.00000
677 0.00000
678 0.00000
679 0.00000
680 0.00000
681 0.00000
682 0.00000
683 0.00000
684 0.00000
685 0.00000
686 0.00000
687 0.00000
688 0.00000
689 0.00000
690 0.00000
691 0.00000
692 0.00000
693 0.00000
694 0.00000
695 0.00000
696 0.00000
697 0.00000
698 0.00000
699 0.00000
700 0.00000
701 0.00000
702 0.00000
703 0.00000
704 0.00000
705 0.00000
706 0.00000
707 0.00000
708 0.00000
709 0.00000
710 0.00000
711 0.00000
712 0.00000
713 0.00000
714 0.00000
715 0.00000
716 0.00000
717 0.00000
718 0.00000
719 0.00000
720 0.00000
721 0.00000
722 0.00000
723 0.00000
724 0.00000
725 0.00000
726 0.00000
727 0.00000
728 0.00001
729 0.00001
730 0.00001
731 0.00001
732 0.00001
733 0.00001
734 0.00001
735 0.00001
736 0.00001
737 0.00001
738 0.00001
739 0.00001
740 0.00001
741 0.00001
742 0.00001
743 0.00001
744 0.00001
745 0.00001
746 0.00001
747 0.00001
748 0.00001
749 0.00001
750 0.00001
751 0.00001
752 0.00001
753 0.00001
754 0.00001
755 0.00001
756 0.00001
757 0.00002
758 0.00002
759 0.00002
760 0.00002
761 0.00002
762 0.00002
763 0.00002
764 0.00002
765 0.00002
766 0.00002
767 0.00002
768 0.00002
769 0.00003
770 0.00003
771 0.00003
772 0.00003
773 0.00003
774 0.00003
775 0.00003
776 0.00003
777 0.00004
778 0.00004
779 0.00004
780 0.00004
781 0.00004
782 0.00005
783 0.00005
784 0.00005
785 0.00005
786 0.00006
787 0.00006
788 0.00006
789 0.00006
790 0.00007
791 0.00007
792 0.00007
793 0.00008
794 0.00008
795 0.00009
796 0.00009
797 0.00010
798 0.00010
799 0.00011
800 0.00011
801 0.00012
802 0.00012
803 0.00013
804 0.00014
805 0.00015
806 0.00015
807 0.00016
808 0.00017
809 0.00018
810 0.00019
811 0.00020
812 0.00021
813 0.00022
814 0.00024
815 0.00025
816 0.00027
817 0.00028
818 0.00030
819 0.00032
820 0.00033
821 0.00035
822 0.00037
823 0.00040
824 0.00042
825 0.00045
826 0.00047
827 0.00050
828 0.00053
829 0.00057
830 0.00060
831 0.00064
832 0.00068
833 0.00072
834 0.00077
835 0.00082
836 0.00087
837 0.00092
838 0.00098
839 0.00105
840 0.00112
841 0.00119
842 0.00127
843 0.00135
844 0.00144
845 0.00153
846 0.00164
847 0.00175
848 0.00186
849 0.00199
850 0.00213
851 0.00227
852 0.00243
853 0.00259
854 0.00277
855 0.00297
856 0.00317
857 0.00340
858 0.00364
859 0.00389
860 0.00417
861 0.00447
862 0.00479
863 0.00513
864 0.00550
865 0.00590
866 0.00633
867 0.00679
868 0.00729
869 0.00783
870 0.00841
871 0.00904
872 0.00971
873 0.01044
874 0.01123
875 0.01208
876 0.01299
877 0.01399
878 0.01506
879 0.01621
880 0.01747
881 0.01882
882 0.02028
883 0.02187
884 0.02359
885 0.02544
886 0.02746
887 0.02964
888 0.03200
889 0.03456
890 0.03734
891 0.04035
892 0.04361
893 0.04716
894 0.05101
895 0.05519
896 0.05973
897 0.06466
898 0.07002
899 0.07584
900 0.08217
901 0.08906
902 0.09655
903 0.10471
904 0.11359
905 0.12325
906 0.13378
907 0.14525
908 0.15774
909 0.17137
910 0.18622
911 0.20242
912 0.21616
913 0.22083
914 0.22628
915 0.23174
916 0.23537
917 0.23713
918 0.23945
919 0.24252
920 0.24658
921 0.25198
922 0.25056
923 0.24915
924 0.25644
925 0.25503
926 0.25361
927 0.26370
928 0.26228
929 0.26087
930 0.25945
931 0.27389
932 0.27247
933 0.27105
934 0.26963
935 0.26821
936 0.26680
937 0.26539
938 0.28711
939 0.28569
940 0.28427
941 0.28285
942 0.28144
943 0.28003
944 0.27862
945 0.27721
946 0.27580
947 0.27439
948 0.27298
949 0.27158
950 0.30684
951 0.30543
952 0.30402
953 0.30262
954 0.30121
955 0.29981
956 0.29840
957 0.29700
958 0.29560
959 0.29420
960 0.29280
961 0.29141
962 0.29001
963 0.28861
964 0.28722
965 0.28583
966 0.28444
967 0.28305
968 0.28166
969 0.28027
970 0.27888
971 0.27750
972 0.27611
973 0.34104
974 0.33966
975 0.33828
976 0.33690
977 0.33553
978 0.33415
979 0.33278
980 0.33140
981 0.33003
982 0.32866
983 0.32729
984 0.32592
985 0.32455
986 0.32318
987 0.32182
988 0.32045
989 0.31908
990 0.31772
991 0.31636
992 0.31500
993 0.31364
994 0.31228
995 0.31092
996 0.30956
997 0.30820
998 0.30684
999 0.30549
1000 0.30413
1001 0.30278
1002 0.30143
1003 0.30007
1004 0.29872
1005 0.29737
1006 0.29602
1007 0.29467
1008 0.29332
1009 0.29197
1010 0.29063
1011 0.28928
1012 0.28793
1013 0.28659
1014 0.28524
1015 0.28390
1016 0.28255
1017 0.28121
1018 0.27986
1019 0.27852
1020 0.27718
1021 0.27584
1022 0.27449
1023 0.27315
1024 0.27181
1025 0.27047
1026 0.42322
1027 0.42194
1028 0.42066
1029 0.41938
1030 0.41811
1031 0.41683
1032 0.41555
1033 0.41428
1034 0.41300
1035 0.41173
1036 0.41045
1037 0.40918
1038 0.40791
1039 0.40664
1040 0.40537
1041 0.40410
1042 0.40283
1043 0.40156
1044 0.40029
1045 0.39902
1046 0.39776
1047 0.39649
1048 0.39523
1049 0.39396
1050 0.39270
1051 0.39144
1052 0.39017
1053 0.38891
1054 0.38765
1055 0.38639
1056 0.38514
1057 0.38388
1058 0.38262
1059 0.38137
1060 0.38011
1061 0.37886
1062 0.37761
1063 0.37636
1064 0.37511
1065 0.37386
1066 0.37261
1067 0.37136
1068 0.37011
1069 0.36887
1070 0.36762
1071 0.36638
1072 0.36514
1073 0.36389
1074 0.36265
1075 0.36141
1076 0.36018
1077 0.35894
1078 0.35770
1079 0.35647
1080 0.35523
1081 0.35400
1082 0.35277
1083 0.35154
1084 0.35031
1085 0.34908
1086 0.34785
1087 0.34662
1088 0.34540
1089 0.34418
1090 0.34295
1091 0.34173
1092 0.34051
1093 0.33929
1094 0.33807
1095 0.33685
1096 0.33564
1097 0.33442
1098 0.33321
1099 0.33200
1100 0.33079
1101 0.32958
1102 0.32837
1103 0.32716
1104 0.32595
1105 0.32475
1106 0.32354
1107 0.32234
1108 0.32114
1109 0.31994
1110 0.31874
1111 0.31754
1112 0.31634
1113 0.31514
1114 0.31395
1115 0.31275
1116 0.31156
1117 0.31037
1118 0.30918
1119 0.30799
1120 0.30680
1121 0.30562
1122 0.30443
1123 0.30325
1124 0.30206
1125 0.30088
1126 0.29970
1127 0.29852
1128 0.29734
1129 0.29616
1130 0.29499
1131 0.29381
1132 0.29264
1133 0.29146
1134 0.29029
1135 0.28912
1136 0.28795
1137 0.28678
1138 0.28561
1139 0.28444
1140 0.28328
1141 0.28211
1142 0.28095
1143 0.27978
1144 0.27862
1145 0.27746
1146 0.27630
1147 0.27514
1148 0.27398
1149 0.27282
1150 0.27167
1151 0.27051
1152 0.26935
1153 0.26820
1154 0.26704
1155 0.26589
1156 0.26474
1157 0.26359
1158 0.26244
1159 0.26129
1160 0.26014
1161 0.25899
1162 0.25784
1163 0.25669
1164 0.25554
1165 0.25439
1166 0.25325
1167 0.25210
1168 0.25096
1169 0.24981
1170 0.24867
1171 0.24752
1172 0.24638
1173 0.24523
1174 0.24409
1175 0.24295
1176 0.24180
1177 0.24066
1178 0.23952
1179 0.23837
1180 0.23723
1181 0.23609
1182 0.23494
1183 0.23380
1184 0.23266
1185 0.23151
1186 0.23037
1187 0.22923
1188 0.22808
1189 0.22694
1190 0.22579
1191 0.22465
1192 0.22350
1193 0.22236
1194 0.22121
1195 0.22007
1196 0.21892
1197 0.21777
1198 0.21662
1199 0.21547
1200 0.21432
1201 0.21317
1202 0.21202
1203 0.21087
1204 0.20972
1205 0.20857
1206 0.20741
1207 0.20626
1208 0.20510
1209 0.20394
1210 0.20278
1211 0.20163
1212 0.20047
1213 0.19930
1214 0.19814
1215 0.19698
1216 1.00000
