17 0.96661
18 0.96370
19 0.96073
20 0.95769
21 0.95458
22 0.95142
23 0.94820
24 0.94493
25 0.94160
26 0.93823
27 0.93480
28 0.93133
29 0.92782
30 0.92426
31 0.92067
32 0.91703
33 0.91336
34 0.90966
35 0.90592
36 0.90215
37 0.89835
38 0.89452
39 0.89066
40 0.88678
41 0.88287
42 0.87894
43 0.87498
44 0.87101
45 0.86701
46 0.86300
47 0.85897
48 0.85492
49 0.85085
50 0.84677
51 0.84268
52 0.83857
53 0.83446
54 0.83033
55 0.82619
56 0.82204
57 0.81789
58 0.81373
59 0.80956
60 0.80538
61 0.80120
62 0.79701
63 0.79283
64 0.78863
65 0.78444
66 0.78025
67 0.77605
68 0.77185
69 0.76766
70 0.76346
71 0.75927
72 0.75507
73 0.75089
74 0.74670
75 0.74252
76 0.73834
77 0.73416
78 0.73000
79 0.72583
80 0.72168
81 0.71753
82 0.71339
83 0.70925
84 0.70512
85 0.70100
86 0.69689
87 0.69279
88 0.68870
89 0.68462
90 0.68055
91 0.67649
92 0.67243
93 0.66840
94 0.66437
95 0.66035
96 0.65635
97 0.65236
98 0.64838
99 0.64441
100 0.64046
101 0.63652
102 0.63259
103 0.62868
104 0.62478
105 0.62090
106 0.61703
107 0.61318
108 0.60934
109 0.60551
110 0.60171
111 0.59791
112 0.59413
113 0.59037
114 0.58663
115 0.58290
116 0.57919
117 0.57549
118 0.57181
119 0.56815
120 0.56450
121 0.56087
122 0.55726
123 0.55366
124 0.55009
125 0.54653
126 0.54298
127 0.53946
128 0.53595
129 0.53246
130 0.52899
131 0.52554
132 0.52210
133 0.51868
134 0.51528
135 0.51190
136 0.50854
137 0.50519
138 0.50186
139 0.49855
140 0.49526
141 0.49199
142 0.48874
143 0.48550
144 0.48228
145 0.47909
146 0.47591
147 0.47274
148 0.46960
149 0.46648
150 0.46337
151 0.46028
152 0.45721
153 0.45416
154 0.45113
155 0.44812
156 0.44512
157 0.44214
158 0.43919
159 0.43625
160 0.43332
161 0.43042
162 0.42754
163 0.42467
164 0.42182
165 0.41899
166 0.41618
167 0.41338
168 0.41061
169 0.40785
170 0.40511
171 0.40239
172 0.39968
173 0.39700
174 0.39433
175 0.39168
176 0.38905
177 0.38643
178 0.38383
179 0.38125
180 0.37869
181 0.37615
182 0.37362
183 0.37111
184 0.36862
185 0.36614
186 0.36368
187 0.36124
188 0.35881
189 0.35641
190 0.35402
191 0.35164
192 0.34928
193 0.34694
194 0.34462
195 0.34231
196 0.34002
197 0.33775
198 0.33549
199 0.33325
200 0.33102
201 0.32881
202 0.32662
203 0.32444
204 0.32228
205 0.32013
206 0.31800
207 0.31588
208 0.31378
209 0.31170
210 0.30963
211 0.30758
212 0.30554
213 0.30351
214 0.30151
215 0.29951
216 0.29753
217 0.29557
218 0.29362
219 0.29169
220 0.28977
221 0.28786
222 0.28597
223 0.28410
224 0.28223
225 0.28039
226 0.27855
227 0.27673
228 0.27493
229 0.27313
230 0.27135
231 0.26959
232 0.26784
233 0.26610
234 0.26438
235 0.26266
236 0.26097
237 0.25928
238 0.25761
239 0.25595
240 0.25430
241 0.25267
242 0.25105
243 0.24944
244 0.24785
245 0.24627
246 0.24470
247 0.24314
248 0.24159
249 0.24006
250 0.23854
251 0.23703
252 0.23553
253 0.23405
254 0.23257
255 0.23111
256 0.22966
257 0.22822
258 0.22679
259 0.22538
260 0.22397
261 0.22258
262 0.22120
263 0.21982
264 0.21846
265 0.21711
266 0.21578
267 0.21445
268 0.21313
269 0.21183
270 0.21053
271 0.20924
272 0.20797
273 0.20670
274 0.20545
275 0.20421
276 0.20297
277 0.20175
278 0.20053
279 0.19933
280 0.19813
281 0.19695
282 0.19577
283 0.19461
284 0.19345
285 0.19231
286 0.19117
287 0.19004
288 0.18892
289 0.18781
290 0.18671
291 0.18562
292 0.18454
293 0.18347
294 0.18240
295 0.18135
296 0.18030
297 0.17926
298 0.17823
299 0.17721
300 0.17620
301 0.17520
302 0.17420
303 0.17322
304 0.17224
305 0.17127
306 0.17030
307 0.16935
308 0.16840
309 0.16746
310 0.16653
311 0.16561
312 0.16469
313 0.16379
314 0.16289
315 0.16199
316 0.16111
317 0.16023
318 0.15936
319 0.15850
320 0.15764
321 0.15680
322 0.15595
323 0.15512
324 0.15429
325 0.15347
326 0.15266
327 0.15186
328 0.15106
329 0.15027
330 0.14948
331 0.14870
332 0.14793
333 0.14717
334 0.14641
335 0.14565
336 0.14491
337 0.14417
338 0.14344
339 0.14271
340 0.14199
341 0.14128
342 0.14057
343 0.13987
344 0.13917
345 0.13848
346 0.13780
347 0.13712
348 0.13645
349 0.13578
350 0.13512
351 0.13447
352 0.13382
353 0.13318
354 0.13254
355 0.13191
356 0.13129
357 0.13067
358 0.13005
359 0.12944
360 0.12884
361 0.12824
362 0.12765
363 0.12706
364 0.12648
365 0.12590
366 0.12533
367 0.12476
368 0.12420
369 0.12364
370 0.12309
371 0.12254
372 0.12200
373 0.12146
374 0.12093
375 0.12040
376 0.11988
377 0.11936
378 0.11885
379 0.11834
380 0.11784
381 0.11734
382 0.11684
383 0.11636
384 0.11587
385 0.11539
386 0.11491
387 0.11444
388 0.11397
389 0.11351
390 0.11305
391 0.11260
392 0.11215
393 0.11170
394 0.11126
395 0.11082
396 0.11039
397 0.10996
398 0.10954
399 0.10912
400 0.10870
401 0.10829
402 0.10788
403 0.10748
404 0.10708
405 0.10668
406 0.10629
407 0.10590
408 0.10551
409 0.10513
410 0.10475
411 0.10438
412 0.10401
413 0.10364
414 0.10328
415 0.10292
416 0.10257
417 0.10222
418 0.10187
419 0.10153
420 0.10119
421 0.10085
422 0.10052
423 0.10019
424 0.09986
425 0.09954
426 0.09922
427 0.09890
428 0.09859
429 0.09828
430 0.09797
431 0.09767
432 0.09737
433 0.09707
434 0.09678
435 0.09649
436 0.09621
437 0.09592
438 0.09564
439 0.09537
440 0.09509
441 0.09482
442 0.09456
443 0.09429
444 0.09403
445 0.09377
446 0.09352
447 0.09327
448 0.09302
449 0.09277
450 0.09253
451 0.09229
452 0.09205
453 0.09182
454 0.09159
455 0.09136
456 0.09114
457 0.09092
458 0.09070
459 0.09048
460 0.09027
461 0.09006
462 0.08985
463 0.08965
464 0.08944
465 0.08924
466 0.08905
467 0.08885
468 0.08866
469 0.08848
470 0.08829
471 0.08811
472 0.08793
473 0.08775
474 0.08758
475 0.08741
476 0.08724
477 0.08707
478 0.08691
479 0.08675
480 0.08659
481 0.08643
482 0.08628
483 0.08613
484 0.08598
485 0.08584
486 0.08569
487 0.08555
488 0.08542
489 0.08528
490 0.08515
491 0.08502
492 0.08489
493 0.08477
494 0.08465
495 0.08453
496 0.08441
497 0.08429
498 0.08418
499 0.08407
500 0.08397
501 0.08386
502 0.08376
503 0.08366
504 0.08356
505 0.08347
506 0.08338
507 0.08329
508 0.08320
509 0.08311
510 0.08303
511 0.08295
512 0.08288
513 0.08280
514 0.08273
515 0.08266
516 0.08259
517 0.08253
518 0.08246
519 0.08240
520 0.08235
521 0.08229
522 0.08224
523 0.08219
524 0.08214
525 0.08209
526 0.08205
527 0.08201
528 0.08197
529 0.08194
530 0.08190
531 0.08187
532 0.08184
533 0.08182
534 0.08179
535 0.08177
536 0.08175
537 0.08174
538 0.08172
539 0.08171
540 0.08170
541 0.08170
542 0.08169
543 0.08169
544 0.08169
545 0.08169
546 0.08170
547 0.08171
548 0.08172
549 0.08173
550 0.08175
551 0.08177
552 0.08179
553 0.08181
554 0.08184
555 0.08186
556 0.08190
557 0.08193
558 0.08196
559 0.08200
560 0.08204
561 0.08209
562 0.08213
563 0.08218
564 0.08223
565 0.08229
566 0.08234
567 0.08240
568 0.08246
569 0.08253
570 0.08260
571 0.08266
572 0.08274
573 0.08281
574 0.08289
575 0.08297
576 0.08305
577 0.08313
578 0.08322
579 0.08331
580 0.08340
581 0.08349
582 0.08359
583 0.08369
584 0.08379
585 0.08390
586 0.08400
587 0.08411
588 0.08423
589 0.08434
590 0.08446
591 0.08458
592 0.08470
593 0.08483
594 0.08496
595 0.08509
596 0.08522
597 0.08536
598 0.08550
599 0.08564
600 0.08579
601 0.08594
602 0.08609
603 0.08624
604 0.08640
605 0.08656
606 0.08672
607 0.08689
608 0.08706
609 0.08723
610 0.08741
611 0.08759
612 0.08777
613 0.08795
614 0.08814
615 0.08833
616 0.08852
617 0.08872
618 0.08892
619 0.08912
620 0.08933
621 0.08954
622 0.08975
623 0.08997
624 0.09019
625 0.09042
626 0.09064
627 0.09088
628 0.09111
629 0.09135
630 0.09159
631 0.09184
632 0.09209
633 0.09234
634 0.09260
635 0.09286
636 0.09312
637 0.09339
638 0.09366
639 0.09394
640 0.09422
641 0.09450
642 0.09479
643 0.09509
644 0.09538
645 0.09568
646 0.09598
647 0.09628
648 0.09659
649 0.09690
650 0.09722
651 0.09754
652 0.09787
653 0.09820
654 0.09853
655 0.09887
656 0.09921
657 0.09956
658 0.09991
659 0.10027
660 0.10063
661 0.10100
662 0.10137
663 0.10175
664 0.10213
665 0.10252
666 0.10291
667 0.10330
668 0.10370
669 0.10411
670 0.10452
671 0.10494
672 0.10536
673 0.10579
674 0.10622
675 0.10666
676 0.10710
677 0.10755
678 0.10800
679 0.10846
680 0.10893
681 0.10940
682 0.10988
683 0.11036
684 0.11085
685 0.11134
686 0.11185
687 0.11235
688 0.11287
689 0.11339
690 0.11391
691 0.11445
692 0.11498
693 0.11553
694 0.11608
695 0.11664
696 0.11721
697 0.11778
698 0.11836
699 0.11895
700 0.11954
701 0.12014
702 0.12075
703 0.12137
704 0.12199
705 0.12262
706 0.12326
707 0.12390
708 0.12456
709 0.12522
710 0.12589
711 0.12657
712 0.12725
713 0.12795
714 0.12865
715 0.12936
716 0.13008
717 0.13081
718 0.13154
719 0.13229
720 0.13305
721 0.13381
722 0.13458
723 0.13536
724 0.13616
725 0.13696
726 0.13777
727 0.13859
728 0.13942
729 0.14026
730 0.14111
731 0.14197
732 0.14285
733 0.14373
734 0.14462
735 0.14552
736 0.14644
737 0.14736
738 0.14830
739 0.14925
740 0.15021
741 0.15118
742 0.15217
743 0.15316
744 0.15417
745 0.15519
746 0.15622
747 0.15727
748 0.15832
749 0.15939
750 0.16048
751 0.16158
752 0.16269
753 0.16381
754 0.16495
755 0.16610
756 0.16727
757 0.16845
758 0.16964
759 0.17086
760 0.17208
761 0.17332
762 0.17458
763 0.17585
764 0.17712
765 0.17839
766 0.17969
767 0.18100
768 0.18232
769 0.18366
770 0.18502
771 0.18640
772 0.18779
773 0.18920
774 0.19063
775 0.19208
776 0.19354
777 0.19502
778 0.19652
779 0.19804
780 0.19958
781 0.20114
782 0.20272
783 0.20432
784 0.20593
785 0.20757
786 0.20923
787 0.21091
788 0.21261
789 0.21434
790 0.21608
791 0.21785
792 0.21964
793 0.22145
794 0.22329
795 0.22515
796 0.22704
797 0.22895
798 0.23088
799 0.23284
800 0.23482
801 0.23683
802 0.23887
803 0.24093
804 0.24302
805 0.24514
806 0.24728
807 0.24945
808 0.25166
809 0.25389
810 0.25615
811 0.25844
812 0.26076
813 0.26311
814 0.26549
815 0.26790
816 0.27035
817 0.27283
818 0.27534
819 0.27789
820 0.28047
821 0.28308
822 0.28573
823 0.28842
824 0.29114
825 0.29390
826 0.29670
827 0.29953
828 0.30240
829 0.30532
830 0.30827
831 0.31126
832 0.31430
833 0.31737
834 0.32049
835 0.32366
836 0.32686
837 0.33011
838 0.33341
839 0.33675
840 0.34014
841 0.34357
842 0.34706
843 0.35059
844 0.35417
845 0.35781
846 0.36149
847 0.36523
848 0.36902
849 0.37286
850 0.37676
851 0.38071
852 0.38472
853 0.38879
854 0.39292
855 0.39710
856 0.40135
857 0.40566
858 0.41002
859 0.41446
860 0.41896
861 0.42352
862 0.42815
863 0.43285
864 0.43761
865 0.44245
866 0.44735
867 0.45233
868 0.45739
869 0.46251
870 0.46772
871 0.47300
872 0.47836
873 0.48380
874 0.48932
875 0.49492
876 0.50061
877 0.50639
878 0.51225
879 0.51820
880 0.52424
881 0.53037
882 0.53659
883 0.54291
884 0.54933
885 0.55584
886 0.56245
887 0.56917
888 0.57598
889 0.58291
890 0.58994
891 0.59708
892 0.60433
893 0.61169
894 0.61917
895 0.62676
896 0.63448
897 0.64231
898 0.65027
899 0.65835
900 0.66656
901 0.67490
902 0.68337
903 0.69198
904 0.70072
905 0.70960
906 0.71863
907 0.72780
908 0.73711
909 0.74658
910 0.75620
911 0.76597
912 0.77375
913 0.77649
914 0.77962
915 0.78269
916 0.78471
917 0.78568
918 0.78696
919 0.78862
920 0.79078
921 0.79361
922 0.79289
923 0.79217
924 0.79594
925 0.79523
926 0.79452
927 0.79963
928 0.79893
929 0.79823
930 0.79753
931 0.80466
932 0.80398
933 0.80330
934 0.80262
935 0.80194
936 0.80125
937 0.80057
938 0.81097
939 0.81032
940 0.80966
941 0.80901
942 0.80835
943 0.80769
944 0.80703
945 0.80637
946 0.80571
947 0.80504
948 0.80438
949 0.80371
950 0.81997
951 0.81935
952 0.81873
953 0.81811
954 0.81749
955 0.81687
956 0.81624
957 0.81562
958 0.81499
959 0.81436
960 0.81373
961 0.81310
962 0.81247
963 0.81184
964 0.81120
965 0.81057
966 0.80993
967 0.80929
968 0.80865
969 0.80801
970 0.80737
971 0.80673
972 0.80609
973 0.83449
974 0.83393
975 0.83337
976 0.83281
977 0.83225
978 0.83168
979 0.83112
980 0.83055
981 0.82998
982 0.82941
983 0.82884
984 0.82827
985 0.82770
986 0.82713
987 0.82655
988 0.82598
989 0.82540
990 0.82482
991 0.82424
992 0.82366
993 0.82308
994 0.82250
995 0.82191
996 0.82133
997 0.82074
998 0.82016
999 0.81957
1000 0.81898
1001 0.81839
1002 0.81780
1003 0.81721
1004 0.81661
1005 0.81602
1006 0.81542
1007 0.81483
1008 0.81423
1009 0.81363
1010 0.81303
1011 0.81243
1012 0.81183
1013 0.81122
1014 0.81062
1015 0.81001
1016 0.80940
1017 0.80880
1018 0.80819
1019 0.80758
1020 0.80697
1021 0.80635
1022 0.80574
1023 0.80513
1024 0.80451
1025 0.80389
1026 0.86515
1027 0.86471
1028 0.86427
1029 0.86382
1030 0.86338
1031 0.86293
1032 0.86249
1033 0.86204
1034 0.86160
1035 0.86115
1036 0.86070
1037 0.86025
1038 0.85980
1039 0.85935
1040 0.85890
1041 0.85844
1042 0.85799
1043 0.85753
1044 0.85708
1045 0.85662
1046 0.85616
1047 0.85570
1048 0.85524
1049 0.85478
1050 0.85432
1051 0.85386
1052 0.85340
1053 0.85293
1054 0.85247
1055 0.85200
1056 0.85153
1057 0.85107
1058 0.85060
1059 0.85013
1060 0.84966
1061 0.84919
1062 0.84872
1063 0.84824
1064 0.84777
1065 0.84729
1066 0.84682
1067 0.84634
1068 0.84586
1069 0.84539
1070 0.84491
1071 0.84443
1072 0.84395
1073 0.84346
1074 0.84298
1075 0.84250
1076 0.84201
1077 0.84153
1078 0.84104
1079 0.84055
1080 0.84006
1081 0.83957
1082 0.83908
1083 0.83859
1084 0.83810
1085 0.83761
1086 0.83712
1087 0.83662
1088 0.83613
1089 0.83563
1090 0.83513
1091 0.83463
1092 0.83414
1093 0.83364
1094 0.83313
1095 0.83263
1096 0.83213
1097 0.83163
1098 0.83112
1099 0.83062
1100 0.83011
1101 0.82960
1102 0.82910
1103 0.82859
1104 0.82808
1105 0.82757
1106 0.82706
1107 0.82654
1108 0.82603
1109 0.82552
1110 0.82500
1111 0.82449
1112 0.82397
1113 0.82345
1114 0.82293
1115 0.82241
1116 0.82189
1117 0.82137
1118 0.82085
1119 0.82033
1120 0.81980
1121 0.81928
1122 0.81875
1123 0.81823
1124 0.81770
1125 0.81717
1126 0.81664
1127 0.81611
1128 0.81558
1129 0.81505
1130 0.81452
1131 0.81398
1132 0.81345
1133 0.81291
1134 0.81238
1135 0.81184
1136 0.81130
1137 0.81076
1138 0.81022
1139 0.80968
1140 0.80914
1141 0.80860
1142 0.80806
1143 0.80751
1144 0.80697
1145 0.80642
1146 0.80587
1147 0.80533
1148 0.80478
1149 0.80423
1150 0.80368
1151 0.80313
1152 0.80258
1153 0.80202
1154 0.80147
1155 0.80091
1156 0.80036
1157 0.79980
1158 0.79925
1159 0.79869
1160 0.79813
1161 0.79757
1162 0.79701
1163 0.79645
1164 0.79588
1165 0.79532
1166 0.79476
1167 0.79419
1168 0.79363
1169 0.79306
1170 0.79249
1171 0.79192
1172 0.79136
1173 0.79079
1174 0.79021
1175 0.78964
1176 0.78907
1177 0.78850
1178 0.78792
1179 0.78735
1180 0.78677
1181 0.78619
1182 0.78562
1183 0.78504
1184 0.78446
1185 0.78388
1186 0.78330
1187 0.78271
1188 0.78213
1189 0.78155
1190 0.78096
1191 0.78038
1192 0.77979
1193 0.77921
1194 0.77862
1195 0.77803
1196 0.77744
1197 0.77685
1198 0.77626
1199 0.77567
1200 0.77507
1201 0.77448
1202 0.77388
1203 0.77329
1204 0.77269
1205 0.77210
1206 0.77150
1207 0.77090
1208 0.77030
1209 0.76970
1210 0.76910
1211 0.76850
1212 0.76789
1213 0.76729
1214 0.76669
1215 0.76608
1216 1.00000
