17 0.99082
18 0.99001
19 0.98918
20 0.98833
21 0.98746
22 0.98657
23 0.98566
24 0.98474
25 0.98380
26 0.98284
27 0.98186
28 0.98087
29 0.97987
30 0.97885
31 0.97781
32 0.97676
33 0.97570
34 0.97462
35 0.97353
36 0.97243
37 0.97132
38 0.97019
39 0.96905
40 0.96790
41 0.96674
42 0.96557
43 0.96439
44 0.96320
45 0.96200
46 0.96078
47 0.95956
48 0.95833
49 0.95709
50 0.95584
51 0.95459
52 0.95332
53 0.95205
54 0.95076
55 0.94947
56 0.94818
57 0.94687
58 0.94556
59 0.94424
60 0.94292
61 0.94158
62 0.94024
63 0.93890
64 0.93755
65 0.93619
66 0.93483
67 0.93346
68 0.93208
69 0.93070
70 0.92932
71 0.92793
72 0.92653
73 0.92513
74 0.92372
75 0.92232
76 0.92090
77 0.91948
78 0.91806
79 0.91663
80 0.91520
81 0.91377
82 0.91233
83 0.91089
84 0.90945
85 0.90800
86 0.90655
87 0.90509
88 0.90363
89 0.90217
90 0.90071
91 0.89925
92 0.89778
93 0.89631
94 0.89483
95 0.89336
96 0.89188
97 0.89040
98 0.88892
99 0.88744
100 0.88595
101 0.88447
102 0.88298
103 0.88149
104 0.88000
105 0.87851
106 0.87701
107 0.87552
108 0.87402
109 0.87253
110 0.87103
111 0.86953
112 0.86803
113 0.86653
114 0.86503
115 0.86353
116 0.86203
117 0.86053
118 0.85902
119 0.85752
120 0.85602
121 0.85452
122 0.85301
123 0.85151
124 0.85001
125 0.84850
126 0.84700
127 0.84550
128 0.84400
129 0.84250
130 0.84100
131 0.83950
132 0.83800
133 0.83650
134 0.83500
135 0.83350
136 0.83200
137 0.83051
138 0.82901
139 0.82752
140 0.82603
141 0.82453
142 0.82304
143 0.82155
144 0.82007
145 0.81858
146 0.81709
147 0.81561
148 0.81413
149 0.81264
150 0.81116
151 0.80969
152 0.80821
153 0.80673
154 0.80526
155 0.80379
156 0.80232
157 0.80085
158 0.79938
159 0.79792
160 0.79646
161 0.79500
162 0.79354
163 0.79208
164 0.79063
165 0.78918
166 0.78773
167 0.78628
168 0.78483
169 0.78339
170 0.78195
171 0.78051
172 0.77907
173 0.77764
174 0.77621
175 0.77478
176 0.77335
177 0.77193
178 0.77050
179 0.76909
180 0.76767
181 0.76626
182 0.76484
183 0.76344
184 0.76203
185 0.76063
186 0.75923
187 0.75783
188 0.75644
189 0.75504
190 0.75365
191 0.75227
192 0.75089
193 0.74951
194 0.74813
195 0.74675
196 0.74538
197 0.74402
198 0.74265
199 0.74129
200 0.73993
201 0.73857
202 0.73722
203 0.73587
204 0.73453
205 0.73318
206 0.73184
207 0.73051
208 0.72917
209 0.72784
210 0.72652
211 0.72519
212 0.72387
213 0.72256
214 0.72124
215 0.71993
216 0.71863
217 0.71732
218 0.71602
219 0.71473
220 0.71344
221 0.71215
222 0.71086
223 0.70958
224 0.70830
225 0.70702
226 0.70575
227 0.70448
228 0.70322
229 0.70196
230 0.70070
231 0.69945
232 0.69820
233 0.69695
234 0.69571
235 0.69447
236 0.69323
237 0.69200
238 0.69077
239 0.68955
240 0.68833
241 0.68711
242 0.68590
243 0.68469
244 0.68348
245 0.68228
246 0.68108
247 0.67989
248 0.67870
249 0.67751
250 0.67633
251 0.67515
252 0.67397
253 0.67280
254 0.67163
255 0.67047
256 0.66931
257 0.66815
258 0.66700
259 0.66585
260 0.66470
261 0.66356
262 0.66243
263 0.66129
264 0.66016
265 0.65904
266 0.65792
267 0.65680
268 0.65568
269 0.65457
270 0.65347
271 0.65237
272 0.65127
273 0.65017
274 0.64908
275 0.64800
276 0.64692
277 0.64584
278 0.64476
279 0.64369
280 0.64263
281 0.64156
282 0.64050
283 0.63945
284 0.63840
285 0.63735
286 0.63631
287 0.63527
288 0.63424
289 0.63321
290 0.63218
291 0.63116
292 0.63014
293 0.62912
294 0.62811
295 0.62711
296 0.62610
297 0.62510
298 0.62411
299 0.62312
300 0.62213
301 0.62115
302 0.62017
303 0.61919
304 0.61822
305 0.61726
306 0.61629
307 0.61534
308 0.61438
309 0.61343
310 0.61248
311 0.61154
312 0.61060
313 0.60967
314 0.60874
315 0.60781
316 0.60689
317 0.60597
318 0.60505
319 0.60414
320 0.60324
321 0.60233
322 0.60144
323 0.60054
324 0.59965
325 0.59876
326 0.59788
327 0.59700
328 0.59613
329 0.59526
330 0.59439
331 0.59353
332 0.59267
333 0.59181
334 0.59096
335 0.59012
336 0.58928
337 0.58844
338 0.58760
339 0.58677
340 0.58595
341 0.58512
342 0.58430
343 0.58349
344 0.58268
345 0.58187
346 0.58107
347 0.58027
348 0.57948
349 0.57869
350 0.57790
351 0.57712
352 0.57634
353 0.57556
354 0.57479
355 0.57403
356 0.57326
357 0.57250
358 0.57175
359 0.57100
360 0.57025
361 0.56951
362 0.56877
363 0.56803
364 0.56730
365 0.56658
366 0.56585
367 0.56513
368 0.56442
369 0.56371
370 0.56300
371 0.56229
372 0.56160
373 0.56090
374 0.56021
375 0.55952
376 0.55884
377 0.55816
378 0.55748
379 0.55681
380 0.55614
381 0.55548
382 0.55482
383 0.55416
384 0.55351
385 0.55286
386 0.55221
387 0.55157
388 0.55094
389 0.55030
390 0.54967
391 0.54905
392 0.54843
393 0.54781
394 0.54720
395 0.54659
396 0.54598
397 0.54538
398 0.54478
399 0.54419
400 0.54360
401 0.54301
402 0.54243
403 0.54185
404 0.54128
405 0.54071
406 0.54014
407 0.53958
408 0.53902
409 0.53846
410 0.53791
411 0.53736
412 0.53682
413 0.53628
414 0.53574
415 0.53521
416 0.53468
417 0.53416
418 0.53364
419 0.53312
420 0.53261
421 0.53210
422 0.53160
423 0.53109
424 0.53060
425 0.53010
426 0.52961
427 0.52913
428 0.52865
429 0.52817
430 0.52769
431 0.52722
432 0.52676
433 0.52629
434 0.52583
435 0.52538
436 0.52493
437 0.52448
438 0.52404
439 0.52360
440 0.52316
441 0.52273
442 0.52230
443 0.52187
444 0.52145
445 0.52104
446 0.52062
447 0.52021
448 0.51981
449 0.51941
450 0.51901
451 0.51861
452 0.51822
453 0.51784
454 0.51746
455 0.51708
456 0.51670
457 0.51633
458 0.51596
459 0.51560
460 0.51524
461 0.51488
462 0.51453
463 0.51418
464 0.51384
465 0.51350
466 0.51316
467 0.51283
468 0.51250
469 0.51217
470 0.51185
471 0.51153
472 0.51122
473 0.51091
474 0.51060
475 0.51030
476 0.51000
477 0.50970
478 0.50941
479 0.50913
480 0.50884
481 0.50856
482 0.50829
483 0.50801
484 0.50775
485 0.50748
486 0.50722
487 0.50696
488 0.50671
489 0.50646
490 0.50622
491 0.50597
492 0.50574
493 0.50550
494 0.50527
495 0.50505
496 0.50482
497 0.50460
498 0.50439
499 0.50418
500 0.50397
501 0.50377
502 0.50357
503 0.50337
504 0.50318
505 0.50299
506 0.50281
507 0.50263
508 0.50245
509 0.50228
510 0.50211
511 0.50195
512 0.50179
513 0.50163
514 0.50148
515 0.50133
516 0.50118
517 0.50104
518 0.50090
519 0.50077
520 0.50064
521 0.50051
522 0.50039
523 0.50027
524 0.50016
525 0.50005
526 0.49994
527 0.49984
528 0.49974
529 0.49964
530 0.49955
531 0.49947
532 0.49938
533 0.49930
534 0.49923
535 0.49916
536 0.49909
537 0.49903
538 0.49897
539 0.49891
540 0.49886
541 0.49881
542 0.49877
543 0.49873
544 0.49870
545 0.49866
546 0.49864
547 0.49861
548 0.49859
549 0.49858
550 0.49857
551 0.49856
552 0.49856
553 0.49856
554 0.49856
555 0.49857
556 0.49858
557 0.49860
558 0.49862
559 0.49865
560 0.49867
561 0.49871
562 0.49874
563 0.49879
564 0.49883
565 0.49888
566 0.49893
567 0.49899
568 0.49905
569 0.49912
570 0.49919
571 0.49926
572 0.49934
573 0.49943
574 0.49951
575 0.49960
576 0.49970
577 0.49980
578 0.49990
579 0.50001
580 0.50012
581 0.50024
582 0.50036
583 0.50048
584 0.50061
585 0.50074
586 0.50088
587 0.50102
588 0.50117
589 0.50132
590 0.50148
591 0.50163
592 0.50180
593 0.50197
594 0.50214
595 0.50231
596 0.50249
597 0.50268
598 0.50287
599 0.50306
600 0.50326
601 0.50346
602 0.50367
603 0.50388
604 0.50410
605 0.50432
606 0.50454
607 0.50477
608 0.50501
609 0.50525
610 0.50549
611 0.50574
612 0.50599
613 0.50625
614 0.50651
615 0.50677
616 0.50704
617 0.50732
618 0.50760
619 0.50788
620 0.50817
621 0.50846
622 0.50876
623 0.50907
624 0.50937
625 0.50969
626 0.51000
627 0.51032
628 0.51065
629 0.51098
630 0.51132
631 0.51166
632 0.51200
633 0.51236
634 0.51271
635 0.51307
636 0.51344
637 0.51381
638 0.51418
639 0.51456
640 0.51494
641 0.51533
642 0.51573
643 0.51613
644 0.51653
645 0.51694
646 0.51736
647 0.51778
648 0.51820
649 0.51863
650 0.51907
651 0.51951
652 0.51995
653 0.52040
654 0.52086
655 0.52132
656 0.52178
657 0.52225
658 0.52273
659 0.52321
660 0.52370
661 0.52419
662 0.52469
663 0.52519
664 0.52570
665 0.52621
666 0.52673
667 0.52726
668 0.52779
669 0.52832
670 0.52886
671 0.52941
672 0.52996
673 0.53052
674 0.53108
675 0.53165
676 0.53222
677 0.53280
678 0.53339
679 0.53398
680 0.53457
681 0.53518
682 0.53578
683 0.53640
684 0.53702
685 0.53764
686 0.53827
687 0.53891
688 0.53955
689 0.54020
690 0.54086
691 0.54152
692 0.54218
693 0.54286
694 0.54354
695 0.54422
696 0.54491
697 0.54561
698 0.54631
699 0.54702
700 0.54774
701 0.54846
702 0.54919
703 0.54992
704 0.55066
705 0.55141
706 0.55216
707 0.55292
708 0.55369
709 0.55446
710 0.55524
711 0.55602
712 0.55682
713 0.55761
714 0.55842
715 0.55923
716 0.56005
717 0.56087
718 0.56171
719 0.56254
720 0.56339
721 0.56424
722 0.56510
723 0.56597
724 0.56684
725 0.56772
726 0.56861
727 0.56950
728 0.57040
729 0.57131
730 0.57222
731 0.57315
732 0.57407
733 0.57501
734 0.57596
735 0.57691
736 0.57786
737 0.57883
738 0.57980
739 0.58078
740 0.58177
741 0.58277
742 0.58377
743 0.58478
744 0.58580
745 0.58683
746 0.58786
747 0.58890
748 0.58995
749 0.59101
750 0.59207
751 0.59315
752 0.59423
753 0.59531
754 0.59641
755 0.59752
756 0.59863
757 0.59975
758 0.60088
759 0.60202
760 0.60316
761 0.60432
762 0.60548
763 0.60665
764 0.60783
765 0.60902
766 0.61022
767 0.61142
768 0.61264
769 0.61386
770 0.61509
771 0.61633
772 0.61758
773 0.61884
774 0.62011
775 0.62138
776 0.62267
777 0.62396
778 0.62527
779 0.62658
780 0.62790
781 0.62923
782 0.63057
783 0.63192
784 0.63328
785 0.63465
786 0.63603
787 0.63742
788 0.63882
789 0.64022
790 0.64164
791 0.64307
792 0.64451
793 0.64596
794 0.64741
795 0.64888
796 0.65036
797 0.65185
798 0.65335
799 0.65485
800 0.65637
801 0.65790
802 0.65944
803 0.66099
804 0.66256
805 0.66413
806 0.66571
807 0.66730
808 0.66891
809 0.67053
810 0.67215
811 0.67379
812 0.67544
813 0.67710
814 0.67877
815 0.68046
816 0.68215
817 0.68386
818 0.68558
819 0.68731
820 0.68905
821 0.69080
822 0.69257
823 0.69434
824 0.69613
825 0.69793
826 0.69975
827 0.70157
828 0.70341
829 0.70526
830 0.70713
831 0.70900
832 0.71089
833 0.71279
834 0.71471
835 0.71664
836 0.71858
837 0.72053
838 0.72250
839 0.72448
840 0.72647
841 0.72848
842 0.73050
843 0.73253
844 0.73458
845 0.73664
846 0.73872
847 0.74081
848 0.74291
849 0.74503
850 0.74716
851 0.74931
852 0.75147
853 0.75364
854 0.75583
855 0.75804
856 0.76026
857 0.76249
858 0.76474
859 0.76701
860 0.76929
861 0.77159
862 0.77390
863 0.77622
864 0.77857
865 0.78093
866 0.78330
867 0.78569
868 0.78810
869 0.79052
870 0.79296
871 0.79542
872 0.79789
873 0.80038
874 0.80288
875 0.80540
876 0.80794
877 0.81050
878 0.81308
879 0.81567
880 0.81828
881 0.82090
882 0.82355
883 0.82621
884 0.82889
885 0.83159
886 0.83431
887 0.83704
888 0.83980
889 0.84257
890 0.84536
891 0.84817
892 0.85100
893 0.85385
894 0.85672
895 0.85961
896 0.86251
897 0.86544
898 0.86838
899 0.87135
900 0.87433
901 0.87733
902 0.88035
903 0.88339
904 0.88644
905 0.88952
906 0.89262
907 0.89574
908 0.89888
909 0.90204
910 0.90522
911 0.90842
912 0.91096
913 0.91822
914 0.92289
915 0.92601
916 0.92774
917 0.92864
918 0.92962
919 0.93070
920 0.93191
921 0.93328
922 0.93316
923 0.93304
924 0.93465
925 0.93453
926 0.93442
927 0.93635
928 0.93624
929 0.93613
930 0.93602
931 0.93843
932 0.93833
933 0.93823
934 0.93813
935 0.93802
936 0.93791
937 0.93780
938 0.94098
939 0.94088
940 0.94078
941 0.94068
942 0.94059
943 0.94049
944 0.94039
945 0.94029
946 0.94020
947 0.94010
948 0.94000
949 0.93990
950 0.94444
951 0.94436
952 0.94427
953 0.94419
954 0.94411
955 0.94403
956 0.94394
957 0.94384
958 0.94374
959 0.94365
960 0.94355
961 0.94345
962 0.94336
963 0.94326
964 0.94316
965 0.94306
966 0.94297
967 0.94287
968 0.94277
969 0.94267
970 0.94257
971 0.94248
972 0.94238
973 0.94970
974 0.94962
975 0.94955
976 0.94948
977 0.94941
978 0.94933
979 0.94926
980 0.94919
981 0.94911
982 0.94904
983 0.94897
984 0.94889
985 0.94882
986 0.94875
987 0.94868
988 0.94860
989 0.94853
990 0.94846
991 0.94838
992 0.94831
993 0.94824
994 0.94816
995 0.94809
996 0.94802
997 0.94794
998 0.94787
999 0.94780
1000 0.94772
1001 0.94765
1002 0.94757
1003 0.94750
1004 0.94743
1005 0.94735
1006 0.94728
1007 0.94721
1008 0.94713
1009 0.94703
1010 0.94693
1011 0.94682
1012 0.94672
1013 0.94662
1014 0.94652
1015 0.94641
1016 0.94631
1017 0.94621
1018 0.94610
1019 0.94600
1020 0.94590
1021 0.94579
1022 0.94569
1023 0.94558
1024 0.94548
1025 0.94538
1026 0.96011
1027 0.96005
1028 0.96000
1029 0.95994
1030 0.95989
1031 0.95983
1032 0.95978
1033 0.95972
1034 0.95967
1035 0.95961
1036 0.95956
1037 0.95950
1038 0.95945
1039 0.95939
1040 0.95934
1041 0.95928
1042 0.95923
1043 0.95917
1044 0.95912
1045 0.95906
1046 0.95901
1047 0.95895
1048 0.95890
1049 0.95884
1050 0.95879
1051 0.95873
1052 0.95868
1053 0.95862
1054 0.95857
1055 0.95851
1056 0.95845
1057 0.95840
1058 0.95834
1059 0.95829
1060 0.95823
1061 0.95818
1062 0.95812
1063 0.95807
1064 0.95801
1065 0.95796
1066 0.95790
1067 0.95784
1068 0.95779
1069 0.95773
1070 0.95768
1071 0.95762
1072 0.95757
1073 0.95751
1074 0.95745
1075 0.95740
1076 0.95734
1077 0.95729
1078 0.95723
1079 0.95718
1080 0.95712
1081 0.95706
1082 0.95701
1083 0.95695
1084 0.95690
1085 0.95684
1086 0.95678
1087 0.95673
1088 0.95667
1089 0.95662
1090 0.95656
1091 0.95650
1092 0.95645
1093 0.95639
1094 0.95633
1095 0.95628
1096 0.95622
1097 0.95617
1098 0.95611
1099 0.95605
1100 0.95600
1101 0.95594
1102 0.95588
1103 0.95583
1104 0.95577
1105 0.95572
1106 0.95566
1107 0.95560
1108 0.95555
1109 0.95549
1110 0.95543
1111 0.95538
1112 0.95532
1113 0.95526
1114 0.95521
1115 0.95515
1116 0.95509
1117 0.95504
1118 0.95498
1119 0.95492
1120 0.95487
1121 0.95481
1122 0.95475
1123 0.95470
1124 0.95464
1125 0.95458
1126 0.95453
1127 0.95447
1128 0.95441
1129 0.95436
1130 0.95430
1131 0.95424
1132 0.95419
1133 0.95413
1134 0.95407
1135 0.95402
1136 0.95396
1137 0.95390
1138 0.95385
1139 0.95379
1140 0.95373
1141 0.95367
1142 0.95362
1143 0.95356
1144 0.95350
1145 0.95345
1146 0.95339
1147 0.95333
1148 0.95327
1149 0.95322
1150 0.95316
1151 0.95310
1152 0.95305
1153 0.95299
1154 0.95293
1155 0.95287
1156 0.95282
1157 0.95276
1158 0.95270
1159 0.95264
1160 0.95259
1161 0.95253
1162 0.95247
1163 0.95241
1164 0.95236
1165 0.95230
1166 0.95224
1167 0.95218
1168 0.95213
1169 0.95207
1170 0.95201
1171 0.95195
1172 0.95190
1173 0.95184
1174 0.95178
1175 0.95172
1176 0.95167
1177 0.95161
1178 0.95155
1179 0.95149
1180 0.95144
1181 0.95138
1182 0.95132
1183 0.95126
1184 0.95120
1185 0.95115
1186 0.95109
1187 0.95103
1188 0.95097
1189 0.95091
1190 0.95086
1191 0.95080
1192 0.95074
1193 0.95068
1194 0.95062
1195 0.95053
1196 0.95038
1197 0.95024
1198 0.95009
1199 0.94995
1200 0.94980
1201 0.94965
1202 0.94951
1203 0.94936
1204 0.94921
1205 0.94907
1206 0.94892
1207 0.94877
1208 0.94862
1209 0.94847
1210 0.94833
1211 0.94818
1212 0.94803
1213 0.94788
1214 0.94773
1215 0.94758
1216 1.00000
