17 0.99732
18 0.99709
19 0.99684
20 0.99659
21 0.99634
22 0.99608
23 0.99581
24 0.99554
25 0.99526
26 0.99498
27 0.99469
28 0.99440
29 0.99411
30 0.99381
31 0.99350
32 0.99319
33 0.99288
34 0.99256
35 0.99224
36 0.99191
37 0.99158
38 0.99125
39 0.99091
40 0.99057
41 0.99022
42 0.98988
43 0.98953
44 0.98917
45 0.98881
46 0.98845
47 0.98809
48 0.98772
49 0.98735
50 0.98697
51 0.98660
52 0.98622
53 0.98583
54 0.98545
55 0.98506
56 0.98467
57 0.98428
58 0.98388
59 0.98348
60 0.98308
61 0.98268
62 0.98227
63 0.98187
64 0.98146
65 0.98104
66 0.98063
67 0.98021
68 0.97979
69 0.97937
70 0.97895
71 0.97852
72 0.97810
73 0.97767
74 0.97724
75 0.97680
76 0.97637
77 0.97593
78 0.97550
79 0.97506
80 0.97461
81 0.97417
82 0.97373
83 0.97328
84 0.97283
85 0.97238
86 0.97193
87 0.97148
88 0.97102
89 0.97057
90 0.97011
91 0.96965
92 0.96920
93 0.96873
94 0.96827
95 0.96781
96 0.96734
97 0.96688
98 0.96641
99 0.96594
100 0.96548
101 0.96501
102 0.96453
103 0.96406
104 0.96359
105 0.96311
106 0.96264
107 0.96216
108 0.96169
109 0.96121
110 0.96073
111 0.96025
112 0.95977
113 0.95929
114 0.95880
115 0.95832
116 0.95784
117 0.95735
118 0.95687
119 0.95638
120 0.95590
121 0.95541
122 0.95492
123 0.95443
124 0.95394
125 0.95345
126 0.95296
127 0.95247
128 0.95198
129 0.95149
130 0.95100
131 0.95051
132 0.95001
133 0.94952
134 0.94903
135 0.94853
136 0.94804
137 0.94754
138 0.94705
139 0.94655
140 0.94605
141 0.94556
142 0.94506
143 0.94457
144 0.94407
145 0.94357
146 0.94307
147 0.94258
148 0.94208
149 0.94158
150 0.94108
151 0.94058
152 0.94009
153 0.93959
154 0.93909
155 0.93859
156 0.93809
157 0.93759
158 0.93709
159 0.93659
160 0.93610
161 0.93560
162 0.93510
163 0.93460
164 0.93410
165 0.93360
166 0.93310
167 0.93261
168 0.93211
169 0.93161
170 0.93111
171 0.93061
172 0.93012
173 0.92962
174 0.92912
175 0.92862
176 0.92813
177 0.92763
178 0.92713
179 0.92664
180 0.92614
181 0.92564
182 0.92515
183 0.92465
184 0.92416
185 0.92366
186 0.92317
187 0.92267
188 0.92218
189 0.92169
190 0.92119
191 0.92070
192 0.92021
193 0.91972
194 0.91923
195 0.91874
196 0.91824
197 0.91775
198 0.91726
199 0.91677
200 0.91629
201 0.91580
202 0.91531
203 0.91482
204 0.91434
205 0.91385
206 0.91336
207 0.91288
208 0.91239
209 0.91191
210 0.91142
211 0.91094
212 0.91046
213 0.90998
214 0.90950
215 0.90901
216 0.90853
217 0.90805
218 0.90758
219 0.90710
220 0.90662
221 0.90614
222 0.90567
223 0.90519
224 0.90472
225 0.90424
226 0.90377
227 0.90329
228 0.90282
229 0.90235
230 0.90188
231 0.90141
232 0.90094
233 0.90047
234 0.90000
235 0.89954
236 0.89907
237 0.89861
238 0.89814
239 0.89768
240 0.89721
241 0.89675
242 0.89629
243 0.89583
244 0.89537
245 0.89491
246 0.89445
247 0.89399
248 0.89354
249 0.89308
250 0.89263
251 0.89217
252 0.89172
253 0.89127
254 0.89082
255 0.89037
256 0.88992
257 0.88947
258 0.88902
259 0.88857
260 0.88813
261 0.88768
262 0.88724
263 0.88680
264 0.88635
265 0.88591
266 0.88547
267 0.88503
268 0.88460
269 0.88416
270 0.88372
271 0.88329
272 0.88285
273 0.88242
274 0.88199
275 0.88156
276 0.88113
277 0.88070
278 0.88027
279 0.87984
280 0.87942
281 0.87899
282 0.87857
283 0.87815
284 0.87773
285 0.87731
286 0.87689
287 0.87647
288 0.87605
289 0.87563
290 0.87522
291 0.87480
292 0.87439
293 0.87398
294 0.87357
295 0.87316
296 0.87275
297 0.87234
298 0.87194
299 0.87153
300 0.87113
301 0.87073
302 0.87033
303 0.86992
304 0.86953
305 0.86913
306 0.86873
307 0.86834
308 0.86794
309 0.86755
310 0.86716
311 0.86676
312 0.86637
313 0.86599
314 0.86560
315 0.86521
316 0.86483
317 0.86444
318 0.86406
319 0.86368
320 0.86330
321 0.86292
322 0.86255
323 0.86217
324 0.86179
325 0.86142
326 0.86105
327 0.86068
328 0.86031
329 0.85994
330 0.85957
331 0.85921
332 0.85884
333 0.85848
334 0.85811
335 0.85775
336 0.85739
337 0.85704
338 0.85668
339 0.85632
340 0.85597
341 0.85562
342 0.85526
343 0.85491
344 0.85457
345 0.85422
346 0.85387
347 0.85353
348 0.85318
349 0.85284
350 0.85250
351 0.85216
352 0.85182
353 0.85148
354 0.85115
355 0.85081
356 0.85048
357 0.85015
358 0.84982
359 0.84949
360 0.84916
361 0.84884
362 0.84851
363 0.84819
364 0.84787
365 0.84755
366 0.84723
367 0.84691
368 0.84660
369 0.84628
370 0.84597
371 0.84566
372 0.84535
373 0.84504
374 0.84473
375 0.84442
376 0.84412
377 0.84381
378 0.84351
379 0.84321
380 0.84291
381 0.84262
382 0.84232
383 0.84203
384 0.84173
385 0.84144
386 0.84115
387 0.84086
388 0.84057
389 0.84029
390 0.84000
391 0.83972
392 0.83944
393 0.83916
394 0.83888
395 0.83860
396 0.83833
397 0.83805
398 0.83778
399 0.83751
400 0.83724
401 0.83697
402 0.83671
403 0.83644
404 0.83618
405 0.83592
406 0.83566
407 0.83540
408 0.83514
409 0.83488
410 0.83463
411 0.83438
412 0.83413
413 0.83388
414 0.83363
415 0.83338
416 0.83314
417 0.83289
418 0.83265
419 0.83241
420 0.83217
421 0.83194
422 0.83170
423 0.83147
424 0.83123
425 0.83100
426 0.83077
427 0.83054
428 0.83032
429 0.83009
430 0.82987
431 0.82965
432 0.82943
433 0.82921
434 0.82899
435 0.82878
436 0.82856
437 0.82835
438 0.82814
439 0.82793
440 0.82773
441 0.82752
442 0.82732
443 0.82711
444 0.82691
445 0.82671
446 0.82652
447 0.82632
448 0.82613
449 0.82593
450 0.82574
451 0.82555
452 0.82536
453 0.82518
454 0.82499
455 0.82481
456 0.82463
457 0.82445
458 0.82427
459 0.82410
460 0.82392
461 0.82375
462 0.82358
463 0.82341
464 0.82324
465 0.82307
466 0.82291
467 0.82275
468 0.82258
469 0.82242
470 0.82227
471 0.82211
472 0.82196
473 0.82180
474 0.82165
475 0.82150
476 0.82135
477 0.82121
478 0.82106
479 0.82092
480 0.82078
481 0.82064
482 0.82050
483 0.82037
484 0.82023
485 0.82010
486 0.81997
487 0.81984
488 0.81971
489 0.81959
490 0.81946
491 0.81934
492 0.81922
493 0.81910
494 0.81898
495 0.81887
496 0.81875
497 0.81864
498 0.81853
499 0.81842
500 0.81832
501 0.81821
502 0.81811
503 0.81801
504 0.81791
505 0.81781
506 0.81771
507 0.81762
508 0.81753
509 0.81744
510 0.81735
511 0.81726
512 0.81717
513 0.81709
514 0.81701
515 0.81693
516 0.81685
517 0.81677
518 0.81670
519 0.81663
520 0.81655
521 0.81648
522 0.81642
523 0.81635
524 0.81629
525 0.81623
526 0.81616
527 0.81611
528 0.81605
529 0.81599
530 0.81594
531 0.81589
532 0.81584
533 0.81579
534 0.81575
535 0.81570
536 0.81566
537 0.81562
538 0.81558
539 0.81554
540 0.81551
541 0.81548
542 0.81545
543 0.81542
544 0.81539
545 0.81536
546 0.81534
547 0.81532
548 0.81530
549 0.81528
550 0.81526
551 0.81525
552 0.81524
553 0.81523
554 0.81522
555 0.81521
556 0.81521
557 0.81520
558 0.81520
559 0.81520
560 0.81520
561 0.81521
562 0.81521
563 0.81522
564 0.81523
565 0.81525
566 0.81526
567 0.81527
568 0.81529
569 0.81531
570 0.81533
571 0.81536
572 0.81538
573 0.81541
574 0.81544
575 0.81547
576 0.81550
577 0.81554
578 0.81558
579 0.81562
580 0.81566
581 0.81570
582 0.81574
583 0.81579
584 0.81584
585 0.81589
586 0.81594
587 0.81600
588 0.81606
589 0.81611
590 0.81617
591 0.81624
592 0.81630
593 0.81637
594 0.81644
595 0.81651
596 0.81658
597 0.81666
598 0.81673
599 0.81681
600 0.81689
601 0.81697
602 0.81706
603 0.81714
604 0.81723
605 0.81732
606 0.81742
607 0.81751
608 0.81761
609 0.81771
610 0.81781
611 0.81791
612 0.81802
613 0.81812
614 0.81823
615 0.81834
616 0.81846
617 0.81857
618 0.81869
619 0.81881
620 0.81893
621 0.81905
622 0.81918
623 0.81931
624 0.81944
625 0.81957
626 0.81970
627 0.81984
628 0.81998
629 0.82012
630 0.82026
631 0.82040
632 0.82055
633 0.82070
634 0.82085
635 0.82100
636 0.82116
637 0.82132
638 0.82148
639 0.82164
640 0.82180
641 0.82197
642 0.82213
643 0.82230
644 0.82248
645 0.82265
646 0.82283
647 0.82301
648 0.82319
649 0.82337
650 0.82356
651 0.82374
652 0.82393
653 0.82413
654 0.82432
655 0.82452
656 0.82471
657 0.82491
658 0.82512
659 0.82532
660 0.82553
661 0.82574
662 0.82595
663 0.82617
664 0.82638
665 0.82660
666 0.82682
667 0.82704
668 0.82727
669 0.82750
670 0.82773
671 0.82796
672 0.82819
673 0.82843
674 0.82867
675 0.82891
676 0.82915
677 0.82940
678 0.82965
679 0.82990
680 0.83015
681 0.83040
682 0.83066
683 0.83092
684 0.83118
685 0.83145
686 0.83171
687 0.83198
688 0.83225
689 0.83253
690 0.83280
691 0.83308
692 0.83336
693 0.83364
694 0.83393
695 0.83422
696 0.83451
697 0.83480
698 0.83509
699 0.83539
700 0.83569
701 0.83599
702 0.83630
703 0.83660
704 0.83691
705 0.83723
706 0.83754
707 0.83786
708 0.83818
709 0.83850
710 0.83882
711 0.83915
712 0.83948
713 0.83981
714 0.84014
715 0.84048
716 0.84082
717 0.84116
718 0.84150
719 0.84185
720 0.84219
721 0.84255
722 0.84290
723 0.84325
724 0.84361
725 0.84397
726 0.84434
727 0.84470
728 0.84507
729 0.84544
730 0.84582
731 0.84619
732 0.84657
733 0.84695
734 0.84734
735 0.84773
736 0.84811
737 0.84851
738 0.84890
739 0.84930
740 0.84970
741 0.85010
742 0.85050
743 0.85091
744 0.85132
745 0.85173
746 0.85215
747 0.85257
748 0.85299
749 0.85341
750 0.85384
751 0.85427
752 0.85470
753 0.85513
754 0.85557
755 0.85601
756 0.85645
757 0.85689
758 0.85734
759 0.85779
760 0.85825
761 0.85870
762 0.85916
763 0.85962
764 0.86008
765 0.86055
766 0.86102
767 0.86149
768 0.86197
769 0.86245
770 0.86293
771 0.86341
772 0.86390
773 0.86438
774 0.86488
775 0.86537
776 0.86587
777 0.86637
778 0.86687
779 0.86738
780 0.86789
781 0.86840
782 0.86891
783 0.86943
784 0.86995
785 0.87047
786 0.87100
787 0.87153
788 0.87206
789 0.87260
790 0.87314
791 0.87368
792 0.87422
793 0.87477
794 0.87532
795 0.87587
796 0.87642
797 0.87698
798 0.87754
799 0.87811
800 0.87868
801 0.87925
802 0.87982
803 0.88040
804 0.88098
805 0.88156
806 0.88215
807 0.88274
808 0.88333
809 0.88392
810 0.88452
811 0.88512
812 0.88573
813 0.88633
814 0.88694
815 0.88756
816 0.88817
817 0.88879
818 0.88942
819 0.89004
820 0.89067
821 0.89131
822 0.89194
823 0.89258
824 0.89322
825 0.89387
826 0.89452
827 0.89517
828 0.89582
829 0.89648
830 0.89714
831 0.89781
832 0.89848
833 0.89915
834 0.89982
835 0.90050
836 0.90118
837 0.90187
838 0.90256
839 0.90325
840 0.90394
841 0.90464
842 0.90534
843 0.90605
844 0.90676
845 0.90747
846 0.90818
847 0.90890
848 0.90962
849 0.91035
850 0.91108
851 0.91181
852 0.91254
853 0.91328
854 0.91403
855 0.91477
856 0.91552
857 0.91628
858 0.91703
859 0.91779
860 0.91856
861 0.91932
862 0.92009
863 0.92087
864 0.92165
865 0.92243
866 0.92321
867 0.92400
868 0.92479
869 0.92559
870 0.92639
871 0.92719
872 0.92800
873 0.92881
874 0.92963
875 0.93044
876 0.93127
877 0.93209
878 0.93292
879 0.93375
880 0.93459
881 0.93543
882 0.93628
883 0.93713
884 0.93798
885 0.93883
886 0.93969
887 0.94056
888 0.94142
889 0.94229
890 0.94317
891 0.94405
892 0.94493
893 0.94582
894 0.94671
895 0.94760
896 0.94850
897 0.94941
898 0.95031
899 0.95122
900 0.95214
901 0.95306
902 0.95398
903 0.95491
904 0.95584
905 0.95677
906 0.95771
907 0.95865
908 0.95960
909 0.96055
910 0.96151
911 0.96247
912 0.96323
913 0.96362
914 0.96407
915 0.96451
916 0.96481
917 0.96497
918 0.96518
919 0.96543
920 0.96574
921 0.96614
922 0.96609
923 0.96604
924 0.96655
925 0.96650
926 0.96645
927 0.96713
928 0.96708
929 0.96703
930 0.96698
931 0.96791
932 0.96786
933 0.96782
934 0.96777
935 0.96772
936 0.96767
937 0.96762
938 0.96896
939 0.96891
940 0.96886
941 0.96882
942 0.96877
943 0.96872
944 0.96868
945 0.96863
946 0.96858
947 0.96854
948 0.96849
949 0.96844
950 0.97050
951 0.97045
952 0.97041
953 0.97037
954 0.97032
955 0.97028
956 0.97023
957 0.97019
958 0.97015
959 0.97010
960 0.97006
961 0.97001
962 0.96997
963 0.96993
964 0.96988
965 0.96984
966 0.96979
967 0.96975
968 0.96971
969 0.96966
970 0.96962
971 0.96957
972 0.96953
973 0.97306
974 0.97302
975 0.97298
976 0.97294
977 0.97290
978 0.97286
979 0.97282
980 0.97278
981 0.97274
982 0.97270
983 0.97267
984 0.97263
985 0.97259
986 0.97255
987 0.97251
988 0.97247
989 0.97243
990 0.97239
991 0.97235
992 0.97231
993 0.97227
994 0.97223
995 0.97219
996 0.97215
997 0.97212
998 0.97208
999 0.97204
1000 0.97200
1001 0.97196
1002 0.97192
1003 0.97188
1004 0.97184
1005 0.97180
1006 0.97176
1007 0.97172
1008 0.97168
1009 0.97164
1010 0.97160
1011 0.97156
1012 0.97152
1013 0.97148
1014 0.97144
1015 0.97140
1016 0.97136
1017 0.97132
1018 0.97128
1019 0.97124
1020 0.97120
1021 0.97116
1022 0.97112
1023 0.97108
1024 0.97104
1025 0.97100
1026 0.97847
1027 0.97844
1028 0.97841
1029 0.97838
1030 0.97835
1031 0.97833
1032 0.97830
1033 0.97827
1034 0.97824
1035 0.97821
1036 0.97818
1037 0.97815
1038 0.97812
1039 0.97809
1040 0.97806
1041 0.97803
1042 0.97800
1043 0.97797
1044 0.97794
1045 0.97791
1046 0.97788
1047 0.97785
1048 0.97782
1049 0.97779
1050 0.97776
1051 0.97773
1052 0.97770
1053 0.97767
1054 0.97764
1055 0.97761
1056 0.97758
1057 0.97755
1058 0.97752
1059 0.97749
1060 0.97746
1061 0.97743
1062 0.97740
1063 0.97737
1064 0.97734
1065 0.97731
1066 0.97728
1067 0.97725
1068 0.97722
1069 0.97719
1070 0.97716
1071 0.97713
1072 0.97710
1073 0.97707
1074 0.97704
1075 0.97701
1076 0.97698
1077 0.97695
1078 0.97691
1079 0.97688
1080 0.97685
1081 0.97682
1082 0.97679
1083 0.97676
1084 0.97673
1085 0.97670
1086 0.97667
1087 0.97664
1088 0.97661
1089 0.97658
1090 0.97655
1091 0.97652
1092 0.97649
1093 0.97646
1094 0.97643
1095 0.97640
1096 0.97637
1097 0.97634
1098 0.97631
1099 0.97628
1100 0.97625
1101 0.97622
1102 0.97619
1103 0.97615
1104 0.97612
1105 0.97609
1106 0.97606
1107 0.97603
1108 0.97600
1109 0.97597
1110 0.97594
1111 0.97591
1112 0.97588
1113 0.97585
1114 0.97582
1115 0.97579
1116 0.97576
1117 0.97573
1118 0.97570
1119 0.97566
1120 0.97563
1121 0.97560
1122 0.97557
1123 0.97554
1124 0.97551
1125 0.97548
1126 0.97545
1127 0.97542
1128 0.97539
1129 0.97536
1130 0.97533
1131 0.97530
1132 0.97526
1133 0.97523
1134 0.97520
1135 0.97517
1136 0.97514
1137 0.97511
1138 0.97508
1139 0.97505
1140 0.97502
1141 0.97499
1142 0.97496
1143 0.97492
1144 0.97489
1145 0.97486
1146 0.97483
1147 0.97480
1148 0.97477
1149 0.97474
1150 0.97471
1151 0.97468
1152 0.97465
1153 0.97461
1154 0.97458
1155 0.97455
1156 0.97452
1157 0.97449
1158 0.97446
1159 0.97443
1160 0.97440
1161 0.97437
1162 0.97433
1163 0.97430
1164 0.97427
1165 0.97424
1166 0.97421
1167 0.97418
1168 0.97415
1169 0.97412
1170 0.97408
1171 0.97405
1172 0.97402
1173 0.97399
1174 0.97396
1175 0.97393
1176 0.97390
1177 0.97387
1178 0.97383
1179 0.97380
1180 0.97377
1181 0.97374
1182 0.97371
1183 0.97368
1184 0.97365
1185 0.97361
1186 0.97358
1187 0.97355
1188 0.97352
1189 0.97349
1190 0.97346
1191 0.97343
1192 0.97339
1193 0.97336
1194 0.97333
1195 0.97330
1196 0.97327
1197 0.97324
1198 0.97320
1199 0.97317
1200 0.97314
1201 0.97311
1202 0.97308
1203 0.97305
1204 0.97302
1205 0.97298
1206 0.97295
1207 0.97292
1208 0.97289
1209 0.97286
1210 0.97283
1211 0.97279
1212 0.97276
1213 0.97273
1214 0.97270
1215 0.97267
1216 1.00000
