17 0.99889
18 0.99879
19 0.99869
20 0.99859
21 0.99848
22 0.99838
23 0.99827
24 0.99815
25 0.99804
26 0.99792
27 0.99780
28 0.99768
29 0.99756
30 0.99743
31 0.99731
32 0.99718
33 0.99705
34 0.99692
35 0.99678
36 0.99665
37 0.99651
38 0.99637
39 0.99623
40 0.99609
41 0.99594
42 0.99580
43 0.99565
44 0.99550
45 0.99536
46 0.99520
47 0.99505
48 0.99490
49 0.99474
50 0.99459
51 0.99443
52 0.99427
53 0.99411
54 0.99395
55 0.99379
56 0.99363
57 0.99346
58 0.99330
59 0.99313
60 0.99296
61 0.99279
62 0.99262
63 0.99245
64 0.99228
65 0.99211
66 0.99193
67 0.99176
68 0.99158
69 0.99141
70 0.99123
71 0.99105
72 0.99087
73 0.99069
74 0.99051
75 0.99033
76 0.99015
77 0.98996
78 0.98978
79 0.98959
80 0.98941
81 0.98922
82 0.98903
83 0.98884
84 0.98865
85 0.98846
86 0.98827
87 0.98808
88 0.98789
89 0.98770
90 0.98751
91 0.98731
92 0.98712
93 0.98692
94 0.98673
95 0.98653
96 0.98633
97 0.98614
98 0.98594
99 0.98574
100 0.98554
101 0.98534
102 0.98514
103 0.98494
104 0.98474
105 0.98454
106 0.98434
107 0.98413
108 0.98393
109 0.98373
110 0.98352
111 0.98332
112 0.98311
113 0.98291
114 0.98270
115 0.98250
116 0.98229
117 0.98208
118 0.98188
119 0.98167
120 0.98146
121 0.98125
122 0.98104
123 0.98084
124 0.98063
125 0.98042
126 0.98021
127 0.98000
128 0.97979
129 0.97957
130 0.97936
131 0.97915
132 0.97894
133 0.97873
134 0.97852
135 0.97830
136 0.97809
137 0.97788
138 0.97766
139 0.97745
140 0.97724
141 0.97702
142 0.97681
143 0.97659
144 0.97638
145 0.97616
146 0.97595
147 0.97573
148 0.97552
149 0.97530
150 0.97509
151 0.97487
152 0.97466
153 0.97444
154 0.97422
155 0.97401
156 0.97379
157 0.97358
158 0.97336
159 0.97314
160 0.97293
161 0.97271
162 0.97249
163 0.97227
164 0.97206
165 0.97184
166 0.97162
167 0.97141
168 0.97119
169 0.97097
170 0.97075
171 0.97054
172 0.97032
173 0.97010
174 0.96988
175 0.96967
176 0.96945
177 0.96923
178 0.96901
179 0.96880
180 0.96858
181 0.96836
182 0.96814
183 0.96793
184 0.96771
185 0.96749
186 0.96727
187 0.96706
188 0.96684
189 0.96662
190 0.96640
191 0.96619
192 0.96597
193 0.96575
194 0.96554
195 0.96532
196 0.96510
197 0.96489
198 0.96467
199 0.96445
200 0.96424
201 0.96402
202 0.96381
203 0.96359
204 0.96337
205 0.96316
206 0.96294
207 0.96273
208 0.96251
209 0.96230
210 0.96208
211 0.96187
212 0.96165
213 0.96144
214 0.96122
215 0.96101
216 0.96080
217 0.96058
218 0.96037
219 0.96015
220 0.95994
221 0.95973
222 0.95951
223 0.95930
224 0.95909
225 0.95888
226 0.95867
227 0.95845
228 0.95824
229 0.95803
230 0.95782
231 0.95761
232 0.95740
233 0.95719
234 0.95698
235 0.95677
236 0.95656
237 0.95635
238 0.95614
239 0.95593
240 0.95572
241 0.95551
242 0.95530
243 0.95509
244 0.95489
245 0.95468
246 0.95447
247 0.95427
248 0.95406
249 0.95385
250 0.95365
251 0.95344
252 0.95324
253 0.95303
254 0.95283
255 0.95262
256 0.95242
257 0.95221
258 0.95201
259 0.95181
260 0.95160
261 0.95140
262 0.95120
263 0.95100
264 0.95079
265 0.95059
266 0.95039
267 0.95019
268 0.94999
269 0.94979
270 0.94959
271 0.94939
272 0.94919
273 0.94900
274 0.94880
275 0.94860
276 0.94840
277 0.94821
278 0.94801
279 0.94781
280 0.94762
281 0.94742
282 0.94723
283 0.94703
284 0.94684
285 0.94664
286 0.94645
287 0.94626
288 0.94606
289 0.94587
290 0.94568
291 0.94549
292 0.94530
293 0.94511
294 0.94492
295 0.94473
296 0.94454
297 0.94435
298 0.94416
299 0.94397
300 0.94378
301 0.94360
302 0.94341
303 0.94322
304 0.94304
305 0.94285
306 0.94267
307 0.94248
308 0.94230
309 0.94211
310 0.94193
311 0.94175
312 0.94156
313 0.94138
314 0.94120
315 0.94102
316 0.94084
317 0.94066
318 0.94048
319 0.94030
320 0.94012
321 0.93994
322 0.93977
323 0.93959
324 0.93941
325 0.93924
326 0.93906
327 0.93889
328 0.93871
329 0.93854
330 0.93836
331 0.93819
332 0.93802
333 0.93784
334 0.93767
335 0.93750
336 0.93733
337 0.93716
338 0.93699
339 0.93682
340 0.93665
341 0.93649
342 0.93632
343 0.93615
344 0.93598
345 0.93582
346 0.93565
347 0.93549
348 0.93532
349 0.93516
350 0.93500
351 0.93483
352 0.93467
353 0.93451
354 0.93435
355 0.93419
356 0.93403
357 0.93387
358 0.93371
359 0.93355
360 0.93339
361 0.93324
362 0.93308
363 0.93292
364 0.93277
365 0.93261
366 0.93246
367 0.93231
368 0.93215
369 0.93200
370 0.93185
371 0.93170
372 0.93154
373 0.93139
374 0.93124
375 0.93110
376 0.93095
377 0.93080
378 0.93065
379 0.93050
380 0.93036
381 0.93021
382 0.93007
383 0.92992
384 0.92978
385 0.92964
386 0.92949
387 0.92935
388 0.92921
389 0.92907
390 0.92893
391 0.92879
392 0.92865
393 0.92851
394 0.92837
395 0.92824
396 0.92810
397 0.92797
398 0.92783
399 0.92770
400 0.92756
401 0.92743
402 0.92730
403 0.92716
404 0.92703
405 0.92690
406 0.92677
407 0.92664
408 0.92651
409 0.92638
410 0.92626
411 0.92613
412 0.92600
413 0.92588
414 0.92575
415 0.92563
416 0.92550
417 0.92538
418 0.92526
419 0.92514
420 0.92502
421 0.92490
422 0.92478
423 0.92466
424 0.92454
425 0.92442
426 0.92430
427 0.92419
428 0.92407
429 0.92396
430 0.92384
431 0.92373
432 0.92361
433 0.92350
434 0.92339
435 0.92328
436 0.92317
437 0.92306
438 0.92295
439 0.92284
440 0.92273
441 0.92263
442 0.92252
443 0.92241
444 0.92231
445 0.92221
446 0.92210
447 0.92200
448 0.92190
449 0.92180
450 0.92169
451 0.92159
452 0.92150
453 0.92140
454 0.92130
455 0.92120
456 0.92110
457 0.92101
458 0.92091
459 0.92082
460 0.92073
461 0.92063
462 0.92054
463 0.92045
464 0.92036
465 0.92027
466 0.92018
467 0.92009
468 0.92000
469 0.91992
470 0.91983
471 0.91974
472 0.91966
473 0.91957
474 0.91949
475 0.91941
476 0.91933
477 0.91924
478 0.91916
479 0.91908
480 0.91900
481 0.91893
482 0.91885
483 0.91877
484 0.91870
485 0.91862
486 0.91855
487 0.91847
488 0.91840
489 0.91833
490 0.91825
491 0.91818
492 0.91811
493 0.91804
494 0.91797
495 0.91791
496 0.91784
497 0.91777
498 0.91771
499 0.91764
500 0.91758
501 0.91752
502 0.91745
503 0.91739
504 0.91733
505 0.91727
506 0.91721
507 0.91715
508 0.91709
509 0.91704
510 0.91698
511 0.91692
512 0.91687
513 0.91682
514 0.91676
515 0.91671
516 0.91666
517 0.91661
518 0.91656
519 0.91651
520 0.91646
521 0.91641
522 0.91636
523 0.91632
524 0.91627
525 0.91623
526 0.91618
527 0.91614
528 0.91610
529 0.91606
530 0.91602
531 0.91598
532 0.91594
533 0.91590
534 0.91586
535 0.91583
536 0.91579
537 0.91576
538 0.91572
539 0.91569
540 0.91566
541 0.91562
542 0.91559
543 0.91556
544 0.91553
545 0.91551
546 0.91548
547 0.91545
548 0.91542
549 0.91540
550 0.91538
551 0.91535
552 0.91533
553 0.91531
554 0.91529
555 0.91527
556 0.91525
557 0.91523
558 0.91521
559 0.91519
560 0.91518
561 0.91516
562 0.91515
563 0.91513
564 0.91512
565 0.91511
566 0.91510
567 0.91509
568 0.91508
569 0.91507
570 0.91506
571 0.91506
572 0.91505
573 0.91504
574 0.91504
575 0.91504
576 0.91503
577 0.91503
578 0.91503
579 0.91503
580 0.91503
581 0.91503
582 0.91504
583 0.91504
584 0.91504
585 0.91505
586 0.91506
587 0.91506
588 0.91507
589 0.91508
590 0.91509
591 0.91510
592 0.91511
593 0.91512
594 0.91514
595 0.91515
596 0.91516
597 0.91518
598 0.91520
599 0.91521
600 0.91523
601 0.91525
602 0.91527
603 0.91529
604 0.91531
605 0.91534
606 0.91536
607 0.91538
608 0.91541
609 0.91544
610 0.91546
611 0.91549
612 0.91552
613 0.91555
614 0.91558
615 0.91561
616 0.91565
617 0.91568
618 0.91571
619 0.91575
620 0.91578
621 0.91582
622 0.91586
623 0.91590
624 0.91594
625 0.91598
626 0.91602
627 0.91606
628 0.91611
629 0.91615
630 0.91620
631 0.91624
632 0.91629
633 0.91634
634 0.91639
635 0.91644
636 0.91649
637 0.91654
638 0.91659
639 0.91664
640 0.91670
641 0.91675
642 0.91681
643 0.91687
644 0.91693
645 0.91699
646 0.91705
647 0.91711
648 0.91717
649 0.91723
650 0.91730
651 0.91736
652 0.91743
653 0.91749
654 0.91756
655 0.91763
656 0.91770
657 0.91777
658 0.91784
659 0.91791
660 0.91799
661 0.91806
662 0.91814
663 0.91821
664 0.91829
665 0.91837
666 0.91845
667 0.91853
668 0.91861
669 0.91869
670 0.91877
671 0.91886
672 0.91894
673 0.91903
674 0.91912
675 0.91920
676 0.91929
677 0.91938
678 0.91947
679 0.91956
680 0.91966
681 0.91975
682 0.91985
683 0.91994
684 0.92004
685 0.92014
686 0.92023
687 0.92033
688 0.92044
689 0.92054
690 0.92064
691 0.92074
692 0.92085
693 0.92095
694 0.92106
695 0.92117
696 0.92128
697 0.92139
698 0.92150
699 0.92161
700 0.92172
701 0.92183
702 0.92195
703 0.92206
704 0.92218
705 0.92230
706 0.92242
707 0.92254
708 0.92266
709 0.92278
710 0.92290
711 0.92303
712 0.92315
713 0.92328
714 0.92341
715 0.92353
716 0.92366
717 0.92379
718 0.92392
719 0.92406
720 0.92419
721 0.92432
722 0.92446
723 0.92459
724 0.92473
725 0.92487
726 0.92501
727 0.92515
728 0.92529
729 0.92543
730 0.92558
731 0.92572
732 0.92587
733 0.92601
734 0.92616
735 0.92631
736 0.92646
737 0.92661
738 0.92676
739 0.92692
740 0.92707
741 0.92723
742 0.92738
743 0.92754
744 0.92770
745 0.92786
746 0.92802
747 0.92818
748 0.92834
749 0.92851
750 0.92867
751 0.92884
752 0.92901
753 0.92917
754 0.92934
755 0.92951
756 0.92968
757 0.92986
758 0.93003
759 0.93021
760 0.93038
761 0.93056
762 0.93074
763 0.93092
764 0.93110
765 0.93128
766 0.93146
767 0.93164
768 0.93183
769 0.93201
770 0.93220
771 0.93239
772 0.93258
773 0.93277
774 0.93296
775 0.93315
776 0.93335
777 0.93354
778 0.93374
779 0.93393
780 0.93413
781 0.93433
782 0.93453
783 0.93473
784 0.93494
785 0.93514
786 0.93534
787 0.93555
788 0.93576
789 0.93597
790 0.93618
791 0.93639
792 0.93660
793 0.93681
794 0.93703
795 0.93724
796 0.93746
797 0.93768
798 0.93789
799 0.93811
800 0.93834
801 0.93856
802 0.93878
803 0.93901
804 0.93923
805 0.93946
806 0.93969
807 0.93992
808 0.94015
809 0.94038
810 0.94061
811 0.94085
812 0.94108
813 0.94132
814 0.94156
815 0.94180
816 0.94204
817 0.94228
818 0.94252
819 0.94276
820 0.94301
821 0.94325
822 0.94350
823 0.94375
824 0.94400
825 0.94425
826 0.94450
827 0.94476
828 0.94501
829 0.94527
830 0.94552
831 0.94578
832 0.94604
833 0.94630
834 0.94656
835 0.94683
836 0.94709
837 0.94736
838 0.94763
839 0.94789
840 0.94816
841 0.94843
842 0.94871
843 0.94898
844 0.94925
845 0.94953
846 0.94981
847 0.95008
848 0.95036
849 0.95064
850 0.95093
851 0.95121
852 0.95149
853 0.95178
854 0.95207
855 0.95236
856 0.95264
857 0.95294
858 0.95323
859 0.95352
860 0.95382
861 0.95411
862 0.95441
863 0.95471
864 0.95501
865 0.95531
866 0.95561
867 0.95592
868 0.95622
869 0.95653
870 0.95684
871 0.95714
872 0.95745
873 0.95777
874 0.95808
875 0.95839
876 0.95871
877 0.95903
878 0.95935
879 0.95966
880 0.95999
881 0.96031
882 0.96063
883 0.96096
884 0.96128
885 0.96161
886 0.96194
887 0.96227
888 0.96260
889 0.96294
890 0.96327
891 0.96361
892 0.96394
893 0.96428
894 0.96462
895 0.96496
896 0.96531
897 0.96565
898 0.96599
899 0.96634
900 0.96669
901 0.96704
902 0.96739
903 0.96774
904 0.96810
905 0.96845
906 0.96881
907 0.96917
908 0.96952
909 0.96989
910 0.97025
911 0.97061
912 0.97089
913 0.97275
914 0.97397
915 0.97481
916 0.97530
917 0.97555
918 0.97583
919 0.97614
920 0.97650
921 0.97691
922 0.97688
923 0.97684
924 0.97733
925 0.97730
926 0.97726
927 0.97786
928 0.97783
929 0.97779
930 0.97776
931 0.97853
932 0.97850
933 0.97846
934 0.97843
935 0.97840
936 0.97836
937 0.97833
938 0.97936
939 0.97933
940 0.97930
941 0.97927
942 0.97924
943 0.97921
944 0.97917
945 0.97914
946 0.97911
947 0.97908
948 0.97905
949 0.97902
950 0.98052
951 0.98049
952 0.98046
953 0.98043
954 0.98040
955 0.98037
956 0.98034
957 0.98031
958 0.98029
959 0.98026
960 0.98023
961 0.98020
962 0.98017
963 0.98014
964 0.98011
965 0.98008
966 0.98005
967 0.98002
968 0.97999
969 0.97996
970 0.97993
971 0.97990
972 0.97987
973 0.98234
974 0.98231
975 0.98228
976 0.98226
977 0.98223
978 0.98221
979 0.98218
980 0.98215
981 0.98213
982 0.98210
983 0.98208
984 0.98205
985 0.98202
986 0.98200
987 0.98197
988 0.98195
989 0.98192
990 0.98189
991 0.98187
992 0.98184
993 0.98182
994 0.98179
995 0.98176
996 0.98174
997 0.98171
998 0.98168
999 0.98166
1000 0.98163
1001 0.98161
1002 0.98158
1003 0.98155
1004 0.98153
1005 0.98150
1006 0.98148
1007 0.98145
1008 0.98142
1009 0.98140
1010 0.98137
1011 0.98134
1012 0.98132
1013 0.98129
1014 0.98126
1015 0.98124
1016 0.98121
1017 0.98119
1018 0.98116
1019 0.98113
1020 0.98111
1021 0.98108
1022 0.98105
1023 0.98103
1024 0.98100
1025 0.98097
1026 0.98599
1027 0.98597
1028 0.98595
1029 0.98594
1030 0.98592
1031 0.98590
1032 0.98588
1033 0.98586
1034 0.98584
1035 0.98582
1036 0.98580
1037 0.98578
1038 0.98576
1039 0.98574
1040 0.98572
1041 0.98570
1042 0.98568
1043 0.98566
1044 0.98564
1045 0.98562
1046 0.98560
1047 0.98558
1048 0.98556
1049 0.98554
1050 0.98552
1051 0.98550
1052 0.98549
1053 0.98547
1054 0.98545
1055 0.98543
1056 0.98541
1057 0.98539
1058 0.98537
1059 0.98535
1060 0.98533
1061 0.98531
1062 0.98529
1063 0.98527
1064 0.98525
1065 0.98523
1066 0.98521
1067 0.98519
1068 0.98517
1069 0.98515
1070 0.98513
1071 0.98511
1072 0.98509
1073 0.98507
1074 0.98505
1075 0.98503
1076 0.98501
1077 0.98499
1078 0.98497
1079 0.98495
1080 0.98493
1081 0.98491
1082 0.98489
1083 0.98487
1084 0.98485
1085 0.98483
1086 0.98481
1087 0.98479
1088 0.98477
1089 0.98475
1090 0.98473
1091 0.98471
1092 0.98469
1093 0.98467
1094 0.98465
1095 0.98463
1096 0.98461
1097 0.98459
1098 0.98457
1099 0.98455
1100 0.98453
1101 0.98451
1102 0.98449
1103 0.98447
1104 0.98445
1105 0.98443
1106 0.98441
1107 0.98439
1108 0.98437
1109 0.98435
1110 0.98433
1111 0.98431
1112 0.98429
1113 0.98427
1114 0.98425
1115 0.98423
1116 0.98421
1117 0.98419
1118 0.98417
1119 0.98415
1120 0.98413
1121 0.98411
1122 0.98409
1123 0.98407
1124 0.98405
1125 0.98403
1126 0.98401
1127 0.98399
1128 0.98397
1129 0.98395
1130 0.98393
1131 0.98391
1132 0.98389
1133 0.98387
1134 0.98385
1135 0.98383
1136 0.98381
1137 0.98379
1138 0.98377
1139 0.98375
1140 0.98372
1141 0.98370
1142 0.98368
1143 0.98366
1144 0.98364
1145 0.98362
1146 0.98360
1147 0.98358
1148 0.98356
1149 0.98354
1150 0.98352
1151 0.98350
1152 0.98348
1153 0.98346
1154 0.98344
1155 0.98342
1156 0.98340
1157 0.98338
1158 0.98336
1159 0.98334
1160 0.98332
1161 0.98330
1162 0.98328
1163 0.98326
1164 0.98323
1165 0.98321
1166 0.98319
1167 0.98317
1168 0.98315
1169 0.98313
1170 0.98311
1171 0.98309
1172 0.98307
1173 0.98305
1174 0.98303
1175 0.98301
1176 0.98299
1177 0.98297
1178 0.98295
1179 0.98293
1180 0.98291
1181 0.98289
1182 0.98286
1183 0.98284
1184 0.98282
1185 0.98280
1186 0.98278
1187 0.98276
1188 0.98274
1189 0.98272
1190 0.98270
1191 0.98268
1192 0.98266
1193 0.98264
1194 0.98262
1195 0.98260
1196 0.98257
1197 0.98255
1198 0.98253
1199 0.98251
1200 0.98249
1201 0.98247
1202 0.98245
1203 0.98243
1204 0.98241
1205 0.98239
1206 0.98237
1207 0.98235
1208 0.98233
1209 0.98230
1210 0.98228
1211 0.98226
1212 0.98224
1213 0.98222
1214 0.98220
1215 0.98218
1216 1.00000
